ply
format ascii 1.0
comment Created by Open3D
element vertex 1000
property double x
property double y
property double z
property double nx
property double ny
property double nz
end_header
0.18414 -0.030437 0.305225 -0.0178336 0.177216 0.98401
0.438132 0.14083 -0.313829 0.0178337 -0.177216 -0.98401
-0.0274766 0.228345 -0.283059 0.0858906 -0.205162 0.974952
0.275192 -0.0187127 0.304764 -0.0178336 0.177216 0.98401
0.468486 -0.0839492 0.22787 0.263421 -0.948563 0.175607
-0.053152 0.277386 -0.283319 -0.173656 0.545424 -0.819973
0.483161 0.0164481 -0.290612 0.0178337 -0.177216 -0.98401
0.399559 -0.0383679 -0.282255 0.0178337 -0.177216 -0.98401
0.00715846 -0.140342 0.263859 -0.144835 0.431466 -0.890427
0.139744 0.381856 0.204073 -0.198877 0.796046 0.571628
0.455385 0.259685 0.257891 -0.0178337 0.177216 0.98401
-0.232451 0.232963 0.120251 -0.964516 -0.26234 0.0297661
0.388564 -0.105036 0.233857 0.263421 -0.948563 0.175607
-0.232005 0.218001 0.00284292 -0.964516 -0.26234 0.0297661
0.08072 0.236525 0.255272 -0.0178337 0.177216 0.98401
0.539356 -0.104865 -0.245001 0.964518 0.262335 -0.02976
-0.150227 -0.0652376 0.156408 -0.964516 -0.262341 0.0297655
0.124968 0.136474 0.274093 -0.0178337 0.177216 0.98401
-0.141512 0.176273 -0.330717 0.0178338 -0.177217 -0.98401
0.445542 0.00719939 0.246518 0.152575 -0.645835 -0.748076
0.502679 -0.151057 -0.186558 0.264019 -0.959029 0.102747
0.153102 -0.0352042 0.305521 -0.0178336 0.177216 0.98401
0.219756 0.299359 -0.3265 -0.173656 0.545424 -0.819973
0.509945 0.0527236 0.190874 0.964516 0.262341 -0.0297662
-0.0164302 0.356104 0.0104628 -0.263421 0.948563 -0.175607
0.453604 -0.181108 0.0372052 -0.964516 -0.26234 0.029766
0.362296 0.271474 -0.338731 0.0178337 -0.177216 -0.98401
0.0258749 -0.0968668 0.31432 -0.0178336 0.177216 0.98401
0.150711 -0.18716 0.147046 0.263421 -0.948563 0.175607
0.0832993 0.272554 -0.315431 -0.173656 0.545424 -0.819973
0.436272 -0.234186 -0.0607864 -0.263421 0.948563 -0.175607
0.450438 -0.229383 0.0229982 0.263421 -0.948563 0.175607
-0.193332 0.0121575 0.141691 -0.964516 -0.26234 0.029766
0.499964 0.0540927 -0.120456 0.964516 0.262341 -0.0297662
0.391505 -0.130399 -0.249158 0.198877 -0.796046 -0.571628
0.145959 0.0482948 0.290354 -0.0178336 0.177216 0.98401
-0.206056 0.138822 0.145826 -0.964516 -0.262341 0.0297661
-0.193365 0.100751 0.221523 -0.964516 -0.262341 0.0297662
0.298938 0.414666 0.150445 0.263784 -0.952685 0.151029
0.443419 -0.115007 -0.266605 0.0626082 -0.336783 -0.939498
-0.243719 0.251917 -0.0778049 -0.964516 -0.262341 0.0297662
0.0333212 0.249722 -0.320034 -0.173656 0.545424 -0.819973
0.108187 0.340898 0.183998 0.00468011 -0.129711 -0.991541
-0.11789 -0.216736 -0.130993 -0.964515 -0.262343 0.0297672
-0.216416 0.260431 -0.206338 -0.263421 0.948563 -0.175607
0.0234848 -0.0707542 -0.283238 0.0178337 -0.177216 -0.98401
-0.362031 -0.0221895 0.025322 -0.173271 0.714013 0.678353
0.324105 -0.12468 0.224439 0.263421 -0.948563 0.175607
-0.17928 0.284017 -0.134639 -0.263421 0.948563 -0.175607
-0.0468518 0.10223 -0.315666 0.0178337 -0.177216 -0.98401
-0.162628 -0.0784877 0.126355 0.166099 -0.515278 0.840773
-0.145445 -0.119577 -0.16756 -0.964516 -0.262341 0.0297715
-0.0593246 0.314805 0.22819 -0.198877 0.796046 0.571628
-0.0597431 0.216304 -0.322553 -0.173656 0.545424 -0.819973
-0.152091 0.340923 0.194799 -0.232092 0.896205 0.378086
0.412663 -0.0893551 -0.272835 0.0178337 -0.177216 -0.98401
0.4884 0.0987492 -0.101617 0.964516 0.262341 -0.0297662
0.513182 0.00905576 -0.0891041 0.964516 0.262341 -0.0297662
0.243464 0.318763 -0.256999 0.224292 -0.873625 -0.431824
-0.110583 0.259105 0.151106 -0.182986 0.745484 0.640914
-0.0657373 0.0494971 0.2863 -0.0178338 0.177216 0.98401
0.548333 -0.195131 -0.0497682 0.964516 0.26234 -0.0297661
0.128259 -0.0824259 0.217773 0.166098 -0.515273 0.840776
0.16813 0.287198 0.24773 -0.0178337 0.177216 0.98401
-0.243547 0.289395 -0.00918645 -0.263421 0.948563 -0.175607
-0.17277 0.260621 0.144273 0.0216289 0.0338515 0.999193
-0.159933 -0.0745831 -0.240462 -0.964516 -0.262341 0.0297661
0.142603 0.0822544 -0.308635 0.0178337 -0.177216 -0.98401
-0.172756 -0.0236783 -0.207318 -0.964516 -0.262341 0.0297661
0.188868 -0.104355 0.24042 -0.263784 0.952686 -0.151019
0.543753 -0.103686 0.00835371 0.263421 -0.948563 0.175607
0.392578 -0.106659 -0.21715 -0.014554 0.165398 0.98612
-0.25236 0.299133 0.0583178 -0.964516 -0.262341 0.0297662
0.183904 0.373073 -0.19839 -0.263421 0.948563 -0.175607
-0.237108 0.200719 -0.314837 -0.964516 -0.262341 0.0297657
0.0919384 0.0372442 -0.301447 0.0178337 -0.177216 -0.98401
-0.106628 0.311532 0.223767 0.964516 0.262343 -0.0297647
0.53967 -0.0644853 0.121067 0.964516 0.26234 -0.0297661
-0.00643021 -0.197326 0.287015 0.233596 -0.795373 0.559299
-0.242903 0.235862 -0.192885 -0.964516 -0.262341 0.0297662
0.0482299 -0.248009 -0.0279112 0.263421 -0.948563 0.175607
-0.0390703 0.0983296 0.277989 -0.0178337 0.177216 0.98401
-0.146575 0.292417 0.159796 0.259159 -0.919164 0.296606
0.149867 0.380846 -0.105344 -0.263421 0.948563 -0.175607
0.0603545 0.309685 0.241727 -0.0178337 0.177216 0.98401
0.505118 0.0816143 0.289096 0.964516 0.262341 -0.0297662
0.165803 0.42589 0.151818 -0.198877 0.796046 0.571628
-0.321088 -0.0540748 -0.0298351 0.0946863 -0.448938 -0.888532
0.321528 0.321359 -0.346465 -0.0403135 0.0349129 -0.998577
0.105171 -0.23244 -0.0292296 0.263421 -0.948563 0.175607
-0.218816 0.327991 0.172154 -0.260928 0.964343 0.0442558
-0.126628 -0.17783 -0.071236 -0.964517 -0.262338 0.0297648
-0.159155 -0.0234363 0.235518 -0.964516 -0.262341 0.0297662
0.10543 -0.194216 0.176856 0.263421 -0.948563 0.175607
-0.115759 -0.177786 0.281369 -0.964517 -0.262338 0.0297675
-0.23125 0.136217 0.00641822 -0.964516 -0.262341 0.0297669
0.337291 0.476244 0.173263 -0.243312 0.926957 0.28557
0.00672975 -0.234349 0.10813 0.263421 -0.948563 0.175607
0.407099 0.328562 -0.251399 -0.155664 0.473977 -0.866669
0.529635 -0.06812 -0.236146 0.964516 0.262341 -0.0297661
0.23314 0.371182 -0.28156 -0.173656 0.545424 -0.819973
-0.0887478 0.303534 0.233648 -0.198877 0.796046 0.571628
-0.213725 0.172463 0.193824 -0.964516 -0.262341 0.0297662
0.280569 0.0163408 0.298548 -0.0178336 0.177216 0.98401
0.156768 -0.243071 -0.16405 0.263421 -0.948563 0.175606
0.458008 -0.225339 -0.0456049 -0.263421 0.948563 -0.175607
-0.0396162 -0.280293 -0.0705237 0.263421 -0.948563 0.175607
-0.165167 -0.10545 0.0178103 -0.964516 -0.26234 0.0297666
0.099419 0.33724 0.135901 0.0477208 -0.0623358 0.996914
0.344146 -0.0483121 -0.281468 0.0178337 -0.177216 -0.98401
0.444046 -0.25474 -0.104382 0.263421 -0.948563 0.175607
0.0384278 0.345364 -0.129844 -0.263421 0.948563 -0.175607
-0.0691643 0.16608 -0.32757 0.0178337 -0.177216 -0.98401
0.369176 0.487888 0.154712 -0.260928 0.964343 0.0442558
0.361674 -0.120517 0.190569 0.263421 -0.948563 0.175607
0.124048 -0.228265 -0.0349921 0.263421 -0.948563 0.175607
-0.0738995 -0.246225 0.164929 0.263421 -0.948563 0.175607
0.486761 0.117121 0.00720935 0.964516 0.262341 -0.0297662
0.538373 -0.0760049 -0.0224986 0.96451 0.262362 -0.0297749
-0.114768 0.056722 0.284111 -0.0178337 0.177216 0.98401
-0.231771 0.206893 -0.0874744 -0.964516 -0.26234 0.0297661
0.330688 0.130947 0.278816 -0.0178336 0.177216 0.98401
-0.107721 -0.214776 0.215815 -0.964516 -0.262341 0.029766
0.384081 -0.131979 0.0950416 0.263421 -0.948563 0.175607
0.177164 0.206547 -0.330394 0.0178337 -0.177216 -0.98401
0.478687 0.122214 -0.209536 0.964516 0.262341 -0.0297662
-0.137062 -0.153277 -0.192931 -0.964516 -0.262341 0.0297661
0.430112 0.103372 -0.307228 0.0178337 -0.177216 -0.98401
-0.24604 0.278347 -0.065125 -0.263421 0.948563 -0.175607
0.390151 0.415376 0.228669 -0.0178336 0.177216 0.98401
-0.219346 0.18186 -0.275153 0.144835 -0.431467 0.890426
0.162424 -0.0836346 0.305215 0.173656 -0.545424 0.819973
-0.134647 -0.129513 0.0947608 -0.964516 -0.262341 0.0297661
0.217002 -0.051703 0.220861 0.226275 -0.763252 0.605183
0.0752106 -0.183144 -0.207153 0.0858867 -0.205147 0.974955
0.2697 0.349941 -0.308325 -0.964517 -0.262339 0.0297624
0.50049 0.0657026 -0.00111904 0.964516 0.262341 -0.0297662
-0.0029846 0.34895 -0.0483503 -0.263421 0.948563 -0.175607
0.521702 -0.035642 -0.206969 0.964516 0.262339 -0.0297748
-0.249596 0.273047 -0.0820188 -0.964516 -0.262341 0.0297662
0.437406 -0.241182 -0.083902 -0.964516 -0.262341 0.0297664
-0.0409315 -0.211692 -0.259023 0.0178337 -0.177216 -0.98401
0.498031 0.0827052 0.0690685 0.964516 0.262341 -0.0297662
-0.0753819 0.329967 -0.0422887 -0.263421 0.948563 -0.175607
0.0682959 0.0294465 -0.300472 0.0178337 -0.177216 -0.98401
0.247814 -0.159675 0.149847 0.263421 -0.948563 0.175607
0.280722 0.0590001 -0.301944 0.0178337 -0.177216 -0.98401
0.0903574 0.0424694 -0.302417 0.0178337 -0.177216 -0.98401
0.494964 -0.221149 0.000685675 0.263421 -0.948563 0.175607
-0.0414247 0.0912711 0.279218 -0.0178337 0.177216 0.98401
-0.166517 0.314264 0.226284 -0.145356 0.621738 0.769619
-0.193255 0.00723494 0.100804 -0.964516 -0.26234 0.029766
0.0722023 0.079046 0.283479 -0.0178337 0.177216 0.98401
0.407538 0.276913 -0.338891 0.0178337 -0.177216 -0.98401
0.474499 0.17335 0.105458 0.964516 0.262341 -0.0297662
-0.0708286 0.289852 0.242921 -0.0178337 0.177216 0.98401
-0.0447599 -0.263744 -0.243946 0.111443 -0.506726 -0.854874
0.459618 0.189417 -0.235131 0.964516 0.262338 -0.0297763
0.305812 0.233655 -0.332944 0.0178337 -0.177216 -0.98401
-0.189607 0.043925 -0.157531 -0.964516 -0.262341 0.0297658
0.373938 0.183581 -0.322691 0.0178337 -0.177216 -0.98401
-0.0112423 -0.281969 -0.122138 0.263421 -0.948563 0.175607
-0.0526072 0.360397 0.0879204 -0.263421 0.948563 -0.175607
-0.0297377 -0.260422 0.0219964 0.263421 -0.948563 0.175607
0.287483 0.321452 -0.289866 0.166103 -0.515295 0.840762
-0.279131 -0.0309347 0.0341602 0.0606035 -0.110252 0.992054
0.383464 0.289411 0.251234 -0.0178336 0.177216 0.98401
-0.00458194 0.0530396 -0.306041 0.0178337 -0.177216 -0.98401
-0.0840464 0.305841 -0.159612 -0.263421 0.948563 -0.175607
-0.413861 -0.0964155 0.0169207 0.252848 -0.885345 0.390169
0.43154 0.283088 -0.319388 0.964516 0.262341 -0.0297663
-0.186092 -0.0469598 -0.144741 -0.964516 -0.26234 0.0297661
-0.0340247 -0.219131 0.251463 0.263421 -0.948563 0.175607
-0.135769 -0.123602 0.110519 -0.964516 -0.262341 0.0297662
-0.15625 -0.0439725 0.148661 -0.964516 -0.262341 0.0297655
0.470895 0.203332 0.252907 0.964516 0.262341 -0.0297662
0.495795 0.08318 0.000799105 0.964516 0.262341 -0.0297662
0.20206 0.440343 0.144306 -0.198877 0.796046 0.571628
0.190424 0.295254 0.246683 -0.0178337 0.177216 0.98401
0.509029 -0.220497 -0.0168939 0.263421 -0.948563 0.175607
0.516569 0.00828787 0.0138976 0.964516 0.262341 -0.0297662
0.493599 0.103447 0.108277 0.964516 0.262341 -0.0297662
-0.113374 0.296593 0.240746 -0.0371623 0.246511 0.968427
0.33617 -0.166598 -0.0200844 0.263421 -0.948563 0.175607
0.188467 0.371452 0.135832 0.144836 -0.43147 0.890425
0.215998 0.00276399 -0.292989 0.0178337 -0.177216 -0.98401
0.386929 0.293304 0.250596 -0.0178336 0.177216 0.98401
0.364272 -0.119286 0.193319 0.263421 -0.948563 0.175607
-0.1126 0.333089 0.220244 0.964515 0.262344 -0.0297635
0.20119 -0.17401 -0.171768 -0.219211 0.732866 -0.644092
0.391462 0.479871 0.116282 0.964516 0.262341 -0.0297661
-0.00919438 -0.0553526 0.306208 -0.0178338 0.177216 0.98401
0.0972611 0.402082 0.088277 -0.263421 0.948563 -0.175607
-0.384748 -0.0839553 0.02385 0.226275 -0.76325 0.605185
0.423711 -0.191094 -0.0862277 -0.964516 -0.262341 0.0297663
0.245107 -0.0477443 -0.283365 0.0178337 -0.177216 -0.98401
0.528047 -0.0192636 0.142974 0.964515 0.262343 -0.0297673
0.36497 0.0543845 0.293226 -0.0178336 0.177216 0.98401
0.469045 0.160037 -0.188606 0.964516 0.262341 -0.0297662
-0.400668 -0.0615809 -0.0312157 -0.00848303 -0.08189 -0.996605
-0.0983769 -0.258228 0.135623 -0.964516 -0.262341 0.0297661
0.309346 -0.0216389 0.234958 0.258405 -0.961106 -0.0974773
0.18642 0.156724 0.271559 -0.0178336 0.177216 0.98401
0.360388 0.429949 -0.155907 -0.263421 0.948563 -0.175607
-0.111516 0.0431808 0.286608 -0.0178337 0.177216 0.98401
0.103836 0.261945 0.251113 -0.0178337 0.177216 0.98401
0.12001 -0.18967 0.179538 0.263421 -0.948563 0.175607
-0.0301792 -0.259807 0.0259813 0.263421 -0.948563 0.175607
0.462704 0.21828 0.119222 0.964516 0.262341 -0.0297662
-0.112963 -0.243276 -0.20522 -0.964517 -0.262338 0.0297657
-0.101216 0.297504 -0.17889 -0.263421 0.948563 -0.175607
0.104688 -0.0900883 0.26024 0.106857 -0.49097 -0.864598
0.0388423 0.0650746 0.28539 -0.0178337 0.177216 0.98401
-0.118418 0.349658 0.159094 -0.198877 0.796046 0.571628
0.021596 -0.107675 0.223863 0.203472 -0.666727 0.71699
0.530832 -0.0286241 0.150726 0.96452 0.262328 -0.029762
0.503956 -0.186345 0.175196 0.263421 -0.948563 0.175607
-0.118559 -0.0240578 0.29859 -0.0178337 0.177216 0.98401
0.433303 0.316873 0.0354755 0.964516 0.262341 -0.0297662
0.286191 0.361712 0.149146 -0.247445 0.93751 0.244635
0.0831981 -0.231508 0.00876464 0.263421 -0.948563 0.175607
0.0255655 0.349877 -0.0861676 -0.263421 0.948563 -0.175607
-0.127773 0.350629 0.147908 -0.263421 0.948563 -0.175607
-0.211178 0.151024 0.0873988 -0.964516 -0.26234 0.0297657
0.214632 -0.210418 -0.19926 0.198877 -0.796046 -0.571628
0.324759 0.407783 0.228852 -0.0178336 0.177216 0.98401
0.51145 0.0256862 0.0013671 0.964516 0.262341 -0.0297662
-0.0439116 0.0787575 -0.311386 0.0178337 -0.177216 -0.98401
-0.119659 -0.211152 -0.139101 -0.964516 -0.262342 0.0297668
0.141618 0.197769 0.263355 -0.0178337 0.177216 0.98401
-0.387696 -0.0662954 -0.0301236 0.0439734 -0.270783 -0.961636
0.333761 0.0660333 0.290563 -0.0178336 0.177216 0.98401
0.422062 0.349594 -0.0403862 0.964516 0.262341 -0.0297662
-0.148438 0.249332 0.18423 -0.211606 0.700673 -0.681381
0.531577 -0.21751 -0.0345836 0.263421 -0.948563 0.175607
0.533195 -0.0730391 -0.16416 0.964516 0.26234 -0.0297654
0.120136 0.301011 -0.304304 -0.173656 0.545424 -0.819973
0.327386 0.440485 -0.0494848 -0.263421 0.948563 -0.175607
0.434118 -0.167654 -0.172721 0.263421 -0.948563 0.175606
-0.0348368 0.253018 -0.303407 -0.173656 0.545424 -0.819973
0.160624 0.422139 0.101566 -0.263421 0.948563 -0.175607
-0.131864 -0.12572 0.21838 -0.964516 -0.262341 0.0297662
0.294593 -0.0458473 0.257065 0.0178332 -0.177215 -0.984011
0.148596 -0.114735 0.231601 -0.247444 0.937506 0.24465
-0.12686 -0.134049 0.307101 -0.964516 -0.262341 0.0297661
0.210872 0.311075 -0.316825 -0.173656 0.545424 -0.819973
-0.133757 0.327019 0.0293554 -0.263421 0.948563 -0.175607
-0.0961615 -0.263408 0.105507 0.263421 -0.948563 0.175607
-0.333596 -0.0130213 -0.0205281 -0.226274 0.763249 -0.605187
0.107567 0.0586481 -0.305019 0.0178337 -0.177216 -0.98401
0.408809 -0.151896 -0.223635 -0.964515 -0.262345 0.0297635
0.0170681 0.28992 0.172472 -0.252848 0.885345 -0.39017
-0.128632 -0.157173 -0.270431 0.0178337 -0.177216 -0.98401
0.367095 0.482422 0.117478 -0.263421 0.948563 -0.175607
0.425036 0.330749 -0.110104 0.964516 0.262341 -0.0297662
0.213531 -0.147392 0.251982 0.173656 -0.545424 0.819973
0.535752 -0.0783486 -0.128067 0.964516 0.262341 -0.0297662
-0.0897315 -0.00878958 -0.296449 0.0178336 -0.177216 -0.98401
-0.157956 -0.134875 -0.00786215 -0.964516 -0.26234 0.0297655
0.0104794 -0.196131 -0.260894 0.0178336 -0.177216 -0.98401
0.361258 -0.117845 0.205626 0.263421 -0.948563 0.175607
0.373724 0.338842 0.242155 -0.0178336 0.177216 0.98401
0.102849 -0.0717178 0.311186 -0.0178336 0.177216 0.98401
0.470156 0.171012 -0.0558931 0.964516 0.262341 -0.0297662
0.0841403 -0.244836 -0.196729 0.198877 -0.796046 -0.571628
-0.336083 -0.030334 -0.0315592 -0.11032 0.298017 -0.948164
-0.108176 -0.202414 0.309999 -0.964516 -0.262341 0.0297662
0.120612 0.277457 -0.24425 0.130357 -0.571217 -0.810381
0.0613104 0.252213 0.252095 -0.0178337 0.177216 0.98401
0.289798 0.407098 0.169085 0.192248 -0.775105 -0.601875
-0.227817 0.205008 0.0240338 -0.964516 -0.26234 0.0297661
0.160333 -0.197709 -0.235851 0.198877 -0.796046 -0.571628
-0.16437 -0.0622162 -0.275233 -0.964516 -0.262341 0.0297662
-0.19704 0.0193004 0.0844978 -0.964517 -0.262338 0.0297656
0.540793 -0.170162 -0.0740163 0.964516 0.26234 -0.0297661
0.0106104 -0.0976173 0.314179 -0.0178337 0.177216 0.98401
0.327285 0.458079 0.0456981 -0.263421 0.948563 -0.175607
0.421899 0.315825 -0.343286 0.964516 0.262341 -0.0297663
0.526468 -0.0864409 0.199663 0.964516 0.26234 -0.0297661
0.0480694 -0.144236 -0.269559 0.0178337 -0.177216 -0.98401
0.516091 0.0404621 0.281966 0.964516 0.262341 -0.0297654
-0.185704 0.254586 0.247191 -0.0178336 0.177216 0.98401
0.0229996 -0.196439 -0.158377 0.0439742 -0.270785 -0.961635
0.0856297 0.306755 0.164071 -0.263783 0.952685 -0.151029
0.427651 -0.207912 -0.106794 -0.964516 -0.262341 0.0297663
0.426378 0.338391 0.000752623 0.964516 0.262341 -0.0297662
-0.0176474 0.292336 0.243438 -0.0178337 0.177216 0.98401
0.0972332 -0.248457 -0.103841 0.263421 -0.948563 0.175607
0.199316 -0.0786874 -0.278623 0.0178337 -0.177216 -0.98401
0.303848 -0.197672 -0.18597 0.198877 -0.796046 -0.571628
-0.132472 -0.142176 0.0536426 -0.964516 -0.262341 0.0297661
-0.0287125 -0.0691853 -0.284466 0.0178336 -0.177216 -0.98401
0.400427 -0.165429 -0.197272 0.198877 -0.796046 -0.571628
0.0540112 -0.224265 0.0916717 0.263421 -0.948563 0.175607
0.148009 0.22305 0.258918 -0.0178337 0.177216 0.98401
0.296063 0.459408 0.0997155 -0.263421 0.948563 -0.175607
0.0273618 -0.222931 -0.194987 -0.201027 0.802785 0.56136
0.277367 0.0549697 -0.301279 0.0178337 -0.177216 -0.98401
0.546675 -0.124749 -0.183101 0.964516 0.26234 -0.0297602
0.0279527 -0.266991 -0.100028 0.263421 -0.948563 0.175607
0.0805843 0.321485 0.239968 -0.0178337 0.177216 0.98401
0.325707 -0.193594 -0.150213 0.263421 -0.948563 0.175607
0.0707485 0.274451 -0.262656 0.262515 -0.964926 0.00205865
-0.157944 0.26276 -0.278228 -0.259257 0.919735 -0.294742
0.451233 0.255763 0.0778991 0.964516 0.262341 -0.0297662
-0.117749 -0.184732 0.155636 -0.964516 -0.262341 0.0297661
0.459302 -0.189434 0.225492 0.263421 -0.948563 0.175607
-0.238308 0.30377 0.219776 -0.176124 0.723294 0.667702
-0.0872124 0.35077 0.0878272 -0.263421 0.948563 -0.175607
-0.225221 0.114939 0.0142426 -0.964516 -0.262341 0.0297666
-0.191813 0.0374571 -0.286005 -0.964516 -0.262341 0.0297661
0.0141527 0.0620842 -0.307331 0.0178337 -0.177216 -0.98401
0.457877 0.214199 -0.0731422 0.964516 0.262341 -0.0297662
0.495333 -0.0179749 0.239296 -0.244023 0.842723 -0.479864
0.518358 0.0232412 0.203645 0.964516 0.262341 -0.0297662
0.200337 -0.0749545 0.211871 0.0477173 -0.062323 0.996915
0.26515 0.386418 -0.248181 -0.263421 0.948563 -0.175607
0.0683246 -0.183452 -0.262129 0.0178337 -0.177216 -0.98401
-0.44686 -0.0546576 0.0351875 -0.106853 0.490956 0.864607
0.526848 -0.0777492 -0.272855 0.0178337 -0.177216 -0.98401
-0.158501 0.257467 -0.290529 -0.249122 0.866935 -0.431697
-0.0683726 0.147878 -0.324277 0.0178337 -0.177216 -0.98401
-0.110987 -0.221048 -0.161186 0.17327 -0.714009 -0.678358
0.532381 -0.0629756 -0.101812 0.964516 0.262341 -0.0297662
0.422039 0.317508 -0.323904 0.964516 0.262341 -0.0297663
0.419791 -0.131332 0.0845151 -0.263421 0.948563 -0.175607
0.0692795 -0.232057 0.0266812 0.263421 -0.948563 0.175607
0.478247 0.148437 0.00731312 0.964516 0.262341 -0.0297662
0.123893 0.242724 -0.277277 -0.201025 0.80278 0.561368
0.124151 0.406271 0.0705638 -0.263421 0.948563 -0.175607
0.40562 0.217572 -0.328239 0.0178337 -0.177216 -0.98401
-0.111874 -0.193916 0.265086 -0.964516 -0.262341 0.0297651
0.328032 0.225623 -0.331095 0.0178337 -0.177216 -0.98401
-0.240336 0.221925 -0.232511 -0.964516 -0.262341 0.0297662
-0.234453 -0.0170787 -0.0362872 -0.00848303 -0.08189 -0.996605
0.00916877 -0.241255 0.0671631 0.263421 -0.948563 0.175607
-0.0558337 0.364969 0.117456 -0.263421 0.948563 -0.175607
0.352836 -0.130081 0.152165 0.263421 -0.948563 0.175607
-0.13276 -0.121514 0.226405 -0.964516 -0.26234 0.0297674
-0.22098 0.164259 -0.113582 -0.964518 -0.262333 0.0297652
0.537204 -0.0387298 0.268148 0.964517 0.262337 -0.029771
-0.127649 0.272246 -0.274794 -0.261395 0.932957 -0.247516
0.014346 -0.104443 0.230792 0.248745 -0.86511 0.435557
-0.202828 0.0214352 -0.0842303 -0.964516 -0.262341 0.0297661
0.239205 -0.161946 0.150495 0.263421 -0.948563 0.175607
-0.0578911 0.302593 0.240861 -0.0178337 0.177216 0.98401
-0.0474592 -0.0990791 -0.279422 0.0178336 -0.177216 -0.98401
0.54607 -0.0992244 0.0222744 0.964516 0.26234 -0.0297661
0.37789 -0.049096 0.244207 -0.232776 0.791737 -0.564772
-0.196427 0.277373 0.242405 -0.0499457 0.292 0.955113
0.528858 -0.0290034 0.0834256 0.964521 0.262325 -0.0297595
0.334749 0.276436 0.252688 -0.0178336 0.177216 0.98401
-0.0125101 0.365997 0.0580206 -0.263421 0.948563 -0.175607
0.382433 -0.0506209 -0.280358 0.0178337 -0.177216 -0.98401
0.261599 0.217891 -0.330906 0.0178337 -0.177216 -0.98401
0.0318447 0.36033 -0.0391277 -0.263421 0.948563 -0.175607
-0.205778 -0.015176 0.0311705 0.0858885 -0.205154 0.974954
0.327188 -0.16529 0.000455479 0.263421 -0.948563 0.175607
-0.227629 0.214739 0.115896 -0.964516 -0.26234 0.0297661
0.179825 0.410452 0.00963838 -0.263421 0.948563 -0.175607
-0.250801 0.301566 0.130294 -0.964516 -0.262341 0.0297656
0.309138 0.391637 -0.285701 -0.262904 0.943929 -0.1997
0.137194 0.414115 0.0933692 -0.263421 0.948563 -0.175607
0.452815 -0.0243306 0.303201 0.0781664 -0.176046 0.981274
-0.0778359 0.306751 0.232965 -0.198877 0.796046 0.571628
0.421412 -0.152856 0.0449137 0.263421 -0.948563 0.175607
-0.169294 0.016721 0.260929 -0.964516 -0.262341 0.0297661
-0.0365794 0.31083 0.239764 -0.0178337 0.177216 0.98401
0.117951 0.261309 -0.33025 -0.173656 0.545424 -0.819973
0.0683816 0.24498 0.253525 -0.0178337 0.177216 0.98401
0.0548918 -0.0335709 -0.289365 0.0178337 -0.177216 -0.98401
0.522646 -0.172569 0.22157 0.263421 -0.948563 0.175607
0.508046 0.00962525 -0.25051 0.964516 0.262341 -0.0297661
-0.177067 0.19454 -0.275844 0.155664 -0.473977 0.866669
0.105116 0.382422 -0.0297033 -0.263421 0.948563 -0.175607
-0.182017 -0.03106 0.127429 -0.964516 -0.262341 0.029766
0.259608 0.22262 0.261018 -0.0178336 0.177216 0.98401
0.095651 0.369351 -0.0861102 -0.263421 0.948563 -0.175607
-0.0279091 -0.257417 0.0354861 0.263421 -0.948563 0.175607
0.456092 0.194456 -0.304973 0.964516 0.262341 -0.0297663
-0.219442 0.188585 0.150655 -0.964516 -0.262341 0.0297662
0.188164 -0.229486 -0.137767 0.263421 -0.948563 0.175607
-0.190584 0.0378265 -0.242936 -0.964516 -0.262341 0.0297661
0.414778 -0.138851 0.0847471 -0.964516 -0.262341 0.0297663
-0.152667 -0.0498195 0.213243 -0.964516 -0.262341 0.0297662
0.233431 0.351039 0.142589 -0.201027 0.802786 0.561358
0.440001 -0.122977 -0.263669 0.0874451 -0.42379 -0.90153
-0.187519 0.0815307 0.241548 -0.964516 -0.262341 0.0297662
0.49329 0.0801036 -0.107472 0.964516 0.262341 -0.0297662
-0.0153188 0.375744 0.158637 -0.198877 0.796046 0.571628
0.170169 -0.138141 -0.190765 0.263784 -0.952687 0.151016
0.187845 0.257396 -0.273963 -0.237048 0.910094 0.339907
0.272049 -0.099058 -0.273636 0.0178337 -0.177216 -0.98401
0.161524 0.341489 0.237833 -0.0178337 0.177216 0.98401
0.412102 0.366587 -0.213358 0.96452 0.262326 -0.0297631
-0.192226 -0.0239084 -0.140336 -0.964516 -0.262341 0.0297661
0.522593 0.0141518 0.260771 0.964509 0.262365 -0.0297684
0.258943 0.18801 -0.325573 0.0178337 -0.177216 -0.98401
0.0363283 -0.0948295 0.314143 -0.0178336 0.177216 0.98401
-0.0584642 -0.301877 -0.197351 0.248049 -0.939002 -0.238215
0.0798251 -0.211549 -0.190636 -0.242546 0.924946 0.292654
0.495085 0.0982556 0.110656 0.964516 0.262341 -0.0297662
0.198772 -0.185639 0.083168 0.263421 -0.948563 0.175607
0.294188 0.436069 -0.0235437 -0.263421 0.948563 -0.175607
0.434222 -0.212231 0.0608803 -0.263421 0.948563 -0.175607
-0.00414131 -0.15041 0.259161 -0.211607 0.700679 -0.681375
0.197449 0.276573 -0.289548 -0.0439681 0.270764 0.961641
-0.116936 -0.185968 0.17111 -0.964516 -0.262341 0.0297659
0.134711 0.158799 -0.322564 0.0178337 -0.177216 -0.98401
0.223141 0.383569 -0.200556 -0.263421 0.948563 -0.175607
0.405223 -0.128336 0.0830069 0.263421 -0.948563 0.175607
0.125756 0.371747 -0.118329 -0.263421 0.948563 -0.175607
-0.105824 0.0670934 -0.310407 0.0178336 -0.177216 -0.98401
0.0840961 0.0168143 -0.29791 0.0178337 -0.177216 -0.98401
-0.164022 0.207587 0.256048 -0.0178338 0.177216 0.98401
-0.151294 0.0548807 -0.309032 0.0178336 -0.177216 -0.98401
-0.0199171 -0.08501 0.311355 -0.0178337 0.177216 0.98401
-0.202072 0.0827876 -0.218936 -0.964516 -0.26234 0.0297662
0.197281 -0.197398 0.0218853 0.263421 -0.948563 0.175607
0.0504276 0.342498 -0.163322 -0.263421 0.948563 -0.175607
0.390441 -0.110179 -0.169775 -0.0982238 0.25189 -0.962758
0.376656 0.0456452 0.295012 -0.0178336 0.177216 0.98401
0.105616 0.185299 0.264949 -0.0178337 0.177216 0.98401
0.476404 0.144556 -0.0866035 0.964516 0.262341 -0.0297662
-0.0411223 -0.238849 -0.163121 -0.211606 0.700673 -0.681381
0.223778 0.315187 -0.316824 -0.173656 0.545424 -0.819973
0.070706 0.392985 0.0789707 -0.263421 0.948563 -0.175607
0.543343 -0.118275 -0.234006 0.964514 0.262346 -0.0297759
-0.209739 0.264799 -0.19276 -0.263421 0.948563 -0.175607
0.275634 0.403421 0.228481 -0.0371623 0.246511 0.968427
-0.212124 0.127573 -0.149925 -0.964516 -0.26234 0.0297661
-0.172257 0.0290007 -0.304751 0.0178337 -0.177216 -0.98401
-0.164791 -0.111909 -0.0269384 -0.964516 -0.262341 0.0297662
-0.156234 -0.140318 -5.53414e-05 -0.964516 -0.262341 0.0297662
0.467437 0.170692 -0.146826 0.964516 0.262341 -0.0297662
0.177556 -0.189033 -0.24194 0.198877 -0.796046 -0.571628
0.474849 0.135223 -0.219258 0.964516 0.262339 -0.0297721
0.547207 -0.130374 -0.215411 0.964515 0.262343 -0.0297769
0.538566 -0.0841943 -0.0884066 0.964516 0.262341 -0.0297662
0.164655 0.430276 0.139474 -0.263421 0.948563 -0.175607
-0.00624305 -0.213293 -0.156676 -0.0477174 0.0623234 -0.996915
0.117027 -0.123916 0.242504 -0.263784 0.952686 -0.151019
0.118828 0.143399 0.272734 -0.0178337 0.177216 0.98401
0.526557 -0.0477808 -0.156616 0.964516 0.26234 -0.0297654
0.466429 -0.0993024 -0.269994 0.0242927 -0.200441 -0.979405
-0.21408 0.126021 -0.226985 -0.964516 -0.262341 0.0297662
-0.0144012 -0.00114048 -0.296462 0.0178337 -0.177216 -0.98401
-0.246328 0.285975 -0.0234901 -0.263421 0.948563 -0.175607
0.406297 0.433621 0.189362 0.964519 0.262331 -0.0297621
0.213381 -0.172869 -0.251986 0.198877 -0.796046 -0.571628
0.442696 0.256537 -0.191925 0.964516 0.262341 -0.0297662
0.0919485 -0.191003 0.214435 0.263421 -0.948563 0.175607
0.0891352 -0.199684 0.171761 0.263421 -0.948563 0.175607
-0.205905 0.0325589 -0.0859204 -0.964516 -0.26234 0.0297661
0.256664 -0.0675715 -0.279585 0.0178337 -0.177216 -0.98401
0.34524 -0.138368 0.118796 0.263421 -0.948563 0.175607
-0.0538779 -0.249066 -0.179416 -0.262516 0.964925 -0.00207059
0.505058 0.048945 -0.000768432 0.964516 0.262341 -0.0297662
0.0659303 -0.133456 0.292511 0.173656 -0.545424 0.819973
-0.181351 -0.0413292 0.0585053 -0.964516 -0.26234 0.0297665
0.149753 0.0290785 0.293883 -0.0178336 0.177216 0.98401
0.435432 0.26812 -0.325191 0.964516 0.262341 -0.0297663
-0.130601 0.0615427 -0.309857 0.0178336 -0.177216 -0.98401
-0.118655 -0.225616 -0.234035 -0.964516 -0.262341 0.0297662
0.418931 -0.0410938 0.236338 -0.259159 0.919165 -0.296602
0.342183 0.0730754 -0.303365 0.0178337 -0.177216 -0.98401
0.528164 -0.124316 -0.0791812 0.964516 0.26234 -0.0297661
0.264987 -0.14286 0.214919 0.263421 -0.948563 0.175607
-0.2222 0.237327 -0.293384 -0.239351 0.821223 -0.51798
0.393918 0.209784 0.265764 -0.0178336 0.177216 0.98401
0.437807 -0.233333 -0.00174799 -0.964516 -0.26234 0.029766
0.0696194 -0.192459 -0.159005 -0.0477174 0.0623234 -0.996915
-0.0045993 -0.245077 -0.249397 0.0874471 -0.423797 -0.901526
-0.493124 -0.0512614 0.0192332 -0.230956 0.892965 0.386358
0.0815275 -0.261763 -0.174067 0.198877 -0.796046 -0.571628
0.211523 0.365478 0.181012 -0.0347168 0.0142553 -0.999296
0.0310395 0.361366 -0.0323207 -0.263421 0.948563 -0.175607
0.179951 -0.224151 -0.192202 0.198877 -0.796046 -0.571628
0.293165 0.222974 0.261563 -0.0178336 0.177216 0.98401
0.404091 0.398891 -0.188206 0.964516 0.26234 -0.029766
-0.190504 0.0871258 0.19416 -0.964516 -0.262341 0.0297662
-0.0981662 -0.0479931 -0.289542 0.0178336 -0.177216 -0.98401
0.540429 -0.223893 -0.0823394 0.263421 -0.948563 0.175607
-0.00505661 0.384962 0.14937 -0.198877 0.796046 0.571628
-0.0694003 -0.248078 0.148166 0.263421 -0.948563 0.175607
0.190268 0.380904 -0.165638 -0.263421 0.948563 -0.175607
-0.197365 0.0246084 0.120754 -0.964516 -0.26234 0.0297661
0.458574 0.240141 0.178072 0.964516 0.26234 -0.0297674
-0.18715 0.0288091 -0.21114 -0.964516 -0.262341 0.0297661
-0.0670757 0.250845 -0.298025 -0.173656 0.545424 -0.819973
-0.0270001 0.0264266 0.291157 -0.0178337 0.177216 0.98401
-0.073074 -0.252233 0.131238 0.263421 -0.948563 0.175607
0.533361 -0.0238056 0.275152 0.964517 0.262338 -0.0297686
0.535087 -0.211461 -0.00717338 0.263421 -0.948563 0.175607
-0.206544 0.291399 -0.0538686 -0.263421 0.948563 -0.175607
0.264631 -0.0483534 0.256181 0.0822802 -0.405791 -0.910255
-0.214052 0.149403 -0.24231 -0.248744 0.865108 -0.435562
0.210845 -0.16574 0.172545 0.263421 -0.948563 0.175607
0.335052 0.425425 -0.142337 -0.263421 0.948563 -0.175607
0.0309921 0.117594 -0.317023 0.0178337 -0.177216 -0.98401
-0.0847037 0.183962 0.26174 -0.0178338 0.177216 0.98401
-0.181844 0.283607 0.163681 0.262894 -0.943849 0.200087
0.0690187 0.336235 -0.225042 -0.263421 0.948563 -0.175607
0.137944 0.36891 0.221475 -0.198877 0.796046 0.571628
0.0808379 -0.192647 0.222223 0.263421 -0.948563 0.175607
0.535511 -0.104399 0.0168678 0.263421 -0.948563 0.175607
-0.0504793 0.303763 -0.221188 -0.263421 0.948563 -0.175607
0.351735 0.405811 -0.273311 -0.263421 0.948563 -0.175607
0.11169 -0.172033 -0.263399 0.0178337 -0.177216 -0.98401
-0.143086 0.344692 0.138813 -0.263421 0.948563 -0.175607
0.0291326 -0.197225 -0.206014 0.0733401 -0.15791 0.984726
0.306973 -0.10834 0.258169 0.173656 -0.545424 0.819973
0.102681 0.347151 0.235747 -0.0178337 0.177216 0.98401
-0.0206838 -0.0620442 -0.285607 0.0178337 -0.177216 -0.98401
0.117415 -0.215127 0.045923 0.263421 -0.948563 0.175607
-0.232256 0.196006 -0.19913 -0.964514 -0.262347 0.0297685
0.224633 0.35558 0.176657 -0.166099 0.515281 -0.840771
0.0339136 -0.228979 0.096357 0.263421 -0.948563 0.175607
-0.114767 -0.198273 0.132923 -0.964516 -0.262341 0.0297661
-0.239883 0.241934 -0.0415016 -0.964516 -0.26234 0.0297661
-0.191043 0.000755983 0.115372 -0.964516 -0.262341 0.0297661
0.123135 -0.0929427 0.307345 0.173656 -0.545424 0.819973
0.0461259 0.331233 0.183923 0.0822801 -0.40579 -0.910255
-0.230609 0.306265 0.0625301 -0.263421 0.948563 -0.175607
-0.0733683 0.0822928 -0.312556 0.0178336 -0.177216 -0.98401
-0.169524 0.0109977 -0.301459 0.0178337 -0.177216 -0.98401
0.508675 0.0634216 0.244018 0.964516 0.262341 -0.0297654
0.0498694 -0.0614529 -0.284435 0.0178337 -0.177216 -0.98401
0.0636052 -0.261648 -0.124648 0.263421 -0.948563 0.175607
-0.0684064 0.244681 0.2511 -0.0178337 0.177216 0.98401
0.320513 -0.133852 0.180283 0.263421 -0.948563 0.175607
0.497388 0.0989903 0.287593 -0.0178337 0.177216 0.98401
0.340564 0.470563 0.093218 -0.263421 0.948563 -0.175607
-0.0526404 -0.1628 0.261448 -0.203469 0.666715 -0.717002
0.222991 -0.127944 -0.174201 0.201026 -0.802783 -0.561362
0.0366919 -0.213447 -0.162031 -0.176122 0.555306 -0.812783
0.0503605 -0.173676 -0.194901 0.244023 -0.842722 0.479867
0.52996 -0.103379 0.0307024 0.263421 -0.948563 0.175607
0.46058 -0.204273 0.0590843 -0.964516 -0.26234 0.029766
0.315514 0.341216 0.240673 -0.0178336 0.177216 0.98401
0.495927 0.113658 0.27368 0.964516 0.262341 -0.0297662
-0.501617 -0.0616365 0.000426898 -0.964517 -0.262338 0.0297776
0.358994 0.455078 -0.0180745 -0.263421 0.948563 -0.175607
0.44812 0.232775 -0.225595 0.964516 0.262341 -0.0297662
-0.101209 -0.254691 0.0750385 -0.964516 -0.262341 0.0297661
0.373247 -0.142564 0.0541172 0.263421 -0.948563 0.175607
-0.127304 0.0200042 0.290496 -0.0178337 0.177216 0.98401
0.279843 0.398281 0.134121 0.166099 -0.515281 0.840771
0.179527 -0.0692875 0.311136 0.173656 -0.545424 0.819973
-0.0363233 0.366991 0.0991105 -0.263421 0.948563 -0.175607
-0.422216 -0.0502685 -0.0275935 -0.133656 0.387922 -0.91195
-0.136123 -0.104574 0.266726 -0.964516 -0.262341 0.0297661
-0.142592 -0.12357 -0.1103 -0.964516 -0.262341 0.0297674
0.209657 -0.213849 -0.0855406 0.263421 -0.948563 0.175607
0.168954 -0.213573 -0.0229963 0.263421 -0.948563 0.175607
0.464586 0.20787 0.0884818 0.964516 0.262341 -0.0297662
0.224995 -0.191199 0.0137955 0.263421 -0.948563 0.175607
0.503346 -0.223605 -0.0251568 0.263421 -0.948563 0.175607
0.179022 0.265631 -0.24485 -0.155664 0.473977 -0.866669
-0.164117 -0.111124 0.00181977 -0.964516 -0.262341 0.0297663
-0.0449916 -0.272589 -0.237633 0.145355 -0.621734 -0.769622
-0.146117 0.294531 0.239756 -0.0626065 0.336777 0.939501
-0.10593 0.284564 0.1903 0.0178338 -0.177217 -0.98401
0.00740797 0.30312 0.24195 -0.0178337 0.177216 0.98401
-0.221457 0.182845 0.0347829 -0.964516 -0.26234 0.029766
0.11474 0.358416 -0.173811 -0.263421 0.948563 -0.175607
0.125741 0.323571 -0.290485 -0.173656 0.545424 -0.819973
0.416076 0.357625 -0.163568 0.964518 0.262335 -0.0297646
0.0628759 -0.0983324 0.259511 0.141641 -0.609278 -0.780204
-0.245133 0.259437 -0.0573643 -0.964516 -0.262341 0.0297662
-0.201038 0.00721831 -0.151527 -0.964516 -0.26234 0.0297662
0.434375 0.28488 -0.211737 0.964516 0.262341 -0.0297662
-0.221851 0.14558 -0.306406 -0.964516 -0.26234 0.0297659
0.0534832 -0.200379 -0.159021 -0.0858904 0.205161 -0.974952
0.110928 -0.251658 -0.141674 0.263421 -0.948563 0.175607
0.0377585 0.384308 0.0815224 -0.263421 0.948563 -0.175607
-0.469427 -0.0480702 -0.0138265 -0.232775 0.791735 -0.564775
-0.065321 0.35372 0.0709241 -0.263421 0.948563 -0.175607
-0.104159 -0.254073 -0.015122 -0.964516 -0.262341 0.0297661
-0.157148 -0.129899 0.0621648 -0.964516 -0.262341 0.0297659
0.534648 -0.127857 0.0996911 0.964516 0.26234 -0.0297661
0.0490641 0.364789 -0.0408717 -0.263421 0.948563 -0.175607
-0.0524762 0.289421 -0.275457 -0.173656 0.545424 -0.819973
-0.0661631 0.100884 0.277038 -0.0178338 0.177216 0.98401
0.442536 0.245659 0.260184 -0.0178337 0.177216 0.98401
-0.175626 0.285633 0.240968 -0.0499457 0.292 0.955113
0.501663 0.0303915 -0.274305 0.964517 0.262341 -0.0297495
-0.129239 -0.171159 -0.0970442 -0.964516 -0.262341 0.0297662
0.385383 0.332027 -0.348438 -0.0145471 -0.0597652 -0.998106
-0.0115179 -0.110865 -0.276648 0.0178336 -0.177216 -0.98401
0.349439 -0.12809 -0.267005 0.0178337 -0.177216 -0.98401
-0.113556 0.223769 -0.261963 0.262894 -0.943849 0.200087
0.217636 0.437511 0.0990782 -0.263421 0.948563 -0.175607
0.29238 0.398367 -0.224482 -0.263421 0.948563 -0.175607
-0.0610219 0.236288 -0.30899 -0.173656 0.545424 -0.819973
0.390262 -0.0660254 0.268676 0.173656 -0.545424 0.819973
0.417597 0.201691 0.267651 -0.0178337 0.177216 0.98401
0.543584 -0.0996266 0.0305344 0.263421 -0.948563 0.175607
-0.140939 0.267944 -0.276971 -0.261395 0.932957 -0.247514
0.42346 0.250456 -0.333838 0.0178337 -0.177216 -0.98401
0.341519 0.183597 0.269531 -0.0178336 0.177216 0.98401
0.053336 -0.111987 0.309459 0.173656 -0.545424 0.819973
-0.241475 -0.0428811 -0.0244454 0.17327 -0.71401 -0.678356
0.245186 0.163408 0.271421 -0.0178336 0.177216 0.98401
0.0884365 -0.196701 0.188923 0.263421 -0.948563 0.175607
0.0110379 -0.0609072 0.307575 -0.0178337 0.177216 0.98401
-0.0553993 0.32384 -0.105357 -0.263421 0.948563 -0.175607
0.244223 -0.201732 -0.0719435 0.263421 -0.948563 0.175607
0.539318 -0.0849785 -0.0709765 0.964516 0.262341 -0.0297662
-0.206346 0.0282519 -0.138159 -0.964516 -0.262341 0.029766
-0.232522 0.210062 -0.0838741 -0.964516 -0.26234 0.0297661
0.03615 -0.0678809 0.309286 -0.0178336 0.177216 0.98401
0.539634 -0.149596 0.0696631 0.964516 0.26234 -0.0297661
0.316035 -0.14499 0.126833 0.263421 -0.948563 0.175607
-0.0483953 -0.260755 0.0481847 0.263421 -0.948563 0.175607
-0.500997 -0.0626161 0.0118866 -0.964515 -0.262343 0.029774
0.320365 0.0968141 0.284776 -0.0178336 0.177216 0.98401
0.395144 -0.0719742 -0.276282 0.0178337 -0.177216 -0.98401
-0.358122 -0.0751205 -0.0202755 0.182985 -0.745481 -0.640917
0.227103 0.433899 0.0653688 -0.263421 0.948563 -0.175607
-0.180224 -0.0392794 0.113084 -0.964517 -0.262339 0.0297666
0.101389 -0.122158 0.292517 0.173656 -0.545424 0.819973
0.197109 0.335374 0.239579 -0.0178337 0.177216 0.98401
-0.128327 0.35251 0.161931 -0.263623 0.963122 -0.0538369
-0.0313684 0.281543 0.180998 -0.211606 0.700673 -0.681381
0.0754431 0.400473 0.112314 -0.263421 0.948563 -0.175607
0.322375 -0.0662083 0.222778 -0.230956 0.892967 0.386355
-0.115464 -0.236238 -0.224258 -0.964516 -0.262341 0.0297662
-0.201978 0.0376772 0.0864513 -0.964516 -0.26234 0.0297659
0.422179 -0.186962 -0.149224 0.0178337 -0.177216 -0.98401
0.228117 -0.194474 -0.00857577 0.263421 -0.948563 0.175607
0.0528107 -0.0262177 0.302085 -0.0178337 0.177216 0.98401
0.277548 -0.148534 -0.263551 0.198877 -0.796046 -0.571628
0.0673793 -0.187625 -0.261394 0.0178337 -0.177216 -0.98401
-0.0568267 -0.297549 -0.137918 0.263421 -0.948563 0.175607
0.515525 -0.00693515 -0.154096 0.964516 0.262341 -0.0297662
-0.209554 0.234746 0.151613 -0.152574 0.645831 0.74808
0.265026 -0.140975 0.225041 0.263421 -0.948563 0.175607
0.40168 0.241007 -0.332531 0.0178337 -0.177216 -0.98401
0.231299 0.369736 0.23401 -0.0178337 0.177216 0.98401
-0.088608 -0.137213 -0.2733 0.0178337 -0.177216 -0.98401
0.503186 0.0862138 0.267021 0.964516 0.262341 -0.0297654
0.330064 0.0439236 -0.298335 0.0178337 -0.177216 -0.98401
0.3556 -0.159611 -0.0114906 0.263421 -0.948563 0.175607
0.109133 0.383708 -0.0287819 -0.263421 0.948563 -0.175607
0.207238 -0.193241 0.0294037 0.263421 -0.948563 0.175607
-0.0146075 -0.259771 0.0028168 0.263421 -0.948563 0.175607
0.396496 0.421368 -0.236207 0.964516 0.262341 -0.0297661
0.397655 -0.0532492 0.284341 -0.964515 -0.262343 0.029769
-0.0198545 -0.00150307 0.296317 -0.0178338 0.177216 0.98401
-0.0596619 0.212357 -0.325195 -0.173656 0.545424 -0.819973
0.0257723 0.249248 -0.318751 -0.173656 0.545424 -0.819973
-0.00981262 0.377938 0.118474 -0.263421 0.948563 -0.175607
0.0199473 0.0568121 0.286536 -0.0178337 0.177216 0.98401
-0.107029 -0.163646 0.221621 -0.00468099 0.129714 0.99154
-0.0377744 0.170682 -0.32783 0.0178337 -0.177216 -0.98401
-0.200423 0.0831981 -0.161888 -0.964516 -0.262341 0.029766
0.367969 -0.137324 0.0903403 0.263421 -0.948563 0.175607
-0.178604 0.0519691 0.269913 -0.964516 -0.262341 0.0297661
0.296723 0.401591 -0.213582 -0.263421 0.948563 -0.175607
0.434892 0.282641 -0.214721 0.964516 0.262341 -0.0297662
-0.140149 -0.0758205 -0.285291 0.0178337 -0.177216 -0.98401
0.29736 0.410165 0.227598 -0.0371623 0.246511 0.968427
-0.154157 0.191453 0.259132 -0.0178338 0.177216 0.98401
0.172281 -0.0383602 -0.286375 0.0178337 -0.177216 -0.98401
0.450004 -0.160268 0.104242 -0.964516 -0.26234 0.029766
0.117575 -0.159434 0.264294 0.173656 -0.545424 0.819973
-0.167236 0.293739 -0.10019 -0.263421 0.948563 -0.175607
-0.214947 0.163092 0.0716379 -0.964516 -0.262341 0.0297666
0.468629 0.186229 0.0287301 0.964516 0.262341 -0.0297662
0.277936 0.377968 -0.30036 -0.253113 0.886687 -0.386937
0.194776 0.258811 -0.259269 -0.259159 0.919164 -0.296606
0.304106 -0.188179 -0.088561 0.263421 -0.948563 0.175607
0.302926 0.269271 0.253402 -0.0178336 0.177216 0.98401
0.430583 -0.0821588 -0.216792 0.133658 -0.38793 0.911946
-0.258023 0.0151173 -0.00555602 -0.264017 0.959154 -0.101583
0.140237 -0.248145 -0.166662 0.263421 -0.948563 0.175606
0.187273 0.382832 0.21925 -0.198877 0.796046 0.571628
-0.225001 0.240677 -0.28587 -0.249122 0.866935 -0.431697
-0.180299 0.277187 0.151467 0.203472 -0.666727 0.71699
-0.217 0.143843 -0.164522 -0.964516 -0.26234 0.029766
0.182195 0.381428 -0.150699 -0.263421 0.948563 -0.175607
-0.0471865 -0.279757 -0.0562692 0.263421 -0.948563 0.175607
0.278941 -0.112677 -0.175997 0.201026 -0.802783 -0.561362
0.331848 0.447354 -0.0190752 -0.263421 0.948563 -0.175607
-0.092576 -0.133042 0.235061 0.252848 -0.885348 0.390162
0.515624 0.000795536 -0.0827732 0.964516 0.262341 -0.0297662
-0.184752 0.0133732 -0.269472 -0.964516 -0.262341 0.0297661
0.152362 -0.221437 -0.0405851 0.263421 -0.948563 0.175607
0.319407 0.473274 0.165877 -0.252188 0.948782 0.190298
-0.188859 0.276105 0.243065 -0.0371623 0.246511 0.968427
