ply
format ascii 1.0
comment Created by Open3D
element vertex 1000
property double x
property double y
property double z
property double nx
property double ny
property double nz
end_header
-0.12859 -0.182681 -0.177566 -0.964516 -0.262341 0.0297661
0.400497 -0.147413 -0.222335 0.198877 -0.796046 -0.571628
-0.0217356 0.370754 0.0975556 -0.263421 0.948563 -0.175607
-0.220377 0.324638 0.190229 -0.243312 0.926956 0.285572
0.456682 -0.198849 -0.0194067 -0.964516 -0.262341 0.0297662
0.45212 -0.163755 0.142064 -0.964516 -0.26234 0.029766
0.357062 0.38037 0.153318 -0.263594 0.963237 -0.0518863
-0.0621119 -0.0876291 0.311062 -0.0178337 0.177216 0.98401
-0.153959 -0.0891433 -0.175215 -0.964516 -0.262341 0.0297661
0.478908 0.130404 -0.130199 0.964516 0.262341 -0.0297662
-0.0845505 0.213729 -0.234212 0.0439751 -0.270788 -0.961634
0.421604 -0.0149707 0.253606 -0.0216288 -0.0338519 -0.999193
0.0192019 0.363306 -0.00408355 -0.263421 0.948563 -0.175607
0.0709933 -0.18605 -0.207339 0.0733401 -0.15791 0.984726
0.0347613 0.344741 -0.127705 -0.263421 0.948563 -0.175607
0.435188 0.205897 -0.3256 0.0178337 -0.177216 -0.98401
0.468659 0.151919 -0.27267 0.964516 0.26234 -0.0297844
-0.0938715 -0.0036004 0.295353 -0.0178337 0.177216 0.98401
0.204351 -0.075841 0.26034 -0.03472 0.014267 -0.999295
0.538254 -0.0841199 -0.0978858 0.964516 0.262341 -0.0297662
0.345984 0.0921334 -0.306729 0.0178337 -0.177216 -0.98401
0.482487 0.0519163 0.295801 -0.0178337 0.177216 0.98401
0.0648633 -0.107892 0.216532 0.0858867 -0.205147 0.974955
0.507243 -0.196648 0.114612 0.263421 -0.948563 0.175607
0.295076 0.420723 -0.107767 -0.263421 0.948563 -0.175607
0.307161 0.307554 0.246584 -0.0178336 0.177216 0.98401
0.143415 0.376471 -0.119298 -0.263421 0.948563 -0.175607
0.102931 -0.166562 -0.264544 0.0178337 -0.177216 -0.98401
0.188575 0.0215696 0.295939 -0.0178336 0.177216 0.98401
0.387894 -0.083448 -0.20764 0.226272 -0.76324 0.605198
0.319783 0.00838043 -0.29212 0.0178337 -0.177216 -0.98401
0.334141 0.397196 -0.291505 -0.261395 0.932957 -0.247514
0.477396 0.124948 -0.227267 0.964517 0.262333 -0.0298012
0.117986 0.192898 0.263804 -0.0178337 0.177216 0.98401
-0.134588 -0.0922367 0.310578 -0.0178337 0.177216 0.98401
0.474025 0.176764 0.120182 0.964516 0.262341 -0.0297662
-0.0303997 -0.163011 -0.267599 0.0178337 -0.177216 -0.98401
0.294381 -0.206928 -0.175251 0.263421 -0.948563 0.175606
-0.178004 0.324686 0.212261 -0.194556 0.782423 0.591577
0.407767 0.168929 -0.319439 0.0178337 -0.177216 -0.98401
0.0998447 -0.248882 -0.110051 0.263421 -0.948563 0.175607
-0.489688 -0.105208 -0.02142 0.130362 -0.571232 -0.81037
0.380696 0.490042 0.138366 -0.263779 0.952626 -0.151404
0.260851 -0.120277 0.259996 0.173656 -0.545424 0.819973
0.310099 0.462247 0.0939936 -0.263421 0.948563 -0.175607
-0.230832 0.210718 -0.0233338 -0.964516 -0.26234 0.0297661
0.187095 0.198018 -0.328678 0.0178337 -0.177216 -0.98401
0.14884 -0.115142 0.233623 -0.251726 0.947735 0.196042
0.512722 0.0348868 0.123665 0.964516 0.262341 -0.0297662
0.36515 -0.161756 -0.0374036 0.263421 -0.948563 0.175607
0.517387 0.000654257 -0.026883 0.964516 0.262341 -0.0297662
-0.0917451 0.345298 0.174445 -0.198877 0.796046 0.571628
0.0589138 0.00277419 -0.295838 0.0178337 -0.177216 -0.98401
0.523556 -0.0265331 -0.0666142 0.964516 0.262341 -0.0297662
-0.33304 -0.0752715 0.0121403 0.259159 -0.919167 0.296596
-0.244894 0.242042 -0.262949 -0.263421 0.948563 -0.175607
-0.15857 -0.0213579 0.272794 -0.964516 -0.262341 0.0297661
0.0235562 -0.235146 0.078583 0.263421 -0.948563 0.175607
-0.136786 0.287675 0.185721 0.152574 -0.645832 -0.748079
0.488266 0.109575 -0.0105179 0.964516 0.262341 -0.0297662
0.236397 0.0443472 0.292704 -0.0178336 0.177216 0.98401
0.174832 0.0918434 0.283034 -0.0178336 0.177216 0.98401
0.444633 0.0488906 -0.297153 0.0178337 -0.177216 -0.98401
0.324358 0.400508 0.230155 -0.0178336 0.177216 0.98401
0.244596 -0.0892428 0.231565 -0.255383 0.955609 0.146937
-0.107189 -0.266459 -0.222473 -0.964516 -0.262341 0.0297661
0.295314 0.0477531 0.293158 -0.0178336 0.177216 0.98401
0.506629 -0.0698395 -0.274646 0.0178337 -0.177216 -0.98401
0.438696 0.242632 0.26066 -0.0178337 0.177216 0.98401
-0.18859 0.163054 -0.235239 -0.185709 0.593959 -0.782767
0.0783156 -0.241045 -0.0354226 0.263421 -0.948563 0.175607
-0.137042 -0.139335 -0.273796 0.0178337 -0.177216 -0.98401
-0.116868 -0.230213 -0.257064 0.0178337 -0.177216 -0.98401
-0.155514 -0.0420209 0.189713 -0.964516 -0.262341 0.029766
-0.0432172 0.321843 0.164273 0.262515 -0.964926 0.00204687
-0.135701 0.168927 -0.329289 0.0178338 -0.177217 -0.98401
0.18848 0.366575 0.233803 -0.0178337 0.177216 0.98401
0.462068 0.194002 -0.115345 0.964516 0.262341 -0.0297662
-0.0647273 0.130953 -0.321163 0.0178337 -0.177216 -0.98401
0.545209 -0.166217 0.188283 0.940271 -0.331658 0.0767713
-0.198476 0.107705 0.117196 -0.964516 -0.262341 0.0297672
0.439046 0.306165 0.127218 0.964516 0.262341 -0.0297662
0.233351 0.378891 -0.241136 -0.263421 0.948563 -0.175607
0.156398 0.162936 -0.322916 0.0178337 -0.177216 -0.98401
0.482377 0.14169 0.0816974 0.964516 0.262341 -0.0297662
-0.209902 0.320786 0.109909 -0.263421 0.948563 -0.175607
-0.123181 -0.170243 0.107342 -0.964516 -0.262341 0.0297661
-0.109765 -0.205618 0.230294 -0.964516 -0.262341 0.0297678
0.443041 0.286002 0.078963 0.964516 0.262341 -0.0297662
0.0809464 -0.000711958 0.298001 -0.0178336 0.177216 0.98401
0.491554 -0.0763347 0.234397 0.263421 -0.948563 0.175607
0.0341269 -0.175849 -0.175287 0.242546 -0.924946 -0.292655
0.255789 -0.194262 -0.0489415 0.263421 -0.948563 0.175607
0.358732 0.431105 0.150129 0.263594 -0.963237 0.051883
0.461664 0.233588 0.220441 0.964517 0.262335 -0.0297813
0.00388561 0.348417 -0.0615355 -0.263421 0.948563 -0.175607
0.416013 -0.140484 0.0407493 -0.263421 0.948563 -0.175607
-0.13579 0.264213 -0.290088 -0.249122 0.866936 -0.431694
0.00635327 -0.197313 -0.2036 0.133659 -0.387936 0.911944
-0.106605 -0.24859 -0.0460601 -0.964515 -0.262345 0.0297662
0.498036 0.103204 0.249892 0.964516 0.262341 -0.0297654
-0.0979056 0.259878 0.17841 -0.244024 0.842725 -0.479861
-0.0863261 -0.158424 0.269021 -0.07334 0.15791 -0.984726
0.273574 0.447433 0.0687669 -0.263421 0.948563 -0.175607
0.468183 -0.187148 -0.148357 0.0178337 -0.177216 -0.98401
0.527705 -0.0965417 0.217497 -0.0178337 0.177216 0.98401
0.195534 -0.00247512 -0.292417 0.0178337 -0.177216 -0.98401
-0.0523554 0.234518 0.253221 -0.0178337 0.177216 0.98401
-0.174146 0.187177 -0.331145 -0.0403154 0.0349209 -0.998577
0.228445 0.0926367 -0.308949 0.0178337 -0.177216 -0.98401
0.424254 0.0921493 -0.305313 0.0178337 -0.177216 -0.98401
0.477875 0.169206 0.178307 0.964516 0.262341 -0.0297662
-0.00367586 0.311016 0.240327 -0.0178337 0.177216 0.98401
0.324728 0.251423 0.257011 -0.0178336 0.177216 0.98401
0.435111 -0.215773 0.0404157 -0.263421 0.948563 -0.175607
0.457259 0.243194 0.16237 0.964516 0.262341 -0.0297662
-0.216682 0.127995 -0.293893 -0.964517 -0.262336 0.0297638
0.106836 0.300641 -0.301733 -0.173656 0.545424 -0.819973
0.0519431 0.298131 -0.291777 -0.173656 0.545424 -0.819973
-0.20988 0.0564566 -0.00407795 -0.964516 -0.262341 0.0297662
0.49537 0.105969 0.187869 0.964516 0.262341 -0.0297662
0.225157 0.395015 0.215465 -0.198877 0.796046 0.571628
0.0189022 0.00113561 -0.296268 0.0178337 -0.177216 -0.98401
0.54137 -0.129561 -0.127841 0.263421 -0.948563 0.175607
-0.111512 -0.235237 -0.0873582 -0.964516 -0.262341 0.0297661
0.290886 -0.198983 -0.127091 0.263421 -0.948563 0.175607
0.155862 0.395857 0.190184 -0.198877 0.796046 0.571628
0.278619 0.38207 -0.289884 -0.261395 0.932957 -0.247514
0.306967 0.336375 -0.259647 0.224292 -0.873625 -0.431824
-0.142943 0.0564906 -0.30917 0.0178336 -0.177216 -0.98401
0.502611 0.0667207 0.0766114 0.964516 0.262341 -0.0297662
0.483871 0.152294 0.22354 0.964516 0.262341 -0.0297654
0.472822 -0.0933758 -0.27102 0.0178337 -0.177216 -0.98401
-0.0521782 -0.27227 -0.239236 0.134368 -0.584782 -0.799984
-0.226641 0.21376 0.139283 -0.964516 -0.26234 0.0297657
0.427834 -0.1428 -0.253182 0.145354 -0.621731 -0.769625
-0.0502614 -0.19811 -0.184035 0.262894 -0.94385 0.200085
0.473201 -0.0191996 0.245753 -0.194833 0.631131 -0.750809
0.503126 0.0868218 0.289888 -0.0178337 0.177216 0.98401
0.428383 0.329835 -0.00968573 0.964516 0.262341 -0.0297662
0.126202 -0.248067 -0.145186 0.263421 -0.948563 0.175607
0.0624422 -0.252824 -0.075242 0.263421 -0.948563 0.175607
0.11324 -0.106677 0.262347 -0.0982263 0.251899 -0.962756
0.145664 -0.190531 -0.171895 -0.232776 0.791738 -0.56477
-0.112179 -0.212408 0.0922159 -0.964516 -0.262341 0.0297661
-0.0105 0.314454 0.140742 0.122141 -0.343403 0.931212
0.315579 0.185965 -0.324178 0.0178337 -0.177216 -0.98401
0.405429 -0.0277229 0.206575 -0.0439755 0.27079 0.961633
0.108959 0.387352 -0.00883916 -0.263421 0.948563 -0.175607
0.316134 -0.176702 -0.0446086 0.263421 -0.948563 0.175607
0.02096 0.386778 0.120066 -0.263421 0.948563 -0.175607
0.363735 -0.0542664 0.220099 -0.217071 0.852114 0.476216
0.394165 0.440906 -0.139546 0.964516 0.262341 -0.0297661
-0.203878 0.143904 0.261198 -0.964516 -0.262341 0.0297661
0.167571 0.192963 0.264691 -0.0178337 0.177216 0.98401
0.356077 0.032027 -0.295721 0.0178337 -0.177216 -0.98401
0.41866 -0.0597577 0.294031 0.168724 -0.525726 0.833753
0.0832831 -0.119041 0.298424 0.173656 -0.545424 0.819973
0.43839 0.317239 0.203535 0.964516 0.262341 -0.0297662
0.176388 -0.199316 0.0428664 0.263421 -0.948563 0.175607
0.0415745 0.243114 0.253376 -0.0178337 0.177216 0.98401
0.157354 -0.220293 -0.041895 0.263421 -0.948563 0.175607
0.415586 0.365545 -0.109644 0.964516 0.262341 -0.0297662
0.316852 -0.0569987 0.211465 -0.106855 0.490961 0.864604
0.417883 -0.0896298 -0.170413 0.0309441 -0.224286 -0.974032
0.0585314 0.077995 0.28342 -0.0178337 0.177216 0.98401
-0.118209 -0.178753 0.193428 -0.964516 -0.262341 0.0297646
-0.202804 0.0812578 -0.256113 -0.964516 -0.262341 0.0297661
0.2173 0.277535 -0.24524 -0.144837 0.431473 -0.890423
0.106918 -0.10433 0.214871 -0.00468396 0.129725 0.991539
0.35259 0.456435 -0.00113843 -0.263421 0.948563 -0.175607
0.414429 0.382504 0.00235761 0.964516 0.262341 -0.0297662
-0.0603998 -0.230764 0.228191 0.263421 -0.948563 0.175607
0.392732 0.470322 0.0732816 0.964516 0.262341 -0.0297661
-0.0304909 0.275502 0.159263 -0.251727 0.947736 0.196034
0.375211 0.333797 -0.348197 -0.0403135 0.0349129 -0.998577
0.0847907 0.256321 0.25178 -0.0178337 0.177216 0.98401
-0.441996 -0.0347415 0.00188718 -0.263594 0.963237 -0.0518822
0.405191 0.403398 -0.112847 0.964516 0.26234 -0.029766
-0.266542 -0.0583053 -0.00662337 0.251727 -0.947736 -0.196036
-0.0453629 0.234002 -0.313826 -0.173656 0.545424 -0.819973
0.154701 -0.0415498 -0.286119 0.0178337 -0.177216 -0.98401
-0.489563 -0.102089 0.034481 -0.964514 -0.262349 0.0297604
0.41335 -0.109804 0.170918 0.263421 -0.948563 0.175607
0.537273 -0.075326 -0.0521742 0.964516 0.262341 -0.0297662
0.451133 0.226413 -0.184022 0.964516 0.262341 -0.0297662
0.4968 0.0669068 -0.110061 0.964516 0.262341 -0.0297662
0.076578 0.346188 -0.182619 -0.263421 0.948563 -0.175607
-0.11201 0.29419 -0.180599 -0.263421 0.948563 -0.175607
0.515397 -0.00804165 -0.168022 0.964516 0.262341 -0.0297662
-0.150402 0.298089 -0.101946 -0.263421 0.948563 -0.175607
-0.183204 0.0101214 -0.247971 -0.964516 -0.262341 0.0297661
-0.10128 0.229775 -0.32348 0.964516 0.262341 -0.0297671
0.179731 0.371194 -0.202282 -0.263421 0.948563 -0.175607
-0.151078 -0.149774 -0.00155424 0.262515 -0.964926 0.00206726
-0.0365469 0.23015 -0.236867 0.0822829 -0.4058 -0.91025
0.384713 -0.124203 -0.177557 -0.219211 0.732866 -0.644092
-0.0930042 0.208992 -0.281324 0.0733401 -0.15791 0.984726
-0.241486 0.258754 0.0547926 -0.964516 -0.26234 0.0297661
0.135663 -0.176429 0.227585 0.263421 -0.948563 0.175607
0.121028 -0.195247 0.14789 0.263421 -0.948563 0.175607
0.471167 0.181316 0.067697 0.964516 0.262341 -0.0297662
0.120502 0.284084 0.247428 -0.0178337 0.177216 0.98401
0.214785 -0.166511 0.162469 0.263421 -0.948563 0.175607
0.504405 -0.157952 0.228135 -0.0178337 0.177216 0.98401
0.358629 -0.108461 -0.270373 0.0178337 -0.177216 -0.98401
0.427543 -0.209055 -0.120358 -0.964516 -0.262341 0.0297664
0.103749 -0.206193 -0.184293 -0.262515 0.964926 -0.00205873
-0.204632 0.0929318 -0.212465 -0.964516 -0.262341 0.029766
0.100408 -0.249218 -0.184968 0.198877 -0.796046 -0.571628
-0.205872 0.101869 -0.173887 -0.964516 -0.26234 0.0297662
0.432461 0.343362 0.241656 0.964516 0.262341 -0.0297662
-0.0148944 0.381609 0.145927 -0.263421 0.948563 -0.175607
0.486975 -0.215411 0.0436645 0.263421 -0.948563 0.175607
0.00374475 0.328665 -0.168014 -0.263421 0.948563 -0.175607
-0.198065 0.0513373 0.139825 -0.0696757 0.361656 0.929705
0.217693 0.387275 -0.17236 -0.263421 0.948563 -0.175607
-0.218891 0.146709 -0.200548 -0.964516 -0.26234 0.029766
-0.0131368 -0.250452 -0.247596 0.099564 -0.465819 -0.879261
-0.0191009 0.26563 0.248221 -0.0178337 0.177216 0.98401
0.307167 -0.148244 0.12256 0.263421 -0.948563 0.175607
0.526036 -0.0944555 0.115032 0.964516 0.26234 -0.0297661
0.0390677 0.18891 -0.32972 0.0178337 -0.177216 -0.98401
0.457832 0.19841 -0.213767 0.964516 0.262341 -0.0297662
0.215775 -0.183277 0.070421 0.263421 -0.948563 0.175607
-0.172804 -0.0752546 0.0364561 -0.964517 -0.262339 0.0297703
0.37796 0.270324 0.254572 -0.0178336 0.177216 0.98401
-0.098345 0.341012 0.0518185 -0.263421 0.948563 -0.175607
-0.117023 0.329163 0.015833 -0.263421 0.948563 -0.175607
0.432051 -0.0144671 -0.28597 0.0178337 -0.177216 -0.98401
-0.169897 0.116664 -0.320496 0.0178336 -0.177216 -0.98401
0.386733 -0.148492 0.00186703 0.263421 -0.948563 0.175607
-0.075131 0.0592855 0.284367 -0.0178338 0.177216 0.98401
0.447357 -0.0916141 0.218161 0.263421 -0.948563 0.175607
-0.176851 -0.0698497 -0.0470452 -0.964516 -0.262341 0.0297675
0.40373 0.201912 0.26736 -0.0178337 0.177216 0.98401
0.0245163 -0.108702 0.316427 -0.0178336 0.177216 0.98401
0.0648087 0.037266 0.290869 -0.0178337 0.177216 0.98401
-0.11765 -0.149506 0.225243 0.166098 -0.515273 0.840776
-0.253513 0.314307 0.154704 -0.964516 -0.262341 0.0297656
-0.20364 0.0178407 -0.142234 -0.964517 -0.262339 0.0297665
-0.141406 -0.124918 -0.0837357 -0.964516 -0.26234 0.0297656
0.388374 0.347595 -0.250872 0.0946856 -0.448936 -0.888533
-0.131502 -0.156631 -0.0423378 -0.964517 -0.262338 0.0297649
-0.114585 -0.210208 0.0336631 -0.964516 -0.262341 0.0297661
-0.0634041 -0.292065 -0.0984291 0.263421 -0.948563 0.175607
0.433144 -0.197762 -0.0765077 -0.0178338 0.177216 0.98401
-0.16602 0.32089 0.0446413 -0.263421 0.948563 -0.175607
0.295022 -0.0272167 0.242088 0.230957 -0.892968 -0.386352
0.427541 0.314367 -0.173308 0.964516 0.262341 -0.0297662
-0.00769384 -0.156538 0.251226 -0.256322 0.903381 -0.343806
0.40624 0.405535 -0.0600106 0.964516 0.26234 -0.029766
0.0500982 -0.0290572 0.302547 -0.0178337 0.177216 0.98401
0.242423 -0.181866 0.0380664 0.263421 -0.948563 0.175607
0.437971 -0.209057 0.151494 0.263421 -0.948563 0.175607
0.332576 -0.175655 -0.206637 0.198877 -0.796046 -0.571628
0.177921 -0.229338 -0.121602 0.263421 -0.948563 0.175607
-0.0238618 0.037317 -0.303559 0.0178337 -0.177216 -0.98401
-0.0244415 -0.282652 -0.10603 0.263421 -0.948563 0.175607
-0.136078 0.276401 0.14356 0.085891 -0.205164 0.974952
-0.0847872 -0.238465 -0.202002 -0.03094 0.224271 0.974036
0.333828 0.32195 -0.34692 -0.0274639 -0.0124393 -0.999545
0.0139128 -0.126207 0.266199 -0.0216288 -0.0338519 -0.999193
0.362061 -0.178884 -0.125292 0.263421 -0.948563 0.175607
0.521724 -0.201377 0.0673452 0.263421 -0.948563 0.175607
0.541287 -0.146978 0.14632 0.964516 0.26234 -0.0297661
0.439244 0.256681 -0.302509 0.964516 0.262341 -0.0297663
0.169929 -0.240627 -0.170592 0.263421 -0.948563 0.175606
0.0515226 0.125158 0.274799 -0.0178337 0.177216 0.98401
0.0502077 0.358557 -0.0762505 -0.263421 0.948563 -0.175607
0.514573 0.0160996 0.0180647 0.964516 0.262341 -0.0297662
0.366284 0.221123 0.263221 -0.0178336 0.177216 0.98401
-0.215676 0.308948 0.0546225 -0.263421 0.948563 -0.175607
0.296914 -0.167776 -0.230017 0.198877 -0.796046 -0.571628
-0.134559 -0.0410182 0.301355 -0.0178337 0.177216 0.98401
0.454693 0.16201 -0.317343 0.0178337 -0.177216 -0.98401
0.0764307 0.147369 -0.321561 0.0178337 -0.177216 -0.98401
0.10625 0.0746491 0.284888 -0.0178337 0.177216 0.98401
-0.114128 -0.0316753 -0.29277 0.0178337 -0.177216 -0.98401
0.00986416 0.317242 0.186458 0.0309431 -0.224282 -0.974033
0.431745 0.326839 0.072848 0.964514 0.262348 -0.0297783
0.280473 0.20099 -0.32752 0.0178337 -0.177216 -0.98401
0.103899 0.283469 -0.26335 0.262516 -0.964925 0.00207056
0.350078 0.33463 -0.248522 0.0696817 -0.361677 -0.929696
0.344832 -0.0398647 0.255877 -0.0606045 0.110255 -0.992054
0.402856 0.401609 -0.204286 0.964516 0.26234 -0.029766
0.528768 -0.0411903 -0.0268896 0.964516 0.262341 -0.0297662
0.0254438 0.355361 0.201204 -0.198877 0.796046 0.571628
-0.12016 -0.197853 -0.038103 -0.964516 -0.262341 0.0297661
-0.0221047 0.0593675 0.285314 -0.0178337 0.177216 0.98401
-0.200399 0.18619 0.259242 -0.0178338 0.177216 0.98401
0.225059 -0.0822534 0.292869 0.173656 -0.545424 0.819973
-0.205112 0.278936 -0.123335 -0.263421 0.948563 -0.175607
0.0719365 0.337382 -0.223221 -0.263421 0.948563 -0.175607
0.440277 -0.0361995 0.227073 -0.258405 0.961107 0.0974666
0.118669 0.013584 0.29611 -0.0178336 0.177216 0.98401
-0.0776811 0.337719 0.00303493 -0.263421 0.948563 -0.175607
0.389536 0.422911 -0.237646 -0.263421 0.948563 -0.175607
-0.216178 0.179377 0.175267 -0.964516 -0.262341 0.0297662
-0.215192 0.139125 -0.147527 -0.964516 -0.262341 0.0297662
-0.0282169 0.331431 0.215859 -0.198877 0.796046 0.571628
0.255987 -0.0686308 -0.279407 0.0178337 -0.177216 -0.98401
0.402556 0.423561 -0.0205139 0.964516 0.26234 -0.029766
0.144932 0.400281 0.00704037 -0.263421 0.948563 -0.175607
0.29737 -0.131858 0.225768 0.263421 -0.948563 0.175607
0.419057 0.359019 -0.0546711 0.964516 0.262341 -0.0297662
-0.194768 0.201412 -0.248224 0.247445 -0.93751 -0.244635
0.533491 -0.175016 -0.149358 0.0178337 -0.177216 -0.98401
0.168476 -0.113265 0.284224 0.173656 -0.545424 0.819973
0.0247773 -0.248176 0.00636535 0.263421 -0.948563 0.175607
0.540474 -0.107683 -0.23361 0.964517 0.262337 -0.0297617
0.34989 0.261607 -0.337179 0.0178337 -0.177216 -0.98401
0.23104 -0.209258 -0.0928177 0.263421 -0.948563 0.175607
-0.157572 -0.0818341 -0.227865 -0.964516 -0.262341 0.0297661
0.535312 -0.120409 0.186869 0.964516 0.26234 -0.0297661
0.193214 0.151884 0.272554 -0.0178336 0.177216 0.98401
-0.156885 0.287742 -0.148111 -0.263421 0.948563 -0.175607
0.440943 0.0245762 0.299971 -0.0178337 0.177216 0.98401
0.127542 0.382217 -0.0644532 -0.263421 0.948563 -0.175607
0.297538 -0.167881 0.0309334 0.263421 -0.948563 0.175607
-0.00562933 0.311318 -0.247659 -0.263421 0.948563 -0.175607
0.525029 -0.0384798 -0.124153 0.964516 0.26234 -0.0297654
-0.110975 0.0848101 0.279121 -0.0178338 0.177216 0.98401
0.222808 -0.118904 0.268967 0.173656 -0.545424 0.819973
0.25187 0.36417 0.235385 -0.0178337 0.177216 0.98401
-0.407801 -0.0666749 0.0380455 0.0733369 -0.157898 0.984728
0.392481 0.0787913 0.289329 -0.0178337 0.177216 0.98401
-0.128258 0.266195 0.246141 -0.0178338 0.177216 0.98401
0.536879 -0.0672456 0.00629209 0.96452 0.262328 -0.0297613
-0.177616 -0.0511109 0.0933325 -0.964516 -0.262339 0.0297667
-0.145095 -0.0713314 0.268983 -0.964516 -0.262341 0.0297661
-0.124937 -0.140787 0.310061 -0.964516 -0.262341 0.0297661
0.138506 0.36048 -0.198313 -0.263421 0.948563 -0.175607
0.278412 0.348783 -0.333255 -0.168724 0.525727 -0.833753
-0.0812781 -0.12911 0.236808 0.256322 -0.903379 0.343811
0.44605 -0.159936 -0.0209729 -0.964516 -0.262341 0.0297662
-0.184197 0.0632752 0.18832 -0.964516 -0.262341 0.0297662
0.497907 -0.150866 -0.177722 0.263421 -0.948563 0.175606
0.484319 0.0722273 -0.300636 0.0178337 -0.177216 -0.98401
0.378196 -0.182357 -0.181432 0.198877 -0.796046 -0.571628
0.384378 -0.128102 0.115537 0.263421 -0.948563 0.175607
-0.236485 0.260839 0.235212 -0.964517 -0.262337 0.0297652
0.24974 -0.211141 -0.131043 0.263421 -0.948563 0.175607
0.0285815 -0.132101 -0.272097 0.0178337 -0.177216 -0.98401
0.125747 -0.088623 0.309665 0.173656 -0.545424 0.819973
0.489278 0.0902421 -0.148144 0.964516 0.262341 -0.0297662
0.174247 0.371801 0.138945 0.18571 -0.593961 0.782766
0.148773 0.0164381 -0.29667 0.0178337 -0.177216 -0.98401
-0.0430381 -0.238301 -0.197238 -0.163126 0.680772 0.714101
-0.0978178 -0.0719167 -0.285227 0.0178337 -0.177216 -0.98401
0.45863 0.22483 0.0449521 0.964516 0.262341 -0.0297662
-0.374287 -0.0870351 0.0115908 0.261351 -0.932667 0.248653
0.34337 -0.13684 0.129857 0.263421 -0.948563 0.175607
0.052354 -0.141584 0.237846 -0.255383 0.955609 0.146937
-0.166461 -0.108115 -0.0476272 -0.964516 -0.262341 0.0297664
-0.201011 0.303837 0.0050186 -0.263421 0.948563 -0.175607
0.0810584 0.240146 -0.336513 -0.173656 0.545424 -0.819973
-0.242226 -0.0184097 -0.0361117 -0.00848303 -0.08189 -0.996605
0.214645 0.273602 -0.286374 -0.130357 0.571217 0.810381
0.115501 -0.0154281 -0.291534 0.0178337 -0.177216 -0.98401
0.378542 -0.0744703 0.265541 0.173656 -0.545424 0.819973
-0.01272 -0.0238376 -0.292344 0.0178337 -0.177216 -0.98401
0.142429 -0.109176 -0.274163 0.0178337 -0.177216 -0.98401
0.0577629 -0.111296 0.26456 0.0178399 -0.177239 -0.984006
0.388516 0.46791 0.00695209 -0.263421 0.948563 -0.175607
0.155827 0.423689 0.117137 -0.263421 0.948563 -0.175607
-0.184886 0.0227154 -0.191479 -0.964516 -0.262341 0.0297661
-0.0929898 -0.311461 -0.15898 -0.964516 -0.262341 0.0297661
0.4696 0.178287 -0.0097742 0.964517 0.262338 -0.0297612
0.357804 0.302174 -0.270279 -0.263594 0.963237 -0.0518856
0.479756 0.137451 -0.0406061 0.964522 0.262324 -0.0297388
0.203121 -0.0583047 -0.282224 0.0178337 -0.177216 -0.98401
-0.0207418 0.355627 0.0143515 -0.263421 0.948563 -0.175607
0.492971 0.103888 0.0918001 0.964516 0.262341 -0.0297662
0.0104602 -0.270237 -0.0913225 0.263421 -0.948563 0.175607
0.322855 0.383341 0.132484 -0.106853 0.490954 0.864608
-0.195572 0.0148003 0.0924119 -0.964516 -0.262341 0.0297662
0.0154885 -0.279159 -0.147057 0.263421 -0.948563 0.175607
-0.150526 0.165302 -0.247378 -0.256322 0.903377 -0.343816
0.294517 -0.0712241 0.247549 -0.232775 0.791736 -0.564774
0.0725431 0.0825709 -0.309962 0.0178337 -0.177216 -0.98401
0.277413 0.399742 0.17342 0.14164 -0.609275 -0.780207
0.404587 0.43293 0.127855 0.964515 0.262344 -0.0297667
0.236526 -0.206971 -0.196443 0.198877 -0.796046 -0.571628
-0.229643 0.184086 -0.21954 -0.964515 -0.262344 0.0297674
0.484426 -0.196433 0.149999 0.263421 -0.948563 0.175607
-0.182001 0.264634 0.145129 0.085891 -0.205164 0.974952
0.0180134 0.37847 0.0796074 -0.263421 0.948563 -0.175607
-0.284539 -0.0101782 -0.0305653 -0.155662 0.473969 -0.866674
0.447756 -0.25043 -0.086664 0.263421 -0.948563 0.175607
-0.206103 0.156796 -0.32838 0.0178338 -0.177217 -0.98401
0.432705 -0.170527 -0.189071 0.263623 -0.963123 0.0538331
0.540813 -0.167447 -0.0494625 0.964516 0.26234 -0.0297661
0.402765 0.017118 -0.292189 0.0178337 -0.177216 -0.98401
-0.183668 -0.0414753 -0.0178633 -0.964516 -0.262342 0.0297704
-0.220219 0.165622 -0.0768812 -0.964516 -0.26234 0.029766
0.0701187 0.160263 0.268814 -0.0178337 0.177216 0.98401
0.356391 -0.119932 0.201655 0.263421 -0.948563 0.175607
0.229542 0.16947 -0.322767 0.0178337 -0.177216 -0.98401
0.16026 0.27134 -0.240918 -0.047718 0.0623253 -0.996915
0.150276 0.418357 0.156906 -0.198877 0.796046 0.571628
-0.150032 0.205922 -0.273896 0.194833 -0.631129 0.750811
-0.225318 0.20349 0.0916266 -0.964516 -0.26234 0.0297661
0.467214 0.208171 0.176281 0.964516 0.262337 -0.0297914
0.460617 -0.037203 0.29842 0.125866 -0.357768 0.925289
0.462648 -0.108573 -0.194691 -0.262515 0.964926 -0.00205873
-0.188303 0.0834287 0.232886 -0.964516 -0.262341 0.0297662
-0.0984008 -0.265912 0.0671206 -0.964516 -0.262341 0.0297661
-0.215863 0.130625 -0.244178 -0.964516 -0.26234 0.029766
-0.135976 0.349614 0.178723 -0.255719 0.956277 0.141925
0.435949 -0.231377 -0.0446977 -0.964517 -0.262339 0.0297658
-0.0294398 -0.252907 0.0621395 0.263421 -0.948563 0.175607
-0.0408061 -0.153582 0.222135 -0.0946853 0.448934 0.888534
0.290589 -0.0364945 -0.284567 0.0178337 -0.177216 -0.98401
0.523352 0.0157066 0.299073 0.964515 0.262343 -0.0297663
0.400894 0.436303 0.0379381 0.964516 0.262341 -0.0297661
0.389951 -0.0349517 -0.283044 0.0178337 -0.177216 -0.98401
0.415059 -0.16101 -0.10824 0.263421 -0.948563 0.175607
0.512674 0.0294846 0.0744861 0.964516 0.262341 -0.0297662
0.326588 -0.153491 0.0650841 0.263421 -0.948563 0.175607
-0.162807 0.120519 0.27175 -0.0178337 0.177216 0.98401
0.507212 0.0172118 -0.210659 0.964516 0.262337 -0.0297833
0.513671 0.0471809 0.262758 0.964516 0.262341 -0.0297654
0.347141 0.37172 -0.33256 -0.178484 0.564792 -0.805701
0.274868 -0.167031 0.069531 0.263421 -0.948563 0.175607
-0.0127621 -0.0776528 0.31016 -0.0178338 0.177216 0.98401
0.315687 -0.11854 -0.269336 0.0178337 -0.177216 -0.98401
0.541128 -0.152812 0.0897448 0.964516 0.26234 -0.0297661
0.209092 0.318012 -0.311834 -0.173656 0.545424 -0.819973
-0.12746 -0.136389 0.267036 -0.964516 -0.262341 0.0297661
0.0133808 0.210698 -0.25046 -0.252848 0.885348 -0.390162
0.281305 0.408234 0.22738 -0.0499457 0.292 0.955113
0.107117 0.342411 0.183743 0.0178338 -0.177217 -0.98401
0.18025 0.304235 -0.265935 0.262516 -0.964925 0.00207056
-0.0960463 0.180157 0.26222 -0.0178338 0.177216 0.98401
0.245108 0.41896 -0.0423337 -0.263421 0.948563 -0.175607
0.249404 -0.0489299 0.254694 0.118754 -0.53175 -0.838534
0.393144 0.450297 -0.0898822 0.964516 0.262341 -0.0297661
-0.236482 0.245851 0.103228 -0.964516 -0.26234 0.0297661
0.0361441 -0.271687 -0.21277 0.225638 -0.877575 -0.423024
0.322467 0.475089 0.147437 -0.263623 0.963122 -0.0538369
-0.12487 -0.189808 -0.11981 -0.964516 -0.262341 0.0297666
0.193239 -0.166495 -0.164593 -0.133656 0.387922 -0.91195
0.251577 -0.167837 -0.245705 0.198877 -0.796046 -0.571628
-0.13816 -0.14486 -0.154322 -0.964516 -0.26234 0.0297645
0.356449 0.162691 0.273566 -0.0178336 0.177216 0.98401
0.415744 0.343564 -0.298244 0.964517 0.262337 -0.0297661
0.434658 0.297699 -0.0895913 0.964516 0.262341 -0.0297662
-0.0953659 -0.287515 -0.025908 0.263421 -0.948563 0.175607
0.239857 0.409097 -0.0877348 -0.263421 0.948563 -0.175607
-0.0149501 0.331329 -0.12558 -0.263421 0.948563 -0.175607
0.0851507 0.215933 0.259061 -0.0178337 0.177216 0.98401
0.240815 0.369034 0.131984 -0.0211173 0.189032 0.981744
0.0756374 -0.189878 0.244979 0.263421 -0.948563 0.175607
0.450378 -0.171044 0.0213762 -0.964516 -0.262341 0.0297662
0.373105 -0.143692 0.04824 0.263421 -0.948563 0.175607
0.383906 -0.0348348 0.290769 0.173656 -0.545424 0.819973
0.106324 0.413974 0.138917 -0.263421 0.948563 -0.175607
-0.176376 0.339591 0.169118 -0.262591 0.964895 -0.00478547
0.121504 0.363705 -0.155387 -0.263421 0.948563 -0.175607
0.159903 0.39672 -0.0346566 -0.263421 0.948563 -0.175607
0.387373 -0.0834857 -0.27435 0.0178337 -0.177216 -0.98401
-0.150692 0.34236 0.137624 -0.263421 0.948563 -0.175607
0.123067 0.355017 0.138578 0.1661 -0.515285 0.840769
-0.0871921 -0.243603 0.19903 0.263421 -0.948563 0.175607
0.426681 0.323185 -0.123466 0.964516 0.262341 -0.0297662
0.116062 0.0786054 -0.308459 0.0178337 -0.177216 -0.98401
0.312872 0.305346 -0.292189 -0.0696805 0.361673 0.929697
-0.175561 -0.00868473 -0.166063 -0.964516 -0.262341 0.0297661
0.318058 0.127361 0.279233 -0.0178336 0.177216 0.98401
0.420718 -0.15164 0.164508 -0.964516 -0.262341 0.0297659
0.00400032 -0.224901 0.163258 0.263421 -0.948563 0.175607
0.49009 0.0806549 -0.206315 0.964516 0.262339 -0.0297721
0.414319 0.394448 0.104058 0.964516 0.262341 -0.0297662
-0.195472 -0.00143021 -0.047399 -0.964517 -0.262337 0.0297663
0.198866 0.401403 -0.0678074 -0.263421 0.948563 -0.175607
0.239947 -0.157988 -0.168193 -0.166099 0.515278 -0.840774
0.518463 -0.0239039 -0.208447 0.964516 0.262343 -0.0297546
0.0301599 -0.185788 0.273053 0.964516 0.26234 -0.0297656
0.351882 -0.143681 -0.244447 0.198877 -0.796046 -0.571628
-0.192657 0.165135 -0.275267 -0.106857 0.490968 0.8646
0.164975 0.24703 0.254907 -0.0178337 0.177216 0.98401
0.186099 -0.110924 -0.273056 0.0178337 -0.177216 -0.98401
0.357902 0.333866 0.242765 -0.0178336 0.177216 0.98401
0.138278 -0.145716 0.269034 0.173656 -0.545424 0.819973
-0.0482736 0.172586 -0.328363 0.0178337 -0.177216 -0.98401
-0.208047 0.0438456 -0.0558374 -0.964516 -0.262341 0.0297661
0.330311 -0.0855509 0.268385 0.173656 -0.545424 0.819973
-0.216347 0.201804 -0.324218 -0.125864 0.357762 -0.925292
-0.134944 0.0163909 -0.301804 0.0178336 -0.177216 -0.98401
0.192525 -0.206282 -0.0189683 0.263421 -0.948563 0.175607
0.278747 0.116879 0.280409 -0.0178336 0.177216 0.98401
0.111812 0.249536 -0.241649 -0.144838 0.43148 -0.89042
0.444318 0.266027 -0.0557106 0.964516 0.262341 -0.0297662
0.468657 0.175286 -0.0667949 0.964516 0.262341 -0.0297662
-0.101159 -0.232108 0.273801 0.256494 -0.9043 0.341251
-0.238601 0.020668 -0.00214405 -0.262516 0.964925 -0.0020681
0.198423 -0.0973922 0.222279 -0.201025 0.802779 0.561369
0.310197 -0.0514145 0.295352 0.173656 -0.545424 0.819973
0.315996 0.229744 -0.332055 0.0178337 -0.177216 -0.98401
-0.203586 0.0223508 -0.100746 -0.964516 -0.262341 0.0297659
-0.165208 -0.0957758 0.101749 -0.964516 -0.262341 0.0297662
-0.324998 -0.00920224 -0.018866 -0.232775 0.791734 -0.564777
-0.0221487 -0.126519 0.318704 -0.0113615 0.153877 0.988025
0.244749 0.246877 0.25638 -0.0178336 0.177216 0.98401
-0.119581 -0.220094 -0.215357 -0.964516 -0.262341 0.0297662
0.41731 0.394081 0.197725 0.964516 0.262341 -0.0297662
-0.216961 0.158279 -0.0360257 -0.964516 -0.262341 0.0297662
0.0277309 -0.0526249 -0.286426 0.0178337 -0.177216 -0.98401
0.0610288 -0.151773 0.281365 0.173656 -0.545424 0.819973
-0.0946918 0.233392 0.252657 -0.0178338 0.177216 0.98401
-0.19973 0.0186714 0.023429 -0.152574 0.645832 0.748079
0.357389 0.478387 0.110241 -0.263421 0.948563 -0.175607
-0.222034 0.232479 0.189327 -0.185708 0.593953 -0.782772
0.187282 -0.136048 -0.198447 0.244022 -0.84272 0.47987
0.503606 0.0227409 -0.278785 0.964516 0.262341 -0.0297663
0.250864 0.311879 -0.32476 -0.173656 0.545424 -0.819973
0.0843083 0.0356965 -0.301307 0.0178337 -0.177216 -0.98401
-0.171353 0.306236 -0.02651 -0.263421 0.948563 -0.175607
-0.250488 0.28231 -0.0292759 -0.964516 -0.262341 0.0297662
-0.0590867 0.33371 -0.0465142 -0.263421 0.948563 -0.175607
0.238807 0.348472 -0.297866 -0.173656 0.545424 -0.819973
0.435784 0.274208 -0.260135 0.964516 0.262341 -0.0297639
0.542682 -0.169015 -0.00270119 0.964516 0.26234 -0.0297661
0.0561903 0.325737 0.185711 -0.00848252 -0.0818918 -0.996605
0.527533 -0.0530579 -0.171524 0.964516 0.262341 -0.0297662
0.383153 0.294704 -0.342537 0.0178337 -0.177216 -0.98401
0.278305 0.388884 0.130732 0.073337 -0.157899 0.984728
-0.229953 0.13132 0.00527459 -0.964516 -0.262341 0.0297669
0.440731 0.263613 -0.193206 0.964516 0.262341 -0.0297662
0.288986 0.218708 0.262255 -0.0178336 0.177216 0.98401
0.31079 0.414931 -0.162625 -0.263421 0.948563 -0.175607
0.183759 0.424232 0.078172 -0.263421 0.948563 -0.175607
0.260742 0.403139 -0.151248 -0.263421 0.948563 -0.175607
0.3492 0.431983 -0.128133 -0.263421 0.948563 -0.175607
0.258475 0.281089 -0.252348 -0.219211 0.732865 -0.644093
0.420802 0.312503 -0.34506 0.0178337 -0.177216 -0.98401
0.428784 0.131345 -0.31229 0.0178337 -0.177216 -0.98401
0.185545 0.367235 0.180375 0.0568952 -0.316613 -0.946847
-0.0921291 -0.211714 -0.167653 0.224291 -0.873623 -0.43183
0.446793 0.080229 0.290055 -0.0178337 0.177216 0.98401
0.399165 -0.101151 0.238938 0.263421 -0.948563 0.175607
0.181624 0.416134 0.0376276 -0.263421 0.948563 -0.175607
0.333266 0.467559 0.190688 -0.211112 0.834011 0.509762
-0.0913216 0.319078 -0.0771955 -0.263421 0.948563 -0.175607
0.527781 -0.0310887 0.0301477 0.964516 0.262341 -0.0297662
0.150354 0.300211 -0.311235 -0.173656 0.545424 -0.819973
-0.135293 0.281626 -0.213539 -0.263421 0.948563 -0.175607
0.496319 0.0973227 0.142421 0.964516 0.262341 -0.0297662
-0.226514 -0.0466372 0.00779779 0.261351 -0.932667 0.248653
0.448538 0.278022 0.186729 0.964516 0.262341 -0.0297654
0.442696 -0.219243 0.0893857 0.263421 -0.948563 0.175607
-0.103104 -0.239839 0.144515 -0.964516 -0.262341 0.0297661
-0.0753256 -0.0457367 0.303278 -0.0178337 0.177216 0.98401
0.284986 -0.147663 -0.262176 0.198877 -0.796046 -0.571628
-0.247352 -0.00585013 0.0314049 -0.0568949 0.316611 0.946847
0.230339 0.427932 0.0282814 -0.263421 0.948563 -0.175607
0.106321 -0.0833737 -0.279464 0.0178337 -0.177216 -0.98401
0.361445 -0.00164705 0.303253 -0.0178336 0.177216 0.98401
-0.054066 0.276203 -0.283912 -0.173656 0.545424 -0.819973
0.284756 0.440036 0.0120355 -0.263421 0.948563 -0.175607
0.0816391 -0.232765 0.00431355 0.263421 -0.948563 0.175607
0.442467 0.128407 0.2813 -0.0178337 0.177216 0.98401
0.00344882 0.214851 0.257775 -0.0178337 0.177216 0.98401
0.100015 0.404877 0.0992414 -0.263421 0.948563 -0.175607
0.272438 -0.181527 -0.0051228 0.263421 -0.948563 0.175607
0.279861 0.46345 0.147912 -0.264019 0.959029 -0.102745
0.451544 0.271326 0.225131 0.964516 0.262341 -0.0297662
0.414625 0.159443 0.275205 -0.0178337 0.177216 0.98401
-0.114346 -0.229646 -0.129935 -0.964516 -0.262341 0.0297661
0.316822 0.419753 0.154212 0.260784 -0.964214 -0.0477718
0.370149 0.483175 0.17816 -0.23799 0.912685 0.332215
0.0854141 -0.217889 0.0790053 0.263421 -0.948563 0.175607
0.0385776 0.26618 -0.310199 -0.173656 0.545424 -0.819973
-0.0248051 -0.168427 0.313713 0.125864 -0.357762 0.925292
0.490585 0.0939756 -0.0728774 0.964514 0.262349 -0.0297796
-0.0909581 0.186035 -0.331559 0.0178336 -0.177216 -0.98401
0.340242 -0.0572753 -0.279925 0.0178337 -0.177216 -0.98401
0.055905 0.220583 -0.266703 -0.251727 0.947737 0.196032
0.497743 -0.185188 0.190763 0.263421 -0.948563 0.175607
0.315589 0.0056212 0.301113 -0.0178336 0.177216 0.98401
-0.10523 -0.265628 -0.151651 -0.964516 -0.262341 0.0297661
-0.218786 0.0912099 0.0136089 -0.964516 -0.26234 0.029763
0.0125905 0.28666 0.162734 -0.262516 0.964925 -0.00207056
-0.0713037 0.317064 0.220876 -0.198877 0.796046 0.571628
-0.205905 0.0523117 0.0881675 -0.964517 -0.262337 0.0297639
-0.199698 0.273316 -0.161817 -0.263421 0.948563 -0.175607
0.012721 0.147076 -0.322663 0.0178337 -0.177216 -0.98401
0.507183 0.0336979 -0.0663056 0.964516 0.262341 -0.0297662
0.0795793 -0.111483 -0.274886 0.0178337 -0.177216 -0.98401
0.253732 0.00168141 0.300702 -0.0178336 0.177216 0.98401
0.335174 0.0643044 0.2909 -0.0178336 0.177216 0.98401
0.0602494 -0.269667 -0.162932 0.263421 -0.948563 0.175607
0.12969 0.405025 0.055525 -0.263421 0.948563 -0.175607
0.540607 -0.1001 -0.162466 0.964516 0.26234 -0.0297654
0.0208956 -0.208193 0.228161 0.263421 -0.948563 0.175607
0.357731 -0.110711 0.245842 0.173656 -0.545424 0.819973
0.0263395 -0.241071 -0.248095 0.099564 -0.465819 -0.879261
0.502149 -0.0965951 -0.188876 -0.259159 0.919164 -0.296604
0.0824918 0.311908 0.241728 -0.0178337 0.177216 0.98401
0.332029 0.4082 -0.230845 -0.263421 0.948563 -0.175607
0.412985 0.367084 -0.180352 0.964515 0.262345 -0.0297671
-0.00804363 0.289384 -0.284891 -0.173656 0.545424 -0.819973
-0.138721 -0.110031 0.134478 -0.964516 -0.26234 0.0297668
-0.194722 0.0550083 -0.225576 -0.964516 -0.262341 0.0297661
-0.350243 -0.0681785 -0.0250353 0.141644 -0.60929 -0.780194
0.479622 0.122486 -0.176848 0.964516 0.262341 -0.0297662
-0.174533 0.269981 0.191238 0.0696765 -0.361659 -0.929703
0.140412 0.215611 -0.332692 0.0178337 -0.177216 -0.98401
0.526872 -0.0678067 -0.22158 0.00848231 0.0818925 0.996605
0.0307403 -0.194865 -0.260755 0.0178337 -0.177216 -0.98401
0.486263 0.132012 0.122301 0.964516 0.262341 -0.0297662
-0.19556 0.0669247 -0.147735 -0.964516 -0.26234 0.0297665
0.49793 0.0713081 -0.034662 0.964516 0.262341 -0.0297662
0.205207 0.27244 0.25106 -0.0178337 0.177216 0.98401
-0.215647 0.254507 -0.239489 -0.263421 0.948563 -0.175607
0.173337 -0.173454 0.187137 0.263421 -0.948563 0.175607
-0.0972245 -0.172644 0.320408 0.0781668 -0.176047 0.981273
0.298202 -0.0777388 -0.277001 0.0178337 -0.177216 -0.98401
0.178225 -0.162749 0.237634 0.263421 -0.948563 0.175607
-0.2128 0.0982409 -0.116239 -0.194832 0.631124 -0.750815
0.415983 -0.129854 0.203096 -0.964516 -0.26234 0.0297663
0.53117 -0.0223805 0.216715 0.964516 0.26234 -0.0297661
0.530822 -0.0266444 0.167856 0.964516 0.26234 -0.0297661
-0.155807 -0.136373 0.0485675 -0.964516 -0.26234 0.0297678
-0.366392 -0.0174118 -0.0124682 -0.248745 0.865114 -0.435551
0.133328 0.338058 -0.282455 -0.173656 0.545424 -0.819973
0.469644 -0.0665762 0.273972 0.227275 -0.767598 0.599282
-0.170669 -0.0371361 -0.258314 -0.964516 -0.262341 0.0297649
0.0847969 -0.0449348 -0.286777 0.0178337 -0.177216 -0.98401
-0.502435 -0.059795 -0.00986067 -0.964518 -0.262331 0.0297827
-0.116158 -0.190722 0.154411 -0.964516 -0.26234 0.0297664
0.0647883 0.391007 0.0771613 -0.263421 0.948563 -0.175607
0.266687 0.246067 -0.335888 0.0178337 -0.177216 -0.98401
0.537049 -0.158042 -0.0885435 0.964516 0.26234 -0.0297661
-0.0147036 0.355128 0.18756 -0.198877 0.796046 0.571628
0.449882 0.0118147 0.242696 0.192245 -0.775097 -0.601885
0.168391 0.0871929 -0.309057 0.0178337 -0.177216 -0.98401
0.386386 0.41206 0.229198 -0.0178336 0.177216 0.98401
0.240698 0.183212 0.267773 -0.0178336 0.177216 0.98401
0.438675 -0.250417 -0.124174 -0.964516 -0.262341 0.0297664
0.539335 -0.0712034 0.0509962 0.964516 0.26234 -0.0297661
-0.0185563 0.0162546 0.293142 -0.0178337 0.177216 0.98401
-0.139375 -0.101936 0.18461 -0.964516 -0.262341 0.0297661
0.392308 0.395152 0.166088 -0.226273 0.763244 -0.605193
0.242229 -0.00341085 -0.291402 0.0178337 -0.177216 -0.98401
0.540044 -0.0576721 0.193211 0.964516 0.26234 -0.0297661
0.2607 0.042238 -0.299288 0.0178337 -0.177216 -0.98401
0.500138 0.0686384 0.0133499 0.964516 0.262341 -0.0297662
0.548844 -0.135305 -0.205841 0.964516 0.26234 -0.0297615
0.117828 0.160366 -0.323152 0.0178337 -0.177216 -0.98401
0.143165 -0.156842 -0.265565 0.0178337 -0.177216 -0.98401
-0.204579 0.14028 0.206554 -0.964516 -0.262341 0.0297662
0.404028 0.402237 -0.16076 0.964516 0.26234 -0.029766
0.410908 0.369584 -0.225629 0.964516 0.26234 -0.029766
0.431985 -0.0848831 0.26224 0.249122 -0.866936 0.431695
-0.295442 -0.0419722 0.0332724 0.11032 -0.298019 0.948164
0.267209 -0.0813904 0.284516 0.173656 -0.545424 0.819973
-0.192057 0.269348 0.244417 -0.0178336 0.177216 0.98401
0.403593 -0.151222 -0.0381693 0.263421 -0.948563 0.175607
0.534455 -0.044395 0.129151 0.964516 0.26234 -0.0297661
0.369363 0.449394 0.217148 -0.111443 0.506726 0.854874
0.122105 0.241691 0.255091 -0.0178337 0.177216 0.98401
-0.0985475 -0.281829 -0.0779125 -0.964516 -0.262341 0.0297661
0.247922 0.448996 0.115685 -0.263421 0.948563 -0.175607
0.462514 0.012269 -0.290233 0.0178337 -0.177216 -0.98401
0.250941 0.390259 -0.206115 -0.263421 0.948563 -0.175607
0.0866575 0.365291 -0.094551 -0.263421 0.948563 -0.175607
-0.107892 -0.179209 -0.266087 0.0178337 -0.177216 -0.98401
0.128011 0.371193 0.214841 -0.198877 0.796046 0.571628
-0.0151339 0.110956 -0.316663 0.0178337 -0.177216 -0.98401
-0.00244654 0.157014 0.268084 -0.0178337 0.177216 0.98401
0.0294703 0.0498275 -0.304846 0.0178337 -0.177216 -0.98401
0.52416 -0.00741765 0.121453 0.964516 0.262341 -0.0297662
0.204494 0.0573239 -0.303024 0.0178337 -0.177216 -0.98401
-0.44252 -0.104147 -0.00797166 0.230956 -0.892966 -0.386356
0.0032304 0.213218 -0.334747 0.0178337 -0.177216 -0.98401
0.438068 0.297383 0.0181103 0.964516 0.262341 -0.0297662
0.225538 -0.0979288 -0.274682 0.0178337 -0.177216 -0.98401
-0.245919 0.257125 -0.103212 -0.964516 -0.262341 0.0297662
0.114131 0.395677 0.175915 -0.198877 0.796046 0.571628
-0.214711 0.261985 -0.200502 -0.263421 0.948563 -0.175607
0.120009 0.326522 0.239776 -0.0178337 0.177216 0.98401
-0.148709 -0.0625904 0.228938 -0.964516 -0.262341 0.0297662
0.189432 -0.181699 0.118458 0.263421 -0.948563 0.175607
0.505942 0.0646479 0.166248 0.964516 0.262341 -0.0297662
-0.326839 -0.0127807 0.0244078 -0.173271 0.714013 0.678353
-0.240441 0.266657 0.1583 -0.964516 -0.262341 0.0297656
0.482715 -0.236118 -0.139274 0.0178337 -0.177216 -0.98401
-0.0559479 0.351825 0.0466284 -0.263421 0.948563 -0.175607
-0.0433827 -0.279081 -0.0583286 0.263421 -0.948563 0.175607
0.117638 -0.230204 -0.0358516 0.263421 -0.948563 0.175607
0.232812 0.423332 0.178694 -0.198877 0.796046 0.571628
