ply
format ascii 1.0
comment Created by Open3D
element vertex 512
property double x
property double y
property double z
property double nx
property double ny
property double nz
end_header
0.41977 0.347709 0.227439 0.397429 0.426851 0.812311
-0.161846 -0.502178 -0.22341 -0.397429 -0.426851 -0.812311
0.031616 0.236066 -0.527125 0.597242 0.551745 -0.582134
0.117691 -0.15808 0.0359763 0.792381 -0.518259 0.321775
-0.108091 -0.271912 0.23764 0.397429 0.426851 0.812311
0.232668 0.418 -0.148417 0.597242 0.551745 -0.582134
-0.387177 -0.378729 -0.0471405 -0.584289 -0.537878 0.607695
-0.231926 0.278991 -0.589796 -0.741921 0.104302 -0.662325
-0.244129 -0.226063 0.230072 -0.732306 0.68097 0.00293507
-0.0384428 -0.186742 -0.498591 -0.397429 -0.426851 -0.812311
0.52578 0.0028942 -0.241135 0.597242 0.551745 -0.582134
-0.0183733 -0.572652 0.0263283 0.696673 -0.716503 0.0356539
-0.0444261 0.0483249 -0.570135 -0.397429 -0.426851 -0.812311
-0.313946 0.243014 -0.157276 -0.696673 0.716503 -0.0356539
-0.0253616 -0.34213 0.185012 0.397429 0.426851 0.812311
0.331714 0.164781 0.366646 0.397429 0.426851 0.812311
0.204259 -0.37079 -0.267238 0.696673 -0.716503 0.0356539
-0.448708 0.00765479 -0.350966 -0.397429 -0.426851 -0.812311
-0.330356 0.180823 -0.494111 -0.668222 -0.0591273 -0.741609
0.204854 0.404297 0.253802 0.397429 0.426851 0.812311
-0.126652 0.290137 0.181427 -0.597242 -0.551745 0.582134
0.414864 0.406065 0.172072 -0.445766 0.831708 0.330989
-0.0580188 0.497067 -0.0525854 -0.696673 0.716503 -0.0356539
-0.450088 0.108835 -0.193529 -0.696673 0.716503 -0.0356538
-0.362539 -0.437234 -0.00966892 -0.584289 -0.537878 0.607696
-0.104509 -0.18811 -0.465549 -0.397429 -0.426851 -0.812311
-0.23969 -0.490275 0.0448582 0.0168657 -0.87617 0.481707
-0.369696 -0.156883 0.166025 -0.584289 -0.537878 0.607695
0.381143 -0.181566 0.0791251 0.696673 -0.716503 0.0356539
-0.00650413 0.174045 0.19466 -0.597242 -0.551745 0.582134
0.360948 0.00496431 -0.408283 0.597242 0.551745 -0.582134
0.128131 -0.299067 0.0872858 0.397429 0.426851 0.812311
0.698363 0.13451 0.125967 0.79796 -0.482054 0.36178
-0.0395577 0.171454 0.158294 -0.597242 -0.551745 0.582134
-0.397978 -0.145547 0.148866 -0.584289 -0.537878 0.607695
0.466237 -0.119988 -0.361409 0.788522 -0.611626 -0.064394
-0.324024 -0.373418 -0.259935 -0.510667 -0.298089 -0.80645
0.111399 0.57486 0.209899 0.397429 0.426851 0.812311
-0.299311 -0.284783 0.120494 -0.584289 -0.537878 0.607695
0.532795 -0.0390468 -0.0200765 0.696673 -0.716503 0.0356539
0.023098 0.0225134 0.110977 -0.88388 0.415871 0.214028
0.191536 0.216366 -0.381725 0.597242 0.551745 -0.582134
0.451108 0.116289 0.284662 0.397429 0.426851 0.812311
0.204901 -0.374868 -0.361757 0.696673 -0.716503 0.0356539
-0.117424 0.438888 -0.0609764 -0.696673 0.716503 -0.0356539
0.163563 0.612227 -0.0352281 0.597242 0.551745 -0.582134
0.282321 0.0867204 0.429406 0.190018 0.232227 0.95392
0.534166 0.179016 -0.0656038 0.597242 0.551745 -0.582134
-0.343778 0.0484464 0.13556 0.397429 0.426851 0.812311
-0.556302 -0.22544 -0.074074 -0.584289 -0.537878 0.607695
-0.646732 -0.106864 -0.185738 -0.708479 0.0226878 -0.705368
-0.0257241 0.0639963 0.0706382 -0.597242 -0.551745 0.582134
0.15667 0.49027 -0.157892 0.597242 0.551745 -0.582134
0.417788 0.160992 0.312964 0.768729 -0.186712 0.611715
0.551732 0.00330031 0.272977 0.80121 -0.376977 0.464705
0.643063 0.197345 0.148154 0.397429 0.426851 0.812311
0.377312 -0.19641 -0.144343 0.696673 -0.716503 0.0356539
0.224554 0.229269 -0.335621 0.597242 0.551745 -0.582134
-0.380314 0.0410764 -0.40199 -0.397429 -0.426851 -0.812311
0.110833 0.48677 -0.208234 0.597242 0.551745 -0.582134
-0.29961 0.243092 -0.435813 -0.696673 0.716503 -0.0356538
0.265599 -0.29435 -0.0126949 0.435043 -0.867063 0.242774
0.0839645 -0.198447 0.056021 0.397429 0.426851 0.812311
-0.0911301 -0.140416 -0.490372 -0.689273 -0.0180528 -0.724277
-0.00382631 0.54303 -0.187836 -0.696673 0.716503 -0.0356539
0.361813 -0.223872 -0.393355 0.696673 -0.716503 0.0356539
-0.0740027 0.0313391 0.0207473 0.0143069 0.0635662 0.997875
0.0913369 0.445152 -0.267682 0.597242 0.551745 -0.582134
0.182954 -0.294273 0.0579442 0.397429 0.426851 0.812311
0.23273 0.0132446 -0.53198 0.597242 0.551745 -0.582134
-0.243096 -0.563422 -0.072083 -0.584289 -0.537878 0.607695
-0.0629313 0.455536 0.355629 0.190031 0.23224 0.953915
-0.483301 -0.127891 0.082457 -0.584289 -0.537878 0.607695
0.175794 0.403834 -0.220194 0.597242 0.551745 -0.582134
0.459153 0.0942797 -0.222876 0.597242 0.551745 -0.582134
-0.169289 0.344994 -0.609784 -0.0927391 0.899375 -0.427228
0.108864 -0.217563 -0.505415 -0.397429 -0.426851 -0.812311
-0.326369 -0.0772377 0.193087 0.397429 0.426851 0.812311
0.436284 -0.133913 -0.0406864 0.696673 -0.716503 0.0356539
-0.07271 -0.631476 -0.0940756 0.696673 -0.716503 0.0356539
0.347059 -0.243358 -0.496654 0.696673 -0.716503 0.0356539
-0.521015 -0.0192072 -0.301433 -0.414324 -0.409225 -0.812939
-0.164571 0.397763 0.0338051 -0.696673 0.716503 -0.0356539
0.0826475 -0.477217 -0.0297479 0.696673 -0.716503 0.0356539
-0.264831 -0.446564 0.0760186 -0.584289 -0.537878 0.607696
0.151797 0.515932 -0.138568 0.597242 0.551745 -0.582134
-0.414515 0.0152846 0.187594 0.397429 0.426851 0.812311
-0.188661 0.354064 -0.373668 -0.696673 0.716503 -0.0356539
-0.218466 -0.574065 -0.157933 -0.397429 -0.426851 -0.812311
-0.427419 0.12749 -0.261591 -0.696673 0.716503 -0.0356538
0.0485779 0.314249 0.363536 -0.123983 -0.0713018 0.989719
0.0859538 0.639428 -0.00490254 -0.696673 0.716503 -0.0356539
0.18388 -0.391485 -0.284926 0.696673 -0.716503 0.0356539
-0.0615476 -0.0963845 -0.514905 -0.796582 0.32334 -0.510793
0.55166 0.0452727 0.272629 0.447589 0.373 0.812733
-0.245157 0.00282472 0.111282 0.397429 0.426851 0.812311
0.228743 -0.334288 -0.0121146 0.696673 -0.716503 0.0356539
-0.11753 0.419054 -0.447342 -0.618318 0.778658 -0.106651
-0.0405071 0.523804 0.142547 -0.696673 0.716503 -0.0356539
0.0806082 -0.224884 -0.487744 -0.397429 -0.426851 -0.812311
-0.338104 -0.538801 -0.0760732 -0.584289 -0.537878 0.607696
-0.0369695 0.0891634 -0.595243 -0.397429 -0.426851 -0.812311
0.105891 0.537457 0.232248 0.397429 0.426851 0.812311
-0.00486153 -0.109993 0.10205 0.397429 0.426851 0.812311
0.151729 -0.260857 -0.503637 -0.397429 -0.426851 -0.812311
0.548575 0.111644 -0.114676 0.597242 0.551745 -0.582134
0.433168 0.0224552 0.342747 0.397429 0.426851 0.812311
-0.180281 -0.45722 0.082313 -0.584289 -0.537878 0.607696
-0.0275741 0.0347037 0.0409768 -0.597242 -0.551745 0.582134
0.265509 -0.230884 0.0899432 -0.597242 -0.551745 0.582134
0.377334 0.440643 0.0214626 0.597242 0.551745 -0.582134
0.0397337 -0.388536 -0.38175 -0.397429 -0.426851 -0.812311
0.429089 -0.159335 -0.410988 0.696673 -0.716503 0.0356539
0.0604106 0.148878 -0.580219 0.597242 0.551745 -0.582134
0.093704 -0.193474 0.0486427 0.397429 0.426851 0.812311
0.511324 0.0849919 -0.178154 0.597242 0.551745 -0.582134
0.479903 0.369423 0.186609 0.397429 0.426851 0.812311
-0.13445 -0.289274 0.25966 0.397429 0.426851 0.812311
0.0597282 0.295939 -0.441535 0.597242 0.551745 -0.582134
-0.0580304 0.512362 0.255009 -0.696673 0.716503 -0.0356539
0.195031 -0.383215 -0.336627 0.696673 -0.716503 0.0356539
-0.173916 -0.310826 0.271177 -0.231637 -0.177633 0.956447
0.427685 -0.141073 -0.0165647 0.696673 -0.716503 0.0356539
-0.388855 -0.233338 -0.253613 -0.397429 -0.426851 -0.812311
0.332989 0.100676 0.396282 0.622047 0.139539 0.770445
0.0409759 0.189368 0.257896 -0.597242 -0.551745 0.582134
-0.0268237 0.146939 0.148123 -0.597242 -0.551745 0.582134
0.0143592 -0.552917 -0.216669 0.696673 -0.716503 0.0356539
-0.284981 0.249782 -0.525325 -0.786175 0.546439 -0.288676
0.394268 -0.182887 -0.203898 0.696673 -0.716503 0.0356539
-0.387505 -0.12286 -0.312327 -0.397429 -0.426851 -0.812311
-0.182581 0.365871 0.181644 -0.900453 0.0109808 0.434816
0.364633 -0.197722 0.0770478 0.696673 -0.716503 0.0356539
0.058547 -0.496861 0.046411 0.696673 -0.716503 0.0356539
-0.266738 0.258593 -0.551716 -0.79843 0.340034 -0.496877
-0.304048 -0.332695 -0.282617 -0.726165 0.063793 -0.684554
-0.575744 -0.0105072 -0.136547 -0.696673 0.716503 -0.0356538
-0.319924 -0.570182 -0.0981521 -0.0729623 -0.853417 0.516096
0.0439319 -0.296239 -0.432304 -0.397429 -0.426851 -0.812311
-0.180898 0.379515 -0.0138769 -0.696673 0.716503 -0.0356539
0.399468 0.0796299 -0.297996 0.597242 0.551745 -0.582134
-0.116827 0.182563 0.089548 -0.597242 -0.551745 0.582134
-0.0587724 0.219984 0.184577 -0.597242 -0.551745 0.582134
0.222106 -0.0364802 0.27222 0.184749 -0.904318 0.384809
-0.478649 -0.208563 -0.222699 -0.397429 -0.426851 -0.812311
0.192856 0.323355 -0.278967 0.597242 0.551745 -0.582134
-0.431468 -0.433075 -0.150093 -0.800955 0.448467 -0.396672
-0.288059 0.26308 -0.259841 -0.696673 0.716503 -0.0356539
0.344148 0.520078 0.124583 0.440279 0.466275 0.767295
-0.423274 -0.409695 -0.117576 -0.713555 -0.686982 0.137458
-0.0982146 0.457853 -0.0552256 -0.696673 0.716503 -0.0356539
-0.224715 0.271586 0.0632355 -0.597242 -0.551745 0.582134
0.145511 -0.0956452 -0.636461 -0.397429 -0.426851 -0.812311
0.553615 0.236339 0.00868101 0.597242 0.551745 -0.582134
0.176386 0.419684 -0.204564 0.597242 0.551745 -0.582134
0.125293 -0.439531 -0.105682 0.696673 -0.716503 0.0356539
-0.321367 -0.440961 0.0266187 -0.584289 -0.537878 0.607696
0.367352 0.419336 -0.00897228 0.597242 0.551745 -0.582134
0.132196 -0.260483 -0.494277 -0.397429 -0.426851 -0.812311
0.195915 -0.336004 -0.485728 -0.380219 -0.444298 -0.811192
-0.115468 -0.198237 -0.454865 -0.397429 -0.426851 -0.812311
-0.163239 0.399149 0.0356142 -0.696673 0.716503 -0.0356539
-0.0317925 0.102399 0.100811 -0.597242 -0.551745 0.582134
-0.242603 0.304936 -0.306901 -0.696673 0.716503 -0.0356539
-0.364673 -0.424575 -0.214005 -0.397429 -0.426851 -0.812311
0.297995 -0.260276 0.050946 0.435043 -0.867063 0.242774
0.0780367 -0.484136 -0.0786832 0.696673 -0.716503 0.0356539
-0.00776762 -0.572487 -0.22724 0.536844 -0.814235 -0.220953
-0.321714 0.236769 -0.130984 -0.696673 0.716503 -0.0356539
0.210504 -0.194588 0.0679117 -0.597242 -0.551745 0.582134
0.567211 -0.0110553 -0.13004 0.696673 -0.716503 0.0356539
0.453481 0.284446 0.244189 0.397429 0.426851 0.812311
-0.422029 -0.28107 0.00578902 -0.584289 -0.537878 0.607695
0.375196 0.0505487 -0.350461 0.597242 0.551745 -0.582134
0.379982 -0.198224 -0.232965 0.696673 -0.716503 0.0356539
0.143855 0.615424 -0.0524183 0.597242 0.551745 -0.582134
0.225532 -0.347013 -0.205098 0.696673 -0.716503 0.0356539
0.155874 0.684223 0.0362485 0.131854 0.849474 -0.510889
-0.170084 -0.0336708 0.09373 0.397429 0.426851 0.812311
-0.150057 0.190241 -0.593028 -0.397429 -0.426851 -0.812311
0.645562 0.102434 0.186513 0.741925 -0.104305 0.66232
-0.133633 0.412912 -0.266279 -0.696673 0.716503 -0.0356539
0.0665957 0.289531 0.363705 -0.219965 -0.166044 0.961272
0.51609 -0.0488922 0.108491 0.696673 -0.716503 0.0356539
-0.231462 -0.225536 -0.334719 -0.397429 -0.426851 -0.812311
0.46405 -0.0320526 -0.33759 0.597242 0.551745 -0.582134
0.350246 0.441646 -0.00537675 0.597242 0.551745 -0.582134
-0.36887 0.0858418 0.128186 0.397429 0.426851 0.812311
-0.0619343 -0.316514 0.218586 0.796701 -0.324333 0.509976
0.455085 -0.016115 -0.331682 0.597242 0.551745 -0.582134
-0.167554 0.370664 0.209828 -0.828322 -0.214061 0.517746
-0.311316 -0.13779 -0.341758 -0.397429 -0.426851 -0.812311
-0.282586 -0.391856 -0.271359 -0.397429 -0.426851 -0.812311
0.0560996 -0.295147 -0.438831 -0.397429 -0.426851 -0.812311
0.00263949 0.548887 -0.195163 -0.681813 0.729821 -0.049923
-0.529418 -0.111948 0.0522282 -0.584289 -0.537878 0.607695
0.386101 -0.190919 -0.205737 0.696673 -0.716503 0.0356539
0.0676366 -0.126263 0.0751292 0.397429 0.426851 0.812311
-0.311499 0.244924 -0.166705 -0.696673 0.716503 -0.0356539
-0.465068 -0.352498 -0.0988142 -0.584289 -0.537878 0.607695
-0.329725 -0.332165 -0.231863 -0.704469 0.707837 -0.0518657
-0.0288301 -0.432246 -0.325236 -0.397429 -0.426851 -0.812311
0.021497 0.222304 0.269128 -0.597242 -0.551745 0.582134
-0.654624 -0.100717 -0.174232 -0.793473 0.30052 -0.529234
-0.536768 -0.0219766 -0.290743 -0.568443 -0.220858 -0.792524
-0.0148819 -0.427739 -0.334429 -0.397429 -0.426851 -0.812311
-0.316691 -0.465934 0.0090112 -0.584289 -0.537878 0.607696
-0.424931 0.144069 0.0229559 -0.696673 0.716503 -0.0356539
-0.139973 0.428456 0.169963 -0.696673 0.716503 -0.0356539
0.329435 -0.0699039 0.308105 -0.597242 -0.551745 0.582134
0.429275 0.327217 0.233557 0.397429 0.426851 0.812311
-0.447667 -0.0240273 0.20048 -0.297615 -0.243463 0.92312
0.239737 0.139129 -0.405479 0.597242 0.551745 -0.582134
0.457234 -0.097189 0.287953 0.696673 -0.716503 0.0356539
0.573704 0.24545 0.0379265 0.597242 0.551745 -0.582134
0.441721 -0.113023 0.27286 0.696673 -0.716503 0.0356539
-0.203357 -0.461788 0.0925312 0.238723 -0.895326 0.376036
0.44565 0.211077 0.284991 0.569261 0.219694 0.79226
0.214967 0.238345 0.336058 0.397429 0.426851 0.812311
0.0712737 -0.168385 0.092254 0.616306 0.148784 0.773324
0.163996 0.289073 -0.34107 0.597242 0.551745 -0.582134
0.106658 -0.182861 0.0367284 0.397429 0.426851 0.812311
0.102738 0.65645 0.0102181 -0.681812 0.729822 -0.0499234
0.313938 0.244051 -0.229907 0.597242 0.551745 -0.582134
0.356657 -0.234028 -0.496715 0.696673 -0.716503 0.0356539
0.488893 0.117306 -0.17054 0.597242 0.551745 -0.582134
0.193452 -0.0268472 -0.610276 0.597242 0.551745 -0.582134
0.377527 0.176565 -0.228631 0.597242 0.551745 -0.582134
-0.242233 -0.519479 -0.19251 0.507355 -0.822027 -0.25858
-0.309409 -0.234445 0.15534 -0.584289 -0.537878 0.607695
-0.574087 -0.245102 -0.1539 -0.584548 -0.595769 -0.550784
0.113828 0.236988 -0.441905 0.597242 0.551745 -0.582134
0.152466 0.700408 0.101297 -0.337355 0.86635 0.368278
-0.234758 -0.257846 -0.346914 -0.794033 0.304298 -0.526227
-0.0189165 -0.308195 -0.422381 0.36063 -0.833022 -0.419547
-0.0396869 -0.0993318 -0.540004 -0.646208 -0.0989094 -0.756725
0.545194 -0.0275349 -0.0310088 0.696673 -0.716503 0.0356539
0.431078 0.112323 0.296546 0.397429 0.426851 0.812311
0.307165 0.39089 -0.0976821 0.597242 0.551745 -0.582134
-0.00238874 0.213775 0.236539 -0.597242 -0.551745 0.582134
-0.172472 -0.225604 -0.409913 -0.595944 -0.180488 -0.78248
-0.293899 -0.165685 -0.335621 -0.397429 -0.426851 -0.812311
0.461653 0.0615925 0.308245 0.397429 0.426851 0.812311
-0.196243 -0.486946 -0.214585 -0.397429 -0.426851 -0.812311
-0.365189 -0.164834 -0.30119 -0.397429 -0.426851 -0.812311
0.515475 0.0524887 0.286696 0.397429 0.426851 0.812311
-0.321735 -0.321365 0.110068 -0.908766 0.174614 0.379017
0.277586 -0.0327646 -0.529568 0.597242 0.551745 -0.582134
0.0600773 -0.0250069 0.142755 -0.597242 -0.551745 0.582134
0.116631 0.190386 0.33648 -0.597242 -0.551745 0.582134
0.19525 0.520754 -0.0894167 0.597242 0.551745 -0.582134
-0.309452 -0.314349 -0.257389 -0.750372 0.640709 -0.162587
-0.202387 0.33186 -0.551663 -0.696673 0.716503 -0.0356539
-0.138062 -0.651381 -0.0511082 -0.37733 -0.709485 0.595191
-0.227822 -0.238631 -0.335573 -0.739838 0.659271 -0.134172
0.524849 -0.0411948 0.092024 0.696673 -0.716503 0.0356539
0.16744 0.190579 -0.430888 0.597242 0.551745 -0.582134
0.299368 0.117475 -0.364823 0.597242 0.551745 -0.582134
-0.0573022 -0.325239 0.191763 0.397429 0.426851 0.812311
0.0117831 -0.261099 -0.47825 -0.0212142 -0.714677 -0.699133
0.439746 0.332674 -0.0168378 0.597242 0.551745 -0.582134
-0.0357391 0.530629 0.186521 -0.696673 0.716503 -0.0356539
0.0969372 0.656412 0.121793 -0.696673 0.716503 -0.0356539
-0.254892 0.295793 -0.250522 -0.696673 0.716503 -0.0356539
0.349786 -0.212275 0.0746916 0.696673 -0.716503 0.0356539
0.347009 0.203896 -0.234037 0.597242 0.551745 -0.582134
0.168072 0.0350405 0.310465 -0.597242 -0.551745 0.582134
0.532594 -0.025357 0.258971 0.696673 -0.716503 0.0356539
0.596018 0.121287 -0.0568612 0.597242 0.551745 -0.582134
-0.00378117 -0.562961 -0.0640503 0.696673 -0.716503 0.0356539
0.0213515 -0.536212 -0.0175979 0.696673 -0.716503 0.0356539
-0.0750064 0.311826 -0.564709 0.597242 0.551745 -0.582134
-0.402736 -0.39858 -0.0544496 -0.871703 0.443118 0.20924
-0.130229 0.173746 -0.594061 -0.397429 -0.426851 -0.812311
-0.0477972 0.25958 -0.586312 0.597242 0.551745 -0.582134
0.0734654 0.364519 -0.362441 0.597242 0.551745 -0.582134
0.00483728 0.263879 0.291441 -0.597242 -0.551745 0.582134
0.0448424 0.233703 -0.515795 0.597242 0.551745 -0.582134
0.194576 -0.371458 -0.0914727 0.696673 -0.716503 0.0356539
0.364085 0.443692 0.0107609 0.597242 0.551745 -0.582134
-0.319274 -0.390617 0.073191 -0.584289 -0.537878 0.607696
-0.188165 0.369214 -0.078882 -0.696673 0.716503 -0.0356539
-0.143841 0.423143 0.13877 -0.696673 0.716503 -0.0356539
0.103315 -0.449689 0.119621 0.696673 -0.716503 0.0356539
-0.563333 -0.130923 0.0028244 -0.584289 -0.537878 0.607695
-0.0322664 0.312262 0.299232 -0.597242 -0.551745 0.582134
-0.117392 -0.231496 0.220953 0.397429 0.426851 0.812311
-0.103347 -0.275887 0.237408 0.397429 0.426851 0.812311
0.279373 0.591318 0.117984 0.518633 0.537371 0.665021
-0.0987443 -0.0303989 -0.502192 -0.397429 -0.426851 -0.812311
0.298462 -0.0288933 0.315198 -0.597242 -0.551745 0.582134
-0.0920492 -0.471332 0.154656 -0.584289 -0.537878 0.607696
-0.0520579 -0.612315 -0.112555 0.696673 -0.716503 0.0356539
-0.134643 -0.0809287 -0.458076 -0.397429 -0.426851 -0.812311
-0.526842 0.0332164 -0.213422 -0.696673 0.716503 -0.0356538
0.602467 0.121828 0.207698 0.397429 0.426851 0.812311
0.581527 0.305668 0.150388 0.796579 -0.323325 0.510806
-0.242647 0.296899 -0.467574 -0.696673 0.716503 -0.0356539
-0.281816 0.268658 -0.269757 -0.696673 0.716503 -0.0356539
0.577563 0.15338 -0.0453781 0.597242 0.551745 -0.582134
0.126672 0.0135161 0.24759 -0.597242 -0.551745 0.582134
-0.242122 -0.423808 -0.274367 -0.397429 -0.426851 -0.812311
-0.0607943 -0.129096 -0.516907 -0.540753 -0.259039 -0.800303
-0.242806 -0.563702 -0.0720525 -0.584289 -0.537878 0.607695
0.58515 0.102168 0.226502 0.397429 0.426851 0.812311
-0.0998865 -0.439377 0.175404 -0.584289 -0.537878 0.607696
-0.266086 0.287962 -0.189165 -0.696673 0.716503 -0.0356539
-0.2934 0.0689498 -0.459161 -0.397429 -0.426851 -0.812311
0.438223 -0.0502236 -0.381309 0.597242 0.551745 -0.582134
0.34383 0.236718 -0.20619 0.597242 0.551745 -0.582134
0.337236 0.445382 -0.0151837 0.597242 0.551745 -0.582134
-0.328705 0.220685 -0.317606 -0.696673 0.716503 -0.0356538
0.515942 0.298772 0.0292032 0.597242 0.551745 -0.582134
0.477599 0.0159109 0.324448 0.397429 0.426851 0.812311
0.0529056 -0.511646 -0.140471 0.696673 -0.716503 0.0356539
0.509708 0.0823413 0.273831 0.397429 0.426851 0.812311
0.246155 0.00352065 -0.527424 0.597242 0.551745 -0.582134
0.328619 -0.247999 -0.2296 0.696673 -0.716503 0.0356539
0.662131 0.17739 0.0641413 0.597242 0.551745 -0.582134
-0.0636067 0.491468 -0.0559211 -0.696673 0.716503 -0.0356539
-0.18009 0.3733 -0.154568 -0.696673 0.716503 -0.0356539
0.347948 -0.186182 0.202496 -0.0422124 -0.875783 0.480856
0.0639884 -0.504365 -0.210716 0.696673 -0.716503 0.0356539
-0.216954 0.337882 -0.146013 -0.696673 0.716503 -0.0356539
-0.435874 0.0590011 0.175073 0.397429 0.426851 0.812311
-0.352661 -0.564098 -0.124132 -0.71731 -0.694996 0.0494626
0.187102 -0.242156 0.0285284 0.397429 0.426851 0.812311
0.304733 0.500046 0.00328018 0.597242 0.551745 -0.582134
0.00722379 -0.460267 0.225831 0.0806443 0.127615 0.98854
-0.375528 -0.240233 0.0866433 -0.584289 -0.537878 0.607695
0.172084 -0.406093 -0.34801 0.696673 -0.716503 0.0356539
0.561895 0.280266 0.162317 0.79384 -0.510288 0.330793
0.162585 -0.404302 -0.126402 0.696673 -0.716503 0.0356539
0.393448 -0.170828 0.0544653 0.696673 -0.716503 0.0356539
-0.237487 -0.501764 0.0181807 0.345228 -0.884415 0.31405
0.219271 -0.0942232 -0.638485 0.551759 -0.809403 -0.201069
-0.0966664 -0.467429 0.153671 -0.584289 -0.537878 0.607696
0.473265 -0.0818257 0.283446 0.696673 -0.716503 0.0356539
-0.010085 0.482597 0.317818 0.397429 0.426851 0.812311
-0.168658 0.389321 -0.0559978 -0.696673 0.716503 -0.0356539
0.239846 0.124471 -0.41926 0.597242 0.551745 -0.582134
-0.459025 0.105512 -0.0856796 -0.696673 0.716503 -0.0356538
-0.43053 0.129184 -0.166776 -0.696673 0.716503 -0.0356538
0.343435 -0.246857 -0.496156 0.696673 -0.716503 0.0356539
0.206598 -0.373321 -0.440107 0.506956 -0.822114 -0.259084
-0.592833 -0.0806713 0.0189386 -0.584289 -0.537878 0.607695
-0.39153 -0.00747393 0.188308 0.397429 0.426851 0.812311
0.147367 -0.408424 0.0874633 0.706216 -0.705812 0.0555779
0.417897 0.031136 0.345657 0.397429 0.426851 0.812311
0.383542 -0.174019 0.183908 0.696673 -0.716503 0.0356539
0.468475 0.378046 0.187669 0.397429 0.426851 0.812311
-0.257005 -0.53989 -0.0646275 -0.584289 -0.537878 0.607696
0.365637 0.0554003 -0.355669 0.597242 0.551745 -0.582134
0.592129 0.0160448 -0.0723274 0.696673 -0.716503 0.0356539
0.631986 0.0775632 -0.0469907 0.899451 -0.005861 -0.436983
-0.0476936 0.0217707 -0.554583 -0.397429 -0.426851 -0.812311
-0.254598 0.247739 -0.567669 -0.645648 -0.0998809 -0.757075
0.151567 0.204807 0.368444 -0.177152 -0.123663 0.976383
0.407012 0.164057 -0.210235 0.597242 0.551745 -0.582134
0.123952 -0.4386 -0.0607883 0.696673 -0.716503 0.0356539
0.629953 0.0612351 0.0967428 0.696673 -0.716503 0.0356539
0.261446 0.363716 -0.170344 0.597242 0.551745 -0.582134
0.0800823 0.364597 -0.355579 0.597242 0.551745 -0.582134
-0.121229 -0.496376 0.104434 -0.584289 -0.537878 0.607696
0.0189028 0.429897 0.331328 0.397429 0.426851 0.812311
-0.272154 -0.330629 0.171593 -0.584289 -0.537878 0.607696
0.481601 0.0805389 0.288529 0.397429 0.426851 0.812311
-0.0652701 0.404486 0.350173 -0.469613 -0.417918 0.777694
0.570951 0.133493 -0.0710101 0.597242 0.551745 -0.582134
-0.0135911 0.547838 0.0995809 -0.696673 0.716503 -0.0356539
0.109482 0.607022 -0.0953736 0.544374 0.602958 -0.583179
-0.0571049 -0.303833 0.217269 0.756651 -0.146842 0.637116
-0.364504 -0.340806 -0.209055 -0.397429 -0.426851 -0.812311
0.143754 -0.433898 -0.35323 0.696673 -0.716503 0.0356539
-0.144557 0.401044 -0.29132 -0.696673 0.716503 -0.0356539
0.686479 0.138521 0.064497 0.889447 0.0385254 -0.455412
0.47 -0.0905693 0.171537 0.696673 -0.716503 0.0356539
0.560891 0.0131683 0.265015 0.798431 -0.340008 0.496893
0.0533314 0.472406 -0.280843 0.597242 0.551745 -0.582134
-0.225172 -0.130778 -0.38759 -0.397429 -0.426851 -0.812311
-0.012908 -0.183488 0.144607 0.397429 0.426851 0.812311
0.0486847 -0.0397981 0.117048 -0.597242 -0.551745 0.582134
0.142215 0.491774 0.238481 0.397429 0.426851 0.812311
-0.114728 0.453964 0.189305 -0.696673 0.716503 -0.0356539
-0.471062 0.0690287 0.184547 0.158146 0.630545 0.75987
0.466271 0.209472 -0.106394 0.597242 0.551745 -0.582134
0.0283604 0.577269 -0.128691 -0.696673 0.716503 -0.0356539
0.398754 0.448986 0.135452 0.397429 0.426851 0.812311
-0.426436 -0.326984 -0.186018 -0.397429 -0.426851 -0.812311
0.170441 -0.192829 0.0284754 -0.597242 -0.551745 0.582134
-0.1465 0.188672 -0.593943 -0.397429 -0.426851 -0.812311
0.0880338 -0.238991 -0.483964 -0.397429 -0.426851 -0.812311
-0.111151 -0.211102 -0.450217 -0.397429 -0.426851 -0.812311
-0.335977 0.0295754 0.14166 0.397429 0.426851 0.812311
0.170193 0.50547 0.217596 0.397429 0.426851 0.812311
0.115256 -0.0214397 0.202747 -0.597242 -0.551745 0.582134
-0.165376 0.0757458 -0.525368 -0.397429 -0.426851 -0.812311
0.189797 -0.389177 -0.354171 0.696673 -0.716503 0.0356539
-0.0791507 -0.477763 -0.276698 -0.397429 -0.426851 -0.812311
0.0669848 -0.496146 -0.104098 0.696673 -0.716503 0.0356539
-0.627581 -0.157374 -0.0823606 -0.584289 -0.537878 0.607695
-0.360009 -0.0708176 -0.353127 -0.397429 -0.426851 -0.812311
-0.492166 -0.312356 -0.0893381 -0.584289 -0.537878 0.607695
0.194334 -0.0233962 -0.606101 0.597242 0.551745 -0.582134
0.118567 0.184351 0.332746 -0.597242 -0.551745 0.582134
0.0527908 0.602884 -0.0907216 -0.681812 0.729822 -0.0499234
0.114538 0.243677 0.366638 -0.158506 -0.105267 0.98173
0.00276948 0.486543 0.309455 0.397429 0.426851 0.812311
0.359037 -0.219898 -0.259274 0.696673 -0.716503 0.0356539
0.150396 0.506986 -0.148485 0.597242 0.551745 -0.582134
0.5251 0.198901 -0.0560584 0.597242 0.551745 -0.582134
-0.146327 -0.479811 0.0949641 -0.584289 -0.537878 0.607696
-0.318593 0.100047 -0.463176 -0.397429 -0.426851 -0.812311
-0.490374 0.0792062 -0.00178598 -0.696673 0.716503 -0.0356538
-0.100238 0.362403 0.277019 -0.597242 -0.551745 0.582134
-0.279716 0.187573 0.0311098 0.397429 0.426851 0.812311
0.284861 -0.171061 0.166497 -0.597242 -0.551745 0.582134
-0.36509 0.0311992 0.15505 0.397429 0.426851 0.812311
0.294312 -0.0408142 -0.520037 0.597242 0.551745 -0.582134
-0.16883 -0.210697 0.23519 0.397429 0.426851 0.812311
0.0553513 0.0320437 0.184892 -0.843253 -0.179239 0.506753
0.420089 -0.159246 -0.233333 0.696673 -0.716503 0.0356539
-0.405465 -0.141568 -0.29371 -0.397429 -0.426851 -0.812311
0.488743 0.0695782 0.290794 0.397429 0.426851 0.812311
0.026735 -0.28958 -0.427389 -0.397429 -0.426851 -0.812311
-0.256 -0.0652655 0.152367 0.397429 0.426851 0.812311
-0.430981 -0.264439 -0.21666 -0.397429 -0.426851 -0.812311
-0.08772 -0.396324 -0.3153 -0.397429 -0.426851 -0.812311
-0.13409 -0.506617 -0.234657 -0.397429 -0.426851 -0.812311
0.395475 -0.181084 -0.191239 0.696673 -0.716503 0.0356539
0.0162886 -0.0333632 -0.594301 -0.756531 0.146466 -0.637345
0.392422 -0.158814 0.244106 0.435044 -0.867063 0.242773
0.410548 -0.171556 -0.294288 0.696673 -0.716503 0.0356539
0.381979 -0.191732 -0.141522 0.696673 -0.716503 0.0356539
-0.541599 0.0192372 -0.206001 -0.696673 0.716503 -0.0356538
0.315146 -0.271181 -0.432219 0.696673 -0.716503 0.0356539
-0.346285 -0.495713 -0.18562 -0.397429 -0.426851 -0.812311
0.396237 0.0293746 -0.348942 0.597242 0.551745 -0.582134
-0.405758 -0.325162 -0.0175928 -0.584289 -0.537878 0.607695
-0.0751012 0.00255952 -0.531078 -0.397429 -0.426851 -0.812311
-0.143158 -0.563178 -0.200499 -0.397429 -0.426851 -0.812311
0.118128 -0.298865 0.0920734 0.397429 0.426851 0.812311
0.520019 0.12353 0.247142 0.397429 0.426851 0.812311
0.547686 -0.0310282 -0.149893 0.696673 -0.716503 0.0356539
0.172548 -0.165066 0.0569516 -0.597242 -0.551745 0.582134
0.00963328 -0.34088 -0.392066 -0.397429 -0.426851 -0.812311
-0.439162 -0.130207 0.122846 -0.584289 -0.537878 0.607695
-0.129878 -0.644674 -0.0379247 -0.376691 -0.709905 0.595096
0.496286 -0.0698545 0.0742012 0.696673 -0.716503 0.0356539
0.428436 -0.139857 -0.00680378 0.696673 -0.716503 0.0356539
-0.632083 -0.194402 -0.141923 -0.698729 -0.688943 -0.192707
0.171844 -0.237144 -0.525939 -0.397429 -0.426851 -0.812311
-0.164872 -0.647556 -0.07134 -0.584289 -0.537878 0.607695
0.111524 0.163703 0.30595 -0.597242 -0.551745 0.582134
0.42102 0.142074 -0.2167 0.597242 0.551745 -0.582134
0.438196 -0.134735 -0.0945685 0.696673 -0.716503 0.0356539
0.67008 0.199069 0.0940348 0.656392 0.616595 -0.434696
0.406229 0.0907869 -0.280484 0.597242 0.551745 -0.582134
-0.219114 -0.491857 0.0143176 -0.584289 -0.537878 0.607696
-0.0251392 0.517312 -0.264346 -0.548875 0.819988 -0.162344
-0.0507234 -0.517677 0.153369 -0.584289 -0.537878 0.607695
0.102781 -0.106824 -0.609681 -0.397429 -0.426851 -0.812311
-0.315401 -0.202548 -0.305731 -0.397429 -0.426851 -0.812311
-0.294314 -0.330956 -0.292212 -0.668303 -0.0589752 -0.741548
0.0533982 -0.0367371 0.124785 -0.597242 -0.551745 0.582134
-0.474123 -0.0923843 -0.285963 -0.397429 -0.426851 -0.812311
-0.256412 -0.0345214 0.136413 0.397429 0.426851 0.812311
0.635832 0.0735355 0.181801 0.777436 -0.576701 0.251016
0.000336167 0.0241017 0.0595628 -0.597242 -0.551745 0.582134
-0.387621 0.000493437 -0.37709 -0.397429 -0.426851 -0.812311
0.524636 -0.050076 -0.0822829 0.696673 -0.716503 0.0356539
0.397803 0.319275 0.253128 0.397429 0.426851 0.812311
0.0656994 -0.494766 -0.0512403 0.696673 -0.716503 0.0356539
0.292806 0.0339609 -0.450711 0.597242 0.551745 -0.582134
0.018853 0.500656 -0.289441 0.597242 0.551745 -0.582134
0.0948521 0.596185 0.206789 0.397429 0.426851 0.812311
0.352406 -0.0890298 0.313544 -0.597242 -0.551745 0.582134
0.440323 0.336821 -0.0123144 0.597242 0.551745 -0.582134
0.149875 -0.18906 -0.540458 -0.397429 -0.426851 -0.812311
0.524735 0.279699 0.0201479 0.597242 0.551745 -0.582134
0.039453 0.601894 0.149432 -0.696673 0.716503 -0.0356539
0.289179 -0.176712 -0.611473 -0.155848 -0.199673 -0.967389
-0.0804042 -0.146688 -0.497963 -0.540753 -0.259039 -0.800303
0.245644 0.301414 -0.245605 0.597242 0.551745 -0.582134
-0.408632 0.108599 -0.41782 -0.688663 -0.0192973 -0.724825
0.210247 0.312228 0.299543 0.397429 0.426851 0.812311
0.480948 -0.0734041 0.302556 0.696673 -0.716503 0.0356539
0.0202301 0.145462 -0.620541 0.414181 0.361144 -0.835481
0.0470235 0.37485 -0.379778 0.597242 0.551745 -0.582134
0.345765 -0.245417 -0.512757 0.696673 -0.716503 0.0356539
0.0119622 0.034116 0.080982 -0.597242 -0.551745 0.582134
0.183008 0.279515 0.33006 0.397429 0.426851 0.812311
0.125698 0.13004 0.32459 -0.907627 0.313259 0.279431
0.39444 -0.155928 0.250797 0.435043 -0.867063 0.242774
-0.632068 -0.0617579 -0.0647128 -0.710787 0.703101 -0.0207459
-0.133721 0.403291 -0.457912 -0.696673 0.716503 -0.0356539
0.104788 0.176676 -0.508343 0.597242 0.551745 -0.582134
0.25265 0.0826866 -0.445726 0.597242 0.551745 -0.582134
-0.348996 -0.163468 0.180099 -0.584289 -0.537878 0.607695
0.355505 -0.224161 -0.275899 0.696673 -0.716503 0.0356539
0.360966 0.265915 -0.160936 0.597242 0.551745 -0.582134
0.185053 -0.389545 -0.268867 0.696673 -0.716503 0.0356539
0.0736055 -0.494808 -0.206573 0.696673 -0.716503 0.0356539
0.0427516 -0.231306 0.0983428 0.738483 -0.661484 0.130696
-0.226537 -0.0294222 0.119117 0.397429 0.426851 0.812311
-0.0807111 0.484467 0.137602 -0.696673 0.716503 -0.0356539
-0.440378 -0.352748 -0.0752966 -0.584289 -0.537878 0.607695
0.550244 -0.00978805 0.226966 0.696673 -0.716503 0.0356539
-0.295739 -0.0237462 -0.409307 -0.397429 -0.426851 -0.812311
-0.491927 -0.0694986 -0.289278 -0.397429 -0.426851 -0.812311
0.113946 -0.459569 -0.28666 0.696673 -0.716503 0.0356539
-0.482413 -0.219595 -0.215061 -0.397429 -0.426851 -0.812311
