ply
format ascii 1.0
comment Created by Open3D
element vertex 128
property double x
property double y
property double z
property double nx
property double ny
property double nz
end_header
-0.289676 -0.225422 0.0375534 -0.0940047 -0.0542849 -0.994091
0.386625 0.245627 0.0284963 -0.0940047 -0.0542849 -0.994091
0.234208 -0.0469601 0.0177504 -0.990806 -0.092479 0.0987442
-0.464975 -0.324881 0.0605442 0.0972928 -0.994234 0.0450923
0.439653 0.322667 -0.0547444 -0.0972931 0.994234 -0.0450923
-0.462805 -0.244295 0.190979 -0.990806 -0.092479 0.0987442
-0.307689 -0.185172 0.117678 -0.0940047 -0.0542849 -0.994091
0.450972 0.0450347 -0.167998 -0.0940048 -0.0542849 -0.994091
-0.232214 0.100237 0.0521531 0.990806 0.092479 -0.0987442
0.326045 -0.0557331 -0.0299377 -0.0940047 -0.0542849 -0.994091
0.464576 0.325532 -0.0453343 -0.0972927 0.994234 -0.0450924
0.496138 0.0850503 -0.00564756 0.990806 0.092479 -0.0987444
0.123451 0.227847 -0.0371421 -0.584663 -0.0204305 0.811019
0.519309 -0.14961 0.00707973 0.990806 0.0924785 -0.0987439
0.214041 0.137543 -0.0118091 -0.990806 -0.092479 0.0987442
0.426184 -0.179689 0.0479809 -0.0940047 -0.0542849 -0.994091
0.263148 0.0138841 0.110413 0.094001 0.0542844 0.994091
-0.479814 -0.148344 0.11017 -0.990806 -0.092479 0.0987442
0.146212 0.289166 -0.160247 -0.0972966 0.994233 -0.0450944
-0.192504 -0.24153 0.130525 0.990806 0.092479 -0.0987441
-0.239018 0.256175 -0.05648 -0.0972929 0.994234 -0.0450925
-0.447651 0.0275626 0.01791 0.990806 0.092479 -0.0987442
-0.470309 0.0474471 -0.0810105 -0.0940047 -0.0542849 -0.994091
-0.364746 0.18369 0.160516 0.0940047 0.0542848 0.994091
-0.173095 0.252608 -0.0103975 0.725699 0.101875 0.680428
0.473985 0.241457 0.078048 0.0940047 0.0542849 0.994091
-0.523487 0.144765 -0.053536 -0.990806 -0.092479 0.0987442
-0.318507 0.257769 0.150172 -0.0972929 0.994234 -0.0450923
0.0304473 0.28049 -0.06291 -0.490478 0.871452 -0.00120651
0.222135 0.0443926 -0.0178331 -0.990806 -0.092479 0.0987442
-0.512391 0.233115 0.140545 -0.990802 -0.0925147 0.0987518
0.311943 0.0942239 -0.0367928 -0.0940047 -0.0542849 -0.994091
0.0116437 0.239402 -0.161746 -0.0940046 -0.0542849 -0.994091
-0.51361 0.234021 0.0475198 -0.0972929 0.994234 -0.0450923
-0.485245 -0.208021 -0.000212242 -0.990806 -0.092479 0.0987442
0.298458 -0.168746 0.117047 0.0940006 0.0542848 0.994091
0.365176 0.0272966 0.111549 0.0940048 0.0542849 0.994091
0.415323 0.216964 -0.113284 -0.990807 -0.092479 0.0987404
-0.290141 -0.00977515 0.175543 0.0940047 0.0542849 0.994091
0.285462 0.299683 0.0926959 0.0940047 0.0542849 0.994091
0.242531 0.117061 0.106728 0.0940043 0.0542848 0.994091
0.46008 0.309848 -0.156923 0.990805 0.0924972 -0.0987378
0.264241 -0.252083 0.0922866 0.097293 -0.994234 0.0450925
0.429037 0.119214 -0.0672179 -0.990806 -0.092479 0.0987441
0.319567 -0.0811038 0.121782 0.0940046 0.0542849 0.994091
-0.264333 0.259526 0.072024 -0.0972929 0.994234 -0.0450924
0.255386 -0.12483 -0.0194826 -0.094006 -0.0542851 -0.994091
-0.115291 0.187557 -0.0590772 0.0972929 -0.994234 0.0450923
-0.232697 0.0989122 0.046068 0.990806 0.092479 -0.0987442
-0.465602 -0.318576 0.0933373 -0.990806 -0.092479 0.0987441
0.0299313 0.250684 -0.164092 -0.0940042 -0.0542834 -0.994091
-0.084525 0.266499 -0.0329696 0.573494 0.813249 -0.0986411
0.323778 -0.193702 -0.022189 -0.0940047 -0.0542849 -0.994091
-0.36481 -0.250701 0.191562 0.0972927 -0.994234 0.0450917
-0.379318 -0.313166 0.134048 0.0972929 -0.994234 0.0450923
0.502943 -0.0193311 -0.0351294 0.990806 0.092479 -0.0987444
0.120931 0.206455 -0.152077 0.0972928 -0.994234 0.0450926
-0.202737 -0.146359 0.116976 0.990806 0.092479 -0.0987441
0.454333 -0.233995 -0.144204 -0.990804 -0.0924876 0.0987547
0.523467 -0.209102 0.0979727 0.0940047 0.0542849 0.994091
0.45413 -0.121348 -0.0407336 -0.990806 -0.092479 0.0987442
-0.464101 -0.240317 0.1817 -0.990806 -0.092479 0.0987442
-0.500465 0.153519 0.174997 0.0940047 0.0542849 0.994091
0.51813 -0.0686147 0.0710992 0.990806 0.092479 -0.0987444
0.495176 -0.0442145 -0.136368 0.990803 0.0924739 -0.0987812
0.483252 0.219518 -0.00901631 0.990806 0.0924791 -0.0987442
0.366939 -0.241897 0.0952961 0.0972928 -0.994234 0.0450924
0.474831 0.14122 -0.166841 0.990806 0.0924791 -0.0987429
-0.422747 -0.305765 -0.0443795 0.990806 0.0924796 -0.0987447
-0.343396 0.203555 0.0461951 -0.990806 -0.092479 0.0987442
-0.266773 -0.00488094 0.0233444 -0.094006 -0.0542851 -0.994091
-0.255449 0.189742 0.00345752 -0.712573 -0.101218 -0.694259
-0.423963 -0.301637 -0.0527149 0.990805 0.0924841 -0.0987542
0.425815 -0.116507 0.113313 -0.0972928 0.994234 -0.0450923
0.306358 0.204236 -0.0359149 0.990806 0.092479 -0.0987442
-0.419473 -0.223788 0.0652461 0.990806 0.092479 -0.098744
-0.458013 0.13635 0.0158287 0.990806 0.092479 -0.0987442
-0.419979 0.246711 0.125303 -0.0972929 0.994234 -0.0450923
-0.482693 -0.0630644 0.161154 -0.990806 -0.0924791 0.0987442
-0.449063 -0.0524235 -0.0711625 0.990806 0.092479 -0.0987444
-0.245046 0.192377 -0.118632 -0.88199 -0.107123 -0.458932
-0.0862474 0.243 -0.152686 -0.0940043 -0.0542849 -0.994091
-0.330086 0.0649145 0.0499092 -0.990806 -0.092479 0.0987442
0.297119 0.311847 0.0142268 -0.0972929 0.994234 -0.0450924
-0.434593 -0.0808806 0.0473794 0.990806 0.092479 -0.098744
0.372277 0.322104 0.0782237 -0.0972929 0.994234 -0.0450925
-0.0976303 0.220246 -0.150367 -0.0940043 -0.0542849 -0.994091
-0.214208 -0.0092101 0.13032 0.990806 0.092479 -0.0987441
0.459455 -0.243867 -0.14777 0.0972928 -0.994234 0.0450924
0.130962 0.216214 -0.0320209 -0.584663 -0.0204305 0.811019
0.306877 0.210682 -0.0246794 0.990806 0.092479 -0.0987442
0.46269 0.33008 0.0590142 -0.0972929 0.994234 -0.0450925
0.415676 0.154138 0.0307451 -0.0940047 -0.0542849 -0.994091
-0.313238 -0.0973801 0.0669607 -0.990806 -0.092479 0.0987442
-0.502412 -0.0365728 -0.0119043 -0.990806 -0.092479 0.0987442
-0.216367 -0.0780102 0.0442191 0.990806 0.092479 -0.0987441
0.433738 0.316987 -0.167203 -0.0972927 0.994234 -0.0450924
0.44885 0.00210891 0.0219033 -0.990806 -0.092479 0.0987442
-0.439539 -0.177111 -0.0716576 -0.0940047 -0.0542849 -0.994091
0.211931 0.251328 0.0735814 -0.990806 -0.092479 0.0987441
-0.217353 -0.300846 0.0562143 0.0972929 -0.994234 0.0450923
0.195265 0.300931 -0.00667962 -0.0972872 0.994235 -0.0450878
0.223279 0.145781 0.0886028 -0.990806 -0.092479 0.0987441
0.346315 -0.135355 0.046968 0.990806 0.092479 -0.0987442
-0.219965 0.0760513 0.152409 0.990806 0.092479 -0.0987441
0.484426 0.0685051 0.0865052 0.0940047 0.0542849 0.994091
0.248715 -0.215119 0.0058328 -0.990806 -0.092479 0.0987442
0.363245 0.119369 0.101082 0.990806 0.092479 -0.0987438
-0.377559 -0.126052 0.121057 -0.0940047 -0.0542849 -0.994091
-0.264558 -0.1049 0.178318 0.0940047 0.0542849 0.994091
-0.474307 0.229313 -0.0606064 0.990806 0.0924794 -0.0987442
-0.388719 -0.0468405 0.175372 0.0940047 0.0542849 0.994091
-0.434855 -0.0812115 0.0444407 0.990806 0.092479 -0.098744
-0.431236 0.0364297 0.174845 0.0940047 0.0542849 0.994091
-0.191243 0.25395 -0.143355 -0.0940047 -0.0542851 -0.994091
-0.271686 -0.302687 0.132863 0.0972929 -0.994234 0.0450923
0.187789 0.214815 -0.112009 0.0972927 -0.994234 0.0450924
0.506119 -0.137016 -0.11348 0.990803 0.0924747 -0.0987769
-0.498482 0.0666905 0.124242 -0.990806 -0.0924791 0.0987442
0.0203147 0.255191 -0.045334 -0.990806 -0.092479 0.0987442
-0.340972 0.182829 0.0511106 -0.990806 -0.092479 0.0987442
0.373073 -0.0329204 0.0449886 -0.0940047 -0.0542849 -0.994091
-0.232637 0.205184 0.146196 0.990806 0.092479 -0.0987441
-0.204687 -0.213822 0.0342239 0.990806 0.092479 -0.0987441
-0.497597 -0.122997 -0.0445252 -0.990806 -0.0924792 0.0987431
-0.31461 0.101956 0.160238 0.0940049 0.0542848 0.994091
-0.428062 0.128848 0.111913 -0.0940047 -0.0542849 -0.994091
0.464246 -0.230349 -0.0413126 -0.990806 -0.0924788 0.0987441
