ply
format ascii 1.0
comment Created by Open3D
element vertex 2096
property double x
property double y
property double z
property double nx
property double ny
property double nz
end_header
-0.367009 0.0725758 -0.304603 0.637734 -0.107525 0.762715
0.131827 -0.0637813 -0.00997498 0.659343 0.351083 -0.664837
-0.025808 0.142496 -0.0271423 -0.197825 0.934129 0.297099
0.219992 0.141928 0.208035 -0.197825 0.934129 0.297099
0.189157 0.153565 0.164529 -0.463595 0.88601 0.00811379
-0.186614 0.0773906 -0.251235 0.659343 0.351083 -0.664837
-0.375245 0.0616471 -0.272435 0.908767 0.288385 -0.301622
0.271536 -0.0257749 0.200942 0.72535 -0.0643688 0.685365
-0.206104 0.0271995 -0.0294916 -0.659343 -0.351083 0.664837
-0.211939 -0.0449085 -0.204181 0.591549 0.303536 0.746951
0.348614 0.0282728 0.313253 0.414611 -0.816684 -0.401404
0.154219 -0.150864 0.233824 -0.659341 -0.351083 0.664839
0.213606 -0.0729263 0.0695699 0.154872 0.801891 0.577049
0.235733 0.0403422 0.415299 -0.197825 0.934129 0.297099
0.228563 -0.00649746 0.38379 -0.659343 -0.351083 0.664836
-0.1307 -0.0626844 -0.269753 0.659343 0.351083 -0.664837
0.329136 -0.183703 0.299935 0.502549 0.356876 -0.787454
0.0611666 0.105766 0.00948224 0.659343 0.351083 -0.664837
0.360597 0.105926 0.271148 0.197825 -0.934129 -0.297099
-0.124648 -0.0664097 -0.18167 -0.478645 0.877938 -0.0110744
-0.417412 0.041793 -0.231347 -0.659343 -0.351083 0.664837
0.0407239 -0.0962573 0.0233999 -0.479125 -0.485253 -0.731415
-0.0141682 0.122441 -0.0564241 0.659343 0.351083 -0.664837
-0.256803 0.132133 -0.201266 -0.197825 0.934129 0.297099
-0.233043 -0.052815 -0.249062 -0.72535 0.0643688 -0.685365
0.129336 -0.12092 0.00623143 -0.14942 -0.805448 -0.573522
-0.160883 0.176791 -0.20309 -0.197825 0.934129 0.297099
-0.0584438 0.0539294 -0.129668 -0.197825 0.934129 0.297099
0.0409923 0.0508895 0.228074 -0.659343 -0.351083 0.664837
0.0999828 -0.153771 0.0634682 -0.0396902 -0.86679 -0.497091
-0.266294 0.165951 -0.334999 0.197825 -0.934129 -0.297099
-0.29384 0.125438 -0.0748865 -0.546815 0.830824 -0.10356
0.039799 0.0781409 0.216756 -0.197825 0.934129 0.297099
0.00964514 0.0789469 0.0342311 -0.72535 0.0643688 -0.685365
-0.0170747 -0.0634184 -0.0446946 0.743288 -0.437395 0.50617
-0.179646 -0.162342 -0.116912 0.197825 -0.934129 -0.297099
0.140797 -0.0387505 0.279717 -0.659343 -0.351083 0.664837
-0.232774 0.149939 -0.137153 0.60866 -0.76836 0.19788
0.145738 0.119814 0.156269 -0.197825 0.934129 0.297099
-0.0524244 0.0704673 0.0250768 0.72535 -0.0643688 0.685365
0.182774 -0.17724 0.171248 0.197825 -0.934129 -0.297099
-0.112825 0.0480188 0.0349802 -0.725352 0.0643691 -0.685362
0.11097 0.108779 0.108376 -0.72535 0.0643688 -0.685365
-0.252238 0.146071 -0.124518 -0.617531 0.757291 -0.212523
0.215363 0.0548308 0.356181 -0.197825 0.934129 0.297099
-0.218345 0.13168 -0.174234 -0.197825 0.934129 0.297099
0.171223 0.101273 0.303389 -0.197825 0.934129 0.297099
-0.370568 0.105154 -0.168239 0.197825 -0.934129 -0.297099
0.306029 -0.148234 0.162119 0.197825 -0.934129 -0.297099
-0.280436 0.002168 -0.116427 -0.659343 -0.351083 0.664836
0.328012 0.091327 0.316439 -0.197825 0.934129 0.297099
0.243466 0.0872714 0.395514 -0.197825 0.934129 0.297099
-0.323206 -0.110417 -0.244034 -0.197826 0.934129 0.2971
-0.269079 0.0628995 -0.202057 0.197825 -0.934129 -0.297099
-0.247264 0.174009 -0.203961 -0.197825 0.934129 0.297099
0.0110269 -0.0508015 -0.122922 0.659343 0.351083 -0.664837
-0.0707305 -0.0870574 -0.22315 0.659343 0.351083 -0.664837
-0.291534 -0.048991 -0.416078 -0.197824 0.93413 0.297098
-0.103897 0.0875359 0.0472747 -0.191543 -0.975172 0.111131
-0.183105 0.150424 -0.12811 -0.485912 -0.475794 -0.733151
-0.208186 -0.0104521 -0.0514389 -0.659343 -0.351083 0.664837
0.0835065 0.0937982 0.196629 -0.197825 0.934129 0.297099
-0.216399 0.169621 -0.232069 0.659343 0.351082 -0.664837
0.298081 -0.113316 0.17877 -0.197825 0.934129 0.297099
-0.339517 0.101351 -0.135605 0.197825 -0.934129 -0.297099
0.327851 -0.00384086 0.357353 0.197825 -0.934129 -0.2971
-0.349147 -0.123005 -0.353458 0.197825 -0.934129 -0.297099
-0.282473 -0.041416 -0.141463 -0.659343 -0.351083 0.664836
0.130593 0.114329 0.163431 -0.197825 0.934129 0.297099
0.306539 0.0609274 0.321639 -0.325821 -0.348518 0.878849
0.167979 0.0214381 0.0708805 0.659343 0.351083 -0.664836
-0.294261 -0.117168 -0.203534 -0.197826 0.934129 0.297099
0.103742 -0.179173 0.168815 -0.659343 -0.351083 0.664837
-0.338656 -0.114908 -0.345805 0.967037 0.136409 0.215014
0.293281 0.0339665 0.422337 0.725349 -0.0643686 0.685365
-0.213207 -0.103805 -0.139569 -0.1061 0.918877 0.380011
-0.224189 0.0152951 -0.121904 0.320775 -0.931115 -0.173573
0.3465 0.0796705 0.365399 -0.197825 0.934129 0.297099
-0.0957993 -0.102758 0.0112753 -0.659343 -0.351083 0.664836
0.0667626 0.0312291 0.025075 -0.197825 0.934129 0.297099
0.325508 -0.157023 0.337207 -0.233253 0.839078 0.491469
0.127467 -0.0322283 0.00236401 0.659343 0.351083 -0.664836
-0.423096 0.111999 -0.224738 0.197825 -0.934129 -0.297099
-0.255997 0.11887 -0.131802 0.724507 -0.0604189 0.686615
0.185057 0.0215675 0.10272 0.559712 -0.819618 0.122268
0.431675 -0.138107 0.248147 0.659343 0.351083 -0.664836
-0.0897506 -0.042265 -0.188839 -0.666274 0.682556 -0.300329
-0.433203 0.0461403 -0.244711 -0.659343 -0.351083 0.664837
-0.1924 0.172298 -0.163916 0.38934 -0.915914 -0.0975473
-0.187942 0.0413389 -0.27159 0.659343 0.351083 -0.664837
0.274567 0.0193066 0.329423 0.94627 0.102892 0.306571
0.155983 -0.119536 0.252116 -0.659343 -0.351083 0.664837
-0.245132 -0.0797565 -0.238798 -0.72535 0.0643688 -0.685365
-0.0217932 -0.0326955 -0.0199754 0.748491 -0.223122 0.624482
0.229162 0.0708645 0.338907 0.197824 -0.93413 -0.297096
0.105817 0.0975861 0.234444 0.696678 -0.617768 0.364695
-0.447548 0.142204 -0.242525 -0.725349 0.0643686 -0.685365
0.252332 -0.169928 0.170622 0.197825 -0.934129 -0.297099
0.18027 0.0656415 0.322775 0.197824 -0.93413 -0.297096
-0.0209227 0.0776763 0.116443 -0.43334 -0.816288 0.381957
-0.215502 0.166 -0.280249 -0.197825 0.934129 0.297099
0.234615 0.0499757 0.152036 0.659343 0.351083 -0.664836
-0.304165 0.00604363 -0.168263 -0.72535 0.0643688 -0.685365
0.220876 -0.0945297 0.2481 0.72535 -0.0643688 0.685365
-0.0700783 -0.100575 -0.000687234 0.728624 -0.516439 0.449886
0.255025 0.0757101 0.340893 0.197824 -0.934131 -0.297094
0.0553951 0.0250679 -0.0192483 -0.72535 0.0643688 -0.685365
-0.32943 0.122098 -0.261584 -0.973827 -0.152682 -0.168371
0.415435 -0.112841 0.255414 -0.197825 0.934129 0.297099
-0.112131 -0.15228 -0.0881584 0.384118 -0.91746 -0.103542
-0.180643 0.0389215 -0.168626 0.354271 -0.925032 -0.137141
0.219636 -0.0692946 0.189791 -0.751735 0.292897 -0.590852
-0.227552 0.0881456 -0.0991737 -0.561175 0.818292 -0.124419
-0.179095 0.129256 -0.0897106 -0.197825 0.934129 0.297099
0.0835363 0.0846021 0.255209 0.709907 -0.581914 0.396748
0.0707362 -0.165177 0.0856926 -0.0396888 -0.866791 -0.49709
-0.263671 0.0813796 -0.256561 0.197825 -0.934129 -0.297099
0.284983 0.0395817 0.240184 0.197823 -0.93413 -0.297099
0.228312 0.109917 0.314223 -0.197825 0.934129 0.297099
0.149064 0.124127 0.144922 -0.197825 0.934129 0.297099
0.28975 0.1102 0.231623 -0.197825 0.934129 0.297099
-0.31978 -0.0889096 -0.362554 0.204052 -0.257205 0.944568
-0.18004 0.0143304 -0.236817 0.751734 -0.292878 0.590862
0.0543187 0.0454459 0.238415 -0.659343 -0.351083 0.664837
-0.126814 0.0569027 0.0506196 -0.72535 0.0643687 -0.685364
-0.142594 -0.139467 -0.0545174 -0.659343 -0.351083 0.664836
-0.0772093 -0.133706 -0.123188 0.384118 -0.91746 -0.103542
-0.205856 0.1587 -0.250872 -0.197825 0.934129 0.297099
0.204914 0.0618545 0.396431 -0.659343 -0.351083 0.664836
0.330699 0.0325935 0.337279 -0.971333 -0.227567 0.0687395
0.214974 0.0547398 0.380159 0.197825 -0.934129 -0.297099
0.35535 -0.148741 0.309324 -0.599837 0.124355 -0.790399
-0.0278643 0.0548902 -0.00237917 0.72535 -0.0643688 0.685365
-0.0148521 -0.0382708 0.125607 -0.659343 -0.351083 0.664837
0.255965 -0.0397712 0.216107 0.72535 -0.0643688 0.685365
0.218125 0.130109 0.190998 -0.569705 -0.343733 -0.746514
-0.24154 -0.000904244 -0.157836 0.697646 -0.615345 0.366934
-0.262521 -0.0872325 -0.408253 0.197825 -0.934129 -0.297099
-0.053188 -0.0222056 -0.171506 0.659343 0.351082 -0.664837
-0.0553688 0.0819316 0.143601 -0.197825 0.934129 0.297099
-0.196862 0.107374 -0.0327411 -0.197825 0.934129 0.297099
0.203158 -0.0827081 0.0507719 0.659345 0.351081 -0.664835
-0.127967 0.0715598 0.0714262 -0.659343 -0.351083 0.664836
0.159025 -0.158152 0.0954198 0.197822 -0.934129 -0.297103
-0.0894553 -0.123636 -0.178558 0.197825 -0.934129 -0.297099
-0.0144361 0.0519491 0.0571817 -0.725349 0.0643706 -0.685365
0.233075 0.0123343 0.398209 -0.659343 -0.351083 0.664836
0.179418 -0.0905319 0.290675 -0.659343 -0.351083 0.664836
-0.295879 0.0668012 -0.232169 0.197825 -0.934129 -0.297099
-0.34677 0.0507846 -0.15654 -0.659343 -0.351083 0.664837
0.266062 -0.011576 0.150719 0.659342 0.351084 -0.664837
-0.399727 0.112449 -0.210591 0.197825 -0.934129 -0.297099
0.310949 -0.147521 0.318196 -0.5375 0.52185 0.662395
0.409631 -0.114264 0.256024 -0.197825 0.93413 0.297098
0.139298 0.108647 0.193671 0.751348 -0.339745 0.56573
-0.0162352 0.136044 -0.00706493 0.725349 -0.0643685 0.685365
0.231386 -0.0110063 0.244821 0.72535 -0.0643688 0.685365
0.00476718 0.0376864 -0.0824021 0.659343 0.351083 -0.664837
0.320129 0.0746946 0.387436 0.197825 -0.934129 -0.297099
0.187507 0.0980314 0.324422 -0.197825 0.934129 0.297099
-0.243809 -0.159528 -0.168485 0.197825 -0.934129 -0.297099
0.30479 0.0965549 0.407158 -0.197825 0.934129 0.297099
0.121138 -0.183936 0.183552 -0.659343 -0.351083 0.664836
-0.146675 0.153191 -0.215233 0.197825 -0.934129 -0.297099
-0.384866 -0.110225 -0.285694 -0.197825 0.934129 0.297099
0.20471 0.0111342 0.369444 -0.659343 -0.351083 0.664836
0.270568 -0.204063 0.321118 -0.659343 -0.351083 0.664837
0.164386 0.0808588 0.264352 0.197825 -0.934129 -0.297099
0.222822 0.061017 0.365648 0.197825 -0.934129 -0.297099
-0.355501 -0.0939129 -0.362117 -0.725349 0.0643691 -0.685365
-0.141723 -0.152003 -0.124171 0.197825 -0.934129 -0.297099
-0.312141 0.05697 -0.212086 0.197824 -0.93413 -0.297099
-0.140661 0.00585628 -0.0332628 -0.197825 0.934129 0.297099
0.229801 -0.186324 0.231123 0.197825 -0.934129 -0.297099
-0.0858482 -0.131103 -0.151315 0.250649 -0.936334 -0.245875
0.108498 0.0998979 0.233328 0.681721 -0.652076 0.331744
0.138401 0.126415 0.219905 -0.43356 0.899986 0.0452813
-0.304216 0.0963155 -0.0962677 0.197822 -0.93413 -0.297098
0.0283784 0.1302 0.0475999 -0.197825 0.934129 0.297099
-0.165031 0.146502 -0.141036 -0.670653 -0.125061 -0.731153
0.0801119 -0.116733 0.0186875 -0.290302 -0.696817 -0.655874
0.186109 0.0838865 0.175302 -0.0667818 0.908129 0.413329
-0.0365194 0.0510233 -0.105932 -0.197825 0.934129 0.297099
-0.283107 0.140396 -0.31366 0.659343 0.351083 -0.664836
0.192988 -0.0871171 0.09493 0.118011 0.824989 0.55269
0.334557 -0.190322 0.313444 0.197826 -0.934129 -0.297098
0.280808 -0.132692 0.101386 0.659343 0.351083 -0.664837
0.0305525 0.0135635 0.184543 -0.72535 0.0643688 -0.685365
0.00203979 0.0129675 -0.0981603 0.659343 0.351083 -0.664837
-0.193695 -0.106978 -0.0880407 -0.659342 -0.351081 0.664839
0.160453 -0.129743 0.25116 -0.659343 -0.351083 0.664836
0.0527254 0.045535 0.0374121 0.725349 -0.0643732 0.685365
0.251615 0.0160413 0.29198 0.197825 -0.934129 -0.297099
-0.108027 -0.106993 -0.243252 0.197825 -0.934129 -0.297099
0.111495 0.0955881 0.222944 0.744898 -0.424955 0.514335
-0.315405 0.104978 -0.154907 -0.197821 0.934131 0.297098
0.176961 -0.196981 0.205496 0.197825 -0.934129 -0.297099
0.0737788 0.0732779 0.259448 0.751348 -0.339748 0.565728
-0.134761 0.104482 -0.185505 0.659343 0.351083 -0.664836
0.103825 0.0246215 0.00893814 0.659343 0.351083 -0.664837
-0.260395 0.109212 -0.131588 -0.197825 0.934129 0.297099
0.174397 0.110944 0.155863 0.655266 0.16523 0.737106
-0.324048 -0.106003 -0.258472 -0.197825 0.934129 0.297099
0.27204 -0.139781 0.244639 -0.197825 0.934129 0.297099
-0.379852 0.078422 -0.283127 0.973825 0.152674 0.168393
-0.180319 -0.0424838 -0.0708328 -0.67177 -0.122 -0.730644
0.0390753 0.0519142 0.179124 -0.72535 0.0643688 -0.685365
0.265184 0.0379746 0.442354 -0.197825 0.934129 0.297099
0.0710449 0.0475812 -0.0114468 0.659343 0.351083 -0.664837
-0.0698547 0.0639404 -0.135668 0.72535 -0.0643688 0.685365
0.0251855 0.000731567 -0.0648038 0.74411 -0.17823 0.643843
0.155183 0.0522422 0.0744571 0.659343 0.351083 -0.664836
0.103071 0.0845736 0.228033 0.747012 -0.20584 0.632141
0.261886 -0.112695 0.202992 0.72535 -0.0643688 0.685365
0.214604 -0.11262 0.0463287 0.659343 0.351083 -0.664837
-0.341321 -0.0884526 -0.376612 -0.725349 0.0643691 -0.685365
-0.260255 -0.104749 -0.351671 0.197825 -0.934129 -0.297099
-0.254823 -0.0745873 -0.399136 0.659343 0.351083 -0.664837
-0.0368003 -0.0507781 0.0972358 -0.659343 -0.351082 0.664837
0.131386 -0.00648722 0.177583 0.418538 -0.905987 -0.0633478
-0.0026807 0.061301 -0.0773182 0.659343 0.351083 -0.664837
0.22733 -0.118419 0.0558869 0.659343 0.351083 -0.664837
0.28421 0.00418701 0.313179 0.772583 -0.0379585 0.633778
-0.274045 0.11951 -0.0481243 -0.659341 -0.351085 0.664837
0.147303 -0.170356 0.125985 0.197825 -0.93413 -0.297098
0.37902 -0.150329 0.217307 0.197825 -0.934129 -0.297099
0.210153 -0.164338 0.280644 -0.197825 0.934129 0.297099
-0.320296 0.0497434 -0.194795 0.197825 -0.934129 -0.297099
-0.227606 -0.012062 -0.250989 -0.72535 0.0643687 -0.685365
-0.314105 0.0125736 -0.15713 -0.72535 0.0643688 -0.685365
0.134431 -0.0543471 0.109478 0.687761 0.0755844 0.721992
0.15835 0.0946444 0.0999897 0.659343 0.351083 -0.664836
0.204803 0.099943 0.23126 0.197825 -0.934129 -0.297099
0.0169335 0.0921251 0.0796679 0.725349 -0.0643665 0.685366
-0.105142 0.0122604 0.0234908 -0.72535 0.0643688 -0.685365
0.0732289 -0.0698269 -0.0151599 -0.506978 -0.445374 -0.73798
-0.167295 0.0377651 -0.152481 0.106097 -0.918876 -0.380014
-0.267991 0.0491159 -0.202502 -0.72535 0.0643687 -0.685365
-0.368106 0.132314 -0.231078 0.136175 0.326339 -0.935392
0.305838 0.101861 0.268552 -0.197825 0.934129 0.297099
0.317669 -0.157332 0.303314 0.69468 0.347438 -0.629846
0.13134 -0.0483317 0.265278 -0.659347 -0.351084 0.664832
0.30054 -0.185116 0.274427 0.197825 -0.93413 -0.297098
-0.364263 0.187613 -0.324638 -0.197825 0.934129 0.297099
0.229186 -0.037681 0.18408 -0.67177 -0.121999 -0.730644
0.012043 0.103778 0.0340254 -0.725349 0.0643676 -0.685365
0.0226207 -0.0871453 0.136961 -0.659343 -0.351083 0.664837
0.112899 0.0358402 0.0238611 0.659343 0.351083 -0.664836
-0.0715956 0.014596 -0.170327 0.659345 0.351079 -0.664837
0.387213 -0.159096 0.304793 0.72535 -0.0643693 0.685365
-0.180793 -0.0924383 -0.335144 0.659343 0.351083 -0.664836
0.138269 -0.115632 0.149178 0.118011 0.824989 0.55269
-0.0355063 0.0907486 0.129104 -0.197825 0.934129 0.297099
0.225723 0.0526896 0.369812 -0.197825 0.934129 0.297099
-0.197645 0.0949095 -0.252924 0.659343 0.351083 -0.664837
0.200905 0.0909448 0.201492 -0.696962 0.61706 -0.365351
-0.308417 -0.0578051 -0.351705 -0.197821 0.93413 0.2971
0.157083 -0.0512743 0.289255 -0.659351 -0.351078 0.664831
-0.373972 0.123773 -0.229046 0.197825 -0.934129 -0.297099
0.0553006 -0.0253343 -0.0186313 -0.664382 -0.141863 -0.733806
-0.168867 -0.0582709 -0.219961 0.227356 0.749771 0.621412
0.20104 0.0827956 0.13607 0.65934 0.351084 -0.664838
-0.336364 0.151455 -0.359327 -0.72535 0.0643686 -0.685365
-0.152052 -0.0610882 -0.106996 -0.745234 0.422163 -0.516144
0.13999 0.0786768 0.074836 -0.72535 0.0643688 -0.685365
-0.280106 -0.0669612 -0.200582 -0.72535 0.0643688 -0.685365
-0.112196 0.0925824 0.0722738 -0.197825 0.934129 0.297099
-0.194643 0.110129 -0.120115 -0.711492 0.57716 -0.40083
0.0353737 0.00719285 0.0797484 -0.197825 0.934129 0.297099
-0.0509038 -0.027173 -0.171864 0.659343 0.351082 -0.664837
-0.135774 -0.1647 -0.0658192 0.384117 -0.91746 -0.103543
0.182446 0.0806864 0.182005 -0.141035 0.926335 0.349303
0.263696 -0.143604 0.251105 -0.197825 0.934129 0.297099
0.306971 -0.16194 0.337569 -0.197826 0.934129 0.297099
-0.325275 0.105303 -0.372798 0.197825 -0.934129 -0.297099
-0.175297 -0.142837 -0.0887304 -0.659342 -0.351082 0.664838
-0.0962419 0.152446 -0.107455 -0.197825 0.934129 0.297099
-0.122167 -0.093311 -0.277464 0.659343 0.351083 -0.664836
-0.306549 -0.0990664 -0.366342 -0.136165 -0.326338 0.935395
-0.176367 -0.163466 -0.111195 0.197825 -0.934129 -0.297099
-0.312868 -0.101341 -0.265686 -0.197825 0.934129 0.297099
-0.253427 0.0962525 -0.296502 0.197825 -0.934129 -0.297099
0.172597 -0.0800293 0.289456 -0.659343 -0.351083 0.664836
-0.0214811 0.0446501 0.115865 0.725348 -0.0643684 0.685367
-0.0343784 -0.0153826 0.118329 -0.659343 -0.351083 0.664837
-0.311348 0.168365 -0.228885 -0.197825 0.934129 0.297099
-0.388022 -0.14564 -0.308175 0.197825 -0.934129 -0.297099
-0.266147 0.115521 -0.155256 -0.197825 0.934129 0.297099
0.373722 0.130049 0.346227 0.72535 -0.064369 0.685365
0.162838 0.0166767 0.0632679 0.659343 0.351083 -0.664836
0.22801 -0.0814161 0.166069 -0.697648 0.615341 -0.366938
0.237938 0.12956 0.143843 0.659343 0.351083 -0.664836
-0.309771 0.0340689 -0.159697 -0.72535 0.0643687 -0.685365
0.124214 -0.105903 -0.0117778 -0.220927 -0.754766 -0.617673
0.27122 0.00671104 0.204328 0.72535 -0.0643688 0.685365
0.345022 0.09661 0.335105 0.197825 -0.934129 -0.297099
0.171368 -0.121132 0.188551 -0.478647 0.877937 -0.011077
0.00910479 0.0107387 0.0803096 0.72535 -0.0643688 0.685365
-0.100194 -0.0370937 0.041592 -0.659343 -0.351083 0.664837
-0.164543 0.180275 -0.169439 -0.00327933 -0.882925 -0.469502
-0.128022 -0.0326285 0.0163525 -0.659343 -0.351083 0.664837
0.350021 0.128047 0.338258 -0.197825 0.934129 0.297099
-0.0401316 0.132418 -0.0340274 -0.725349 0.0643687 -0.685365
0.220911 0.146658 0.135986 0.659343 0.351083 -0.664836
-0.262012 0.0595019 -0.0678795 -0.659346 -0.351083 0.664834
0.308492 0.122712 0.263713 0.659343 0.351082 -0.664837
-0.337818 0.157536 -0.246498 -0.957843 -0.119797 -0.261123
-0.278375 0.0972576 -0.108237 0.633878 0.215944 0.742675
0.350396 0.0949074 0.367614 0.72535 -0.0643689 0.685365
0.194821 -0.0507521 0.21772 -0.6541 -0.168138 -0.737484
-0.296892 0.144538 -0.144342 -0.197825 0.934129 0.297099
-0.313151 -0.146676 -0.273927 0.659343 0.351082 -0.664837
-0.150464 -0.0801456 -0.154792 -0.478646 0.877938 -0.0110752
0.125909 -0.0210754 0.22551 0.068863 -0.90876 -0.411598
0.220504 0.0181789 0.149559 -0.118007 -0.824991 -0.552688
0.169205 -0.121004 0.203355 -0.584036 0.796034 -0.158846
0.393794 0.0975095 0.321928 0.725351 -0.0643723 0.685363
-0.0286414 0.061577 -0.0528413 -0.72535 0.0643688 -0.685365
-0.407288 0.0587458 -0.281161 0.173926 -0.939064 -0.296493
0.309498 0.105307 0.284105 0.197825 -0.934129 -0.297099
0.193862 -0.122013 0.274109 0.72535 -0.0643688 0.685365
-0.0329486 -0.111196 -0.118704 0.52965 -0.8445 0.079315
-0.219054 -0.147836 -0.188763 0.197825 -0.934129 -0.297099
-0.310206 0.159671 -0.299457 0.197825 -0.934129 -0.297099
-0.393077 0.105852 -0.173385 -0.659343 -0.351083 0.664836
-0.147685 -0.123423 -0.218001 0.197825 -0.934129 -0.297099
0.27824 -0.00461461 0.336162 0.963556 0.240989 -0.116119
-0.221736 0.152855 -0.155877 0.698767 -0.612502 0.369547
-0.181469 0.0656331 -0.0173835 0.72535 -0.0643688 0.685365
-0.24303 0.0261403 -0.0666717 -0.659343 -0.351083 0.664837
-0.00852097 -0.0711089 0.114545 -0.659343 -0.351083 0.664837
-0.232209 0.0556291 -0.0403677 -0.659343 -0.351083 0.664837
0.173591 0.0156971 0.137909 0.386884 -0.91665 -0.100371
0.117047 0.0376257 0.0384451 -0.197825 0.934129 0.297099
0.0478103 0.115901 0.0214481 -0.590138 -0.570734 0.570964
0.266848 -0.0154126 0.206877 0.72535 -0.0643688 0.685365
-0.197793 0.13032 -0.234371 0.659343 0.351083 -0.664837
-0.0263471 0.0946201 0.12303 -0.197825 0.934129 0.297099
-0.0821958 0.00885189 0.0507982 0.72535 -0.0643688 0.685365
-0.365534 0.147185 -0.297041 0.197825 -0.934129 -0.297099
-0.332782 0.159823 -0.216299 -0.197825 0.934129 0.297099
-0.163591 -0.158417 -0.118565 0.197825 -0.934129 -0.297099
-0.0133831 -0.0887526 -0.0883143 0.66174 -0.690741 0.29151
-0.103561 -0.130076 -0.167702 0.197825 -0.934129 -0.297099
-0.372461 0.0945541 -0.326467 -0.72535 0.0643685 -0.685365
-0.368894 0.184189 -0.316954 -0.197825 0.934129 0.297099
0.0997245 0.0222624 0.0752155 -0.197825 0.934129 0.297099
-0.0244131 0.0253222 0.06524 -0.72535 0.0643688 -0.685365
-0.0185014 0.0466295 -0.0801201 -0.197825 0.934129 0.297099
-0.224641 -0.0693583 -0.259508 -0.72535 0.0643688 -0.685365
-0.0897965 0.0844115 0.0527857 -0.40613 -0.843897 0.350565
-0.267189 -0.0567486 -0.40198 0.659343 0.351083 -0.664837
0.339145 0.0783823 0.364552 -0.197825 0.934129 0.297099
-0.130379 0.0468576 -0.169154 -0.0808502 -0.84604 -0.526953
0.315652 0.0173244 0.397099 0.725349 -0.0643725 0.685365
0.149873 -0.0846489 0.110674 0.428491 0.551137 0.715991
0.104609 0.104612 0.176681 -0.197825 0.934129 0.297099
-0.0799966 -0.089675 0.0247645 0.747942 -0.396241 0.532518
-0.332525 -0.100566 -0.387059 -0.725349 0.0643691 -0.685365
-0.207918 0.0253907 -0.150728 0.418537 -0.905988 -0.0633496
-0.155316 0.160176 -0.153383 -0.566014 -0.350248 -0.746294
0.31047 0.06554 0.235484 0.659343 0.351083 -0.664836
0.174627 -0.160444 0.0890625 0.197826 -0.934128 -0.297101
0.140457 -0.188393 0.200358 -0.659343 -0.351083 0.664836
0.062898 0.0210407 0.151012 -0.72535 0.0643688 -0.685365
-0.271635 -0.0132586 -0.119914 0.648082 -0.713657 0.265864
0.418452 -0.121559 0.275257 0.725349 -0.0643687 0.685365
-0.299199 -0.15486 -0.217958 -0.659343 -0.351082 0.664837
0.190923 -0.156722 0.0882124 0.197823 -0.93413 -0.297097
0.156955 0.0741186 0.355345 -0.659343 -0.351083 0.664836
0.234304 -0.147763 0.0978843 -0.489177 -0.356729 0.795896
0.185989 0.128827 0.220806 0.314294 0.674598 0.667934
0.21922 -0.0907926 0.0624325 0.659343 0.351083 -0.664837
-0.249458 0.130065 -0.189871 -0.197825 0.934129 0.297099
-0.338471 0.155665 -0.268384 -0.867662 -0.307895 0.390338
-0.13111 -0.0696901 -0.1826 -0.418538 0.905987 0.0633477
0.19773 -0.0882957 0.207087 -0.745236 0.42215 -0.516152
0.0195385 -0.00430618 0.0159415 -0.72535 0.0643688 -0.685365
-0.0718294 -0.0762253 -0.218519 0.659343 0.351083 -0.664837
0.0519555 -0.143187 0.0597047 -0.255924 -0.726666 -0.637542
-0.194905 0.155501 -0.209572 0.197827 -0.934127 -0.297106
-0.241434 -0.0967864 -0.364173 0.197825 -0.934129 -0.297099
-0.260122 0.182681 -0.239787 -0.197825 0.934129 0.297099
-0.0777468 0.10168 0.00289532 -0.725349 0.064366 -0.685365
0.18609 -0.176911 0.172421 0.197825 -0.934129 -0.297099
-0.0331883 -0.105832 -0.0871704 0.623573 -0.749376 0.222695
0.230309 0.132131 0.245706 -0.197825 0.934129 0.297099
0.18566 -0.0953295 0.218761 -0.745237 0.422144 -0.516156
-0.23427 0.102511 -0.0712757 -0.733787 0.107865 -0.670763
0.00606748 -0.135701 0.0949035 -0.659343 -0.351083 0.664837
0.155333 -0.0404002 0.293262 -0.659343 -0.351083 0.664837
-0.107129 -0.0915429 -0.261617 0.659343 0.351083 -0.664836
0.237666 0.0915622 0.255542 -0.197825 0.934129 0.297099
-0.173775 0.120327 -0.142634 -0.698491 0.613205 -0.368903
0.0790095 0.0851424 0.265104 0.665068 -0.684763 0.297967
0.36195 -0.128567 0.184035 0.659343 0.351083 -0.664837
0.298096 -0.0940258 0.166422 0.72535 -0.0643688 0.685365
-0.0988902 0.0776318 -0.164109 0.659343 0.351083 -0.664837
-0.345803 0.117707 -0.12024 -0.659343 -0.351083 0.664836
0.149717 0.0617905 0.290588 -0.197825 0.934129 0.297099
-0.159222 0.0447663 -0.16773 0.179679 -0.932234 -0.314094
0.0702027 0.0470363 -0.0125698 0.659343 0.351083 -0.664837
0.171121 -0.0575044 0.299887 -0.659343 -0.351083 0.664836
0.100816 0.0671988 0.231429 0.592986 0.300787 0.746924
-0.0682059 0.0971977 0.0442895 0.725351 -0.0643721 0.685363
-0.404704 0.116117 -0.225437 0.197825 -0.934129 -0.297099
0.200056 -0.10269 0.180074 -0.62828 0.742983 -0.230739
-0.28647 0.171201 -0.354243 0.659343 0.351082 -0.664837
0.243131 0.105549 0.337823 -0.197825 0.934129 0.297099
0.176765 0.0279672 0.35062 -0.659343 -0.351083 0.664836
-0.0321169 -0.0247331 -0.00592975 0.737937 -0.132914 0.661652
0.213339 -0.107732 0.0476551 0.659342 0.351084 -0.664837
-0.331572 0.14434 -0.265479 0.197828 -0.934126 -0.297107
-0.235714 0.127284 -0.171976 -0.197825 0.934129 0.297099
0.111008 0.0259143 0.100553 -0.72535 0.0643688 -0.685365
-0.0256976 -0.0188767 0.121051 -0.197825 0.934129 0.297099
0.297383 0.111546 0.232473 -0.197825 0.934129 0.297099
-0.311043 -0.0572009 -0.403256 -0.197822 0.934129 0.297101
0.280763 0.0660688 0.206301 0.659343 0.351083 -0.664836
-0.427955 0.120253 -0.253924 0.197825 -0.934129 -0.297099
-0.12663 0.148527 -0.154182 0.659343 0.351083 -0.664836
-0.351924 0.0395728 -0.183876 0.197825 -0.934129 -0.297099
0.210014 0.140651 0.157504 -0.197825 0.934129 0.297099
0.293696 0.112825 0.249945 0.197825 -0.934129 -0.297099
0.138544 0.133717 0.10098 0.659343 0.351084 -0.664836
0.130476 -0.10965 -0.00936996 -0.185401 -0.781045 -0.596318
0.0237284 0.0621041 0.216874 -0.659343 -0.351083 0.664837
0.169747 -0.0171269 0.211573 -0.227361 -0.749767 -0.621415
-0.372364 -0.103676 -0.297962 -0.197825 0.934129 0.2971
-0.357087 -0.140663 -0.303225 0.197825 -0.934129 -0.297099
0.100008 -0.0241462 0.21709 0.354268 -0.925033 -0.137145
-0.308925 0.0728504 -0.286824 0.781843 -0.561772 -0.270432
-0.0994659 -0.123933 -0.18429 0.197825 -0.934129 -0.297099
-0.137518 -0.116422 -0.233243 0.197825 -0.934129 -0.297099
0.337458 0.0795893 0.359633 -0.197825 0.934129 0.297099
0.177067 0.0100715 0.0738919 0.659343 0.351083 -0.664836
0.204402 0.101622 0.225715 0.197825 -0.934129 -0.297099
0.296387 0.0995675 0.269472 -0.197825 0.934129 0.297099
0.272353 -0.00516099 0.332955 -0.606577 -0.774576 -0.179153
0.296726 0.0703817 0.385413 0.197826 -0.934129 -0.297099
0.194632 -0.00505295 0.350902 -0.659343 -0.351083 0.664836
-0.326497 0.120065 -0.367427 0.659343 0.351082 -0.664837
-0.329336 -0.144952 -0.271263 0.197825 -0.934129 -0.297099
0.0624238 -0.0385559 -0.0213718 -0.626686 -0.2319 -0.743968
0.049486 0.0336033 0.166387 -0.72535 0.0643688 -0.685365
-0.0200072 -0.0925048 0.0918553 -0.659343 -0.351083 0.664837
0.222524 0.114522 0.152183 0.197825 -0.934129 -0.297099
-0.336447 0.154888 -0.301891 0.197825 -0.934129 -0.297099
0.140802 0.0760883 0.340365 -0.659343 -0.351083 0.664836
0.299957 0.105834 0.252144 -0.197825 0.934129 0.297099
0.0893806 0.0254946 0.123403 -0.72535 0.0643688 -0.685365
-0.228386 -0.107284 -0.322478 0.197824 -0.934127 -0.297108
-0.307647 -0.0842318 -0.301233 -0.298513 0.231283 -0.925958
0.0621751 -0.111997 0.163065 -0.659343 -0.351082 0.664837
-0.195568 0.104878 -0.141324 -0.420307 0.905313 0.061238
0.22488 0.072641 0.30652 -0.197825 0.934129 0.297099
0.170525 -0.0985675 0.116818 0.118011 0.824989 0.55269
0.279717 0.0192993 0.29325 -0.00132968 -0.81598 -0.578079
0.274061 0.0321149 0.256388 0.197827 -0.934129 -0.297098
-0.346591 0.156446 -0.313544 0.197828 -0.934129 -0.297098
-0.311763 0.124766 -0.0920766 -0.197825 0.934129 0.297099
-0.295852 -0.116716 -0.313738 -0.477586 0.172833 -0.861418
0.122162 0.044624 0.260556 -0.416897 0.906605 0.065302
-0.0504327 -0.0946323 -0.0262675 0.718651 -0.554137 0.420088
0.345931 0.0350052 0.295155 0.197826 -0.934128 -0.297102
0.193283 0.0939303 0.216245 -0.751374 0.338901 -0.566201
0.22064 0.0694903 0.337554 0.197824 -0.93413 -0.297096
-0.17736 -0.0678169 -0.318738 0.659343 0.351083 -0.664836
0.213359 0.0849155 0.149406 0.659346 0.351082 -0.664834
0.181571 -0.165271 0.108863 0.197825 -0.93413 -0.297097
0.261282 0.0819117 0.32556 0.197825 -0.934129 -0.297099
0.0713101 0.0511111 0.258258 -0.659343 -0.351083 0.664837
-0.0298128 -0.0974954 -0.0717346 0.66174 -0.690741 0.29151
0.0331873 0.0259196 0.182915 -0.72535 0.0643688 -0.685365
-0.275754 -0.0885404 -0.281221 -0.197826 0.934129 0.297099
-0.105073 -0.148721 -0.0379725 0.555193 -0.82364 0.115664
-0.0496927 -0.120767 -0.130103 0.445619 -0.894702 -0.030531
-0.325387 -0.139974 -0.284283 0.197825 -0.934129 -0.297099
-0.115982 0.0525888 0.0732939 -0.659343 -0.351083 0.664836
0.171851 0.0624608 0.303218 -0.197825 0.934129 0.297099
-0.114859 0.0572632 0.0768756 -0.659343 -0.351083 0.664836
-0.400283 0.117886 -0.252008 -0.197825 0.934129 0.2971
-0.294704 -0.0992756 -0.260086 -0.197824 0.934129 0.297099
-0.314501 -0.103998 -0.258419 -0.197824 0.93413 0.297099
-0.185302 -0.123604 -0.242477 0.197825 -0.934129 -0.297099
0.242163 0.0103439 0.235421 0.72535 -0.0643688 0.685365
0.28883 -0.0972136 0.128076 0.659343 0.351083 -0.664837
0.312935 -0.161068 0.271536 0.94627 0.102892 0.306571
0.365082 -0.132057 0.281475 -0.940835 -0.26601 0.209921
0.0433716 0.0485235 -0.00432036 -0.72535 0.0643688 -0.685365
-0.260387 0.163257 -0.178891 -0.197825 0.934129 0.297099
0.223033 0.0881402 0.280508 0.197825 -0.934129 -0.297099
-0.290849 0.0421675 -0.178963 -0.72535 0.0643687 -0.685365
-0.0877223 0.0393487 0.00759876 -0.72535 0.0643688 -0.685365
-0.0566069 -0.105563 -0.0320107 0.693534 -0.625452 0.357519
-0.263108 -0.0802146 -0.148635 0.515783 0.43216 0.739734
-0.251833 -0.0158671 -0.15903 0.745234 -0.422165 0.516142
0.394631 0.107132 0.311104 -0.197826 0.93413 0.297097
-0.390978 -0.143714 -0.303093 -0.659343 -0.351082 0.664837
-0.109595 -0.152614 -0.0711608 0.44562 -0.894702 -0.0305306
0.224529 0.133947 0.168464 0.725349 -0.064369 0.685365
0.398293 -0.151682 0.234393 0.197825 -0.934129 -0.297099
0.186927 0.0862556 0.219193 -0.731213 0.505162 -0.458409
-0.0289152 0.0158289 0.121026 0.725349 -0.0643688 0.685365
0.240363 0.091324 0.380706 -0.197825 0.934129 0.297099
0.00898005 0.077426 0.0867048 0.72535 -0.0643709 0.685364
0.230668 -0.125843 0.234796 0.72535 -0.0643688 0.685365
0.3131 0.102899 0.392746 -0.197825 0.934129 0.297099
0.295236 0.0964261 0.278582 -0.197826 0.934129 0.297099
-0.215153 0.000953963 -0.082447 -0.0808501 -0.84604 -0.526953
0.244133 0.0622309 0.35207 -0.197827 0.934127 0.297104
-0.345015 0.117665 -0.19056 0.197824 -0.93413 -0.297098
0.398012 -0.122529 0.274276 -0.197824 0.934129 0.297101
0.233569 -0.152297 0.126645 0.197825 -0.934129 -0.297099
-0.367707 0.0733868 -0.319621 -0.0867907 -0.698742 -0.710089
-0.3234 0.13378 -0.357113 0.659343 0.351082 -0.664837
0.292567 -0.0224455 0.178997 0.72535 -0.0643688 0.685365
-0.0703793 0.0819897 -0.133532 0.659343 0.351083 -0.664837
0.208258 0.0907278 0.361203 -0.197825 0.934129 0.297099
-0.0397416 0.0263276 0.00750843 0.72535 -0.0643688 0.685365
-0.252285 0.0403088 -0.068368 -0.659343 -0.351083 0.664837
-0.282663 -0.0964934 -0.336737 -0.976696 -0.21358 0.0211943
0.0809318 0.00902837 0.245577 -0.65934 -0.351084 0.664839
0.166478 -0.177504 0.161228 0.197825 -0.934129 -0.297099
-0.123526 0.0253105 -0.146665 -0.397163 -0.588184 -0.704486
-0.230445 0.0126755 -0.120245 0.35427 -0.925032 -0.137142
-0.0797609 -0.0406547 -0.207602 0.659344 0.351084 -0.664835
0.315984 0.0673481 0.383824 -0.197825 0.934129 0.297099
-0.285901 -0.0737045 -0.161914 -0.659343 -0.351083 0.664836
-0.165895 0.103873 -0.216703 0.659341 0.351084 -0.664838
-0.37098 -0.0976108 -0.315683 -0.265048 0.911317 0.315042
-0.386475 0.0504466 -0.241517 0.149053 -0.957313 -0.24766
-0.282398 -0.142145 -0.248834 0.197825 -0.934129 -0.297099
0.0538354 0.00625431 0.0949922 -0.197825 0.934129 0.297099
-0.0104014 -0.0622579 -0.0537846 0.736844 -0.477492 0.478605
0.189821 -0.0521309 0.0536925 0.659344 0.351082 -0.664836
-0.192803 0.178359 -0.159128 -0.303782 0.933283 0.19157
-0.225175 -0.114646 -0.297193 0.197825 -0.934129 -0.297099
0.195866 -0.150137 0.0707975 0.197822 -0.934131 -0.297097
0.338167 0.00666991 0.366599 0.493942 -0.868159 0.0481786
-0.0561576 0.0561754 0.134518 -0.659343 -0.351083 0.664837
-0.384418 0.142173 -0.195187 -0.197825 0.934129 0.297099
0.281925 -0.0819384 0.129295 0.659344 0.351085 -0.664835
0.163266 0.0553408 0.08411 0.659343 0.351083 -0.664836
0.210972 0.126642 0.250088 -0.197825 0.934129 0.297099
0.241432 0.0483195 0.4255 -0.659343 -0.351083 0.664836
-0.165198 0.0442993 -0.0366071 0.72535 -0.0643688 0.685365
0.392303 -0.172636 0.298134 0.72535 -0.0643693 0.685365
0.00511195 -0.0998729 0.112876 -0.659343 -0.351083 0.664837
0.177919 -0.0327833 0.065794 0.687761 0.0755844 0.721992
0.302844 0.0455947 0.413308 0.725349 -0.0643686 0.685365
0.429572 -0.144662 0.261319 0.725351 -0.064362 0.685364
0.140765 0.0917513 0.313044 -0.197825 0.934129 0.297099
-0.285022 0.14138 -0.126509 -0.197825 0.934129 0.297099
0.299847 0.140166 0.266746 -0.197825 0.934129 0.297099
-0.185298 0.105865 -0.234894 0.659343 0.351083 -0.664837
0.00600886 0.0259008 -0.0409512 0.72535 -0.0643688 0.685365
-0.315892 0.124506 -0.192678 0.197825 -0.934129 -0.297099
0.202796 0.096672 0.205022 -0.744998 0.424131 -0.51487
0.315232 -0.105076 0.150108 0.659343 0.351083 -0.664837
-0.243565 0.183946 -0.251447 0.659343 0.351082 -0.664837
0.248377 -0.183374 0.234217 0.197825 -0.934129 -0.297099
-0.379848 0.128415 -0.31547 -0.72535 0.0643685 -0.685365
-0.299651 0.149945 -0.26185 0.197825 -0.934129 -0.297099
0.266648 -0.0970333 0.199423 0.72535 -0.0643688 0.685365
0.0529847 0.142808 0.0243431 -0.197825 0.934129 0.297099
0.198381 -0.143945 0.267267 0.72535 -0.0643688 0.685365
-0.400027 0.04765 -0.241302 0.197825 -0.934129 -0.297099
-0.357843 0.126971 -0.228361 0.197828 -0.934128 -0.2971
-0.372123 0.0508496 -0.251974 -0.143357 -0.980142 0.137008
0.0882131 0.0255412 0.124643 -0.72535 0.0643688 -0.685365
-0.415508 0.0619075 -0.218836 -0.659343 -0.351083 0.664837
-0.0584506 0.0484352 -0.112398 -0.197825 0.934129 0.297099
-0.0724512 -0.018588 0.0379079 0.72535 -0.0643688 0.685365
-0.161659 -0.0168502 -0.276252 0.659345 0.351081 -0.664835
-0.323246 0.109758 -0.102068 -0.659343 -0.351083 0.664836
0.188117 -0.0408411 0.287813 0.72535 -0.0643688 0.685365
-0.203806 0.000860652 -0.0851005 -0.191353 -0.776795 -0.599977
0.379398 0.0837766 0.313472 0.659343 0.351083 -0.664836
0.257647 0.105854 0.34653 -0.197826 0.934128 0.297103
0.0197933 -0.0361268 0.0158293 -0.680849 -0.0962827 -0.726068
0.172041 -0.0249061 0.0716259 0.72535 -0.0643693 0.685365
-0.234514 -0.0796591 -0.381673 0.659343 0.351083 -0.664836
-0.238266 0.161408 -0.158349 -0.197825 0.934129 0.297099
-0.197699 -0.0223304 -0.0473112 -0.659343 -0.351083 0.664837
-0.275218 0.156845 -0.267273 0.197825 -0.934129 -0.297099
-0.215596 0.0929307 -0.00419359 -0.659343 -0.351081 0.664837
0.146193 0.126912 0.104973 0.659343 0.351083 -0.664836
-0.458224 0.137456 -0.229498 -0.19783 0.934131 0.297091
0.164589 0.0763648 0.243578 -0.744999 0.424126 -0.514873
0.270877 0.0180413 0.438713 -0.659343 -0.351083 0.664836
0.00945796 -0.073499 -0.104577 0.678455 -0.658888 0.324908
-0.309738 0.0702501 -0.283474 0.816341 -0.542607 -0.197902
-0.371895 0.120818 -0.292874 0.477602 -0.172826 0.86141
0.322505 0.0872237 0.325673 -0.197825 0.934129 0.297099
0.130271 0.0401916 0.0815074 -0.72535 0.0643688 -0.685365
-0.115224 0.0536387 -0.18239 -0.118008 -0.82499 -0.552689
0.292989 -0.0492052 0.176037 0.72535 -0.0643688 0.685365
-0.253536 0.0329082 -0.0735164 -0.659332 -0.351083 0.664847
-0.268564 0.128645 -0.0581354 0.0616695 0.856043 0.513213
0.307273 0.100771 0.272937 -0.197825 0.934129 0.297099
-0.206478 -0.0691488 -0.296064 -0.197825 0.934129 0.297099
-0.165448 -0.0814185 -0.314107 0.659343 0.351083 -0.664836
-0.155857 0.128192 -0.19296 -0.217815 0.935553 0.278025
0.239997 -0.0934707 0.227963 0.72535 -0.0643688 0.685365
-0.291383 -0.148858 -0.207036 -0.659343 -0.351082 0.664837
0.0913615 -0.0874751 -0.0142095 -0.420028 -0.561406 -0.713021
-0.0312518 0.0507882 0.0748694 -0.725349 0.0643707 -0.685365
-0.0460408 -0.104283 -0.20776 0.659343 0.351083 -0.664837
0.288047 0.0882079 0.390771 -0.0588722 0.291219 -0.954843
-0.380268 0.102002 -0.164788 0.197825 -0.934129 -0.297099
-0.375304 0.063254 -0.27113 0.889319 0.298511 -0.346413
0.202567 -0.0394417 0.272651 0.72535 -0.0643688 0.685365
-0.219271 -0.14268 -0.218481 0.72535 -0.0643694 0.685365
-0.187371 -0.116189 -0.291121 0.197825 -0.934129 -0.297099
0.370908 0.0736775 0.343911 0.725349 -0.0643686 0.685365
0.0786716 -0.0450353 0.18341 0.71075 -0.579399 0.398912
0.303403 0.103326 0.286276 0.197825 -0.934129 -0.297099
-0.268578 -0.113352 -0.330161 0.197825 -0.93413 -0.297097
0.238451 0.0133916 0.148923 -0.29758 -0.690201 -0.659598
0.0254687 0.069683 0.222603 -0.659344 -0.351074 0.664841
-0.127519 0.114277 -0.069912 0.72535 -0.0643688 0.685365
0.265705 -0.0377884 0.205985 0.72535 -0.0643688 0.685365
-0.259885 -0.0570413 -0.221051 -0.72535 0.0643688 -0.685365
-0.428343 0.142338 -0.262837 -0.725349 0.0643686 -0.685365
0.312146 -0.185925 0.371931 -0.659343 -0.351083 0.664837
-0.116026 0.0607121 -0.0871066 0.72535 -0.0643688 0.685365
-0.270245 0.127092 -0.0553429 0.0616695 0.856043 0.513213
-0.363489 -0.13146 -0.336425 0.197824 -0.934129 -0.2971
-0.0272911 -0.0254383 0.0635184 -0.72535 0.0643688 -0.685365
-0.197974 0.158146 -0.264968 0.197825 -0.934129 -0.297099
-0.428531 0.0458888 -0.254744 0.197825 -0.934129 -0.297101
0.053912 0.11987 0.00973557 0.659343 0.351083 -0.664837
0.274389 -0.1395 0.245322 -0.197825 0.934129 0.297099
0.182888 -0.0420349 0.052148 0.659343 0.351083 -0.664837
0.00924518 0.0117341 0.0283418 -0.72535 0.0643688 -0.685365
-0.391624 0.13491 -0.266066 0.967037 0.136407 0.215018
0.0836461 -0.00482207 0.240955 -0.659341 -0.351083 0.664839
0.146632 0.128961 0.193941 -0.637904 0.72925 -0.247536
-0.0862861 0.0203203 0.0562042 0.725348 -0.0643689 0.685366
0.0232216 0.0385485 -0.0636448 0.659343 0.351083 -0.664837
-0.374613 -0.108763 -0.283463 -0.197825 0.934129 0.297099
-0.275423 0.0392863 -0.19556 -0.72535 0.0643687 -0.685365
-0.35382 -0.0969484 -0.364182 -0.725349 0.0643691 -0.685365
0.128623 0.123884 0.132077 -0.197825 0.934129 0.297099
0.352155 -0.153553 0.209555 0.197825 -0.934129 -0.297099
0.271909 0.0167 0.297315 -0.0110342 -0.853944 -0.520249
-0.355284 -0.0888372 -0.31407 -0.640901 0.631842 0.435914
0.139844 -0.142288 0.224096 -0.659343 -0.351083 0.664836
-0.371615 -0.147378 -0.291786 0.197825 -0.934129 -0.297099
0.243033 0.0609477 0.166179 0.659343 0.351083 -0.664836
0.0609966 0.0156337 -0.0260625 -0.72535 0.0643688 -0.685365
-0.260032 -0.0755868 -0.311216 -0.128056 0.939153 0.318736
0.100424 -0.156543 0.0686331 -0.00279893 -0.883124 -0.469131
0.165922 0.0066453 0.168821 0.215847 -0.935444 -0.27992
-0.423578 0.121748 -0.255709 0.197836 -0.934132 -0.297083
0.396228 -0.149005 0.2962 0.72535 -0.0643693 0.685365
0.155131 -0.00364729 0.191879 0.106098 -0.918876 -0.380013
0.112386 0.0189316 0.0941188 -0.197825 0.934129 0.297099
-0.26257 -0.0442597 -0.157872 0.727761 -0.0760172 0.681605
-0.363749 0.0983715 -0.166323 -0.197825 0.934129 0.297099
-0.389374 0.0935798 -0.176193 -0.659343 -0.351083 0.664837
0.277957 -0.0199773 0.194691 0.72535 -0.0643688 0.685365
-0.41024 0.150697 -0.23918 -0.197825 0.934129 0.2971
-0.282812 0.16098 -0.186664 -0.197825 0.934129 0.297099
0.356654 0.114914 0.253844 0.659343 0.351083 -0.664836
0.195618 -0.0986403 0.274446 0.72535 -0.0643688 0.685365
0.129153 -0.182685 0.13372 -0.234422 0.249209 -0.93965
0.17831 0.0418166 0.359465 -0.659343 -0.351083 0.664836
-0.31532 0.120442 -0.179519 0.197825 -0.934129 -0.297099
-0.0131934 -0.0511978 0.120426 -0.659343 -0.351083 0.664837
-0.334106 0.13421 -0.235317 0.197825 -0.934129 -0.297099
0.0828254 0.0280905 0.257521 -0.659345 -0.351082 0.664835
0.237622 -0.130106 0.227036 0.72535 -0.0643688 0.685365
-0.00775793 0.091363 -0.0664785 0.659343 0.351083 -0.664837
0.102871 0.0310739 0.0496059 -0.197825 0.934129 0.297099
0.272213 0.0687299 0.199227 0.659343 0.351083 -0.664836
-0.0109073 -0.108373 0.0660744 -0.53361 -0.404424 -0.742766
-0.154396 0.0819318 -0.216885 0.659342 0.351083 -0.664837
0.222992 0.0104711 0.290435 0.197825 -0.934129 -0.297099
0.393188 -0.114225 0.244952 -0.197825 0.934129 0.297099
-0.304848 -0.00985629 -0.146987 -0.659343 -0.351083 0.664837
0.181241 -0.101728 0.28657 -0.659343 -0.351083 0.664836
0.297031 -0.164897 0.340249 -0.197825 0.934129 0.297099
-0.145581 -0.0113918 0.0101529 -0.659343 -0.351082 0.664837
0.149495 0.0576567 0.339253 -0.659343 -0.351083 0.664836
0.0788419 0.0744824 0.253546 0.751773 -0.295832 0.58934
0.32726 0.134947 0.301407 -0.197825 0.934129 0.297099
-0.402508 0.0658985 -0.203836 -0.659343 -0.351083 0.664837
0.172768 -0.0184036 0.0720002 0.741441 -0.157047 0.652382
-0.421579 0.0713761 -0.27666 -0.725349 0.064369 -0.685365
