ply
format ascii 1.0
comment Created by Open3D
element vertex 128
property double x
property double y
property double z
property double nx
property double ny
property double nz
end_header
-0.197849 -0.174094 -0.231995 -0.147736 0.756219 -0.637422
-0.330817 -0.196329 0.0679312 -0.964822 -0.251907 -0.0752379
0.0435425 -0.416166 -0.124539 0.0237507 -0.641596 -0.766675
-0.295912 0.110168 -0.043789 -0.969901 -0.236911 -0.0562692
0.335283 -0.615962 -0.0322566 -0.822693 0.263759 0.503594
0.00347531 0.17394 -0.235504 -0.544859 0.475644 0.690573
0.28093 0.291464 0.246893 0.548953 0.598802 0.58317
-0.265603 0.273925 -0.397874 -0.147737 0.75622 -0.637421
-0.30324 0.236181 0.319621 -0.822694 0.26376 0.503593
0.442182 -0.48557 0.0379807 0.822694 -0.26376 -0.503593
0.355048 0.0687006 -0.0475539 0.988742 0.128406 -0.0768247
0.0185284 0.164427 -0.468562 0.193564 -0.609923 -0.768458
0.260405 -0.151398 -0.287149 -0.399119 0.362833 -0.842055
-0.0534829 0.233118 0.144227 -0.193564 0.609923 0.768458
-0.344793 -0.205414 0.223708 -0.548953 -0.598802 -0.58317
-0.0514087 0.0963541 0.0113206 0.503037 -0.497451 -0.706751
0.123476 -0.275263 0.184852 -0.895323 0.171565 0.41105
-0.205516 -0.442484 -0.162814 -0.548953 -0.598802 -0.58317
0.424088 -0.0768176 -0.205664 0.822694 -0.26376 -0.503593
0.250445 -0.174306 0.519572 0.147736 -0.756219 0.637422
0.0474496 -0.183192 -0.299641 -0.147736 0.756219 -0.637422
-0.471818 -0.0975273 0.182901 0.822694 -0.26376 -0.503593
0.0222535 0.363427 0.0574991 0.548953 0.598802 0.58317
-0.255096 -0.537516 -0.0185637 -0.548953 -0.598802 -0.58317
-0.30784 -0.0617205 -0.0731851 -0.147736 0.756219 -0.637422
-0.195573 -0.118577 0.645212 0.822694 -0.263759 -0.503593
0.539627 -0.182203 0.0382815 0.822694 -0.26376 -0.503593
-0.0916982 -0.31256 -0.372184 0.548952 0.598802 0.58317
-0.375429 -0.0960902 0.375717 -0.822694 0.26376 0.503593
-0.187435 0.0594815 0.427138 0.548953 0.598802 0.58317
0.0878698 0.291184 -0.459323 -0.14774 0.756219 -0.637421
0.11846 0.148486 0.546641 0.548953 0.598802 0.58317
0.0177305 0.535469 -0.153254 -0.147736 0.756219 -0.637422
-0.347471 -0.297529 -0.178029 -0.548953 -0.598802 -0.58317
0.169862 0.468105 -0.218235 0.969901 0.23691 0.0562691
-0.31238 0.212474 -0.190672 -0.969901 -0.236911 -0.0562692
0.114711 -0.171083 0.401475 -0.25835 -0.651624 -0.713191
-0.104116 0.0717404 -0.42589 0.193564 -0.609923 -0.768458
0.236507 -0.410824 -0.11257 -0.548953 -0.598802 -0.58317
0.403038 -0.092999 0.0278775 0.548953 0.598802 0.58317
-0.0617259 -0.691337 -0.0214662 0.147735 -0.75622 0.637421
-0.0981947 0.336135 -0.157498 -0.147739 0.756218 -0.637423
-0.0125453 -0.265889 0.466244 0.415753 -0.5373 -0.733797
-0.185826 0.487087 -0.163474 -0.147736 0.756219 -0.637422
-0.279795 -0.371482 0.0985213 -0.822694 0.26376 0.503593
-0.28681 -0.0247239 0.483112 -0.822694 0.26376 0.503593
0.225662 -0.0543114 0.653963 0.548953 0.598802 0.58317
-0.229954 -0.527024 0.21246 0.147736 -0.756219 0.637421
-0.0710359 -0.0501537 -0.32081 0.193564 -0.609923 -0.768458
-0.267635 0.0406297 -0.238411 -0.969901 -0.23691 -0.0562691
0.00913154 -0.307879 -0.215907 -0.0251219 -0.647155 -0.761944
0.0252845 -0.0129842 0.485486 -0.0725628 0.634469 0.769534
0.0128384 -0.557617 0.119893 0.147733 -0.756217 0.637426
0.0530445 0.13876 0.375022 -0.822694 0.26376 0.503593
-0.00123949 -0.00881658 0.113081 0.13277 -0.623496 -0.77047
0.449051 0.167494 0.215929 0.548953 0.598802 0.58317
-0.0753949 -0.442729 -0.285049 -0.548953 -0.598802 -0.58317
0.154304 -0.525018 -0.0164353 0.264862 -0.590703 -0.76218
0.329109 0.148541 0.348295 0.548953 0.598802 0.58317
-0.114538 -0.343676 0.390777 0.915154 -0.13988 -0.378056
0.390828 -0.224759 -0.182516 0.822694 -0.26376 -0.503593
0.13834 -0.268289 -0.219187 0.357599 -0.560049 -0.747307
-0.42744 -0.373368 0.435976 -0.822694 0.26376 0.503593
0.287216 -0.296844 0.365674 0.147741 -0.756219 0.637421
0.151186 0.349808 -0.0498836 0.548953 0.598802 0.58317
-0.018769 -0.227388 0.112391 0.646987 0.561359 0.516027
0.208516 -0.20908 0.282662 0.147736 -0.756219 0.637422
0.274481 0.0565 0.494227 0.548953 0.598802 0.58317
0.562567 -0.310316 0.142857 0.822694 -0.26376 -0.503593
0.472101 -0.30918 -0.00552746 0.822694 -0.26376 -0.503593
0.229723 0.227555 -0.237244 0.969901 0.23691 0.0562691
-0.119713 0.201215 -0.154429 0.979403 0.0221723 -0.200693
-0.105359 -0.364644 0.170853 0.147736 -0.756219 0.637422
-0.276945 0.0981386 0.109307 -0.147736 0.756219 -0.637422
-0.406698 -0.364367 -0.0536478 -0.548953 -0.598802 -0.58317
0.398981 0.0257176 0.408638 0.548953 0.598802 0.58317
-0.158958 -0.446918 0.291041 0.147736 -0.75622 0.637421
-0.449745 -0.27934 0.336054 -0.548952 -0.598802 -0.583171
0.0873314 0.3372 0.350993 -0.548953 -0.598802 -0.58317
-0.356267 -0.583967 0.155544 0.548953 0.598802 0.58317
-0.222408 0.205307 0.0521127 -0.822694 0.26376 0.503593
-0.329868 0.107155 0.343698 -0.822694 0.26376 0.503593
0.0643739 0.367148 -0.158383 -0.147736 0.756219 -0.637422
0.278015 -0.339695 -0.270509 -0.822694 0.26376 0.503593
-0.415597 0.129748 0.191814 -0.822694 0.26376 0.503593
0.00467921 -0.413828 0.0896949 0.25835 0.651624 0.713191
0.372467 0.0035672 0.24557 0.822694 -0.26376 -0.503593
0.22244 0.214216 -0.0555492 0.969901 0.23691 0.0562691
0.359101 0.0284728 0.117044 0.938654 0.310268 0.15054
0.495294 -0.121986 0.439776 0.822693 -0.26376 -0.503593
0.176677 0.0930312 -0.283077 0.822694 -0.26376 -0.503593
0.151438 0.194387 -0.377395 0.822694 -0.26376 -0.503593
-0.0906307 0.428336 -0.0200742 -0.193564 0.609923 0.768458
0.42781 -0.294616 0.322257 0.974387 0.221769 0.0372659
0.0510773 -0.0403176 -0.049954 -0.624337 0.428542 0.653113
0.384027 -0.419692 -0.0915278 0.822694 -0.26376 -0.503593
-0.504934 0.0387206 0.0935453 -0.822694 0.26376 0.503593
0.0979585 -0.0311594 -0.293318 0.193564 -0.609923 -0.768458
0.224604 -0.485172 0.156759 0.147735 -0.75622 0.637422
0.497263 0.0106177 -0.104859 0.548953 0.598802 0.58317
0.129515 0.38162 -0.342876 -0.985046 -0.0547399 0.163363
-0.113305 0.174562 0.301266 -0.311614 0.576078 0.755666
-0.0500914 0.0661513 -0.156701 0.305615 0.647858 0.697768
0.383627 -0.119875 0.328454 0.822694 -0.26376 -0.503593
0.263047 -0.332546 0.229441 -0.971325 0.0104529 0.237526
0.0123484 0.221302 -0.0986206 -0.569288 -0.592041 -0.570436
-0.150924 0.227981 -0.47896 -0.147735 0.75622 -0.637422
-0.198259 -0.656395 0.0499985 -0.548953 -0.598802 -0.58317
-0.292877 -0.361082 0.338273 -0.985693 -0.0629886 0.156336
-0.231036 -0.322999 -0.26148 -0.548953 -0.598802 -0.58317
0.419358 -0.402252 0.208206 0.952536 -0.0646854 -0.297473
0.0414705 -0.166628 0.577116 0.147736 -0.756219 0.637422
-0.141491 -0.242908 0.529024 0.147736 -0.756219 0.637422
0.132635 0.216213 0.154458 -0.147736 0.756219 -0.637422
0.0104198 -0.535975 -0.0632995 0.822694 -0.26376 -0.503593
0.106971 -0.127564 0.10189 -0.98824 -0.0871734 0.125625
-0.0354541 -0.569241 -0.192743 -0.548953 -0.598802 -0.58317
0.0160256 -0.197665 0.265221 0.370508 -0.555244 -0.744599
-0.32932 -0.206003 -0.0725021 -0.835715 0.380535 0.395946
-0.292755 0.388351 -0.25583 -0.147736 0.75622 -0.637421
0.251371 0.00617606 -0.122243 -0.147736 0.756219 -0.637422
-0.322549 -0.206151 0.51975 -0.822694 0.26376 0.503593
0.378268 -0.112105 0.56374 0.147736 -0.756219 0.637422
-0.144984 -0.0653375 0.515341 0.548953 0.598802 0.58317
-0.149532 0.190394 -0.318503 -0.147737 0.75622 -0.637421
0.306532 0.173669 0.0935014 0.859175 0.417373 0.296005
-0.366856 -0.0411563 0.0911263 -0.564561 -0.275167 -0.778174
-0.228836 0.355447 -0.0370251 -0.822694 0.26376 0.503593
