ply
format ascii 1.0
comment Created by Open3D
element vertex 128
property double x
property double y
property double z
property double nx
property double ny
property double nz
end_header
-0.24315 0.0288066 0.286082 -0.96141 0.0653867 0.267237
-0.148138 -0.371432 -0.384535 -0.159008 -0.924744 -0.345782
0.298247 0.370085 0.290174 0.404461 0.619825 0.672479
0.187181 -0.00991258 0.0561341 0.96141 -0.0653867 -0.267237
-0.0192952 -0.252391 0.0554157 0.224516 -0.374931 0.899455
0.0909144 0.410894 0.275715 0.099523 0.982527 -0.157276
-0.300803 -0.125412 0.116401 -0.96141 0.0653867 0.267237
-0.245792 -0.413844 -0.226204 -0.159008 -0.924744 -0.345782
0.13034 -0.149877 -0.114113 0.96141 -0.0653867 -0.267237
-0.256288 -0.351772 -0.35174 -0.224516 0.374931 -0.899455
-0.378143 -0.229801 -0.27048 -0.224516 0.374931 -0.899455
-0.0665939 -0.170121 0.101516 0.224516 -0.374931 0.899455
-0.0911787 -0.501162 -0.0303395 0.224516 -0.374931 0.899455
-0.334371 -0.0686396 -0.0182516 -0.96141 0.0653866 0.267237
-0.208483 -0.118908 -0.266605 -0.224516 0.374931 -0.899455
-0.298078 -0.0376263 -0.210359 -0.224516 0.374931 -0.899455
-0.100633 0.101357 -0.20171 -0.224516 0.374931 -0.899455
-0.114201 -0.268783 -0.352613 -0.224516 0.374931 -0.899455
-0.265849 0.0786657 -0.169928 -0.224516 0.374931 -0.899455
-0.347039 -0.374883 0.0111057 -0.96141 0.0653867 0.267237
-0.318416 -0.159968 0.0614921 -0.96141 0.0653867 0.267237
0.107988 -0.359692 -0.14319 0.96141 -0.0653867 -0.267237
-0.235681 0.0218091 0.312245 0.224516 -0.374931 0.899455
0.369674 0.0202424 0.157098 0.96141 -0.0653866 -0.267237
0.104761 -0.0450737 -0.231776 0.96141 -0.0653867 -0.267237
0.27054 -0.330604 0.0389846 0.224516 -0.374931 0.899455
0.313134 0.128795 0.137853 -0.159008 -0.924743 -0.345783
0.0163985 -0.397428 -0.390674 -0.159008 -0.924744 -0.345782
0.0251117 -0.167866 0.168083 0.224516 -0.374931 0.899455
-0.000185888 -0.387333 -0.00560379 0.224516 -0.374931 0.899455
0.0727555 0.200504 0.323133 0.0787197 -0.360999 0.929238
0.132062 -0.265397 -0.079652 0.96141 -0.0653867 -0.267237
0.00571363 0.0295056 0.255198 0.224516 -0.374931 0.899455
-0.202236 0.191463 -0.115107 0.159008 0.924744 0.345782
0.265996 0.0290478 0.129268 0.96141 -0.0653862 -0.267238
-0.318816 0.0554746 0.00733943 -0.96141 0.0653866 0.267237
-0.0690599 -0.468398 -0.161578 -0.159008 -0.924744 -0.345782
-0.347926 -0.263237 -0.0194036 -0.96141 0.0653867 0.267237
-0.130472 0.357051 0.26344 -0.319127 0.379579 -0.868377
-0.130274 -0.413491 -0.280269 -0.159008 -0.924744 -0.345782
0.108432 -0.523206 -0.0893537 0.224516 -0.374931 0.899455
-0.0509277 -0.0586412 0.144075 0.224516 -0.374931 0.899455
-0.113654 -0.28534 0.153752 0.224516 -0.374931 0.899455
0.276157 -0.323581 0.0405095 0.224516 -0.374931 0.899455
0.126112 0.131852 -0.198255 0.96141 -0.0653867 -0.267237
0.0989968 0.0726196 0.196774 -0.224516 0.374931 -0.899455
0.101095 0.132981 -0.238881 -0.224516 0.374931 -0.899455
0.21698 0.0697388 0.219234 0.224516 -0.374931 0.899455
0.302855 0.272815 0.151157 0.572288 0.199061 -0.795526
-0.169282 0.0775392 0.174412 0.159008 0.924744 0.345782
0.137784 -0.349631 0.0110799 -0.224516 0.374931 -0.899455
-0.132988 0.0997873 0.319116 0.224516 -0.374931 0.899455
-0.187932 0.273959 0.339858 -0.941943 0.0371846 0.333707
0.0160285 0.142983 0.236535 0.159008 0.924744 0.345782
-0.401406 -0.363606 -0.289 -0.159008 -0.924744 -0.345782
-0.0404144 0.165685 -0.120579 0.159008 0.924744 0.345782
-0.129118 0.146074 -0.0273441 0.159008 0.924744 0.345782
-0.180424 -0.391221 0.126283 0.224516 -0.374931 0.899455
-0.311 -0.494354 0.0190942 -0.159008 -0.924744 -0.345782
-0.0634235 0.200551 0.342767 0.727088 -0.346616 0.592622
-0.0215723 0.00506338 -0.261584 -0.224516 0.374931 -0.899455
-0.337881 0.142708 -0.0825906 -0.96141 0.0653866 0.267237
-0.356999 0.0121626 -0.119429 -0.96141 0.0653866 0.267237
0.320474 -0.180168 0.0361176 -0.224516 0.374931 -0.899455
-0.0745436 -0.465697 -0.16628 -0.159008 -0.924744 -0.345782
-0.0940116 -0.445275 0.0643622 -0.159008 -0.924744 -0.345783
-0.21663 -0.459556 -0.117365 -0.159008 -0.924744 -0.345782
-0.421951 -0.355899 -0.263044 -0.96141 0.0653867 0.267237
-0.0265834 -0.35488 0.103031 0.224516 -0.374931 0.899455
0.099144 -0.462109 0.0205588 -0.159008 -0.924744 -0.345783
-0.275799 0.113795 0.126433 0.159008 0.924744 0.345782
-0.264552 -0.128435 0.247558 -0.96141 0.0653866 0.267237
-0.0934039 0.298667 0.405869 0.127672 -0.366558 0.921594
-0.0243507 0.0659682 0.138711 0.159008 0.924744 0.345782
-0.346883 -0.445706 -0.0945078 -0.159008 -0.924744 -0.345782
-0.207166 0.195456 -0.123516 0.159008 0.924744 0.345782
-0.0400518 0.112076 0.0226226 0.159008 0.924744 0.345782
0.145659 0.109322 -0.0554116 0.159008 0.924744 0.345782
0.202604 -0.227565 0.0988932 0.224516 -0.374931 0.899455
-0.34016 -0.491485 0.0248315 -0.159008 -0.924744 -0.345782
-0.238919 0.0819258 -0.175291 -0.224516 0.374931 -0.899455
-0.119 -0.322917 0.0509051 0.224516 -0.374931 0.899455
-0.244871 0.14992 0.0155999 0.159008 0.924744 0.345782
0.341063 0.287439 0.239854 0.968672 -0.213803 0.126342
-0.0717282 -0.132043 -0.306216 -0.224516 0.374931 -0.899455
-0.317861 -0.410477 -0.202067 -0.159008 -0.924744 -0.345782
0.136057 -0.0171531 -0.126018 0.96141 -0.0653867 -0.267237
-0.291909 0.00189065 0.117253 -0.96141 0.0653866 0.267237
0.184073 -0.0351347 0.183732 0.224516 -0.374931 0.899455
-0.136422 -0.151132 0.215379 0.224516 -0.374931 0.899455
-0.25442 -0.227173 0.213136 0.224516 -0.374931 0.899455
-0.211911 0.171383 0.2654 -0.159008 -0.924744 -0.345781
0.201396 0.209451 0.122942 -0.497924 0.377547 -0.780724
0.106257 -0.148955 0.0671932 0.224516 -0.374931 0.899455
-0.0979186 -0.00714729 0.265787 0.224516 -0.374931 0.899455
0.0817931 -0.245379 -0.265397 0.96141 -0.0653867 -0.267237
0.272734 0.195136 0.271561 0.272161 -0.377725 0.885016
-0.311735 -0.376911 0.138609 -0.96141 0.0653866 0.267237
-0.0520615 0.407738 0.344828 0.62012 0.781582 0.0676908
0.106059 -0.464604 0.0240527 -0.159008 -0.924744 -0.345783
0.0395573 0.378485 0.239319 -0.53141 0.564436 -0.631676
0.0690106 0.215129 0.159851 0.117837 0.329958 -0.936612
0.0444554 -0.271913 -0.393231 0.96141 -0.0653867 -0.267237
-0.216737 -0.261888 -0.324145 -0.224516 0.374931 -0.899455
0.0568645 -0.110831 -0.329472 -0.224516 0.374931 -0.899455
-0.155756 -0.00302092 -0.231459 -0.224516 0.374931 -0.899455
-0.386355 -0.100106 -0.197571 -0.96141 0.0653866 0.267237
-0.117246 0.186658 0.186136 0.166557 0.320092 -0.93263
-0.0801214 0.418565 0.36176 0.263696 0.922505 0.281866
-0.332162 0.151304 -0.0641185 -0.96141 0.0653866 0.267237
0.159508 0.310979 0.292436 0.976976 -0.197845 0.0798449
-0.000198679 -0.437547 -0.275751 -0.159008 -0.924744 -0.345782
0.14757 -0.119251 -0.0596175 0.96141 -0.0653867 -0.267237
0.0840505 -0.473445 -0.201473 0.96141 -0.0653867 -0.267237
-0.174801 -0.0456135 0.180426 0.224516 -0.374931 0.899455
0.069116 -0.131497 -0.338869 0.96141 -0.0653867 -0.267237
0.244282 -0.461519 -0.00903212 0.224516 -0.374931 0.899455
0.0923889 -0.238931 -0.228855 0.96141 -0.0653867 -0.267237
-0.194351 -0.468107 -0.104741 -0.159008 -0.924744 -0.345782
-0.348581 -0.249299 -0.0251689 -0.96141 0.0653867 0.267237
0.0987245 0.0733875 0.0622729 0.159008 0.924744 0.345782
-0.242767 -0.285214 0.0975155 0.224516 -0.374931 0.899455
-0.385912 -0.275286 -0.153113 -0.96141 0.0653867 0.267237
0.059128 -0.033777 0.162375 -0.224516 0.374931 -0.899455
0.246842 0.369947 0.177992 -0.265176 0.612406 -0.744742
-0.338901 -0.21541 -0.274277 -0.224516 0.374931 -0.899455
0.0557099 0.340938 0.362355 -0.358919 0.103956 0.927561
0.269656 -0.106223 0.132737 0.224516 -0.374931 0.899455
