ply
format ascii 1.0
comment Created by Open3D
element vertex 128
property double x
property double y
property double z
property double nx
property double ny
property double nz
end_header
-0.164092 -0.418673 0.0801692 -0.969669 0.241653 -0.0366897
0.0598014 0.0953721 0.210749 0.979572 -0.200617 0.0138154
0.139254 0.375401 -0.0497889 0.22961 0.849123 -0.475678
-0.0333151 -0.330625 -0.070642 0.969669 -0.241654 0.0366888
-0.103127 -0.444713 0.207444 -0.227483 -0.837338 0.497108
0.0496574 0.372872 -0.355572 -0.969669 0.241653 -0.0366896
-0.108901 -0.172553 0.24259 -0.96967 0.241651 -0.0366886
-0.0434628 0.0753469 0.145882 -0.969669 0.241653 -0.0366896
0.00285991 0.218739 -0.13394 -0.969669 0.241653 -0.0366896
-0.130065 -0.362604 -0.062775 -0.0837949 -0.469674 -0.878854
0.0186684 -0.0747374 0.240868 0.969669 -0.241653 0.0366896
-0.0875351 -0.0790489 0.293752 -0.969669 0.241653 -0.0366897
0.053359 0.409549 -0.211832 -0.969669 0.241653 -0.03669
0.105731 0.353284 0.0393658 -0.229621 -0.849114 0.475688
0.00681511 -0.139153 0.129871 0.969669 -0.241653 0.0366896
-0.0763022 -0.0452603 0.219425 -0.969669 0.241653 -0.0366897
-0.0421818 -0.190105 0.282596 0.229612 0.849124 -0.475676
-0.0591595 0.0184489 0.185976 -0.969669 0.241653 -0.0366897
-0.0293805 -0.304945 -0.00549317 0.969669 -0.241653 0.0366896
-0.15129 -0.361526 0.118212 -0.969669 0.241653 -0.0366898
-0.0596902 -0.00408001 0.0516162 -0.969669 0.241653 -0.0366898
0.0490147 0.0330577 0.11877 0.992587 -0.11725 -0.0319785
0.011863 0.248358 0.1351 0.0837949 0.469674 0.878854
0.0787733 0.356004 -0.113607 0.22961 0.849123 -0.475678
0.0717535 0.24915 0.0669822 -0.969489 0.156425 -0.18874
-0.131075 -0.302585 -0.0278302 -0.969669 0.241653 -0.0366896
-0.0891693 -0.377094 0.0402892 -0.13752 -0.415293 0.899233
0.0871782 0.132398 -0.205502 0.969669 -0.241653 0.0366896
0.0602916 0.110663 -0.0235 -0.0837949 -0.469674 -0.878854
-0.101595 -0.34634 0.21081 0.0550567 0.362196 0.930475
-0.10135 -0.25364 0.285438 -0.229604 -0.849126 0.475676
0.0406562 0.349646 -0.27065 -0.969669 0.241653 -0.0366917
0.113443 0.30409 0.095631 0.083795 0.469674 0.878854
-0.0407261 -0.0918075 0.0943354 -0.0837971 -0.469674 -0.878854
0.0307298 -0.0357019 0.179199 0.969669 -0.241653 0.0366897
-0.0235014 -0.262135 0.121093 0.969669 -0.241653 0.0366896
-0.0969957 -0.192664 0.0899549 0.22961 0.849123 -0.475678
0.114549 0.267436 -0.306138 -0.238248 -0.900937 0.362698
-0.0726717 -0.475078 0.0180864 0.969669 -0.241653 0.0366896
0.0308007 -0.0483224 0.0942042 0.969669 -0.241653 0.0366897
-0.0437183 -0.227971 0.0526459 0.22961 0.849123 -0.475678
0.0648015 0.132146 -0.345757 -0.0837949 -0.469674 -0.878854
0.000442835 0.188416 -0.269783 -0.969669 0.241653 -0.0366896
0.114663 0.379296 -0.198131 0.0837949 0.469675 0.878854
0.133616 0.294926 -0.362325 0.969669 -0.241653 0.0366896
0.0132537 0.00727419 0.0362377 -0.0837946 -0.469674 -0.878854
0.148406 0.359835 -0.325705 0.969669 -0.241653 0.0366896
0.0547545 0.176365 0.0134718 -0.979909 0.199024 -0.012932
0.107578 0.240236 -0.0343718 0.969669 -0.241653 0.0366897
0.0326558 0.368345 0.063949 -0.969669 0.241653 -0.0366896
0.114019 0.237863 -0.220227 0.969669 -0.241653 0.0366897
-0.0428547 0.0665108 0.0716107 -0.969669 0.241653 -0.0366895
-0.0964477 -0.144517 0.337779 0.22961 0.849123 -0.475678
0.000929878 0.177645 0.173933 0.0837949 0.469674 0.878854
-0.0177851 0.120854 0.206067 0.0837949 0.469674 0.878854
-0.121491 -0.238891 0.138396 -0.969669 0.241653 -0.0366895
0.0169141 0.29462 -0.00559582 -0.969669 0.241653 -0.0366896
0.00989629 0.116356 -0.268213 -0.22961 -0.849123 0.475678
-0.176628 -0.459528 0.142402 -0.969669 0.241653 -0.0366897
0.137368 0.406235 -0.255205 0.243641 0.943632 -0.224048
-0.166691 -0.407447 0.222794 -0.96967 0.241648 -0.0366908
0.00191753 -0.143428 0.231148 0.969669 -0.241653 0.0366899
0.0540342 0.28902 -0.109686 0.0247606 0.246453 0.968838
0.08305 0.10318 -0.288833 0.969669 -0.241653 0.0366896
0.100657 0.312645 -0.444448 0.22961 0.849123 -0.475678
0.0979878 0.185513 -0.141347 0.969669 -0.241653 0.0366896
-0.0398524 -0.318178 0.184111 0.969669 -0.241653 0.0366896
-0.0652924 -0.246789 0.18977 0.157041 0.730979 0.664084
-0.170332 -0.50874 0.0607698 -0.22961 -0.849123 0.475678
-0.0290022 0.109529 -0.0111624 -0.969669 0.241653 -0.0366898
-0.0327545 -0.279198 0.253262 0.969669 -0.241653 0.0366897
0.105161 0.180012 -0.367171 0.969669 -0.241653 0.0366896
-0.118954 -0.248899 0.00541992 -0.969669 0.241653 -0.0366896
-0.133362 -0.295802 0.0772788 -0.969669 0.241654 -0.0366916
-0.060718 -0.415324 0.0957234 0.96967 -0.24165 0.0366908
-0.0795336 -0.216742 0.361834 -0.22961 -0.849123 0.475678
-0.0614704 -0.405035 0.183376 0.969668 -0.241656 0.0366894
-0.0686316 -0.0309007 0.111276 -0.969669 0.241653 -0.0366895
-0.10327 -0.292518 -0.0913218 0.22961 0.849123 -0.475678
0.00772652 0.20286 -0.367147 -0.969669 0.241653 -0.0366896
0.139692 0.366806 -0.0494801 0.969669 -0.241653 0.0366896
0.00274066 -0.00654119 0.272192 0.0837669 0.469689 0.878849
0.0970002 0.346809 -0.385228 0.22961 0.849123 -0.475678
0.114951 0.264821 -0.103969 0.083795 0.469675 0.878854
-0.134667 -0.279204 0.22111 -0.969669 0.241653 -0.0366896
-0.0788928 -0.479474 0.153547 0.969669 -0.241653 0.0366897
-0.000598498 0.232764 0.0498345 -0.969669 0.241653 -0.0366896
0.13529 0.318654 -0.250279 0.969669 -0.241653 0.0366901
-0.0243104 -0.165508 0.359726 0.0837949 0.469675 0.878854
-0.00649208 0.151754 -0.327967 -0.969669 0.241653 -0.0366896
0.0743659 0.412995 -0.278006 0.22961 0.849123 -0.475678
-0.0463625 -0.352395 0.130802 0.969669 -0.241653 0.0366896
0.000237186 0.17206 -0.0505854 -0.0837946 -0.469675 -0.878854
0.128125 0.421737 0.0275534 0.22961 0.849123 -0.475678
0.0140994 0.298381 0.0935656 -0.969669 0.241653 -0.0366897
-0.0097704 -0.196908 0.187811 0.969669 -0.241652 0.0366904
-0.100217 -0.151123 0.154222 -0.969669 0.241653 -0.0366895
0.0419348 0.391187 -0.0308391 -0.969669 0.241653 -0.0366896
0.0783122 0.153656 0.168837 0.969669 -0.241654 0.0366878
-0.0586359 -0.426838 -0.0351402 0.969669 -0.241653 0.0366896
0.0920622 0.154902 0.08366 0.170603 0.776636 0.606408
0.0304878 0.286167 -0.420009 -0.969669 0.241653 -0.0366896
0.100018 0.16652 -0.0552127 -0.0837953 -0.469674 -0.878854
0.0402757 0.249828 -0.284674 0.19097 0.655341 -0.730793
0.0623152 0.0714709 0.0503139 0.969669 -0.241653 0.0366896
0.127226 0.29766 -0.175444 0.969669 -0.241653 0.0366897
0.102612 0.219817 0.1417 0.0837953 0.469674 0.878854
-0.0386215 -0.196072 0.112048 0.22961 0.849123 -0.475678
-0.0349339 0.0421469 0.249765 0.0838043 0.469671 0.878855
0.0310743 0.322003 -0.199483 -0.969668 0.241655 -0.0366909
-0.0668294 -0.0118951 0.281687 0.0837949 0.469674 0.878854
-0.0846341 -0.514278 0.0760511 0.969669 -0.241653 0.0366897
0.10207 0.243633 -0.408891 -0.0837949 -0.469674 -0.878854
-0.021107 -0.085525 0.185248 -0.595216 0.730924 -0.333867
-0.0270383 0.136782 0.116436 -0.969669 0.241653 -0.0366896
0.101001 0.178211 -0.269077 0.969669 -0.241653 0.0366896
0.00612638 -0.114805 0.308436 0.969669 -0.241653 0.0366896
0.120716 0.299142 0.00638961 0.969669 -0.241654 0.0366904
0.109294 0.214894 0.0259146 0.969669 -0.241653 0.0366897
0.0131024 0.247779 -0.21337 -0.969669 0.241652 -0.0366899
-0.0243142 0.138296 0.0544095 -0.969669 0.241654 -0.0366867
-0.146413 -0.466782 -0.00554165 -0.0837949 -0.469674 -0.878854
0.0558614 0.33613 -0.0507145 -0.192618 -0.847902 -0.493924
0.00906636 0.253589 -0.0684339 -0.969669 0.241654 -0.0366923
0.0314368 0.160207 -0.179539 -0.22961 -0.849123 0.475678
-0.0264031 -0.241188 0.335752 0.969669 -0.241653 0.0366897
-0.153535 -0.388859 -0.00247055 -0.969669 0.241653 -0.0366896
-0.0918154 -0.105937 0.229781 -0.969669 0.241653 -0.0366897
