ply
format ascii 1.0
comment Created by Open3D
element vertex 128
property double x
property double y
property double z
property double nx
property double ny
property double nz
end_header
0.340679 -0.219437 0.108715 0.696673 -0.716503 0.0356539
-0.0954283 -0.223398 -0.451448 -0.397429 -0.426851 -0.812311
0.334147 -0.0441739 0.337326 -0.597242 -0.551745 0.582134
0.229802 0.530023 -0.0451824 0.597242 0.551745 -0.582134
-0.496416 -0.0918474 -0.275338 -0.397429 -0.426851 -0.812311
-0.539146 0.0202522 -0.233529 -0.696673 0.716503 -0.0356538
-0.0787393 0.486946 0.148886 -0.696673 0.716503 -0.0356539
0.414821 -0.150847 0.0383694 0.696673 -0.716503 0.0356539
0.490617 -0.0206068 -0.299485 0.597242 0.551745 -0.582134
-0.66996 -0.152497 -0.150218 -0.731375 -0.591199 -0.339961
-0.0482528 -0.236532 -0.467628 -0.397429 -0.426851 -0.812311
-0.136834 0.00492644 -0.502119 -0.397429 -0.426851 -0.812311
0.41031 -0.136228 -0.490264 0.707555 0.421126 -0.567468
0.415546 -0.174082 -0.442736 0.696673 -0.716503 0.0356539
0.0701637 -0.485277 0.0522095 0.696673 -0.716503 0.0356539
-0.511574 -0.181903 0.00746678 -0.584289 -0.537878 0.607695
-0.319147 -0.217812 0.160698 -0.584289 -0.537878 0.607695
-0.166853 0.402646 0.176538 -0.696673 0.716503 -0.0356539
-0.068884 0.48292 -0.124583 -0.696673 0.716503 -0.0356539
-0.348887 0.150864 -0.473654 -0.540424 -0.259477 -0.800383
0.0139278 0.154901 -0.619433 0.465199 0.413388 -0.782751
-0.560909 -0.0872429 0.0438167 -0.584289 -0.537878 0.607695
-0.288202 0.252659 -0.466485 -0.696673 0.716503 -0.0356538
0.32506 0.376332 -0.0931203 0.597242 0.551745 -0.582134
0.0331658 0.562291 -0.19629 -0.0927391 0.899375 -0.427228
-0.195187 -0.307848 -0.358265 -0.397429 -0.426851 -0.812311
0.214225 0.627648 0.131851 0.397429 0.426851 0.812311
-0.138296 -0.621105 -0.0223756 -0.584289 -0.537878 0.607695
0.358879 -0.206023 0.0226616 0.696673 -0.716503 0.0356539
0.0267339 0.576073 -0.120952 -0.696673 0.716503 -0.0356539
-0.411834 0.150361 -0.106508 -0.696673 0.716503 -0.0356538
-0.146507 -0.482826 -0.241083 -0.397429 -0.426851 -0.812311
0.0504064 0.191374 -0.550206 0.597242 0.551745 -0.582134
0.393458 0.131815 0.333626 0.798643 -0.342159 0.495073
0.44879 -0.130958 -0.225686 0.696673 -0.716503 0.0356539
0.26452 -0.111541 -0.610303 0.346247 0.292074 -0.891519
-0.22085 -0.277154 -0.360837 -0.540753 -0.259039 -0.800303
-0.275635 -0.513685 -0.209411 -0.235122 -0.573473 -0.784759
-0.0141371 0.537959 -0.0882591 -0.696673 0.716503 -0.0356539
0.213105 0.647641 0.121893 0.397429 0.426851 0.812311
-0.0550361 0.380591 0.340633 -0.597242 -0.551745 0.582134
-0.0544263 -0.356583 -0.352472 -0.397429 -0.426851 -0.812311
-0.192415 0.266495 0.0915493 -0.597242 -0.551745 0.582134
-0.0137743 -0.566637 0.0573453 0.696673 -0.716503 0.0356539
-0.121826 0.449459 0.237454 -0.696673 0.716503 -0.0356539
-0.570471 -0.00448948 -0.118645 -0.696673 0.716503 -0.0356538
0.0249114 -0.00121476 0.122476 -0.843253 -0.179239 0.506753
0.66812 0.0992005 0.113916 0.696673 -0.716503 0.0356539
-0.604131 -0.0378564 -0.131475 -0.696673 0.716503 -0.0356538
-0.469255 0.0833305 -0.331572 -0.696673 0.716503 -0.0356538
0.32129 -0.0364387 -0.488212 0.597242 0.551745 -0.582134
-0.523065 -0.297944 -0.150893 -0.584548 -0.595769 -0.550784
0.445119 -0.0750348 0.382259 0.689186 0.0182348 0.724355
-0.406978 -0.265452 0.0340833 -0.584289 -0.537878 0.607695
0.228176 -0.167749 -0.589965 -0.397429 -0.426851 -0.812311
-0.333539 -0.145634 -0.326763 -0.397429 -0.426851 -0.812311
0.265014 -0.159714 -0.610773 -0.256905 -0.295582 -0.920126
0.351988 0.361311 -0.0797312 0.597242 0.551745 -0.582134
-0.136823 0.177983 0.0646921 -0.597242 -0.551745 0.582134
-0.330435 0.232491 -0.0465528 -0.696673 0.716503 -0.0356539
-0.134158 -0.128017 0.14567 -0.478471 0.827605 0.293488
0.209033 -0.366342 -0.271136 0.696673 -0.716503 0.0356539
-0.561597 0.0042846 -0.11573 -0.696673 0.716503 -0.0356538
0.329552 -0.106199 -0.545854 0.597242 0.551745 -0.582134
0.022046 0.442179 -0.341589 0.597242 0.551745 -0.582134
-0.173781 0.369561 -0.352997 -0.696673 0.716503 -0.0356539
-0.0729387 -0.178412 -0.486091 -0.397429 -0.426851 -0.812311
-0.164765 0.376321 -0.393295 -0.696673 0.716503 -0.0356539
-0.00757592 0.559759 0.221621 -0.696673 0.716503 -0.0356539
0.0301209 -0.463408 0.221305 0.396874 0.326565 0.857815
-0.130818 0.340068 -0.595201 0.597242 0.551745 -0.582134
-0.312949 -0.389105 0.0806108 -0.584289 -0.537878 0.607696
-0.162337 0.399708 0.029232 -0.696673 0.716503 -0.0356539
0.0730782 -0.334992 0.133099 0.397429 0.426851 0.812311
0.376003 -0.193215 -0.569859 0.877297 0.0828249 -0.472746
0.0808946 -0.476457 0.0197894 0.696673 -0.716503 0.0356539
0.420161 -0.158399 -0.217743 0.696673 -0.716503 0.0356539
-0.0596289 -0.340003 0.200659 0.397429 0.426851 0.812311
-0.393969 0.159746 -0.266994 -0.696673 0.716503 -0.0356538
-0.159981 -0.0326442 -0.471052 -0.397429 -0.426851 -0.812311
0.00862765 0.369284 0.361443 0.0514095 0.0994349 0.993715
-0.251107 0.300813 -0.223605 -0.696673 0.716503 -0.0356539
0.102392 0.421593 0.294844 0.397429 0.426851 0.812311
-0.332417 0.229995 -0.057969 -0.696673 0.716503 -0.0356539
-0.180114 0.304916 0.140585 -0.597242 -0.551745 0.582134
0.249643 -0.32843 -0.494441 0.34073 -0.831584 -0.4386
-0.209079 -0.45365 0.110204 -0.0504628 -0.859918 0.507932
-0.00772432 -0.567194 -0.0720635 0.696673 -0.716503 0.0356539
0.622335 0.0580493 0.181578 0.696673 -0.716503 0.0356539
-0.0740491 0.490977 0.138245 -0.696673 0.716503 -0.0356539
0.170034 0.421316 -0.209535 0.597242 0.551745 -0.582134
-0.411303 -0.124121 -0.300022 -0.397429 -0.426851 -0.812311
-0.380058 0.183943 -0.0525534 -0.696673 0.716503 -0.0356539
-0.206577 -0.0170156 -0.456466 -0.397429 -0.426851 -0.812311
-0.401337 -0.0805254 -0.327806 -0.397429 -0.426851 -0.812311
0.124008 -0.451986 -0.330867 0.696673 -0.716503 0.0356539
0.102514 0.350518 -0.345909 0.597242 0.551745 -0.582134
-0.411682 -0.106189 0.170527 -0.584289 -0.537878 0.607695
0.153826 -0.405048 -0.41914 0.115298 -0.777319 -0.61845
-0.172063 0.383079 -0.114897 -0.696673 0.716503 -0.0356539
-0.11874 -0.490247 -0.250769 -0.397429 -0.426851 -0.812311
-0.209362 0.0882166 -0.510401 -0.397429 -0.426851 -0.812311
0.573195 0.331402 0.155211 0.623991 0.629744 0.462665
0.35938 0.171057 0.349813 0.397429 0.426851 0.812311
0.118629 -0.063054 -0.640434 -0.397429 -0.426851 -0.812311
-0.261526 0.294189 -0.153142 -0.696673 0.716503 -0.0356539
-0.411616 0.0600943 0.16263 0.397429 0.426851 0.812311
-0.138652 -0.178177 0.203293 0.388796 0.435582 0.811853
-0.318826 0.0536926 0.120595 0.397429 0.426851 0.812311
0.0888037 0.00237154 0.198176 -0.597242 -0.551745 0.582134
0.365387 0.483389 0.0497205 0.597242 0.551745 -0.582134
0.0547294 -0.378278 0.164822 0.397429 0.426851 0.812311
-0.291235 0.21921 0.0201134 0.391384 0.432914 0.812037
-0.329742 -0.0367942 -0.385814 -0.397429 -0.426851 -0.812311
0.0475807 -0.511538 -0.0342579 0.696673 -0.716503 0.0356539
-0.510994 -0.141992 -0.241856 -0.397429 -0.426851 -0.812311
-0.150346 -0.236046 0.239467 0.397429 0.426851 0.812311
0.134834 0.352274 -0.311086 0.597242 0.551745 -0.582134
0.482002 0.291502 -0.012507 0.597242 0.551745 -0.582134
0.0837333 -0.113599 0.0830578 -0.597242 -0.551745 0.582134
-0.521689 -0.146819 -0.234087 -0.397429 -0.426851 -0.812311
0.215613 0.553941 -0.0370711 0.597242 0.551745 -0.582134
-0.298774 -0.341833 -0.286911 -0.595944 -0.180488 -0.78248
0.298212 -0.0100195 -0.486849 0.597242 0.551745 -0.582134
-0.344808 -0.343646 0.0647137 -0.908484 0.239118 0.342753
0.305652 0.296107 0.29557 -0.23233 0.813689 0.532853
-0.243337 -0.323663 -0.326396 -0.397429 -0.426851 -0.812311
-0.409986 -0.355313 -0.0483454 -0.584289 -0.537878 0.607695
