ply
format ascii 1.0
comment Created by Open3D
element vertex 2096
property double x
property double y
property double z
property double nx
property double ny
property double nz
end_header
-0.238652 0.150084 0.238674 -0.415272 0.764284 0.493376
0.25889 -0.0277604 0.421548 0.868911 0.493825 -0.0336221
-0.0515869 0.0739828 -0.523976 -0.269339 0.414738 -0.869166
-0.176297 0.257997 -0.0539159 -0.868911 -0.493825 0.033622
0.331194 -0.293854 0.332416 0.269338 -0.414738 0.869166
0.0018135 -0.375519 0.315853 0.269338 -0.414738 0.869166
0.0190826 -0.468925 0.0569769 0.415272 -0.764283 -0.493376
0.0244362 -0.319181 0.335725 0.269339 -0.414738 0.869166
0.00411455 0.301497 -0.432675 -0.269339 0.414738 -0.869166
-0.0258095 0.340363 -0.243997 0.269339 -0.414738 0.869166
0.270183 -0.0451268 0.458324 0.868911 0.493825 -0.0336221
0.0143126 0.156378 0.45398 -0.450776 0.817559 0.358327
-0.144562 -0.217253 0.122554 -0.868911 -0.493825 0.0336221
0.0644993 -0.133843 0.413921 -0.868911 -0.493825 0.033622
0.00117416 -0.420206 0.294728 0.269338 -0.414738 0.869166
0.101876 0.150717 0.361872 -0.123052 0.149723 -0.981041
0.00766736 -0.130887 -0.182029 -0.269338 0.414738 -0.869166
0.27583 -0.24473 0.373012 0.269338 -0.414738 0.869166
0.0605428 -0.0437478 0.374769 -0.269338 0.414738 -0.869166
0.256315 -0.340436 0.324801 0.415272 -0.764284 -0.493376
-0.169848 0.23555 -0.216949 -0.868911 -0.493825 0.033622
-0.00845865 0.0432001 0.597999 -0.415272 0.764284 0.493376
0.0614101 0.0709018 0.485797 0.279606 -0.43366 0.856598
-0.129947 0.215669 -0.111434 0.868911 0.493825 -0.0336221
-0.120985 -0.255626 0.168257 -0.868911 -0.493825 0.0336221
0.0571997 -0.11279 -0.0991602 0.868911 0.493825 -0.0336221
-0.0710898 0.434022 -0.346134 -0.269339 0.414738 -0.869166
-0.19238 -0.137356 0.0602742 -0.868911 -0.493825 0.0336221
0.0400211 -0.0554064 0.299708 0.868911 0.493825 -0.0336221
0.226983 -0.431945 0.234691 -0.868916 -0.493817 0.0336145
-0.292223 0.0335205 -0.0102709 -0.868911 -0.493825 0.0336221
0.119037 -0.180925 0.452045 0.269339 -0.414738 0.869166
-0.152022 0.187579 0.0194181 -0.269338 0.414738 -0.869166
-0.234644 0.0307397 -0.0298178 -0.269338 0.414738 -0.869166
-0.127651 0.212648 -0.0964692 0.868911 0.493825 -0.0336221
-0.0620077 -0.333103 0.35587 0.269338 -0.414738 0.869166
0.232789 -0.189013 0.252077 -0.269338 0.414738 -0.869166
0.0311566 -0.287026 -0.214638 0.415272 -0.764283 -0.493376
0.378035 -0.243812 0.327384 0.868911 0.493825 -0.0336221
0.0323088 -0.0855051 -0.34168 0.868911 0.493825 -0.0336221
-0.101952 -0.285613 0.219716 -0.868911 -0.493825 0.0336221
0.197128 -0.341544 0.157232 0.868911 0.493825 -0.0336221
0.0738988 0.16866 -0.356825 0.269339 -0.414738 0.869166
-0.134113 -0.0560987 -0.102407 -0.269338 0.414738 -0.869166
-0.131204 -0.220663 0.417694 -0.868911 -0.493825 0.0336221
-0.186137 -0.16033 -0.115812 -0.868911 -0.493825 0.0336221
0.112022 -0.194702 0.114564 0.868911 0.493825 -0.0336221
0.101156 -0.486489 0.153265 0.415272 -0.764283 -0.493376
-0.0129406 -0.424115 -0.0393914 0.415272 -0.764283 -0.493376
-0.198334 0.334866 -0.128074 0.868911 0.493826 -0.0336219
-0.0285881 0.046577 0.024494 0.868911 0.493825 -0.0336221
0.0220148 -0.0200441 0.353747 0.868911 0.493825 -0.0336221
-0.201419 -0.00958364 0.517352 -0.415272 0.764284 0.493376
-0.276558 0.0107516 0.0601662 -0.868911 -0.493825 0.0336221
0.0503634 -0.111234 -0.252975 0.868911 0.493825 -0.0336221
0.121502 -0.400222 0.0367552 0.415272 -0.764283 -0.493376
-0.23992 -0.0552444 0.0376925 -0.868911 -0.493825 0.0336221
-0.251567 0.153336 0.222766 -0.415272 0.764284 0.493376
-0.0856386 0.155259 0.146379 0.868911 0.493825 -0.0336226
-0.111022 0.178796 -0.163912 0.868911 0.493825 -0.0336221
0.0188939 -0.0462175 -0.11133 0.868911 0.493825 -0.0336221
0.028781 -0.0234123 0.47914 0.868911 0.493825 -0.0336221
0.135263 -0.461367 0.233536 0.269339 -0.414738 0.869166
-0.279875 0.0811796 0.00826667 -0.269338 0.414738 -0.869166
-0.186966 0.198852 0.206632 -0.415272 0.764284 0.493376
-0.180148 0.272111 0.0538534 -0.868911 -0.493825 0.033622
-0.0974143 -0.285316 0.341346 -0.868911 -0.493825 0.0336221
0.317897 -0.138814 0.315362 0.868911 0.493825 -0.0336221
-0.136247 0.136788 0.345464 -0.415272 0.764284 0.493376
-0.123971 0.0896187 0.428867 -0.415272 0.764284 0.493376
-0.0234109 0.0179096 -0.465752 0.415272 -0.764283 -0.493376
-0.238793 -0.0499073 0.145209 -0.868911 -0.493825 0.0336221
0.226814 -0.273828 0.374317 0.269338 -0.414738 0.869166
-0.129547 -0.252874 -0.0125813 -0.868911 -0.493825 0.0336221
-0.0475253 0.323086 -0.245511 0.269339 -0.414738 0.869166
0.0344925 0.142347 0.48259 -0.27804 0.543167 0.792252
-0.168089 0.235216 -0.17638 -0.868911 -0.493825 0.033622
0.217696 -0.40308 0.266252 0.440029 -0.801785 -0.40437
-0.256633 0.392781 -0.152419 -0.415271 0.764284 0.493376
-0.0979608 0.158184 -0.1291 0.868911 0.493825 -0.0336221
0.0151887 0.0672137 -0.50964 0.415272 -0.764284 -0.493376
-0.129031 0.315155 -0.384898 -0.269339 0.414738 -0.869166
0.202659 -0.423107 0.140516 0.415272 -0.764283 -0.493376
-0.296067 0.144971 0.0437234 -0.269338 0.414738 -0.869166
0.0620741 -0.132434 -0.261709 0.868911 0.493825 -0.0336221
0.0316266 -0.0446401 0.240894 0.868911 0.493825 -0.0336221
-0.195091 -0.123874 0.188225 -0.868911 -0.493825 0.0336221
-0.0881017 0.15629 0.0978733 0.868911 0.493825 -0.0336221
0.207841 -0.330275 0.26826 0.415272 -0.764284 -0.493376
0.092011 -0.157571 0.471564 0.269338 -0.414738 0.869166
0.0445097 -0.14172 -0.21837 -0.868911 -0.493825 0.0336221
-0.149778 -0.0980561 -0.117573 -0.269338 0.414738 -0.869166
-0.343808 0.135913 0.160503 -0.868911 -0.493825 0.0336221
0.361659 -0.219594 0.259866 0.868911 0.493825 -0.0336221
-0.131297 0.251829 -0.253554 0.269339 -0.414738 0.869166
-0.0118708 -0.397314 -0.0800086 0.415272 -0.764283 -0.493376
-0.0396123 0.0638213 0.539833 -0.415271 0.764284 0.493376
-0.00462557 -0.457213 0.214582 -0.868911 -0.493825 0.0336221
-0.135996 0.241287 0.108501 0.868911 0.493825 -0.0336225
-0.0310585 0.112361 0.479652 -0.317431 0.608079 0.727652
0.175089 -0.482799 0.210968 0.269339 -0.414738 0.869166
0.149388 -0.321918 -0.0610737 0.415272 -0.764283 -0.493376
0.126437 0.0720387 -0.419211 0.269339 -0.414738 0.869166
0.032443 -0.0733095 -0.159089 0.868911 0.493825 -0.0336221
-0.00277659 -0.448728 0.282342 0.269338 -0.414738 0.869166
0.0529846 0.179661 -0.345095 0.269339 -0.414738 0.869166
0.014449 0.351534 -0.324769 0.868911 0.493825 -0.033622
-0.0882149 0.132099 -0.260365 0.868911 0.493825 -0.0336221
-0.186493 -0.145736 0.0893353 -0.868911 -0.493825 0.0336221
-0.0612481 -0.200226 -0.193759 -0.269338 0.414738 -0.869166
0.00532803 -0.331595 -0.167337 0.415272 -0.764283 -0.493376
0.258563 -0.02846 0.402821 0.868911 0.493825 -0.0336221
-0.126665 0.15274 -0.317234 -0.868911 -0.493825 0.033622
0.212156 0.0548067 0.426481 0.868911 0.493825 -0.0336221
-0.080747 -0.331443 -0.240022 0.415272 -0.764283 -0.493376
-0.0881515 -0.118769 -0.146554 -0.269338 0.414738 -0.869166
0.148255 -0.268324 -0.0303939 0.868911 0.493825 -0.0336221
-0.0764445 0.0754248 -0.154919 -0.868911 -0.493825 0.0336221
-0.210008 -0.0981122 0.181107 -0.868911 -0.493825 0.0336221
0.160399 -0.133385 0.301053 -0.269338 0.414738 -0.869166
0.234085 -0.444332 0.236286 -0.868921 -0.493808 0.0336184
-0.0348066 0.410187 -0.259862 -0.415272 0.764283 0.493376
-0.0132316 0.0203415 0.036023 0.868911 0.493825 -0.0336221
-0.0594825 0.1795 -0.47118 -0.269339 0.414738 -0.869166
0.024484 -0.119178 -0.404807 -0.868911 -0.493825 0.0336221
-0.0359786 -0.41157 0.0746888 -0.868911 -0.493825 0.0336221
0.0446701 -0.103295 0.432469 0.269339 -0.414738 0.869166
0.0631147 -0.137972 -0.316164 0.868911 0.493825 -0.0336221
-0.225736 -0.0652877 0.256741 -0.868911 -0.493825 0.0336221
-0.0859518 0.141338 -0.0661796 0.868911 0.493825 -0.0336221
-0.0488777 0.0291513 -0.122143 -0.868911 -0.493825 0.0336221
0.126651 0.145325 -0.453774 0.868911 0.493825 -0.0336221
0.0675659 -0.108932 0.225395 0.868911 0.493825 -0.0336221
0.116777 0.164885 -0.371914 0.269339 -0.414738 0.869166
-0.00428954 -0.458253 0.207992 -0.868911 -0.493825 0.0336221
0.018155 0.117538 0.368837 -0.215612 0.316486 -0.923768
0.188793 -0.325936 0.171071 0.868911 0.493825 -0.0336221
0.14418 -0.259776 -0.0101683 0.868911 0.493825 -0.0336221
0.241971 -0.298937 0.248442 0.415272 -0.764284 -0.493376
0.284392 -0.243135 0.37112 0.269338 -0.414738 0.869166
0.056315 0.179701 0.453569 -0.440026 0.80178 0.404383
-0.0595806 0.111662 0.179474 0.868911 0.493825 -0.0336221
0.245558 -0.31134 0.270675 0.415272 -0.764284 -0.493376
-0.216539 0.127513 0.29225 -0.415272 0.764284 0.493376
0.0525527 0.00951699 0.434342 -0.415272 0.764284 0.493376
-0.120347 -0.267629 0.00846544 -0.868911 -0.493825 0.0336221
0.00989891 0.00943175 0.473558 0.86891 0.493826 -0.0336222
0.311705 -0.142059 0.410887 0.269338 -0.414738 0.869166
0.148078 -0.442184 0.124126 0.415272 -0.764283 -0.493376
-0.0050504 -0.28048 -0.249468 -0.269338 0.414738 -0.869166
-0.0805956 0.0895452 -0.0548038 -0.868911 -0.493825 0.0336221
0.142124 -0.27646 0.325317 -0.868912 -0.493824 0.033619
0.130602 0.084444 -0.439188 0.415272 -0.764284 -0.493376
0.128387 -0.238238 -0.101949 0.868907 0.493833 -0.0336175
-0.233309 0.359244 -0.331547 -0.269339 0.414738 -0.869166
-0.00631005 0.00063422 -0.412147 0.269339 -0.414738 0.869166
0.113531 -0.391699 0.273513 0.269339 -0.414738 0.869166
0.153174 -0.452517 0.144423 0.415272 -0.764283 -0.493376
-0.0978884 -0.29196 0.231506 -0.868911 -0.493825 0.0336221
-0.156316 -0.205985 -0.0157029 -0.868911 -0.493825 0.0336221
-0.18437 0.0626406 -0.0301749 -0.269338 0.414738 -0.869166
-0.0668191 0.134191 0.323312 0.868911 0.493826 -0.033622
0.0145983 -0.0205074 0.155276 0.868911 0.493825 -0.0336221
-0.199814 -0.111811 0.24334 -0.868911 -0.493825 0.0336221
-0.0158991 0.0363714 0.202525 0.868911 0.493825 -0.0336221
0.00430961 0.00772272 0.30401 0.868911 0.493825 -0.0336221
-0.228982 0.382812 -0.215909 0.868911 0.493826 -0.0336219
-0.058534 -0.367611 0.137438 -0.868911 -0.493825 0.0336221
-0.0664224 -0.346364 0.245645 -0.868911 -0.493825 0.0336221
0.0142624 -0.0260339 0.0654217 0.868911 0.493825 -0.0336221
-0.112564 -0.272232 0.141999 -0.868911 -0.493825 0.0336221
-0.00162131 0.0989623 -0.52754 -0.269339 0.414738 -0.869166
-0.162486 -0.176452 0.258615 -0.868911 -0.493825 0.0336221
0.290936 -0.0973524 0.438655 0.269338 -0.414738 0.869166
-0.133553 0.161305 -0.369429 -0.868911 -0.493825 0.033622
-0.012895 -0.0625529 -0.599446 0.415272 -0.764284 -0.493376
0.0451935 -0.101644 -0.245741 0.868911 0.493825 -0.0336221
-0.14896 0.183799 -0.437227 -0.868911 -0.493825 0.0336223
-0.114644 -0.146164 -0.151416 -0.269338 0.414738 -0.869166
-0.208586 -0.103504 0.138656 -0.868911 -0.493825 0.0336221
-0.149424 0.101219 -0.0225957 -0.269338 0.414738 -0.869166
-0.270076 0.0110792 0.23249 -0.868911 -0.493825 0.0336221
0.0898219 -0.400317 0.010237 0.415272 -0.764283 -0.493376
0.0480385 -0.284051 0.345174 0.269339 -0.414738 0.869166
0.0286164 -0.423916 -0.00472143 0.415272 -0.764283 -0.493376
-0.158649 0.378616 -0.345438 -0.269339 0.414738 -0.869166
-0.118306 0.18991 -0.188916 0.868911 0.493825 -0.0336221
-0.0996041 -0.308656 -0.233613 -0.269338 0.414738 -0.869166
0.00168718 -0.0228547 -0.212869 0.868911 0.493825 -0.0336221
0.0465376 -0.341127 0.318404 0.269339 -0.414738 0.869166
-0.0531977 -0.0106156 0.50702 0.269338 -0.414738 0.869166
0.0781846 -0.130749 0.17939 0.868911 0.493825 -0.0336221
-0.170554 0.222631 0.18361 -0.415272 0.764284 0.493376
-0.0445305 0.444253 -0.349482 -0.269339 0.414738 -0.869166
0.0658344 0.256492 -0.392723 0.868911 0.493825 -0.0336221
-0.197197 0.330939 -0.156373 0.868907 0.493832 -0.0336166
-0.0772563 0.0695138 -0.262717 -0.868911 -0.493825 0.0336221
-0.205187 0.309276 -0.364104 -0.269339 0.414738 -0.869166
0.00625802 -0.0214963 -0.0747908 0.868911 0.493825 -0.0336221
0.155728 -0.263539 0.233028 0.868911 0.493825 -0.0336221
0.0255662 0.123341 0.369137 -0.237548 0.356455 -0.90361
-0.0907379 0.133025 -0.311969 0.868911 0.493825 -0.0336221
0.223841 0.0375312 0.47472 0.868911 0.493825 -0.0336221
-0.0255582 0.0195913 -0.293556 0.868911 0.493825 -0.0336221
0.113475 -0.195384 0.142081 0.868911 0.493825 -0.0336221
-0.0641964 -0.187381 -0.186716 -0.269338 0.414738 -0.869166
0.154672 -0.265486 0.177127 0.868911 0.493825 -0.0336221
-0.248109 -0.0123801 0.455616 -0.868911 -0.493825 0.0336221
0.310836 -0.239536 0.214387 0.415272 -0.764283 -0.493376
-0.0910096 -0.318886 0.0138091 -0.868911 -0.493825 0.0336221
0.0601073 -0.103999 0.105105 0.868911 0.493825 -0.0336221
-0.110548 0.126788 -0.281886 -0.868911 -0.493825 0.033622
0.0439143 -0.0976699 -0.220424 0.868911 0.493825 -0.0336221
-0.0851376 0.2745 -0.417899 -0.269339 0.414738 -0.869166
0.288323 -0.252702 0.215834 0.415272 -0.764283 -0.493376
-0.150113 0.366064 -0.288563 -0.415272 0.764283 0.493376
0.0655859 -0.41474 0.0121799 0.415272 -0.764283 -0.493376
-0.198284 0.287718 -0.185617 -0.868911 -0.493825 0.033622
-0.246687 0.376797 -0.128155 -0.868911 -0.493826 0.0336219
-0.151612 0.261068 0.140011 -0.415272 0.764283 0.493376
0.132622 0.099317 0.379019 0.317435 -0.608085 -0.727645
-0.105325 -0.303752 -0.133872 -0.868911 -0.493825 0.0336221
-0.00880886 0.0106633 0.0081727 0.868911 0.493825 -0.0336221
-0.0530736 0.113842 0.379658 0.868911 0.493825 -0.0336222
0.0163498 -0.443698 0.278816 0.269338 -0.414738 0.869166
-0.0597859 0.0500565 -0.0970022 -0.868911 -0.493825 0.0336221
-0.0204138 -0.00160371 -0.471911 0.868911 0.493825 -0.0336221
-0.0516602 -0.0308135 -0.115892 -0.269338 0.414738 -0.869166
-0.245381 0.370906 -0.180944 -0.868909 -0.493828 0.0336208
-0.210127 -0.0960858 0.207792 -0.868911 -0.493825 0.0336221
-0.00926897 0.0296771 0.275548 0.868911 0.493825 -0.0336221
0.0412443 -0.139258 -0.266594 -0.868911 -0.493825 0.0336221
-0.134803 0.164056 -0.361346 -0.868911 -0.493825 0.033622
-0.0965406 0.0912558 -0.441754 -0.868911 -0.493825 0.033622
-0.0317275 0.252041 -0.284307 0.269339 -0.414738 0.869166
-0.077011 0.0637234 -0.341426 -0.868911 -0.493825 0.033622
-0.168593 0.276413 -0.217982 0.868911 0.493825 -0.0336221
0.221802 -0.374854 0.305671 0.868911 0.493825 -0.0336221
0.00293002 -0.113529 0.44052 0.269339 -0.414738 0.869166
-0.149819 0.206318 -0.128673 -0.868911 -0.493825 0.033622
0.230558 -0.39316 0.263087 0.86891 0.493828 -0.0336171
0.167483 -0.293158 0.101783 0.868911 0.493825 -0.0336221
0.0526694 -0.551024 0.216349 0.269339 -0.414738 0.869166
0.0731426 -0.19473 -0.256981 -0.868911 -0.493825 0.0336221
-0.00393918 -0.0525591 -0.1609 -0.868911 -0.493825 0.0336221
-0.00376805 0.387461 -0.267873 0.868911 0.493825 -0.033622
-0.1908 0.26425 -0.336871 -0.868915 -0.493818 0.0336093
-0.0858618 -0.303686 0.370089 -0.868911 -0.493825 0.0336221
0.0976519 -0.330611 0.307583 0.269339 -0.414738 0.869166
0.314938 -0.127108 0.41085 0.868911 0.493825 -0.0336221
-0.0871511 0.237881 -0.434749 -0.269339 0.414738 -0.869166
-0.0839269 0.156091 0.202841 0.868911 0.493825 -0.0336223
0.0168471 -0.498203 0.167471 -0.868911 -0.493825 0.0336221
-0.137218 -0.0194359 0.528848 0.269338 -0.414738 0.869166
0.135852 0.22753 0.405495 -0.482768 0.830547 -0.277715
-0.0569739 -0.0237127 0.501941 0.269338 -0.414738 0.869166
-0.0257076 0.423843 -0.300517 0.868911 0.493825 -0.033622
0.108239 -0.0165901 0.521655 -0.415272 0.764284 0.493376
0.0379598 -0.0666945 0.0806435 0.868911 0.493825 -0.0336221
-0.137371 0.400212 -0.341728 -0.269339 0.414738 -0.869166
0.208773 -0.353329 0.285101 0.868911 0.493825 -0.0336221
-0.046776 0.387427 -0.234679 -0.415272 0.764283 0.493376
-0.0109184 0.0390922 0.371206 0.868911 0.493825 -0.0336227
0.0242578 0.0201218 -0.429057 0.415272 -0.764283 -0.493376
-0.104594 0.0105023 0.533024 0.269338 -0.414738 0.869166
-0.109318 0.200284 -0.28496 0.269339 -0.414738 0.869166
0.0191536 -0.395977 0.300718 0.269338 -0.414738 0.869166
-0.0393814 -0.389387 0.312568 -0.868911 -0.493825 0.0336221
0.172786 -0.360634 0.0185954 0.415272 -0.764283 -0.493376
-0.0104327 -0.0182548 -0.458527 0.868911 0.493826 -0.0336222
-0.0354223 -0.142448 -0.174193 -0.269338 0.414738 -0.869166
-0.0510973 0.0756874 -0.129664 0.868911 0.493825 -0.0336221
-0.130142 0.0179318 0.534722 -0.415272 0.764284 0.493376
0.179973 -0.342804 0.329044 -0.868911 -0.493826 0.0336225
-0.123385 -0.273444 -0.155466 -0.868911 -0.493825 0.0336221
-0.101477 -0.281753 -0.220195 -0.269338 0.414738 -0.869166
-0.198538 -0.124189 0.0945129 -0.868911 -0.493825 0.0336221
0.131946 -0.158575 0.29785 -0.269338 0.414738 -0.869166
-0.263432 0.0428597 0.383917 -0.415272 0.764284 0.493376
-0.110561 0.141659 -0.0153419 -0.269338 0.414738 -0.869166
-0.0236318 -0.343753 -0.172879 0.415272 -0.764283 -0.493376
0.301255 -0.275323 0.350536 0.269338 -0.414738 0.869166
0.0982878 -0.359733 -0.0455046 0.415272 -0.764283 -0.493376
-0.0261511 0.42434 -0.304672 0.868911 0.493825 -0.033622
-0.126647 -0.212672 -0.179432 -0.269338 0.414738 -0.869166
-0.0813727 -0.33796 -0.0173007 -0.868911 -0.493825 0.0336221
0.0236114 -0.117088 -0.396663 -0.868911 -0.493825 0.0336221
0.0479791 -0.372183 0.303139 0.269339 -0.414738 0.869166
-0.0095389 -0.0534623 -0.318881 -0.868911 -0.493825 0.0336221
-0.202984 0.343016 -0.128546 0.868911 0.493826 -0.0336219
0.130773 -0.466731 0.147587 0.415272 -0.764283 -0.493376
-0.00274945 -0.0210864 -0.301556 0.868911 0.493825 -0.0336221
-0.0613177 0.0319417 -0.40265 -0.868911 -0.493826 0.0336224
-0.293085 0.0499215 0.20834 -0.868911 -0.493825 0.0336221
-0.00774284 -0.0523954 -0.559021 -0.317432 0.60808 0.72765
-0.0794839 -0.3194 0.304121 -0.868911 -0.493825 0.0336221
-0.0843493 0.153491 0.153731 0.868907 0.493832 -0.0336167
-0.0941192 0.104059 -0.19113 -0.868911 -0.493825 0.0336221
0.0372291 0.174631 0.432526 -0.490934 0.868586 0.0673991
-0.245512 0.362037 -0.314581 -0.868911 -0.493825 0.0336223
-0.00554011 0.101749 -0.364136 0.269339 -0.414738 0.869166
-0.177621 0.251649 -0.181375 -0.868911 -0.493825 0.033622
0.0741759 -0.0810811 0.513589 0.269339 -0.414738 0.869166
0.0844383 0.196677 -0.507582 -0.269339 0.414738 -0.869166
-0.080359 0.155697 0.289259 0.868911 0.493825 -0.0336222
-0.0531227 0.0338978 -0.162131 -0.868911 -0.493825 0.0336221
-0.153723 0.256343 -0.128466 0.868911 0.493825 -0.0336221
-0.0958933 0.128884 -0.484049 -0.269339 0.414737 -0.869166
-0.149327 0.201551 -0.185975 -0.868911 -0.493825 0.033622
-0.0190423 -0.440292 0.0905278 -0.868911 -0.493825 0.0336221
-0.298698 0.152146 0.0479627 -0.269338 0.414738 -0.869166
-0.221276 -0.0542905 0.533526 -0.868911 -0.493825 0.0336221
0.0900523 0.209785 -0.452856 0.868911 0.493825 -0.0336221
0.182627 0.13975 0.481084 0.299619 -0.470693 0.829865
-0.190308 0.286583 0.00386349 -0.868911 -0.493825 0.033622
-0.00665509 -0.379809 -0.102736 0.415272 -0.764283 -0.493376
0.0100114 0.0110362 0.50003 0.868912 0.493824 -0.033622
-0.0673319 -0.368773 -0.106996 -0.868911 -0.493825 0.0336221
0.174996 -0.238022 0.2466 -0.269338 0.414738 -0.869166
0.0200176 -0.0730217 -0.475977 0.868914 0.493819 -0.0336261
-0.00438194 -0.0552954 -0.212532 -0.868911 -0.493825 0.0336221
0.242412 -0.412624 0.28353 0.86891 0.493826 -0.0336231
-0.126994 0.0748993 -0.042105 -0.269338 0.414738 -0.869166
0.053283 -0.164353 -0.324063 -0.868911 -0.493825 0.0336221
0.0470641 0.027838 0.422308 0.487284 -0.865368 -0.117021
-0.0409181 0.320606 -0.248742 0.269339 -0.414738 0.869166
0.319421 -0.139254 0.348308 0.868911 0.493825 -0.0336221
0.355696 -0.205712 0.309671 0.868911 0.493825 -0.0336221
-0.0211353 0.0500527 0.268149 0.868911 0.493825 -0.0336221
0.0909429 -0.234628 -0.245487 0.415272 -0.764283 -0.493376
0.222783 -0.336821 0.345508 0.269338 -0.414738 0.869166
-0.170398 0.252231 0.0138521 -0.868911 -0.493825 0.0336219
0.099708 0.128546 -0.533509 0.415272 -0.764284 -0.493376
-0.0541796 0.0358286 -0.161089 -0.868911 -0.493825 0.0336221
0.00243139 0.0116815 0.313616 0.868911 0.493825 -0.0336221
0.0085737 -0.245715 0.375696 0.269339 -0.414738 0.869166
-0.114875 0.146646 -0.102039 -0.868911 -0.493825 0.0336221
-0.101978 -0.0117207 0.521609 0.269338 -0.414738 0.869166
-0.0418753 0.081506 0.194127 0.868911 0.493825 -0.0336221
-0.0266495 -0.427435 0.0827774 -0.868911 -0.493825 0.0336221
-0.212518 -0.0922533 0.202278 -0.868911 -0.493825 0.0336221
-0.169439 -0.0731709 0.513192 0.269338 -0.414738 0.869166
0.148159 -0.284846 0.358111 -0.868911 -0.493825 0.0336211
-0.239067 -0.0445258 0.217166 -0.868911 -0.493825 0.0336221
-0.158773 0.125155 0.344525 -0.415272 0.764284 0.493376
0.0854245 -0.293579 0.329043 0.269339 -0.414738 0.869166
-0.0879972 -0.314587 0.1548 -0.868911 -0.493825 0.0336221
-0.0222604 -0.376523 -0.120961 0.415272 -0.764283 -0.493376
-0.180713 -0.151057 0.160569 -0.868911 -0.493825 0.0336221
0.114294 -0.200966 0.0812589 0.868911 0.493825 -0.0336221
0.102764 -0.280868 0.329735 0.269339 -0.414738 0.869166
0.111572 -0.11032 0.488049 0.269339 -0.414738 0.869166
-0.0384095 -0.150335 -0.17703 -0.269338 0.414738 -0.869166
0.0926162 -0.269972 -0.189327 0.415272 -0.764283 -0.493376
0.181126 -0.220747 0.252944 -0.269338 0.414738 -0.869166
-0.025522 -0.435574 -0.00763637 -0.868911 -0.493825 0.0336221
-0.222672 0.0127728 -0.0421008 -0.269338 0.414738 -0.869166
-0.146416 0.142067 0.328728 -0.415272 0.764284 0.493376
-0.149926 0.254164 -0.0623484 0.868911 0.493825 -0.0336221
-0.0220315 -0.433236 0.116915 -0.868911 -0.493825 0.0336221
0.143478 -0.491921 0.216411 0.269339 -0.414738 0.869166
0.0522417 0.22741 -0.48294 -0.269339 0.414738 -0.869166
0.194727 -0.369505 0.318161 -0.868917 -0.493816 0.0336035
-0.0954176 0.0950857 -0.0422577 -0.269338 0.414738 -0.869166
0.0232989 -0.0312341 0.222581 0.868911 0.493825 -0.0336221
0.0273307 -0.513212 0.217954 -0.868911 -0.493825 0.0336221
-0.131503 0.166401 -0.241606 -0.868911 -0.493825 0.033622
-0.0101579 -0.0264999 -0.52058 0.121211 -0.278153 -0.952858
-0.0396704 0.0608249 -0.0526457 0.868911 0.493825 -0.0336221
-0.288757 0.0347601 0.0975246 -0.868911 -0.493825 0.0336221
-0.191004 -0.0765588 -0.0945404 -0.269338 0.414738 -0.869166
-0.261135 0.391323 -0.288214 -0.86891 -0.493827 0.0336255
0.00846506 -0.0948914 -0.462088 -0.868911 -0.493825 0.0336222
0.0611508 -0.127048 -0.206469 0.868911 0.493825 -0.0336221
0.288588 -0.0824868 0.385235 0.868911 0.493825 -0.0336221
-0.186533 0.290294 0.0653445 -0.415272 0.764283 0.493376
-0.0116265 -0.0590083 -0.454289 -0.868911 -0.493825 0.0336221
-0.0892725 0.382956 -0.364866 -0.269339 0.414738 -0.869166
-0.12528 0.196637 -0.270335 0.868911 0.493825 -0.0336221
0.0344889 0.316936 -0.315019 0.868911 0.493825 -0.033622
-0.30512 0.0573842 0.00693206 -0.868911 -0.493825 0.0336221
-0.237098 0.351568 -0.250895 -0.868911 -0.493825 0.033622
0.0451049 -0.0827726 0.0291496 0.868911 0.493825 -0.0336221
-0.0835231 -0.345309 -0.180808 -0.868911 -0.493825 0.0336221
-0.0198282 -0.312967 0.352407 0.269338 -0.414738 0.869166
-0.0418048 -0.394289 0.177938 -0.868911 -0.493825 0.0336221
0.0876384 0.186863 0.385512 -0.402437 0.665295 -0.62883
-0.155055 0.0406921 0.478495 -0.415272 0.764284 0.493376
-0.181317 -0.138558 0.328513 -0.868911 -0.493825 0.0336221
-0.192143 0.133856 0.302958 -0.415272 0.764284 0.493376
0.0880863 -0.00614815 0.384175 -0.269338 0.414738 -0.869166
0.00130142 -0.330619 -0.172238 0.415272 -0.764283 -0.493376
-0.108911 -0.195293 0.436162 0.269338 -0.414738 0.869166
-0.0313543 0.25069 -0.445927 -0.269339 0.414738 -0.869166
-0.205682 -0.00288601 0.503389 -0.415272 0.764284 0.493376
0.152716 -0.482568 0.218011 0.269339 -0.414738 0.869166
0.240878 -0.319893 0.279985 0.415272 -0.764284 -0.493376
0.138159 0.0793585 -0.42495 0.415272 -0.764283 -0.493376
-0.163587 -0.0168803 -0.0745598 -0.269338 0.414738 -0.869166
-0.109227 -0.265037 0.333924 -0.868911 -0.493825 0.0336221
-0.111952 -0.293318 -0.151908 -0.868911 -0.493825 0.0336221
0.0581358 0.0881275 0.493163 0.170181 -0.234274 0.957159
-0.0276535 0.0788699 0.522948 0.868911 0.493825 -0.0336221
-0.241209 -0.0352033 0.298737 -0.868911 -0.493825 0.0336221
-0.153733 0.195414 -0.38998 -0.868907 -0.493831 0.033633
-0.211505 -0.0849307 0.336002 -0.868911 -0.493825 0.0336221
0.0487121 0.138903 0.488387 -0.191387 0.397846 0.897268
-0.149829 0.305296 -0.222298 0.269339 -0.414738 0.869166
-0.129673 -0.0326689 0.520195 0.269338 -0.414738 0.869166
-0.0233107 -0.425911 0.191449 -0.868911 -0.493825 0.0336221
0.126299 0.0717305 -0.423116 0.415272 -0.764283 -0.493376
0.0419027 -0.340639 0.320074 0.269339 -0.414738 0.869166
0.000340049 -0.0769161 -0.408054 -0.868911 -0.493825 0.0336221
0.0436724 0.212379 -0.487457 -0.269339 0.414738 -0.869166
0.317652 -0.250691 0.237404 0.415272 -0.764283 -0.493376
-0.0728979 0.10091 -0.322605 0.868911 0.493825 -0.0336221
0.0162305 0.00470912 0.567824 0.868911 0.493825 -0.0336222
-0.266522 -0.00175704 0.135785 -0.868911 -0.493825 0.0336221
0.00439227 -0.0342806 -0.310778 0.868911 0.493825 -0.0336221
-0.0691654 0.101277 -0.220753 0.868911 0.493825 -0.0336221
0.00283687 -0.19889 0.399817 0.269339 -0.414738 0.869166
0.177812 0.192965 0.380012 0.86891 0.493826 -0.0336217
-0.114132 -0.263568 0.228721 -0.868911 -0.493825 0.0336221
-0.239637 0.402892 -0.196345 0.868911 0.493825 -0.0336221
-0.109369 0.203189 0.237088 0.868912 0.493823 -0.0336233
-0.160045 -0.183435 0.219132 -0.868911 -0.493825 0.0336221
0.215032 -0.413584 0.136178 0.415272 -0.764284 -0.493376
-0.204641 -0.0976647 0.326368 -0.868911 -0.493825 0.0336221
-0.0952321 0.0196999 -0.0782868 -0.269338 0.414738 -0.869166
-0.130231 -0.222641 0.413782 -0.868911 -0.493825 0.0336221
0.103323 -0.179155 0.118083 0.868911 0.493825 -0.0336221
-0.0599709 0.153839 -0.322414 0.269339 -0.414738 0.869166
0.11384 -0.253976 -0.196243 0.415272 -0.764283 -0.493376
-0.256825 -0.0103844 0.259683 -0.868911 -0.493825 0.0336221
-0.145668 -0.229551 -0.0866557 -0.868911 -0.493825 0.0336221
-0.13218 -0.242874 0.0662377 -0.868911 -0.493825 0.0336221
-0.156538 -0.208796 -0.0627425 -0.868911 -0.493825 0.0336221
-0.0644364 0.03983 -0.367389 -0.868911 -0.493825 0.0336221
-0.12284 0.142562 -0.367846 -0.868911 -0.493825 0.033622
0.0626453 0.064942 -0.402829 0.269339 -0.414738 0.869166
-0.122837 0.222632 0.174594 0.868911 0.493825 -0.033622
0.274212 -0.0529668 0.447295 0.868911 0.493825 -0.0336221
-0.168947 0.24793 -0.0118435 -0.868911 -0.493825 0.033622
0.262688 -0.0389913 0.354743 0.868911 0.493825 -0.0336221
0.0350733 -0.0915397 -0.35887 0.868911 0.493825 -0.0336221
-0.0327199 0.00036511 -0.127367 -0.868911 -0.493825 0.0336221
-0.0479125 0.0588189 -0.295113 0.868911 0.493825 -0.0336221
-0.0932173 -0.314939 -0.23859 -0.269338 0.414738 -0.869166
-0.225636 -0.0317711 0.531339 -0.415272 0.764284 0.493376
-0.109544 0.240301 -0.426655 -0.269339 0.414738 -0.869166
0.0578896 -0.105684 0.023038 0.868911 0.493825 -0.0336221
0.117289 -0.240657 -0.213972 0.415272 -0.764284 -0.493376
0.206975 -0.362397 0.105443 0.868911 0.493826 -0.0336218
-0.0446374 -0.188873 -0.19349 -0.269338 0.414738 -0.869166
0.0502089 -0.263629 -0.234847 0.415272 -0.764283 -0.493376
-0.0460375 -0.141016 -0.17022 -0.269338 0.414738 -0.869166
-0.0238859 -0.307614 -0.229075 0.415272 -0.764283 -0.493376
-0.0143259 -0.239744 0.385642 0.269338 -0.414738 0.869166
0.0158417 -0.490512 0.254446 -0.868911 -0.493825 0.0336221
0.0699902 -0.141166 0.448275 -0.868912 -0.493824 0.033619
0.0589586 -0.275372 -0.209292 0.415272 -0.764283 -0.493376
-0.122965 -0.264346 -0.0109784 -0.868911 -0.493825 0.0336221
-0.270228 0.0515217 -0.00887439 -0.269338 0.414738 -0.869166
-0.125325 0.115506 0.387625 -0.415272 0.764284 0.493376
-0.354864 0.185554 0.0859137 -0.415272 0.764284 0.493376
0.00183263 -0.0207132 -0.177657 0.868911 0.493825 -0.0336221
-0.202249 0.30038 -0.102108 -0.868911 -0.493825 0.033622
-0.131344 -0.242274 0.0966656 -0.868911 -0.493825 0.0336221
0.00342138 -0.340344 0.332139 0.269338 -0.414738 0.869166
-0.204164 0.292106 -0.273136 -0.868911 -0.493825 0.033622
-0.0282696 -0.366519 0.32947 0.269338 -0.414738 0.869166
-0.0379659 0.0744056 0.190872 0.868911 0.493825 -0.0336221
-0.234812 0.349171 -0.227034 -0.868911 -0.493825 0.033622
-0.254974 0.41371 -0.183445 -0.415271 0.764284 0.493376
-0.0508932 -0.382006 0.123469 -0.868911 -0.493825 0.0336221
-0.0873686 -0.22435 0.415622 0.269338 -0.414738 0.869166
0.229467 -0.14094 0.436905 0.269338 -0.414738 0.869166
-0.0316386 0.0301236 -0.296003 0.868911 0.493825 -0.0336221
0.0781271 -0.126057 0.246821 0.868911 0.493825 -0.0336221
-0.178306 0.162698 0.0156902 -0.269338 0.414738 -0.869166
-0.00695562 0.00347502 -0.410591 0.269339 -0.414738 0.869166
0.379004 -0.253663 0.293649 0.415272 -0.764283 -0.493376
0.13571 0.113057 0.370498 0.235887 -0.472858 -0.848977
0.0351995 0.221815 -0.480329 -0.269339 0.414738 -0.869166
-0.0016107 -0.0728662 -0.398984 -0.868911 -0.493825 0.0336221
0.121583 -0.236598 0.379947 -0.868912 -0.493824 0.0336196
0.0300558 -0.136395 0.421203 0.269339 -0.414738 0.869166
0.315292 -0.274762 0.272707 0.415272 -0.764283 -0.493376
-0.0414284 0.328394 -0.244868 0.269339 -0.414738 0.869166
-0.0744766 0.136105 0.153516 0.868911 0.493825 -0.0336221
0.0933884 -0.354799 -0.0572729 0.415272 -0.764283 -0.493376
-0.0276426 0.398392 -0.235561 -0.415272 0.764283 0.493376
-0.252742 0.0391916 0.398596 -0.415272 0.764284 0.493376
-0.0268208 0.0793047 -0.368252 0.269339 -0.414738 0.869166
-0.158482 0.22211 -0.120601 -0.868911 -0.493825 0.033622
-0.0684001 -0.250111 -0.215346 -0.269338 0.414738 -0.869166
-0.03983 -0.00040796 -0.322472 -0.868911 -0.493825 0.0336221
-0.105027 0.186655 0.106448 0.868911 0.493825 -0.0336221
0.133687 -0.231652 0.131738 0.868911 0.493825 -0.0336221
-0.160068 0.229902 0.0421059 -0.269338 0.414738 -0.869166
-0.0828839 0.00169853 -0.0907029 -0.269338 0.414738 -0.869166
0.27233 -0.259114 0.367234 0.269338 -0.414738 0.869166
-0.0695581 -0.270196 -0.224572 -0.269338 0.414738 -0.869166
-0.13048 0.236095 0.174816 0.86891 0.493826 -0.0336216
-0.0503096 0.0672273 -0.233562 0.868911 0.493825 -0.0336221
0.256286 -0.0297281 0.32535 0.868911 0.493825 -0.0336221
-0.0927405 0.35187 -0.378625 -0.269339 0.414738 -0.869166
-0.257666 0.0497813 0.378048 -0.415272 0.764284 0.493376
0.0603242 -0.130472 -0.278111 0.868911 0.493825 -0.0336221
-0.270316 0.208639 0.121315 -0.415272 0.764284 0.493376
0.130086 0.20455 0.377748 -0.371743 0.606233 -0.703056
0.21093 -0.0700511 0.476475 0.269339 -0.414738 0.869166
0.120171 -0.235274 0.362905 -0.868911 -0.493826 0.0336228
0.127831 0.21205 0.463894 -0.386389 0.719189 0.57747
0.19495 -0.445374 0.222671 0.269339 -0.414738 0.869166
0.0915082 -0.18476 -0.269576 0.868911 0.493826 -0.033622
-0.101037 -0.170833 -0.167404 -0.269338 0.414738 -0.869166
-0.141979 0.253975 -0.410079 -0.269339 0.414738 -0.869166
-0.0615705 -0.355533 0.236356 -0.868911 -0.493825 0.0336221
0.246149 -0.464778 0.247761 -0.868911 -0.493825 0.0336217
-0.171531 0.289298 -0.104689 0.868911 0.493825 -0.0336221
0.300047 -0.0998946 0.425713 0.868911 0.493825 -0.0336221
-0.0220673 -0.43906 0.0304588 -0.868911 -0.493825 0.0336221
-0.120948 0.190028 -0.255474 0.868911 0.493825 -0.0336221
0.330052 -0.156822 0.365021 0.868911 0.493825 -0.0336221
0.0372974 0.0238346 0.415294 0.476211 -0.852574 -0.215272
0.0457522 -0.107881 -0.322903 0.868911 0.493825 -0.0336221
0.362016 -0.226566 0.237374 0.415272 -0.764283 -0.493376
-0.0644679 0.211607 -0.454315 -0.269339 0.414738 -0.869166
-0.139482 -0.161816 -0.151188 -0.269338 0.414738 -0.869166
0.223682 0.0291586 0.519863 0.269338 -0.414738 0.869166
0.203942 -0.34924 0.220311 0.868911 0.493825 -0.0336221
0.0344959 -0.409672 -0.021838 0.415272 -0.764283 -0.493376
-0.0538189 0.0269662 -0.281933 -0.868911 -0.493825 0.0336221
0.0547449 -0.224761 -0.241411 -0.269338 0.414738 -0.869166
-0.209547 0.313997 -0.0907235 -0.868911 -0.493825 0.033622
0.0611727 0.146343 -0.363531 0.269339 -0.414738 0.869166
-0.143462 -0.20496 0.331551 -0.868911 -0.493825 0.0336221
-0.129873 0.0965515 0.413159 -0.415272 0.764284 0.493376
0.0458291 -0.0905096 -0.0657728 0.868911 0.493825 -0.0336221
-0.233367 0.393509 -0.172122 0.868911 0.493825 -0.0336221
0.244692 -0.447602 0.213839 0.415272 -0.764284 -0.493376
0.0119953 0.0793351 0.497348 0.0502245 -0.0203878 0.99853
0.249565 -0.0150161 0.367732 0.868911 0.493825 -0.0336221
0.109567 -0.248822 -0.207822 0.415272 -0.764283 -0.493376
-0.160202 0.219552 -0.202638 -0.868911 -0.493825 0.033622
-0.0655051 0.0233062 -0.0857778 -0.269338 0.414738 -0.869166
-0.0821704 0.15219 0.19093 0.868911 0.493825 -0.0336221
-0.196498 -0.115134 0.280251 -0.868911 -0.493825 0.0336221
-0.16243 -0.189239 0.0722408 -0.868911 -0.493825 0.0336221
-0.0170618 -0.0272992 -0.129028 -0.868911 -0.493825 0.0336221
-0.00657415 -0.0455641 0.475896 0.269339 -0.414738 0.869166
-0.0565355 -0.361212 0.283069 -0.868911 -0.493825 0.0336221
-0.00679943 0.0782443 0.49788 0.000946605 0.0662696 0.997801
-0.167263 -0.192931 -0.106885 -0.868911 -0.493825 0.0336221
0.022332 -0.0553148 -0.156095 0.868911 0.493825 -0.0336221
-0.0185395 -0.2289 -0.220676 -0.269338 0.414738 -0.869166
-0.0712581 0.0517085 -0.36922 -0.868911 -0.493824 0.0336214
0.309405 -0.125455 0.292135 0.868911 0.493825 -0.0336221
-0.209803 0.102435 -0.00330484 -0.269338 0.414738 -0.869166
-0.227157 -0.0542739 0.381775 -0.868911 -0.493825 0.0336221
-0.153485 -0.195371 0.213355 -0.868911 -0.493825 0.0336221
-0.0156179 0.071284 0.49835 0.000946605 0.0662696 0.997801
0.0223674 -0.491164 0.254302 0.269338 -0.414738 0.869166
-0.275705 0.120142 0.0255663 -0.269338 0.414738 -0.869166
0.150953 -0.495345 0.212461 0.269339 -0.414738 0.869166
-0.226118 0.374111 -0.269691 0.868911 0.493825 -0.033622
-0.0994139 0.18595 -0.455728 -0.269339 0.414738 -0.869166
-0.199719 0.259512 0.10193 -0.415272 0.764284 0.493376
0.0471257 -0.126694 -0.449566 0.415272 -0.764284 -0.493376
0.239488 -0.0184189 0.492262 0.269338 -0.414738 0.869166
0.00496591 -0.463812 0.272746 0.269338 -0.414738 0.869166
-0.0440169 -0.38541 0.251176 -0.868911 -0.493825 0.0336221
0.148491 -0.255073 0.170338 0.868911 0.493825 -0.0336221
-0.126841 0.251102 -0.416141 -0.269339 0.414738 -0.869166
-0.199831 0.0294421 0.458235 -0.415272 0.764284 0.493376
0.0226869 -0.109708 -0.31216 -0.868911 -0.493825 0.0336221
0.00959969 -0.148966 -0.191254 -0.269338 0.414738 -0.869166
-0.164095 -0.178623 0.185151 -0.868911 -0.493825 0.0336221
-0.0448774 0.288606 -0.423644 -0.269339 0.414738 -0.869166
0.123184 -0.214032 0.119108 0.868911 0.493825 -0.0336221
0.085358 -0.164911 -0.136988 0.868911 0.493825 -0.0336221
-0.0599393 0.0508834 -0.0888224 -0.868911 -0.493825 0.0336221
0.0913828 0.176624 -0.519303 -0.269339 0.414738 -0.869166
-0.0200229 0.064594 0.510473 0.86891 0.493827 -0.0336196
-0.252813 0.424969 -0.212614 0.868911 0.493825 -0.0336221
-0.330421 0.179396 0.0707958 -0.269338 0.414738 -0.869166
0.0770179 -0.0806896 0.352036 -0.269338 0.414738 -0.869166
-0.140403 -0.239128 -0.0912487 -0.868911 -0.493825 0.0336221
0.0931869 0.0661297 0.391972 0.40133 -0.74266 -0.536088
-0.101005 0.162827 -0.139588 0.868911 0.493825 -0.0336221
0.000728897 -0.00630022 0.00550988 0.868911 0.493825 -0.0336221
-0.224924 0.0197523 -0.0380726 -0.269338 0.414738 -0.869166
0.266807 -0.252186 0.211391 -0.269338 0.414738 -0.869166
0.0463909 -0.158169 0.405752 0.269339 -0.414738 0.869166
-0.281571 0.0453979 -0.00828157 -0.269338 0.414738 -0.869166
-0.0418013 0.00805425 -0.249128 -0.868911 -0.493825 0.0336221
-0.227438 -0.0738746 0.0866234 -0.868911 -0.493825 0.0336221
0.00690969 -0.334828 0.33369 0.269338 -0.414738 0.869166
-0.0148178 0.0396768 0.279019 0.868911 0.493825 -0.0336221
-0.0154032 0.0670769 -0.535177 0.415272 -0.764284 -0.493376
-0.0727509 0.382426 -0.370239 -0.269339 0.414738 -0.869166
-0.139517 -0.246806 -0.181125 -0.868911 -0.493825 0.0336221
-0.182667 -0.134409 0.354568 -0.868911 -0.493825 0.0336221
0.0784834 0.231199 -0.437316 0.868911 0.493825 -0.0336221
-0.13789 -0.216434 0.307008 -0.868911 -0.493825 0.0336221
0.14057 0.0190945 0.379956 -0.269338 0.414738 -0.869166
-0.0458845 0.0552959 -0.294447 0.868911 0.493825 -0.0336221
0.0343741 0.189948 -0.495279 -0.269339 0.414738 -0.869166
-0.219669 -0.0930861 0.00525121 -0.868911 -0.493825 0.0336221
-0.252667 -0.0133834 0.323098 -0.868911 -0.493825 0.0336221
-0.0565647 0.378309 -0.228794 -0.415272 0.764283 0.493376
-0.17964 0.253892 -0.200607 -0.868911 -0.493825 0.033622
0.22402 -0.0703013 0.472299 0.269338 -0.414738 0.869166
0.0489087 0.224166 -0.483455 -0.269339 0.414738 -0.869166
0.182253 -0.350628 0.273047 -0.868911 -0.493825 0.033622
0.283099 -0.0782677 0.305344 0.868911 0.493825 -0.0336221
0.0137076 -0.272686 -0.25154 0.415272 -0.764283 -0.493376
-0.108664 0.139537 -0.0459423 -0.868911 -0.493825 0.0336221
0.111374 -0.185146 0.238148 0.868911 0.493825 -0.0336221
0.0957912 -0.175515 -0.0231067 0.868911 0.493825 -0.0336221
-0.00748709 -0.461236 0.0815456 -0.868911 -0.493825 0.0336221
-0.0578248 0.0891816 -0.105328 0.868911 0.493825 -0.0336221
0.15147 0.104185 -0.416625 0.868911 0.493825 -0.033622
0.0852287 0.172513 -0.519357 -0.269339 0.414738 -0.869166
0.231893 0.012119 0.509188 0.269338 -0.414738 0.869166
-0.095246 -0.328793 -0.241183 -0.868911 -0.493825 0.0336221
0.230239 0.0254438 0.516058 0.269338 -0.414738 0.869166
0.118355 -0.221736 -0.118848 0.868911 0.493825 -0.0336221
-0.0782139 0.384297 -0.256292 -0.415272 0.764283 0.493376
-0.0704326 -0.230177 0.407593 0.269338 -0.414738 0.869166
-0.0909132 0.10477 -0.0978322 -0.868911 -0.493825 0.0336221
0.0859084 0.201594 0.416864 -0.493654 0.859656 -0.131519
0.242848 -0.424342 0.235334 -0.168399 0.358814 0.918093
-0.299378 0.0487044 0.0278292 -0.868911 -0.493825 0.0336221
0.118707 0.0342439 0.451719 -0.415272 0.764284 0.493376
-0.23246 0.385863 -0.260991 0.868907 0.493833 -0.0336162
-0.226629 -0.0813948 -0.00289945 -0.868911 -0.493825 0.0336221
0.0723939 -0.136295 -0.0517255 0.868911 0.493825 -0.0336221
-0.2285 0.346414 -0.104397 -0.868914 -0.493819 0.0336251
0.00119412 -0.0313757 -0.350764 0.868911 0.493825 -0.0336221
0.0891956 0.213793 -0.416134 0.868911 0.493825 -0.0336221
0.00195826 -0.0801749 -0.414096 -0.868911 -0.493825 0.0336221
-0.153757 0.264078 -0.0157474 0.868911 0.493825 -0.0336222
0.0315204 -0.0134949 0.452287 -0.415272 0.764284 0.493376
0.35756 -0.217662 0.360602 0.269338 -0.414738 0.869166
-0.0122463 0.0115294 0.565718 -0.868911 -0.493826 0.0336224
-0.0512135 0.00505283 -0.536455 -0.868909 -0.493828 0.0336272
-0.246224 -0.0172363 0.433017 -0.868911 -0.493825 0.0336221
-0.206834 0.0936865 0.35282 -0.415272 0.764284 0.493376
-0.0881288 -0.338169 -0.194961 -0.868911 -0.493825 0.0336221
0.104769 -0.399714 0.0218845 0.415272 -0.764283 -0.493376
0.0316939 -0.0497887 0.541685 0.269338 -0.414738 0.869166
-0.0872106 0.169325 0.312344 0.868912 0.493823 -0.0336233
0.248789 -0.298496 0.253497 0.415272 -0.764284 -0.493376
0.0316353 -0.0724229 -0.16694 0.868911 0.493825 -0.0336221
0.0102808 -0.0325177 0.500952 -0.868911 -0.493825 0.0336214
0.010119 -0.0531708 -0.440231 0.868911 0.493825 -0.0336221
0.181736 -0.119045 0.301284 -0.269338 0.414738 -0.869166
0.191951 -0.12335 0.456924 0.269339 -0.414738 0.869166
-0.0842642 0.0775556 -0.325712 -0.868911 -0.493826 0.0336222
-0.0272812 -0.427188 0.070083 -0.868911 -0.493825 0.0336221
0.195064 -0.304359 0.369587 0.269339 -0.414738 0.869166
-0.298651 0.0587885 0.194729 -0.868911 -0.493825 0.0336221
0.186277 0.0337732 0.509322 -0.415272 0.764284 0.493376
0.101388 -0.0516995 0.358317 -0.269338 0.414738 -0.869166
0.200894 -0.348246 0.15613 0.868911 0.493825 -0.0336221
-0.0851432 -0.0579581 0.494329 0.269338 -0.414738 0.869166
-0.0142332 0.0111545 0.508862 -0.868911 -0.493825 0.033622
-0.0111429 0.195255 -0.478642 -0.269339 0.414738 -0.869166
-0.0794607 -0.353428 -0.195077 -0.868911 -0.493825 0.0336221
0.0606023 -0.0944556 0.25806 0.868911 0.493825 -0.0336221
-0.0767708 0.0589674 -0.405072 -0.868911 -0.493825 0.033622
0.00880586 -0.0992932 -0.517932 -0.868911 -0.493825 0.0336221
0.101213 0.0855187 0.377009 0.298109 -0.576344 -0.760893
-0.159773 0.213396 -0.423928 -0.269339 0.414738 -0.869166
-0.184492 0.279114 0.0444434 -0.868911 -0.493825 0.033622
-0.213045 0.244186 0.0653384 -0.269338 0.414738 -0.869166
0.266836 -0.182587 0.405452 0.269338 -0.414738 0.869166
0.0130724 -0.0369662 -0.125898 0.868911 0.493825 -0.0336221
-0.162297 0.166454 0.0125218 -0.269338 0.414738 -0.869166
-0.205414 0.159013 0.0223318 -0.269338 0.414738 -0.869166
