ply
format ascii 1.0
comment Created by Open3D
element vertex 512
property double x
property double y
property double z
property double nx
property double ny
property double nz
end_header
0.0854076 0.181327 -0.0636586 -0.0837949 -0.469674 -0.878854
-0.060565 0.0108179 0.17286 -0.969669 0.241652 -0.0366914
-0.169768 -0.454151 -0.00349211 -0.969669 0.241653 -0.0366896
-0.00655533 0.173441 -0.183458 -0.969669 0.241653 -0.0366896
-0.0468398 -0.151212 0.273662 -0.109997 0.508244 0.85416
-0.156674 -0.369558 0.207626 -0.969668 0.241657 -0.0366897
0.128265 0.273021 -0.365175 0.96967 -0.24165 0.0366909
0.0707441 0.153492 -0.0473851 -0.0837949 -0.469674 -0.878854
-0.0384908 0.0990689 0.17072 -0.969669 0.241653 -0.0366897
0.136691 0.347777 -0.0955031 0.969669 -0.241653 0.0366896
-0.0161765 -0.241393 0.0641236 0.969669 -0.241653 0.0366896
0.00311019 -0.15167 0.145343 0.969669 -0.241653 0.0366896
0.141505 0.344 -0.36876 0.22961 0.849123 -0.475678
0.0507326 0.258305 -0.0744161 0.235121 0.963216 0.130126
0.155684 0.400414 -0.250771 0.969669 -0.241652 0.0366886
0.109694 0.221116 0.0563094 0.969669 -0.241653 0.0366897
-0.036102 -0.321044 0.0661173 0.969669 -0.241653 0.0366896
-0.120317 -0.261484 0.26228 -0.229624 -0.849117 0.475682
-0.0691307 -0.0232078 0.175135 -0.969669 0.241653 -0.0366896
0.018167 0.262363 -0.251168 -0.969669 0.241653 -0.0366896
-0.0438755 -0.303911 0.226176 -0.205674 -0.725596 0.656664
-0.0565532 -0.396122 0.112127 0.969669 -0.241652 0.0366897
-0.0868264 -0.0979752 0.150366 -0.969669 0.241653 -0.0366895
-0.0701032 -0.265336 0.279641 -0.22961 -0.849123 0.475678
-0.0433378 0.0631245 0.0620757 -0.969669 0.241653 -0.0366895
0.0136514 0.0228788 0.0278604 -0.0837946 -0.469674 -0.878854
0.0252674 0.0677223 0.230357 0.0837954 0.469674 0.878854
0.122285 0.404576 -0.269905 0.22961 0.849123 -0.475678
0.0605068 0.312391 0.0348377 0.926715 -0.340101 -0.159783
0.0358886 0.183677 -0.0125566 0.0911784 -0.88187 0.462593
0.057625 0.155304 -0.175649 -0.22961 -0.849123 0.475678
-0.0167173 -0.209492 0.28853 0.969669 -0.241653 0.0366896
0.141219 0.378279 -0.0142552 0.969669 -0.241653 0.0366896
0.0465318 0.102389 0.209803 0.0837954 0.469674 0.878854
-0.0170059 0.179338 0.131579 -0.969669 0.241653 -0.0366897
0.0174162 0.276807 -0.136192 -0.969669 0.241654 -0.0366896
0.0567011 0.285478 0.110988 0.0837949 0.469674 0.878854
-0.136165 -0.441012 0.198163 -0.22961 -0.849123 0.475678
0.115888 0.246238 -0.214472 0.969669 -0.241653 0.0366897
0.0758609 0.247969 0.129206 0.0837949 0.469675 0.878854
-0.0751959 -0.475469 0.08222 0.969669 -0.241653 0.0366897
0.135002 0.32921 -0.173155 0.969669 -0.241654 0.0366904
0.116997 0.292562 0.0613178 0.969669 -0.241653 0.0366897
0.00110031 0.191601 -0.266181 -0.969669 0.241653 -0.0366896
0.10319 0.276138 -0.107665 0.0247606 0.246453 0.968838
0.0506305 0.326303 -0.444216 0.22961 0.849123 -0.475678
0.0397214 0.335766 -0.337364 -0.969669 0.241653 -0.0366896
0.0843506 0.118839 0.0524821 0.969669 -0.241653 0.0366892
0.12138 0.27228 -0.188091 0.969668 -0.241655 0.0366901
-0.105013 -0.170967 0.150264 -0.969669 0.241653 -0.0366895
-0.0699176 -0.280262 -0.0533444 0.22961 0.849123 -0.475678
-0.0925437 -0.44637 0.209437 -0.222823 -0.812271 0.539041
-0.0280577 -0.300952 -0.0141477 0.969669 -0.241653 0.0366896
-0.0301177 -0.29342 0.0899037 0.969669 -0.241653 0.0366896
-0.00186856 0.00452837 0.266716 0.0838014 0.46967 0.878856
-0.0972748 -0.178184 0.115667 0.22961 0.849123 -0.475678
0.0691679 0.330313 0.0858385 0.0837949 0.469674 0.878854
0.0110941 -0.11266 0.191274 0.969669 -0.241653 0.0366897
-0.146821 -0.370046 -0.0560169 -0.969669 0.241653 -0.0366896
-0.0348465 -0.164518 0.132633 -0.0837949 -0.469675 -0.878854
0.0795411 0.374993 -0.192483 0.0837949 0.469675 0.878854
-0.042486 -0.0740305 0.197482 0.841428 0.439129 -0.314904
0.0757473 0.265259 -0.0389449 0.191985 0.660111 -0.72622
-0.0165363 0.175869 0.0963225 -0.969669 0.241653 -0.0366896
-0.0110797 0.148891 -0.225577 -0.969669 0.241653 -0.0366896
0.0557581 0.0688092 0.20608 0.969669 -0.241653 0.0366897
0.0194525 0.191569 -0.0628435 -0.0837935 -0.469674 -0.878854
0.0485846 0.114259 -0.334652 -0.0837949 -0.469674 -0.878854
0.00748417 0.169812 -0.360422 -0.0837949 -0.469674 -0.878854
-0.055055 0.0401518 0.22044 -0.969669 0.241653 -0.0366897
-0.0186269 0.151228 -0.0107224 -0.969669 0.241653 -0.0366898
0.0855529 0.270109 -0.314107 -0.198334 -0.690187 0.69592
0.0570525 0.146493 -0.352686 -0.0837949 -0.469674 -0.878854
0.0351117 0.276502 -0.0395184 0.184235 0.623972 -0.759419
0.00271916 0.121704 0.203658 0.0837949 0.469674 0.878854
-0.0441437 -0.371373 -0.0528373 0.969669 -0.241653 0.0366896
0.042133 0.36079 -0.236286 -0.969669 0.241652 -0.0366891
-0.0659843 -0.154059 0.335452 0.22961 0.849123 -0.475678
0.103931 0.195503 -0.232622 0.969669 -0.241653 0.0366896
0.148043 0.367824 -0.263486 0.969669 -0.241654 0.0366938
-0.0913392 -0.21932 0.25473 0.0966545 0.241229 -0.965643
-0.00500248 0.116491 -0.0203888 -0.0837946 -0.469675 -0.878854
-0.103289 -0.374979 0.225747 0.0837949 0.469675 0.878854
-0.00233093 -0.151218 0.292123 0.969669 -0.241653 0.0366896
-0.0849279 -0.1978 0.382763 0.0837949 0.469675 0.878854
0.0336431 0.332439 -0.198639 -0.969668 0.241655 -0.0366909
-0.067834 -0.43313 0.166516 0.969669 -0.241654 0.0366893
0.0380047 0.0136159 0.258058 0.0837951 0.469674 0.878854
-0.068829 -0.00896767 0.260952 -0.969669 0.241653 -0.0366897
-0.171655 -0.4557 0.0361786 -0.969669 0.241653 -0.0366942
-0.0734914 -0.396223 0.0817293 0.0947432 0.233233 -0.967794
-0.0885203 -0.310516 -0.0945731 -0.0837949 -0.469674 -0.878854
-0.0346728 -0.263074 0.22809 0.242642 0.933616 -0.263601
0.0717034 0.1241 0.148833 0.969669 -0.241652 0.0366897
0.00186795 -0.149907 0.18979 0.969669 -0.241653 0.0366897
-0.0229493 -0.0385295 0.0641678 -0.0837946 -0.469675 -0.878854
-0.0263016 -0.0841247 0.130789 -0.483659 -0.751934 0.447961
-0.138266 -0.33468 -0.0491728 -0.969669 0.241653 -0.0366896
-0.115217 -0.17971 0.362373 -0.969669 0.241653 -0.0366896
0.0187927 0.248011 -0.362228 -0.969669 0.241653 -0.0366896
-0.147014 -0.424962 -0.0278339 -0.0837949 -0.469674 -0.878854
0.0793008 0.0946349 0.0265267 0.969669 -0.241653 0.0366937
-0.0186177 0.0431835 0.020086 -0.0838001 -0.469674 -0.878854
0.0146514 -0.0825286 0.295717 0.969669 -0.241653 0.0366896
0.0901281 0.389062 -0.030749 0.410395 0.358696 0.838399
0.0240127 -0.0707186 0.126092 0.969669 -0.241653 0.0366897
-0.120069 -0.247744 0.0424812 -0.969669 0.241653 -0.0366896
-0.0528955 -0.206792 0.256078 -0.0220535 -0.235995 -0.971504
-0.0246735 0.151611 0.151605 -0.969669 0.241653 -0.0366897
0.0596684 0.0563383 0.0205961 0.969669 -0.241653 0.0366916
0.00238749 0.19049 -0.307515 -0.969669 0.241653 -0.0366899
-0.036166 -0.327045 0.0282848 0.969669 -0.241653 0.0366896
0.070684 0.152038 0.180967 0.0837954 0.469674 0.878854
-0.0743628 -0.0659502 0.0837239 -0.083795 -0.469674 -0.878854
0.109982 0.294985 -0.0280294 -0.0220533 -0.235994 -0.971504
-0.0604566 -0.0023036 0.0835712 -0.969669 0.241653 -0.0366895
-0.0697504 -0.203146 0.0843937 0.22961 0.849123 -0.475678
-0.104092 -0.152154 0.249826 -0.969669 0.241653 -0.0366897
-0.0443269 -0.36143 0.0174961 0.969669 -0.241651 0.0366903
0.0253951 -0.0467041 0.247726 0.969669 -0.241653 0.0366896
0.0601794 0.067252 0.0789744 0.969669 -0.241653 0.0366896
0.00177181 0.236344 0.0107711 -0.969669 0.241653 -0.0366896
0.0325032 0.303942 -0.356202 -0.969669 0.241653 -0.0366896
-0.00688141 0.216022 0.105614 -0.969669 0.241653 -0.0366896
-0.0453238 -0.115699 0.285468 0.158046 -0.514778 -0.84263
0.0950129 0.166126 -0.190412 0.969669 -0.241653 0.0366896
0.0627876 0.291296 -0.430618 -0.0837949 -0.469674 -0.878854
-0.0243213 -0.274917 0.0585807 0.969669 -0.241653 0.0366896
0.00246868 -0.137815 0.253553 0.969669 -0.241653 0.0366896
-0.0124496 -0.142708 0.34641 0.0837949 0.469674 0.878854
0.103787 0.365936 -0.347809 0.22961 0.849123 -0.475678
0.0460813 0.0330726 0.226454 0.969669 -0.241653 0.0366896
0.0359037 0.227928 -0.39419 -0.0837949 -0.469674 -0.878854
-0.0653371 -0.381738 0.225741 0.0837949 0.469675 0.878854
0.0498561 0.350604 -0.40121 0.22961 0.849123 -0.475678
-0.135463 -0.359543 0.0425547 -0.19097 -0.655341 0.730794
-0.131707 -0.283538 0.114318 -0.969669 0.241652 -0.0366883
0.0380725 0.387375 0.0461347 -0.969669 0.241653 -0.0366897
-0.164674 -0.522462 0.0259554 -0.0837949 -0.469674 -0.878854
0.0485785 0.427842 0.034999 -0.969669 0.241653 -0.0366897
0.108436 0.372888 -0.0691494 0.22961 0.849123 -0.475678
0.0902965 0.378236 0.012447 0.013166 -0.491401 -0.870834
0.0963398 0.340514 0.0352994 0.229604 0.849127 -0.475673
0.00745869 0.273854 0.107527 -0.969669 0.241653 -0.0366897
-0.171173 -0.446595 0.083401 -0.969669 0.241653 -0.0366897
0.013863 0.182544 0.170082 0.0837913 0.469676 0.878854
-0.081696 -0.415913 0.23207 -0.0865246 -0.198982 0.976176
-0.140343 -0.474217 0.136873 -0.22961 -0.849123 0.475678
-0.104076 -0.244076 0.301194 -0.229609 -0.849123 0.475678
-0.0891381 -0.0874115 0.281039 -0.969669 0.241653 -0.0366897
0.0679253 0.272944 -0.283363 -0.127631 -0.628619 -0.767169
0.0726975 0.195279 -0.0970152 -0.22961 -0.849123 0.475678
0.0836151 0.39806 0.0482556 0.0837948 0.469674 0.878854
0.147742 0.390878 -0.210459 0.15159 0.712324 0.685285
-0.0779003 -0.0564542 0.187932 -0.969669 0.241653 -0.0366896
-0.125753 -0.246696 0.199626 -0.969669 0.241651 -0.0366882
-0.169838 -0.434049 0.130753 -0.969669 0.241653 -0.0366897
-0.125586 -0.27725 -0.00604437 -0.969669 0.241653 -0.0366896
-0.0489291 -0.110406 0.129541 0.841429 0.439127 -0.314903
-0.0647377 -0.259812 -0.01434 0.22961 0.849123 -0.475678
0.114619 0.273895 0.00121446 0.969669 -0.241653 0.0366897
0.135257 0.360134 0.0237821 0.969669 -0.241653 0.0366897
0.106514 0.22085 0.138615 0.969669 -0.241653 0.0366896
-0.113825 -0.261252 -0.0406047 0.22961 0.849123 -0.475678
0.0764221 0.307751 -0.0305712 -0.0460967 -0.328216 -0.943477
-0.0565532 -0.227375 0.0475144 0.22961 0.849123 -0.475678
-0.0929558 -0.346334 0.210382 0.0433068 0.317592 0.947238
0.0202864 -0.0709891 0.222794 0.969669 -0.241653 0.0366903
0.0318904 0.356747 0.00778736 -0.96967 0.241651 -0.0366885
0.0351785 -0.0265229 0.122083 0.969669 -0.241653 0.0366897
-0.0522845 0.0288242 0.0726122 -0.969669 0.241653 -0.0366895
-0.0866756 -0.0895809 0.201668 -0.969669 0.241653 -0.0366892
0.046682 0.244126 -0.289413 0.227449 0.837148 -0.497443
-0.0817905 -0.235689 0.0204914 0.22961 0.849123 -0.475678
-0.0967568 -0.162024 0.306379 0.22961 0.849123 -0.475678
0.0705863 0.111922 0.0981469 0.969669 -0.241651 0.0366884
0.0145186 0.139635 -0.344966 -0.0837949 -0.469674 -0.878854
-0.0355661 0.0889781 0.0269587 -0.969669 0.241653 -0.036689
0.00752171 0.220856 -0.243202 -0.969669 0.241653 -0.0366896
-0.00328786 0.210592 -0.0251246 -0.969669 0.241653 -0.036689
-0.0983393 -0.122678 0.291938 -0.969669 0.241653 -0.0366897
-0.00686383 0.158296 -0.0425527 -0.0837971 -0.469674 -0.878854
0.116671 0.338461 -0.127713 0.23814 0.90023 -0.36452
0.0553055 0.407061 -0.279657 -0.969669 0.241653 -0.0366896
0.00407804 0.2348 -0.0603546 -0.969669 0.241653 -0.0366898
-0.0950183 -0.293001 0.222341 -0.198942 -0.693091 0.692855
-0.0133725 -0.190718 0.323777 0.969669 -0.241653 0.0366896
-0.130456 -0.290316 0.0366057 -0.969669 0.241653 -0.0366896
0.0188272 0.273998 -0.191982 -0.969669 0.241653 -0.0366896
-0.0333347 0.103593 0.0642428 -0.969669 0.241653 -0.036689
-0.0213107 -0.0843803 0.316084 0.0837949 0.469674 0.878854
0.0968598 0.157862 -0.0210999 0.969669 -0.241653 0.0366896
0.103026 0.21294 -0.0938549 0.969669 -0.241653 0.0366897
-0.00862212 -0.20198 0.124058 0.969669 -0.241653 0.0366896
0.00834661 0.232133 -0.190729 -0.969669 0.241653 -0.0366896
0.0577184 0.338719 -0.0575869 -0.218537 -0.924383 -0.312662
0.0919625 0.248591 -0.0763273 0.231513 0.956187 0.179188
-0.076825 -0.467938 0.174879 0.969669 -0.241653 0.0366897
0.105263 0.207703 -0.187484 0.969669 -0.241653 0.0366896
0.122594 0.307375 0.0109761 0.969669 -0.241654 0.0366908
-0.147851 -0.337482 0.185702 -0.969668 0.241657 -0.0366908
0.0404061 0.181813 0.0515295 0.107252 0.872582 -0.476548
-0.0822142 -0.499179 0.111549 0.969669 -0.241653 0.0366897
-0.114649 -0.207083 0.167059 -0.96967 0.241649 -0.0366841
0.111064 0.325063 -0.054501 -0.218537 -0.924383 -0.312661
-0.0944426 -0.122501 0.190117 -0.969669 0.241651 -0.0366919
-0.0267246 0.137287 0.111468 -0.969669 0.241653 -0.0366896
-0.0139412 0.17979 0.0535566 -0.969669 0.241653 -0.0366896
-0.0235427 -0.250325 0.0224805 0.22961 0.849123 -0.475678
-0.049994 -0.171514 0.365385 0.0837949 0.469675 0.878854
-0.0752692 -0.184536 0.276566 0.22961 0.849123 -0.475678
0.09497 0.17252 -0.14717 0.969669 -0.241653 0.0366896
-0.0356271 -0.0714601 0.0829752 -0.0837978 -0.469674 -0.878854
-0.018166 0.158113 0.0224413 -0.969669 0.241653 -0.0366884
-0.0495202 -0.202917 0.32639 -0.881656 -0.0255585 -0.4712
-0.0404839 -0.219675 0.175985 -0.0477601 -0.0401119 0.998053
-0.0561964 -0.41066 0.00694321 0.969669 -0.241653 0.0366896
0.108322 0.254012 0.0366813 0.969669 -0.241653 0.0366897
0.0241734 0.300269 -0.160249 -0.969668 0.241655 -0.0366902
0.0533054 0.127582 -0.22722 -0.22961 -0.849123 0.475678
-0.167393 -0.410257 0.22283 -0.96967 0.241647 -0.0366913
0.0835169 0.190692 0.159086 0.0837954 0.469674 0.878854
-0.178129 -0.467898 0.126935 -0.969669 0.241653 -0.0366897
0.0330799 0.164921 -0.0477394 0.0415896 -0.882836 0.467837
-0.102535 -0.358429 -0.0676308 -0.0837949 -0.469674 -0.878854
0.131699 0.307393 -0.229549 0.96967 -0.24165 0.036687
-0.0181049 -0.0224827 0.243567 -0.348407 -0.812482 0.467423
0.0835084 0.109294 -0.335329 -0.0837949 -0.469674 -0.878854
-0.0293224 -0.278559 0.166762 0.969669 -0.241652 0.0366892
-0.0633133 -0.435675 0.0302788 0.969669 -0.241653 0.0366896
-0.0486231 0.0609364 0.187348 -0.969669 0.241653 -0.0366897
-0.0194581 -0.241898 0.147522 0.969669 -0.241653 0.0366896
-0.0211356 -0.04201 0.207365 -0.348398 -0.812486 0.467424
0.117928 0.389086 -0.299658 0.22961 0.849123 -0.475678
-0.0594559 -0.073619 0.31397 0.0837929 0.469676 0.878853
0.111203 0.329617 0.0822024 0.0837949 0.469674 0.878854
0.123766 0.261638 -0.32125 0.969668 -0.241655 0.0366889
0.0919673 0.192872 0.0662357 0.969669 -0.241653 0.0366898
-0.109058 -0.519606 0.0709507 -0.22961 -0.849123 0.475678
-0.0736827 -0.0482422 0.130554 -0.969669 0.241653 -0.0366895
0.0582589 0.0836705 0.171144 0.95753 -0.282131 0.059479
0.109704 0.249268 -0.0310805 0.969669 -0.241652 0.0366893
0.0330888 0.217527 0.0597105 0.671841 -0.677986 0.29827
0.0325274 0.320632 -0.246918 -0.969669 0.241653 -0.03669
0.0731942 0.348507 -0.131595 0.240555 0.916921 -0.318417
-0.0812473 -0.504487 0.051034 0.969669 -0.241653 0.0366897
-0.00652891 0.0912229 0.220829 0.0837949 0.469674 0.878854
0.131328 0.294609 -0.303936 0.969669 -0.241653 0.0366896
-0.118797 -0.282361 -0.0806853 0.22961 0.849123 -0.475678
0.0400304 0.00110422 0.175816 0.969669 -0.241653 0.0366897
-0.090444 -0.214192 0.0546871 0.22961 0.849123 -0.475678
0.012223 -0.117658 0.128521 0.969669 -0.241653 0.0366897
0.0914069 0.196261 0.103367 0.969669 -0.241653 0.0366895
0.0617505 0.355173 -0.170911 0.193636 0.851087 0.488013
-0.0671455 -0.44184 0.0909493 0.969669 -0.241653 0.0366897
0.0536293 0.0575634 0.121838 0.95753 -0.282131 0.059479
0.144465 0.358655 -0.22931 0.969669 -0.241651 0.0366874
-0.132874 -0.293625 0.0787262 -0.969669 0.241654 -0.0366916
-0.00927978 0.213385 0.151632 -0.969669 0.241653 -0.0366897
0.0865919 0.129551 -0.208756 0.969669 -0.241653 0.0366896
0.0627466 0.109279 -0.255335 -0.22961 -0.849123 0.475678
-0.118899 -0.20179 0.314242 -0.969669 0.241652 -0.0366896
0.132098 0.278871 -0.427957 0.969669 -0.241653 0.0366896
0.087975 0.360812 -0.100582 0.22961 0.849123 -0.475678
0.000283041 0.241923 0.0868592 -0.969669 0.241653 -0.0366896
0.0131841 0.282 0.00986396 -0.969669 0.241653 -0.0366896
0.0306891 0.277733 -0.281784 -0.0837941 -0.469672 -0.878856
0.0167938 0.302963 0.0525341 -0.969669 0.241653 -0.0366896
-0.158947 -0.386714 0.154704 -0.969665 0.241668 -0.0366868
0.0761918 0.0729717 -0.313656 -0.22961 -0.849123 0.475678
-0.0387807 -0.344619 -0.0183652 0.969669 -0.241653 0.0366896
0.107337 0.347958 -0.378186 0.22961 0.849123 -0.475678
-0.168305 -0.421883 0.170364 -0.969669 0.241653 -0.0366897
0.103706 0.327332 -0.00793632 -0.229606 -0.849123 0.47568
-0.13885 -0.326996 0.0168576 -0.969669 0.241653 -0.0366896
0.0199806 -0.0773776 0.188799 0.969669 -0.241653 0.0366897
-0.10701 -0.243357 -0.00537132 0.22961 0.849123 -0.475678
-0.079103 -0.053705 0.237826 -0.969669 0.241653 -0.0366897
-0.0726541 -0.45807 0.129644 0.969669 -0.241653 0.0366897
-0.0957652 -0.509372 0.0123897 -0.0837949 -0.469674 -0.878854
-0.0717275 -0.466979 0.0464785 0.969669 -0.241653 0.0366888
-0.029739 -0.286168 0.127659 0.969669 -0.241653 0.0366896
-0.163392 -0.419708 0.0548612 -0.969669 0.241654 -0.0366935
0.132437 0.34125 -0.0260662 0.96967 -0.24165 0.0366855
-0.0458422 -0.118098 0.336443 0.0837949 0.469674 0.878854
-0.0384627 -0.312479 0.184918 0.969669 -0.241653 0.0366896
0.0390384 0.187115 -0.372677 -0.0837949 -0.469674 -0.878854
-0.0773901 -0.214689 0.310288 0.615471 0.251934 0.74681
0.0457143 0.407233 -0.0250379 -0.969669 0.241653 -0.0366896
0.0780228 0.273108 0.0453547 -0.892486 0.378656 0.245129
0.0516159 0.0310542 0.0418312 0.908005 -0.399304 0.126821
-0.0572592 -0.249365 0.314351 -0.22962 -0.849122 0.475675
-0.0870427 -0.104957 0.110095 -0.969669 0.241653 -0.0366898
0.0998569 0.324588 -0.0891918 -0.226955 -0.834446 0.502187
-0.0706261 -0.25309 0.229968 0.238523 0.902768 -0.357935
-0.151122 -0.363792 0.0988614 -0.969669 0.241651 -0.0366893
-0.0319155 -0.320573 -0.0414258 0.969669 -0.241653 0.0366896
0.109626 0.299495 -0.439465 -0.0837949 -0.469674 -0.878854
0.0504672 0.378111 -0.342464 -0.969669 0.241653 -0.0366896
-0.0155375 0.0880881 -0.00420551 -0.0837956 -0.469674 -0.878854
0.118335 0.249047 -0.260632 0.969669 -0.241653 0.0366897
-0.133335 -0.273105 0.226072 -0.969669 0.241653 -0.0366896
0.123687 0.249611 -0.398381 0.969669 -0.241653 0.0366896
-0.147359 -0.366538 -0.0186841 -0.969669 0.241653 -0.0366896
0.07641 0.363102 0.066001 0.22961 0.849123 -0.475678
-0.0528368 0.0387061 0.152294 -0.969669 0.241653 -0.0366896
-0.046394 0.0586697 0.113506 -0.969669 0.241653 -0.0366896
-0.0210431 -0.0364955 0.290468 0.0838028 0.469675 0.878853
-0.110344 -0.475199 0.149601 -0.22961 -0.849123 0.475678
-0.0401514 -0.101837 0.246718 0.320464 0.395526 0.860733
-0.142314 -0.325736 0.116715 -0.969669 0.241653 -0.0366896
0.140225 0.360321 -0.190428 0.0837949 0.469675 0.878854
-0.0314528 -0.159967 0.318312 -0.229604 -0.849127 0.475674
0.0896272 0.153029 0.138221 0.969668 -0.241655 0.0366883
0.0913251 0.23961 -0.280798 0.166094 0.541337 -0.824237
-0.0391462 -0.0491031 0.240913 0.890399 0.36069 -0.277655
0.0749377 0.362078 -0.36862 0.22961 0.849123 -0.475678
-0.103558 -0.163004 0.210509 -0.243876 -0.96657 0.0791624
0.052746 0.19461 0.0205455 -0.784097 -0.513201 0.349023
0.116037 0.369133 0.0606234 0.0837948 0.469674 0.878854
-0.0399626 -0.0996011 0.161452 0.439635 0.774056 -0.455586
0.126621 0.281821 -0.263776 0.969669 -0.241653 0.03669
-0.0601153 -0.224188 0.357914 -0.229603 -0.849129 0.47567
0.0967076 0.174371 0.0181337 -0.229609 -0.849123 0.475678
-0.0590451 -0.0376352 0.0671314 -0.083795 -0.469674 -0.878854
-0.00374784 0.108885 -0.32679 -0.0837949 -0.469674 -0.878854
-0.0140418 -0.190582 0.197536 -0.226956 -0.83445 0.502179
0.0848836 0.385647 -0.321748 0.22961 0.849123 -0.475678
0.0889522 0.328309 -0.422136 0.22961 0.849123 -0.475678
0.0253459 0.311465 -0.117493 -0.969669 0.241652 -0.0366894
0.0688379 0.207666 -0.386502 -0.0837949 -0.469674 -0.878854
-0.0344942 -0.216079 0.384758 -0.22961 -0.849123 0.475678
0.0486439 0.0355055 0.17475 0.969669 -0.241653 0.0366897
-0.0594108 -0.414337 -0.0418648 -0.0837949 -0.469674 -0.878854
0.00568148 -0.0138286 0.0482374 -0.0837946 -0.469674 -0.878854
0.0651426 0.0953368 0.132779 0.969669 -0.241653 0.0366896
-0.154389 -0.507551 0.070588 -0.22961 -0.849123 0.475678
0.0283877 0.174362 -0.155742 -0.22961 -0.849123 0.475678
-0.0562171 -0.383273 0.187873 0.969669 -0.241653 0.0366896
-0.183511 -0.500947 0.0515153 -0.969669 0.241653 -0.0366897
0.0221231 0.318277 0.0967562 0.0837949 0.469674 0.878854
-0.0147526 -0.189225 0.37009 0.969669 -0.241653 0.0366896
-0.063243 -0.442271 -0.0150244 0.969669 -0.241653 0.0366896
0.00982104 0.215738 -0.337684 -0.969669 0.241653 -0.0366896
-0.0220284 0.0562553 0.240994 0.0837949 0.469674 0.878854
0.0894441 0.130413 -0.278456 0.969669 -0.241653 0.0366896
0.0226384 -0.0385103 0.28738 0.0837951 0.469674 0.878854
-0.00652528 0.159186 -0.278143 -0.969669 0.241653 -0.0366896
-0.161282 -0.418986 0.0038347 -0.969669 0.241653 -0.0366896
-0.134178 -0.32695 -0.081437 -0.0837949 -0.469674 -0.878854
-0.128809 -0.524138 0.0234315 -0.0837949 -0.469674 -0.878854
-0.0983911 -0.131441 0.336921 -0.22961 -0.849123 0.475678
-0.0586294 -0.398641 0.150406 0.969669 -0.241652 0.0366897
0.0707147 0.281869 -0.108183 0.0487642 0.338355 0.939754
0.0203385 0.134675 -0.230472 -0.22961 -0.849123 0.475678
-0.0931649 -0.0971411 0.323379 -0.969669 0.241653 -0.0366897
0.0933117 0.15469 0.0517796 0.969669 -0.241652 0.0366893
-0.0228858 0.146147 0.0683691 -0.969669 0.241653 -0.0366896
0.103289 0.220212 -0.0529186 0.969669 -0.241653 0.0366897
-0.0382048 -0.316161 -0.0963533 -0.0837949 -0.469674 -0.878854
-0.0488316 -0.25419 0.194746 0.183116 0.817652 0.545815
0.0405512 0.344893 -0.299181 -0.969669 0.241653 -0.0366896
0.0971437 0.417312 -0.245948 0.241083 0.970313 0.0193037
-0.0100008 -0.201353 0.16462 0.969669 -0.241653 0.0366896
0.126533 0.406927 0.000347964 0.229615 0.84912 -0.475681
-0.107495 -0.242526 0.231835 0.235578 0.883979 -0.403838
0.14447 0.405681 0.0383806 0.0837949 0.469674 0.878854
-0.0693353 -0.172866 0.226406 -0.223703 -0.9379 -0.265141
0.0361451 0.245384 0.117575 0.832659 -0.517497 0.197169
0.0287915 0.152605 -0.194385 -0.22961 -0.849123 0.475678
0.0324889 0.344283 -0.0901211 -0.969669 0.241653 -0.0366896
0.102711 0.205102 -0.137162 0.969669 -0.241653 0.0366896
-0.130142 -0.301085 -0.0426039 -0.969669 0.241653 -0.0366896
-0.0666634 -0.00727457 0.214871 -0.969669 0.241653 -0.0366897
-0.161244 -0.405909 0.0889599 -0.969669 0.241653 -0.0366897
-0.179761 -0.481285 0.0819062 -0.969669 0.241653 -0.0366897
0.137141 0.322992 -0.270637 0.969669 -0.241654 0.036693
-0.126283 -0.255696 0.154345 -0.969669 0.241652 -0.0366891
0.0494351 0.379788 -0.30414 -0.969669 0.241653 -0.0366896
-0.123083 -0.224022 0.278408 -0.969669 0.241653 -0.0366896
-0.10142 -0.437911 -0.0252607 -0.0837949 -0.469674 -0.878854
0.110425 0.291766 0.102505 0.083795 0.469674 0.878854
0.00219737 -0.0672349 0.0771108 -0.0837946 -0.469674 -0.878854
-0.148055 -0.490808 0.103534 -0.22961 -0.849123 0.475678
-0.0354412 -0.00286454 0.273868 0.0837949 0.469674 0.878854
0.0157941 0.0587765 0.00847177 -0.0837946 -0.469674 -0.878854
0.0291843 0.268099 -0.415017 -0.0837949 -0.469674 -0.878854
-0.100879 -0.543035 0.0308676 -0.0837949 -0.469674 -0.878854
-0.114068 -0.211261 0.124191 -0.969669 0.241653 -0.0366895
0.0366319 0.369772 -0.0317343 -0.969669 0.241654 -0.0366909
0.0878425 0.432914 0.028062 0.22961 0.849123 -0.475678
0.137127 0.304567 -0.391606 0.969669 -0.241653 0.0366896
0.137835 0.312794 -0.356138 0.969669 -0.241653 0.0366896
0.0432037 0.21227 -0.0809212 -0.22961 -0.849123 0.475678
-0.13977 -0.489902 0.00618057 -0.0837949 -0.469674 -0.878854
0.00785816 0.238554 -0.135533 -0.969669 0.241653 -0.0366896
0.0336592 0.339657 -0.151517 -0.969669 0.241653 -0.0366896
0.00717359 0.104426 -0.290824 -0.22961 -0.849123 0.475678
0.111902 0.254691 0.0804302 0.229609 0.849123 -0.475678
0.0288484 0.294925 -0.318997 -0.969669 0.241653 -0.0366896
-0.0241678 -0.22989 0.258393 0.0622431 0.0989732 -0.993142
0.0120885 0.234103 -0.276655 -0.969669 0.241653 -0.0366896
0.0330943 0.31674 -0.0316278 -0.0341177 -0.282456 -0.958673
-0.0593885 -0.376635 0.0474318 -0.21157 -0.754664 0.621064
-0.110721 -0.399705 0.0468412 0.175122 0.791587 0.585425
-0.000753171 0.245036 0.13475 -0.969669 0.241653 -0.0366897
-0.111822 -0.180627 0.266595 -0.969669 0.241653 -0.0366898
-0.13795 -0.29773 0.185849 -0.969669 0.241653 -0.0366896
0.107635 0.204248 -0.272913 0.969669 -0.241653 0.0366896
0.118039 0.265737 -0.142898 0.969668 -0.241655 0.0366899
-0.0424828 0.0906552 0.220808 -0.969669 0.241653 -0.0366897
0.0893621 0.126046 -0.0324956 0.969669 -0.241653 0.0366896
-0.0600367 0.00706263 0.134163 -0.969669 0.241653 -0.0366896
0.0634826 0.356276 0.0243151 -0.229623 -0.849124 0.475669
0.0798045 0.136069 0.013559 0.969669 -0.241652 0.0366897
-0.0852335 -0.233458 0.181652 0.106163 0.551607 0.827321
-0.00868412 0.128655 -0.255227 -0.22961 -0.849123 0.475678
0.0501844 0.184472 0.165588 0.0837947 0.469675 0.878854
0.143206 0.338658 -0.327747 0.969669 -0.241653 0.0366896
-0.0509062 0.0286905 0.0353045 -0.969669 0.241653 -0.0366898
-0.12266 -0.367952 0.0779017 -0.083797 -0.469682 -0.878849
-0.104496 -0.192868 0.085969 0.22961 0.849123 -0.475678
0.0943831 0.158207 -0.225927 0.969669 -0.241653 0.0366896
-0.155687 -0.391584 0.0364527 -0.969669 0.241653 -0.0366896
0.0163286 0.203038 -0.110374 -0.22961 -0.849123 0.475678
-0.000819936 -0.101948 0.0959499 -0.0837946 -0.469674 -0.878854
0.0287417 0.349489 0.043202 -0.969669 0.241653 -0.0366896
0.0936436 0.405003 -0.213176 0.15159 0.712324 0.685285
0.0980746 0.166683 -0.267667 0.969669 -0.241653 0.0366896
0.0425495 0.146744 -0.017386 -0.42506 0.81454 -0.394776
0.0599457 0.105964 -0.0209556 -0.0837949 -0.469674 -0.878854
0.105302 0.201979 -0.0168523 0.229609 0.849123 -0.475678
0.0568041 0.330098 -0.00237836 0.229604 0.849127 -0.475674
0.0855021 0.152236 0.0930829 0.233799 0.96079 0.149067
0.00494622 0.232798 -0.0964828 -0.969669 0.241653 -0.0366896
0.0458681 0.132063 0.194008 0.0837947 0.469675 0.878854
-0.0208318 -0.253987 0.10421 0.969669 -0.241653 0.0366896
0.103612 0.230657 0.00735016 0.969669 -0.241653 0.0366897
-0.0485469 -0.349251 0.209243 0.969669 -0.241651 0.0366892
0.0278084 -0.0448603 0.196088 0.969669 -0.241653 0.0366897
0.0371035 -0.0287312 0.0566628 0.969669 -0.241652 0.0366904
-0.0942076 -0.363076 0.0597451 -0.240744 -0.970199 -0.0275041
0.125484 0.324565 0.0478111 0.969669 -0.241653 0.0366897
0.0251207 0.294859 -0.22091 -0.96967 0.241649 -0.0366883
0.117671 0.233056 -0.34841 0.969669 -0.241653 0.0366896
-0.030403 0.135036 0.19386 -0.969669 0.241653 -0.0366897
-0.0118974 0.133663 -0.304268 -0.969669 0.241653 -0.0366896
0.0449759 0.0974352 -0.285055 -0.22961 -0.849123 0.475678
-0.0797521 -0.184397 0.183424 -0.182435 -0.615657 0.766606
-0.00574101 -0.173327 0.236633 0.969669 -0.241653 0.0366896
-0.0659339 -0.34566 -0.0779448 -0.0837949 -0.469674 -0.878854
0.113791 0.244517 -0.170399 0.969669 -0.241653 0.0366897
0.0186369 0.254159 -0.317624 -0.969669 0.241653 -0.0366867
-0.0218833 -0.0659549 0.16623 -0.567993 -0.702144 0.429393
-0.151165 -0.453177 0.169207 -0.22961 -0.849123 0.475678
0.0351445 0.308005 -0.399251 -0.969669 0.241651 -0.0366903
-0.149999 -0.353766 0.135198 -0.969669 0.241651 -0.0366892
0.0103812 -0.105337 0.258346 0.969669 -0.241653 0.0366896
0.0429381 0.211334 0.10573 0.253733 0.842829 -0.474614
-0.0317475 -0.269907 0.287839 0.969669 -0.241653 0.0366897
-0.0908387 -0.100233 0.241532 -0.969669 0.241653 -0.0366897
0.0645916 0.325685 -0.0998473 -0.190289 -0.652149 0.73382
0.0294543 0.164233 0.0129975 0.567993 0.702144 -0.429393
0.0304405 -0.0511148 0.0853316 0.969669 -0.241653 0.0366897
-0.000743329 0.191054 -0.221056 -0.969669 0.241653 -0.0366896
-0.0473437 -0.363065 0.0864533 0.969668 -0.241654 0.0366917
-0.140931 -0.328446 0.0623287 -0.969669 0.241654 -0.0366916
-0.00122911 0.200655 -0.144984 -0.969669 0.241653 -0.0366896
-0.0742869 -0.48431 -2.86367e-05 0.969669 -0.241653 0.0366896
0.0469866 0.0236041 0.140162 0.969669 -0.241653 0.0366897
-0.0730995 -0.0372724 0.295847 0.0837949 0.469674 0.878854
-0.00970344 0.188989 0.00214941 -0.969669 0.241653 -0.0366889
0.00498373 -0.117061 0.323777 0.969669 -0.241653 0.0366896
0.0081129 0.256391 -0.0247834 -0.969669 0.241653 -0.036689
0.126897 0.303728 -0.126783 0.969665 -0.241667 0.0366946
0.0511464 0.222094 0.14539 0.083795 0.469674 0.878854
-0.0295772 0.00121645 0.0435588 -0.0837888 -0.469675 -0.878854
0.149318 0.366842 -0.303643 0.969669 -0.241653 0.0366896
-0.0772864 -0.409194 0.0498905 0.191228 0.843531 0.501885
-0.0223973 -0.134492 0.115399 -0.0837941 -0.469674 -0.878854
0.0311503 -0.0363787 0.163629 0.969669 -0.241653 0.0366897
-0.0050997 0.216333 0.0605755 -0.969669 0.241653 -0.0366896
-0.0349298 0.0279601 0.257346 0.0837949 0.469674 0.878854
0.0129324 0.267068 -0.0818342 -0.969669 0.241653 -0.0366896
0.0571394 0.392092 -0.0596301 0.22961 0.849123 -0.475678
0.0301126 0.0870666 -0.318359 -0.0837949 -0.469674 -0.878854
-0.122316 -0.247225 0.10529 -0.969669 0.241651 -0.0366853
0.0930044 0.139402 -0.31335 0.969669 -0.241653 0.0366907
-0.119254 -0.402042 -0.0427298 -0.0837949 -0.469674 -0.878854
-0.097249 -0.139345 0.153348 -0.969669 0.241653 -0.0366895
-0.0398884 -0.323364 0.150905 0.969669 -0.241653 0.0366896
0.0507379 0.399095 -0.211412 -0.969669 0.241653 -0.0366904
0.0360103 -0.00853382 0.218581 0.969669 -0.241653 0.0366902
0.100726 0.172005 -0.302697 0.969669 -0.241652 0.0366874
0.115178 0.216235 -0.393322 0.969669 -0.241653 0.0366896
0.139372 0.364393 -0.0569221 0.969669 -0.241653 0.0366896
-0.105777 -0.21484 0.352561 -0.229609 -0.849123 0.475678
0.00775974 0.267711 0.0591084 -0.969669 0.241653 -0.0366896
-0.126031 -0.405727 0.230217 -0.0865246 -0.198982 0.976176
-0.132408 -0.452459 -0.0145318 -0.0837949 -0.469674 -0.878854
0.107272 0.18878 -0.365193 0.969669 -0.241653 0.0366896
0.108037 0.256611 0.12152 0.0837949 0.469675 0.878854
0.085239 0.257871 -0.414896 -0.0837949 -0.469674 -0.878854
-0.0135181 0.166213 0.18142 0.0837949 0.469674 0.878854
0.0699127 0.420809 -0.00220264 0.22961 0.849123 -0.475678
-0.0481398 -0.355845 0.15505 0.969669 -0.241653 0.0366897
0.0446529 0.25471 0.0641519 0.967279 -0.253283 0.014775
-0.0214535 -0.219226 0.349584 0.969669 -0.241654 0.0366897
0.0455313 0.0147956 0.0776066 0.992587 -0.11725 -0.0319785
-0.0671076 -0.14753 0.12663 -0.0837949 -0.469675 -0.878854
0.0466324 0.377016 -0.0916129 0.22961 0.849123 -0.475678
0.0993867 0.159792 -0.34773 0.969669 -0.241653 0.0366896
