ply
format ascii 1.0
comment Created by Open3D
element vertex 512
property double x
property double y
property double z
property double nx
property double ny
property double nz
end_header
-0.205452 -0.268177 -0.0717597 -0.774041 -0.539582 -0.331228
0.0422958 0.022127 0.371839 -0.378405 -0.0251731 0.925298
0.0352804 0.292861 0.384266 0.473374 -0.447626 0.758649
-0.441404 -0.0471161 0.17494 -0.196977 -0.820156 0.537163
-0.543383 0.00503961 0.162798 -0.50761 0.841558 -0.184695
0.000375484 0.138293 -0.536451 0.378405 0.0251735 -0.925298
-0.105815 -0.317506 -0.224242 -0.774042 -0.539581 -0.331227
0.114551 0.416781 0.52348 0.521259 0.470648 0.711884
-0.0337632 -0.0491433 -0.28803 -0.378405 -0.025173 0.925298
-0.274254 0.192857 0.278916 -0.50761 0.841558 -0.184695
0.440675 -0.00441963 -0.166549 0.659613 0.241671 -0.711692
-0.127045 0.260154 0.18097 -0.50761 0.841558 -0.184695
-0.162262 -0.170622 0.282941 -0.378409 -0.0251719 0.925296
-0.331034 0.12625 0.131474 -0.50761 0.841558 -0.184695
0.0226452 0.326991 0.0741041 -0.50761 0.841558 -0.184695
0.341488 0.0279567 -0.0812463 -0.774042 -0.53958 -0.331228
-0.200907 0.183305 0.439885 0.50761 -0.841558 0.184695
0.0833784 0.242195 -0.0731075 0.50761 -0.841558 0.184695
-0.563254 0.0076343 0.229232 -0.50761 0.841558 -0.184695
0.212288 0.076937 0.366828 0.744109 0.536266 0.398398
0.274977 0.38459 0.049126 0.50761 -0.841558 0.184695
0.155156 0.0144833 0.32908 -0.136316 -0.29011 -0.947235
-0.0951901 0.0976968 -0.240738 0.50761 -0.841558 0.184695
0.375176 0.420031 -0.0647701 0.50761 -0.841558 0.184695
0.22202 0.0662925 0.144074 -0.0835443 0.605627 -0.791351
0.168402 0.314854 -0.381789 -0.50761 0.841558 -0.184694
0.227213 -0.0785074 0.363923 0.387949 -0.916229 -0.100098
-0.247045 -0.298235 0.241988 -0.571145 -0.168174 0.803437
0.00778566 -0.344235 -0.345786 -0.047569 -0.429671 -0.901732
0.275403 0.143063 -0.237421 0.378405 0.025173 -0.925298
0.272049 0.237458 -0.235972 0.506366 0.0288973 -0.861835
-0.201989 -0.106054 -0.117524 0.774043 0.539579 0.331227
-0.059905 -0.158859 0.244065 0.378405 0.025173 -0.925298
0.31635 0.170098 -0.027622 0.774042 0.53958 0.331228
-0.474084 0.04564 0.157333 -0.50761 0.841558 -0.184695
0.0299692 0.279792 -0.161084 -0.50761 0.841558 -0.184695
0.205359 0.363431 -0.26202 -0.50761 0.841558 -0.184695
-0.255106 0.0710159 -0.328876 -0.50761 0.841558 -0.184695
-0.0867464 0.129107 -0.526901 -0.50761 0.841558 -0.184695
0.0066743 0.288971 -0.0552366 -0.50761 0.841558 -0.184695
0.0594169 0.375701 0.558971 0.0100178 0.220116 0.975422
-0.117645 0.15861 0.0985258 0.50761 -0.841558 0.184695
-0.121045 0.177086 -0.214018 -0.50761 0.841558 -0.184695
0.141142 0.119181 0.238333 -0.774042 -0.53958 -0.331228
0.152915 0.375195 0.341794 0.50761 -0.841558 0.184695
0.250513 0.071087 0.287521 0.774042 0.53958 0.331228
0.287735 -0.0662254 0.218224 -0.210568 -0.971081 -0.112531
-0.423303 -0.0658709 0.0491121 -0.210582 -0.971077 -0.112537
-0.435122 0.00700647 0.280293 0.50761 -0.841558 0.184695
0.385982 -0.0575176 -0.0353183 -0.423274 -0.88429 -0.197157
-0.0627481 0.0757612 -0.563967 0.378405 0.0251735 -0.925298
-0.0435846 0.23423 0.261433 0.378405 0.025173 -0.925298
-0.224937 -0.0830608 -0.328334 -0.734603 -0.600027 -0.316743
-0.0829734 0.0280306 0.244563 0.0756048 -0.997131 0.00379165
-0.143016 0.186175 -0.112222 -0.50761 0.841558 -0.184695
-0.109702 0.234327 0.0156254 -0.50761 0.841558 -0.184695
0.193514 0.201072 -0.272696 0.500086 -0.200198 -0.842517
0.0999813 -0.0675516 0.311935 0.378405 0.0251757 -0.925298
0.0459333 0.145826 -0.384266 0.609783 -0.776108 -0.160692
0.111435 0.242262 0.107252 -0.774042 -0.53958 -0.331228
0.00718321 0.0126595 -0.269603 -0.378405 -0.0251707 0.925298
-0.393189 -0.111862 -0.408471 -0.774043 -0.53958 -0.331228
0.323828 0.0712649 0.115904 0.774043 0.53958 0.331228
0.0999952 0.303583 -0.24514 -0.50761 0.841558 -0.184695
0.392597 0.370238 -0.33953 0.50761 -0.841558 0.184695
-0.498287 0.0476721 0.23311 -0.50761 0.841558 -0.184695
0.0200869 0.0933877 -0.351662 0.566228 -0.35589 -0.743457
0.37382 0.0439751 0.043533 0.774043 0.53958 0.331228
-0.336377 -0.0129375 -0.488045 -0.50761 0.841558 -0.184695
-0.0453548 0.337911 0.310753 -0.50761 0.841558 -0.184695
0.291823 0.0652287 -0.025902 -0.774042 -0.53958 -0.331228
0.360448 0.110922 -0.0342766 0.774042 0.53958 0.331228
-0.306572 0.0107162 -0.0561072 0.50761 -0.841558 0.184695
0.222947 0.336905 -0.431227 -0.50761 0.841558 -0.184695
0.320649 0.120231 0.0435647 0.774042 0.53958 0.331228
0.309444 0.406287 -0.352816 -0.50761 0.841558 -0.184694
-0.117269 0.00936259 -0.417466 0.601665 -0.463997 -0.650159
0.420554 0.425554 -0.166492 0.774042 0.53958 0.331228
0.196484 0.387131 -0.129641 -0.50761 0.841558 -0.184695
-0.338989 0.0723425 -0.0922891 -0.50761 0.841558 -0.184695
0.161017 0.397411 0.420748 0.50761 -0.841558 0.184695
-0.315543 -0.132263 -0.0358959 -0.774043 -0.53958 -0.331228
-0.148299 -0.256204 -0.224824 -0.774042 -0.53958 -0.331228
0.207301 0.118844 -0.26593 0.378398 0.0251773 -0.9253
0.311277 0.467674 -0.0781444 -0.50761 0.841558 -0.184695
-0.363316 0.125822 0.218246 -0.50761 0.841558 -0.184695
0.293392 0.23478 -0.0793433 0.774042 0.53958 0.331228
0.374163 0.115865 -0.186708 0.710771 0.287863 -0.641825
0.0501553 0.271339 0.150994 0.50761 -0.841558 0.184695
-0.00961991 0.296461 0.023671 -0.50761 0.841558 -0.184695
0.152361 0.111504 0.392583 0.338948 0.392132 0.855188
0.01237 0.115232 -0.456454 0.50761 -0.841558 0.184695
0.200168 -0.00468397 -0.268157 -0.882593 -0.291487 -0.36887
-0.25573 -0.169538 0.244746 -0.378405 -0.0251731 0.925298
-0.462601 -0.0783651 -0.0331786 0.50761 -0.841558 0.184695
0.326028 -0.0971683 -0.223253 0.378405 0.025173 -0.925298
-0.239044 -0.37176 0.20296 -0.762109 -0.629842 0.149964
-0.0708087 0.358286 0.473548 -0.50761 0.841558 -0.184695
-0.290712 0.124135 0.417093 0.50761 -0.841558 0.184695
-0.195745 0.0846663 -0.0237487 0.50761 -0.841558 0.184695
-0.138702 0.314366 0.492196 -0.378405 -0.0251728 0.925298
0.134246 0.221093 0.314859 0.774042 0.53958 0.331228
0.0766468 0.162924 -0.504589 0.378405 0.0251732 -0.925298
0.220894 0.204325 -0.176067 -0.538807 -0.142786 0.83024
-0.165779 0.0669706 -0.186736 0.50761 -0.841558 0.184695
-0.0958539 0.146527 -0.422494 -0.50761 0.841558 -0.184695
-0.0470121 -0.142098 -0.295977 -0.378405 -0.025173 0.925298
0.28696 0.422546 -0.216935 -0.50761 0.841558 -0.184695
-0.285728 0.138687 0.0636299 -0.50761 0.841558 -0.184695
-0.494644 -0.0657692 0.120807 0.307145 -0.933417 0.185459
-0.185956 -0.179773 -0.261332 -0.774042 -0.53958 -0.331228
-0.129738 0.154164 -0.294569 -0.50761 0.841558 -0.184695
-0.238489 -0.0982352 -0.0449647 0.774043 0.539578 0.331229
-0.129738 0.277852 0.26901 -0.50761 0.841558 -0.184695
0.272798 -0.0408517 -0.24349 0.378405 0.0251739 -0.925298
-0.0908654 0.134963 -0.0828234 0.50761 -0.841558 0.184695
-0.0106946 0.391637 0.460295 -0.50761 0.841558 -0.184695
-0.495542 -0.0284465 0.28481 0.50761 -0.841558 0.184695
0.38589 -0.0193135 0.114208 0.894204 0.248361 0.372446
0.316674 0.477272 -0.00798642 0.774043 0.53958 0.331228
0.07867 -0.160719 0.372326 0.137188 -0.653665 0.744245
0.00787237 0.0312 0.276953 0.378405 0.025173 -0.925298
0.339833 0.199149 -0.1788 0.843021 0.440864 -0.308147
-0.304613 -0.00927878 -0.558674 -0.50761 0.841558 -0.184695
0.259314 0.123764 -0.163471 -0.378405 -0.025173 0.925298
-0.422951 0.0863365 0.202233 -0.50761 0.841558 -0.184695
0.135599 0.284443 -0.024126 0.50761 -0.841558 0.184695
-0.154988 0.099819 -0.472797 -0.50761 0.841558 -0.184694
0.336938 0.0167292 0.174107 0.774043 0.53958 0.331228
-0.137859 -0.0324012 0.216183 0.92166 -0.102844 0.374119
-0.480011 -0.0504904 -0.264393 -0.50761 0.841558 -0.184695
-0.265292 0.00279781 -0.611715 -0.50761 0.841558 -0.184695
0.204964 0.439826 0.0871565 -0.50761 0.841558 -0.184695
-0.0278535 -0.056537 0.290058 -0.898586 0.249901 -0.360682
-0.131332 0.223721 0.43282 0.50761 -0.841558 0.184695
-0.205298 0.24214 0.313957 -0.50761 0.841558 -0.184695
-0.0650338 0.247287 -0.0480878 -0.50761 0.841558 -0.184695
-0.326781 0.0381045 0.140283 0.378405 0.025173 -0.925298
-0.368827 0.00673248 0.0968424 0.507599 -0.841563 0.184702
-0.079611 0.172609 -0.348295 -0.50761 0.841558 -0.184695
-0.198198 -0.270661 0.171195 0.821523 0.408147 -0.39814
0.0398676 0.248229 0.0739716 0.50761 -0.841558 0.184695
-0.46908 0.0199055 0.0263214 -0.50761 0.841558 -0.184695
-0.212282 -0.163633 -0.0207538 0.460802 -0.121345 -0.879168
-0.0746345 -0.280973 -0.130189 0.774042 0.53958 0.331228
0.294186 0.372618 -0.0582148 0.50761 -0.841558 0.184695
-0.0574131 -0.351285 -0.100851 0.777724 -0.55072 0.303072
-0.208055 0.0762439 0.189874 0.378405 0.025173 -0.925298
0.186644 -0.0887167 0.415302 0.226402 -0.724454 0.651082
0.00825401 0.0787796 -0.267366 -0.378405 -0.0251729 0.925298
0.179421 0.0377444 -0.198483 -0.378405 -0.025173 0.925298
0.0929577 0.135988 0.299177 -0.377408 -0.409889 -0.830394
-0.0304271 0.184776 -0.42803 -0.50761 0.841558 -0.184694
0.071778 0.25048 -0.00347503 0.50761 -0.841558 0.184695
0.172844 0.204675 0.251407 0.774042 0.53958 0.331228
-0.265781 0.218378 0.437615 -0.378405 -0.0251728 0.925298
-0.189626 -0.380361 0.140677 0.409038 -0.901281 0.142758
0.418678 0.0112769 -0.00802964 0.774043 0.53958 0.331228
-0.655755 -0.0775568 0.206416 -0.856398 -0.469332 0.215199
-0.0475077 0.00578601 -0.373211 0.378405 0.0251729 -0.925298
-0.420122 -0.0839593 -0.175417 0.50761 -0.841558 0.184695
0.00395013 -0.148475 0.351516 -0.378405 -0.0251731 0.925298
-0.21568 0.0959738 0.0825625 0.50761 -0.841558 0.184695
-0.559149 -0.0199657 0.0921912 -0.50761 0.841558 -0.184695
-0.383595 0.079197 0.061536 -0.50761 0.841558 -0.184695
-0.153159 -0.324372 0.124012 0.774042 0.53958 0.331228
0.196894 -0.0453827 -0.193599 -0.378405 -0.0251714 0.925298
0.121993 -0.201859 -0.309542 0.378405 0.025173 -0.925298
0.368509 -0.0168326 -0.203695 0.378405 0.025173 -0.925298
-0.606739 -0.0302543 0.176107 -0.50761 0.841558 -0.184695
0.323663 0.00408752 -0.000707717 -0.774042 -0.539582 -0.331225
-0.156727 0.115305 -0.397456 -0.50761 0.841558 -0.184695
-0.294691 0.163838 0.202863 -0.50761 0.841558 -0.184695
-0.149419 0.283108 0.347051 -0.50761 0.841558 -0.184695
0.148319 0.28636 -0.456429 -0.50761 0.841558 -0.184695
-0.423418 -0.00494488 -0.212406 -0.50761 0.841558 -0.184695
-0.123178 0.180503 0.213488 0.50761 -0.841558 0.184695
-0.285055 -0.279389 0.132529 -0.774042 -0.53958 -0.331228
-0.343888 0.083847 0.379672 0.50761 -0.841558 0.184695
-0.261416 -0.222022 -0.0161647 -0.774042 -0.53958 -0.331228
-0.222667 0.198441 0.162578 -0.50761 0.841558 -0.184695
-0.206189 0.0550042 -0.1302 0.50761 -0.841558 0.184695
-0.435389 0.0639512 0.364052 -0.378405 -0.0251734 0.925298
0.0792724 -0.00905577 -0.311114 0.908543 -0.201339 0.366076
0.185174 0.0512915 0.246029 -0.774042 -0.53958 -0.331228
0.142992 0.331343 0.225926 0.823189 -0.466271 0.323962
-0.208992 -0.0317884 -0.517966 0.50761 -0.841558 0.184695
0.220456 0.41096 0.319127 0.50761 -0.841558 0.184695
-0.00629116 -0.0524817 -0.357941 0.378405 0.0251688 -0.925298
0.177505 0.343306 0.157629 0.752172 -0.590973 0.291527
0.292978 0.106188 -0.095325 -0.774042 -0.53958 -0.331228
0.0620242 0.330994 -0.0158814 -0.50761 0.841558 -0.184695
0.113526 0.0274885 0.401115 -0.378405 -0.0251731 0.925298
-0.186631 -0.036561 -0.601167 0.50761 -0.841558 0.184695
-0.39013 -0.113794 0.108318 -0.774042 -0.53958 -0.331228
0.218394 0.473414 0.227968 0.774043 0.53958 0.331228
-0.206406 0.0464245 -0.574772 -0.50761 0.841558 -0.184695
0.0181833 0.270678 0.235857 0.50761 -0.841558 0.184695
0.293064 0.312163 -0.21892 0.934144 -0.327936 -0.140829
0.278398 0.433461 -0.143671 -0.50761 0.841558 -0.184695
0.201213 -0.162823 -0.276083 0.378405 0.025173 -0.925298
-0.0222201 0.206423 -0.351951 -0.50761 0.841558 -0.184695
0.101163 0.417086 0.268823 -0.50761 0.841558 -0.184695
-0.0357623 0.176502 -0.0449933 0.50761 -0.841558 0.184695
-0.458209 -0.12091 -0.239104 0.50761 -0.841558 0.184695
0.0315529 -0.107778 -0.343969 0.378405 0.0251731 -0.925298
0.167105 0.39226 -0.0255276 -0.50761 0.841558 -0.184695
0.394646 0.483421 -0.200215 0.774043 0.53958 0.331228
0.105852 0.284911 -0.346316 -0.50761 0.841558 -0.184695
0.284945 -0.163016 -0.237987 0.591267 -0.428964 -0.68293
-0.106731 0.145983 0.010994 0.50761 -0.841558 0.184695
-0.161556 0.143658 0.151081 0.50761 -0.841558 0.184695
-0.211043 -0.0627261 0.184872 0.378405 0.025173 -0.925298
-0.336137 -0.113213 -0.53953 0.50761 -0.841558 0.184695
-0.290008 -0.0741256 -0.48821 0.507611 -0.841558 0.184694
-0.00306336 -0.238144 -0.361672 0.378405 0.0251731 -0.925298
0.187624 0.221463 -0.457612 0.378405 0.0251732 -0.925298
0.197766 -0.233288 -0.262198 0.609786 -0.776101 -0.160712
-0.177469 0.117124 -0.332162 -0.50761 0.841558 -0.184695
-0.298003 0.0666333 0.264288 0.167368 -0.678928 0.714874
-0.537265 -0.0255384 0.0066534 -0.50761 0.841558 -0.184695
0.110378 -0.234404 -0.234123 -0.378405 -0.0251729 0.925298
-0.0448881 -0.273701 -0.21155 0.774042 0.53958 0.331228
-0.0585451 0.066628 -0.483017 0.50761 -0.841558 0.184695
-0.160687 0.0825495 -0.535821 -0.50761 0.841558 -0.184695
-0.10942 -0.15542 -0.253429 0.774042 0.53958 0.331228
-0.249748 0.0951821 -0.233488 -0.50761 0.841558 -0.184695
-0.0049705 0.173901 0.275583 0.378405 0.025173 -0.925298
0.257561 0.167032 -0.111676 -0.774042 -0.53958 -0.331228
-0.0330647 0.140867 -0.214776 0.50761 -0.841558 0.184695
0.270694 0.432401 0.17256 0.774042 0.53958 0.331228
0.314842 0.0832677 -0.222919 0.378405 0.025173 -0.925298
-0.126272 -0.203221 -0.136179 0.774042 0.53958 0.331228
0.151668 0.234686 0.0255737 -0.774042 -0.53958 -0.331228
-0.266746 0.0786558 0.144002 0.50761 -0.841558 0.184695
0.27287 0.00265022 0.120331 -0.774042 -0.53958 -0.331228
-0.0353938 0.376513 0.536135 -0.378405 -0.0251728 0.925298
0.105043 -0.0598372 0.39527 -0.378405 -0.0251757 0.925298
0.193609 0.240632 -0.383186 0.50761 -0.841558 0.184695
0.344199 0.37479 -0.185772 0.50761 -0.841558 0.184694
0.0342128 -0.184741 -0.344975 0.378405 0.0251731 -0.925298
-0.228753 -0.088523 0.257982 -0.378405 -0.0251731 0.925298
-0.267451 -0.1522 -0.0856055 0.614737 -0.765697 -0.189228
-0.116412 -0.346886 -0.151616 -0.774042 -0.53958 -0.331228
0.232019 0.403564 0.253645 0.50761 -0.841558 0.184695
0.0355962 -0.115035 0.284313 0.378405 0.025173 -0.925298
0.353259 -0.115131 -0.149594 0.363278 -0.806973 0.465643
-0.122545 -0.249263 -0.0698858 0.774042 0.53958 0.331228
-0.583975 -0.0644441 -0.0398704 -0.774042 -0.53958 -0.331228
-0.280302 -0.245517 0.066242 -0.774042 -0.53958 -0.331228
-0.0559192 0.142362 -0.145154 0.50761 -0.841558 0.184695
-0.29883 -0.0713049 0.0521749 0.774042 0.53958 0.331228
0.0991092 0.0388315 -0.234016 0.25691 -0.963212 0.0788601
0.337851 0.34605 -0.299278 0.507609 -0.841559 0.184693
0.310218 0.418078 0.103528 0.774042 0.53958 0.331228
-0.566213 -0.0334306 0.307902 -0.378405 -0.0251734 0.925298
0.0129775 0.0185005 -0.34813 0.378405 0.0251729 -0.925298
-0.147146 -0.24518 0.287094 -0.378405 -0.0251731 0.925298
0.248199 0.0597523 -0.250812 0.378405 0.025173 -0.925298
0.0528781 -0.0564853 -0.252797 -0.378405 -0.025173 0.925298
-0.192896 0.132922 -0.21778 -0.50761 0.841558 -0.184695
0.0420218 0.366557 0.201134 -0.50761 0.841558 -0.184695
-0.286054 0.0522787 0.0768807 0.50761 -0.841558 0.184695
-0.280105 -0.239964 0.230632 -0.538801 -0.142782 0.830245
0.149948 0.215915 -0.330725 0.623544 -0.740384 -0.251045
-0.0857432 0.272877 0.125429 -0.50761 0.841558 -0.184695
-0.251837 0.0352155 -0.500983 -0.50761 0.841558 -0.184695
-0.141171 -0.162914 0.21072 0.378405 0.025173 -0.925298
0.0242703 0.184014 -0.175759 0.50761 -0.841558 0.184695
-0.208928 0.144171 -0.122462 -0.50761 0.841558 -0.184695
-0.111569 0.249196 0.494579 0.50761 -0.841558 0.184695
-0.119193 -0.342292 0.0611757 0.925523 0.0056313 0.37865
0.199056 0.217257 0.169656 0.774042 0.53958 0.331228
-0.249192 0.0180587 -0.180353 0.50761 -0.841558 0.184695
-0.185241 -0.320745 -0.0333539 -0.774042 -0.53958 -0.331228
-0.278445 -0.135982 0.143643 0.807792 0.390293 -0.441751
-0.0664312 0.216522 -0.184427 -0.50761 0.841558 -0.184695
-0.196718 0.244656 0.466574 -0.378405 -0.0251728 0.925298
-0.512304 -0.121092 -0.0912624 0.50761 -0.841558 0.184695
0.0581696 -0.018676 0.296166 0.378405 0.025173 -0.925298
0.361805 0.155611 -0.110246 0.774042 0.53958 0.331228
0.25219 0.0302132 -0.168929 -0.378405 -0.025173 0.925298
0.134769 -0.132538 -0.302431 0.378402 0.0251746 -0.925299
-0.138729 0.0154387 -0.495885 0.507611 -0.841558 0.184694
0.440564 0.407902 -0.299746 0.50761 -0.841558 0.184696
-0.159846 -0.100953 0.285824 -0.378405 -0.0251731 0.925298
-0.306535 -0.0625196 -0.208333 -0.382382 -0.906098 -0.181028
0.322921 -0.0116705 0.253126 0.774043 0.53958 0.331228
-0.342428 -0.180433 0.1054 -0.774042 -0.53958 -0.331228
-0.0703295 -0.137208 0.321446 -0.378405 -0.0251731 0.925298
0.164328 0.286366 -0.0943252 0.50761 -0.841558 0.184695
-0.0780252 0.121892 0.244292 0.378405 0.025173 -0.925298
-0.377748 -0.0565843 -0.534602 -0.774043 -0.53958 -0.331228
-0.0318127 -0.371712 -0.274113 0.0147234 -0.999667 -0.0211751
0.250666 -0.0254358 0.414746 0.499277 0.43628 0.748586
-0.113281 0.0715721 0.30956 -0.378405 -0.0251733 0.925298
0.0551824 0.130646 -0.246764 -0.378405 -0.0251729 0.925298
-0.00727887 -0.250547 -0.277795 0.0522763 0.244054 0.968352
-0.0554052 -0.373256 -0.207303 0.150414 -0.988016 0.0346332
-0.172901 0.190835 -0.00885344 -0.50761 0.841558 -0.184695
0.0716032 0.197586 0.272163 -0.721902 -0.532441 -0.442001
-0.515469 -0.0571383 0.208843 0.50761 -0.841558 0.184695
0.142478 0.405683 0.10332 -0.50761 0.841558 -0.184695
-0.144942 -0.147245 -0.183734 0.774042 0.53958 0.331228
-0.319245 -0.172876 0.0389143 -0.774042 -0.53958 -0.331228
-0.189989 -0.24915 0.0875401 0.774042 0.53958 0.331228
0.0932223 0.144859 -0.320601 0.566228 -0.35589 -0.743457
-0.204249 0.162631 0.35498 0.49817 -0.841922 0.207349
-0.0246095 0.201123 0.0365378 0.50761 -0.841558 0.184695
-0.422678 -0.0279047 -0.319055 -0.50761 0.841558 -0.184695
-0.328066 0.18524 0.411242 -0.378405 -0.0251728 0.925298
0.196062 0.45181 0.166227 -0.50761 0.841558 -0.184695
-0.0879292 -0.216784 0.312083 -0.378405 -0.0251731 0.925298
0.162986 0.353707 -0.189871 -0.50761 0.841558 -0.184695
-0.00841994 -0.22717 0.266047 0.56622 -0.355867 -0.743474
0.248757 0.367724 -0.361732 -0.50761 0.841558 -0.184694
0.0220232 0.325695 0.475984 0.507611 -0.841557 0.184694
0.310013 0.0650544 -0.141767 -0.631632 -0.217686 0.744079
0.266459 0.173848 0.0553246 -0.0109269 -0.511693 0.859099
0.383195 0.449039 -0.36071 -0.507608 0.841559 -0.184696
-0.489655 0.00487679 0.340253 -0.378405 -0.0251734 0.925298
-0.0670841 -0.290473 -0.340274 -0.554291 -0.483088 -0.677782
0.116234 -0.159911 -0.229701 -0.378405 -0.0251729 0.925298
0.248704 -0.0596726 0.278887 -0.706087 -0.638535 -0.306129
0.380582 0.38283 -0.249132 0.50761 -0.841558 0.184696
-0.026924 0.330544 0.226532 -0.50761 0.841558 -0.184695
0.160084 0.172591 0.107062 -0.774043 -0.539579 -0.331229
-0.0514237 0.304835 0.52763 -0.378405 -0.0251728 0.925298
-0.158814 -0.308651 -0.114814 -0.774042 -0.53958 -0.331228
-0.148657 -0.378624 -0.00212643 -0.166113 -0.981555 -0.0946363
-0.552867 -0.120473 -0.0212926 -0.774043 -0.53958 -0.331228
0.124483 0.252009 -0.141359 0.50761 -0.841558 0.184695
-0.104924 -0.220369 0.223981 0.3784 0.0251759 -0.9253
0.329976 -0.0058179 -0.138098 -0.378405 -0.025173 0.925298
0.219475 0.184159 -0.0505741 -0.774042 -0.53958 -0.331228
-0.370023 -0.00613043 -0.364557 -0.50761 0.841558 -0.184695
-0.441891 0.0172043 -0.0607127 -0.50761 0.841558 -0.184695
-0.28621 0.0355757 -0.404874 -0.50761 0.841558 -0.184695
0.350404 0.338454 -0.38786 0.378405 0.0251732 -0.925298
-0.240787 -0.0703303 -0.606196 0.50761 -0.841558 0.184695
-0.137676 0.0833376 0.218849 0.378405 0.025173 -0.925298
0.0941081 0.315248 -0.175807 -0.50761 0.841558 -0.184695
-0.0696407 -0.280487 0.266951 0.50761 -0.841558 0.184695
0.223637 0.418533 -0.0611846 -0.50761 0.841558 -0.184695
-0.142891 0.0123219 0.294919 0.582157 -0.783652 0.216756
-0.122524 -0.250093 -0.295011 -0.774042 -0.53958 -0.331228
-0.0128696 0.320344 0.141428 -0.50761 0.841558 -0.184695
0.0401052 0.201355 0.374875 -0.240501 0.0674462 0.968303
0.0875789 0.224962 0.191183 -0.774042 -0.53958 -0.331228
-0.0423123 0.279541 0.442503 0.50761 -0.841558 0.184695
-0.0992517 -0.199786 -0.373152 -0.338947 -0.392132 -0.855189
-0.192274 0.229401 0.220118 -0.50761 0.841558 -0.184695
-0.600224 -0.127295 0.10049 -0.774043 -0.53958 -0.331228
-0.362905 -0.0861098 -0.34247 0.50761 -0.841558 0.184695
-0.221339 -0.31997 0.0497395 -0.774044 -0.539578 -0.331227
-0.155142 -0.327213 0.198348 0.785528 -0.03443 -0.617867
-0.511656 -0.0897336 -0.167673 -0.774042 -0.53958 -0.331228
0.0858576 0.217917 -0.190546 0.50761 -0.841558 0.184695
-0.307498 -0.0661618 0.143478 0.602107 0.193157 -0.774698
-0.445829 -0.055013 -0.378066 -0.774042 -0.53958 -0.331228
-0.162906 0.050833 -0.268164 0.50761 -0.841558 0.184695
0.0203569 0.221419 -0.40064 -0.50761 0.841558 -0.184694
-0.20919 0.0644368 0.270937 -0.313421 -0.128001 0.940948
0.151113 0.471113 0.388944 0.774043 0.53958 0.331228
-0.326473 -0.0554367 -0.606981 -0.486966 -0.457072 -0.744278
0.196917 0.253957 0.11487 0.774042 0.53958 0.331228
-0.542982 -0.0525139 -0.100546 -0.50761 0.841558 -0.184695
0.0539908 0.308672 -0.0955156 -0.50761 0.841558 -0.184695
0.225988 0.271266 -0.306857 0.609783 -0.776107 -0.160694
0.0935418 0.427462 0.337051 -0.50761 0.841558 -0.184695
0.104379 0.0743498 -0.309231 0.378405 0.0251729 -0.925298
0.0976892 0.354349 0.398589 0.50761 -0.841558 0.184695
0.402126 0.47609 -0.289482 -0.507609 0.841558 -0.184695
0.249456 0.4465 -0.004717 -0.50761 0.841558 -0.184695
-0.333861 -0.212821 0.174668 -0.856398 -0.469333 0.215193
-0.401173 0.0264202 -0.130629 -0.50761 0.841558 -0.184695
-0.089942 0.227544 0.371525 0.310717 -0.779562 0.543818
0.363174 0.485007 -0.141797 -0.50761 0.841558 -0.184695
-0.574888 -0.0992852 0.180107 0.507611 -0.841556 0.1847
0.0567548 0.268012 -0.288377 -0.50761 0.841558 -0.184695
-0.243204 -0.103105 -0.252444 -0.774043 -0.53958 -0.331228
-0.130409 0.0321903 -0.592822 0.378405 0.0251735 -0.925298
-0.257989 0.220515 0.360235 -0.50761 0.841558 -0.184695
-0.0246806 0.232909 0.181568 0.50761 -0.841558 0.184695
-0.236097 -0.202705 0.161849 0.774531 0.351813 -0.525671
-0.125814 -0.0169491 -0.324798 -0.378405 -0.025173 0.925298
-0.236971 -0.173356 0.0738603 0.774042 0.53958 0.331228
0.229656 -0.110547 -0.181974 -0.378405 -0.0251729 0.925298
-0.148658 -0.311815 0.280234 -0.0481362 -0.471488 0.880558
0.0206905 -0.0599278 0.360771 -0.378405 -0.0251713 0.925298
-0.264998 -0.0504387 -0.406774 0.139499 -0.988806 -0.0529433
0.247847 0.123632 0.208154 0.774042 0.53958 0.331228
-0.286649 0.0889326 -0.160546 -0.50761 0.841558 -0.184695
0.356806 -0.0597515 0.0374769 -0.382381 -0.906098 -0.181027
-0.322605 0.102371 -0.000496186 -0.50761 0.841558 -0.184695
-0.00196868 0.182879 -0.108814 0.50761 -0.841558 0.184695
-0.134142 0.235283 0.087152 -0.50761 0.841558 -0.184695
0.259823 0.477783 0.109336 -0.50761 0.841558 -0.184695
0.265906 0.228414 -0.00473921 0.77404 0.539583 0.331228
-0.0741809 0.192565 -0.272291 -0.50761 0.841558 -0.184695
-0.126948 -0.371562 -0.0828585 -0.575743 -0.776331 -0.256573
-0.0993144 -0.322112 -0.00549888 0.774042 0.53958 0.331228
-0.366074 -0.135293 0.1866 -0.755081 -0.331278 0.565781
0.154702 0.326318 -0.291901 -0.50761 0.841558 -0.184695
0.131458 -0.0909643 -0.221599 -0.378404 -0.0251737 0.925298
0.0911246 0.29284 0.330037 0.881464 -0.00026128 0.47225
-0.322557 -0.0841639 -0.100558 -0.675864 -0.675511 -0.294775
0.114851 0.183125 -0.428757 0.50761 -0.841558 0.184695
-0.152461 -0.266245 0.0276904 0.774044 0.539578 0.331227
0.168171 0.0661677 -0.283366 0.378411 0.0251687 -0.925295
0.411246 0.0883133 -0.126785 0.853674 0.520242 0.0242576
-0.0236721 -0.205804 0.33866 -0.378405 -0.0251731 0.925298
0.45456 0.00796581 -0.0864881 0.774042 0.53958 0.331228
0.270304 0.0505378 0.0483166 -0.774043 -0.539579 -0.331229
-0.0259617 0.254386 -0.123125 -0.50761 0.841558 -0.184695
-0.161211 -0.0944114 -0.231783 0.774042 0.53958 0.331228
0.168123 -0.106016 0.342588 0.579448 -0.392907 -0.714048
0.193649 0.163864 0.0428391 -0.774044 -0.539578 -0.331227
0.205085 0.139241 0.282657 0.774042 0.53958 0.331228
-0.0378264 0.00346501 0.338565 -0.378405 -0.0251731 0.925298
0.0435134 -0.202656 0.303694 0.600692 -0.791182 -0.114891
0.150644 0.455295 0.306932 -0.50761 0.841558 -0.184695
-0.266868 0.133996 -0.00958155 -0.50761 0.841558 -0.184695
0.0251261 0.124323 0.367598 -0.378405 -0.0251731 0.925298
-0.249125 -0.0434093 -0.109422 0.774042 0.53958 0.331228
-0.221543 0.172424 0.0409456 -0.50761 0.841558 -0.184695
0.20491 0.3381 0.0783173 0.82319 -0.466269 0.323962
0.383692 -0.0526906 -0.113554 -0.659619 -0.241677 0.711685
-0.116291 0.0634063 -0.318718 -0.378405 -0.0251729 0.925298
0.121502 0.148871 -0.219146 -0.378405 -0.0251729 0.925298
0.297404 -0.0395819 0.328338 0.876383 -0.331488 0.349383
-0.346106 0.158179 0.318384 -0.50761 0.841558 -0.184695
-0.0170487 0.229662 -0.260278 -0.50761 0.841558 -0.184695
0.0909668 0.36819 0.48013 0.507609 -0.841558 0.184695
-0.313035 0.036178 -0.328403 -0.50761 0.841558 -0.184695
-0.261453 0.122044 -0.0789239 -0.50761 0.841558 -0.184695
-0.21607 0.00534027 -0.266082 0.774042 0.53958 0.331228
0.134773 0.353502 -0.113266 -0.50761 0.841558 -0.184695
0.136809 0.0852388 0.300402 -0.672323 -0.520953 -0.525918
0.114431 0.373871 0.0354535 -0.50761 0.841558 -0.184695
-0.275264 0.0420482 0.000611159 0.50761 -0.841558 0.184695
0.0700498 0.367781 0.12968 -0.50761 0.841558 -0.184695
-0.333154 0.001385 0.0139719 0.774042 0.53958 0.331228
0.418381 -0.0627042 -0.183695 0.500079 -0.200183 -0.842525
-0.593239 -0.0918655 0.264349 0.507609 -0.841559 0.184692
-0.636313 -0.06831 0.0887353 -0.774042 -0.53958 -0.331228
-0.16729 -0.0553939 -0.410987 -0.0475611 -0.429668 -0.901734
0.0219633 -0.166998 -0.268446 -0.378405 -0.025173 0.925298
0.223413 0.387792 -0.200638 -0.50761 0.841558 -0.184695
-0.353538 -0.108489 0.0141654 -0.774043 -0.53958 -0.331228
0.318744 -0.0640661 0.141567 -0.210565 -0.971082 -0.11253
-0.258676 -0.00498954 0.166963 0.378405 0.0251726 -0.925298
0.207991 -0.00122512 0.27826 -0.774042 -0.53958 -0.331228
0.252832 0.269573 -0.41408 0.50761 -0.841558 0.184695
0.159268 0.443795 0.23083 -0.50761 0.841558 -0.184695
-0.000167516 -0.322806 -0.236586 0.830352 0.43252 0.351343
-0.407014 -0.0640046 -0.11078 0.325683 -0.939333 0.107635
-0.135035 0.0961921 -0.138085 0.50761 -0.841558 0.184695
-0.332942 -0.0795355 0.215618 -0.378405 -0.0251731 0.925298
0.0131011 0.195861 -0.497155 -0.50761 0.841558 -0.184695
-0.189688 -0.242931 -0.149725 -0.774043 -0.539578 -0.331229
-0.385649 0.0623461 -0.00959805 -0.50761 0.841558 -0.184695
-0.375775 -0.0317309 0.204556 -0.170364 -0.326358 0.929767
-0.205511 -0.0584813 -0.186791 0.77404 0.539582 0.331229
0.0757459 -0.287794 -0.330793 0.378405 0.025173 -0.925298
-0.374794 -0.0766543 -0.26671 0.50761 -0.841558 0.184695
-0.389041 -0.0324287 -0.432115 -0.50761 0.841558 -0.184695
-0.381256 -0.0657706 -0.0352315 -0.29792 -0.943128 -0.147494
0.052348 -0.279426 -0.259079 -0.378404 -0.0251733 0.925298
-0.291151 -0.0543207 -0.30265 -0.121218 -0.989674 -0.0764969
-0.162782 -0.168953 -0.333113 -0.774042 -0.53958 -0.331228
-0.0679615 -0.210063 -0.261298 0.774042 0.53958 0.331228
0.122887 0.461506 0.470397 0.764524 0.5388 0.353833
-0.634373 -0.028874 0.258347 -0.507615 0.841556 -0.18469
0.0136226 0.365953 0.276434 -0.50761 0.841558 -0.184695
0.190942 0.0279025 0.414366 0.219052 0.333378 0.916993
0.23522 0.325699 -0.0122754 0.88995 -0.284798 0.356201
-0.466691 -0.0142941 -0.136075 -0.50761 0.841558 -0.184695
-0.0197797 0.0757395 0.347912 -0.378405 -0.0251731 0.925298
-0.0336573 0.0833497 -0.399352 0.632903 -0.673549 -0.381793
-0.250084 -0.146906 -0.165013 -0.774038 -0.539585 -0.331229
0.286774 0.307548 -0.146764 0.925523 0.00563323 0.37865
0.0177504 0.382698 0.341387 -0.50761 0.841558 -0.184695
0.305021 0.418436 -0.2853 -0.50761 0.841558 -0.184694
0.0961768 0.160065 0.387296 0.0522816 0.244057 0.968351
0.207831 0.136067 0.157768 0.501742 -0.203693 -0.840693
-0.349259 0.0263078 -0.273821 -0.50761 0.841558 -0.184695
-0.419109 -0.114225 -0.316105 0.50761 -0.841558 0.184695
-0.0780573 -0.117682 -0.389056 0.359295 0.0119235 -0.933148
-0.37281 0.042521 0.273932 0.457472 -0.838311 0.296572
-0.0528924 0.180509 0.339139 -0.257995 -0.208944 0.943282
0.227119 0.0155218 0.206278 -0.774042 -0.539581 -0.331228
-0.221119 0.0668786 -0.441137 -0.50761 0.841558 -0.184695
-0.217982 -0.236654 0.258357 -0.378405 -0.0251731 0.925298
0.289926 0.0720485 0.193852 0.774043 0.539579 0.331227
-0.535555 -0.100746 0.0653462 0.50761 -0.841558 0.184695
0.168015 0.236594 -0.197738 -0.378404 -0.0251732 0.925298
0.126373 -0.281753 -0.27754 0.50761 -0.841558 0.184695
-0.112273 0.320272 0.414295 -0.50761 0.841558 -0.184695
0.0494311 0.419908 0.423862 -0.50761 0.841558 -0.184695
0.290384 -0.0676264 -0.155971 -0.378405 -0.0251682 0.925298
0.211919 -0.197516 -0.195352 -0.0790329 -0.436719 0.89612
-0.303 0.0975082 0.329542 0.50761 -0.841558 0.184695
0.15877 0.273595 0.177848 0.866453 0.342083 0.363646
-0.159223 0.122803 0.0496425 0.50761 -0.841558 0.184695
0.327553 0.380043 -0.116087 0.50761 -0.841558 0.184695
-0.213254 -0.0179992 0.266239 -0.378405 -0.0251743 0.925298
-0.127471 0.162876 0.320584 -0.0170916 -0.505158 0.862858
0.0326369 0.431477 0.522733 -0.50761 0.841558 -0.184694
0.0685756 0.0629603 0.302642 0.378405 0.025173 -0.925298
-0.39475 0.139257 0.365859 -0.50761 0.841558 -0.184695
0.0950847 -0.073594 -0.317057 0.378406 0.0251728 -0.925297
