ply
format ascii 1.0
comment Created by Open3D
element vertex 128
property double x
property double y
property double z
property double nx
property double ny
property double nz
end_header
0.00859028 0.191803 -0.469686 -0.0859737 0.498924 -0.862371
-0.147341 0.447781 0.200616 -0.447808 0.753862 0.480791
-0.165226 -0.249969 0.391637 -0.889988 -0.427509 -0.158612
0.321123 -0.395924 -0.0618287 -0.447808 0.753862 0.480791
0.0623172 0.00677076 -0.510947 0.255855 -0.180269 -0.949759
0.25706 -0.459711 -0.0797179 0.447808 -0.753862 -0.480791
-0.116714 0.333685 -0.320004 0.455882 -0.841641 -0.289504
0.0200903 -0.511256 0.05606 -0.889987 -0.427512 -0.15861
-0.187466 0.45804 0.147158 -0.447808 0.753862 0.480791
-0.161945 0.327509 0.31736 0.447808 -0.753862 -0.480791
0.0235989 0.377479 -0.331292 0.0859736 -0.498924 0.862371
-0.034129 0.527303 -0.0205391 0.889987 0.427511 0.15861
0.132685 -0.496924 0.036014 0.377437 -0.885855 0.26982
0.104112 -0.493033 -0.0150143 -0.37744 0.885854 -0.269818
-0.252813 0.259088 0.398244 -0.447808 0.753862 0.480791
-0.133324 0.0617702 -0.36283 0.889987 0.427512 0.158609
0.050364 -0.442571 -0.298942 -0.889987 -0.427512 -0.15861
0.160885 -0.365599 -0.316859 0.447808 -0.753862 -0.480791
0.180329 -0.248249 -0.400772 0.113693 -0.544901 0.830757
-0.0333545 -0.299896 -0.213746 -0.889987 -0.427511 -0.15861
-0.00732166 -0.213597 -0.48788 0.255855 -0.180268 -0.949759
0.327991 -0.20819 -0.325988 0.0803128 -0.489366 0.868373
-0.30373 0.302739 -0.236965 0.198945 -0.677037 0.708549
-0.00989543 -0.303181 -0.336523 -0.889987 -0.427512 -0.15861
0.065379 -0.420133 -0.260687 -0.431851 0.678581 0.594166
-0.0969912 0.100909 0.451688 0.255855 -0.180269 -0.949759
-0.0716566 0.5101 -0.0781251 -0.377441 0.885854 -0.269818
-0.262017 0.422823 0.132941 -0.447808 0.753862 0.480791
-0.0381429 0.155086 -0.453802 0.0859737 -0.498924 0.862371
-0.168098 0.0949675 -0.508095 -0.0859735 0.498924 -0.862371
-0.0836623 -0.141157 -0.0945247 0.889987 0.427512 0.15861
0.142135 -0.462481 0.135878 0.377441 -0.885856 0.269811
-0.292296 0.274998 -0.310334 -0.889987 -0.427512 -0.15861
0.0997251 -0.0522934 -0.460179 -0.255855 0.180269 0.949759
0.0238833 -0.237777 -0.474884 0.255855 -0.180269 -0.949758
-0.380784 0.321621 0.0605244 -0.889986 -0.427513 -0.158613
-0.193381 0.259998 -0.410096 -0.0859737 0.498924 -0.862371
-0.101761 -0.13332 -0.0140915 0.889987 0.427512 0.15861
-0.33454 0.339757 0.137401 0.447808 -0.753862 -0.480791
0.202896 -0.36068 0.281336 -0.37744 0.885854 -0.269818
-0.328033 0.306693 0.195305 0.447808 -0.753862 -0.480791
0.285212 -0.409634 -0.0737799 -0.447808 0.753862 0.480791
0.0556298 -0.520611 0.0660369 0.37744 -0.885854 0.269818
-0.00645228 -0.391895 0.294889 -0.452678 0.870179 0.194603
-0.136098 -0.0834211 0.0440816 0.889987 0.427512 0.15861
0.202197 -0.316542 -0.355301 0.447808 -0.753862 -0.480791
0.065225 -0.33119 0.381685 0.0859737 -0.498924 0.862371
-0.220339 0.220054 -0.301204 0.889987 0.427511 0.158611
0.159841 -0.267675 0.376531 -0.0859737 0.498924 -0.862371
-0.136828 0.443921 -0.204237 -0.377441 0.885854 -0.269818
0.0135604 -0.302136 -0.211425 0.439273 -0.897138 -0.0467226
-0.291807 0.205002 0.108315 -0.35574 0.433367 0.828035
-0.204959 -0.0661095 0.454303 0.255855 -0.180269 -0.949759
0.0627143 -0.517251 -0.166953 -0.889987 -0.427512 -0.15861
-0.176629 0.0810316 -0.430188 -0.382376 0.510208 0.770374
-0.142129 0.207432 -0.445618 -0.0859737 0.498924 -0.862371
-0.0506697 0.334885 0.418462 0.454619 -0.80499 -0.381198
-0.0567984 -0.449468 0.32542 0.0859737 -0.498924 0.862371
-0.186141 0.222505 -0.43251 -0.0859737 0.498924 -0.862371
-0.0857753 0.156063 0.473721 -0.255855 0.180269 0.949759
-0.342317 0.350537 0.0315376 0.889987 0.427512 0.15861
-0.268843 0.362958 0.220448 -0.447808 0.753863 0.480791
-0.352087 0.29927 0.242777 -0.447808 0.753863 0.480791
-0.257369 -0.0818143 0.455427 -0.889987 -0.427512 -0.15861
-0.109533 0.0347673 0.490344 -0.255855 0.180269 0.949759
-0.0351154 -0.264311 0.397913 -0.0859737 0.498924 -0.862371
-0.298173 0.135879 0.184814 0.357265 -0.869905 0.340039
0.0832388 0.330649 -0.396799 -0.0859735 0.498924 -0.862371
0.0437523 0.0991479 0.489937 0.255855 -0.180269 -0.949759
-0.34052 0.270355 0.237573 0.88999 0.427506 0.158606
0.147512 -0.404822 0.317659 0.377441 -0.885854 0.269818
-0.354901 0.197935 0.248673 -0.889987 -0.427511 -0.15861
0.293542 -0.202341 -0.3255 -0.142959 -0.0687016 0.987341
0.0211426 -0.324345 -0.453639 -0.889987 -0.427512 -0.15861
0.202773 -0.468557 0.0311044 0.377441 -0.885854 0.269818
-0.106181 0.353222 -0.364855 -0.0859737 0.498924 -0.862371
0.174214 -0.452911 -0.167542 0.447808 -0.753862 -0.480791
-0.259401 0.335382 -0.28535 0.377441 -0.885854 0.269818
-0.135589 0.352304 -0.310325 -0.444827 0.890472 0.095852
0.311534 -0.120462 -0.390181 -0.255855 0.180269 0.949759
0.304762 -0.0556418 -0.433789 0.255855 -0.180269 -0.949759
-0.389664 0.329767 0.0883939 -0.889986 -0.427513 -0.158612
-0.249331 -0.100022 0.4594 -0.889987 -0.427512 -0.15861
-0.0956028 0.280976 0.403888 -0.416136 0.903699 -0.100793
-0.169788 -0.105077 0.0266965 -0.889987 -0.427512 -0.15861
0.0610573 -0.473593 0.212812 0.37744 -0.885854 0.269818
0.0589695 0.318792 -0.368771 0.0859736 -0.498924 0.862371
0.159698 -0.146554 0.446619 -0.0859737 0.498924 -0.862371
-0.140004 -0.042151 0.496734 -0.255855 0.180269 0.949758
-0.0733305 -0.226872 -0.0990821 0.135572 -0.580192 0.803117
0.0480336 -0.123038 0.503825 0.0859736 -0.498924 0.862371
-0.191691 0.129363 0.450256 -0.255855 0.180269 0.949759
-0.3213 0.207974 0.297868 0.889985 0.427516 0.15861
0.041041 -0.369995 0.281553 -0.372054 0.881925 -0.289455
0.0137413 0.374679 -0.364397 -0.0859737 0.498924 -0.862371
-0.0698183 0.0206725 -0.549182 0.255855 -0.180269 -0.949758
-0.188271 0.0276212 0.0375349 0.889987 0.427512 0.15861
0.0561356 0.292903 -0.415934 -0.0859735 0.498924 -0.862371
-0.122439 -0.237464 0.189155 0.382376 -0.510211 -0.770372
-0.361404 0.173556 0.350869 -0.889986 -0.427513 -0.158609
-0.200898 0.209221 -0.438724 -0.0859737 0.498924 -0.862371
0.125514 -0.454742 -0.210031 0.447808 -0.753862 -0.480791
-0.103913 -0.269257 0.40191 -0.0859737 0.498924 -0.862371
-0.0146999 -0.312509 -0.284422 -0.889987 -0.427511 -0.15861
-0.0109953 -0.292217 -0.359905 -0.889987 -0.427512 -0.158609
0.0724901 -0.129283 0.465306 -0.0859737 0.498924 -0.862371
0.314676 -0.356722 -0.129301 -0.447808 0.753862 0.480791
-0.0482197 -0.341485 0.24656 0.889987 0.427512 0.158609
0.046911 -0.422588 -0.333429 -0.889987 -0.427512 -0.15861
0.0348858 -0.417471 0.274357 -0.133246 -0.08883 0.987094
-0.248253 -0.051094 0.469271 -0.255855 0.180268 0.949759
0.0462389 -0.0281715 -0.479166 -0.255855 0.180269 0.949759
-0.291356 0.157152 0.365533 0.430622 -0.902391 0.0159844
-0.141956 0.384471 0.246663 0.447808 -0.753862 -0.480791
0.246724 -0.469261 -0.0743701 0.447808 -0.753862 -0.480791
0.0243757 -0.464562 0.170952 0.889987 0.427512 0.15861
-0.0670292 0.522071 0.0584764 0.37744 -0.885854 0.269818
-0.154501 0.343459 -0.315201 -0.452596 0.870545 0.193155
-0.301474 0.25824 0.35425 -0.447808 0.753862 0.480791
-0.00592533 -0.0754899 0.504245 -0.0859737 0.498924 -0.862371
-0.122343 -0.161367 0.498635 0.0859736 -0.498924 0.862371
0.0543063 0.0499808 -0.521307 0.255855 -0.180269 -0.949758
-0.323274 0.114632 0.324575 0.452293 -0.783478 -0.426137
-0.326212 0.336436 -0.180718 0.327277 -0.841091 0.430646
-0.0595942 0.204146 -0.455748 -0.0859735 0.498924 -0.862371
0.0610288 0.0661223 0.500859 0.255855 -0.180269 -0.949759
-0.155705 0.474306 0.151235 -0.447808 0.753862 0.480791
0.280823 -0.268293 0.356636 0.889987 0.427513 0.158609
