ply
format ascii 1.0
comment Created by Open3D
element vertex 128
property double x
property double y
property double z
property double nx
property double ny
property double nz
end_header
-0.0895573 -0.0627885 -0.537474 -0.889987 -0.427512 -0.15861
0.216282 -0.0491494 -0.429376 -0.255855 0.180269 0.949759
-0.0708058 0.104041 0.487628 -0.255855 0.180269 0.949759
0.32215 -0.257227 -0.278344 -0.447808 0.753862 0.48079
0.0436874 0.0794522 0.523138 -0.255855 0.180269 0.949759
-0.117043 -0.316088 0.408593 0.0859737 -0.498924 0.862371
-0.176629 -0.0804366 0.0355292 -0.444825 0.890476 0.0958291
-0.247734 0.210531 0.366805 -0.438614 0.707524 0.554101
-0.0430517 -0.181614 0.479016 0.0859737 -0.498924 0.862371
-0.154591 0.022212 -0.401665 -0.889986 -0.427513 -0.158609
0.25101 -0.263953 -0.392295 0.447808 -0.753862 -0.480791
0.16923 -0.104385 0.502534 0.0859736 -0.498924 0.862371
0.0342726 -0.370978 -0.136826 0.889987 0.427512 0.15861
0.284788 -0.323937 0.363992 0.0859737 -0.498924 0.862371
-0.0806166 -0.271535 0.221986 0.292165 -0.267575 -0.918174
-0.233807 0.0665061 0.0858165 0.0691695 -0.470387 0.879745
0.381445 -0.285345 -0.17903 -0.447808 0.753862 0.480791
-0.155948 -0.279437 0.419004 -0.889987 -0.427512 -0.15861
-0.123355 0.280907 0.413217 0.0441792 0.265359 -0.963137
-0.132508 -0.155743 0.163594 -0.448845 0.760024 0.470002
-0.19896 0.107561 -0.260501 -0.34108 0.393287 0.853809
-0.181552 -0.19507 0.33527 -0.889987 -0.427511 -0.15861
0.245854 -0.0501473 -0.450701 0.255855 -0.180269 -0.949759
-0.245528 0.193059 0.344028 0.408914 -0.594354 -0.692483
-0.154791 0.477627 0.0353265 0.37744 -0.885854 0.269818
-0.0204653 -0.496012 0.242536 -0.889987 -0.427512 -0.15861
0.0493956 -0.0663924 0.536461 0.0859736 -0.498924 0.862371
-0.214177 -0.185529 0.492617 -0.889987 -0.427512 -0.15861
0.00943044 0.289364 -0.380858 0.0859736 -0.498924 0.862371
-0.0685053 -0.254501 -0.138866 -0.889987 -0.427512 -0.15861
0.184118 -0.34723 -0.324021 0.447808 -0.753862 -0.480791
-0.394223 0.316129 0.150736 -0.889987 -0.427512 -0.15861
-0.179438 0.490769 0.0091783 -0.377441 0.885854 -0.269818
-0.356405 0.351708 -0.157366 -0.889987 -0.427512 -0.15861
0.0868384 -0.23547 0.434909 0.0859737 -0.498924 0.862371
-0.251297 0.404298 0.171971 -0.447808 0.753862 0.480791
-0.338664 0.159747 0.260493 -0.889987 -0.427511 -0.15861
0.0133497 -0.501096 0.0830415 -0.395505 0.896848 -0.198089
0.0756678 -0.0647734 -0.464291 -0.255855 0.180269 0.949759
0.0189952 0.492791 -0.225604 0.889987 0.427512 0.15861
0.0115025 -0.19478 -0.486381 0.255855 -0.180269 -0.949759
0.310027 -0.145759 -0.385785 -0.255855 0.180269 0.949758
-0.0271184 0.161408 -0.451243 0.0859737 -0.498924 0.862371
-0.0797716 0.377298 -0.353558 -0.0859737 0.498924 -0.862371
0.00908914 0.497774 -0.231546 -0.377441 0.885854 -0.269818
0.259033 -0.433799 0.06652 0.377435 -0.885859 0.269807
0.19321 -0.388122 -0.193201 -0.447808 0.753862 0.480791
0.0891475 -0.0576684 -0.491488 0.255855 -0.180269 -0.949759
0.25923 -0.379172 0.245591 0.377441 -0.885854 0.269818
-0.20546 0.0300906 -0.019254 -0.311044 0.82353 -0.474394
0.125155 -0.486345 -0.160812 0.447808 -0.753862 -0.480791
0.381798 -0.363348 0.0462564 0.889987 0.427512 0.15861
0.122036 -0.451527 0.199957 0.377441 -0.885854 0.269818
-0.0769542 0.467439 -0.107005 0.37744 -0.885854 0.269818
0.0153124 -0.290845 -0.246424 0.889987 0.427512 0.158611
0.132957 -0.328917 0.290758 -0.312796 0.825483 -0.469826
0.00214426 -0.307337 -0.392879 -0.889987 -0.427512 -0.15861
-0.0572117 0.434093 0.306025 -0.447808 0.753862 0.480791
-0.186145 0.149637 -0.474667 -0.0859737 0.498924 -0.862371
-0.0399949 0.421301 0.298091 0.889987 0.427511 0.15861
0.00295188 -0.293544 0.377205 -0.0859736 0.498924 -0.862371
0.0315035 -0.181894 -0.453958 -0.255855 0.180269 0.949758
-0.117611 -0.185325 -0.0383993 0.311044 -0.823529 0.474396
-0.0547369 0.514652 0.129195 0.889987 0.427511 0.15861
0.303789 -0.371421 -0.116394 -0.447808 0.753862 0.480791
0.0656214 -0.409597 -0.270339 -0.394283 0.546774 0.738633
0.058697 0.416521 -0.344671 -0.0859737 0.498924 -0.862371
-0.192665 0.0192807 -0.180127 -0.889987 -0.427512 -0.158609
-0.224155 0.289223 -0.357652 0.0859736 -0.498924 0.862371
-0.240686 0.375252 0.169161 0.447808 -0.753862 -0.480791
0.203724 0.198674 -0.469396 0.889987 0.427512 0.15861
-0.282714 0.192514 0.12192 -0.415129 0.615735 0.66973
0.110004 0.0885406 -0.484141 -0.255855 0.180269 0.949759
-0.193233 0.402063 -0.262758 -0.377441 0.885854 -0.269818
-0.173723 0.107733 0.429722 0.255855 -0.180269 -0.949759
-0.357473 0.149559 0.393493 -0.889987 -0.427512 -0.158609
0.145142 0.2929 -0.394653 0.889987 0.427512 0.15861
-0.283204 0.0647157 0.398937 0.355742 -0.433371 -0.828032
-0.316941 0.304834 0.266787 -0.447808 0.753863 0.480791
-0.0241251 -0.415065 0.342067 0.0859737 -0.498924 0.862371
0.363942 -0.198438 -0.389835 0.447808 -0.753862 -0.480791
-0.313832 0.302559 0.273249 -0.447808 0.753863 0.480791
0.12217 -0.471918 0.0290497 -0.37744 0.885854 -0.269818
-0.0865328 -0.0797312 -0.508778 -0.889987 -0.427512 -0.15861
0.0563044 0.434481 -0.334041 -0.0859737 0.498924 -0.862371
-0.0265342 0.0773263 -0.532415 -0.0859737 0.498924 -0.862371
-0.0252847 -0.487179 0.245769 -0.889987 -0.427512 -0.15861
-0.158698 -0.176307 0.156459 -0.889987 -0.427512 -0.158609
-0.215553 0.411898 -0.0954766 0.37745 -0.885846 0.26983
-0.031908 0.347786 0.450864 0.889987 0.427512 0.15861
-0.139459 0.0269085 -0.383769 0.327277 -0.841092 0.430644
-0.318627 0.315744 -0.272412 -0.889987 -0.427511 -0.15861
0.350222 -0.341892 0.165603 0.889987 0.427512 0.15861
-0.355527 0.417962 0.0534661 -0.447808 0.753862 0.480791
0.253946 -0.432418 0.0781697 0.377434 -0.88586 0.269807
-0.145158 -0.0906665 -0.132809 0.274351 -0.224201 -0.935128
-0.150072 0.145777 -0.480497 -0.0859737 0.498924 -0.862371
-0.073956 -0.289013 0.249539 0.889987 0.427513 0.158609
-0.0457931 0.541135 0.0076271 0.889987 0.427511 0.15861
0.0647197 0.0942072 0.496523 0.255855 -0.180269 -0.949759
-0.203031 0.370999 -0.24727 0.377441 -0.885854 0.269818
0.238016 0.0793241 -0.447906 -0.255855 0.180269 0.949759
-0.117122 0.25933 -0.418085 -0.0859737 0.498924 -0.862371
-0.18573 0.358221 0.305287 -0.447808 0.753862 0.480791
-0.365985 0.32264 -0.0252633 -0.889987 -0.427511 -0.158611
0.166144 -0.193196 -0.445023 0.255855 -0.180269 -0.949759
0.212344 -0.231459 0.424717 0.0859737 -0.498924 0.862371
0.0387835 -0.422772 -0.287328 -0.889986 -0.427514 -0.15861
-0.0848674 0.349921 -0.316774 0.455804 -0.824246 -0.335948
0.155219 -0.397542 0.330777 0.377441 -0.885854 0.269818
-0.242338 -0.116573 0.464776 -0.889987 -0.427512 -0.15861
0.118249 -0.326734 -0.417509 0.447808 -0.753862 -0.480791
0.167278 -0.0795279 0.484964 0.889987 0.427512 0.15861
0.139959 -0.426932 0.151862 -0.377428 0.885866 -0.269797
-0.180792 -0.0913959 0.0515665 -0.889987 -0.427512 -0.158609
0.0744603 -0.551249 -0.0608933 0.37744 -0.885854 0.269818
-0.107475 0.482005 -0.120262 -0.377441 0.885854 -0.269818
-0.352004 0.406581 0.074594 -0.447808 0.753862 0.480791
-0.225146 0.411644 -0.0828888 0.37744 -0.885854 0.269818
-0.00825528 -0.047426 0.533227 -0.255855 0.180269 0.949758
-0.136686 -0.033628 0.496011 -0.255855 0.180268 0.949759
0.00445405 0.218844 0.456631 0.255855 -0.180269 -0.949759
0.236944 -0.480378 -0.0555082 0.377441 -0.885854 0.269818
0.214898 -0.455327 -0.0676259 -0.447808 0.753862 0.480791
-0.133906 -0.0572739 0.501248 -0.255855 0.180269 0.949758
-0.140222 0.445957 0.210108 -0.447808 0.753862 0.480791
-0.242679 0.286291 -0.38997 -0.0859737 0.498924 -0.862371
0.210848 -0.406222 -0.20663 0.447808 -0.753862 -0.480791
