ply
format ascii 1.0
comment Created by Open3D
element vertex 2096
property double x
property double y
property double z
property double nx
property double ny
property double nz
end_header
-0.111266 -0.2755 0.12755 -0.868911 -0.493825 0.0336221
-0.0903957 0.0802353 -0.444814 -0.868911 -0.493825 0.033622
0.0216508 -0.0678165 -0.357316 0.868911 0.493825 -0.0336221
-0.0754823 0.393915 -0.268891 -0.415272 0.764283 0.493376
0.189695 -0.0268644 0.503662 0.269339 -0.414738 0.869166
-0.282501 0.0321622 0.221031 -0.868911 -0.493825 0.0336221
-0.226265 -0.0775076 0.0635883 -0.868911 -0.493825 0.0336221
-0.0337364 0.0748214 0.306283 0.868911 0.493825 -0.0336227
0.0683755 0.0664182 -0.46364 0.415272 -0.764283 -0.493376
0.0988499 -0.177831 0.0219382 0.868911 0.493825 -0.0336221
-0.171677 0.265566 0.116155 -0.415272 0.764284 0.493376
0.0697395 -0.107508 0.302485 0.868911 0.493825 -0.0336221
-0.0246163 0.42109 -0.312739 0.868911 0.493825 -0.033622
0.216407 -0.17549 0.263606 -0.269338 0.414738 -0.869166
0.167321 -0.338103 0.282419 0.269339 -0.414738 0.869166
-0.244804 0.204221 0.149633 -0.415272 0.764284 0.493376
-0.0532209 -0.374982 0.166479 -0.868911 -0.493825 0.0336221
0.0712977 -0.121311 0.140024 0.868911 0.493825 -0.0336221
0.0827472 0.218981 -0.496416 -0.269339 0.414738 -0.869166
0.0510679 0.0465217 -0.447387 0.415272 -0.764283 -0.493376
0.185019 -0.104559 0.468038 0.269339 -0.414738 0.869166
0.181907 0.186902 0.39679 0.868909 0.493828 -0.0336214
0.113294 -0.324907 0.305457 0.269339 -0.414738 0.869166
0.117113 -0.221019 -0.140415 0.868911 0.493825 -0.0336222
-0.124762 -0.251206 0.135589 -0.868911 -0.493825 0.0336221
-0.0959293 -0.322157 -0.161379 -0.868911 -0.493825 0.0336221
0.00719401 -0.00553674 0.183804 0.868911 0.493825 -0.0336221
0.199256 0.00456782 0.354839 -0.269338 0.414738 -0.869166
0.0789968 0.0661192 0.383536 0.335968 -0.638308 -0.692596
0.049221 -0.153589 -0.270937 -0.868911 -0.493825 0.0336221
0.28996 -0.102435 0.275673 -0.269338 0.414738 -0.869166
0.179071 -0.453884 0.168338 0.415272 -0.764283 -0.493376
-0.278508 0.022625 0.184144 -0.868911 -0.493825 0.0336221
-0.209421 -0.115684 -0.0618309 -0.868911 -0.493825 0.0336221
0.00730654 -0.438095 0.284292 0.269338 -0.414738 0.869166
0.177796 -0.06052 0.330431 -0.269338 0.414738 -0.869166
-0.083806 -0.339264 -0.0993334 -0.868911 -0.493825 0.0336221
0.336959 -0.167533 0.386211 0.868911 0.493825 -0.0336221
-0.197252 0.274694 -0.350243 -0.868907 -0.493831 0.0336331
-0.0260978 -0.0239147 -0.312839 -0.868911 -0.493825 0.0336221
-0.246278 -0.0138607 0.481193 -0.868911 -0.493825 0.0336221
0.191194 -0.121745 0.297065 -0.269338 0.414738 -0.869166
-0.0210992 -0.0374692 -0.38274 -0.868911 -0.493825 0.0336221
-0.113385 0.204138 0.147222 0.868906 0.493835 -0.0336159
0.144846 -0.175216 0.285912 -0.269338 0.414738 -0.869166
-0.173915 -0.17258 0.0201033 -0.868911 -0.493825 0.0336221
-0.137469 -0.226088 0.176094 -0.868911 -0.493825 0.0336221
0.231579 -0.229424 0.233169 -0.269338 0.414738 -0.869166
-0.242819 -0.048425 0.0629379 -0.868911 -0.493825 0.0336221
0.0435243 0.154468 0.477 -0.317431 0.608079 0.727652
0.150778 -0.130717 0.305308 -0.269338 0.414738 -0.869166
0.023342 0.148721 0.386306 -0.402435 0.665291 -0.628836
-0.128806 -0.0693424 -0.110371 -0.269338 0.414738 -0.869166
0.0908179 0.0781508 -0.405256 0.269339 -0.414738 0.869166
-0.0438802 0.0623723 -0.138714 0.868911 0.493825 -0.0336221
-0.0849997 -0.342111 -0.172 -0.868911 -0.493825 0.0336221
0.156486 -0.301003 0.336027 -0.868911 -0.493825 0.0336217
0.033622 -0.440745 0.0255604 0.415272 -0.764283 -0.493376
0.0103272 0.0131917 -0.41131 0.269339 -0.414738 0.869166
-0.0488721 -0.379012 0.219677 -0.868911 -0.493825 0.0336221
-0.199329 -0.104094 0.369209 -0.868911 -0.493825 0.0336221
-0.0925426 -0.148178 -0.159226 -0.269338 0.414738 -0.869166
-0.0759601 0.423743 -0.315499 -0.415272 0.764283 0.493376
0.149344 -0.205343 0.270143 -0.269338 0.414738 -0.869166
-0.11894 0.200592 -0.0484285 0.868911 0.493825 -0.0336221
-0.0874332 0.210723 -0.286761 0.269339 -0.414738 0.869166
0.00150502 -0.0464456 -0.564068 0.86891 0.493827 -0.0336224
-0.11812 -1.50889e-05 -0.0806016 -0.269338 0.414738 -0.869166
0.0733531 -0.415727 0.274498 0.269339 -0.414738 0.869166
-0.0954261 0.144166 -0.26949 0.868911 0.493825 -0.0336221
-0.134727 0.0691393 -0.0424571 -0.269338 0.414738 -0.869166
-0.155273 -0.184496 0.326857 -0.868911 -0.493825 0.0336221
0.101969 -0.0686144 0.510925 0.269339 -0.414738 0.869166
0.303778 -0.110996 0.359064 0.868911 0.493825 -0.0336221
-0.141386 0.194998 -0.0769942 -0.868911 -0.493825 0.0336221
0.0634916 0.13264 -0.531647 -0.269339 0.414738 -0.869166
-0.194518 -0.142388 -0.0688889 -0.868911 -0.493825 0.0336221
0.240422 -0.316341 0.349814 0.269338 -0.414738 0.869166
0.0764354 0.194413 0.444345 -0.468893 0.842991 0.26364
0.0109435 -0.331872 -0.162182 0.415272 -0.764283 -0.493376
0.0480923 -0.513708 0.235573 0.269339 -0.414738 0.869166
-0.106019 -0.278265 0.222521 -0.868911 -0.493825 0.0336221
-0.0471752 0.0647064 -0.189587 0.868911 0.493825 -0.0336221
0.265309 -0.0371063 0.450165 0.868911 0.493825 -0.0336221
0.363439 -0.260691 0.291434 0.415272 -0.764283 -0.493376
0.346468 -0.264242 0.341813 0.269338 -0.414738 0.869166
-0.168695 -0.156405 0.392593 -0.868911 -0.493825 0.0336221
-0.0625727 0.414214 -0.28947 -0.415272 0.764283 0.493376
0.312421 -0.276504 0.272989 0.415272 -0.764283 -0.493376
-0.0606571 0.388811 -0.248506 -0.415272 0.764283 0.493376
0.0473056 -0.0896387 -0.0148226 0.868911 0.493825 -0.0336221
-0.198075 0.331761 -0.166974 0.868919 0.49381 -0.0336336
0.106343 -0.207118 -0.214591 0.868911 0.493826 -0.0336218
-0.0677523 -0.0747189 0.480942 0.269338 -0.414738 0.869166
0.0165464 -0.0109988 0.345278 0.868911 0.493825 -0.0336221
0.0417707 -0.0867558 -0.115523 0.868911 0.493825 -0.0336221
0.107456 0.181249 0.481399 -0.257214 0.508695 0.821627
-0.200614 -0.123377 0.0527838 -0.868911 -0.493825 0.0336221
0.0869548 -0.368407 -0.0416073 0.415272 -0.764283 -0.493376
0.138327 0.23177 0.417348 -0.493655 0.859656 -0.131517
-0.0995399 0.156593 -0.308838 0.269339 -0.414738 0.869166
0.0539982 0.0936141 -0.51787 0.415272 -0.764284 -0.493376
0.230511 -0.297373 0.236373 0.415272 -0.764283 -0.493376
-0.0547979 -0.383357 0.00271501 -0.868911 -0.493825 0.0336221
-0.0614628 -0.367906 0.0574203 -0.868911 -0.493825 0.0336221
-0.107344 0.125332 -0.220461 -0.868911 -0.493825 0.033622
-0.135217 -0.255277 -0.1944 -0.868911 -0.493825 0.0336221
-0.0783422 -0.315783 0.369196 0.269338 -0.414738 0.869166
0.0225071 0.0455673 0.485474 0.318884 -0.506552 0.801073
-0.0263553 -0.0255034 -0.342827 -0.868911 -0.493825 0.0336221
0.0374254 -0.0658434 0.532248 0.269338 -0.414738 0.869166
0.0350123 0.210973 -0.324585 0.269339 -0.414738 0.869166
0.151575 -0.294224 0.30866 -0.868911 -0.493825 0.033622
-0.208331 0.363727 -0.333945 -0.415272 0.764283 0.493376
0.0485168 -0.180541 -0.21838 -0.269338 0.414738 -0.869166
-0.267268 0.408085 -0.200507 -0.868911 -0.493826 0.0336219
-0.149632 -0.206228 0.153467 -0.868911 -0.493825 0.0336221
-0.113967 0.135072 -0.248556 -0.868911 -0.493825 0.033622
-0.17784 -0.162784 0.0625652 -0.868911 -0.493825 0.0336221
0.0121065 -0.370568 0.315026 0.269338 -0.414738 0.869166
0.296484 -0.204151 0.225115 -0.269338 0.414738 -0.869166
0.231666 -0.392548 0.3007 0.868907 0.493832 -0.0336288
0.103766 -0.181102 0.100937 0.868911 0.493825 -0.0336221
-0.0741312 0.379277 -0.371313 -0.269339 0.414738 -0.869166
0.0652433 -0.133152 -0.190352 0.868911 0.493825 -0.0336221
-0.0774546 -0.0621866 -0.122869 -0.269338 0.414738 -0.869166
-0.0483248 0.442882 -0.321887 -0.415272 0.764283 0.493376
-0.279542 0.0340725 0.325564 -0.868911 -0.493825 0.0336221
0.353409 -0.20643 0.240016 0.868911 0.493825 -0.0336221
0.00615544 -0.301146 -0.213809 0.415272 -0.764283 -0.493376
0.0126797 0.0712556 -0.518013 0.415272 -0.764284 -0.493376
-0.144285 0.320618 -0.216705 0.269339 -0.414738 0.869166
0.158437 0.119003 0.374072 0.278042 -0.54317 -0.792249
0.137128 -0.352761 0.284781 0.269339 -0.414738 0.869166
0.133461 0.113314 0.369731 0.23589 -0.472863 -0.848974
0.100764 -0.121181 0.486215 0.269339 -0.414738 0.869166
-0.0699511 0.130066 0.181771 0.868911 0.493825 -0.0336221
-0.0286505 -0.0316396 -0.522142 0.235909 -0.472892 -0.848952
0.183613 -0.315166 0.19539 0.868911 0.493825 -0.0336221
0.270331 -0.0959324 0.445718 0.269338 -0.414738 0.869166
0.192626 -0.0832635 0.314983 -0.269338 0.414738 -0.869166
0.205855 -0.256836 0.22806 -0.269338 0.414738 -0.869166
-0.275725 0.21537 0.106335 -0.415272 0.764284 0.493376
0.0488603 0.120621 -0.371989 0.269339 -0.414738 0.869166
-0.17006 -0.0206063 0.538466 0.269338 -0.414738 0.869166
-0.149517 0.243662 -0.20603 0.868911 0.493825 -0.0336221
0.19788 0.164216 0.476393 0.868912 0.493824 -0.0336229
0.0428236 0.155437 -0.353505 0.269339 -0.414738 0.869166
-0.0367836 0.0703315 0.161588 0.868911 0.493825 -0.0336221
-0.0461646 0.080198 0.064064 0.868911 0.493825 -0.0336221
0.0738764 0.241386 -0.406754 0.868911 0.493825 -0.0336221
-0.107521 -0.300719 -0.146082 -0.868911 -0.493825 0.0336221
-0.0654249 0.0476026 -0.278776 -0.868911 -0.493825 0.0336221
-0.131409 0.209181 -0.2445 0.868911 0.493825 -0.0336221
-0.082794 0.0729615 -0.355194 -0.868911 -0.493825 0.033622
0.105208 -0.368428 0.287197 0.269339 -0.414738 0.869166
-0.119782 -0.0754955 0.496695 0.269338 -0.414738 0.869166
-0.32884 0.141638 0.175847 -0.415272 0.764284 0.493376
-0.0294 0.119315 -0.50922 -0.269339 0.414738 -0.869166
0.244645 -0.423371 0.183417 0.868911 0.493826 -0.0336219
-0.0331165 -0.415404 0.0923551 -0.868911 -0.493825 0.0336221
-0.238937 0.356777 -0.221906 -0.868911 -0.493825 0.033622
-0.12181 -0.278396 -0.187471 -0.868911 -0.493825 0.0336221
0.275948 -0.186962 0.239682 -0.269338 0.414738 -0.869166
0.0175856 0.14911 0.468514 -0.386389 0.719189 0.57747
-0.148918 0.265367 0.12824 0.868911 0.493825 -0.0336221
-0.100753 0.302442 -0.399727 -0.269339 0.414738 -0.869166
-0.0390132 -0.416189 -0.0715757 -0.868911 -0.493825 0.0336221
-0.200954 -0.00910832 0.517007 -0.415272 0.764284 0.493376
-0.0609848 0.168678 -0.475878 -0.269339 0.414738 -0.869166
-0.058274 -0.386138 -0.127961 -0.868911 -0.493825 0.0336221
-0.0275436 -0.412553 0.278244 -0.868911 -0.493825 0.0336221
-0.100494 0.228983 -0.274 0.269339 -0.414738 0.869166
-0.206576 0.306747 -0.120424 -0.868911 -0.493825 0.033622
-0.0185039 -0.352256 0.333249 0.269338 -0.414738 0.869166
0.227442 -0.39405 0.169481 0.868911 0.493826 -0.0336218
0.137904 -0.204691 0.434859 0.269339 -0.414738 0.869166
-0.0916184 0.0858134 -0.394483 -0.868911 -0.493825 0.033622
0.0232899 -0.00815689 0.561294 0.868911 0.493825 -0.0336222
-0.089255 0.140215 -0.168036 0.868911 0.493825 -0.0336221
0.0389475 -0.358931 0.312261 0.269339 -0.414738 0.869166
-0.181886 -0.0976179 0.505384 0.269338 -0.414738 0.869166
-0.150419 -0.217792 -0.0367146 -0.868911 -0.493825 0.0336221
0.0510026 0.0657781 0.373296 0.235887 -0.472858 -0.848977
-0.106338 0.111705 -0.394602 -0.868911 -0.493825 0.033622
0.0861722 -0.153881 0.0460647 0.868911 0.493825 -0.0336221
0.0707339 0.241474 -0.3211 0.269339 -0.414738 0.869166
0.250561 -0.112559 0.44391 0.269338 -0.414738 0.869166
-0.291417 0.0540125 0.311541 -0.868911 -0.493825 0.0336221
-0.143253 -0.234663 -0.0993222 -0.868911 -0.493825 0.0336221
0.0501339 -0.117882 -0.356547 0.868911 0.493825 -0.0336221
-0.273949 0.0452748 0.371323 -0.415272 0.764284 0.493376
-0.23652 0.103069 0.313299 -0.415272 0.764284 0.493376
-0.0456977 -0.338409 -0.19973 0.415272 -0.764283 -0.493376
-0.1862 0.293283 0.060995 -0.415272 0.764283 0.493376
-0.0339882 0.0524818 -0.0283374 0.868911 0.493825 -0.0336221
0.0838758 -0.292833 -0.16127 0.415272 -0.764283 -0.493376
0.0125891 0.351967 -0.366471 0.868911 0.493825 -0.0336221
-0.104415 -0.302846 -0.0970538 -0.868911 -0.493825 0.0336221
0.0876688 -0.16895 -0.136591 0.868911 0.493825 -0.0336221
0.0212504 -0.109564 -0.347175 -0.868911 -0.493825 0.0336221
-0.0282276 -0.0302703 -0.461229 -0.868911 -0.493825 0.0336221
0.129494 -0.225203 0.1181 0.868911 0.493825 -0.0336221
0.112498 0.121163 0.491565 0.146799 -0.192237 0.970307
-0.329103 0.106123 0.102961 -0.868911 -0.493825 0.0336221
-0.0874937 0.154233 0.0833694 0.868911 0.493825 -0.0336221
-0.138906 -0.176828 -0.15853 -0.269338 0.414738 -0.869166
0.00305267 -0.0563116 -0.595691 0.415272 -0.764284 -0.493376
0.161931 0.178573 0.490915 -0.0237304 0.109412 0.993713
0.213834 -0.106405 0.458228 0.269339 -0.414738 0.869166
0.0798038 0.1588 -0.524219 -0.269339 0.414738 -0.869166
-0.143223 0.274984 -0.399668 -0.269339 0.414738 -0.869166
0.253466 -0.183296 0.409257 0.269338 -0.414738 0.869166
0.122066 -0.0892154 0.334008 -0.269338 0.414738 -0.869166
-0.206755 -0.0817496 0.505502 -0.868911 -0.493825 0.0336221
0.0379447 -0.0529552 0.282047 0.868911 0.493825 -0.0336221
-0.0331073 -0.0053384 -0.221149 -0.868911 -0.493825 0.0336221
-0.327864 0.099162 0.032754 -0.868911 -0.493825 0.0336221
-0.217613 0.315073 -0.283368 -0.868911 -0.493825 0.033622
0.0859871 -0.168448 0.460981 -0.868911 -0.493825 0.0336211
-0.0679145 0.135338 0.311841 0.868911 0.493825 -0.0336223
-0.168512 -0.169226 0.209007 -0.868911 -0.493825 0.0336221
0.0797958 0.194272 0.404018 -0.476725 0.816679 -0.325222
-0.000140227 -0.0667375 -0.270967 -0.868911 -0.493825 0.0336221
0.0295253 -0.0196218 0.460099 -0.415272 0.764284 0.493376
0.00220573 -0.220837 -0.223257 -0.269338 0.414738 -0.869166
-0.199249 0.338008 -0.286459 -0.415272 0.764283 0.493376
-0.221503 -0.0583366 0.468222 -0.868911 -0.493825 0.0336221
0.00818216 -0.27381 0.362412 0.269338 -0.414738 0.869166
0.317183 -0.141535 0.409439 0.269338 -0.414738 0.869166
-0.149274 -0.196945 0.299067 -0.868911 -0.493825 0.0336221
-0.122606 0.138877 -0.41594 -0.868911 -0.493825 0.033622
0.194731 -0.294024 0.213762 -0.269338 0.414738 -0.869166
-0.0619703 -0.364311 0.0970998 -0.868911 -0.493825 0.0336221
0.16804 -0.00729543 0.358851 -0.269338 0.414738 -0.869166
-0.0976195 0.158168 -0.120526 0.868911 0.493825 -0.0336221
0.209489 -0.28768 0.373076 0.269339 -0.414738 0.869166
0.112139 -0.307246 -0.115154 0.415272 -0.764283 -0.493376
-0.107418 -0.305087 -0.207581 -0.868911 -0.493825 0.0336221
-0.148732 -0.222813 -0.0668538 -0.868911 -0.493825 0.0336221
-0.0659695 0.0352528 -0.474237 -0.868911 -0.493825 0.033622
0.178353 0.129785 0.476599 0.337361 -0.541159 0.770282
-0.115002 0.19834 0.0202919 0.868911 0.493825 -0.0336221
-0.192691 -0.126993 0.204442 -0.868911 -0.493825 0.0336221
-0.290764 0.445138 -0.26351 -0.868911 -0.493826 0.0336219
0.0740306 -0.282404 0.337906 0.269339 -0.414738 0.869166
0.228673 0.0218511 0.514829 0.269338 -0.414738 0.869166
0.183141 -0.325681 0.0287588 0.868911 0.493826 -0.0336218
0.336948 -0.214204 0.368639 0.269338 -0.414738 0.869166
0.00873368 0.153182 -0.504877 -0.269339 0.414738 -0.869166
-0.173929 0.300358 -0.00420283 0.86891 0.493828 -0.0336208
-0.141264 0.185829 -0.2085 -0.868911 -0.493825 0.033622
-0.0177397 -0.028156 -0.159131 -0.868911 -0.493825 0.0336221
-0.222582 -0.0584084 0.439292 -0.868911 -0.493825 0.0336221
0.210412 -0.389127 0.0944038 0.415272 -0.764284 -0.493376
-0.0157708 0.00383732 -0.272003 0.868911 0.493825 -0.0336221
-0.170726 0.239443 -0.182461 -0.868911 -0.493825 0.033622
0.100278 0.135527 -0.38081 0.269339 -0.414738 0.869166
-0.102545 0.412886 -0.321057 -0.415272 0.764283 0.493376
-0.285875 0.0239615 0.0133804 -0.868911 -0.493825 0.0336221
-0.243469 -0.0505108 0.0155028 -0.868911 -0.493825 0.0336221
-0.105209 -0.241449 -0.199807 -0.269338 0.414738 -0.869166
-0.0109006 0.400709 -0.257631 0.868911 0.493825 -0.033622
-0.0275697 0.0193646 -0.348869 0.868911 0.493825 -0.0336221
-0.193197 0.273236 -0.266839 -0.868911 -0.493825 0.033622
0.259738 -0.24094 0.379807 0.269338 -0.414738 0.869166
-0.0430007 0.00708548 -0.294352 -0.868911 -0.493825 0.0336221
0.220211 -0.435617 0.174667 0.415272 -0.764283 -0.493376
-0.00601572 0.0303179 0.369035 0.868911 0.493825 -0.0336221
-0.0182273 0.411797 -0.284112 0.868911 0.493825 -0.033622
-0.168393 -0.15942 0.356107 -0.868911 -0.493825 0.0336221
0.00406697 0.197024 -0.321652 0.269339 -0.414738 0.869166
0.0856028 -0.319243 -0.118905 0.415272 -0.764283 -0.493376
-0.157007 0.212976 -0.216633 -0.868911 -0.493825 0.033622
-0.0479117 -0.390658 0.0734509 -0.868911 -0.493825 0.0336221
-0.0858857 0.0992519 -0.0489531 -0.868911 -0.493825 0.0336221
-0.298946 0.0619664 0.233797 -0.868911 -0.493825 0.0336221
-0.224279 -0.0745794 0.157911 -0.868911 -0.493825 0.0336221
-0.138635 0.229594 -0.131447 0.868911 0.493825 -0.0336221
-0.128446 -0.25457 -0.00905047 -0.868911 -0.493825 0.0336221
0.0211828 0.20711 -0.483002 -0.269339 0.414738 -0.869166
0.0579607 -0.0913614 0.235238 0.868911 0.493825 -0.0336221
0.12769 -0.349692 -0.0363115 0.415272 -0.764283 -0.493376
-0.225074 -0.0828448 0.0159825 -0.868911 -0.493825 0.0336221
-0.0277334 0.043751 0.00507501 0.868911 0.493825 -0.0336221
-0.247662 -0.0331815 0.161666 -0.868911 -0.493825 0.0336221
0.143595 -0.248527 0.139952 0.868911 0.493825 -0.0336221
-0.0586683 0.101217 0.0496387 0.868911 0.493825 -0.0336221
-0.0334366 0.027158 -0.386025 0.868911 0.493825 -0.0336221
0.200695 -0.328794 0.259951 0.415272 -0.764284 -0.493376
0.0893426 -0.476336 0.127593 0.415272 -0.764283 -0.493376
-0.112517 -0.265278 0.245353 -0.868911 -0.493825 0.0336221
-0.281959 0.015003 -0.016973 -0.868911 -0.493825 0.0336221
0.333845 -0.242623 0.35604 0.269338 -0.414738 0.869166
0.0776418 -0.391497 -0.0136771 0.415272 -0.764283 -0.493376
-0.327304 0.0999668 0.0590406 -0.868911 -0.493825 0.0336221
-0.0632568 -0.367103 0.0228432 -0.868911 -0.493825 0.0336221
-0.198568 0.326373 -0.258849 0.868911 0.493825 -0.033622
0.0689017 -0.411872 0.0105289 0.415272 -0.764283 -0.493376
-0.237383 0.361029 -0.119312 -0.868935 -0.49378 0.0336463
0.0205403 -0.106208 -0.316234 -0.868911 -0.493825 0.0336221
-0.203001 0.0675668 -0.0220508 -0.269338 0.414738 -0.869166
-0.0312613 -0.412111 0.188666 -0.868911 -0.493825 0.0336221
-0.0501853 0.0304702 -0.136563 -0.868911 -0.493825 0.0336221
-0.276792 0.0177606 0.157059 -0.868911 -0.493825 0.0336221
0.202802 -0.348051 0.208306 0.868911 0.493825 -0.0336221
0.0134671 -0.338786 0.32977 0.269338 -0.414738 0.869166
-0.256843 -0.0105296 0.257082 -0.868911 -0.493825 0.0336221
-0.12887 0.200334 0.253235 -0.415272 0.764284 0.493376
-0.193704 0.27602 -0.239073 -0.868911 -0.493825 0.033622
0.0486536 0.283911 -0.434008 0.868911 0.493825 -0.0336221
0.22927 -0.0342759 0.327003 -0.269338 0.414738 -0.869166
-0.136452 0.153165 0.319923 -0.415272 0.764284 0.493376
-0.205108 0.309437 -0.0429776 -0.868911 -0.493825 0.033622
0.136768 0.109279 -0.472471 0.415272 -0.764284 -0.493376
-0.138425 0.192828 -0.0323391 -0.868911 -0.493825 0.0336221
-0.0700702 0.0403582 -0.505228 -0.868911 -0.493826 0.0336227
-0.123379 0.153127 -0.226622 -0.868911 -0.493825 0.033622
0.0683102 0.055399 -0.409138 0.269339 -0.414738 0.869166
0.305032 -0.263915 0.354809 0.269338 -0.414738 0.869166
-0.227918 -0.0437695 0.5164 -0.868911 -0.493825 0.0336221
-0.0249334 0.0486459 0.14933 0.868911 0.493825 -0.0336221
0.134299 0.140525 0.36061 0.0483373 -0.152262 -0.987157
0.180349 0.0421865 0.491299 -0.415272 0.764284 0.493376
0.0251767 -0.250404 -0.244484 -0.269338 0.414738 -0.869166
0.224736 -0.283837 0.210544 0.415272 -0.764283 -0.493376
-0.0256919 0.0758203 0.528853 0.868911 0.493825 -0.0336221
0.0151744 -0.00174714 0.445706 0.868911 0.493825 -0.0336221
-0.0480032 0.0585087 -0.302014 0.868911 0.493825 -0.0336221
-0.116697 0.281922 -0.404578 -0.269339 0.414738 -0.869166
0.0539707 0.277604 -0.389245 0.868911 0.493825 -0.0336221
-0.0763143 0.10667 -0.326306 0.868911 0.493825 -0.0336221
0.198495 -0.0295079 0.338814 -0.269338 0.414738 -0.869166
0.0567758 -0.095884 0.138192 0.868911 0.493825 -0.0336221
0.00892644 -0.0208059 0.0043106 0.868911 0.493825 -0.0336221
0.159687 -0.285347 0.015021 0.868911 0.493825 -0.0336221
-0.0174823 0.00435194 -0.308677 0.868911 0.493825 -0.0336221
-0.366828 0.17871 0.086445 -0.415272 0.764284 0.493376
0.14193 -0.274083 0.355217 -0.868911 -0.493824 0.0336205
0.0769798 0.116155 0.361875 -0.000946425 -0.0662699 -0.997801
-0.254591 0.205393 0.059702 -0.269338 0.414738 -0.869166
0.129906 -0.404254 0.050075 0.415272 -0.764283 -0.493376
0.0841621 0.135204 0.493822 -0.0483372 0.152262 0.987157
-0.0135934 0.0648978 -0.530278 0.415272 -0.764284 -0.493376
-0.218488 0.123289 0.297153 -0.415272 0.764284 0.493376
-0.00396628 -0.00398802 0.551789 -0.868911 -0.493825 0.0336221
-0.22344 0.327912 -0.245377 -0.868911 -0.493825 0.033622
0.0495211 -0.427766 0.276139 0.269339 -0.414738 0.869166
-0.0184086 -0.376226 0.321782 0.269338 -0.414738 0.869166
0.190918 0.0559224 0.381927 -0.269338 0.414738 -0.869166
0.0750517 -0.473099 0.246596 0.269339 -0.414738 0.869166
0.0951386 0.0526514 -0.419788 0.415272 -0.764283 -0.493376
-0.139148 -0.231135 0.0585724 -0.868911 -0.493825 0.0336221
-0.130504 0.390433 -0.348522 -0.269339 0.414738 -0.869166
0.0829109 -0.165231 0.428738 -0.868911 -0.493825 0.0336219
-0.0194633 -0.444036 0.0246699 -0.868911 -0.493825 0.0336221
-0.206026 0.291756 -0.32639 -0.868915 -0.493818 0.033609
-0.230379 -0.0784902 -0.0832605 -0.269338 0.414738 -0.869166
-0.0941657 -0.322724 -0.12413 -0.868911 -0.493825 0.0336221
-0.0258439 -0.423568 0.160385 -0.868911 -0.493825 0.0336221
0.343316 -0.259 0.271877 0.415272 -0.764283 -0.493376
-0.197897 0.273613 -0.382769 -0.868911 -0.493825 0.0336223
0.127861 -0.149792 0.303307 -0.269338 0.414738 -0.869166
0.178605 0.190669 0.366772 0.868909 0.493828 -0.0336214
-0.0244934 0.0498956 0.179056 0.868911 0.493825 -0.0336221
0.105164 -0.296862 -0.137111 0.415272 -0.764283 -0.493376
0.00562735 -0.0814777 -0.33841 -0.868911 -0.493825 0.0336221
0.163167 -0.0318571 0.509501 0.269339 -0.414738 0.869166
-0.00148859 -0.0802203 -0.503842 -0.86891 -0.493827 0.0336208
-0.0140107 0.0285422 0.136338 0.868911 0.493825 -0.0336221
-0.118683 -0.134524 -0.144611 -0.269338 0.414738 -0.869166
0.135234 -0.112454 0.479698 0.269339 -0.414738 0.869166
-0.0893202 0.168161 0.240735 0.868911 0.493825 -0.033622
0.162971 -0.315041 0.297426 -0.868911 -0.493826 0.0336225
-0.072713 0.139127 0.243487 0.868911 0.493826 -0.0336217
0.0083628 -0.0266899 0.536981 -0.86891 -0.493826 0.0336235
-0.107194 0.126578 0.385733 -0.415272 0.764284 0.493376
-0.211348 -0.0663023 0.529456 0.269338 -0.414738 0.869166
-0.152141 0.191986 -0.399193 -0.868903 -0.493837 0.0336447
0.141941 0.223576 0.390723 -0.44089 0.741316 -0.506031
0.110733 -0.204034 -0.0558176 0.868911 0.493825 -0.0336221
-0.160883 -0.14611 -0.137062 -0.269338 0.414738 -0.869166
0.179992 0.114758 0.389589 0.40133 -0.74266 -0.536088
-0.0338046 0.0927721 -0.520521 -0.269339 0.414738 -0.869166
0.000438381 -0.0293682 -0.34081 0.868911 0.493825 -0.0336221
0.189415 -0.38968 0.0775856 0.415272 -0.764283 -0.493376
-0.0795817 -0.34974 -0.144026 -0.868911 -0.493825 0.0336221
0.229955 -0.428661 0.234795 -0.121211 0.278153 0.952858
-0.0781695 -0.190987 -0.184107 -0.269338 0.414738 -0.869166
-0.0390938 0.0267522 -0.538187 0.868911 0.493825 -0.033622
-0.232926 -0.0640182 0.089563 -0.868911 -0.493825 0.0336221
0.0736246 -0.00249686 0.390398 -0.269338 0.414738 -0.869166
0.0360734 0.113019 -0.532514 -0.269339 0.414738 -0.869166
-0.0886193 -0.269047 0.394682 0.269338 -0.414738 0.869166
0.025588 -0.20843 0.388215 0.269339 -0.414738 0.869166
0.0090311 -0.480979 0.218455 -0.868911 -0.493825 0.0336221
0.154639 0.0743412 0.419849 -0.415272 0.764284 0.493376
0.0753083 0.159625 0.370778 -0.279607 0.433661 -0.856597
-0.0190509 -0.239895 0.387034 0.269338 -0.414738 0.869166
-0.032368 0.247476 -0.286287 0.269339 -0.414738 0.869166
0.350977 -0.290212 0.326676 0.415272 -0.764284 -0.493376
-0.165939 -0.179533 0.124107 -0.868911 -0.493825 0.0336221
-0.0690365 -0.358731 -0.00356619 -0.868911 -0.493825 0.0336221
0.0105654 -0.0838268 -0.245295 -0.868911 -0.493825 0.0336221
-0.132215 0.363808 -0.360696 -0.269339 0.414738 -0.869166
-0.113512 -0.139103 0.4644 0.269338 -0.414738 0.869166
0.0734736 0.109326 -0.525817 0.415272 -0.764284 -0.493376
0.310727 -0.175555 0.234347 -0.269338 0.414738 -0.869166
-0.0948525 -0.31847 -0.0793953 -0.868911 -0.493825 0.0336221
-0.139931 0.179221 -0.271136 -0.868911 -0.493825 0.033622
-0.0160403 0.404625 -0.33294 0.868911 0.493825 -0.033622
-0.22809 -0.058654 0.293345 -0.868911 -0.493825 0.0336221
0.0568154 -0.131297 -0.38091 0.86891 0.493827 -0.0336211
-0.297739 0.123107 0.230731 -0.415272 0.764284 0.493376
0.00100546 -0.407922 0.300642 0.269338 -0.414738 0.869166
-0.040251 0.0659155 0.00711651 0.868911 0.493825 -0.0336221
0.0959244 -0.0292614 0.530919 -0.415272 0.764284 0.493376
0.107084 -0.190353 0.0508101 0.868911 0.493825 -0.0336221
-0.169311 0.229407 -0.293294 -0.868911 -0.493825 0.033622
0.135292 -0.434682 0.101744 0.415272 -0.764283 -0.493376
0.109262 -0.197531 0.00167107 0.868911 0.493825 -0.0336221
-0.23068 0.345761 -0.170326 -0.868911 -0.493825 0.033622
0.0673299 -0.140642 -0.246445 0.868911 0.493825 -0.0336221
0.377433 -0.261382 0.333582 0.269338 -0.414738 0.869166
0.190574 -0.185256 0.42781 0.269339 -0.414738 0.869166
0.233672 0.0197379 0.467454 0.868911 0.493825 -0.0336221
0.190876 -0.436145 0.150795 0.415272 -0.764283 -0.493376
-0.119824 0.190332 -0.221949 0.868911 0.493825 -0.0336221
-0.0816827 -0.324751 0.168707 -0.868911 -0.493825 0.0336221
-0.165006 0.341645 -0.263272 -0.415272 0.764283 0.493376
0.0354533 0.0403533 0.38619 0.353669 -0.66695 -0.655817
-0.283068 0.0219069 0.0557517 -0.868911 -0.493825 0.0336221
0.118825 -0.234759 0.346759 0.269339 -0.414738 0.869166
-0.0707685 -0.3338 0.317853 -0.868911 -0.493825 0.0336221
-0.0590261 0.0930374 -0.0797431 0.868911 0.493825 -0.0336221
0.171773 -0.409474 0.246984 0.269339 -0.414738 0.869166
0.0275526 -0.0892308 -0.519318 0.868911 0.493825 -0.0336221
-0.0673941 0.260872 -0.429901 -0.269339 0.414738 -0.869166
-0.200844 0.0525949 0.421516 -0.415272 0.764284 0.493376
0.0300567 -0.456741 0.0473398 0.415272 -0.764283 -0.493376
-0.200043 0.14929 0.272401 -0.415272 0.764284 0.493376
-0.165677 -0.191717 -0.0480646 -0.868911 -0.493825 0.0336221
-0.234963 -0.0670523 -0.00762832 -0.868911 -0.493825 0.0336221
-0.0396603 -0.400504 0.142076 -0.868911 -0.493825 0.0336221
0.10159 0.194767 -0.375267 0.868911 0.493825 -0.033622
0.156233 0.0923382 0.445074 0.482768 -0.830547 0.277718
-0.0653623 0.236891 -0.281113 0.269339 -0.414738 0.869166
0.0594358 -0.44553 0.0547 0.415272 -0.764283 -0.493376
0.0855246 0.0849666 0.485046 0.279606 -0.43366 0.856598
-0.293149 0.0440627 0.120649 -0.868911 -0.493825 0.0336221
0.246539 -0.00557418 0.428214 0.868911 0.493825 -0.0336221
0.130421 -0.0879559 0.492879 0.269339 -0.414738 0.869166
-0.0756716 0.127543 -0.00312286 0.868911 0.493825 -0.0336221
-0.241857 0.355889 -0.310433 -0.868911 -0.493825 0.0336211
0.121041 0.129193 -0.516555 0.415272 -0.764284 -0.493376
0.0681435 0.253933 -0.370636 0.868911 0.493825 -0.033622
0.298149 -0.0960537 0.437039 0.269338 -0.414738 0.869166
0.163182 -0.187705 0.43513 0.269339 -0.414738 0.869166
-0.0259417 0.0354949 -0.069884 0.868911 0.493825 -0.0336221
0.00150905 -0.475329 0.10705 -0.868911 -0.493825 0.0336221
-9.19296e-05 0.0147015 0.292761 0.868911 0.493825 -0.0336221
-0.107902 -0.0458726 -0.10565 -0.269338 0.414738 -0.869166
0.210416 -0.143202 0.280869 -0.269338 0.414738 -0.869166
-0.163669 0.250945 0.145545 -0.415272 0.764284 0.493376
-0.248968 -0.0226127 0.283146 -0.868911 -0.493825 0.0336221
-0.127721 0.1633 -0.189405 -0.868911 -0.493825 0.033622
-0.188611 0.310119 -0.368838 -0.269339 0.414738 -0.869166
-0.121075 0.341122 -0.225486 -0.415272 0.764283 0.493376
0.0743728 0.0926003 -0.499151 0.415272 -0.764284 -0.493376
0.00340219 -0.0680426 -0.198587 -0.868911 -0.493825 0.0336221
-0.0166776 0.0154918 -0.124264 0.868911 0.493825 -0.0336221
-0.23575 -0.0494996 0.229839 -0.868911 -0.493825 0.0336221
0.0994061 0.0118055 0.470233 -0.415272 0.764284 0.493376
-0.0313593 -0.0174743 0.49698 0.269338 -0.414738 0.869166
-0.00834628 0.0363961 0.556656 0.317434 -0.608079 -0.727651
-0.0405143 -0.00756959 -0.108255 -0.269338 0.414738 -0.869166
0.169589 -0.355667 0.00820985 0.415272 -0.764283 -0.493376
0.269854 -0.0503706 0.372786 0.868911 0.493825 -0.0336221
0.0196404 -0.0952388 -0.168729 -0.269338 0.414738 -0.869166
-0.178912 0.196117 0.217647 -0.415272 0.764284 0.493376
0.00237314 -0.47075 0.196626 -0.868911 -0.493825 0.0336221
-0.124826 -0.25686 0.050893 -0.868911 -0.493825 0.0336221
0.0457426 -0.0606229 0.370952 0.868911 0.493825 -0.0336221
-0.0276219 0.188219 -0.476893 -0.269339 0.414738 -0.869166
-0.194885 -0.117364 0.289173 -0.868911 -0.493825 0.0336221
-0.0403105 -0.230061 0.398314 0.269338 -0.414738 0.869166
-0.0547429 -0.360891 0.334111 -0.868911 -0.493825 0.0336221
0.0273366 -0.307685 -0.185852 0.415272 -0.764283 -0.493376
-0.084921 -0.313295 0.253277 -0.868911 -0.493825 0.0336221
-0.169245 0.0431491 0.462745 -0.415272 0.764284 0.493376
0.0540045 -0.478874 0.101781 0.415272 -0.764283 -0.493376
-0.115841 0.189201 -0.135632 0.868911 0.493825 -0.0336221
-0.0470313 -0.00145647 -0.523976 -0.868911 -0.493825 0.033622
0.0685012 0.0303112 0.415554 -0.415272 0.764284 0.493376
-0.00348954 -0.0709676 -0.419654 -0.868911 -0.493825 0.0336221
0.154066 0.0976879 0.394038 0.415272 -0.764283 -0.493377
-0.123718 -0.265753 -0.0511085 -0.868911 -0.493825 0.0336221
-0.0546423 0.0325205 -0.221635 -0.868911 -0.493825 0.0336221
0.0770218 -0.0482086 0.367533 -0.269338 0.414738 -0.869166
0.213502 -0.370788 0.150877 0.868909 0.493829 -0.0336198
-0.00970805 0.293914 -0.43201 -0.269339 0.414738 -0.869166
-0.120826 0.298344 -0.234603 0.269339 -0.414738 0.869166
-0.114603 0.146912 -0.0115828 -0.269338 0.414738 -0.869166
-0.0510632 -0.394068 -0.058078 -0.868911 -0.493825 0.0336221
0.236225 -0.0457455 0.480234 0.269338 -0.414738 0.869166
-0.141362 0.35916 -0.270503 -0.415272 0.764283 0.493376
-0.0893198 0.152203 0.00636064 0.868911 0.493825 -0.0336221
0.302734 -0.111606 0.323123 0.868911 0.493825 -0.0336221
-0.129678 0.214837 -0.271707 0.269339 -0.414738 0.869166
0.0413656 0.306162 -0.295553 0.868911 0.493825 -0.033622
0.152097 0.00363059 0.527247 -0.415272 0.764284 0.493376
0.184722 -0.360144 0.26651 0.269339 -0.414738 0.869166
-0.0281947 0.196721 -0.311799 0.269339 -0.414738 0.869166
-0.03057 -0.417988 0.120212 -0.868911 -0.493825 0.0336221
0.034453 -0.128736 -0.287555 -0.868911 -0.493825 0.0336221
-0.109959 0.181292 -0.0997884 0.868911 0.493825 -0.0336221
0.222862 -0.315057 0.257329 0.415272 -0.764284 -0.493376
-0.0399862 0.288842 -0.264188 0.269339 -0.414738 0.869166
-0.0930555 -0.329714 -0.198098 -0.868911 -0.493825 0.0336221
-0.180492 -0.170659 -0.121625 -0.868911 -0.493825 0.0336221
-0.0028967 -0.322111 0.342797 0.269338 -0.414738 0.869166
0.29436 -0.294282 0.343626 0.269338 -0.414738 0.869166
0.105346 -0.51653 0.203328 0.415272 -0.764283 -0.493376
-0.0923823 -0.31664 0.011316 -0.868911 -0.493825 0.0336221
-0.151888 0.198333 -0.29943 -0.868911 -0.493825 0.033622
0.0447661 -0.0964055 -0.179839 0.868911 0.493825 -0.0336221
0.0334904 -0.0744989 -0.149488 0.868911 0.493825 -0.0336221
0.221736 -0.360941 0.327459 0.415272 -0.764284 -0.493376
-0.0728339 0.120381 -0.0349771 0.868911 0.493825 -0.0336221
-0.0443541 -0.382727 0.28187 -0.868911 -0.493825 0.0336221
-0.140375 0.18226 -0.237965 -0.868911 -0.493825 0.033622
-0.25487 0.0154421 -0.0308495 -0.269338 0.414738 -0.869166
-0.0765898 0.139939 0.155214 0.868911 0.493825 -0.0336221
-0.136568 0.0913589 0.415568 -0.415272 0.764284 0.493376
0.241451 -0.263761 0.374585 0.269338 -0.414738 0.869166
-0.155367 0.235827 0.175951 -0.415272 0.764284 0.493376
0.0139874 0.00579192 0.525758 0.868911 0.493825 -0.0336213
-0.0434748 0.127632 0.443727 -0.482346 0.860039 0.166356
-0.126427 0.0935716 -0.0333709 -0.269338 0.414738 -0.869166
-0.167889 0.250551 0.0539909 -0.868911 -0.493825 0.0336221
-0.255145 0.23797 0.0886483 -0.415272 0.764284 0.493376
0.313671 -0.241884 0.220412 0.415272 -0.764283 -0.493376
-0.14782 0.238041 -0.244748 0.868911 0.493825 -0.0336221
-0.160582 -0.196514 0.0131551 -0.868911 -0.493825 0.0336221
-0.223618 0.149264 0.252598 -0.415272 0.764284 0.493376
0.00124517 -0.0870996 -0.534233 -0.868911 -0.493825 0.0336221
-0.0325579 0.0472633 0.565637 -0.868911 -0.493825 0.0336221
-0.0454956 -0.392747 0.105203 -0.868911 -0.493825 0.0336221
0.121138 0.157329 -0.419945 0.868911 0.493825 -0.0336221
-0.0723215 0.18098 -0.305636 0.269339 -0.414738 0.869166
-0.152564 0.215854 0.20925 -0.415272 0.764284 0.493376
0.015056 -0.0116921 0.296577 0.868911 0.493825 -0.0336221
-0.185509 0.119627 0.330585 -0.415272 0.764284 0.493376
-0.260174 0.39714 -0.177928 -0.868911 -0.493826 0.0336219
-0.356056 0.152225 0.0835412 -0.868911 -0.493825 0.0336221
0.117273 -0.2059 0.0857828 0.868911 0.493825 -0.0336221
-0.153491 -0.071616 0.508992 0.269338 -0.414738 0.869166
-0.0869789 0.0853644 -0.281176 -0.868911 -0.493825 0.0336221
-0.0987834 0.114809 -0.153775 -0.868911 -0.493825 0.0336221
-0.0911908 0.291428 -0.247086 0.269339 -0.414738 0.869166
0.000466359 -0.0904991 0.452273 0.269339 -0.414738 0.869166
0.109782 0.104074 -0.398763 0.269339 -0.414738 0.869166
0.370302 -0.232765 0.289801 0.868911 0.493825 -0.0336221
-0.255244 -0.0325281 -0.0247012 -0.868911 -0.493825 0.0336221
-0.0351387 0.160512 -0.487784 -0.269339 0.414738 -0.869166
-0.0873187 0.157416 0.13464 0.868911 0.493825 -0.0336221
-0.16425 0.241553 0.0159 -0.868911 -0.493825 0.0336221
0.112181 -0.192395 0.152542 0.868911 0.493825 -0.0336221
0.0192025 0.344076 -0.311453 0.868911 0.493825 -0.033622
0.321514 -0.285855 0.339232 0.269338 -0.414738 0.869166
-0.0995201 0.0317962 0.539019 -0.415272 0.764284 0.493376
-0.0257997 0.365267 -0.232116 0.269339 -0.414738 0.869166
0.36254 -0.236111 0.252602 0.415272 -0.764283 -0.493376
0.338298 -0.175587 0.302516 0.868911 0.493825 -0.0336221
0.178197 -0.272304 0.39011 0.269339 -0.414738 0.869166
-0.181551 0.253628 -0.25388 -0.868911 -0.493825 0.033622
-0.174622 0.219578 0.0416897 -0.269338 0.414738 -0.869166
-0.25771 0.0651225 0.354246 -0.415272 0.764284 0.493376
0.0414878 0.302449 -0.346927 0.868911 0.493825 -0.033622
-0.286004 0.0943746 0.285117 -0.415272 0.764284 0.493376
0.0642851 0.0382091 0.441715 0.491244 -0.852062 0.180748
-0.096671 0.103766 -0.261384 -0.868911 -0.493825 0.033622
0.00869136 0.367059 -0.245533 0.868911 0.493825 -0.033622
0.128372 -0.389509 0.269959 0.269339 -0.414738 0.869166
0.0959715 0.206463 -0.348683 0.868911 0.493825 -0.033622
0.0892978 -0.226883 0.359668 0.269339 -0.414738 0.869166
-0.138535 0.129508 0.354817 -0.415272 0.764284 0.493376
0.159604 -0.381161 0.264264 0.269339 -0.414738 0.869166
0.00483508 0.26465 -0.45048 -0.269339 0.414738 -0.869166
-0.0670307 -0.288543 -0.234109 -0.269338 0.414738 -0.869166
-0.0315245 0.218666 -0.461155 -0.269339 0.414738 -0.869166
0.129775 -0.244128 -0.152604 0.868911 0.493826 -0.0336218
-0.0542408 0.107268 0.252939 0.868911 0.493825 -0.0336221
-0.149226 -0.122894 -0.129596 -0.269338 0.414738 -0.869166
-0.145423 -0.217811 0.0921187 -0.868911 -0.493825 0.0336221
-0.168987 0.00492436 0.522176 -0.415272 0.764284 0.493376
-0.285723 0.0288722 0.0894466 -0.868911 -0.493825 0.0336221
-0.0563626 -0.372466 0.122245 -0.868911 -0.493825 0.0336221
-0.182918 0.10454 0.356137 -0.415272 0.764284 0.493376
0.0406855 0.299753 -0.407254 0.868911 0.493825 -0.0336221
0.108788 0.104623 -0.488807 0.415272 -0.764284 -0.493376
0.0941086 0.0663385 0.464972 0.429128 -0.717736 0.548365
-0.287558 0.187139 0.140109 -0.415272 0.764284 0.493376
-0.211408 0.348894 -0.259908 0.868911 0.493825 -0.033622
0.143596 -0.274235 0.396052 -0.868911 -0.493825 0.0336211
-0.12012 0.386273 -0.294624 -0.415272 0.764283 0.493376
-0.0177792 -0.293222 0.361194 0.269338 -0.414738 0.869166
0.0046959 0.0591333 0.367257 0.0971488 -0.236756 -0.9667
-0.0389283 -0.394739 0.245667 -0.868911 -0.493825 0.0336221
-0.183437 0.0399905 -0.0412719 -0.269338 0.414738 -0.869166
-0.103404 0.179116 0.0376771 0.868911 0.493825 -0.0336221
-0.0542916 0.114648 0.360016 0.868911 0.493825 -0.0336223
-0.11274 0.176161 -0.247021 0.868911 0.493825 -0.0336221
0.276196 -0.309922 0.294265 0.415272 -0.764284 -0.493376
-0.18278 0.13205 0.00245252 -0.269338 0.414738 -0.869166
0.226052 -0.12315 0.285592 -0.269338 0.414738 -0.869166
0.143503 -0.44656 0.127055 0.415272 -0.764283 -0.493376
0.0211788 -0.052423 0.490235 -0.868911 -0.493825 0.0336214
-0.129668 0.175982 -0.0534657 -0.868911 -0.493825 0.0336221
0.156965 -0.383334 0.0404434 0.415272 -0.764283 -0.493376
-0.0428605 -0.0321856 -0.119274 -0.269338 0.414738 -0.869166
0.204583 -0.314822 0.361645 0.269339 -0.414738 0.869166
-0.0124746 -0.0568196 -0.44406 -0.868911 -0.493825 0.0336221
-0.224907 0.163042 0.0302951 -0.269338 0.414738 -0.869166
-0.172768 -0.14724 0.421935 -0.868911 -0.493825 0.0336221
0.226954 -0.0697441 0.471656 0.269338 -0.414738 0.869166
-0.0504999 0.0694531 -0.365615 0.269339 -0.414738 0.869166
0.0195526 -0.501604 0.187443 -0.868911 -0.493825 0.0336221
-0.0140668 -0.0113438 -0.450939 0.868911 0.493825 -0.0336221
-0.256631 -0.0189778 0.138477 -0.868911 -0.493825 0.0336221
0.0887478 -0.344429 0.303749 0.269339 -0.414738 0.869166
-0.13593 0.229592 -0.0615547 0.868911 0.493825 -0.0336221
0.0053154 0.370441 -0.283119 0.868911 0.493825 -0.033622
0.265334 -0.315942 0.342285 0.269338 -0.414738 0.869166
0.017797 0.341754 -0.256846 0.269339 -0.414738 0.869166
-0.281678 0.0329031 0.253173 -0.868911 -0.493825 0.0336221
-0.127898 -0.263813 -0.130633 -0.868911 -0.493825 0.0336221
-0.175931 0.215273 0.190482 -0.415272 0.764284 0.493376
0.140306 0.0416359 0.458449 -0.415272 0.764284 0.493376
0.12019 -0.215384 0.0218689 0.868911 0.493825 -0.0336221
-0.248658 -0.0269657 0.227223 -0.868911 -0.493825 0.0336221
0.0181679 -0.034408 0.0433595 0.868911 0.493825 -0.0336221
0.00900828 0.360417 -0.334898 0.868911 0.493825 -0.033622
-0.0711941 0.122431 0.0375177 0.868911 0.493825 -0.0336221
-0.0824293 0.00637181 0.524184 0.269338 -0.414738 0.869166
0.0126759 0.0810705 -0.379648 0.269339 -0.414738 0.869166
-0.22925 0.389141 -0.129879 0.868911 0.493825 -0.0336221
0.125606 0.0353836 0.392365 -0.269338 0.414738 -0.869166
0.144491 -0.245856 0.20233 0.868911 0.493825 -0.0336221
-0.264388 0.010726 0.374302 -0.868911 -0.493825 0.0336221
0.0921661 -0.151001 0.243268 0.868911 0.493825 -0.0336221
0.0238151 -0.0257832 0.31598 0.868911 0.493825 -0.0336221
0.143449 -0.285841 -0.121958 0.415272 -0.764284 -0.493376
0.18858 -0.330695 0.0956811 0.868915 0.493817 -0.0336272
0.0103955 -0.0389722 -0.224542 0.868911 0.493825 -0.0336221
-0.0547403 -0.12695 -0.160811 -0.269338 0.414738 -0.869166
-0.0629467 -0.356569 0.185573 -0.868911 -0.493825 0.0336221
-0.0840243 0.263806 -0.262488 0.269339 -0.414738 0.869166
-0.253399 0.118124 0.0176908 -0.269338 0.414738 -0.869166
-0.242493 0.359659 -0.271489 -0.868909 -0.493828 0.0336277
-0.0300656 0.0141431 -0.490063 0.868911 0.493825 -0.0336221
0.224168 -0.0829952 0.305337 -0.269338 0.414738 -0.869166
0.283371 -0.0708851 0.420823 0.868911 0.493825 -0.0336221
-0.163085 0.0590842 0.443245 -0.415272 0.764284 0.493376
-0.0750142 0.351487 -0.223441 0.269339 -0.414738 0.869166
0.0163639 0.0947846 -0.535107 -0.269339 0.414738 -0.869166
-0.311938 0.0708196 0.013259 -0.269338 0.414738 -0.869166
0.315935 -0.13355 0.341987 0.868911 0.493825 -0.0336221
0.153026 -0.258868 0.231795 0.868911 0.493825 -0.0336221
-0.127914 0.232812 0.192885 0.868911 0.493825 -0.0336221
0.0731296 -0.149201 0.411396 -0.868912 -0.493824 0.033619
-0.230452 0.337904 -0.279849 -0.868905 -0.493834 0.0336372
-0.0410427 -0.0102836 -0.498859 -0.868912 -0.493824 0.0336213
-0.0505776 0.0604925 -0.339408 0.868911 0.493825 -0.0336221
-0.0857563 0.412282 -0.351962 -0.269339 0.414738 -0.869166
0.0070615 -0.00286093 0.219681 0.868911 0.493825 -0.0336221
-0.177556 -0.17229 -0.0697192 -0.868911 -0.493825 0.0336221
-0.16283 -0.18228 0.164134 -0.868911 -0.493825 0.0336221
-0.0214904 -0.0039565 -0.534289 0.868911 0.493825 -0.0336207
-0.110708 -0.27176 0.196887 -0.868911 -0.493825 0.0336221
-0.117435 0.146644 -0.168222 -0.868911 -0.493825 0.0336221
-0.145015 -0.234755 -0.146213 -0.868911 -0.493825 0.0336221
-0.197803 -0.0254181 0.544767 0.269338 -0.414738 0.869166
-0.0945811 -0.305362 -0.233598 -0.269338 0.414738 -0.869166
