ply
format ascii 1.0
comment Created by Open3D
element vertex 2096
property double x
property double y
property double z
property double nx
property double ny
property double nz
end_header
-0.0276335 -0.164025 0.262862 -0.0682826 -0.594569 0.80114
-0.266308 -0.387175 0.043669 0.735033 0.512987 0.443363
0.0569353 0.171424 0.0180906 -0.674584 0.619138 0.402
-0.263378 0.0499331 -0.332304 -0.674584 0.619138 0.402
0.0775995 -0.0112806 0.0232132 0.674584 -0.619138 -0.402
0.0499139 0.221537 -0.0708723 -0.674584 0.619138 0.402
-0.36725 -0.00950803 -0.415061 -0.674584 0.619138 0.402
-0.0447486 0.0720227 -0.148517 -0.0682815 -0.594571 0.801139
-0.167782 -0.129297 0.00485545 0.735033 0.512987 0.443363
-0.367748 -0.00450121 -0.423607 -0.674584 0.619138 0.402
0.0371175 -0.20484 0.342628 0.0682825 0.594569 -0.80114
0.00341992 -0.129799 0.330026 0.674584 -0.619138 -0.402
-0.00824327 0.177837 -0.43042 0.0682826 0.594569 -0.80114
0.0499614 0.0170392 0.181974 0.674584 -0.619138 -0.402
-0.250343 0.054223 -0.317038 -0.674584 0.619138 0.402
-0.428995 -0.434103 0.0857414 -0.735033 -0.512987 -0.443363
0.229828 -0.085284 0.446608 -0.0583925 0.498108 -0.865146
0.0596093 0.00466088 0.00252324 0.392548 0.722231 0.569464
0.0996767 0.217227 0.0192709 -0.674584 0.619138 0.402
-0.0419377 0.0259393 0.0762425 -0.674584 0.619138 0.402
0.103366 -0.0682923 0.465203 -0.674584 0.619138 0.402
0.0494527 -0.101885 0.186242 0.0442995 -0.804029 -0.592937
0.108499 0.308131 -0.10593 -0.674584 0.619138 0.402
0.123723 -0.176341 0.441372 -0.0682824 -0.594569 0.80114
-0.313393 -0.409635 -0.0815658 0.674581 -0.619141 -0.402001
-0.0672057 0.267281 -0.33786 -0.674584 0.619138 0.402
-0.0865755 -0.175996 0.065228 -0.735033 -0.512987 -0.443363
0.100435 0.317365 -0.133684 -0.674584 0.619138 0.402
0.235604 0.191139 0.220696 0.176697 -0.797527 -0.576827
0.363027 0.355292 -0.124583 0.674584 -0.619138 -0.402
-0.0467474 -0.10082 0.0148087 -0.0682825 -0.594569 0.80114
-0.365922 -0.0939988 -0.412336 -0.735033 -0.512987 -0.443363
0.0857101 0.088482 0.037464 0.735033 0.512987 0.443363
0.114072 -0.0153503 0.339441 0.674584 -0.619138 -0.402
0.0551412 -0.139363 0.162617 -0.0682825 -0.594569 0.80114
0.321513 0.166024 0.402626 0.735033 0.512987 0.443363
0.044006 -0.0407744 0.00469541 0.0682827 0.594569 -0.80114
0.301134 0.162052 0.441006 0.735033 0.512987 0.443363
0.240197 -0.104207 0.504834 -0.0682824 -0.594569 0.80114
0.129105 0.118473 0.15856 0.674584 -0.619138 -0.402
-0.269248 -0.312776 0.15428 0.674585 -0.619138 -0.401999
-0.423062 -0.379385 0.0609459 -0.674585 0.619137 0.402
-0.352287 -0.223677 -0.2849 -0.735033 -0.512987 -0.443363
0.0952209 0.0231358 0.0973043 0.735033 0.512987 0.443363
-0.115254 -0.24282 0.19009 -0.735033 -0.512987 -0.443363
-0.181365 -0.0911913 0.0226725 -0.674585 0.619139 0.401999
-0.411069 -0.43129 0.0527679 -0.735033 -0.512987 -0.443363
-0.302744 0.0149085 -0.576439 0.0682824 0.594569 -0.80114
0.279608 0.232749 0.112959 -0.735033 -0.512987 -0.443363
0.17083 0.181785 0.131068 0.674584 -0.619138 -0.402
0.307955 0.502871 -0.0711573 -0.674593 0.619131 0.401997
-0.163521 0.036296 -0.47845 -0.0502203 -0.581798 0.811781
0.0829542 -0.03602 0.381246 -0.674584 0.619138 0.402
0.0981213 0.275355 -0.278768 -0.0682825 -0.594569 0.80114
-0.376465 -0.365998 -0.0801454 -0.735033 -0.512987 -0.443363
0.102417 0.351606 -0.183094 -0.674584 0.619138 0.402
0.138844 -0.119801 0.484623 -0.0682825 -0.594569 0.80114
-0.34724 -0.299597 0.0652968 -0.674584 0.619138 0.402
-0.288331 -0.523381 0.148695 -0.0682841 -0.594568 0.801141
-0.225266 -0.104514 -0.100829 0.666176 -0.668135 -0.331368
-0.331511 -0.0171961 -0.343247 -0.674584 0.619138 0.402
0.0565215 0.218744 -0.21979 0.0682825 0.594569 -0.80114
-0.203591 0.0401664 -0.279124 0.674584 -0.619138 -0.402
0.334555 0.00798101 0.362548 0.674584 -0.619138 -0.402
-0.251397 0.00519833 -0.434872 0.728018 0.467856 0.5011
0.255374 0.36194 -0.201106 -0.0682825 -0.594569 0.80114
-0.0547598 -0.220359 0.197237 0.943968 -0.298399 -0.141002
-0.0957961 -0.0386903 0.0854032 -0.674584 0.619138 0.402
0.219946 0.136788 0.28279 0.674584 -0.619138 -0.402
0.128774 0.301882 -0.0622832 -0.674584 0.619138 0.402
0.324308 0.551361 -0.118397 -0.674584 0.619138 0.402
-0.00506105 0.253815 -0.212838 -0.674584 0.619138 0.402
0.212573 0.307424 0.0698029 -0.674584 0.619138 0.402
-0.0269419 0.120775 -0.41779 0.674585 -0.619136 -0.402002
0.0441772 -0.184121 0.190877 0.0682824 0.594569 -0.80114
-0.235586 -0.0634874 -0.484118 0.674585 -0.619138 -0.402
-0.054635 0.0476016 -0.246436 -0.735033 -0.512987 -0.443363
0.148198 0.123339 -0.12784 0.674584 -0.619138 -0.402
0.113858 0.0669071 0.212394 0.674584 -0.619138 -0.402
0.316487 0.411646 0.083661 -0.674584 0.619138 0.402
0.0786897 0.125599 0.125173 -0.674584 0.619138 0.402
-0.214481 -0.117317 -0.365797 0.674585 -0.619138 -0.402
-0.276348 -0.246369 -0.16739 0.0682826 0.594569 -0.80114
-0.409744 -0.238526 -0.133647 -0.674584 0.619138 0.402
-0.246809 -0.016699 -0.547551 -0.264833 -0.711297 0.651092
-0.276199 -0.38498 0.181649 0.157747 0.652894 -0.740841
-0.255511 -0.0352018 -0.561117 0.674584 -0.619139 -0.401999
0.06066 0.207425 -0.0311061 -0.674584 0.619138 0.402
0.147222 0.264188 -0.282871 -0.068266 -0.594589 0.801127
-0.323905 -0.495661 0.0857372 0.632618 0.204218 0.747054
0.00745302 0.0859267 -0.259351 -0.0682825 -0.594569 0.80114
0.00195683 -0.0441015 -0.0531717 0.674584 -0.619138 -0.402
0.179953 0.215922 0.155991 -0.674584 0.619138 0.402
0.118903 0.235008 -0.03804 0.674585 -0.619138 -0.402
0.25296 0.329377 0.0347522 0.079598 -0.803701 -0.589685
-0.408617 -0.2681 -0.140114 -0.735035 -0.512984 -0.443362
-0.331172 -0.342234 0.157927 -0.674584 0.619138 0.402
-0.0961627 0.104938 -0.13642 -0.674584 0.619138 0.402
-0.306236 -0.176378 -0.138563 0.919976 -0.153051 -0.360859
0.0059513 0.244698 -0.242506 0.674584 -0.619138 -0.402
-0.330813 -0.339496 -0.186494 -0.735033 -0.512987 -0.443363
0.367603 0.271491 0.204185 0.735033 0.512987 0.443363
-0.300522 -0.529146 0.143378 -0.0682826 -0.594569 0.80114
-0.232245 0.108724 -0.370607 -0.674584 0.619138 0.402
0.178865 0.150825 0.254422 -0.674584 0.619138 0.402
-0.360878 -0.205836 -0.2913 -0.735033 -0.512987 -0.443363
-0.171093 -0.253716 0.29022 -0.674584 0.619138 0.402
-0.25373 0.104896 -0.400765 -0.674584 0.619138 0.402
0.0794691 0.0336778 -0.0189221 -0.994455 0.104942 -0.00687595
0.339744 0.205493 0.326734 0.735033 0.512987 0.443363
-0.157114 0.03878 -0.136808 -0.674584 0.619138 0.402
-0.139853 0.185567 -0.333917 -0.674584 0.619138 0.402
-0.300399 0.00728136 -0.328738 -0.674584 0.619138 0.402
0.415113 0.34365 -0.0192489 0.674584 -0.619138 -0.402
-0.140723 0.221534 -0.390771 -0.674584 0.619138 0.402
-0.27091 -0.33079 -0.13171 0.674584 -0.619138 -0.402
0.104609 0.204865 -0.225991 0.0682827 0.594569 -0.80114
0.240994 0.414478 -0.0473843 -0.674584 0.619138 0.402
-0.320687 -0.368998 0.112813 0.736487 0.527421 0.423573
0.0878751 0.216718 -0.061938 0.674584 -0.619138 -0.402
-0.156254 -0.232549 0.220332 0.674584 -0.619138 -0.402
-0.0571248 0.0461858 0.0195749 -0.674584 0.619138 0.402
0.191016 0.00325787 0.502089 -0.674584 0.619138 0.402
0.177759 0.321935 -0.0731575 0.674583 -0.619138 -0.402003
-0.309876 -0.0868139 -0.199721 -0.674584 0.619138 0.402
0.121043 -0.00581883 0.398649 -0.674584 0.619138 0.402
-0.226012 -0.0704612 -0.0841763 -0.674584 0.619138 0.402
0.34531 0.427194 -0.215225 0.0682826 0.594569 -0.80114
-0.218897 -0.114871 -0.349998 0.735033 0.512987 0.443363
-0.184325 -0.323501 0.235689 0.0682942 0.594554 -0.80115
0.00395013 0.235661 -0.316254 -0.0682825 -0.594569 0.80114
-0.200734 -0.252079 0.237959 -0.674584 0.619138 0.402
-0.0688568 0.159494 -0.274448 0.0682825 0.594569 -0.80114
-0.284223 -0.13098 -0.0886514 -0.674584 0.619138 0.402
0.156065 0.354048 -0.159019 0.674584 -0.619138 -0.402
-0.0903408 -0.313961 0.320992 -0.0682826 -0.594569 0.80114
-0.124123 0.225456 -0.368955 -0.674584 0.619138 0.402
0.0740043 0.134991 0.102846 -0.674584 0.619138 0.402
0.261433 -0.00402702 0.51754 0.722503 0.665451 0.187521
0.0943426 -0.0458049 0.178527 0.735033 0.512987 0.443363
0.00592375 0.221523 -0.326578 -0.0682825 -0.594569 0.80114
-0.252605 -0.225809 -0.262679 0.674584 -0.619138 -0.402
-0.203608 -0.0883303 -0.112374 0.43511 -0.858369 0.271813
0.0791264 -0.0630676 0.0433459 0.674584 -0.619138 -0.402
-0.212271 0.0135707 -0.19054 -0.674584 0.619138 0.402
-0.376381 -0.1771 -0.298847 -0.735036 -0.512984 -0.443361
-0.240512 0.116885 -0.39705 -0.674584 0.619138 0.402
-0.393489 -0.097304 -0.362811 -0.735033 -0.512987 -0.443363
-0.132489 -0.137742 0.0949543 -0.454532 -0.696325 -0.555456
-0.0930352 0.186568 -0.319084 0.674584 -0.619138 -0.402
0.408176 0.181765 0.218438 0.674584 -0.619138 -0.402
-0.242153 -0.106262 -0.429258 0.674584 -0.619138 -0.402
-0.008752 0.0554021 -0.286581 0.674584 -0.619138 -0.402
-0.256988 -0.222868 0.0985723 -0.674584 0.619138 0.402
0.338487 -0.0337638 0.472261 -0.194879 -0.674614 0.711982
0.21554 0.0755122 0.36977 0.674584 -0.619138 -0.402
0.349448 0.195479 0.0987656 0.674584 -0.619138 -0.402
-0.0379055 -0.166457 0.138543 0.0442806 -0.804029 -0.592939
-0.0954447 -0.084828 0.0948627 0.674584 -0.619138 -0.402
-0.291049 -0.444689 0.00991751 0.674584 -0.619138 -0.402
0.0684853 0.29031 -0.145629 -0.674584 0.619138 0.402
0.221893 0.326017 -0.230621 -0.0682825 -0.594569 0.80114
-0.379007 -0.317187 0.03908 -0.674584 0.619138 0.402
0.0326576 -0.172115 0.195506 0.674584 -0.619138 -0.402
-0.0347566 0.110993 -0.0427025 -0.674584 0.619138 0.402
-0.281579 0.102339 -0.44356 -0.674584 0.619138 0.402
0.261777 0.352062 0.00229854 -0.398615 -0.719874 -0.568232
0.198299 -0.0161926 0.544266 -0.674584 0.619139 0.401999
0.0549904 0.205754 -0.0380455 -0.674584 0.619138 0.402
-0.165015 0.0356673 -0.212857 0.590856 -0.163863 -0.789961
0.0122961 -0.307513 0.334526 -0.0682821 -0.594569 0.80114
-0.308295 -0.307231 0.0207789 0.735033 0.512987 0.443363
0.118066 0.02562 0.283043 0.674584 -0.619138 -0.402
-0.261038 -0.270823 -0.0996927 0.735033 0.512987 0.443363
0.346976 0.237422 0.0300185 0.674584 -0.619138 -0.402
-0.229915 -0.33645 0.292406 -0.0682826 -0.594569 0.80114
0.0885253 0.137697 -0.172313 -0.710394 0.59279 0.379393
0.173347 -0.0651682 0.528109 -0.0682825 -0.594569 0.80114
-0.163383 -0.276669 0.338509 -0.674584 0.619139 0.401999
-0.123981 0.0779743 -0.514398 0.0682826 0.594569 -0.80114
-0.0882157 0.204989 -0.277178 -0.674584 0.619138 0.402
0.189689 0.283057 0.00674169 0.674585 -0.619138 -0.402
0.15048 0.167201 0.119381 0.674584 -0.619138 -0.402
0.183259 0.313353 0.0114795 -0.674584 0.619138 0.402
-0.100609 -0.242061 0.373478 -0.0682826 -0.594569 0.80114
-0.436351 -0.388629 0.0528848 -0.674585 0.619138 0.402
0.0240499 0.116583 -0.109582 -0.0682826 -0.594569 0.80114
-0.388081 -0.00960116 -0.449873 -0.674584 0.619138 0.402
0.0886133 -0.053272 0.417313 -0.674584 0.619138 0.402
-0.279615 -0.218521 -0.225015 -0.0682826 -0.594569 0.80114
0.172063 0.384496 -0.180433 0.619111 -0.774404 -0.130385
-0.344619 -0.0618793 -0.484818 -0.735033 -0.512987 -0.443363
0.0322744 -0.0894735 0.378528 -0.674584 0.619138 0.402
0.299641 -0.0358016 0.390469 -0.735033 -0.512987 -0.443363
0.0173578 -0.0908914 -0.0174538 0.674584 -0.619138 -0.402
-0.10788 -0.379161 0.271109 -0.068266 -0.594582 0.801131
-0.313417 -0.14487 -0.116248 -0.674584 0.619138 0.402
0.117498 -0.0456886 0.454105 -0.674584 0.619138 0.402
-0.0451634 0.220158 -0.228296 -0.674584 0.619138 0.402
0.00261166 0.0694283 -0.195312 -0.97385 -0.134687 -0.182961
-0.314039 -0.254526 -0.0276376 0.962879 0.170928 0.20892
0.303632 0.348994 0.158582 -0.674584 0.619138 0.402
-0.279748 -0.174642 -0.0760849 0.674585 -0.619138 -0.401999
0.333011 0.380356 0.135572 0.735033 0.512987 0.443363
0.256627 0.419593 -0.152308 -0.328243 -0.73935 0.587893
0.10165 0.37024 -0.278261 0.0682823 0.594569 -0.80114
0.36847 0.442714 -0.15302 0.240063 -0.330975 0.912593
0.0898647 0.138154 -0.149601 -0.911602 -0.28909 -0.292247
-0.190555 0.053161 -0.538487 0.0682824 0.594569 -0.80114
-0.181186 0.0184158 -0.518974 0.674584 -0.619138 -0.402
-0.0654484 -0.362601 0.262064 0.674584 -0.619138 -0.401999
0.15144 0.190907 0.14667 -0.674584 0.619138 0.402
0.143157 -0.21176 0.379801 0.674584 -0.619138 -0.402
0.312199 0.473781 -0.0907926 0.264812 0.711286 -0.651111
-0.233021 -0.264832 0.141232 0.674584 -0.619138 -0.402
0.0629958 0.0919741 0.079476 0.995966 -0.0874799 0.0199644
-0.222099 -0.0466416 -0.269769 0.674584 -0.619138 -0.402
-0.0547278 0.133239 -0.397268 -0.0682825 -0.594569 0.80114
-0.286453 -0.221178 -0.114999 0.735033 0.512987 0.443363
0.273595 0.160307 0.206745 -0.735033 -0.512987 -0.443363
-0.131906 -0.394818 0.200162 0.674584 -0.61914 -0.401997
0.0286377 -0.0080508 -0.0971507 0.0682825 0.594569 -0.80114
-0.0530195 -0.166272 0.35368 -0.674584 0.619138 0.402
0.022373 -0.0203545 0.25546 -0.674584 0.619138 0.402
0.225643 0.0244793 0.4424 -0.528502 -0.659529 -0.534517
0.209118 0.0282551 0.431777 0.674584 -0.619138 -0.402
-0.232676 -0.191803 0.0915253 -0.674584 0.619138 0.402
0.0255788 0.0876818 0.0944477 -0.674584 0.619138 0.402
0.0068884 0.130096 -0.101017 -0.0682826 -0.594569 0.80114
-0.0292534 0.0528553 -0.287024 -0.0682825 -0.594569 0.80114
-0.00795208 -0.121634 -0.0125766 0.674584 -0.619138 -0.402
0.0862924 -0.154515 0.216438 0.0682824 0.594569 -0.80114
-0.183985 -0.0516727 -0.0425896 -0.674584 0.619138 0.402
0.30667 0.163434 0.430229 0.735033 0.512987 0.443363
-0.164868 0.0230342 -0.486804 0.0944243 -0.467725 0.878816
-0.165912 -0.421495 0.184185 0.674584 -0.619138 -0.402
-0.266936 -0.189496 -0.0469739 -0.302043 -0.753009 -0.584592
-0.216251 0.13959 -0.391307 -0.674584 0.619138 0.402
-0.0706559 0.0759705 -0.0490041 -0.674584 0.619138 0.402
-0.323702 -0.226334 -0.0080409 -0.674584 0.619138 0.402
0.00997955 0.130256 -0.279609 -0.990585 -0.0550986 -0.125321
0.101009 0.250194 -0.0914564 0.674584 -0.619138 -0.402
-0.0320403 -0.216123 0.398573 -0.0682826 -0.594569 0.80114
0.0977073 -0.259037 0.377782 -0.0682821 -0.594569 0.80114
-0.215728 -0.0261568 -0.508289 0.674582 -0.619143 -0.401996
-0.0826963 0.0865795 -0.458683 0.674584 -0.619138 -0.402
0.37593 0.209348 0.121844 0.674576 -0.619144 -0.402005
0.0856832 0.226087 -0.0800459 0.674584 -0.619138 -0.402
0.0210957 -0.0402776 -0.0891339 0.674584 -0.619138 -0.402
-0.287756 -0.20837 0.0246122 -0.674584 0.619138 0.402
-0.306793 -0.0160788 -0.30349 -0.674584 0.619138 0.402
-0.0787094 0.138521 -0.395392 -0.0682825 -0.594569 0.80114
0.230462 0.0501727 0.405562 -0.683412 -0.557146 -0.471737
0.0494915 -0.0513756 0.348743 -0.674584 0.619138 0.402
-0.423835 -0.321711 -0.0528539 -0.735036 -0.512984 -0.443362
-0.238804 0.0415954 -0.278226 -0.674584 0.619138 0.402
-0.205852 -0.30779 0.241865 0.492329 0.0458008 -0.869204
-0.260566 -0.336056 -0.106239 0.674584 -0.619138 -0.402
0.0882874 0.130707 -0.161764 -0.744423 0.56498 0.355853
0.0668594 0.137953 0.0114313 0.454188 0.113072 -0.883701
-0.239304 0.0760463 -0.449601 0.200831 -0.370104 0.907023
0.359715 0.202578 0.105061 0.674584 -0.619138 -0.402
-0.0607971 0.0122441 0.0656876 -0.674584 0.619138 0.402
0.00773844 -0.243523 0.206877 -0.0682825 -0.594569 0.80114
-0.371953 -0.037432 -0.467788 -0.735033 -0.512987 -0.443363
0.337622 0.163816 0.127687 0.674584 -0.619138 -0.402
0.392585 0.37222 0.0462213 0.735033 0.512987 0.443363
-0.00321823 -0.241449 0.382233 -0.0682827 -0.594569 0.80114
0.0606391 0.0273134 0.246257 -0.674584 0.619138 0.402
0.391399 0.26941 0.0552977 0.674566 -0.619151 -0.402011
-0.124302 -0.0817742 0.0238011 0.215164 -0.796589 0.564934
0.0804896 0.207879 -0.371664 0.674583 -0.619145 -0.401991
-0.272991 -0.249075 -0.105039 0.735033 0.512987 0.443363
-0.292605 0.0128364 -0.324214 -0.674584 0.619138 0.402
-0.0555939 -0.117595 0.106143 0.0682825 0.594569 -0.80114
0.289359 0.205059 0.356313 -0.674584 0.619138 0.402
0.273142 0.229481 0.12746 -0.735033 -0.512987 -0.443363
-0.322098 -0.455541 -0.025471 0.674584 -0.619138 -0.402
-0.335232 -0.259128 -0.270911 -0.719366 -0.67357 -0.169753
0.258594 0.428177 -0.221886 0.0682826 0.594569 -0.80114
-0.0615986 0.0653828 -0.0796877 0.674584 -0.619138 -0.402
-0.258613 -0.422157 0.0296441 0.674584 -0.619138 -0.402
0.0501369 0.241719 -0.101582 -0.674584 0.619138 0.402
0.211153 -0.0027931 0.545198 -0.674584 0.619138 0.401999
-0.306908 -0.18492 -0.0436434 -0.674584 0.619138 0.402
-0.100642 0.0925833 -0.124909 -0.674584 0.619138 0.402
-0.041181 -0.192535 0.173661 0.0442998 -0.804029 -0.592937
0.0134807 -0.1848 0.120673 0.674584 -0.619138 -0.402
-0.346357 -0.0303572 -0.347891 -0.674584 0.619138 0.402
-0.330634 -0.137305 -0.420733 -0.735033 -0.512987 -0.443363
0.331894 0.355827 0.165807 0.735033 0.512987 0.443363
0.222972 0.392416 -0.105836 0.674583 -0.619138 -0.402002
0.379464 0.514242 -0.0963487 0.735033 0.512987 0.443363
-0.00924418 0.229936 -0.245269 0.674584 -0.619138 -0.402
-0.341683 0.0512786 -0.502306 0.341415 -0.221152 0.913525
-0.179106 -0.102472 0.0438359 -0.674584 0.619138 0.402
-0.323141 -0.0663841 -0.253446 -0.674584 0.619138 0.402
0.0550116 -0.196442 0.350386 0.068275 0.594573 -0.801137
0.255785 -0.0817388 0.443031 -0.302882 0.264479 -0.915594
0.0642848 0.14064 -0.277093 0.0682826 0.594569 -0.80114
-0.205926 -0.0650281 -0.431974 0.674585 -0.619138 -0.402
0.337545 0.0972157 0.455661 0.735033 0.512987 0.443363
0.232418 -0.099684 0.507528 -0.0682824 -0.594569 0.80114
-0.348088 -0.438818 0.139793 -0.716646 -0.418642 -0.557814
-0.118801 0.142549 -0.294525 0.674584 -0.619138 -0.402
-0.0925348 0.0529872 -0.189834 -0.735033 -0.512987 -0.443363
-0.165687 -0.244113 0.222314 0.674584 -0.619138 -0.402
0.0734703 0.185539 -0.0380911 0.674584 -0.619138 -0.402
0.340876 0.211009 0.318476 0.735033 0.512987 0.443363
-0.00460991 0.0700982 0.0708701 -0.674584 0.619138 0.402
0.0322902 -0.232705 0.322398 0.392546 0.722231 0.569464
0.000111108 -0.040756 -0.123611 0.674584 -0.619138 -0.402
0.192905 0.260215 0.0473175 0.674584 -0.619138 -0.402
-0.171624 -0.0212007 -0.0687777 -0.674584 0.619138 0.402
-0.0297657 -0.205423 0.406707 -0.0682826 -0.594569 0.80114
-0.0820744 -0.241936 0.13406 -0.735033 -0.512987 -0.443363
-0.101011 -0.378897 0.27189 -0.0682821 -0.594569 0.80114
-0.147024 0.117231 -0.302893 0.674584 -0.619138 -0.402
0.0637926 0.114998 -0.12192 0.971426 -0.222582 -0.0823937
0.0510515 -0.0714846 0.320143 0.674584 -0.619138 -0.402
0.274156 0.394479 -0.0651303 -0.735033 -0.512987 -0.443363
-0.040234 -0.148534 0.347816 -0.674584 0.619138 0.402
0.088203 0.201202 -0.348437 0.674584 -0.619138 -0.402
0.0910954 0.0577127 0.250546 -0.674584 0.619138 0.402
0.151316 0.418848 -0.237953 0.0682823 0.594569 -0.80114
0.11891 0.156349 0.0831183 0.674585 -0.619138 -0.402
0.0198873 0.330082 -0.315033 0.0682823 0.594569 -0.80114
0.271718 0.221422 0.301508 -0.674584 0.619138 0.402
-0.0605713 0.0873522 -0.1118 0.674584 -0.619138 -0.402
-0.0954872 0.190135 -0.266503 -0.674584 0.619138 0.402
-0.259536 -0.301529 -0.0666537 0.735033 0.512987 0.443363
-0.167827 -0.429823 0.193796 0.674584 -0.619138 -0.401999
-0.171175 0.200201 -0.409017 -0.674584 0.619138 0.402
0.326913 0.17838 0.0974411 -0.735033 -0.512987 -0.443363
-0.34251 -0.127799 -0.19136 -0.674584 0.619138 0.402
-0.36154 -0.170742 -0.157155 -0.674584 0.619138 0.402
0.304924 -0.0360671 0.560921 -0.0682824 -0.594569 0.80114
-0.171297 0.12101 -0.287255 -0.674584 0.619138 0.402
-0.181431 0.0289175 -0.535559 0.674584 -0.619138 -0.402
0.123268 0.152204 0.0968143 0.674585 -0.619138 -0.402
0.305331 0.439229 0.0224582 -0.674584 0.619138 0.402
0.301411 -0.0513817 0.549256 -0.0682824 -0.594569 0.80114
-0.00825034 0.0803011 -0.193994 -0.0551659 -0.799535 -0.59808
-0.222781 -0.165177 -0.0883516 0.674584 -0.619138 -0.402
-0.311009 -0.144926 -0.112122 -0.674584 0.619138 0.402
0.0044069 0.279673 -0.236776 -0.674584 0.619138 0.402
-0.329414 -0.256499 0.0288316 -0.674584 0.619138 0.402
0.381902 0.402922 0.0284096 0.735033 0.512987 0.443363
-0.266023 0.101307 -0.509188 0.0682824 0.594569 -0.80114
0.0774817 0.106851 0.089832 0.674584 -0.619138 -0.402
0.0170761 0.189537 -0.363242 -0.997206 0.0650631 -0.0367068
0.0986171 0.233856 -0.00811863 -0.674584 0.619138 0.402
0.317624 0.0111624 0.586644 0.676541 0.300652 0.672236
-0.0715164 -0.186543 0.0536159 0.0682825 0.594569 -0.80114
-0.326007 -0.501506 0.161719 -0.0682826 -0.594569 0.80114
0.16955 0.136141 0.261407 -0.674584 0.619138 0.402
-0.0826469 0.00952543 0.0332093 -0.674584 0.619138 0.402
0.249626 0.0408487 0.384699 -0.735033 -0.512987 -0.443363
-0.272164 -0.463668 0.0708375 0.674584 -0.619138 -0.402
0.30561 0.454879 -0.00117668 -0.674584 0.619138 0.402
-0.123366 -0.0574773 0.0680745 -0.674584 0.619138 0.402
0.0426979 -0.11624 0.203087 0.472349 -0.726576 -0.498972
0.0999138 0.141189 -0.174168 0.674584 -0.619138 -0.402
0.0971909 0.105827 -0.00163822 0.735033 0.512987 0.443363
0.220054 0.251908 0.105668 0.674584 -0.619138 -0.402
-0.0942323 -0.222689 0.371413 -0.674584 0.619139 0.401999
-0.140533 0.224167 -0.394506 -0.674584 0.619138 0.402
-0.335477 -0.37217 -0.140958 -0.735033 -0.512987 -0.443363
-0.124755 0.119983 -0.207572 -0.674584 0.619138 0.402
-0.270776 -0.119039 -0.457612 0.674566 -0.619149 -0.402014
0.0376573 0.212829 -0.330326 -0.068254 -0.5946 0.801119
0.0829125 -0.246301 0.331906 0.674584 -0.619142 -0.401994
0.0699582 0.0894064 0.104074 0.674584 -0.619138 -0.402
0.136239 0.291422 -0.0958355 0.674584 -0.619138 -0.402
-0.345064 -0.0859031 -0.456284 -0.735033 -0.512987 -0.443363
0.414399 0.23626 0.144949 0.674584 -0.619138 -0.402
0.212054 0.246969 0.0998511 0.674584 -0.619138 -0.402
0.169581 0.101065 0.31548 -0.674584 0.619138 0.402
0.320522 0.51649 -0.0710438 -0.674585 0.619138 0.401999
-0.00309265 -0.228349 0.159934 0.674584 -0.619138 -0.401999
0.0865526 0.241732 -0.316713 0.437773 0.703721 0.559581
0.156876 0.402322 -0.249744 0.0682823 0.594569 -0.80114
-0.287689 -0.331731 0.0149653 0.735033 0.512987 0.443363
0.0804639 0.277008 -0.349259 0.0682654 0.594595 -0.801122
-0.105655 0.182262 -0.333628 0.674584 -0.619138 -0.402
0.171396 -0.146825 0.397129 0.0682826 0.594569 -0.80114
0.31609 0.40044 0.100253 -0.674584 0.619138 0.402
0.271816 0.00168967 0.50124 0.51918 0.0107938 0.854597
-0.0298923 -0.220394 0.395585 -0.0682756 -0.594571 0.801139
-0.22553 -0.380396 0.189952 0.0682825 0.594569 -0.80114
-0.421491 -0.292804 -0.069763 -0.674584 0.619138 0.402
0.242419 0.0195115 0.521184 0.695452 0.350401 0.627349
-0.31543 -0.414113 0.227479 -0.0682827 -0.594569 0.80114
0.0282757 -0.185062 0.188823 0.0682825 0.594569 -0.80114
0.154124 0.142717 -0.138708 0.735033 0.512987 0.443363
0.286861 0.329926 0.159806 -0.674584 0.619138 0.402
-0.32968 -0.507725 0.15679 -0.0682826 -0.594569 0.80114
0.265544 0.322962 0.0318953 -0.735033 -0.512987 -0.443363
0.148719 0.298756 -0.0861883 0.674587 -0.619138 -0.401995
0.297042 0.0724738 0.2695 -0.735033 -0.512987 -0.443363
-0.208293 -0.211082 0.162133 -0.674584 0.619138 0.402
-0.155428 -0.00598636 -0.1583 0.742535 0.506027 0.438837
0.146868 0.274968 -0.2749 -0.0682825 -0.594569 0.80114
0.0727352 0.00557376 -0.0730969 0.674584 -0.619138 -0.402
0.0686653 -0.0347187 0.0112914 0.0682826 0.594569 -0.80114
-0.285626 -0.317371 0.196065 -0.674584 0.619138 0.402
-0.123605 -0.211946 0.243388 0.674584 -0.619138 -0.402
-0.250715 -0.416596 0.0343332 0.674584 -0.619138 -0.402
-0.00658749 -0.0455049 0.0592835 -0.0682826 -0.594569 0.80114
-0.124606 -0.0622134 0.0732865 -0.674584 0.619138 0.402
-0.271065 -0.150947 -0.408953 0.674584 -0.619138 -0.402
0.0600833 0.136895 0.0765534 -0.674584 0.619138 0.402
-0.368236 -0.0815659 -0.422885 -0.735033 -0.512987 -0.443363
-0.101689 0.165796 -0.377108 -0.0682825 -0.594569 0.80114
0.416194 0.218201 0.175775 0.674584 -0.619138 -0.402
-0.237017 -0.428586 0.151032 0.227668 0.692517 -0.684534
0.113799 0.0625813 0.218956 0.674584 -0.619138 -0.402
0.278534 -0.120456 0.466353 0.674584 -0.619138 -0.402
-0.314716 -0.385741 -0.120587 0.674585 -0.619138 -0.401999
0.124928 0.079726 -0.0174231 0.735033 0.512987 0.443363
-0.334473 -0.0601472 -0.282067 -0.674584 0.619138 0.402
-0.29895 -0.234091 -0.327693 0.674584 -0.619138 -0.402
0.21762 0.288912 -0.266351 0.674584 -0.619138 -0.402
-0.039463 0.0857677 -0.137866 -0.0682826 -0.594569 0.80114
0.0252426 0.29659 -0.339433 0.0682823 0.594569 -0.80114
0.199471 0.312425 -0.0220758 0.674584 -0.619138 -0.402
0.0809857 -0.0605392 0.0555898 -0.0682826 -0.594569 0.80114
-0.291248 -0.214659 0.0284381 -0.674584 0.619138 0.402
0.200571 0.31548 -0.240258 -0.0682825 -0.594569 0.80114
0.212293 0.361291 -0.01363 -0.674584 0.619138 0.402
-0.332924 -0.0643857 -0.27294 -0.674584 0.619138 0.402
-0.274523 -0.503048 0.164962 -0.0682826 -0.594569 0.80114
-0.148994 -0.405499 0.248058 -0.0682683 -0.59458 0.801133
-0.0662572 0.275488 -0.348908 -0.674584 0.619138 0.402
-0.100099 -0.236878 0.202617 -0.0682825 -0.594569 0.80114
-0.0199707 -0.187668 0.120366 -0.0682825 -0.594569 0.80114
0.343809 0.403864 -0.23164 0.674584 -0.619138 -0.401999
-0.156585 0.0961392 -0.224262 -0.674584 0.619138 0.402
0.37028 0.463936 -0.125991 -0.691882 -0.720143 -0.0519015
-0.185146 -0.380156 0.263785 -0.0682826 -0.594569 0.80114
-0.27081 -0.264415 0.0771781 0.674584 -0.619138 -0.402
-0.401361 -0.256867 -0.165141 -0.735041 -0.512978 -0.44336
-0.109799 0.126654 -0.259685 0.178412 -0.797343 -0.576553
0.227728 0.0383317 0.423219 -0.569332 -0.6362 -0.520683
-0.416263 -0.284872 -0.108032 -0.73503 -0.51299 -0.443365
-0.0174377 0.239963 -0.212272 -0.674584 0.619138 0.402
-0.392496 -0.493899 0.161697 -0.0682826 -0.594569 0.80114
0.208602 0.44971 -0.156002 -0.674584 0.619138 0.402
0.0666017 -0.0259862 0.0798524 -0.606728 -0.612705 -0.506433
0.200239 0.208513 0.201442 -0.674584 0.619138 0.402
0.325935 0.14949 0.414424 0.735033 0.512987 0.443363
-0.243711 -0.448401 0.110065 0.601173 0.776795 -0.187567
-0.309146 -0.471963 0.021555 0.674615 -0.619114 -0.401986
0.358489 0.378372 -0.167746 0.674585 -0.61914 -0.401997
-0.313093 -0.17968 -0.0620912 -0.674584 0.619138 0.402
0.158641 0.398286 -0.160641 -0.674584 0.619138 0.402
-0.266962 -0.0912961 -0.29759 0.735033 0.512987 0.443363
-0.192985 -0.0511721 -0.213936 0.674584 -0.619139 -0.401999
-0.0446599 0.104075 -0.0486662 -0.674584 0.619138 0.402
-0.343606 -0.206399 -0.22134 -0.0210592 -0.63631 0.771146
-0.416321 -0.482584 0.168064 -0.0682826 -0.594569 0.80114
-0.327733 -0.156806 -0.121887 -0.674584 0.619138 0.402
-0.289461 -0.0562509 -0.30041 0.84154 0.396981 0.366356
-0.048796 0.187121 -0.18351 -0.674584 0.619138 0.402
-0.022329 0.017449 -0.2503 0.0682825 0.594569 -0.80114
-0.365957 -0.138635 -0.360633 -0.735033 -0.512987 -0.443363
-0.029227 0.25297 -0.252088 -0.674584 0.619138 0.402
-0.200192 -0.170639 -0.0420336 0.674584 -0.619138 -0.402
-0.1159 -0.0081273 -0.0812141 -0.559836 -0.641834 -0.524055
-0.213198 -0.235632 0.191714 -0.674584 0.619138 0.402
-0.437506 -0.425164 0.107214 -0.674585 0.619138 0.402
-0.105421 -0.0861487 0.080156 0.674584 -0.619138 -0.402
0.0192633 -0.123289 0.346586 0.674584 -0.619138 -0.402
-0.194199 0.0776486 -0.321092 0.674584 -0.619138 -0.402
0.21947 0.237055 0.189755 -0.674584 0.619138 0.402
0.132292 0.356907 -0.207796 0.53339 -0.841176 0.0889858
0.015955 -0.20579 0.340119 0.0682825 0.594569 -0.80114
-0.0748129 -0.234204 0.381508 -0.0682826 -0.594569 0.80114
-0.134924 -0.0152545 -0.0785399 0.674584 -0.619138 -0.402
0.237099 0.017834 0.534386 0.703843 0.703649 0.0973772
-0.395532 -0.173553 -0.271201 -0.735038 -0.512983 -0.443359
-0.33693 -0.327089 -0.190709 -0.735033 -0.512987 -0.443363
-0.39784 -0.481116 0.0884855 -0.735033 -0.512987 -0.443363
-0.342952 -0.356887 -0.146248 -0.735033 -0.512987 -0.443363
-0.0080887 0.205239 -0.339858 -0.0683044 -0.594541 0.801159
0.150953 0.00338592 0.434663 -0.674584 0.619139 0.401999
-0.23446 -0.063247 -0.383928 0.735033 0.512987 0.443363
0.108969 0.0700205 0.199395 0.674584 -0.619138 -0.402
-0.219082 -0.0593513 -0.245131 0.674584 -0.619138 -0.402
0.0903359 0.120152 0.153105 -0.674584 0.619138 0.402
0.0115155 0.19901 -0.35734 -0.566482 -0.637904 -0.521705
0.28817 0.374564 -0.18828 -0.157746 -0.652893 0.740842
-0.417895 -0.464594 0.102618 -0.735033 -0.512987 -0.443363
0.112022 -0.168084 0.260288 0.674584 -0.619138 -0.402
0.367134 0.273502 0.202637 0.735033 0.512987 0.443363
0.340809 0.312526 0.201128 0.735033 0.512987 0.443363
-0.405718 -0.347149 0.0404032 -0.674584 0.619138 0.402
-0.286779 -0.212344 -0.141761 0.360292 0.751445 -0.552739
-0.246269 0.0222294 -0.260927 -0.674584 0.619138 0.402
0.333454 0.0206723 0.341154 0.674584 -0.619138 -0.402
-0.0608602 -0.072154 0.195567 -0.674584 0.619138 0.402
-0.254063 -0.175007 -0.343366 0.674584 -0.619138 -0.402
0.224655 0.243441 0.126431 0.674584 -0.619138 -0.402
0.222837 -0.00866079 0.466237 -0.584462 -0.115302 -0.803187
0.0069366 0.0246497 -0.212891 0.674584 -0.619138 -0.402
0.140131 0.172996 0.155279 -0.674584 0.619138 0.402
0.127311 0.369273 -0.16853 -0.674584 0.619138 0.402
0.203458 0.397487 -0.0842033 -0.674584 0.619138 0.402
-0.331406 -0.0840348 -0.240131 -0.674584 0.619138 0.402
-0.332878 -0.121757 -0.184503 -0.674584 0.619138 0.402
-0.203753 -0.0872147 -0.0948728 0.620623 -0.772354 -0.135265
-0.275499 0.00622808 -0.499639 -0.612858 -0.166148 -0.772528
-0.0826238 -0.227623 0.11841 -0.735033 -0.512987 -0.443363
0.293851 0.364863 -0.255406 0.674584 -0.619138 -0.401999
-0.157979 0.160053 -0.325037 -0.674584 0.619138 0.402
-0.391514 -0.400929 -0.0147793 -0.735033 -0.512987 -0.443363
0.160355 -0.145733 0.396998 0.0682826 0.594569 -0.80114
-0.0361722 -0.074962 0.00787005 0.744426 -0.564977 -0.355851
-0.105199 -0.290771 0.266724 0.068283 0.594568 -0.80114
-0.296315 -0.270539 0.0438102 0.674585 -0.619138 -0.401999
-0.361281 0.0530751 -0.553102 0.0682824 0.594569 -0.80114
-0.214033 -0.000453033 -0.171897 -0.674583 0.619136 0.402005
0.25577 0.0509488 0.362827 -0.735033 -0.512987 -0.443363
-0.21135 -0.151959 -0.0878997 0.081895 0.581941 -0.809097
-0.324964 -0.502511 0.110532 0.456116 0.777766 -0.432478
0.211761 0.399283 -0.0730357 -0.674584 0.619138 0.402
-0.342531 -0.235822 -0.0250237 -0.674584 0.619138 0.402
0.00543396 0.115111 -0.276991 -0.674588 0.619135 0.401997
-0.00140744 0.023746 -0.225501 0.674584 -0.619138 -0.402
-0.40407 -0.325477 -0.0812654 -0.735033 -0.512987 -0.443363
0.268171 -0.00394562 0.581628 -0.0682824 -0.594569 0.80114
0.158511 0.0182315 0.362292 0.674584 -0.619138 -0.402
-0.0110809 -0.119867 -0.0205492 0.674584 -0.619138 -0.402
0.353095 0.277517 -0.021465 0.674584 -0.619138 -0.402
-0.0485519 0.0939253 -0.310119 -0.735033 -0.512987 -0.443363
0.330724 0.23456 0.0261211 -0.735033 -0.512987 -0.443363
-0.0748815 0.0264825 -0.0803448 0.0682825 0.594569 -0.80114
-0.192708 0.0997073 -0.433914 -0.0682825 -0.594569 0.80114
0.356856 0.358644 0.121163 0.735033 0.512987 0.443363
0.0361316 -0.149321 0.243914 0.710385 -0.592797 -0.379399
0.013039 0.0380712 -0.223322 0.674584 -0.619138 -0.402
0.269816 0.471962 -0.0875526 -0.674585 0.61914 0.401995
-0.158589 0.03792 -0.511094 0.674584 -0.619138 -0.402
-0.128548 -0.169983 0.232653 -0.674584 0.619138 0.402
-0.1035 0.127781 -0.183914 -0.674584 0.619138 0.402
-0.309226 -0.27534 -0.281407 0.674584 -0.619138 -0.402
0.230064 -0.0922532 0.442322 0.0140269 0.555222 -0.831584
0.0909042 -0.0302251 0.385662 -0.674584 0.619138 0.402
-0.278621 -0.340999 0.0106552 0.735033 0.512987 0.443363
-0.221621 -0.204147 0.0668976 0.674584 -0.619138 -0.402
-0.288289 0.0146171 -0.319715 -0.674584 0.619138 0.402
-0.394851 -0.294196 -0.132742 -0.735033 -0.512987 -0.443363
0.125478 0.17794 -0.131971 0.735033 0.512987 0.443363
-0.318154 -0.116888 -0.167295 -0.674584 0.619138 0.402
0.0805432 -0.160537 0.449421 -0.0682825 -0.594569 0.80114
-0.130226 -0.410644 0.227356 0.674584 -0.619138 -0.401999
-0.051551 0.203103 -0.212748 -0.674584 0.619138 0.402
-0.0242143 0.146907 -0.453459 0.674584 -0.619138 -0.401999
0.142217 0.199297 0.118271 -0.674584 0.619138 0.402
0.0721237 -0.142584 0.21625 0.674584 -0.619138 -0.402
0.0710363 -0.112166 0.120965 0.0682825 0.594569 -0.80114
0.0599054 0.059396 -0.148968 -0.0682825 -0.594569 0.80114
0.273007 -0.014738 0.518902 0.606962 0.775151 -0.17532
0.239188 0.277918 0.0977184 0.674584 -0.619138 -0.402
0.0124365 0.0127132 0.187856 -0.674584 0.619138 0.402
-0.418388 -0.250505 -0.129704 -0.674584 0.619138 0.402
0.036287 -0.141383 0.459865 -0.0682825 -0.594569 0.80114
0.299695 0.458434 -0.0165783 -0.674584 0.619138 0.402
0.0402206 0.196764 -0.0489844 -0.674584 0.619138 0.402
-0.0196559 0.242158 -0.281564 0.674584 -0.619138 -0.402
-0.0551722 -0.0311413 0.141947 -0.674584 0.619138 0.402
0.3069 0.418421 0.0571385 -0.674584 0.619138 0.402
-0.207893 -0.0402041 -0.473506 0.674584 -0.619139 -0.401999
-0.264366 -0.0418718 -0.565704 0.674591 -0.619128 -0.402004
-0.212589 0.0696602 -0.339649 0.674585 -0.619138 -0.402
0.284137 0.392735 0.0585007 -0.674584 0.619138 0.402
0.351657 -0.072127 0.514625 0.674584 -0.619138 -0.402
-0.131349 -0.0369317 0.0230351 -0.674584 0.619138 0.402
0.0316068 -0.259908 0.357753 0.203044 0.777926 0.594646
0.0143383 0.102495 0.0527701 -0.674584 0.619138 0.402
0.162016 -0.0130068 0.478474 -0.674584 0.619138 0.402
0.191305 0.0152524 0.421911 0.674584 -0.619138 -0.402
-0.0417823 -0.202803 0.117853 0.674584 -0.619138 -0.402
0.0983184 0.0174818 -0.0485063 0.674584 -0.619138 -0.402
0.0849703 0.287705 -0.113954 -0.674584 0.619138 0.402
0.330774 0.230578 0.312582 0.735033 0.512987 0.443363
-0.362492 -0.546457 0.105486 -0.735033 -0.512987 -0.443363
0.379531 0.273727 0.181824 0.735033 0.512987 0.443363
-0.334072 -0.413713 -0.095219 -0.735033 -0.512987 -0.443363
-0.42189 -0.314751 -0.0366312 -0.674584 0.619138 0.402
0.0908409 0.203421 -0.347427 0.674584 -0.619138 -0.402
-0.0735926 -0.0561786 0.0874077 0.674584 -0.619138 -0.402
-0.0568035 -0.311515 0.293688 0.392544 0.722232 0.569465
-0.0304153 -0.136549 -0.0273008 0.674584 -0.619138 -0.402
-0.303388 -0.218077 -0.359804 0.674585 -0.619138 -0.402
0.35692 -0.00574971 0.421225 0.674586 -0.619137 -0.401999
0.2171 0.393964 -0.118075 0.674581 -0.619138 -0.402006
-0.237142 -0.272269 0.207959 -0.674584 0.619138 0.402
0.267839 0.49865 -0.168796 0.0682823 0.594569 -0.80114
-0.0347763 -0.0923049 -0.102674 -0.0682826 -0.594569 0.80114
-0.395634 -0.205126 -0.234501 -0.735034 -0.512986 -0.443363
0.117287 0.0146794 -0.0123599 0.674584 -0.619138 -0.402
0.415974 0.362674 -0.047104 0.674584 -0.619138 -0.402
0.102249 -0.100527 0.195455 -0.0682825 -0.594569 0.80114
-0.373149 -0.409754 0.191479 -0.674584 0.619138 0.402
0.419584 0.44234 -0.163743 0.674577 -0.619138 -0.402013
-0.409056 -0.433503 0.0519913 -0.735033 -0.512987 -0.443363
-0.324475 -0.31246 -0.217294 -0.39841 0.15309 -0.904341
0.254142 -0.128789 0.438255 0.674588 -0.619109 -0.402039
-0.243314 0.0497835 -0.298406 -0.674584 0.619138 0.402
-0.310243 -0.21114 -0.00885697 -0.674584 0.619138 0.402
-0.0187946 0.131068 -0.395817 -0.0682828 -0.594569 0.80114
0.0984929 -0.0284985 0.0226027 0.674584 -0.619138 -0.402
0.27154 0.355449 0.094788 -0.674584 0.619138 0.402
-0.393393 -0.44272 0.141681 0.662798 0.747759 -0.0394364
0.18941 -0.151595 0.465337 -0.0682824 -0.594569 0.80114
-0.28984 -0.261066 0.102275 -0.674584 0.619138 0.402
0.133554 0.3222 -0.0855542 -0.674584 0.619138 0.402
-0.268949 -0.260114 0.135865 -0.674584 0.619138 0.402
-0.0734103 -0.0887295 0.123566 0.414505 0.177473 -0.892574
-0.24919 0.0224767 -0.566257 0.0682824 0.594569 -0.80114
-0.00186733 -0.0248408 0.221692 -0.674584 0.619138 0.402
0.122023 0.269709 -0.0862497 0.674584 -0.619138 -0.402
-0.39548 -0.501495 0.108153 -0.735033 -0.512987 -0.443363
0.286475 0.2099 0.344016 -0.674584 0.619138 0.402
0.203232 0.31174 -0.242807 -0.0682825 -0.594569 0.80114
-0.184188 -0.189774 0.0142932 0.67459 -0.619131 -0.402002
-0.401597 -0.442892 0.0504882 -0.735033 -0.512987 -0.443363
-0.26609 -0.143523 -0.107268 0.120928 -0.719957 -0.683403
0.294911 0.120155 0.217863 -0.735033 -0.512987 -0.443363
-0.398236 -0.305487 -0.0112056 -0.674584 0.619138 0.402
-0.0827068 -0.128095 0.09604 0.0682825 0.594569 -0.80114
-0.0420434 0.0357179 -0.249941 0.674584 -0.619138 -0.402
-0.0115965 0.136559 -0.276546 0.744411 -0.564991 -0.355862
-0.267626 0.114872 -0.499257 0.0682827 0.594569 -0.80114
-0.113252 0.196752 -0.425332 0.0682827 0.594569 -0.80114
0.148732 0.176241 -0.180283 -0.0682828 -0.594569 0.80114
0.139125 0.00184526 0.0491509 0.735033 0.512987 0.443363
-0.372775 -0.189828 -0.290097 -0.735033 -0.512987 -0.443363
0.185186 -0.0449915 0.47282 -0.0583921 0.498109 -0.865146
-0.281871 -0.0483984 -0.585027 0.674585 -0.619138 -0.402
0.316502 0.365671 -0.218641 0.674585 -0.619132 -0.402007
0.224825 0.294153 0.110801 -0.674584 0.619138 0.402
-0.185821 0.0679816 -0.456872 -0.0682825 -0.594569 0.80114
-0.021755 -0.0383653 -0.123944 0.0682825 0.594569 -0.80114
0.318556 0.459102 0.0140429 -0.674585 0.619138 0.401999
-0.0889274 -0.0538038 0.0546267 0.567852 -0.823059 0.0108904
-0.365008 -0.437296 -0.016645 -0.735033 -0.512987 -0.443363
0.297541 -0.0467492 0.406513 -0.733136 -0.498245 -0.462886
0.410484 0.312078 0.0216084 0.674584 -0.619138 -0.402
-0.0325502 -0.196927 0.0621068 0.674584 -0.619138 -0.402
-0.196422 0.0446248 -0.545323 0.0682824 0.594569 -0.80114
0.132575 0.196013 -0.164648 0.735033 0.512987 0.443363
-0.0829686 -0.107226 0.212484 -0.674584 0.619138 0.402
0.0590976 -0.0838189 0.280942 0.735033 0.512987 0.443363
0.191352 -0.173972 0.448895 -0.0682689 -0.594583 0.80113
-0.294475 -0.000241394 -0.493517 -0.0236721 0.526146 -0.850065
-0.0862371 0.0796914 -0.231173 -0.735033 -0.512987 -0.443363
0.300374 0.393844 0.084039 -0.674584 0.619138 0.402
-0.0307291 -0.156427 0.268237 -0.0682826 -0.594569 0.80114
0.190415 0.301623 -0.0206357 0.674584 -0.619138 -0.402
-0.316424 -0.376438 0.235354 -0.674584 0.619139 0.401999
0.00643848 -0.201878 0.174481 0.0682825 0.594569 -0.80114
-0.240659 -0.371457 -0.0170407 0.735033 0.512987 0.443363
0.0056249 -0.0478688 -0.103403 0.674584 -0.619138 -0.402
-0.0186398 -0.0248417 -0.0527249 -0.203027 -0.77793 -0.594648
0.157896 0.219913 0.11283 -0.674584 0.619138 0.402
0.100184 0.00805467 0.342278 -0.674584 0.619138 0.402
-0.0108335 -0.0313098 0.0694566 -0.0682826 -0.594569 0.80114
-0.304342 -0.00437266 -0.519374 0.737523 0.54199 0.402874
-0.0589318 0.194209 -0.211434 -0.674584 0.619138 0.402
0.305577 0.399428 -0.239217 0.0682826 0.594569 -0.80114
-0.312245 -0.449707 -0.0179227 0.67458 -0.619142 -0.402002
-0.315186 -0.393116 -0.110017 0.674571 -0.619149 -0.402006
0.22166 0.379169 -0.0254476 -0.674584 0.619138 0.402
0.00751468 -0.0993082 0.352127 -0.674584 0.619138 0.402
-0.226313 -0.010534 -0.455736 0.712538 0.403786 0.5738
0.343651 0.100314 0.235606 0.674584 -0.619138 -0.402
-0.158983 -0.233689 0.279698 -0.674584 0.619138 0.402
0.380935 0.285409 0.0130982 0.674597 -0.61913 -0.401992
-0.384928 -0.425381 0.195779 -0.674584 0.619138 0.402
0.0609472 -0.0036794 0.232319 0.674584 -0.619138 -0.402
-0.412658 -0.238084 -0.139219 -0.674584 0.619138 0.402
0.122425 -0.237466 0.395898 -0.0682821 -0.594569 0.80114
0.00853213 -0.112083 0.373509 -0.674584 0.619138 0.402
-0.15166 -0.0484283 0.00665725 -0.674584 0.619138 0.402
0.331178 0.555603 -0.113402 -0.674584 0.619139 0.402
-0.375493 -0.113846 -0.373506 -0.735033 -0.512987 -0.443363
-0.103902 -0.0238191 -0.0821218 -0.735033 -0.512987 -0.443363
0.3364 -0.092087 0.522029 -0.0682821 -0.594569 0.80114
0.109782 0.21714 -0.336771 0.674584 -0.619138 -0.402
0.40667 0.347911 -0.0399804 0.674584 -0.619138 -0.402
-0.0351949 -0.0653666 0.228182 -0.674584 0.619138 0.402
-0.402822 -0.480666 0.0962252 -0.735033 -0.512987 -0.443363
0.0871151 -0.0345858 0.38602 -0.674584 0.619138 0.402
-0.0462992 -0.0871173 -0.104381 -0.735033 -0.512987 -0.443364
-0.190415 0.0977633 -0.345722 0.674584 -0.619138 -0.402
-0.0843794 -0.0688771 0.151053 -0.674584 0.619138 0.402
0.026681 0.243119 -0.143099 -0.674584 0.619138 0.402
0.170924 0.116601 0.293808 -0.674584 0.619138 0.402
-0.274493 -0.260571 -0.089248 0.735033 0.512987 0.443363
0.0127539 -0.0604043 0.0498744 -0.0682797 -0.594572 0.801138
-0.0527298 -0.246463 0.374292 -0.0682826 -0.594569 0.80114
0.150932 0.364527 -0.183771 0.674584 -0.619138 -0.402
0.200931 0.272772 0.0414462 0.674584 -0.619138 -0.402
0.279056 0.276224 0.063572 -0.735033 -0.512987 -0.443363
0.226569 0.322402 0.0702206 -0.674584 0.619138 0.402
