ply
format ascii 1.0
comment Created by Open3D
element vertex 512
property double x
property double y
property double z
property double nx
property double ny
property double nz
end_header
-0.0261738 0.162894 -0.328566 0.269339 -0.414738 0.869166
-0.071865 0.138035 0.24936 0.868911 0.493825 -0.0336226
-0.072898 -0.310807 0.369883 0.269338 -0.414738 0.869166
0.0876318 -0.171255 -0.171404 0.868911 0.493825 -0.0336221
-0.13171 -0.245705 0.0368127 -0.868911 -0.493825 0.0336221
0.234886 -0.042333 0.321418 -0.269338 0.414738 -0.869166
0.0665444 -0.12682 -0.06373 0.868911 0.493825 -0.0336221
0.0603057 0.265301 -0.406216 0.868911 0.493825 -0.0336221
-0.173309 -0.174395 0.00912256 -0.868911 -0.493825 0.0336221
-0.0528022 -0.384887 0.0318184 -0.868911 -0.493825 0.0336221
-0.252611 -0.0204522 0.220712 -0.868911 -0.493825 0.0336221
-0.00724597 -0.0231134 -0.447531 0.868911 0.493825 -0.0336221
0.0436977 -0.0848864 -0.0382648 0.868911 0.493825 -0.0336221
-0.0504258 0.124632 0.438089 -0.487284 0.865368 0.117014
-0.2007 -0.124968 0.0271934 -0.868911 -0.493825 0.0336221
0.24954 -0.00958217 0.446906 0.868911 0.493825 -0.0336221
-0.190793 0.230126 0.0517342 -0.269338 0.414738 -0.869166
-0.222244 0.33232 -0.149724 -0.868911 -0.493825 0.033622
-0.365556 0.16996 0.0985137 -0.868911 -0.493825 0.0336221
-0.12819 -0.264646 -0.15041 -0.868911 -0.493825 0.0336221
0.218795 0.0130604 0.352836 -0.269338 0.414738 -0.869166
0.0837888 -0.150891 0.0283877 0.868911 0.493825 -0.0336221
0.0447216 -0.446104 0.0432051 0.415272 -0.764283 -0.493376
0.0585274 -0.122 0.433543 -0.868911 -0.493825 0.0336222
0.192591 -0.0655222 0.323459 -0.269338 0.414738 -0.869166
0.117028 0.0270642 0.391054 -0.269338 0.414738 -0.869166
-0.0631512 0.1038 -0.0282704 0.868911 0.493825 -0.0336221
0.0204389 -0.0194211 0.322171 0.868911 0.493825 -0.0336221
-0.0611447 0.0297404 -0.430511 -0.868912 -0.493824 0.0336213
0.0195182 -0.0690459 -0.430489 0.868911 0.493825 -0.0336221
0.0775452 -0.157479 -0.22974 0.868911 0.493825 -0.0336221
-0.188406 0.128892 0.313793 -0.415272 0.764284 0.493376
-0.160509 0.226823 -0.103761 -0.868911 -0.493825 0.033622
0.272649 -0.144492 0.421828 0.269338 -0.414738 0.869166
-0.118916 0.270841 -0.409178 -0.269339 0.414738 -0.869166
-0.00301182 -0.277158 0.364283 0.269338 -0.414738 0.869166
-0.280778 0.0316317 0.257777 -0.868911 -0.493825 0.0336221
-0.175616 0.233865 -0.390761 -0.868911 -0.493825 0.033622
-0.235135 0.364832 -0.0910298 -0.415271 0.764284 0.493376
-0.224781 -0.0705361 0.204338 -0.868911 -0.493825 0.0336221
0.148411 -0.269095 -0.0376758 0.868915 0.493817 -0.0336272
0.0193765 -0.0257294 0.202062 0.868911 0.493825 -0.0336221
-0.0964917 0.148931 -0.227037 0.868911 0.493825 -0.0336221
-0.00195853 -0.0660251 -0.307495 -0.868911 -0.493825 0.0336221
0.121914 -0.239361 0.347909 -0.868911 -0.493826 0.0336225
0.0339741 0.0907252 -0.53025 0.415272 -0.764284 -0.493376
-0.0341302 -0.398677 0.311832 -0.868911 -0.493825 0.0336221
-0.172686 0.194482 0.225421 -0.415272 0.764284 0.493376
-0.244104 -0.0445496 0.0866382 -0.868911 -0.493825 0.0336221
0.0768125 0.00801774 0.457084 -0.415272 0.764284 0.493376
-0.0175496 0.045275 0.290641 0.868911 0.493825 -0.0336221
-0.0479373 -0.331822 -0.211819 0.415272 -0.764283 -0.493376
0.201128 -0.345813 0.197907 0.868911 0.493825 -0.0336221
0.166596 -0.294329 0.0616658 0.868911 0.493825 -0.0336221
-0.0576507 0.103978 0.116491 0.868911 0.493825 -0.0336221
-0.33059 0.14334 0.0536433 -0.269338 0.414738 -0.869166
-0.0823471 0.151402 0.174793 0.868911 0.493825 -0.0336221
-0.0281679 0.344093 -0.402345 -0.269339 0.414738 -0.869166
-0.0390971 0.0900329 0.499663 -0.415271 0.764284 0.493376
-0.227761 -0.0798779 -0.00987656 -0.868911 -0.493825 0.0336221
-0.0989605 0.0916063 -0.499144 -0.868911 -0.493825 0.0336223
-0.135474 -0.231521 0.147881 -0.868911 -0.493825 0.0336221
-0.158507 -0.190216 0.159291 -0.868911 -0.493825 0.0336221
-0.233819 0.0366321 -0.0272618 -0.269338 0.414738 -0.869166
-0.0328827 0.0972428 -0.518673 -0.269339 0.414738 -0.869166
0.120995 0.154802 -0.460768 0.868911 0.493825 -0.0336221
0.0470004 0.119537 -0.37193 0.269339 -0.414738 0.869166
0.0292371 -0.0472178 0.141284 0.868911 0.493825 -0.0336221
0.206342 -0.319768 0.35874 0.269339 -0.414738 0.869166
-0.157751 0.169201 0.277155 -0.415272 0.764284 0.493376
-0.139614 0.172426 -0.362738 -0.868911 -0.493825 0.033622
-0.13176 -0.222074 0.382601 -0.868911 -0.493825 0.0336221
0.0171345 -0.0300269 0.0809998 0.868911 0.493825 -0.0336221
0.293177 -0.0871975 0.434638 0.868911 0.493825 -0.0336221
0.0609849 -0.109518 0.0467253 0.868911 0.493825 -0.0336221
0.0953169 -0.152109 0.308426 0.868911 0.493825 -0.0336221
0.00240708 -0.471396 0.188016 -0.868911 -0.493825 0.0336221
0.181552 -0.44498 0.156632 0.415272 -0.764283 -0.493376
-0.0803385 0.116666 -0.283477 0.868911 0.493825 -0.0336221
-0.0297191 -0.216738 0.401389 0.269338 -0.414738 0.869166
-0.0530403 0.100986 0.191701 0.868911 0.493825 -0.0336221
0.0518831 -0.085591 0.162927 0.868911 0.493825 -0.0336221
0.176661 0.193031 0.489354 -0.0728342 0.194752 0.978145
-0.191514 -0.000585414 0.51175 -0.415272 0.764284 0.493376
0.0804189 -0.219156 0.366106 0.269339 -0.414738 0.869166
-0.136831 -0.246125 -0.101705 -0.868911 -0.493825 0.0336221
-0.115202 -0.282 -0.069644 -0.868911 -0.493825 0.0336221
0.378104 -0.246753 0.28599 0.868911 0.493825 -0.0336221
-0.0110488 -0.378252 -0.108845 0.415272 -0.764283 -0.493376
0.12356 -0.452727 0.241285 0.269339 -0.414738 0.869166
-0.0265597 0.180941 -0.480695 -0.269339 0.414738 -0.869166
-0.147036 0.253726 0.00588957 0.868911 0.493825 -0.0336221
-0.121765 0.232274 -0.265839 0.269339 -0.414738 0.869166
-0.255533 0.241772 0.0824328 -0.415272 0.764284 0.493376
0.125402 -0.233725 -0.112808 0.868915 0.493817 -0.0336272
0.104613 -0.183618 0.0858881 0.868911 0.493825 -0.0336221
-0.246196 0.104389 0.303109 -0.415272 0.764284 0.493376
0.181908 -0.404415 0.246257 0.269339 -0.414738 0.869166
-0.211075 -0.0891569 0.285051 -0.868911 -0.493825 0.0336221
0.0401785 -0.381338 -0.0609468 0.415272 -0.764283 -0.493376
-0.0177643 -0.159001 0.425235 0.269338 -0.414738 0.869166
-0.208329 0.229393 0.14134 -0.415272 0.764284 0.493376
-0.308128 0.0757361 0.198745 -0.868911 -0.493825 0.0336221
-0.026536 0.049706 0.123484 0.868911 0.493825 -0.0336221
0.0897446 0.212348 -0.42317 0.868911 0.493825 -0.0336221
-0.0779344 0.228404 -0.442127 -0.269339 0.414738 -0.869166
-0.0439894 -0.242622 -0.219337 -0.269338 0.414738 -0.869166
-0.226728 0.046156 0.409704 -0.415272 0.764284 0.493376
0.280174 -0.115082 0.27267 -0.269338 0.414738 -0.869166
0.302068 -0.109996 0.329577 0.868911 0.493825 -0.0336221
-0.129892 -0.237765 0.20043 -0.868911 -0.493825 0.0336221
0.152134 0.0940269 -0.435909 0.415272 -0.764284 -0.493376
0.163148 -0.314062 0.31638 -0.868908 -0.49383 0.0336299
0.171744 -0.294769 0.188237 0.868911 0.493825 -0.0336221
0.0702389 -0.121705 0.10688 0.868911 0.493825 -0.0336221
-0.0767119 -0.335421 0.14044 -0.868911 -0.493825 0.0336221
-0.235116 -0.0714325 -0.075936 -0.868911 -0.493825 0.0336221
0.0407291 -0.0853896 -0.122374 0.868911 0.493825 -0.0336221
-0.0979981 0.339564 -0.222008 0.269339 -0.414738 0.869166
0.368708 -0.274493 0.330029 0.269338 -0.414738 0.869166
-0.216116 0.119926 0.00699755 -0.269338 0.414738 -0.869166
-0.123642 0.379638 -0.287311 -0.415272 0.764283 0.493376
0.10407 -0.289853 0.325043 0.269339 -0.414738 0.869166
-0.138467 -0.0994293 0.491064 0.269338 -0.414738 0.869166
0.121892 0.0931784 0.475383 0.371743 -0.606234 0.703056
0.0368482 -0.035012 0.517252 0.868911 0.493825 -0.0336221
0.0518438 -0.108149 -0.169404 0.868911 0.493825 -0.0336221
-0.142065 0.00955732 -0.0686138 -0.269338 0.414738 -0.869166
-0.040943 -0.29429 -0.244936 -0.269338 0.414738 -0.869166
-0.0114733 -0.0620331 -0.494756 -0.868911 -0.493825 0.0336225
-0.159486 -0.172534 0.393676 -0.868911 -0.493825 0.0336221
-0.213642 -0.075649 0.41711 -0.868911 -0.493825 0.0336221
-0.175171 0.10091 0.368281 -0.415272 0.764284 0.493376
-0.324912 0.127211 0.201502 -0.415272 0.764284 0.493376
-0.0652624 -0.0695711 -0.130171 -0.269338 0.414738 -0.869166
-0.0818583 0.143355 0.0692314 0.868911 0.493825 -0.0336221
-0.180613 -0.166815 -0.0683042 -0.868911 -0.493825 0.0336221
-0.0392801 0.0597718 -0.058026 0.868911 0.493825 -0.0336221
-0.0885978 0.0779514 -0.431894 -0.868911 -0.493825 0.033622
-0.108567 0.131553 -0.160687 -0.868911 -0.493825 0.0336221
-0.084115 0.136263 -0.0932519 0.868911 0.493825 -0.0336221
-0.0722167 0.226752 -0.283827 0.269339 -0.414738 0.869166
-0.178897 0.0664303 -0.0300623 -0.269338 0.414738 -0.869166
0.138478 -0.248654 0.00585989 0.868911 0.493825 -0.0336221
-0.272708 0.0420496 0.377364 -0.415272 0.764284 0.493376
-0.093483 0.124618 0.400312 -0.415272 0.764284 0.493376
-0.118279 -0.251931 0.292464 -0.868911 -0.493825 0.0336221
-0.00415506 0.0247225 0.334938 0.868911 0.493825 -0.0336221
-0.102038 -0.248836 -0.204315 -0.269338 0.414738 -0.869166
-0.0419667 -0.361691 -0.160523 0.415272 -0.764283 -0.493376
-0.10964 -0.275586 0.168297 -0.868911 -0.493825 0.0336221
-0.106643 0.41507 -0.327889 -0.415272 0.764283 0.493376
-0.316654 0.0943731 0.252116 -0.868911 -0.493825 0.0336221
0.0210206 0.14861 -0.510866 -0.269339 0.414738 -0.869166
0.02334 -0.107936 -0.269262 -0.868911 -0.493825 0.0336221
0.27314 -0.278577 0.243137 0.415272 -0.764283 -0.493376
-0.255916 0.426944 -0.204738 -0.415272 0.764283 0.493376
-0.0188767 -0.0824022 -0.150668 -0.269338 0.414738 -0.869166
0.0842759 -0.215223 -0.270245 -0.868911 -0.493825 0.0336221
0.0463736 -0.0954022 0.510098 -0.868911 -0.493825 0.0336211
-0.262195 -0.0100036 0.126495 -0.868911 -0.493825 0.0336221
0.190842 -0.346316 0.0116126 0.415272 -0.764284 -0.493376
0.0323099 -0.184559 0.397522 0.269339 -0.414738 0.869166
-0.00639895 0.380374 -0.23092 0.269339 -0.414738 0.869166
0.0311599 0.0635535 -0.490527 0.415272 -0.764283 -0.493376
-0.0768978 -0.255118 0.397696 0.269338 -0.414738 0.869166
-0.0643703 0.30274 -0.410859 -0.269339 0.414738 -0.869166
-0.276373 0.162109 0.188297 -0.415272 0.764284 0.493376
-0.289526 0.0354654 0.0880136 -0.868911 -0.493825 0.0336221
-0.1052 0.179741 0.000426214 0.868911 0.493825 -0.0336221
0.104369 -0.189573 -0.00788403 0.868911 0.493825 -0.0336221
0.0511124 0.0675702 -0.398001 0.269339 -0.414738 0.869166
-0.202426 0.295035 -0.185199 -0.868911 -0.493825 0.033622
0.0896833 0.0575484 -0.431966 0.415272 -0.764283 -0.493376
-0.0944922 0.180337 0.285907 0.868912 0.493823 -0.0336233
0.333552 -0.172007 0.23243 0.868911 0.493825 -0.0336221
0.231671 -0.437143 0.186678 0.415272 -0.764284 -0.493376
0.237244 -0.102985 0.452606 0.269338 -0.414738 0.869166
0.0295708 -0.32037 0.333567 0.269339 -0.414738 0.869166
0.0158917 -0.0847763 -0.54079 0.415272 -0.764284 -0.493376
0.00836132 0.121476 0.373317 -0.27961 0.433666 -0.856593
0.0816671 -0.344531 0.305894 0.269339 -0.414738 0.869166
0.00889781 0.358521 -0.365603 0.868911 0.493825 -0.0336221
0.0318059 -0.524737 0.164342 -0.868911 -0.493825 0.0336221
-0.0124488 0.0116998 -0.404964 0.269339 -0.414738 0.869166
0.0670623 -0.142076 -0.274419 0.868911 0.493825 -0.0336221
-0.110424 0.0867187 0.444761 -0.415272 0.764284 0.493376
-0.0313176 0.43298 -0.311286 0.868911 0.493825 -0.033622
0.0201101 -0.0388584 0.0281882 0.868911 0.493825 -0.0336221
0.0807452 0.233401 -0.346527 0.868911 0.493825 -0.033622
0.125015 -0.236845 -0.168653 0.868911 0.493826 -0.0336218
-0.26807 0.0699568 -0.000746583 -0.269338 0.414738 -0.869166
0.0207988 -0.0104306 0.463519 0.868911 0.493825 -0.0336221
0.0635197 0.189647 0.425156 -0.49479 0.868415 -0.0322173
-0.136937 0.232368 -0.0467921 0.868911 0.493825 -0.0336221
0.133053 -0.235101 0.0647077 0.868911 0.493825 -0.0336221
0.182603 0.0659655 0.456361 -0.415272 0.764284 0.493376
-0.194742 0.179336 0.0287225 -0.269338 0.414738 -0.869166
0.0600599 0.0382671 0.409817 0.460406 -0.831308 -0.311372
0.200635 -0.339694 0.275037 0.868911 0.493825 -0.0336221
-0.220136 0.163502 0.233473 -0.415272 0.764284 0.493376
0.33874 -0.173833 0.339695 0.868911 0.493825 -0.0336221
0.139725 -0.262826 0.406554 0.269338 -0.414738 0.869166
-0.163039 0.316223 -0.222235 -0.415272 0.764283 0.493376
-0.153583 0.192384 -0.430592 -0.868911 -0.493825 0.0336223
0.0175974 -0.378952 0.309324 0.269338 -0.414738 0.869166
0.0459203 0.0777215 0.367066 0.144982 -0.318875 -0.936642
0.11867 -0.379364 0.00206124 0.415272 -0.764283 -0.493376
0.216874 -0.246014 0.229809 -0.269338 0.414738 -0.869166
0.0996253 0.125324 0.361334 0.0237257 -0.109404 -0.993714
-0.0328815 -0.416264 0.0857985 -0.868911 -0.493825 0.0336221
0.148485 -0.273029 -0.093552 0.868911 0.493826 -0.0336218
0.0243975 -0.059953 -0.170838 0.868911 0.493825 -0.0336221
-0.00325575 0.0121287 0.173208 0.868911 0.493825 -0.0336221
0.0414198 0.177749 -0.342424 0.269339 -0.414738 0.869166
-0.0417623 0.0435368 -0.360627 0.868911 0.493825 -0.0336221
-0.121195 -0.267546 -0.0122371 -0.868911 -0.493825 0.0336221
-0.16621 -0.195816 -0.122055 -0.868911 -0.493825 0.0336221
0.114833 -0.21122 -0.0553984 0.868911 0.493825 -0.0336221
0.223768 0.0333626 0.411598 0.868911 0.493825 -0.0336221
0.181807 -0.467489 0.216191 0.269339 -0.414738 0.869166
-0.0482604 0.066999 -0.183959 0.868911 0.493825 -0.0336221
-0.14422 0.0136374 0.529525 -0.415272 0.764284 0.493376
0.325708 -0.261865 0.261495 0.415272 -0.764283 -0.493376
-0.213847 -0.0463556 0.539748 0.269338 -0.414738 0.869166
-0.229195 0.188479 0.187156 -0.415272 0.764284 0.493376
-0.129847 0.276394 -0.242281 0.269339 -0.414738 0.869166
-0.0159867 0.0430908 0.591832 -0.415272 0.764284 0.493376
-0.152159 -0.19667 0.228531 -0.868911 -0.493825 0.0336221
0.173353 -0.322468 -0.0400498 0.415272 -0.764284 -0.493376
-0.0249207 -0.341311 0.34046 0.269338 -0.414738 0.869166
-0.0493524 0.00431358 -0.499214 -0.868911 -0.493825 0.033622
-0.231947 0.391289 -0.168044 0.868911 0.493825 -0.0336221
0.138048 0.190255 0.36598 -0.258901 0.395553 -0.881197
-0.27887 0.0235518 0.188402 -0.868911 -0.493825 0.0336221
0.0639787 0.0711934 0.485037 0.299619 -0.470693 0.829865
-0.0804514 0.17319 -0.306834 0.269339 -0.414738 0.869166
0.200632 -0.0289933 0.499257 0.269339 -0.414738 0.869166
-0.0746587 0.389525 -0.261397 -0.415272 0.764283 0.493376
-0.0473372 0.0975694 0.288904 0.868911 0.493825 -0.033622
-0.173434 -0.155181 0.288085 -0.868911 -0.493825 0.0336221
-0.126128 0.0530741 0.483661 -0.415272 0.764284 0.493376
0.125714 0.0231676 0.474775 -0.415272 0.764284 0.493376
0.249586 -0.280104 0.364266 0.269338 -0.414738 0.869166
0.0518779 -0.474028 0.0924846 0.415272 -0.764283 -0.493376
0.265179 -0.193131 0.400934 0.269338 -0.414738 0.869166
0.163578 -0.0243901 0.352077 -0.269338 0.414738 -0.869166
0.0269086 -0.0687966 0.454434 0.269339 -0.414738 0.869166
-0.131706 0.17551 -0.11306 -0.868911 -0.493825 0.0336221
0.129969 -0.124864 0.475408 0.269339 -0.414738 0.869166
-0.147423 0.244766 0.16879 -0.415272 0.764283 0.493376
-0.19038 0.263974 -0.330091 -0.868911 -0.493825 0.033622
0.0217968 -0.0690895 -0.372242 0.868911 0.493825 -0.0336221
-0.0738223 0.0487068 -0.479574 -0.868911 -0.493825 0.033622
0.252995 -0.336378 0.315719 0.415272 -0.764284 -0.493376
-0.232901 0.072695 0.363397 -0.415272 0.764284 0.493376
-0.326876 0.198866 0.0789876 -0.269338 0.414738 -0.869166
-0.340404 0.12844 0.138714 -0.868911 -0.493825 0.0336221
0.193831 -0.336597 0.144706 0.868911 0.493825 -0.0336221
0.215188 -0.178106 0.423595 0.269339 -0.414738 0.869166
0.0080545 -0.195019 -0.21275 -0.269338 0.414738 -0.869166
-0.107383 -0.283482 0.110652 -0.868911 -0.493825 0.0336221
-0.0217498 0.0204299 -0.182818 0.868911 0.493825 -0.0336221
0.203972 -0.358762 0.0812202 0.868911 0.493826 -0.0336218
-0.192353 -0.124995 0.242525 -0.868911 -0.493825 0.0336221
0.282261 -0.0719698 0.376198 0.868911 0.493825 -0.0336221
-0.0373551 0.0766586 0.239748 0.868911 0.493825 -0.0336221
0.236622 -0.309426 0.260187 0.415272 -0.764284 -0.493376
-0.103496 0.191722 0.220433 0.868911 0.493825 -0.0336225
0.106532 0.0929327 -0.472598 0.415272 -0.764284 -0.493376
0.0202741 -0.310297 -0.187749 0.415272 -0.764283 -0.493376
-0.0692821 -0.337952 0.29529 -0.868911 -0.493825 0.0336221
-0.258974 -0.0251673 -0.0129774 -0.868911 -0.493825 0.0336221
-0.170654 0.0675917 0.423695 -0.415272 0.764284 0.493376
-0.0959569 -0.318521 -0.108695 -0.868911 -0.493825 0.0336221
-0.147366 -0.198175 0.330293 -0.868911 -0.493825 0.0336221
0.186024 0.0993264 0.405018 0.868911 0.493825 -0.0336221
-0.0563094 -0.184577 -0.187823 -0.269338 0.414738 -0.869166
0.15097 -0.0135211 0.522029 0.269339 -0.414738 0.869166
0.307184 -0.239366 0.211051 0.415272 -0.764283 -0.493376
-0.0307667 0.0484362 -0.00450265 0.868911 0.493825 -0.0336221
-0.00650202 -0.0561919 -0.600062 -0.269339 0.414737 -0.869166
0.095863 -0.0164787 0.511066 -0.415272 0.764284 0.493376
0.119557 0.173541 0.487959 -0.168399 0.358814 0.918093
-0.0181023 -0.421078 -0.0484406 0.415272 -0.764283 -0.493376
0.092898 -0.312657 -0.122967 0.415272 -0.764283 -0.493376
0.193957 0.168481 0.437648 0.86891 0.493826 -0.0336212
-0.154611 0.201796 -0.318947 -0.868911 -0.493825 0.033622
0.124536 -0.0703316 0.503113 0.269339 -0.414738 0.869166
0.194377 -0.235146 0.402826 0.269339 -0.414738 0.869166
0.0616298 -0.180273 -0.342167 -0.868911 -0.493825 0.0336221
-0.172644 -0.168879 0.107321 -0.868911 -0.493825 0.0336221
-0.224311 0.371006 -0.268593 0.868911 0.493825 -0.033622
0.18049 -0.0866104 0.478006 0.269339 -0.414738 0.869166
-0.147956 -0.188909 0.45115 -0.868911 -0.493825 0.0336221
0.0537195 -0.0845099 0.226262 0.868911 0.493825 -0.0336221
-0.220282 -0.00723155 -0.0523868 -0.269338 0.414738 -0.869166
-0.288183 0.112991 0.0260205 -0.269338 0.414738 -0.869166
0.199905 -0.37809 0.325879 -0.868911 -0.493825 0.0336211
-0.0288456 -0.0210863 -0.342309 -0.868911 -0.493825 0.0336221
-0.0184539 0.0317275 0.0682935 0.868911 0.493825 -0.0336221
0.289874 -0.230435 0.375481 0.269338 -0.414738 0.869166
0.0610398 -0.13938 -0.390464 0.868911 0.493825 -0.0336221
0.187419 0.17477 0.361049 0.868911 0.493825 -0.0336219
-0.0669337 -0.146317 0.446524 0.269338 -0.414738 0.869166
-0.185704 -0.108393 -0.111373 -0.269338 0.414738 -0.869166
-0.094667 -0.111454 0.471754 0.269338 -0.414738 0.869166
-0.00464787 0.037259 0.506332 0.86891 0.493827 -0.0336214
-0.18024 -0.149576 0.194533 -0.868911 -0.493825 0.0336221
-0.0779755 0.0825325 -0.0900917 -0.868911 -0.493825 0.0336221
0.154997 -0.244156 0.249871 -0.269338 0.414738 -0.869166
-0.07033 0.290519 -0.253984 0.269339 -0.414738 0.869166
-0.0605472 0.118157 -0.339262 0.269339 -0.414738 0.869166
0.228198 -0.391969 0.219578 0.868911 0.493826 -0.0336218
-0.176 0.28652 -0.384007 -0.269339 0.414738 -0.869166
0.124212 -0.405284 0.263721 0.269339 -0.414738 0.869166
-0.104284 -0.27203 0.358937 -0.868911 -0.493825 0.0336221
0.0244372 -0.500506 0.249203 0.269338 -0.414738 0.869166
-0.0692237 0.139282 0.335943 0.868911 0.493825 -0.0336225
-0.218107 -0.0628949 0.489056 -0.868911 -0.493825 0.0336221
0.085438 -0.162584 -0.100731 0.868911 0.493825 -0.0336221
-0.229043 0.33996 -0.213213 -0.868911 -0.493825 0.033622
-0.0654264 0.0999291 -0.143924 0.868911 0.493825 -0.0336221
-0.20435 0.3086 -0.0356714 -0.868911 -0.493825 0.033622
-0.109514 0.192139 0.0710358 0.868911 0.493825 -0.0336221
0.0441077 0.203934 -0.491622 -0.269339 0.414738 -0.869166
0.0641838 0.144561 0.489128 -0.168399 0.358814 0.918093
0.11976 -0.197845 0.268381 0.868911 0.493825 -0.0336221
0.0837183 0.139835 -0.534482 -0.269339 0.414738 -0.869166
0.0309912 -0.418669 -0.0108513 0.415272 -0.764283 -0.493376
0.224794 -0.397359 0.11926 0.415272 -0.764284 -0.493376
-0.123484 -0.204581 -0.176552 -0.269338 0.414738 -0.869166
0.20679 -0.197139 0.256256 -0.269338 0.414738 -0.869166
0.0458966 -0.545993 0.216293 -0.868911 -0.493825 0.0336221
0.110374 0.179738 -0.368995 0.868911 0.493825 -0.033622
-0.102542 -0.0231843 -0.0964846 -0.269338 0.414738 -0.869166
0.0790453 -0.133089 0.167257 0.868911 0.493825 -0.0336221
-0.144606 0.189386 -0.242649 -0.868911 -0.493825 0.033622
-0.00602774 0.00258091 -0.0386632 0.868911 0.493825 -0.0336221
-0.0523907 0.0679312 -0.277008 0.868911 0.493825 -0.0336221
0.242245 0.00696068 0.501351 0.868911 0.493825 -0.0336221
-0.0953706 -0.205034 0.427318 0.269338 -0.414738 0.869166
-0.189812 -0.135732 0.150479 -0.868911 -0.493825 0.0336221
-0.188618 -0.116283 0.467001 -0.868911 -0.493825 0.0336221
-0.248817 -0.0143892 0.407813 -0.868911 -0.493825 0.0336221
-0.0628173 -0.373768 -0.0636865 -0.868911 -0.493825 0.0336221
-0.233056 -0.0475775 0.327691 -0.868911 -0.493825 0.0336221
0.331716 -0.165583 0.279343 0.868911 0.493825 -0.0336221
-0.0184591 -0.0270457 -0.161415 -0.868911 -0.493825 0.0336221
0.303067 -0.314484 0.323949 0.415272 -0.764284 -0.493376
0.0299124 -0.12419 -0.33814 -0.868911 -0.493825 0.0336221
-0.0439131 0.035065 -0.54064 0.868911 0.493826 -0.0336236
-0.055246 0.0399418 -0.128235 -0.868911 -0.493825 0.0336221
-0.0633331 0.0318884 0.530442 0.269338 -0.414738 0.869166
0.114285 -0.0381931 0.360765 -0.269338 0.414738 -0.869166
0.021331 0.332357 -0.423284 -0.269339 0.414738 -0.869166
-0.113066 0.181148 -0.182188 0.868911 0.493825 -0.0336221
0.0789237 -0.287242 -0.174099 0.415272 -0.764283 -0.493376
-0.148934 0.376611 -0.349406 -0.269339 0.414738 -0.869166
-0.107776 -0.13615 -0.148766 -0.269338 0.414738 -0.869166
-0.201405 0.298826 -0.103126 -0.868911 -0.493825 0.033622
0.132809 0.0970905 0.381096 0.335968 -0.638308 -0.692595
-0.309232 0.067553 0.0500245 -0.868911 -0.493825 0.0336221
-0.242579 -0.0339064 0.282362 -0.868911 -0.493825 0.0336221
-0.0435081 0.0741438 0.0437964 0.868911 0.493825 -0.0336221
-0.130298 -0.244685 0.0882855 -0.868911 -0.493825 0.0336221
0.0210185 -0.117966 -0.476571 -0.868911 -0.493825 0.0336221
0.0572677 -0.0860006 0.296067 0.868911 0.493825 -0.0336221
0.158808 -0.366101 0.271697 0.269339 -0.414738 0.869166
-0.0243963 -0.424092 0.190106 -0.868911 -0.493825 0.0336221
-0.186899 -0.123887 0.399745 -0.868911 -0.493825 0.0336221
0.0781608 -0.409959 0.0153582 0.415272 -0.764283 -0.493376
-0.0891196 0.0926707 -0.229188 -0.868911 -0.493825 0.0336221
0.197 0.121053 0.455437 0.451556 -0.76305 0.462441
0.127439 -0.417125 0.0679356 0.415272 -0.764283 -0.493376
0.166055 -0.163314 0.445879 0.269339 -0.414738 0.869166
-0.247074 -0.0428548 0.0347725 -0.868911 -0.493825 0.0336221
-0.0064596 0.219329 -0.307746 0.269339 -0.414738 0.869166
0.131853 0.132655 -0.505432 0.868911 0.493825 -0.0336221
0.112814 -0.214718 0.437849 0.269338 -0.414738 0.869166
0.0348816 0.0363913 -0.445318 0.415272 -0.764283 -0.493376
0.120529 0.0692026 0.432896 0.494837 -0.865111 0.0819734
0.121832 -0.337551 -0.0600507 0.415272 -0.764283 -0.493376
-0.069251 -0.0493302 0.493521 0.269338 -0.414738 0.869166
-0.217166 -0.0727083 0.369238 -0.868911 -0.493825 0.0336221
-0.0180775 -0.134556 -0.175801 -0.269338 0.414738 -0.869166
0.0252728 -0.255253 -0.246828 -0.269338 0.414738 -0.869166
0.316123 -0.130973 0.384684 0.868911 0.493825 -0.0336221
0.260556 -0.448577 0.228702 0.415272 -0.764284 -0.493376
0.155154 0.235302 0.416259 0.868911 0.493825 -0.0336204
0.104027 -0.170793 0.461532 0.269338 -0.414738 0.869166
0.00757681 -0.0267417 -0.117752 0.868911 0.493825 -0.0336221
-0.314251 0.165893 0.150553 -0.415272 0.764284 0.493376
-0.18388 0.0328699 0.466351 -0.415272 0.764284 0.493376
0.16587 0.0341694 0.379309 -0.269338 0.414738 -0.869166
-0.0435973 0.09618 0.365149 0.868911 0.493826 -0.0336219
-0.257043 0.429315 -0.258107 0.868909 0.49383 -0.0336077
0.105215 -0.205307 -0.217114 0.868911 0.493826 -0.0336218
0.278453 -0.0699979 0.306748 0.868911 0.493825 -0.0336221
-0.0495966 0.0178723 -0.30638 -0.868911 -0.493825 0.0336221
-0.0319336 -0.0102136 -0.262422 -0.868911 -0.493825 0.0336221
-0.0607065 -0.359618 0.19868 -0.868911 -0.493825 0.0336221
-0.0154383 0.401044 -0.369976 0.868911 0.493825 -0.0336221
0.0827316 -0.249516 -0.229335 0.415272 -0.764283 -0.493376
-0.280537 0.0152714 0.0237043 -0.868911 -0.493825 0.0336221
0.14896 -0.259143 0.122688 0.868911 0.493825 -0.0336221
0.252782 -0.164526 0.257566 -0.269338 0.414738 -0.869166
0.0436075 0.245719 -0.310669 0.269339 -0.414738 0.869166
-0.176044 -0.14652 0.347852 -0.868911 -0.493825 0.0336221
0.0447037 -0.33885 -0.122956 0.415272 -0.764283 -0.493376
-0.0651365 0.138865 -0.488818 -0.269339 0.414738 -0.869166
-0.209889 -0.10505 0.0822653 -0.868911 -0.493825 0.0336221
0.0350171 0.312362 -0.368559 0.868911 0.493825 -0.033622
-0.177902 0.245922 -0.272762 -0.868911 -0.493825 0.033622
0.130551 -0.44384 0.111939 0.415272 -0.764283 -0.493376
-0.261992 0.00263069 0.317305 -0.868911 -0.493825 0.0336221
0.00932699 0.0252637 0.387447 0.35367 -0.666951 -0.655815
-0.00801552 -0.0512365 -0.24682 -0.868911 -0.493825 0.0336221
0.161994 -0.109329 0.312037 -0.269338 0.414738 -0.869166
-0.205944 -0.120907 -0.0486825 -0.868911 -0.493825 0.0336221
-0.0632221 -0.376771 -0.118263 -0.868911 -0.493825 0.0336221
0.227842 -0.113537 0.289624 -0.269338 0.414738 -0.869166
0.140055 -0.238612 0.194101 0.868911 0.493825 -0.0336221
-0.286867 0.06777 0.325603 -0.415272 0.764284 0.493376
-0.221389 -0.0814014 0.132422 -0.868911 -0.493825 0.0336221
0.107873 0.207443 0.454633 -0.428182 0.784007 0.449436
-0.041909 0.0525053 -0.232693 0.868911 0.493825 -0.0336221
-0.112643 0.122367 -0.40095 -0.868911 -0.493825 0.033622
0.0242494 -0.0532327 -0.0759604 0.868911 0.493825 -0.0336221
-0.164552 0.226986 -0.205859 -0.868911 -0.493825 0.033622
-0.14134 0.145051 -0.00418557 -0.269338 0.414738 -0.869166
0.106021 0.123689 -0.388238 0.269339 -0.414738 0.869166
-0.00242565 0.256488 -0.452125 -0.269339 0.414738 -0.869166
-0.104644 0.0498179 -0.0609989 -0.269338 0.414738 -0.869166
0.0525265 0.149143 0.372979 -0.29962 0.470696 -0.829863
0.104876 -0.496806 0.226041 0.269339 -0.414738 0.869166
-0.0173968 -0.0444658 -0.38982 -0.868911 -0.493825 0.0336221
0.0120751 0.135708 0.478958 -0.317433 0.608082 0.727649
-0.0446343 0.341543 -0.2376 0.269339 -0.414738 0.869166
0.122984 -0.21152 0.15083 0.868911 0.493825 -0.0336221
-0.0043016 0.384675 -0.32258 0.868911 0.493825 -0.033622
0.00304671 -0.0158037 0.559486 -0.868911 -0.493825 0.0336221
0.0365099 -0.0845158 -0.21858 0.868911 0.493825 -0.0336221
0.0856289 -0.172209 0.396484 -0.868912 -0.493824 0.033619
-0.151402 -0.216121 -0.0375811 -0.868911 -0.493825 0.0336221
-0.0936547 -0.327645 -0.183203 -0.868911 -0.493825 0.0336221
-0.27702 0.20304 0.124347 -0.415272 0.764284 0.493376
0.110279 -0.185915 0.198564 0.868911 0.493825 -0.0336221
0.361374 -0.220825 0.234428 0.868911 0.493825 -0.0336221
0.0604272 -0.0154891 0.388288 -0.269338 0.414738 -0.869166
0.24387 -0.443243 0.288192 0.269339 -0.414737 0.869166
-0.160953 0.275133 -0.0393559 0.868911 0.493826 -0.0336217
-0.0944437 0.168988 0.120467 0.868917 0.493813 -0.0336313
0.187588 0.0306136 0.51532 -0.415272 0.764284 0.493376
-0.00615353 0.30239 -0.268207 0.269339 -0.414738 0.869166
-0.0178389 0.0190052 -0.102671 0.868911 0.493825 -0.0336221
0.176368 -0.406293 0.0923402 0.415272 -0.764283 -0.493376
-0.0395171 -0.0975037 0.46132 0.269338 -0.414738 0.869166
-0.123765 0.0994739 -0.0313795 -0.269338 0.414738 -0.869166
-0.0319832 -0.0155737 0.49808 0.269338 -0.414738 0.869166
-0.12625 0.134286 0.357754 -0.415272 0.764284 0.493376
0.00549279 0.154957 0.415556 -0.487613 0.842353 -0.22951
0.103711 0.181667 -0.512845 0.868911 0.493825 -0.0336221
0.181839 -0.163532 0.280024 -0.269338 0.414738 -0.869166
-0.0427818 -0.394353 0.151754 -0.868911 -0.493825 0.0336221
0.272147 -0.203999 0.23273 -0.269338 0.414738 -0.869166
0.153699 0.13524 0.487365 0.215616 -0.316493 0.923765
-0.246025 0.187831 0.0486678 -0.269338 0.414738 -0.869166
-0.0957439 -0.295373 0.236797 -0.868911 -0.493825 0.0336221
-0.155734 0.257923 -0.157247 0.868911 0.493825 -0.0336221
-0.0492338 -0.376096 0.253156 -0.868911 -0.493825 0.0336221
-0.019845 -0.444462 0.00853529 -0.868911 -0.493825 0.0336221
-0.185158 0.279872 0.0826472 -0.415272 0.764284 0.493376
-0.122507 0.148048 -0.27867 -0.868911 -0.493825 0.033622
-0.00191396 0.0138488 0.233149 0.868911 0.493825 -0.0336221
-0.107758 -0.305371 -0.229518 -0.269338 0.414738 -0.869166
0.076702 -0.493492 0.14353 0.415272 -0.764283 -0.493376
-0.00529063 -0.466286 0.064137 -0.868911 -0.493825 0.0336221
-0.00966758 0.0245071 -0.464405 0.415272 -0.764283 -0.493376
-0.0805817 0.07157 -0.318457 -0.868912 -0.493824 0.0336212
-0.0689643 0.381606 -0.371803 -0.269339 0.414738 -0.869166
-0.0901054 -0.324056 -0.0387581 -0.868911 -0.493825 0.0336221
0.111196 -0.094983 0.334624 -0.269338 0.414738 -0.869166
-0.129201 0.175296 -0.0514634 -0.868911 -0.493825 0.0336221
-0.253005 1.0232e-06 0.459085 -0.415272 0.764284 0.493376
0.0403238 -0.0704785 0.0861576 0.868911 0.493825 -0.0336221
-0.0957386 -0.00545065 0.522667 0.269338 -0.414738 0.869166
-0.0947474 -0.309499 0.0550712 -0.868911 -0.493825 0.0336221
-0.218586 0.359392 -0.336038 -0.269339 0.414738 -0.869166
0.0270687 -0.0352389 0.261183 0.868911 0.493825 -0.0336221
-0.06601 -0.357433 0.0937263 -0.868911 -0.493825 0.0336221
-0.00840417 -0.446015 0.281407 -0.868911 -0.493825 0.0336221
0.34568 -0.235424 0.355808 0.269338 -0.414738 0.869166
-0.262531 0.392566 -0.306031 -0.868911 -0.493825 0.0336223
-0.0068369 0.0975371 -0.365744 0.269339 -0.414738 0.869166
-0.174544 0.334589 -0.361521 -0.269339 0.414738 -0.869166
-0.151552 -0.059124 -0.0984466 -0.269338 0.414738 -0.869166
0.0552417 -0.0784236 0.354995 0.868911 0.493825 -0.0336221
-0.0966216 0.170028 -0.464191 -0.269339 0.414738 -0.869166
0.0384833 0.310457 -0.306959 0.868911 0.493825 -0.033622
0.00174687 -0.474347 0.127608 -0.868911 -0.493825 0.0336221
0.0623859 -0.427352 0.27235 0.269339 -0.414738 0.869166
-0.217034 0.31441 -0.278142 -0.868911 -0.493825 0.033622
-0.133619 0.237348 0.112094 0.868911 0.493825 -0.0336222
0.258236 -0.0296517 0.376854 0.868911 0.493825 -0.0336221
-0.165928 -0.0462611 0.524944 0.269338 -0.414738 0.869166
0.153007 -0.292948 0.36442 -0.868911 -0.493826 0.0336226
-0.173121 0.301266 0.0300162 0.868911 0.493825 -0.0336221
-0.0350736 -0.0237641 -0.549174 0.476724 -0.816677 0.325228
-0.314701 0.081267 0.110092 -0.868911 -0.493825 0.0336221
0.127252 -0.488442 0.178256 0.415272 -0.764283 -0.493376
-0.273602 0.13425 0.233785 -0.415272 0.764284 0.493376
