ply
format ascii 1.0
comment Created by Open3D
element vertex 2096
property double x
property double y
property double z
property double nx
property double ny
property double nz
end_header
-0.223776 -0.141583 -0.21361 0.725349 -0.064368 0.685365
-0.269288 -0.0689747 -0.329835 0.164958 0.948676 0.26982
0.161174 0.0231608 0.332619 -0.659343 -0.351083 0.664836
-0.2099 -0.0164852 -0.270144 -0.72535 0.0643687 -0.685365
-0.20039 0.104437 -0.147915 -0.217819 0.935553 0.278022
0.297565 0.108255 0.266892 0.197825 -0.934129 -0.297099
0.33311 0.0146345 0.324697 -0.908767 -0.288385 0.301623
0.14364 0.0985211 0.186306 0.7029 0.025985 0.710814
0.18912 -0.128254 0.278541 0.72535 -0.0643688 0.685365
0.270249 -0.153556 0.131077 0.197825 -0.934129 -0.297099
0.33797 0.00651677 0.365861 0.493942 -0.868159 0.0481786
-0.0485707 0.0264687 -0.036753 -0.197825 0.934129 0.297099
-0.410392 0.114777 -0.248961 -0.197825 0.934129 0.2971
0.173115 -0.0967215 0.281156 -0.659343 -0.351083 0.664836
-0.0994 -0.0289536 -0.15736 -0.751434 0.33685 -0.567344
0.0507924 0.0930938 0.170591 -0.72535 0.0643688 -0.685365
-0.0333112 0.0795943 0.106661 -0.377927 -0.869391 0.318323
0.383299 -0.163313 0.308539 0.72535 -0.0643693 0.685365
-0.0194328 0.148596 -0.0478336 0.659343 0.351083 -0.664837
0.158856 -0.0135969 0.210153 -0.118005 -0.824992 -0.552687
-0.261758 0.104562 -0.0438317 -0.659347 -0.351074 0.664837
0.245543 -0.155913 0.277716 -0.197825 0.93413 0.297097
-0.066579 -0.118376 -0.0377509 0.66174 -0.690741 0.29151
0.154598 0.00957579 0.318924 -0.659343 -0.351083 0.664836
0.0621113 0.0241694 0.234908 -0.659346 -0.35108 0.664835
0.0315358 0.0573517 0.0609478 0.72535 -0.0643688 0.685365
0.253826 0.103526 0.252636 0.197827 -0.934129 -0.297099
-0.186158 0.0507509 -0.26485 0.659343 0.351083 -0.664837
-0.0949593 0.106672 -0.105086 0.72535 -0.0643688 0.685365
0.252528 0.060765 0.38622 0.197825 -0.934129 -0.297099
-0.345622 0.107268 -0.299674 -0.279342 -0.344244 0.896361
-0.290659 0.138796 -0.244758 -0.197825 0.934129 0.297099
0.145069 -0.0469174 0.0986284 0.702051 0.0289493 0.711538
0.0623256 0.0795002 0.0304418 0.725351 -0.0643668 0.685363
0.106189 0.0277199 0.0623605 -0.197825 0.934129 0.297099
0.107666 -0.179792 0.12926 0.197826 -0.93413 -0.297096
-0.15589 0.0440205 -0.0464851 0.72535 -0.0643688 0.685365
0.0317687 -0.032902 -0.0928995 0.659343 0.351083 -0.664836
-0.167287 0.176817 -0.163099 -0.0781524 -0.847482 -0.52504
-0.256516 -0.0834677 -0.284361 -0.197825 0.934129 0.297099
-0.0826002 0.122267 -0.116701 0.72535 -0.0643688 0.685365
-0.337096 0.178691 -0.34698 0.659343 0.351083 -0.664837
-0.163363 0.165359 -0.142284 0.442931 0.533145 0.720811
0.320285 0.103169 0.298013 0.197825 -0.934129 -0.297099
0.186852 -0.111019 0.150725 -0.320776 0.931115 0.173572
-0.0899979 -0.142122 -0.092585 0.445619 -0.894702 -0.030531
-0.267847 0.110743 -0.141364 -0.197825 0.934129 0.297099
-0.193895 -0.0205962 -0.0692952 -0.458753 -0.51272 -0.725716
-0.164885 -0.159723 -0.11532 0.197825 -0.934129 -0.297099
-0.10373 -0.116979 -0.00409998 -0.659343 -0.351083 0.664836
0.0911883 -0.0941736 0.157163 0.59155 0.303535 0.746951
0.123207 -0.137079 0.189017 -0.106101 0.918877 0.380011
0.279836 0.0216623 0.319558 0.772593 -0.0379533 0.633767
-0.351029 0.112229 -0.177474 0.197825 -0.934129 -0.297099
0.140572 0.0800133 0.074632 0.659343 0.351083 -0.664836
-0.199168 0.0135036 -0.105292 -0.0434901 -0.864986 -0.499907
-0.0121231 -0.0981883 -0.170905 0.659343 0.351083 -0.664836
0.0125854 -0.0794964 -0.126724 0.623573 -0.749376 0.222695
-0.212411 0.00997607 -0.193844 0.722087 -0.542014 0.429897
-0.223329 -0.0569926 -0.358611 0.659343 0.351083 -0.664837
0.165661 0.0488274 0.083046 0.659343 0.351083 -0.664836
-0.176105 -0.079649 -0.0561642 -0.659343 -0.351084 0.664836
-0.268896 0.0502695 -0.0795814 -0.659343 -0.351083 0.664837
-0.296648 0.0579284 -0.204784 0.197825 -0.934129 -0.297099
0.0314055 0.0133932 0.183624 -0.72535 0.0643688 -0.685365
0.0944134 -0.0186209 -0.023231 0.659343 0.351082 -0.664837
-0.331307 0.195712 -0.328158 -0.197825 0.934129 0.297099
-0.00142319 -0.0396837 -0.129398 0.659343 0.351083 -0.664836
0.202802 -0.00903727 0.33833 0.197824 -0.93413 -0.297096
-0.326539 0.0825304 -0.119712 -0.659343 -0.351083 0.664837
-0.193298 0.137848 -0.192259 0.566513 0.349373 0.746326
0.327767 0.00571998 0.383187 0.725349 -0.0643723 0.685365
0.112304 -0.0181087 0.207672 0.320776 -0.931115 -0.173572
0.220161 0.0790842 0.30707 0.197825 -0.934129 -0.297099
-0.365196 -0.105516 -0.287403 -0.197825 0.934129 0.297099
-0.368106 0.134194 -0.159238 -0.197825 0.934129 0.297099
-0.394098 0.076525 -0.305262 -0.725346 0.0643838 -0.685367
-0.204618 0.11516 -0.101953 -0.74645 0.19996 -0.634688
0.198363 -0.145227 0.267166 0.72535 -0.0643688 0.685365
0.0277402 -0.076441 0.147691 -0.659343 -0.351083 0.664837
-0.298234 -0.0879346 -0.422164 -0.725349 0.0643691 -0.685365
-0.32445 0.0769921 -0.31207 0.529899 -0.478435 -0.700219
-0.113005 -0.0510779 -0.239088 -0.106101 0.918877 0.38001
0.219343 -0.128003 0.246579 0.72535 -0.0643688 0.685365
-0.304264 -0.00253812 -0.142543 -0.659343 -0.351083 0.664837
0.341243 0.0381726 0.282075 0.197825 -0.934129 -0.297099
-0.121189 -0.0839677 -0.27156 0.659343 0.351083 -0.664836
-0.0456267 -0.0625929 0.0809585 -0.695679 -0.0504621 -0.716578
-0.118588 0.138682 -0.079059 -0.197825 0.934129 0.297099
0.281233 0.116734 0.18432 0.197825 -0.934129 -0.297099
0.0752025 -0.15647 0.0708533 -0.113088 -0.827905 -0.549349
-0.441347 0.0689576 -0.240739 -0.659343 -0.351083 0.664837
-0.373923 0.114958 -0.323004 -0.72535 0.0643685 -0.685365
0.173445 -0.146711 0.0690465 0.197825 -0.934129 -0.297099
0.16113 -0.0126604 0.0460817 0.659343 0.351085 -0.664836
0.239283 0.0889255 0.387528 -0.197825 0.934129 0.297099
0.0632043 -0.00219012 0.127781 -0.197825 0.934129 0.297099
-0.0340159 -0.0248866 -0.153908 0.659343 0.351083 -0.664837
0.179663 0.0335572 0.0888686 0.659343 0.351083 -0.664836
0.115835 -0.156141 0.0687881 0.0709054 -0.909372 -0.409896
-0.362064 0.0923815 -0.24429 0.232156 0.339114 -0.91165
-0.348302 0.0414508 -0.187369 0.197827 -0.934128 -0.2971
0.279933 -0.0257229 0.19206 0.72535 -0.0643688 0.685365
0.243048 0.00547789 0.319489 0.197825 -0.934128 -0.297102
-0.231958 0.0892189 -0.12084 -0.145059 0.927065 0.345699
0.251754 0.055882 0.43973 -0.659343 -0.351083 0.664836
-0.0983997 -0.0521449 -0.20211 -0.533995 0.841165 -0.0853856
-0.349158 0.0945231 -0.351133 -0.72535 0.0643686 -0.685365
-0.279398 0.142742 -0.225716 0.197825 -0.934129 -0.297099
0.320562 -0.00304156 0.358119 -0.477601 0.172827 -0.86141
0.130063 -0.0538579 -0.00648384 0.659343 0.351083 -0.664837
-0.252553 0.100085 -0.128962 0.457303 0.514623 0.725284
-0.0961727 -0.0624744 0.0321775 -0.659343 -0.351084 0.664836
0.310239 -0.171073 0.368461 -0.197819 0.934131 0.297097
-0.150314 -0.0212209 -0.102168 -0.654105 -0.168124 -0.737483
-0.166635 0.0270631 -0.0367055 0.72535 -0.0643688 0.685365
0.202979 0.0223289 0.37364 -0.659343 -0.351083 0.664836
0.277126 0.00579694 0.309439 -0.386522 -0.653196 -0.651103
0.218444 0.144011 0.185656 0.659346 0.351081 -0.664835
-0.400678 0.110081 -0.227729 -0.197825 0.934129 0.297099
-0.22785 0.134188 -0.188449 -0.197825 0.934129 0.297099
-0.192989 0.164412 -0.189768 0.739902 -0.459969 0.49089
0.11177 0.0976853 0.203227 -0.197825 0.934129 0.297099
0.341244 -0.152946 0.251767 0.0100188 -0.301146 0.953525
-0.170753 0.0409643 -0.163505 0.215847 -0.935444 -0.27992
0.242179 0.027281 0.250358 0.197825 -0.934129 -0.297099
0.254164 -0.0559935 0.216489 0.72535 -0.0643688 0.685365
0.118268 0.0926282 0.295307 -0.197825 0.934129 0.297099
-0.287484 -0.100775 -0.250564 -0.197825 0.934129 0.297099
0.280459 0.0631424 0.438647 0.72535 -0.0643689 0.685365
0.058866 0.00548734 -0.0245711 -0.720276 0.041424 -0.69245
-0.204372 -0.151053 -0.168872 0.197825 -0.934129 -0.297099
-0.425045 0.11559 -0.261276 -0.197825 0.934129 0.297099
0.198715 0.142008 0.18954 -0.0837263 -0.844489 -0.528987
-0.0158015 0.115642 -0.0613526 -0.725349 0.0643688 -0.685365
0.0260997 -0.0298551 0.170665 -0.659343 -0.351083 0.664837
0.0359667 -0.136715 0.124021 -0.659343 -0.351083 0.664836
-0.0108821 0.0182009 0.102163 0.72535 -0.0643688 0.685365
0.0723112 0.0276075 0.141667 -0.72535 0.0643688 -0.685365
-0.360032 -0.084077 -0.335479 -0.649999 0.739192 0.176341
0.31987 0.0853292 0.255256 0.659343 0.351083 -0.664836
0.275096 0.0271779 0.2726 0.197824 -0.934129 -0.297099
0.390385 0.103537 0.319579 -0.197824 0.934129 0.297099
0.238335 -0.0838823 0.135209 -0.584036 0.796034 -0.158846
0.331856 0.13655 0.294191 0.659343 0.351083 -0.664837
-0.312844 0.139617 -0.139493 -0.197825 0.934129 0.297099
0.0751976 0.0491061 0.140631 -0.72535 0.0643688 -0.685365
0.154585 0.0998057 0.0989816 0.659343 0.351083 -0.664836
0.249356 -0.0788533 0.119178 -0.559715 0.819615 -0.122273
0.121604 -0.14074 0.0390201 -0.0396902 -0.86679 -0.497091
-0.310996 -0.146854 -0.22543 -0.659343 -0.351082 0.664837
-0.210303 -0.144082 -0.194738 0.197825 -0.934129 -0.297099
-0.166289 0.0470453 -0.186787 0.386884 -0.916649 -0.100371
-0.0991082 0.0177538 -0.0430025 -0.197825 0.934129 0.297099
0.0166993 0.0370828 0.0228336 -0.72535 0.0643686 -0.685365
-0.0109553 -0.0688569 -0.0600307 0.728624 -0.516439 0.449886
-0.159075 -0.110907 -0.288889 0.197825 -0.934129 -0.297099
0.0463727 0.143372 0.0146694 0.659343 0.351083 -0.664837
0.0807539 -0.123831 0.175241 -0.659343 -0.351083 0.664837
0.322435 -0.166697 0.303067 0.622354 0.353856 -0.698185
0.000454031 0.0309664 0.0394521 -0.72535 0.0643688 -0.685365
-0.280584 -0.0781132 -0.158968 -0.659339 -0.351086 0.664839
0.298326 0.00285441 0.362914 0.232164 0.339115 -0.911648
0.25448 0.0183394 0.223137 0.72535 -0.0643688 0.685365
-0.214887 0.0958277 -0.00843859 -0.197825 0.934129 0.297099
-0.251604 0.138054 -0.192469 0.197825 -0.934129 -0.297099
0.0289905 0.0446117 0.212856 -0.659343 -0.351083 0.664837
0.189527 0.0617838 0.341067 0.197825 -0.934129 -0.297099
0.129278 0.121169 0.217932 -0.546544 0.831051 -0.103172
-0.0386556 0.0997347 0.0873021 -0.72535 0.0643688 -0.685365
0.261137 -0.146509 0.258533 -0.197825 0.93413 0.297096
-0.0743442 0.0909013 -0.00171807 -0.72535 0.0643711 -0.685364
-0.343961 0.148315 -0.286226 0.197825 -0.934129 -0.297099
-0.192743 -0.123136 -0.272855 0.197825 -0.934129 -0.297099
-0.223838 -0.0406757 -0.195654 0.654104 0.168128 0.737483
0.106638 0.108362 0.112922 -0.72535 0.0643688 -0.685365
-0.0755511 0.106548 -0.125638 0.72535 -0.0643688 0.685365
-0.311306 -0.138304 -0.28016 0.197825 -0.934129 -0.297099
-0.285996 -0.0728164 -0.429117 0.659343 0.351083 -0.664837
-0.358652 -0.0925497 -0.312937 -0.539559 0.734515 0.411538
-0.0790949 0.0664469 -0.125654 0.72535 -0.0643688 0.685365
-0.053864 -0.0515485 -0.187671 0.659343 0.351083 -0.664837
0.0128037 0.00202944 0.0809547 -0.197825 0.934129 0.297099
0.205313 -0.0774554 0.20397 -0.751735 0.292897 -0.590852
-0.182818 -0.156522 -0.103416 -0.659343 -0.351082 0.664837
-0.23041 0.0135233 -0.136905 0.506951 -0.860621 0.0482909
-0.107813 0.00274856 -0.00161943 -0.197825 0.934129 0.297099
0.142315 0.0226399 0.0460635 0.659343 0.351083 -0.664836
0.271116 0.0309256 0.336815 0.967037 0.136407 0.215019
0.233493 -0.0120615 0.242492 0.72535 -0.0643688 0.685365
-0.117648 -0.105575 -0.254117 0.197825 -0.934129 -0.297099
0.0470271 -0.0141131 -0.0124071 -0.695679 -0.0504614 -0.716578
0.392677 -0.163178 0.266801 0.197826 -0.93413 -0.297097
0.0464924 0.0153565 -0.0107382 -0.72535 0.0643688 -0.685365
0.28858 0.0480802 0.377255 0.232164 0.339115 -0.911648
-0.283138 0.00831893 -0.115859 -0.659343 -0.351083 0.664836
0.184706 0.0952213 0.158469 0.299606 0.688339 0.660625
0.0331544 -0.00161858 -0.074731 0.748491 -0.223122 0.624482
-0.130414 0.170527 -0.177328 0.617978 0.250577 0.745194
-0.219613 0.0188475 -0.153673 0.533996 -0.841164 0.0853869
0.114307 0.0357039 0.0979813 -0.72535 0.0643688 -0.685365
0.175611 0.112233 0.271849 -0.197825 0.934129 0.297099
-0.224934 0.113007 -0.155518 0.426978 0.552987 0.715468
0.109178 -0.147626 0.0520187 -0.0396902 -0.86679 -0.497091
-0.0359323 0.0350841 -0.055426 -0.197825 0.934129 0.297099
-0.0813736 0.099432 0.0584352 0.725349 -0.0643685 0.685365
0.23278 0.0928511 0.248236 -0.197825 0.934129 0.297099
-0.133817 0.085766 -0.194451 0.659343 0.351082 -0.664837
-0.425635 0.0937165 -0.27027 -0.725349 0.064371 -0.685365
-0.396011 0.15345 -0.257618 0.978196 0.168574 0.121309
-0.333232 -0.111503 -0.357742 0.801707 -0.0202137 0.597375
0.148892 -0.000243186 0.178272 0.251478 -0.936328 -0.24505
0.00326212 0.0837047 0.0414334 -0.72535 0.0643688 -0.685365
0.184844 -0.158428 0.0895282 0.197823 -0.93413 -0.297096
0.301221 0.129065 0.259857 0.659343 0.351083 -0.664837
-0.149299 -0.120443 -0.0511215 -0.659343 -0.351083 0.664836
0.0405014 -0.167342 0.112345 -0.659343 -0.351083 0.664837
0.106351 0.0971396 0.274425 0.0660324 -0.907901 -0.413952
0.326302 0.0954081 0.39316 0.72535 -0.064369 0.685365
-0.220421 -0.11669 -0.119675 -0.659343 -0.351082 0.664837
-0.071133 0.0118143 0.0393682 0.72535 -0.0643688 0.685365
0.0784032 0.0217469 0.0626396 -0.197825 0.934129 0.297099
0.293232 0.0418493 0.42313 0.725349 -0.0643686 0.685365
-0.296622 -0.105878 -0.311177 -0.519665 0.157049 -0.839812
-0.374405 -0.131403 -0.343873 0.197825 -0.934129 -0.297099
0.138306 0.0531681 0.245756 -0.447572 0.893805 0.0281209
-0.0130452 0.021961 -0.0211555 0.72535 -0.0643688 0.685365
0.0203667 0.0616401 0.0212586 -0.72535 0.0643688 -0.685365
0.431006 -0.142795 0.259976 0.725349 -0.0643687 0.685365
-0.12943 -0.0972706 -0.286758 0.659343 0.351083 -0.664836
0.238469 -0.0826374 0.230597 0.72535 -0.0643688 0.685365
0.156222 0.00621639 0.157507 0.354268 -0.925033 -0.137145
-0.0966339 0.00201487 -0.155205 -0.67177 -0.122001 -0.730644
-0.307006 0.13449 -0.119485 -0.197825 0.934129 0.297099
-0.292065 -0.145376 -0.205875 -0.659343 -0.351082 0.664837
-0.289078 -0.109598 -0.184019 -0.659339 -0.351086 0.664839
-0.387821 0.0532222 -0.259543 -0.108121 -0.988331 -0.107294
-0.384838 0.111585 -0.162187 -0.659343 -0.351083 0.664836
-0.0503979 -0.0350779 -0.175536 0.659343 0.351084 -0.664836
0.0868262 0.00411854 0.124099 -0.72535 0.0643688 -0.685365
0.158315 0.0124228 0.0565364 0.659343 0.351081 -0.664837
0.256455 0.0316693 0.431607 -0.659343 -0.351083 0.664836
0.213508 -0.153493 0.093634 0.45693 -0.180268 0.871044
-0.343572 0.187474 -0.310424 -0.197825 0.934129 0.297099
0.227431 -0.0866301 0.0981664 -0.215849 0.935444 0.279918
0.206082 -0.0309337 0.201387 -0.567684 -0.347309 -0.746399
0.232627 -0.114048 0.23383 0.72535 -0.0643688 0.685365
-0.200884 -0.137897 -0.111497 -0.659343 -0.351082 0.664837
0.198541 -0.0594802 0.27503 0.72535 -0.0643688 0.685365
0.00932946 -0.0219006 0.153882 -0.197825 0.934129 0.297099
0.225097 -0.193436 0.250352 0.197825 -0.93413 -0.297097
-0.375838 0.145754 -0.200731 -0.197825 0.934129 0.297099
0.314872 -0.113871 0.145107 0.659343 0.351083 -0.664837
0.346515 -0.150326 0.334631 -0.111663 0.780129 0.615573
0.364125 -0.163569 0.299427 -0.74157 0.055591 -0.668568
0.241265 -0.154693 0.130266 -0.725349 0.064368 -0.685365
-0.187954 0.116645 -0.0559578 -0.197825 0.934129 0.297099
0.113132 -0.0208338 0.15953 0.648086 -0.713651 0.265871
0.189619 0.0826496 0.18029 -0.213884 0.935328 0.281805
0.362369 -0.164188 0.330608 0.72535 -0.0643693 0.685365
0.277756 0.0153161 0.437017 0.72535 -0.0643687 0.685365
-0.16669 -0.0824276 -0.177521 -0.179678 0.932234 0.314095
0.0736849 -0.168158 0.144823 -0.659343 -0.351083 0.664837
-0.314829 0.181133 -0.271346 -0.197825 0.934129 0.297099
-0.388762 0.11777 -0.24397 -0.197825 0.93413 0.297097
0.0979444 -0.0907195 -0.0151048 -0.388921 -0.597505 -0.701234
0.254489 0.0859148 0.407119 -0.197825 0.934129 0.297099
-0.156431 -0.0626345 -0.295246 0.659343 0.351083 -0.664837
-0.377229 0.104718 -0.195254 -0.197825 0.934129 0.297099
-0.23095 0.176077 -0.1996 -0.197825 0.934129 0.297099
0.40406 -0.125787 0.288546 -0.197826 0.934129 0.297098
0.23035 -0.115101 0.0606335 0.659343 0.351083 -0.664837
-0.112562 0.00957617 -0.143982 -0.567683 -0.347311 -0.746398
0.286781 -0.153352 0.165392 0.197825 -0.934129 -0.297099
0.0437566 0.134845 0.0432341 -0.197825 0.934129 0.297099
-0.231513 0.0800498 -0.238203 -0.72535 0.0643687 -0.685365
-0.324058 0.0881711 -0.289565 -0.889322 -0.29851 0.346407
-0.143658 -0.138911 -0.0552794 -0.659343 -0.351083 0.664836
-0.180984 0.00343524 -0.284705 0.659343 0.351083 -0.664837
-0.10328 0.0309342 -0.0872219 -0.197825 0.934129 0.297099
-0.279908 0.0352263 -0.098447 -0.659348 -0.351081 0.664833
0.260306 0.032327 0.168195 0.659343 0.351083 -0.664836
-0.156676 -0.0432904 -0.285273 0.659344 0.351082 -0.664836
0.131698 -0.0189711 0.221692 0.0314585 -0.896385 -0.442159
-0.296372 0.158452 -0.187745 -0.197825 0.934129 0.297099
0.269236 -0.000680953 0.427199 -0.659343 -0.351083 0.664836
0.196835 -0.197842 0.251281 -0.659343 -0.351083 0.664837
-0.25438 0.159043 -0.161642 -0.197825 0.934129 0.297099
0.095048 0.108801 0.157144 -0.197825 0.934129 0.297099
0.310695 0.10993 0.349856 -0.817941 -0.324343 0.475157
0.135552 0.110407 0.200507 0.731034 -0.505968 0.457805
0.207342 -0.173727 0.15261 0.197825 -0.934129 -0.297099
0.0155543 -0.00714759 0.0198912 -0.72535 0.0643688 -0.685365
-0.00439827 -0.0448587 -0.0481783 0.750794 -0.354139 0.557579
-0.209361 0.0516336 -0.0198186 -0.659343 -0.351083 0.664837
0.153725 -0.10915 0.136201 0.118011 0.824989 0.55269
-0.395549 -0.118211 -0.322015 -0.72535 0.0643691 -0.685364
0.330802 -0.10571 0.165216 0.659343 0.351083 -0.664836
0.316618 0.0315312 0.284719 0.234418 -0.862864 -0.447788
-0.429782 0.115578 -0.24044 0.197825 -0.934129 -0.297099
-0.262941 -0.0600461 -0.362281 -0.197825 0.934129 0.297099
-0.19237 0.10387 -0.0187314 -0.197825 0.934129 0.297099
0.221326 0.125034 0.171017 0.725349 -0.064369 0.685365
-0.0862507 -0.114307 0.00905405 0.718651 -0.554137 0.420088
-0.0765809 0.0377532 -0.090884 -0.197825 0.934129 0.297099
0.374542 0.0793997 0.306345 0.659343 0.351083 -0.664836
-0.166803 0.0857802 -0.227157 0.659341 0.351084 -0.664838
-0.265999 0.143971 -0.121991 -0.197825 0.934129 0.297099
-0.150268 0.126223 -0.0609791 -0.197825 0.934129 0.297099
0.144316 0.101225 0.285621 -0.197825 0.934129 0.297099
0.281536 0.123052 0.23716 0.659343 0.351082 -0.664837
0.269134 0.107656 0.225893 -0.197825 0.934129 0.297099
0.209089 -0.101781 0.0465824 0.659343 0.351082 -0.664836
-0.310011 -0.120108 -0.210329 -0.659343 -0.351083 0.664837
0.170776 -0.0484326 0.0756932 0.613948 0.258999 0.745646
-0.168216 -0.0100215 -0.251976 0.654105 0.168125 0.737483
-0.27788 0.0805281 -0.0985023 0.329946 0.659459 0.675462
-0.141788 -0.0450661 -0.111554 -0.750166 0.248186 -0.612907
0.145283 0.0757558 0.19667 0.333631 0.655819 0.677195
-0.254146 -0.126032 -0.280684 0.197825 -0.934129 -0.297099
-0.148355 -0.129964 -0.197879 0.197825 -0.934129 -0.297099
-0.161946 0.133559 -0.0918213 -0.197825 0.934129 0.297099
-0.165039 0.0484241 -0.245135 0.659344 0.351082 -0.664836
0.272454 -0.0970203 0.111938 0.659343 0.351083 -0.664837
-0.170075 -0.0206675 -0.0861668 -0.567683 -0.347311 -0.746398
-0.298225 0.0835837 -0.0910764 -0.659343 -0.351083 0.664836
0.343851 0.0939555 0.342672 0.197826 -0.93413 -0.297094
-0.169459 -0.0850579 -0.109262 -0.666274 0.682556 -0.300329
-0.146022 -0.0847725 -0.296612 0.659343 0.351083 -0.664836
-0.334184 0.0359295 -0.160609 0.197822 -0.93413 -0.297098
0.101338 0.10141 0.23195 -0.70404 0.598589 -0.382124
0.0252513 0.0391567 0.192557 -0.72535 0.0643688 -0.685365
0.0693559 0.056944 0.2594 -0.659342 -0.351092 0.664832
-0.336201 0.151393 -0.192069 -0.197819 0.934131 0.297098
0.128352 -0.160286 0.203195 -0.659343 -0.351083 0.664837
0.266002 -0.163782 0.184351 0.197825 -0.934129 -0.297099
0.110137 -0.0707828 0.134404 0.671772 0.121995 0.730643
0.0300119 -0.0106932 0.00447454 -0.720276 0.0414244 -0.69245
-0.240029 -0.0754376 -0.298631 -0.197825 0.934129 0.2971
-0.271595 0.169946 -0.207385 -0.197825 0.934129 0.297099
0.331678 0.0693898 0.25855 0.659343 0.351083 -0.664836
0.192482 -0.0709672 0.221166 -0.734309 0.110852 -0.669703
0.194631 -0.0117773 0.194908 -0.331628 -0.6578 -0.676255
-0.302215 0.0785159 -0.284171 0.574796 -0.768747 -0.280425
-0.133224 -0.158554 -0.0945676 0.285127 -0.934984 -0.21097
0.112308 -0.123366 0.0142441 -0.185401 -0.781045 -0.596318
-0.231566 -0.000372875 -0.0790318 0.0314592 -0.896385 -0.442158
0.145311 0.0681176 0.264456 -0.751374 0.338902 -0.5662
-0.229763 0.169043 -0.245629 0.659343 0.351083 -0.664837
-0.00509812 -0.0286542 0.140359 -0.659343 -0.351083 0.664837
-0.207472 -0.120606 -0.283478 -0.725349 0.064368 -0.685365
0.319917 0.0276963 0.393559 0.725349 -0.0643686 0.685365
0.339382 -0.107948 0.18939 -0.197825 0.934129 0.297099
0.218489 0.0700062 0.414199 -0.659343 -0.351083 0.664836
0.18551 0.117064 0.138764 0.659343 0.351083 -0.664836
-0.327544 0.123176 -0.220207 -0.197825 0.934129 0.297099
-0.27427 0.0400424 -0.196709 -0.72535 0.0643687 -0.685365
-0.273768 0.170712 -0.288388 0.659343 0.351083 -0.664837
0.181744 -0.0516136 0.0459559 0.659343 0.351083 -0.664837
-0.0378492 -0.0624051 -0.177522 0.659343 0.351084 -0.664836
0.149314 -0.163365 0.105344 0.197826 -0.93413 -0.297097
-0.0106097 -0.0113344 0.0471885 -0.72535 0.0643688 -0.685365
0.318735 -0.131031 0.26475 0.560454 -0.140875 0.816116
0.411732 -0.141996 0.28045 0.725348 -0.0643789 0.685365
-0.172536 0.0682646 -0.242093 0.659343 0.351083 -0.664837
0.284098 0.0737562 0.385628 0.184391 0.333141 -0.924671
0.386066 -0.116634 0.247786 -0.197824 0.934131 0.297094
0.0662102 -0.144589 0.149856 -0.659343 -0.351083 0.664837
-0.233288 0.166285 -0.304096 0.659343 0.351083 -0.664836
-0.000132948 0.0418096 0.0930044 0.72535 -0.0643688 0.685365
0.293571 0.0877246 0.42708 0.72535 -0.064369 0.685365
-0.318918 0.0455767 -0.180776 0.197828 -0.934129 -0.297098
-0.11719 0.0542572 0.0422603 0.12476 0.991423 -0.0389252
-0.0879956 0.0559846 0.00945039 -0.72535 0.0643688 -0.685365
-0.382459 0.105296 -0.283551 0.897566 0.050794 0.437945
-0.231876 -0.0737261 -0.375924 0.659343 0.351083 -0.664836
-0.346181 -0.0684434 -0.345801 -0.752011 0.594306 -0.285097
-0.339128 -0.0853404 -0.348944 0.801707 -0.0202137 0.597375
-0.321472 0.171708 -0.368755 -0.197832 0.934129 0.297095
-0.338616 -0.1359 -0.247037 -0.659343 -0.351082 0.664837
0.272845 0.0541804 0.420452 0.197821 -0.93413 -0.2971
0.0729117 -0.051804 -0.024535 -0.558955 -0.3625 -0.745763
-0.286302 0.140826 -0.12562 -0.197825 0.934129 0.297099
-0.0431212 -0.0379968 0.00341965 0.74411 -0.178231 0.643843
-0.26218 0.123397 -0.177379 -0.197825 0.934129 0.297099
0.0528898 -0.129144 0.144802 -0.659343 -0.351083 0.664837
0.202694 -0.103048 0.170211 -0.584036 0.796034 -0.158846
-0.258992 0.038229 -0.213048 -0.72535 0.0643687 -0.685365
-0.346472 0.122559 -0.206918 0.197825 -0.934129 -0.297099
-0.16157 -0.10352 -0.0543551 -0.659343 -0.351083 0.664836
-0.207838 0.0237573 -0.174159 0.584039 -0.796031 0.15885
-0.120329 0.144106 -0.0972711 -0.197825 0.934129 0.297099
0.0645482 -0.0192108 -0.0281878 -0.664382 -0.141863 -0.733806
0.228716 0.0750446 0.325467 0.197825 -0.934129 -0.297099
0.279135 -0.128426 0.213661 -0.197825 0.934129 0.297099
0.0931005 -0.0463414 -0.0391715 0.659343 0.351082 -0.664837
0.168047 0.0390965 0.34785 -0.659343 -0.351083 0.664836
0.163715 -0.179982 0.167179 0.197825 -0.934129 -0.297099
0.176024 0.0067154 0.172536 0.0688646 -0.908761 -0.411597
0.386784 0.072215 0.326972 0.72535 -0.0643688 0.685364
-0.150381 0.0308024 -0.140983 -0.154873 -0.80189 -0.57705
0.209697 0.0941466 0.228793 -0.197825 0.934129 0.297099
0.00510032 -0.10567 0.0532748 -0.506978 -0.445375 -0.73798
0.330955 -0.168036 0.240975 0.197829 -0.934128 -0.2971
-0.260443 -0.0947567 -0.383212 0.197825 -0.934129 -0.297099
0.290615 -0.176506 0.355552 -0.659343 -0.351083 0.664836
-0.0993521 0.151083 -0.105241 -0.197825 0.934129 0.297099
0.268912 -0.015796 0.4036 0.197825 -0.934129 -0.297099
0.033264 0.0820005 0.0614337 0.72535 -0.0643688 0.685365
-0.0565666 0.075255 0.144187 -0.659343 -0.351083 0.664837
-0.0183863 -0.0887612 0.0626448 -0.60555 -0.276133 -0.746365
-0.217192 0.0972495 -0.0987871 -0.698491 0.613205 -0.368903
-0.255042 -0.134711 -0.253992 0.197825 -0.934129 -0.297099
-0.0999415 0.146236 -0.128923 0.659343 0.351083 -0.664837
-0.0978369 0.0334606 0.069663 0.72535 -0.0643688 0.685365
0.285504 0.0543582 0.204819 0.659343 0.351083 -0.664836
0.0993216 0.0206571 0.112428 -0.72535 0.0643688 -0.685365
-0.37787 0.0805395 -0.322059 -0.725349 0.064371 -0.685365
0.100811 -0.0457054 0.149227 0.751434 -0.336841 0.567349
0.276365 -0.199067 0.302195 0.197825 -0.934129 -0.297099
0.0320283 0.125937 0.063435 -0.197825 0.934129 0.297099
0.304242 0.0625013 0.321474 -0.279327 -0.344243 0.896367
0.0835709 -0.144829 0.166947 -0.659343 -0.351083 0.664837
0.273912 -0.00769399 0.380929 0.157503 -0.957727 -0.240731
0.0857254 -0.18686 0.136873 0.197825 -0.934129 -0.297099
-0.252593 0.0184214 -0.221681 -0.72535 0.0643687 -0.685365
-0.104505 0.0834947 0.0295069 -0.72535 0.0643695 -0.685364
-0.305176 -0.0811772 -0.359441 -0.279327 -0.344243 0.896367
-0.0555306 -0.0560875 0.0119785 0.751069 -0.267472 0.603618
0.258873 -0.00641903 0.366972 0.1395 -0.955869 -0.258563
-0.118926 -0.132561 -0.17012 0.197825 -0.934129 -0.297099
-0.286994 -0.124904 -0.306103 0.19782 -0.934131 -0.297098
0.153294 -0.104355 0.256818 -0.751735 0.29289 -0.590856
-0.179838 -0.128924 -0.222112 0.197825 -0.934129 -0.297099
-0.384716 0.143328 -0.279574 0.708688 -0.0731008 0.701725
0.27201 0.0392419 0.359947 0.843853 0.316511 -0.433281
0.313927 -0.148182 0.167215 0.197823 -0.93413 -0.297098
-0.369084 0.0828342 -0.161745 -0.659343 -0.351083 0.664837
0.139356 -0.145295 0.222024 -0.659343 -0.351083 0.664836
-0.312731 0.143035 -0.341645 0.659343 0.351082 -0.664837
0.23429 -0.0112355 0.366207 0.197825 -0.934129 -0.297099
-0.124154 0.0155618 -0.0527872 -0.197825 0.934129 0.297099
0.295743 -0.036237 0.167132 0.659343 0.351083 -0.664836
0.131227 0.0680441 0.282564 0.197825 -0.934129 -0.297099
-0.257332 -0.144225 -0.232927 -0.725349 0.064368 -0.685365
-0.055123 -0.11508 -0.0570138 0.643433 -0.720924 0.257416
0.165387 -0.0027516 0.191131 -0.0060223 -0.881782 -0.471618
-0.0858838 0.00761627 0.0026727 -0.72535 0.0643688 -0.685365
-0.188487 0.177394 -0.151825 -0.161663 0.929796 0.330673
0.187067 0.124312 0.241498 -0.197825 0.934129 0.297099
0.265422 0.0864145 0.380106 0.728288 0.34293 -0.593293
-0.319346 0.023833 -0.143575 -0.659343 -0.351083 0.664837
-0.37072 0.12254 -0.1424 -0.659343 -0.351083 0.664836
0.415439 -0.118489 0.273178 -0.197824 0.934129 0.297099
-0.145064 -0.0342437 -0.26898 0.659344 0.351082 -0.664836
0.0533082 0.0243232 0.16147 -0.72535 0.0643688 -0.685365
0.161334 -0.123923 0.216968 -0.606912 0.770467 -0.195034
0.233118 0.115217 0.157053 0.197825 -0.934129 -0.297099
-0.0191702 0.0425723 -0.0678089 -0.197825 0.934129 0.297099
-0.257468 -0.115887 -0.314795 0.197825 -0.934129 -0.297099
0.217029 0.0301098 0.127535 0.106098 -0.918876 -0.380013
0.055157 -0.0915524 0.0108238 -0.479125 -0.485253 -0.731415
0.282446 0.0555132 0.398703 -0.197825 0.934129 0.297099
0.00348012 0.0729956 -0.0650326 0.659343 0.351083 -0.664837
0.277365 0.073425 0.206816 0.659343 0.351083 -0.664836
0.272152 -0.0367477 0.143467 0.659339 0.35108 -0.664842
0.0758878 0.0122732 0.242288 -0.659343 -0.351082 0.664836
0.00567005 0.0923866 -0.0526209 0.659343 0.351083 -0.664837
0.295387 0.0638088 0.422911 0.72535 -0.0643689 0.685365
-0.315341 0.0643026 -0.251731 0.519963 -0.849926 0.0852356
-0.247931 0.0888394 -0.269535 0.197825 -0.93413 -0.297098
-0.0458307 -0.00329094 -0.154221 0.659343 0.351082 -0.664837
-0.222539 -0.0982946 -0.34685 0.197825 -0.934129 -0.297099
-0.261941 -0.10816 -0.342068 0.197826 -0.934128 -0.297103
-0.299694 0.175104 -0.364934 -0.197825 0.934129 0.297099
-0.28558 0.0669481 -0.225774 0.197825 -0.934129 -0.297099
0.105132 0.0390318 0.0260903 -0.197825 0.934129 0.297099
-0.349331 0.147438 -0.310997 -0.197827 0.934129 0.297098
0.148367 -0.0447065 0.284079 -0.659343 -0.351083 0.664837
-0.149372 0.182187 -0.212476 0.659344 0.35108 -0.664837
-0.157706 -0.139559 -0.0695538 -0.659344 -0.351084 0.664835
-0.171314 0.0309666 -0.260577 0.659351 0.351079 -0.664831
-0.171673 -0.0522291 -0.304867 0.659341 0.351084 -0.664837
0.209896 -0.191583 0.234405 0.197825 -0.934129 -0.297099
0.228264 -0.00228401 0.385718 -0.659343 -0.351083 0.664836
-0.282164 -0.0557186 -0.148709 -0.659343 -0.351083 0.664836
0.0191783 -0.0293663 0.0157036 -0.695679 -0.0504621 -0.716578
-0.412785 0.0987696 -0.200226 -0.197825 0.934129 0.297099
-0.135239 0.0339056 -0.0692906 0.72535 -0.0643688 0.685365
-0.240258 -0.107697 -0.329086 0.197825 -0.93413 -0.297096
-0.34854 0.126914 -0.293002 -0.325807 -0.348516 0.878855
0.135606 0.12532 0.13221 -0.197825 0.934129 0.297099
-0.389076 -0.139015 -0.329708 0.197825 -0.934129 -0.297099
-0.103566 0.0671086 0.0788861 0.725356 -0.0643612 0.685359
0.0606078 -0.175693 0.10492 -0.00279893 -0.883124 -0.469131
0.199996 0.0580492 0.359781 0.197825 -0.934129 -0.297099
-0.0864569 0.0140352 -0.0228867 -0.197825 0.934129 0.297099
-0.328618 0.125237 -0.104781 -0.197825 0.934129 0.297099
-0.0341827 -0.0840396 -0.18531 0.659343 0.351082 -0.664837
0.254378 -0.0102156 0.220563 0.72535 -0.0643688 0.685365
0.092879 -0.0290448 0.230316 0.286482 -0.934884 -0.209573
-0.405897 0.0603907 -0.285767 0.125581 -0.945091 -0.301717
-0.0430699 -0.117415 -0.125621 0.474795 -0.880075 0.00612719
-0.0285228 0.0125089 -0.00566276 0.72535 -0.0643688 0.685365
0.322276 0.122334 0.337748 -0.197825 0.934129 0.297099
0.162376 0.0811064 0.183467 0.229438 0.748137 0.622614
-0.139504 0.155134 -0.144712 -0.197825 0.934129 0.297099
-0.263239 0.188435 -0.259955 -0.197825 0.934129 0.297099
-0.194066 -0.156193 -0.145848 0.197825 -0.934129 -0.297099
-0.21618 -0.0343665 -0.265176 -0.72535 0.0643688 -0.685365
0.161633 0.0283508 0.0682377 0.659343 0.351083 -0.664836
-0.307546 0.0991898 -0.131474 -0.197825 0.934129 0.297099
0.279341 0.0365528 0.24595 0.197827 -0.934129 -0.297099
0.267358 -0.185073 0.252198 0.197824 -0.934132 -0.29709
-0.0768827 -0.0451274 -0.207109 0.659344 0.351084 -0.664835
-0.165128 -0.0997916 -0.321227 0.659343 0.351082 -0.664837
0.108706 0.0850382 0.312804 -0.197825 0.934129 0.297099
-0.33756 -0.123582 -0.338958 0.971331 0.227571 -0.0687559
-0.338149 0.0991228 -0.127689 0.197825 -0.934129 -0.297099
0.26905 -0.160061 0.154938 0.725349 -0.064368 0.685365
0.206793 0.0487619 0.123804 0.659344 0.351082 -0.664836
-0.313763 0.162008 -0.210506 -0.197825 0.934129 0.297099
0.0409417 0.00274149 0.0974517 -0.197825 0.934129 0.297099
0.060917 0.00400999 0.106764 -0.197825 0.934129 0.297099
0.00240093 -0.0738223 -0.143634 0.659343 0.351082 -0.664837
0.187991 -0.188777 0.187046 0.197825 -0.934129 -0.297099
-0.00840506 0.0645864 0.0519856 -0.72535 0.0643688 -0.685365
0.0704285 0.0998273 0.150442 -0.72535 0.0643688 -0.685365
-0.094553 0.0046188 0.0634787 0.72535 -0.0643688 0.685365
-0.242585 -0.0443134 -0.177881 0.687764 0.0755746 0.72199
0.194799 -0.108763 0.0287238 0.659343 0.351082 -0.664836
-0.326614 0.0985421 -0.352433 0.197824 -0.93413 -0.297099
0.074856 0.0553986 0.0149168 0.72535 -0.0643688 0.685365
-0.0694333 -0.0277038 -0.19052 0.659343 0.351081 -0.664838
0.020667 -0.051221 0.153994 -0.659343 -0.351083 0.664837
0.256527 0.12409 0.288446 -0.19783 0.934128 0.2971
-0.335674 0.131191 -0.128201 -0.197825 0.934129 0.297099
-0.176866 -0.03945 -0.0745143 -0.67177 -0.122 -0.730644
0.257233 -0.196464 0.311907 -0.659343 -0.351083 0.664837
0.145898 -0.0233462 0.29291 -0.659343 -0.351083 0.664837
0.255038 -0.122837 0.0810326 0.659343 0.351083 -0.664837
-0.274774 -0.0506998 -0.406308 0.659343 0.351083 -0.664837
-0.0252333 -0.068051 0.0625416 -0.664382 -0.141863 -0.733806
-0.271856 0.125385 -0.0523431 0.0988986 0.836093 0.5396
-0.155385 -0.122167 -0.227077 0.197825 -0.934129 -0.297099
-0.140645 -0.0038162 -0.116391 -0.567684 -0.347311 -0.746398
0.337821 0.103723 0.283995 -0.197825 0.934129 0.297099
-0.297474 -0.0623863 -0.167414 -0.659343 -0.351083 0.664837
-0.261754 -0.102616 -0.227642 -0.197825 0.934129 0.297099
-0.025649 -0.019221 0.0623645 -0.72535 0.0643688 -0.685365
-0.220057 0.00899066 -0.0976345 0.106097 -0.918876 -0.380014
0.163465 0.0784927 0.247227 -0.197825 0.934129 0.297099
0.26099 0.00100636 0.33186 -0.26151 -0.917788 -0.298794
-0.225208 0.0541837 -0.0341881 -0.659343 -0.351083 0.664837
0.207985 0.0553762 0.396055 -0.659343 -0.351083 0.664836
-0.190753 -0.091513 -0.163022 -0.106101 0.918877 0.38001
0.203953 0.136466 0.166624 -0.197825 0.934129 0.297099
-0.278146 0.152511 -0.15693 -0.197825 0.934129 0.297099
-0.158865 -0.00118455 -0.0232465 -0.197825 0.934129 0.297099
-0.00199542 -0.113786 0.09848 -0.659343 -0.351082 0.664836
0.338231 0.0678235 0.377945 0.725349 -0.0643686 0.685365
-0.0220119 3.2829e-05 0.112236 0.72535 -0.0643688 0.685365
-0.26216 -0.0930862 -0.148603 -0.659341 -0.351086 0.664837
0.0709918 -0.0813489 0.1733 0.714587 -0.0177255 0.699322
-0.183749 0.0332633 -0.209239 0.666274 -0.682554 0.30033
0.316162 0.0527913 0.370498 -0.674045 0.0904268 -0.733134
0.313984 -0.173917 0.274983 0.978196 0.168576 0.121307
0.13061 -0.161424 0.087026 0.179964 -0.932268 -0.313829
0.219323 -0.0747237 0.186911 -0.749265 0.37999 -0.542411
-0.175509 -0.149497 -0.154546 0.197825 -0.934129 -0.297099
0.117126 0.0774595 0.0989197 -0.72535 0.0643688 -0.685365
0.238412 0.134539 0.200457 0.659343 0.351083 -0.664837
-0.403012 0.130224 -0.268665 0.197814 -0.934127 -0.297115
0.061343 0.0426823 0.0280239 0.72535 -0.0643688 0.685365
-0.304107 -0.0999999 -0.26407 -0.197826 0.934129 0.297099
0.226749 -0.00655075 0.346456 0.197823 -0.934131 -0.297095
-0.0601074 0.0632637 0.0325315 0.72535 -0.0643688 0.685365
0.186052 -0.20001 0.221074 0.197825 -0.934129 -0.297099
0.257949 0.0495958 0.400997 -0.197825 0.934129 0.297099
-0.285716 0.192428 -0.287475 -0.197825 0.934129 0.297099
0.108845 0.066406 0.303559 -0.659339 -0.351082 0.664841
0.167675 -0.0551606 0.297707 -0.659343 -0.351083 0.664836
-0.139465 -0.00117867 -0.0103475 -0.197825 0.934129 0.297099
-0.0521513 0.0230548 0.0203348 0.72535 -0.0643688 0.685365
0.108682 -0.16693 0.0922073 0.107548 -0.919225 -0.378759
0.157694 0.0652432 0.214006 -0.24956 0.936339 0.246958
0.39923 -0.153641 0.241178 0.197825 -0.934129 -0.297099
0.125504 -0.005655 0.282027 -0.659343 -0.351083 0.664837
-0.219487 -0.00699394 -0.0608202 -0.659343 -0.351084 0.664836
-0.0311522 -0.0471949 0.0661098 -0.708831 -0.00452473 -0.705364
0.218944 0.0154078 0.26047 0.72535 -0.0643688 0.685365
-0.106807 -0.00456282 0.0220383 -0.197825 0.934129 0.297099
-0.342039 -0.102751 -0.33346 0.976696 0.213579 -0.021193
-0.295331 0.176851 -0.2449 -0.197825 0.934129 0.297099
0.268074 0.108055 0.340811 0.560454 -0.140875 0.816116
-0.290131 -0.0616243 -0.327756 -0.971331 -0.227571 0.0687563
0.270282 -0.118179 0.193591 0.72535 -0.0643688 0.685365
0.242037 -0.169383 0.182651 0.72535 -0.0643687 0.685365
-0.17509 0.00662496 -0.102899 -0.297582 -0.690199 -0.659599
0.182391 -0.0322784 0.294677 0.72535 -0.0643688 0.685365
0.350666 -0.124187 0.175158 0.659343 0.351083 -0.664837
0.357061 0.0232414 0.353829 0.725354 -0.0643724 0.68536
0.286266 0.0932838 0.330255 0.107594 -0.280564 0.953786
0.226088 -0.0321766 0.185702 -0.634819 -0.21382 -0.742486
0.180051 -0.0716258 0.033709 0.659343 0.351083 -0.664837
-0.298276 0.113605 -0.0756255 0.667657 -0.679994 0.303054
0.332913 -0.135624 0.320005 -0.197821 0.934129 0.297101
-0.381794 -0.100594 -0.31393 -0.197825 0.93413 0.297098
-0.0418799 -0.096611 -0.0449173 0.693534 -0.625452 0.357519
-0.165591 0.0442267 -0.224101 0.62828 -0.742983 0.230739
0.317686 0.0662542 0.243017 0.659343 0.351083 -0.664836
-0.381443 0.137066 -0.312969 -0.72535 0.0643726 -0.685363
-0.424077 0.0633033 -0.226598 -0.659343 -0.351083 0.664837
0.0785237 -0.146481 0.0553662 -0.14942 -0.805448 -0.573522
0.0731128 0.0440419 -0.011265 0.659343 0.351083 -0.664837
0.315404 0.0956853 0.318291 0.197825 -0.934129 -0.297099
0.332397 0.0248944 0.302848 0.477632 -0.640529 -0.601324
-0.280084 0.118346 -0.322306 0.659343 0.351082 -0.664837
-0.347647 0.0626976 -0.151119 -0.659343 -0.351083 0.664837
0.0554126 0.0692427 -0.0151179 -0.72535 0.0643688 -0.685365
0.365551 0.0980485 0.320301 -0.197824 0.934129 0.297101
-0.360306 0.179622 -0.296876 -0.197821 0.93413 0.2971
0.287236 -0.0921188 0.178095 0.72535 -0.0643688 0.685365
0.210973 0.0154291 0.155671 -0.0808519 -0.846039 -0.526955
-0.248182 0.151884 -0.233673 0.197825 -0.934129 -0.2971
0.346176 0.0837911 0.280533 0.659343 0.351083 -0.664836
-0.180061 -0.0501851 -0.0445281 -0.659343 -0.351083 0.664836
0.32677 0.0486463 0.388273 0.725349 -0.0643686 0.685365
-0.301018 0.115391 -0.154115 0.197825 -0.934129 -0.297099
0.293679 0.0415444 0.314399 0.204048 -0.257207 0.944568
0.386947 0.053639 0.325055 0.72535 -0.0643688 0.685364
-0.221716 0.159145 -0.262834 -0.197825 0.934129 0.297099
0.266183 0.0550576 0.343692 0.967037 0.136407 0.215019
-0.0555407 0.0875245 0.125901 -0.197825 0.934129 0.297099
-0.0413467 0.0562861 0.137982 0.725349 -0.0643688 0.685365
-0.310732 0.118782 -0.195196 -0.197825 0.934129 0.297099
-0.0311448 -0.0777316 0.0886111 -0.659343 -0.351083 0.664837
-0.220413 -0.0731946 -0.292622 -0.197825 0.934129 0.297099
-0.421109 0.116539 -0.195541 -0.659343 -0.351083 0.664836
-0.0237219 -0.106443 -0.129715 0.52965 -0.8445 0.079315
0.128305 -0.0297786 0.24083 -0.118005 -0.824992 -0.552687
-0.105935 0.102816 0.0442675 -0.197825 0.934129 0.297099
0.227133 0.142557 0.16291 -0.197825 0.934129 0.297099
0.232887 0.094233 0.366581 -0.197828 0.934126 0.297107
0.344031 -0.141834 0.167299 0.197825 -0.934129 -0.297099
0.168466 0.0758951 0.367699 -0.659343 -0.351083 0.664836
-0.331187 0.114294 -0.194703 -0.197827 0.934129 0.297099
0.211085 0.0919177 0.174625 -0.477147 0.878776 -0.00914548
0.0506942 -0.080138 0.168503 -0.659343 -0.351083 0.664837
-0.283863 -0.0807857 -0.297709 0.154789 0.810588 0.56479
-0.201887 -0.136816 -0.211981 0.197825 -0.934129 -0.297099
-0.279773 0.124723 -0.19326 -0.197825 0.934129 0.297099
0.106808 0.0368408 0.271936 -0.35251 0.925414 0.139089
0.294081 0.0835412 0.228736 0.659343 0.351083 -0.664836
-0.124173 0.150704 -0.120576 -0.197825 0.934129 0.297099
-0.22504 -0.159931 -0.147089 -0.659343 -0.351082 0.664837
0.319601 -0.152691 0.260977 0.708678 -0.0731058 0.701734
-0.31442 0.0650103 -0.286786 0.197823 -0.934128 -0.297103
0.245555 -0.0891707 0.0894059 0.659343 0.351083 -0.664837
-0.203494 -0.103642 -0.135298 -0.215848 0.935444 0.279919
-0.125187 0.09546 -0.0741479 0.72535 -0.0643688 0.685365
0.0298866 0.0826194 0.196074 -0.197825 0.934129 0.297099
-0.298153 0.146068 -0.325586 0.659343 0.351083 -0.664836
-0.0139169 0.0859767 -0.0661334 -0.725349 0.0643688 -0.685365
-0.127592 0.110728 -0.175097 0.659343 0.351083 -0.664837
-0.296236 0.176248 -0.307747 0.659343 0.351083 -0.664837
-0.154131 0.127377 -0.192624 0.659339 0.351082 -0.664841
-0.0537557 0.0441567 -0.0958197 -0.197825 0.934129 0.297099
0.306049 0.109341 0.245175 -0.197825 0.934129 0.297099
-0.305078 0.0871025 -0.306208 0.407727 -0.814616 -0.412505
-0.0216112 -0.0167623 -0.137315 0.659343 0.351083 -0.664837
0.159045 0.0647408 0.232838 -0.558434 0.820766 -0.120395
-0.17899 0.0905301 -0.0176683 0.72535 -0.0643688 0.685365
0.265283 -0.160839 0.30635 -0.19783 0.934126 0.297108
-0.164442 -0.0173573 -0.27928 0.659341 0.351084 -0.664838
-0.21869 -0.0771084 -0.266534 -0.72535 0.0643688 -0.685365
0.353077 0.12814 0.340001 -0.197825 0.934129 0.297099
-0.0616376 0.0807527 -0.0161192 -0.72535 0.0643688 -0.685365
0.0373039 0.109199 0.00798416 -0.68836 -0.0601463 0.722871
0.324173 0.118603 0.228122 -0.197825 0.934129 0.297099
0.180834 -0.0698899 0.0808412 0.397161 0.588187 0.704485
0.297154 -0.183975 0.268583 0.197824 -0.93413 -0.297096
-0.281816 0.147745 -0.267006 -0.197825 0.934129 0.297099
0.0447452 0.0686455 0.241172 -0.659343 -0.351082 0.664837
-0.118102 0.155357 -0.192389 0.746255 -0.413206 0.521886
0.194586 -0.0805158 0.27724 0.72535 -0.0643688 0.685365
0.233837 -0.170884 0.161313 0.197825 -0.934129 -0.297099
-0.0246049 -0.0801905 -0.0514015 0.718651 -0.554137 0.420088
0.336473 -0.163608 0.358069 0.725349 -0.0643692 0.685365
-0.243575 0.132403 -0.169354 0.197825 -0.934129 -0.297099
