ply
format ascii 1.0
comment Created by Open3D
element vertex 128
property double x
property double y
property double z
property double nx
property double ny
property double nz
end_header
0.205416 0.268053 -0.0471876 0.645596 0.0285647 -0.763144
0.418583 -0.219917 0.0508965 -0.0940047 -0.0542849 -0.994091
-0.374815 0.251555 0.134663 -0.0972929 0.994234 -0.0450923
-0.410975 -0.296162 0.082734 0.990806 0.092479 -0.098744
0.0494533 0.255497 -0.0674148 0.885094 -0.461723 -0.058484
0.331702 0.242322 0.0338705 -0.0940047 -0.0542849 -0.994091
-0.440806 -0.0860541 -0.0198136 0.990806 0.0924785 -0.0987497
-0.343445 0.241406 0.0811532 -0.990806 -0.092479 0.0987442
-0.414597 -0.317549 0.0263657 0.990806 0.0924787 -0.0987441
-0.125752 0.266879 -0.0648542 -0.0972928 0.994234 -0.0450923
-0.469128 0.161855 -0.0718199 0.990806 0.0924787 -0.0987459
0.440682 -0.0682794 -0.125968 -0.990806 -0.092479 0.0987439
0.32893 -0.0488222 0.119133 0.0940046 0.0542849 0.994091
-0.461267 -0.284536 0.168718 -0.990806 -0.092479 0.0987441
0.44837 0.00868279 0.0355964 -0.0940047 -0.0542849 -0.994091
-0.328407 0.182468 0.018942 -0.0940047 -0.0542849 -0.994091
-0.28807 -0.224538 0.187074 0.0940047 0.0542849 0.994091
-0.138631 0.236817 -0.0281266 0.92607 -0.371301 -0.0672964
0.305328 -0.118688 0.113663 0.0940051 0.0542849 0.994091
-0.309459 -0.151544 0.0541535 -0.990806 -0.092479 0.0987442
-0.477948 -0.308832 -0.0214146 -0.990809 -0.0924625 0.098734
-0.410135 -0.27017 0.115507 0.990806 0.092479 -0.098744
0.494222 0.14861 0.0346507 0.990806 0.092479 -0.0987444
-0.266605 0.252153 0.147497 0.0940047 0.0542848 0.994091
0.266017 -0.0399625 -0.0251223 -0.0940042 -0.0542849 -0.994091
0.421639 0.159484 -0.103736 -0.990806 -0.092479 0.0987431
-0.146213 0.253437 -0.084414 0.0940106 0.0542897 0.99409
0.0457846 0.253193 -0.0906199 -0.0940069 -0.0542898 -0.99409
-0.230919 0.146945 0.108892 0.990806 0.092479 -0.0987441
0.377094 0.0148811 0.0995831 0.0940046 0.0542849 0.994091
-0.513842 0.157129 -0.0307395 -0.11399 0.963765 -0.241169
0.334996 -0.0463325 0.118424 0.0940046 0.0542849 0.994091
-0.453594 -0.327299 -0.0173141 0.0972928 -0.994234 0.0450923
-0.496955 -0.055626 0.025009 -0.990806 -0.092479 0.0987442
0.410577 -0.12439 0.0464371 -0.0940047 -0.0542849 -0.994091
-0.508369 0.239684 0.17104 0.0940047 0.0542848 0.994091
-0.433648 -0.162644 -0.0197178 0.990809 0.0924827 -0.0987181
0.42074 0.168409 -0.104403 -0.990807 -0.0924789 0.0987338
-0.387222 0.144263 0.164794 0.0940047 0.0542849 0.994091
0.229011 0.27171 -0.0387242 -0.0217198 -0.0474176 -0.998639
0.469853 0.186396 -0.174478 0.990806 0.0924789 -0.0987456
0.222904 0.146465 0.0854779 -0.990806 -0.092479 0.0987441
0.116987 0.220722 -0.0720714 0.228715 -0.0217593 -0.97325
-0.323129 0.135741 0.159199 0.0940047 0.0542849 0.994091
-0.302055 -0.228409 0.0564591 -0.990806 -0.092479 0.0987442
-0.224918 -0.223738 0.104031 -0.295201 -0.952088 0.0799064
-0.32032 0.0127366 0.0990261 -0.990806 -0.092479 0.0987442
0.421212 0.291394 0.0155134 -0.990806 -0.092479 0.0987442
0.303451 -0.194101 0.0207088 -0.992924 -0.0676678 0.0975893
0.418759 0.291297 -0.00918534 -0.990806 -0.092479 0.0987441
-0.320614 -0.0450562 0.0419501 -0.990806 -0.092479 0.0987442
0.124165 0.270801 -0.0355454 -0.584663 -0.0204305 0.811019
-0.40182 0.178317 0.10673 -0.0940047 -0.0542849 -0.994091
0.330145 0.311466 0.087827 0.0940047 0.0542849 0.994091
0.0626632 0.285033 -0.0711209 -0.0972928 0.994234 -0.0450923
-0.290456 -0.236268 0.187941 0.0940047 0.0542849 0.994091
-0.447848 -0.057211 -0.0634578 0.990806 0.0924789 -0.0987462
-0.512409 0.0236471 -0.0558144 -0.990806 -0.0924791 0.0987435
0.507777 -0.153521 -0.112296 0.990809 0.0924831 -0.0987122
-0.423293 0.143614 0.110656 -0.0940047 -0.0542849 -0.994091
-0.462879 -0.306896 -0.0121352 -0.110218 0.975036 -0.192759
0.295634 0.110099 -0.0361175 -0.0940043 -0.0542849 -0.994091
0.48576 0.167218 -0.0328351 0.990806 0.0924791 -0.0987442
-0.49507 0.241165 0.165024 -0.0972929 0.994234 -0.0450923
0.366304 -0.0770833 0.117142 0.0940046 0.0542849 0.994091
-0.370228 -0.0212446 0.172225 0.0940046 0.0542848 0.994091
-0.192192 0.177619 -0.112279 0.0972888 -0.994234 0.0450962
-0.48529 -0.191508 0.0148008 -0.990806 -0.092479 0.0987442
-0.377361 0.251048 0.128968 -0.0972929 0.994234 -0.0450923
0.329945 0.149705 0.0390942 -0.0940047 -0.0542849 -0.994091
-0.294559 -0.291489 0.0725962 -0.990806 -0.092479 0.0987442
-0.181102 0.238602 -0.0431249 -0.120975 -0.0567854 -0.99103
0.328126 0.00855468 -0.000758699 0.990806 0.092479 -0.0987442
0.282191 0.0758516 0.105228 0.0940042 0.0542849 0.994091
-0.209551 -0.0388649 0.149282 0.990806 0.092479 -0.0987441
0.30997 0.0903114 0.113329 0.0940046 0.0542849 0.994091
-0.488328 -0.0679026 0.100078 -0.990806 -0.092479 0.0987442
0.312095 0.192898 0.0110233 0.990806 0.092479 -0.0987442
0.46996 0.327867 -0.00546495 -0.0972927 0.994234 -0.0450924
-0.440658 -0.0583527 0.00761733 0.990806 0.092479 -0.0987442
0.166851 0.211186 -0.146862 0.0972914 -0.994234 0.045091
-0.244047 0.104024 0.125889 -0.885086 0.461739 0.0584824
0.0654616 0.216224 -0.16557 -0.0940047 -0.054285 -0.994091
0.023433 0.204559 -0.12804 -0.612734 -0.783841 0.100746
0.416333 0.208612 -0.110964 -0.990805 -0.0924794 0.0987545
0.449759 -0.123124 -0.0862599 -0.990806 -0.0924796 0.0987466
-0.250317 -0.245845 0.099941 0.980767 0.166507 -0.101837
-0.420481 -0.255863 0.197859 0.0972927 -0.994234 0.0450917
-0.441866 0.0457201 0.0929694 0.990806 0.092479 -0.098744
-0.214578 0.185521 -0.0699622 0.98456 0.0895239 -0.150425
-0.465634 0.02928 -0.0804606 -0.0940047 -0.0542849 -0.994091
0.422691 0.19669 -0.0583372 -0.990806 -0.092479 0.0987441
-0.452593 0.035042 -0.0246755 0.990806 0.092479 -0.0987436
0.262378 0.177417 0.0537693 -0.433613 -0.896597 0.089965
-0.453611 0.216873 0.167107 0.0940047 0.0542848 0.994091
-0.430998 0.0043977 0.176572 0.0940047 0.0542849 0.994091
0.53104 -0.213886 0.0645888 0.990806 0.0924795 -0.0987441
-0.245593 -0.303436 0.0600349 0.097293 -0.994234 0.0450924
0.252288 -0.227876 0.0297275 -0.990806 -0.092479 0.0987442
-0.332863 0.123267 0.0766925 -0.990806 -0.092479 0.0987442
-0.327756 0.25542 0.118339 -0.0972929 0.994234 -0.0450923
-0.490023 -0.211481 -0.0650068 -0.0940046 -0.0542849 -0.994091
0.335076 0.312649 0.029711 -0.0940047 -0.0542849 -0.994091
0.345783 0.0981072 0.109516 0.0940048 0.0542849 0.994091
0.527258 -0.155544 0.0812773 0.990806 0.0924785 -0.0987439
0.265317 0.148938 -0.0211934 -0.94314 0.324623 0.0714596
-0.306803 -0.164659 0.0685212 -0.990806 -0.092479 0.0987442
0.323504 -0.060671 -0.0294277 -0.0940047 -0.0542849 -0.994091
-0.227412 0.0677439 0.0698988 0.990806 0.092479 -0.0987442
-0.205757 -0.165312 0.0689242 0.990806 0.092479 -0.0987441
0.294655 0.202741 -0.0410839 -0.0940016 -0.0542849 -0.994091
0.414748 0.290601 -0.0500878 -0.990806 -0.092479 0.0987441
-0.226441 0.0758167 0.0872041 0.990806 0.092479 -0.0987442
-0.284643 0.223136 0.0125828 -0.0940047 -0.0542849 -0.994091
-0.144258 0.262209 -0.127888 -0.0972898 0.994234 -0.045088
0.262563 0.129822 0.104137 0.0940004 0.0542845 0.994091
0.489059 0.0215416 -0.136158 0.990808 0.0924808 -0.0987286
0.0468814 0.281715 -0.110216 -0.0972926 0.994234 -0.0450922
-0.483448 -0.0819176 0.135917 -0.990806 -0.0924791 0.0987442
0.243959 0.30616 0.0035326 -0.0972929 0.994234 -0.0450924
-0.380803 -0.212339 0.195177 0.0940046 0.0542851 0.994091
-0.483191 -0.11248 0.109872 -0.990806 -0.0924768 0.0987481
0.288822 0.242033 -0.042678 -0.0940047 -0.0542849 -0.994091
-0.37012 -0.311713 0.146235 0.0972929 -0.994234 0.0450922
-0.421636 -0.317177 0.136897 0.097293 -0.994234 0.0450923
0.474191 0.29666 -0.0276816 0.990807 0.0924751 -0.0987428
0.44369 0.0214598 0.0353413 -0.0940047 -0.0542849 -0.994091
0.458559 -0.176139 -0.0476141 -0.990806 -0.092479 0.0987442
