ply
format ascii 1.0
comment Created by Open3D
element vertex 2096
property double x
property double y
property double z
property double nx
property double ny
property double nz
end_header
0.219363 -0.0535759 -0.219003 0.782249 0.212491 -0.585606
-0.0599511 -0.0837385 0.309374 0.58929 -0.557282 0.584956
-0.345964 -0.273368 -0.237376 0.58929 -0.557282 0.584956
0.0683157 0.309193 0.400072 -0.195574 -0.52836 0.826188
0.263106 0.00659711 -0.135454 -0.782249 -0.212491 0.585606
-0.0355732 0.455102 0.180886 -0.20205 -0.802673 -0.561152
0.276877 -0.151351 -0.177654 0.782249 0.212491 -0.585606
0.0723197 -0.101429 -0.429502 -0.782249 -0.212491 0.585606
0.208783 -0.230536 -0.104491 -0.58929 0.557282 -0.584956
0.120196 -0.286586 -0.436019 0.782249 0.212491 -0.585606
0.00570982 0.36442 0.015959 0.58929 -0.557282 0.584956
0.149278 0.347271 -0.148299 -0.58929 0.557282 -0.584956
-0.210611 -0.390411 0.0663059 0.782249 0.212491 -0.585606
-0.218074 -0.228825 -0.327065 -0.58929 0.557282 -0.584956
-0.23164 0.182213 0.245996 0.782249 0.212491 -0.585606
-0.080185 0.379671 0.113732 -0.58929 0.557282 -0.584956
-0.280761 -0.08941 0.0851044 -0.782249 -0.212491 0.585606
-0.316506 -0.128685 -0.129214 0.58929 -0.557282 0.584956
0.28141 -0.144625 -0.0925215 0.58929 -0.557282 0.584956
0.218105 -0.420987 -0.292036 0.58929 -0.557282 0.584956
-0.271469 0.279358 0.231328 -0.782249 -0.212491 0.585606
0.407532 0.287662 0.192256 0.58929 -0.557282 0.584956
0.236007 0.11688 -0.134919 0.782249 0.212491 -0.585606
-0.0977968 0.391659 0.146183 0.58929 -0.557282 0.584956
0.193915 0.374973 -0.0974945 0.782249 0.212491 -0.585606
0.0281363 -0.183225 0.125855 0.58929 -0.557282 0.584956
-0.00240896 0.181447 0.504045 0.58929 -0.557282 0.584956
-0.15473 -0.00489289 -0.174253 0.58929 -0.557282 0.584956
0.262965 -0.230258 -0.22487 0.782249 0.212491 -0.585606
0.101079 -0.373896 -0.324057 -0.20205 -0.802676 -0.561148
0.0311328 0.0432091 0.338557 0.58929 -0.557282 0.584956
-0.314241 -0.380801 -0.0686347 0.782249 0.212491 -0.585606
-0.233544 -0.209379 -0.292955 -0.58929 0.557282 -0.584956
0.347354 0.0840157 0.00189198 0.782249 0.212491 -0.585606
0.138882 0.156474 -0.250291 0.782249 0.212491 -0.585606
0.232493 0.437135 0.110066 -0.20205 -0.802673 -0.561152
0.315829 0.382475 0.161672 0.20205 0.802673 0.561152
0.201213 -0.350162 -0.210832 -0.58929 0.557282 -0.584956
0.0413976 0.343136 -0.0402707 0.58929 -0.557282 0.584956
0.0742781 -0.35805 -0.337073 -0.202049 -0.802673 -0.561152
-0.418116 -0.274795 -0.165642 -0.782249 -0.212491 0.585606
-0.22016 0.00612147 0.197435 0.782249 0.212491 -0.585606
0.109922 0.14743 0.358474 0.58929 -0.557282 0.584956
-0.0831561 -0.32805 0.099998 0.58929 -0.557282 0.584956
0.0504696 -0.402371 -0.105422 0.58929 -0.557282 0.584956
-0.336705 -0.192622 -0.173065 -0.58929 0.557282 -0.584956
-0.226923 0.0406341 0.200925 0.782249 0.212491 -0.585606
-0.170311 0.0619409 0.284277 0.782249 0.212491 -0.585606
0.323025 -0.000136117 -0.057857 -0.782249 -0.212491 0.585606
-0.266444 0.23099 0.217205 0.782249 0.212491 -0.585606
0.271689 -0.266062 -0.201708 -0.58929 0.557282 -0.584956
-0.209929 -0.0408151 0.19407 0.782249 0.212491 -0.585606
0.162732 0.113439 0.269603 -0.58929 0.557282 -0.584956
-0.0706242 0.303191 0.410801 -0.20205 -0.802673 -0.561152
-0.126901 0.0749406 0.346982 0.782249 0.212491 -0.585606
0.329105 -0.0838605 -0.0834001 0.782249 0.212491 -0.585606
0.214947 0.0541444 -0.185815 0.782249 0.212491 -0.585606
-0.131884 0.368716 0.155377 -0.58929 0.557282 -0.584956
-0.237492 0.295676 0.19547 0.58929 -0.557282 0.584956
0.00485873 -0.240799 0.0944541 0.58929 -0.557282 0.584956
-0.223464 -0.0434642 -0.145044 -0.58929 0.557282 -0.584956
0.250824 0.28536 -0.0507087 -0.782249 -0.212491 0.585606
0.32949 0.282405 0.0500164 0.782249 0.212491 -0.585606
-0.0721186 0.454786 0.177167 -0.58929 0.557282 -0.584956
0.230071 0.264584 -0.0859689 -0.782249 -0.212491 0.585606
0.270132 -0.295985 -0.239146 0.782249 0.212491 -0.585606
-0.0234798 -0.079451 0.276717 0.58929 -0.557282 0.584956
0.230668 -0.407221 -0.323049 -0.202049 -0.802673 -0.561152
0.00967401 0.0596411 0.372542 -0.58929 0.557282 -0.584956
-0.191416 -0.115446 0.195003 -0.782249 -0.212491 0.585606
-0.206529 -0.0281358 0.203213 0.782249 0.212491 -0.585606
-0.146233 -0.105144 -0.278321 0.58929 -0.557282 0.584956
0.0119481 0.00558564 -0.335471 -0.58929 0.557282 -0.584956
-0.106363 -0.487877 -0.0288883 0.58929 -0.557282 0.584956
-0.210618 0.064465 0.234635 -0.782249 -0.212491 0.585606
0.2762 -0.269625 -0.209647 -0.58929 0.557282 -0.584956
-0.189926 0.367171 0.212378 -0.58929 0.557282 -0.584956
0.0680159 -0.371027 -0.093238 0.58929 -0.557282 0.584956
0.10197 -0.245809 -0.445569 0.782249 0.212491 -0.585606
-0.0186459 0.032421 0.375139 -0.58929 0.557282 -0.584956
0.245017 0.350189 0.298315 0.935254 -0.328175 0.132672
-0.192714 0.261801 0.326873 0.782249 0.212491 -0.585606
0.343358 -0.00776065 -0.0334638 -0.782249 -0.212491 0.585606
0.242071 0.322275 0.274339 0.20205 0.802673 0.561152
-0.284439 -0.0357784 0.0963677 0.782249 0.212491 -0.585606
0.16569 0.402276 -0.109142 0.58929 -0.557282 0.584956
0.311258 0.25136 0.0143984 0.782249 0.212491 -0.585606
0.0471598 0.297457 -0.0928807 -0.58929 0.557282 -0.584956
-0.229516 0.175564 0.24642 0.782249 0.212491 -0.585606
0.26447 0.218713 0.270692 0.58929 -0.557282 0.584956
0.0467206 0.0208117 0.301516 0.58929 -0.557282 0.584956
0.237867 0.196833 0.276646 0.58929 -0.557282 0.584956
-0.316804 -0.0237851 0.0574875 0.782249 0.212491 -0.585606
-0.0370867 0.148576 0.496958 -0.782249 -0.212491 0.585606
-0.0748688 0.4257 0.24052 0.202048 0.802675 0.56115
0.125979 -0.365108 -0.345593 -0.202049 -0.802673 -0.561152
-0.319539 -0.295234 -0.2817 0.20205 0.802673 0.561152
-0.0605799 0.211922 0.488561 -0.782249 -0.212491 0.585606
0.2046 -0.324563 -0.186568 0.58929 -0.557282 0.584956
-0.280371 -0.0649822 -0.108215 -0.58929 0.557282 -0.584956
0.381522 0.367579 0.15371 -0.782249 -0.212491 0.585606
0.0479173 0.156529 -0.227905 -0.58929 0.557282 -0.584956
0.247541 0.354495 0.262633 0.97636 -0.210015 -0.0511445
0.11963 -0.243124 -0.0233827 0.58929 -0.557282 0.584956
-0.149628 0.260228 0.383856 0.782249 0.212491 -0.585606
-0.180935 0.379425 0.344902 0.202049 0.802673 0.561152
-0.0416505 0.264491 0.459152 0.202049 0.802673 0.561152
0.261552 -0.121558 -0.184031 -0.782249 -0.212491 0.585606
0.284637 0.0144794 -0.107116 0.782249 0.212491 -0.585606
0.221996 -0.130955 -0.0229325 -0.58929 0.557282 -0.584956
-0.0418951 -0.162164 0.213182 -0.58929 0.557282 -0.584956
-0.074664 -0.191827 0.217934 -0.58929 0.557282 -0.584956
-0.218987 -0.169434 0.138584 -0.782249 -0.212491 0.585606
-0.173666 0.39934 0.226644 -0.58929 0.557282 -0.584956
-0.00299582 0.2553 0.45838 0.202052 0.802673 0.561152
0.0544111 0.0020524 0.272609 -0.58929 0.557282 -0.584956
0.300976 0.424577 0.0668002 -0.782249 -0.212491 0.585606
-0.0613506 0.21261 0.484498 0.782249 0.212491 -0.585606
-0.00141498 0.225269 -0.109431 0.58929 -0.557282 0.584956
-0.0188058 0.23863 -0.0824702 -0.58929 0.557282 -0.584956
-0.279616 -0.189639 0.0502654 -0.782249 -0.212491 0.585606
-0.0852256 0.198206 0.450663 -0.782249 -0.212491 0.585606
0.255021 -0.334385 -0.250008 -0.58929 0.557282 -0.584956
0.203424 0.492222 -0.0422478 0.782249 0.212491 -0.585606
-0.281256 -0.318494 -0.262213 0.202051 0.802671 0.561154
-0.125023 -0.474652 -0.000778307 -0.58929 0.557282 -0.584956
0.246749 -0.0667553 -0.18392 -0.782249 -0.212491 0.585606
0.175082 -0.340622 -0.175419 -0.58929 0.557282 -0.584956
-0.0740681 0.123383 0.438417 -0.782249 -0.212491 0.585606
0.132479 0.403249 -0.0780454 -0.58929 0.557282 -0.584956
-0.300946 -0.419307 -0.064847 0.782249 0.212491 -0.585606
-0.0706976 0.088357 0.426926 0.782249 0.212491 -0.585606
-0.0243352 -0.296542 -0.389547 -0.20205 -0.802673 -0.561152
0.0357116 -0.344662 -0.342337 -0.202049 -0.802673 -0.561152
-0.23981 -0.178629 0.104149 0.782249 0.212491 -0.585606
-0.234421 -0.33561 -0.320088 -0.878755 0.401549 -0.25797
-0.194188 0.0749126 0.260374 -0.782249 -0.212491 0.585606
0.198503 0.288987 0.334216 -0.202048 -0.802675 -0.56115
-0.0337798 -0.0631439 0.302629 0.58929 -0.557282 0.584956
-0.0434683 0.0664737 0.435875 0.58929 -0.557282 0.584956
-0.341812 -0.0377095 0.022313 -0.782249 -0.212491 0.585606
0.398986 0.34526 0.16894 -0.782249 -0.212491 0.585606
-0.0936233 0.338046 0.0909017 0.58929 -0.557282 0.584956
-0.277484 0.16017 0.106664 0.58929 -0.557282 0.584956
0.0593809 -0.176005 0.0979692 -0.58929 0.557282 -0.584956
-0.109619 0.272407 0.445002 -0.782249 -0.212491 0.585606
-0.0671345 0.162722 0.458669 0.782249 0.212491 -0.585606
0.246677 0.112564 0.184202 -0.58929 0.557282 -0.584956
0.273153 -0.305193 -0.237175 0.58929 -0.557282 0.584956
0.0354773 -0.207483 0.0920607 -0.58929 0.557282 -0.584956
0.136927 0.153401 0.33367 -0.58929 0.557282 -0.584956
-0.147099 -0.0688926 0.267811 0.782249 0.212491 -0.585606
0.102449 -0.172627 0.0578005 -0.58929 0.557282 -0.584956
0.32611 0.212979 0.0203093 0.782249 0.212491 -0.585606
-0.204205 -0.0784254 0.191353 -0.782249 -0.212491 0.585606
0.175839 0.0105651 0.161679 0.58929 -0.557282 0.584956
0.233641 0.430426 -0.0210235 -0.782249 -0.212491 0.585606
0.286312 0.43738 0.0937638 0.20205 0.802673 0.561152
0.126893 0.126064 0.317735 -0.58929 0.557282 -0.584956
0.0455899 0.106783 0.381272 -0.58929 0.557282 -0.584956
-0.177186 0.0779064 -0.0760366 -0.58929 0.557282 -0.584956
-0.02966 -0.244093 -0.462653 -0.20205 -0.802673 -0.561152
0.0254181 -0.0953329 -0.441897 0.58929 -0.557282 0.584956
0.0997743 -0.431672 -0.240945 -0.20205 -0.802673 -0.561152
-0.301946 -0.300336 -0.0197296 -0.782249 -0.212491 0.585606
-0.0690948 0.285343 0.439208 0.202049 0.802673 0.561152
0.194406 -0.222831 -0.313756 0.782249 0.212491 -0.585606
0.37738 0.272487 0.208174 0.58929 -0.557282 0.584956
0.123918 0.253495 0.411839 -0.20205 -0.802673 -0.561152
0.249934 0.224699 -0.0739093 -0.782249 -0.212491 0.585606
-0.313532 -0.305652 -0.272388 -0.202056 -0.802666 -0.56116
0.238449 0.139255 0.217919 -0.58929 0.557282 -0.584956
0.307723 -0.0254429 -0.0874802 -0.782249 -0.212491 0.585606
0.182834 -0.264261 -0.107191 0.58929 -0.557282 0.584956
-0.0937401 0.124235 -0.112676 0.58929 -0.557282 0.584956
0.313981 -0.0247521 -0.0144207 -0.58929 0.557282 -0.584956
0.066075 0.186208 0.43959 0.58929 -0.557282 0.584956
-0.118195 0.0994149 0.367491 0.782249 0.212491 -0.585606
0.144895 0.213858 0.38324 -0.58929 0.557282 -0.584956
0.0746725 0.155283 -0.252758 0.58929 -0.557282 0.584956
0.110467 0.115524 -0.303107 0.782249 0.212491 -0.585606
-0.344981 -0.114933 -0.0132252 0.782249 0.212491 -0.585606
0.079026 0.308076 -0.111579 0.58929 -0.557282 0.584956
0.292117 0.369696 0.18849 0.202049 0.802672 0.561154
-0.275555 -0.388477 -0.164162 0.20205 0.802673 0.561152
-0.218125 -0.324881 -0.344625 -0.761487 0.489068 -0.425382
-0.0453665 0.25643 -0.0354673 0.58929 -0.557282 0.584956
0.0928491 -0.0087306 0.223614 -0.58929 0.557282 -0.584956
-0.00346879 -0.478845 -0.136294 -0.202049 -0.802673 -0.561152
-0.000450788 -0.0822109 0.247601 -0.58929 0.557282 -0.584956
-0.246034 0.0841059 0.194454 -0.782249 -0.212491 0.585606
-0.218745 0.1155 0.00493344 0.58929 -0.557282 0.584956
0.190364 0.443858 -0.0772427 0.782249 0.212491 -0.585606
-0.11598 0.349368 0.120922 -0.58929 0.557282 -0.584956
0.138351 0.0508801 0.234564 -0.58929 0.557282 -0.584956
-0.361723 -0.128876 -0.0406487 0.782249 0.212491 -0.585606
-0.126122 0.105636 -0.097773 0.58929 -0.557282 0.584956
0.207371 -0.385167 -0.346207 -0.202049 -0.802673 -0.561152
-0.176076 0.345703 0.379542 0.782249 0.212491 -0.585606
0.217096 0.307998 -0.0875473 -0.782249 -0.212491 0.585606
0.241513 0.273546 0.344244 0.20205 0.802673 0.561152
0.218386 0.166992 0.267843 0.58929 -0.557282 0.584956
-0.0410955 -0.0840017 -0.367383 -0.58929 0.557282 -0.584956
0.106925 -0.0256696 0.193296 -0.58929 0.557282 -0.584956
-0.104251 -0.0768053 0.325459 -0.782249 -0.212491 0.585606
-0.0465786 0.365877 0.318147 0.918678 0.0432406 -0.392633
0.230752 0.378595 0.194429 -0.20205 -0.802675 -0.56115
0.249677 -0.381243 -0.294122 -0.782249 -0.212491 0.585606
-0.0669297 0.127005 0.445983 0.782249 0.212491 -0.585606
0.106586 -0.336091 -0.102098 -0.58929 0.557282 -0.584956
-0.312331 -0.0717573 -0.0824727 -0.58929 0.557282 -0.584956
0.0115443 0.483407 0.12686 0.202049 0.802674 0.561152
0.0327425 -0.222547 -0.515941 -0.202049 -0.802673 -0.561152
-0.119289 -0.408443 0.0598084 0.58929 -0.557282 0.584956
-0.319959 -0.100963 -0.102613 -0.58929 0.557282 -0.584956
-0.0102503 -0.27376 0.0749863 -0.58929 0.557282 -0.584956
0.306815 0.149325 0.15864 -0.58929 0.557282 -0.584956
0.150515 -0.0564988 0.123299 0.58929 -0.557282 0.584956
-0.271078 -0.015172 0.121693 0.782249 0.212491 -0.585606
-0.291491 -0.232975 -0.257058 -0.58929 0.557282 -0.584956
-0.234864 -0.43624 0.0205634 -0.782249 -0.212491 0.585606
-0.178186 0.110922 -0.0402875 0.58929 -0.557282 0.584956
-0.141708 0.358262 0.357621 -0.20205 -0.802673 -0.561152
0.257463 0.253125 -0.0568204 0.782249 0.212491 -0.585606
0.113817 0.319583 -0.138953 -0.58929 0.557282 -0.584956
0.250736 -0.161813 -0.213085 -0.782249 -0.212491 0.585606
-0.135401 -0.00646039 0.309374 -0.782249 -0.212491 0.585606
0.172363 -0.219411 -0.338676 -0.782249 -0.212491 0.585606
0.0726022 -0.22209 0.0407449 -0.58929 0.557282 -0.584956
0.170203 -0.368881 -0.352692 0.202049 0.802673 0.561152
-0.266576 -0.371969 -0.0017596 0.782249 0.212491 -0.585606
-0.00489265 0.171015 0.496609 0.58929 -0.557282 0.584956
-0.0429175 0.158487 0.489481 0.782249 0.212491 -0.585606
0.136914 0.161216 0.344416 0.58929 -0.557282 0.584956
0.0927158 -0.211176 -0.445364 0.782249 0.212491 -0.585606
0.0594569 -0.198036 -0.485023 0.782249 0.212491 -0.585606
-0.119341 -0.102632 -0.303019 0.58929 -0.557282 0.584956
0.354253 0.200238 0.0532804 0.782249 0.212491 -0.585606
0.301505 0.228101 -0.00706958 0.782249 0.212491 -0.585606
0.166598 -0.42818 -0.250287 -0.58929 0.557282 -0.584956
-0.132741 0.39795 0.18738 0.58929 -0.557282 0.584956
0.163111 0.309502 0.384455 -0.420403 0.588579 -0.690534
-0.258523 -0.00345065 -0.0716047 -0.58929 0.557282 -0.584956
0.238389 0.444276 -0.00965542 -0.782249 -0.212491 0.585606
-0.109053 -0.457492 -0.000519377 -0.58929 0.557282 -0.584956
-0.152389 -0.482485 -0.0740396 0.202052 0.802672 0.561153
-0.178865 -0.216887 -0.351905 0.58929 -0.557282 0.584956
-0.236265 0.32503 0.291641 0.782249 0.212491 -0.585606
-0.156538 -0.256236 0.187223 0.782249 0.212491 -0.585606
0.362299 0.344148 0.119531 -0.782249 -0.212491 0.585606
-0.0827965 0.154832 -0.0945515 0.58929 -0.557282 0.584956
0.0579453 0.00485907 0.271723 -0.58929 0.557282 -0.584956
0.227775 -0.360006 -0.246969 -0.58929 0.557282 -0.584956
0.194273 0.30689 -0.118437 -0.782249 -0.212491 0.585606
0.197539 0.235995 -0.139799 -0.782249 -0.212491 0.585606
-0.111797 0.188159 -0.033585 0.58929 -0.557282 0.584956
-0.10452 -0.0123331 -0.231923 0.58929 -0.557282 0.584956
-0.235745 -0.391791 -0.173755 0.202049 0.802673 0.561152
-0.127702 0.220374 0.398684 0.782249 0.212491 -0.585606
0.289766 -0.223913 -0.186768 0.782249 0.212491 -0.585606
0.162091 0.427933 -0.0810724 0.58929 -0.557282 0.584956
0.328952 0.108512 -0.0105166 -0.782249 -0.212491 0.585606
-0.0216774 0.192463 -0.120272 0.58929 -0.557282 0.584956
-0.0157026 0.00433624 0.348706 0.58929 -0.557282 0.584956
0.324906 0.0378438 -0.0448469 0.782249 0.212491 -0.585606
-0.29269 0.00642954 0.103947 -0.782249 -0.212491 0.585606
-0.046986 -0.139601 -0.414418 -0.58929 0.557282 -0.584956
0.279019 0.25102 -0.0287907 0.782249 0.212491 -0.585606
-0.0444128 -0.106311 0.268928 -0.58929 0.557282 -0.584956
-0.0971743 -0.068709 -0.29632 -0.58929 0.557282 -0.584956
0.171611 0.359871 -0.132768 0.782249 0.212491 -0.585606
-0.122598 0.409497 0.280882 0.202049 0.802674 0.561151
-0.294458 0.221398 0.178807 -0.58929 0.557282 -0.584956
0.0213206 -0.0242576 0.284167 0.58929 -0.557282 0.584956
-0.319647 -0.381632 -0.161503 -0.20205 -0.802673 -0.561152
-0.27437 0.0135169 -0.0394749 -0.58929 0.557282 -0.584956
-0.221137 0.212732 0.274384 -0.782249 -0.212491 0.585606
-0.173508 -0.275633 0.157517 0.782249 0.212491 -0.585606
0.0797857 -0.129446 0.125057 0.58929 -0.557282 0.584956
-0.0854612 0.0729448 -0.173168 -0.58929 0.557282 -0.584956
-0.124528 -0.262448 -0.398813 0.202049 0.802674 0.561152
0.227791 0.189729 -0.116177 -0.782249 -0.212491 0.585606
0.0321909 -0.175354 -0.50993 -0.782249 -0.212491 0.585606
-0.114219 0.000992513 0.337089 0.782249 0.212491 -0.585606
-0.284513 -0.28675 0.00848647 -0.782249 -0.212491 0.585606
0.0471952 0.151226 -0.228942 0.58929 -0.557282 0.584956
-0.153164 -0.406018 0.0962453 0.58929 -0.557282 0.584956
-0.298565 -0.245705 0.00132532 0.782249 0.212491 -0.585606
-0.289507 -0.0146644 -0.0477869 0.58929 -0.557282 0.584956
0.190907 -0.392828 -0.241096 -0.58929 0.557282 -0.584956
0.234512 0.0492514 -0.161455 0.782249 0.212491 -0.585606
0.188502 -0.107843 -0.279918 0.782249 0.212491 -0.585606
-0.316961 -0.316049 -0.0487726 0.782249 0.212491 -0.585606
-0.333234 -0.214752 -0.0337529 0.782249 0.212491 -0.585606
0.224458 0.309931 0.305992 -0.860041 0.419515 -0.290408
0.0983161 0.00911437 -0.354665 -0.782249 -0.212491 0.585606
0.248583 0.175115 -0.0937045 -0.782249 -0.212491 0.585606
-0.083938 0.448006 0.211878 0.202049 0.802674 0.561152
-0.272894 -0.255752 0.0352545 -0.782249 -0.212491 0.585606
-0.0782031 -0.29067 -0.387462 -0.092791 -0.554703 0.826858
-0.317136 -0.347524 -0.0604268 0.782249 0.212491 -0.585606
0.0698171 -0.0557986 -0.419572 0.782249 0.212491 -0.585606
-0.324183 0.0946202 0.0879726 -0.58929 0.557282 -0.584956
0.112513 0.11398 -0.300934 0.782249 0.212491 -0.585606
-0.299025 0.0738889 0.116677 0.782249 0.212491 -0.585606
-0.212235 -0.133137 0.157491 0.782249 0.212491 -0.585606
-0.13711 -0.507874 -0.0466518 -0.202052 -0.802671 -0.561154
0.197273 0.340241 -0.102328 -0.782249 -0.212491 0.585606
0.221341 -0.198753 -0.0868624 -0.58929 0.557282 -0.584956
-0.307641 0.116452 0.120614 0.782249 0.212491 -0.585606
0.173703 0.0638382 0.214583 0.58929 -0.557282 0.584956
-0.0183759 0.120297 0.458586 -0.58929 0.557282 -0.584956
-0.180119 -0.518824 -0.0120763 0.202048 0.802674 0.561151
0.169021 -0.322352 -0.14862 0.58929 -0.557282 0.584956
0.18397 0.523826 0.00353406 -0.202054 -0.802671 -0.561154
-0.25035 0.382332 0.290981 0.58929 -0.557282 0.584956
0.0597013 0.440183 0.0304581 -0.58929 0.557282 -0.584956
-0.0993118 0.0252827 0.3691 -0.782249 -0.212491 0.585606
0.0441618 -0.296526 -0.414233 -0.202049 -0.802673 -0.561152
-0.144388 0.230321 0.039414 0.58929 -0.557282 0.584956
-0.250554 -0.403861 0.00806978 0.782249 0.212491 -0.585606
0.281654 0.252576 0.285641 0.58929 -0.557282 0.584956
0.211488 0.447665 -0.0443597 -0.782249 -0.212491 0.585606
-0.211976 0.323512 0.196285 0.58929 -0.557282 0.584956
-0.154627 0.145909 0.33898 -0.782249 -0.212491 0.585606
0.164545 0.150077 0.305969 0.58929 -0.557282 0.584956
0.190124 0.45853 0.0947185 -0.202047 -0.802674 -0.561152
0.143011 0.199163 -0.226001 -0.782249 -0.212491 0.585606
0.216558 0.164352 -0.14039 -0.782249 -0.212491 0.585606
0.0787513 -0.340674 -0.0751358 0.58929 -0.557282 0.584956
0.0298501 -0.24292 -0.482331 0.202049 0.802673 0.561152
0.149581 0.0820096 0.252908 -0.58929 0.557282 -0.584956
-0.146874 -0.035082 0.28038 0.782249 0.212491 -0.585606
0.10664 -0.274776 -0.0404505 0.58929 -0.557282 0.584956
0.108328 0.30477 0.400395 0.0649121 -0.582685 0.810102
-0.12771 -0.0593616 0.300452 -0.782249 -0.212491 0.585606
-0.208301 0.14682 0.0209631 -0.58929 0.557282 -0.584956
0.0122538 -0.0527947 0.262827 -0.58929 0.557282 -0.584956
0.289563 -0.0852773 -0.0474834 -0.58929 0.557282 -0.584956
0.15503 -0.0895289 -0.3147 -0.782249 -0.212491 0.585606
-0.121805 0.00826633 -0.198173 -0.58929 0.557282 -0.584956
-0.245559 -0.129863 -0.201809 0.58929 -0.557282 0.584956
0.131737 0.46071 -0.0225551 -0.58929 0.557282 -0.584956
0.251071 -0.267948 -0.254434 0.782249 0.212491 -0.585606
0.0517468 0.0751175 0.348189 0.58929 -0.557282 0.584956
0.236173 -0.298021 -0.193088 0.58929 -0.557282 0.584956
0.189264 0.475886 -0.0660506 -0.58929 0.557282 -0.584956
-0.184794 -0.33516 0.120841 0.782249 0.212491 -0.585606
0.296885 -0.133688 -0.144519 0.782249 0.212491 -0.585606
-0.340018 -0.180901 -0.0272481 -0.782249 -0.212491 0.585606
0.283364 -0.00694328 0.0366778 0.58929 -0.557282 0.584956
-0.203938 -0.506105 0.0365229 -0.782249 -0.212491 0.585606
-0.0913718 0.237624 0.453472 0.782249 0.212491 -0.585606
-0.403343 -0.318431 -0.165025 0.782249 0.212491 -0.585606
0.241591 -0.212681 -0.117245 0.58929 -0.557282 0.584956
0.294502 0.335618 0.025873 -0.782249 -0.212491 0.585606
0.132563 -0.0599283 -0.333971 -0.782249 -0.212491 0.585606
0.0727258 0.135175 0.38427 0.58929 -0.557282 0.584956
0.0493598 -0.332574 -0.0410967 -0.58929 0.557282 -0.584956
-0.0483124 0.311451 0.0166305 -0.58929 0.557282 -0.584956
0.372617 0.178193 0.123141 0.58929 -0.557282 0.584956
-0.382704 -0.249276 -0.180698 -0.58929 0.557282 -0.584956
-0.0526569 -0.331047 0.0664176 0.58929 -0.557282 0.584956
0.222302 -0.312848 -0.309156 0.782249 0.212491 -0.585606
-0.297931 -0.0997242 0.0584265 -0.782249 -0.212491 0.585606
-0.0106134 -0.196514 0.148944 -0.58929 0.557282 -0.584956
-0.104257 0.349124 0.360635 0.202049 0.802673 0.561152
0.010548 0.0955923 0.405912 -0.58929 0.557282 -0.584956
-0.243383 0.36867 0.301251 -0.782249 -0.212491 0.585606
-0.137301 0.0509599 -0.141889 -0.58929 0.557282 -0.584956
-0.0458392 -0.469173 -0.131446 0.20205 0.802673 0.561152
0.259333 0.129687 -0.0991136 0.782249 0.212491 -0.585606
0.27721 0.0570489 -0.0983064 -0.782249 -0.212491 0.585606
-0.219278 0.387024 0.26086 -0.58929 0.557282 -0.584956
-0.0207754 -0.463961 -0.0956134 -0.58929 0.557282 -0.584956
-0.25502 -0.211048 0.0720678 0.782249 0.212491 -0.585606
-0.10659 0.0432087 -0.180212 -0.58929 0.557282 -0.584956
-0.367777 -0.163708 -0.110929 0.58929 -0.557282 0.584956
0.119465 0.0894668 0.29364 0.58929 -0.557282 0.584956
-7.31844e-05 0.0436134 -0.283844 0.58929 -0.557282 0.584956
-0.00603151 0.384601 0.0437255 -0.58929 0.557282 -0.584956
0.058416 0.0404635 -0.345768 0.58929 -0.557282 0.584956
0.0738506 -0.400627 -0.127315 0.58929 -0.557282 0.584956
0.0387173 -0.451111 -0.247155 -0.915148 0.358811 -0.183734
-0.262926 -0.271754 -0.322779 -0.58929 0.557282 -0.584956
-0.368827 -0.291226 -0.105763 -0.782249 -0.212491 0.585606
0.0461031 -0.410979 -0.31712 -0.964521 0.0636697 0.256214
0.231881 -0.390441 -0.321232 -0.782249 -0.212491 0.585606
-0.0315568 -0.188358 0.177812 -0.58929 0.557282 -0.584956
-0.212845 0.0683434 -0.0492232 -0.58929 0.557282 -0.584956
-0.0908683 0.0922748 0.401404 0.782249 0.212491 -0.585606
0.155523 0.0729862 -0.258356 0.782249 0.212491 -0.585606
-0.0703244 0.110008 -0.14982 0.58929 -0.557282 0.584956
0.111961 0.287082 -0.168046 -0.58929 0.557282 -0.584956
0.2839 0.149683 -0.0590414 0.782249 0.212491 -0.585606
-0.23358 -0.0969443 0.145395 -0.782249 -0.212491 0.585606
0.260174 0.0424741 -0.129636 0.782249 0.212491 -0.585606
0.169487 -0.416896 -0.28718 -0.202049 -0.802673 -0.561152
-0.116904 -0.305555 0.152139 -0.58929 0.557282 -0.584956
-0.00369001 0.348642 0.380467 -0.657324 -0.313604 0.685257
-0.111331 -0.478673 -0.147592 -0.0659181 -0.560524 0.82551
0.278272 -0.185414 -0.184868 -0.782249 -0.212491 0.585606
-0.0631195 -0.215895 0.186662 0.58929 -0.557282 0.584956
-0.165584 -0.00780246 0.265285 0.782249 0.212491 -0.585606
0.204572 -0.280388 -0.321061 0.782249 0.212491 -0.585606
0.170076 0.31363 -0.148314 -0.782249 -0.212491 0.585606
0.360939 0.237739 0.191634 0.58929 -0.557282 0.584956
-0.0927387 0.0192028 -0.217035 -0.58929 0.557282 -0.584956
0.0756507 0.231608 0.463952 0.20205 0.802673 0.561152
0.189815 -0.405187 -0.311249 -0.202049 -0.802673 -0.561153
-0.0277816 0.241673 -0.0672412 0.58929 -0.557282 0.584956
0.114076 0.219538 -0.231238 0.58929 -0.557282 0.584956
0.230062 -0.135264 -0.234353 0.782249 0.212491 -0.585606
0.325664 0.299556 0.273313 -0.20205 -0.802673 -0.561152
-0.284613 0.0945174 0.143415 0.782249 0.212491 -0.585606
0.296455 0.188587 -0.0281541 0.782249 0.212491 -0.585606
-0.105856 0.196246 0.419109 0.782249 0.212491 -0.585606
0.0485711 -0.367165 -0.318492 0.928867 0.0245715 -0.369597
-0.0911303 -0.174801 0.25403 0.58929 -0.557282 0.584956
0.368279 0.152002 0.0545126 0.782249 0.212491 -0.585606
-0.147659 -0.187271 -0.355127 0.58929 -0.557282 0.584956
-0.176427 -0.49915 -0.0415464 0.202048 0.802674 0.561152
0.150576 -0.0591775 0.120686 0.58929 -0.557282 0.584956
-0.0366088 0.130713 -0.164059 0.58929 -0.557282 0.584956
0.251046 -0.091898 -0.0149879 -0.58929 0.557282 -0.584956
-0.114041 -0.479341 -0.148336 -0.109382 -0.55089 0.827379
0.221173 -0.0907471 -0.22679 -0.782249 -0.212491 0.585606
0.151479 -0.132162 -0.338198 0.782249 0.212491 -0.585606
-0.25966 -0.0846771 0.111725 0.782249 0.212491 -0.585606
-0.207886 0.172129 0.0446555 -0.58929 0.557282 -0.584956
0.190346 -0.159288 -0.0180406 -0.58929 0.557282 -0.584956
0.115891 0.369603 -0.0933885 -0.58929 0.557282 -0.584956
0.059857 -0.0141368 -0.402524 -0.58929 0.557282 -0.584956
-0.209055 -0.0810567 0.180636 0.782249 0.212491 -0.585606
0.365936 0.337791 0.20412 -0.202049 -0.802673 -0.561153
-0.253594 -0.326957 0.0351988 -0.782249 -0.212491 0.585606
-0.350599 -0.320639 -0.095372 0.782249 0.212491 -0.585606
0.157754 0.245444 0.403665 0.58929 -0.557282 0.584956
-0.270219 -0.126062 0.0858866 -0.782249 -0.212491 0.585606
0.190257 -0.121757 0.0178045 -0.58929 0.557282 -0.584956
-0.00259655 0.418051 0.0721333 -0.58929 0.557282 -0.584956
0.101163 0.00885956 -0.354239 0.782249 0.212491 -0.585606
0.187972 0.0707699 -0.212531 -0.782249 -0.212491 0.585606
-0.366316 -0.164288 -0.0563495 -0.782249 -0.212491 0.585606
-0.0322674 0.0762057 -0.220361 0.58929 -0.557282 0.584956
0.238346 0.394626 -0.0310124 0.782249 0.212491 -0.585606
-0.287101 -0.0934486 -0.128555 -0.58929 0.557282 -0.584956
-0.0295801 0.105567 -0.198384 -0.58929 0.557282 -0.584956
0.177664 -0.266144 -0.103777 0.58929 -0.557282 0.584956
-0.107862 0.195704 0.416234 0.782249 0.212491 -0.585606
0.240489 -0.209122 -0.116031 -0.58929 0.557282 -0.584956
0.0487528 -0.40496 -0.10616 0.58929 -0.557282 0.584956
0.28484 -0.0553302 -0.132175 0.782249 0.212491 -0.585606
0.102961 0.241435 -0.202466 -0.58929 0.557282 -0.584956
0.31186 0.229584 0.233307 0.58929 -0.557282 0.584956
0.324445 0.425697 0.0952729 0.782249 0.212491 -0.585606
-0.00468991 -0.0293007 -0.351945 -0.58929 0.557282 -0.584956
-0.401067 -0.352748 -0.171153 -0.782249 -0.212491 0.585606
0.207105 0.134608 0.245068 -0.58929 0.557282 -0.584956
0.00421364 -0.164196 -0.486141 0.58929 -0.557282 0.584956
0.225319 0.481444 0.0492699 -0.20205 -0.802673 -0.561152
-0.188562 -0.0145028 0.235444 -0.782249 -0.212491 0.585606
0.0761487 -0.0643433 0.190744 0.58929 -0.557282 0.584956
-0.15818 -0.0331687 -0.201003 -0.58929 0.557282 -0.584956
-0.147919 -0.299067 0.183195 0.782249 0.212491 -0.585606
-0.102697 0.124735 0.400665 -0.782249 -0.212491 0.585606
-0.298023 -0.413922 -0.0589891 0.782249 0.212491 -0.585606
-0.17961 -0.431702 -0.140306 -0.20205 -0.802673 -0.561152
0.0492257 -0.117472 -0.469456 0.782249 0.212491 -0.585606
0.123955 -0.341959 -0.374549 0.202049 0.802673 0.561152
0.143045 0.498272 0.00183744 -0.58929 0.557282 -0.584956
-0.150759 0.26265 0.0766326 0.58929 -0.557282 0.584956
-0.0906286 -0.0993144 -0.328784 0.58929 -0.557282 0.584956
0.366001 0.148371 0.0534361 -0.782249 -0.212491 0.585606
-0.0752765 -0.44446 -0.0188429 0.58929 -0.557282 0.584956
0.225603 0.0859933 -0.160025 0.782249 0.212491 -0.585606
0.255824 -0.121831 -0.195066 0.782249 0.212491 -0.585606
-0.117945 -0.0329061 0.323095 -0.782249 -0.212491 0.585606
-0.0505238 -0.258864 0.12975 -0.58929 0.557282 -0.584956
-0.265594 0.225899 0.219777 -0.782249 -0.212491 0.585606
-0.0548234 0.0602685 0.441222 -0.782249 -0.212491 0.585606
0.023626 0.299112 -0.0643087 0.58929 -0.557282 0.584956
-0.0775465 0.264383 0.472232 0.202049 0.802673 0.561152
0.201661 -0.274007 -0.322634 0.782249 0.212491 -0.585606
0.214145 -0.175018 -0.0537133 0.58929 -0.557282 0.584956
0.294733 0.174073 0.194389 -0.58929 0.557282 -0.584956
0.177102 -0.174826 -0.316168 -0.782249 -0.212491 0.585606
-0.304696 0.181934 0.151592 -0.782249 -0.212491 0.585606
-0.20412 0.178988 0.281588 0.782249 0.212491 -0.585606
0.113785 0.0575437 0.268948 0.58929 -0.557282 0.584956
0.189519 -0.207104 -0.0594726 0.58929 -0.557282 0.584956
0.33346 -0.0452787 -0.0635819 0.782249 0.212491 -0.585606
-0.0670022 0.00898279 -0.252699 -0.58929 0.557282 -0.584956
0.322868 0.1722 0.00446627 -0.782249 -0.212491 0.585606
-0.245673 -0.369276 -0.242722 0.97587 -0.116571 -0.18463
0.0183532 -0.428646 -0.101388 -0.58929 0.557282 -0.584956
0.213691 -0.248688 -0.294093 -0.782249 -0.212491 0.585606
-0.221789 0.0371737 -0.0666208 0.58929 -0.557282 0.584956
-0.348296 -0.233933 -0.0608337 0.782249 0.212491 -0.585606
0.211915 0.0839574 0.191969 -0.58929 0.557282 -0.584956
0.278462 0.379922 0.020523 -0.782249 -0.212491 0.585606
0.312104 -0.0505158 -0.0337867 0.58929 -0.557282 0.584956
0.284884 0.154789 -0.0558735 0.782249 0.212491 -0.585606
-0.150505 0.131833 -0.0515396 -0.58929 0.557282 -0.584956
-0.401602 -0.213276 -0.127365 -0.58929 0.557282 -0.584956
0.249117 -0.155227 -0.073378 -0.58929 0.557282 -0.584956
0.166211 0.282911 0.359456 -0.498001 0.577569 -0.646845
0.213921 0.266727 0.360505 -0.20205 -0.802673 -0.561152
-0.171711 0.301103 0.131086 -0.58929 0.557282 -0.584956
-0.255526 0.251366 0.239183 0.782249 0.212491 -0.585606
-0.145393 0.0363273 0.311553 -0.782249 -0.212491 0.585606
0.243935 -0.155581 -0.0652073 0.58929 -0.557282 0.584956
-0.151381 0.338487 0.146219 -0.58929 0.557282 -0.584956
0.249135 -0.259504 -0.172739 -0.58929 0.557282 -0.584956
-0.156666 -0.484307 -0.0733206 -0.20205 -0.802673 -0.561152
0.125348 -0.174518 -0.385188 -0.782249 -0.212491 0.585606
0.230435 -0.223774 -0.265971 0.782249 0.212491 -0.585606
-0.204132 -0.201815 -0.315378 -0.58929 0.557282 -0.584956
-0.127864 -0.0703414 -0.266958 -0.58929 0.557282 -0.584956
-0.0222681 -0.412959 -0.0455202 -0.58929 0.557282 -0.584956
0.213356 0.251247 -0.11642 0.782249 0.212491 -0.585606
-0.150767 0.380221 0.329473 -0.20205 -0.802673 -0.561152
-0.334837 -0.0400571 -0.0296001 -0.58929 0.557282 -0.584956
-0.0442146 0.0958231 0.464587 0.58929 -0.557282 0.584956
-0.190487 0.427288 0.273502 0.58929 -0.557282 0.584956
0.145134 0.0814654 0.260158 0.58929 -0.557282 0.584956
0.411423 0.293856 0.194238 0.58929 -0.557282 0.584956
0.186481 0.108363 -0.204167 0.782249 0.212491 -0.585606
0.157861 -0.0294508 -0.289119 -0.782249 -0.212491 0.585606
-0.180463 0.192453 0.0396792 0.58929 -0.557282 0.584956
-0.127616 0.10272 -0.102334 -0.58929 0.557282 -0.584956
0.103835 0.194696 0.409636 0.58929 -0.557282 0.584956
-0.150498 -0.464469 -0.103918 -0.202049 -0.802674 -0.561152
0.0825415 -0.13424 0.117713 0.58929 -0.557282 0.584956
0.0940666 -0.230631 0.0142723 0.58929 -0.557282 0.584956
0.0451244 -0.326605 -0.368128 0.202049 0.802673 0.561152
-0.220439 -0.0704228 -0.170487 0.58929 -0.557282 0.584956
0.354219 0.199542 0.0529818 0.782249 0.212491 -0.585606
-0.266036 0.245047 0.172705 -0.58929 0.557282 -0.584956
0.35101 0.365401 0.173428 0.20205 0.802673 0.561152
-0.273972 0.0981047 0.15893 0.782249 0.212491 -0.585606
-0.149045 -0.432096 0.0639642 -0.58929 0.557282 -0.584956
-0.128783 0.270116 0.415288 0.782249 0.212491 -0.585606
0.0177129 -0.130918 -0.471324 -0.58929 0.557282 -0.584956
-0.316715 -0.235824 -0.231074 0.58929 -0.557282 0.584956
0.378332 0.205109 0.0904965 -0.782249 -0.212491 0.585606
-0.1608 0.409196 0.291639 -0.20205 -0.802672 -0.561154
-0.236719 0.109479 0.216104 -0.782249 -0.212491 0.585606
-0.243778 -0.405311 -0.223378 -0.92172 -0.0378423 0.386006
-0.122176 0.149628 -0.0631252 -0.58929 0.557282 -0.584956
-0.202841 -0.355808 0.092526 -0.782249 -0.212491 0.585606
-0.022453 0.391346 0.069982 0.58929 -0.557282 0.584956
-0.151911 0.0736431 0.316387 -0.782249 -0.212491 0.585606
0.016838 0.485785 0.117083 -0.58929 0.557282 -0.584956
0.234236 0.484413 0.0418116 -0.20205 -0.802673 -0.561152
0.20968 0.414476 -0.0588171 -0.782249 -0.212491 0.585606
-0.250303 -0.407915 -0.148877 -0.20205 -0.802673 -0.561152
0.139103 0.400079 -0.0844505 0.58929 -0.557282 0.584956
0.152077 -0.0908615 -0.319129 -0.782249 -0.212491 0.585606
-0.337467 -0.361034 -0.181124 0.20205 0.802673 0.561152
-0.119302 -0.274156 0.184469 -0.58929 0.557282 -0.584956
0.0463289 0.291316 0.385677 -0.202048 -0.802674 -0.561152
-0.0760017 0.426718 0.236044 -0.20205 -0.802673 -0.561152
-0.0301403 -0.337565 0.0342369 -0.58929 0.557282 -0.584956
-0.142448 0.032905 0.314246 -0.782249 -0.212491 0.585606
-0.0642927 0.359186 0.0814934 0.58929 -0.557282 0.584956
-0.182479 -0.0585715 -0.197437 0.58929 -0.557282 0.584956
0.326418 0.216498 0.206175 0.58929 -0.557282 0.584956
-0.237413 0.2061 0.106766 -0.58929 0.557282 -0.584956
-0.264246 0.1051 0.0408631 0.58929 -0.557282 0.584956
0.152888 0.169659 -0.223514 -0.782249 -0.212491 0.585606
-0.321683 -0.107002 0.0240583 -0.782249 -0.212491 0.585606
0.174556 0.0499223 -0.238016 -0.782249 -0.212491 0.585606
-0.409674 -0.240205 -0.141814 -0.782249 -0.212491 0.585606
-0.291048 -0.456209 -0.0651262 -0.20205 -0.802673 -0.561152
0.210154 0.114392 -0.167072 -0.782249 -0.212491 0.585606
-0.318533 -0.134271 -0.135781 -0.58929 0.557282 -0.584956
-0.236824 0.242348 0.140705 -0.58929 0.557282 -0.584956
-0.155182 0.227792 0.367951 -0.782249 -0.212491 0.585606
-0.171178 -0.499381 0.0254473 0.58929 -0.557282 0.584956
0.272889 -0.0871579 -0.159689 0.782249 0.212491 -0.585606
-0.109161 -0.0409225 0.328637 0.782249 0.212491 -0.585606
0.0492794 -0.149482 0.133414 -0.58929 0.557282 -0.584956
-0.00150561 -0.126027 -0.444016 0.58929 -0.557282 0.584956
-0.00884839 0.476094 0.206881 0.704406 -0.51718 0.486146
0.0629067 -0.0159541 -0.40404 0.58929 -0.557282 0.584956
-0.0966692 0.42118 0.169884 -0.58929 0.557282 -0.584956
0.247773 0.170099 0.241198 0.58929 -0.557282 0.584956
-0.00279044 0.275491 0.425999 -0.202051 -0.802673 -0.561152
-0.141837 -0.376063 0.110085 -0.58929 0.557282 -0.584956
-0.0155169 -0.304643 -0.377708 0.202051 0.802673 0.561152
0.0316369 0.0514128 -0.311647 -0.58929 0.557282 -0.584956
0.243107 0.225624 0.298796 0.58929 -0.557282 0.584956
-0.0438608 -0.111356 -0.38737 0.58929 -0.557282 0.584956
0.236766 0.150071 -0.118578 -0.782249 -0.212491 0.585606
0.0947386 -0.405474 -0.276605 -0.20205 -0.802672 -0.561153
0.262371 0.42089 0.125972 0.20205 0.802673 0.561152
-0.20373 -0.200639 0.147642 -0.782249 -0.212491 0.585606
0.033895 0.127231 0.412534 -0.58929 0.557282 -0.584956
-0.398811 -0.334733 -0.200084 -0.202049 -0.802672 -0.561154
-0.199673 0.0168764 -0.108237 0.58929 -0.557282 0.584956
-0.209441 0.197864 0.0707405 -0.58929 0.557282 -0.584956
-0.0419828 0.208899 -0.0874458 -0.58929 0.557282 -0.584956
0.179935 -0.185384 -0.316215 -0.782249 -0.212491 0.585606
0.251585 -0.0264667 0.0468043 -0.58929 0.557282 -0.584956
0.307003 -0.0657733 -0.103076 -0.782249 -0.212491 0.585606
0.0796631 0.0695126 0.311439 -0.58929 0.557282 -0.584956
0.143704 0.315221 -0.173217 -0.58929 0.557282 -0.584956
-0.210269 0.168232 0.0466309 0.58929 -0.557282 0.584956
-0.245824 -0.135854 -0.210537 -0.58929 0.557282 -0.584956
-0.185191 0.106656 -0.0405823 -0.58929 0.557282 -0.584956
-0.0481817 -0.163821 -0.436287 -0.58929 0.557282 -0.584956
0.281352 0.111155 -0.0731409 -0.782249 -0.212491 0.585606
0.108265 -0.392362 -0.15411 0.58929 -0.557282 0.584956
-0.123475 0.304875 0.430848 0.202049 0.802673 0.561152
0.228676 -0.0619294 0.0360982 -0.58929 0.557282 -0.584956
0.00678808 0.0589072 0.378038 0.58929 -0.557282 0.584956
-0.107742 0.0415114 -0.17738 0.58929 -0.557282 0.584956
-0.24362 -0.433615 -0.114522 -0.20205 -0.802673 -0.561152
0.344937 0.204116 0.175722 0.58929 -0.557282 0.584956
-0.272323 0.127348 0.0669082 -0.58929 0.557282 -0.584956
0.0673761 -0.298676 -0.0236652 0.58929 -0.557282 0.584956
0.172553 0.318185 -0.143352 -0.782249 -0.212491 0.585606
-0.134217 0.144992 0.365912 -0.782249 -0.212491 0.585606
-0.252018 0.088594 0.00953231 -0.58929 0.557282 -0.584956
0.196592 0.450978 0.173419 -0.614551 -0.342217 0.710784
-0.0684987 0.184676 -0.0805233 0.58929 -0.557282 0.584956
0.0740946 0.151574 -0.255709 0.58929 -0.557282 0.584956
-0.096954 -0.0892683 0.330684 -0.782249 -0.212491 0.585606
0.30118 0.410968 0.12619 0.20205 0.802673 0.561152
0.372127 0.20747 0.148238 -0.58929 0.557282 -0.584956
-0.278947 0.0620969 0.142503 -0.782249 -0.212491 0.585606
-0.20322 -0.289126 -0.335746 -0.202047 -0.802677 -0.561148
-0.0325695 0.293676 0.414136 0.202049 0.802673 0.561152
-0.251866 -0.00221595 -0.0771351 -0.58929 0.557282 -0.584956
-0.174054 0.339696 0.1735 0.58929 -0.557282 0.584956
-0.0732154 -0.392604 0.0284834 0.58929 -0.557282 0.584956
0.122099 -0.337754 -0.383324 -0.202049 -0.802673 -0.561152
0.207603 0.482834 -0.0400724 0.782249 0.212491 -0.585606
0.130644 0.277205 0.375502 -0.202047 -0.802675 -0.56115
0.00122818 -0.251816 -0.459301 0.202051 0.802673 0.561152
-0.0678124 -0.130571 0.269389 -0.58929 0.557282 -0.584956
0.340175 0.389881 0.103288 0.782249 0.212491 -0.585606
0.164524 -0.33811 -0.392218 -0.782249 -0.212491 0.585606
-0.150788 -0.098285 0.252218 0.782249 0.212491 -0.585606
-0.222159 -0.457626 -0.0879028 -0.20205 -0.802673 -0.561152
0.172904 -0.214654 -0.0532155 -0.58929 0.557282 -0.584956
0.231716 0.476354 -0.0102136 0.782249 0.212491 -0.585606
0.227913 0.511741 0.00499858 -0.20205 -0.802673 -0.561152
0.105873 0.156308 -0.283213 0.58929 -0.557282 0.584956
0.115013 0.487193 0.022811 0.58929 -0.557282 0.584956
0.255633 0.468079 0.0187321 0.782249 0.212491 -0.585606
-0.280779 -0.432093 -0.103319 -0.20205 -0.802673 -0.561152
-0.0696047 0.413333 0.138431 0.58929 -0.557282 0.584956
0.0478982 -0.0801584 0.204136 0.58929 -0.557282 0.584956
0.229486 0.271037 -0.0844087 -0.782249 -0.212491 0.585606
0.192077 -0.0791856 0.0565284 -0.58929 0.557282 -0.584956
-0.0209996 0.187968 -0.125238 0.58929 -0.557282 0.584956
-0.0487155 0.367393 0.318153 -0.92172 -0.037842 0.386006
-0.176688 0.373103 0.348988 -0.20205 -0.802673 -0.561152
0.142381 0.00168091 0.186921 0.58929 -0.557282 0.584956
0.127535 0.451201 0.131165 0.202049 0.802674 0.561152
-0.109574 -0.0095857 -0.227502 -0.58929 0.557282 -0.584956
-0.173151 0.139014 -0.0218842 -0.58929 0.557282 -0.584956
0.15392 -0.137606 -0.336913 0.782249 0.212491 -0.585606
0.112773 -0.29537 -0.437164 0.202049 0.802673 0.561152
0.0192947 -0.283935 0.0355287 -0.58929 0.557282 -0.584956
0.0352858 -0.459676 -0.246208 -0.202044 -0.802676 -0.56115
0.180603 0.281137 -0.149325 0.782249 0.212491 -0.585606
-0.0326409 0.453379 0.182295 -0.20205 -0.802673 -0.561152
-0.342368 -0.0714754 0.00931773 -0.782249 -0.212491 0.585606
-0.293276 -0.411347 -0.128495 -0.20205 -0.802673 -0.561152
0.0290519 0.344109 -0.0269061 0.58929 -0.557282 0.584956
-0.0883253 -0.139987 -0.369852 0.58929 -0.557282 0.584956
-0.311452 0.148453 0.126434 -0.58929 0.557282 -0.584956
0.0729276 0.190494 0.433482 -0.58929 0.557282 -0.584956
0.0626406 0.260037 0.427972 0.202047 0.802675 0.561151
-0.210996 -0.465517 0.0385394 0.782249 0.212491 -0.585606
0.0817958 -0.0539409 0.194965 0.58929 -0.557282 0.584956
-0.189498 -0.476511 0.0656908 0.58929 -0.557282 0.584956
-0.051039 0.159463 -0.12542 -0.58929 0.557282 -0.584956
-0.295164 -0.380807 -0.0398698 -0.782249 -0.212491 0.585606
-0.246195 0.319825 0.223957 -0.58929 0.557282 -0.584956
0.155657 -0.179263 0.00116342 0.58929 -0.557282 0.584956
0.138529 -0.0901147 0.100062 -0.58929 0.557282 -0.584956
0.0478759 -0.280807 0.0130031 0.58929 -0.557282 0.584956
-0.331054 0.0481898 0.050661 -0.58929 0.557282 -0.584956
0.123907 0.0169224 -0.320931 0.782249 0.212491 -0.585606
0.0489104 0.118898 -0.264756 -0.58929 0.557282 -0.584956
0.0494039 -0.0295471 0.250836 0.58929 -0.557282 0.584956
0.0912898 0.192743 -0.237098 -0.58929 0.557282 -0.584956
-0.334441 -0.361313 -0.181814 0.20205 0.802673 0.561152
0.31377 0.150245 -0.0189371 0.782249 0.212491 -0.585606
0.194006 -0.393028 -0.241121 0.58929 -0.557282 0.584956
0.111634 -0.330568 -0.0986343 0.58929 -0.557282 0.584956
-0.159662 0.178681 0.340863 0.782249 0.212491 -0.585606
-0.214153 -0.0930628 -0.201676 -0.58929 0.557282 -0.584956
