ply
format ascii 1.0
comment Created by Open3D
element vertex 128
property double x
property double y
property double z
property double nx
property double ny
property double nz
end_header
0.116597 0.37467 -3.46692e-06 -0.691332 -0.0517525 0.720682
0.304086 0.314241 0.129258 0.691332 0.0517525 -0.720682
-0.0023202 0.482672 0.0958367 -0.57157 0.64934 -0.501663
-0.0780801 0.252154 0.122102 -0.704864 0.267563 -0.656945
0.0513251 -0.276409 0.115311 0.57157 -0.64934 0.501663
0.32905 0.169613 0.14282 0.691332 0.0517525 -0.720682
0.057787 0.217482 0.256061 -0.691332 -0.0517525 0.720682
-0.0568015 -0.523325 -0.136496 -0.037523 -0.993537 -0.107132
-0.130849 -0.526369 -0.0752971 -0.14296 -0.96787 -0.206859
-0.0477909 -0.042349 -0.000364945 -0.571569 0.64934 -0.501663
0.0975459 0.460516 0.154948 -0.442004 -0.758735 -0.478491
-0.113314 0.0552133 0.0802759 -0.691332 -0.0517525 0.720682
0.0987147 -0.168661 0.0678934 -0.571572 0.64934 -0.501661
0.173547 0.507469 0.0179112 0.691332 0.0517525 -0.720682
0.0826641 0.179487 0.13814 -0.571569 0.64934 -0.501663
0.265206 0.250997 0.0874198 0.691332 0.0517525 -0.720682
0.104134 0.00521812 -0.0847419 0.691332 0.0517525 -0.720682
0.165883 -0.00483953 0.324164 0.0692304 -0.56069 0.825127
-0.0166962 -0.363493 -0.227129 0.691332 0.0517525 -0.720682
0.0484864 -0.31342 -0.161005 0.691332 0.0517525 -0.720682
-0.130031 -0.152358 -0.0490572 -0.57157 0.64934 -0.501663
0.228238 0.169959 0.416158 -0.691332 -0.0517525 0.720682
0.218854 0.0556237 0.138479 -0.819337 -0.484924 0.305837
-0.0152453 -0.478405 -0.0703002 0.57157 -0.64934 0.501663
0.00788526 0.00493764 0.192929 -0.691332 -0.0517525 0.720682
-0.0448736 0.0723568 0.14716 -0.691332 -0.0517525 0.720682
-0.159932 -0.330935 0.00782716 -0.691332 -0.0517525 0.720682
-0.0145745 -0.117949 -0.0618455 -0.75464 -0.656053 0.0106206
0.338818 0.221378 0.380935 0.442005 0.758735 0.47849
-0.118898 -0.335795 -0.0837608 0.796105 0.290705 -0.530761
0.442765 0.218463 0.256287 0.778864 -0.0600124 -0.624315
-0.170307 -0.423788 -0.00879317 -0.691332 -0.0517525 0.720682
0.0194785 -0.209504 -0.181369 0.691332 0.0517525 -0.720682
-0.0364493 -0.46562 -0.228592 0.190598 -0.489462 -0.85094
0.112611 -0.26822 -0.0962459 0.691332 0.0517525 -0.720682
0.146338 0.341365 0.349902 -0.691332 -0.0517525 0.720682
0.0203016 -0.0256101 -0.0484589 -0.3033 0.400888 0.864464
0.0508754 -0.192822 0.00375335 -0.698191 -0.706051 -0.118411
0.250878 0.0890289 0.360964 0.57157 -0.64934 0.501663
0.0942549 0.290197 0.296266 -0.691332 -0.0517525 0.720682
-0.108946 -0.233801 -0.157972 -0.782972 -0.614496 0.0966917
0.259747 0.112884 0.0722652 0.691332 0.0517525 -0.720682
0.291056 0.350751 0.219911 0.442006 0.758736 0.478488
0.150451 0.200489 0.0880909 -0.571571 0.649341 -0.501661
0.338929 0.12965 0.313223 0.57157 -0.64934 0.501663
-0.217607 -0.223465 -0.0413173 -0.57157 0.64934 -0.501663
-0.0263285 -0.183415 0.146583 -0.691332 -0.0517525 0.720682
-0.0412743 -0.258982 -0.243201 0.691332 0.0517526 -0.720682
0.364882 0.0690546 0.179927 0.896656 -0.358684 -0.259525
0.139052 -0.154025 -0.0626818 0.691332 0.0517525 -0.720682
0.0810327 0.462253 0.0281212 -0.44201 -0.758732 -0.47849
0.201554 0.274782 0.398088 -0.691332 -0.0517525 0.720682
0.114772 0.140829 0.305221 -0.691332 -0.0517525 0.720682
-0.273381 -0.384453 -0.180409 -0.553741 -0.756351 -0.348287
0.402537 0.145513 0.213443 0.81873 -0.123303 -0.560783
0.147015 0.305535 0.215676 -0.44201 -0.758731 -0.478493
0.188795 -0.235879 -0.00389297 0.875925 -0.480063 -0.0479059
0.155996 0.0439034 -0.0322146 0.691332 0.0517525 -0.720682
0.0786688 0.383369 0.288005 -0.691332 -0.0517525 0.720682
-0.162559 -0.30588 -0.210711 -0.571571 0.64934 -0.501662
0.0288198 0.32242 0.235809 -0.691332 -0.0517525 0.720682
0.109041 -0.0646106 0.0199263 -0.757582 -0.182718 0.626645
0.110186 0.300643 -0.0577218 0.691332 0.0517525 -0.720682
0.154594 0.10678 0.173082 -0.296262 -0.733438 -0.611798
0.0188547 -0.27665 0.0191032 -0.571568 0.649339 -0.501666
0.204018 0.298426 0.0321291 0.691332 0.0517525 -0.720682
-0.146108 -0.477483 -0.152849 -0.442005 -0.758735 -0.47849
0.160298 0.22554 -0.0150442 0.691332 0.0517525 -0.720682
-0.258587 -0.310139 -0.106815 -0.57157 0.649341 -0.501661
0.0415959 0.09217 0.231531 -0.691332 -0.0517525 0.720682
0.120918 -0.186891 0.151891 0.57157 -0.64934 0.501663
0.107722 -0.0107475 0.169067 0.803526 0.566824 -0.181814
-0.0131748 -0.222907 -0.0683485 -0.0242336 0.597747 0.801319
0.09195 -0.0117358 0.272373 -0.691332 -0.0517525 0.720682
0.192718 -0.0436369 -0.00327374 0.691332 0.0517525 -0.720682
0.289072 -0.0586868 0.124813 0.709151 -0.622224 0.331575
0.0368908 0.476068 0.254585 -0.691332 -0.0517525 0.720682
0.052446 0.0920027 -0.0831719 -0.704864 0.267563 -0.656945
0.366239 0.265027 0.185345 0.691332 0.0517525 -0.720682
0.0715142 -0.399201 -0.0666299 0.57157 -0.64934 0.501663
0.215996 0.340698 0.12805 -0.896547 0.390856 0.20841
0.0858219 0.550494 0.0831993 -0.571569 0.64934 -0.501663
0.293095 0.0569831 0.271386 0.57157 -0.64934 0.501663
0.290437 0.401523 0.139973 0.442005 0.758735 0.47849
-0.125166 -0.342342 -0.300511 -0.571577 0.649335 -0.501661
-0.0680918 -0.0889723 0.113302 -0.691332 -0.0517525 0.720682
0.103077 -0.320359 -0.000540433 0.57157 -0.64934 0.501663
0.0769687 -0.0765311 -0.116672 0.691332 0.0517526 -0.720682
-0.0699083 -0.158057 -0.124936 -0.571568 0.64934 -0.501665
0.0326466 0.0883716 0.122473 0.811945 0.359234 -0.460105
0.0708379 0.201552 -0.0582876 -0.704864 0.267563 -0.656945
-0.124345 -0.0856073 0.0308645 -0.57157 0.64934 -0.501663
0.0129839 -0.127385 -0.179677 -0.571569 0.64934 -0.501663
0.267366 0.295366 0.329617 0.442005 0.758735 0.47849
0.197945 -0.178914 0.0744546 0.57157 -0.64934 0.501663
-0.124197 -0.196559 0.0517563 -0.691332 -0.0517525 0.720682
0.0138618 -0.098831 0.0255805 0.598932 0.748043 0.285855
-0.0735191 0.157895 0.079571 0.691332 0.0517525 -0.720682
0.290818 0.00109562 0.20164 0.57157 -0.64934 0.501663
0.203632 0.395614 0.0387381 0.691332 0.0517525 -0.720682
0.0787734 -0.176874 -0.122146 0.691332 0.0517525 -0.720682
0.224633 0.398709 0.205223 0.442005 0.758735 0.47849
-0.0485477 0.359156 0.133996 -0.704864 0.267563 -0.656945
0.0436396 -0.476956 -0.172637 0.874497 -0.245719 -0.418183
-0.238471 -0.421283 -0.0860875 -0.819382 -0.41901 0.391207
0.145401 0.0227119 0.0772417 -0.146209 0.520994 0.840945
-0.120122 -0.493533 0.0160611 0.0252603 -0.543743 0.838872
-0.0153333 0.030008 0.0563116 -0.57157 0.64934 -0.501663
0.35976 0.267057 0.289156 0.442005 0.758735 0.47849
-0.03843 -0.178259 0.0133821 0.44836 -0.264888 -0.853703
0.183917 0.477995 0.117111 0.442007 0.758735 0.478489
-0.0134111 0.187379 0.185601 -0.691332 -0.0517525 0.720682
0.110097 0.108935 0.0155646 -0.57157 0.64934 -0.501663
-0.182733 -0.396227 -0.247862 -0.442005 -0.758735 -0.47849
-0.0354689 0.466366 0.184476 -0.691332 -0.0517525 0.720682
0.0210262 -0.134754 0.195503 -0.691332 -0.0517525 0.720682
0.137754 -0.11481 0.226009 0.57157 -0.64934 0.501663
0.152872 -0.0932185 0.10384 -0.571569 0.64934 -0.501663
0.195043 0.0393667 0.227407 -0.571569 0.64934 -0.501663
0.0469163 -0.224236 0.183718 0.284463 -0.624455 0.727418
0.270675 0.0144341 0.0756778 0.691332 0.0517525 -0.720682
-0.0277384 -0.414495 0.0266568 0.57157 -0.64934 0.501663
0.2225 -0.0523272 0.210329 0.57157 -0.64934 0.501663
0.0239445 -0.0418493 0.0938691 0.448362 -0.264885 -0.853702
-0.0292999 -0.356982 0.0995111 0.325863 -0.6328 0.702408
0.177927 0.377332 0.282263 0.442005 0.758735 0.47849
-0.0830768 -0.270725 0.0858756 -0.691332 -0.0517525 0.720682
-0.0273146 -0.374977 -0.0555655 -0.57157 0.64934 -0.501663
