ply
format ascii 1.0
comment Created by Open3D
element vertex 128
property double x
property double y
property double z
property double nx
property double ny
property double nz
end_header
-0.170356 -0.34377 -0.351537 -0.397429 -0.426851 -0.812311
0.233727 -0.257782 -0.545371 -0.397429 -0.426851 -0.812311
0.327502 0.0304547 -0.418437 0.597242 0.551745 -0.582134
-0.345468 -0.18349 0.16577 -0.584289 -0.537878 0.607695
0.195827 0.437507 -0.167727 0.597242 0.551745 -0.582134
0.596919 0.0716681 0.233519 0.621521 0.140392 0.770715
0.0551686 -0.472429 0.202651 0.755984 -0.144785 0.638377
-0.290455 0.249631 -0.483311 -0.696673 0.716503 -0.0356538
0.0117415 -0.5453 -0.012446 0.696673 -0.716503 0.0356539
0.357281 -0.20086 -0.600527 0.651222 0.174502 -0.738552
0.0461258 0.609413 0.170138 -0.696673 0.716503 -0.0356539
-0.0331287 0.521013 -0.0577247 -0.696673 0.716503 -0.0356539
0.50517 -0.0495578 0.301639 0.74008 -0.658868 0.134814
-0.0909991 -0.460452 -0.279998 -0.397429 -0.426851 -0.812311
0.154907 -0.13624 -0.609409 0.116809 -0.777891 -0.617447
-0.119531 -0.112996 0.126762 -0.539478 0.813433 0.217464
0.107941 0.244937 -0.440411 0.597242 0.551745 -0.582134
-0.0150773 -0.578584 -0.157292 0.696673 -0.716503 0.0356539
-0.110896 -0.0400573 -0.491171 -0.397429 -0.426851 -0.812311
-0.0992319 0.463541 0.0789588 -0.696673 0.716503 -0.0356539
-0.176574 0.379013 -0.108468 -0.696673 0.716503 -0.0356539
-0.393165 -0.29895 0.0177155 -0.584289 -0.537878 0.607695
0.653336 0.0811088 0.039225 0.696673 -0.716503 0.0356539
0.27686 -0.0623376 -0.558342 0.597242 0.551745 -0.582134
-0.00451155 0.249012 -0.551919 0.597242 0.551745 -0.582134
0.276143 0.421704 0.209776 0.397429 0.426851 0.812311
-0.568182 -0.0744114 -0.249389 -0.397429 -0.426851 -0.812311
0.35161 -0.194422 0.184584 0.225687 -0.903501 0.36435
-0.464851 -0.23536 -0.215369 -0.397429 -0.426851 -0.812311
-0.674635 -0.148463 -0.144864 -0.843883 -0.486656 -0.225895
-0.0210094 0.0169316 0.0325411 -0.495653 -0.444815 0.745967
0.454716 0.115316 0.283408 0.397429 0.426851 0.812311
0.254073 0.631869 0.0941852 0.707287 0.694325 0.132884
0.556381 -0.00992686 0.104253 0.696673 -0.716503 0.0356539
-0.249592 -0.0323072 0.131913 0.397429 0.426851 0.812311
0.471399 -0.048015 -0.345179 0.597242 0.551745 -0.582134
0.369701 -0.124062 0.298084 -0.597242 -0.551745 0.582134
0.0192974 0.522834 -0.264768 0.348573 0.748646 -0.563938
0.0463523 0.0219169 0.166336 -0.843253 -0.179239 0.506753
0.509231 0.377025 0.0964867 0.597242 0.551745 -0.582133
0.303274 -0.252981 0.0673066 0.394879 -0.878623 0.268499
0.0877091 -0.476766 -0.119574 0.696673 -0.716503 0.0356539
-0.405898 -0.0296561 0.203719 0.153643 0.197612 0.968165
-0.0042824 -0.119305 -0.55074 -0.397429 -0.426851 -0.812311
-0.162621 0.35837 -0.582268 -0.225709 0.9035 -0.364339
-0.494083 -0.333433 -0.112328 -0.673419 -0.636059 0.376744
0.327325 0.309173 0.28372 -0.0776149 0.762148 0.642733
0.0358989 -0.511178 -0.307497 0.0369448 -0.743952 -0.667212
-0.165266 0.10031 -0.53833 -0.397429 -0.426851 -0.812311
0.151541 0.127031 -0.50743 0.597242 0.551745 -0.582134
0.195394 -0.375252 -0.183707 0.696673 -0.716503 0.0356539
-0.48747 0.0731494 -0.180239 -0.696673 0.716503 -0.0356538
0.133588 0.690202 0.0846894 -0.696673 0.716503 -0.0356539
0.137983 -0.421965 -0.000656994 0.696673 -0.716503 0.0356539
-0.469916 0.0988154 -0.00745514 -0.696673 0.716503 -0.0356538
-0.279302 -0.372604 0.127568 -0.584289 -0.537878 0.607696
-0.369595 -0.370365 -0.200405 -0.760599 0.619947 -0.192754
-0.0435917 -0.240081 0.189357 0.397429 0.426851 0.812311
0.343812 0.46101 0.00637536 0.597242 0.551745 -0.582134
-0.546596 -0.205528 -0.0471172 -0.584289 -0.537878 0.607695
-0.63041 -0.0697751 -0.0336127 -0.908692 0.233926 0.34577
-0.197053 -0.213249 0.246446 0.0798628 0.68128 0.727653
0.176961 0.300988 -0.316475 0.597242 0.551745 -0.582134
0.416755 0.0763058 -0.28341 0.597242 0.551745 -0.582134
0.225398 0.0637302 0.396471 -0.597242 -0.551745 0.582134
-0.0519455 -0.374712 0.215139 0.397429 0.426851 0.812311
0.416978 0.195663 -0.170055 0.597242 0.551745 -0.582134
0.0381818 -0.111919 0.0820028 0.397429 0.426851 0.812311
0.603066 0.24826 0.140968 0.397429 0.426851 0.812311
0.159426 0.379268 0.28918 0.397429 0.426851 0.812311
-0.28685 0.262244 -0.300282 -0.696673 0.716503 -0.0356539
0.114158 0.0383946 -0.629793 0.597242 0.551745 -0.582134
-0.0596464 -0.53138 0.132661 -0.584289 -0.537878 0.607695
0.106069 0.18519 0.320719 -0.597242 -0.551745 0.582134
0.490003 0.257762 -0.0362774 0.597242 0.551745 -0.582134
-0.394733 0.158284 -0.281438 -0.696673 0.716503 -0.0356538
0.235546 -0.348 -0.420598 0.696673 -0.716503 0.0356539
-0.0452731 0.24143 0.218753 -0.597242 -0.551745 0.582134
-0.290122 -0.255054 -0.290508 -0.397429 -0.426851 -0.812311
-0.468178 -0.166424 0.0628923 -0.584289 -0.537878 0.607695
-0.0682536 -0.255998 -0.447613 -0.397429 -0.426851 -0.812311
0.211717 -0.0579976 0.221407 0.439213 -0.865719 0.240048
0.155538 -0.420285 -0.30991 0.696673 -0.716503 0.0356539
-0.0538848 0.389206 -0.469698 0.597242 0.551745 -0.582134
0.565188 0.144338 -0.0666439 0.597242 0.551745 -0.582134
0.47548 0.247206 0.252772 0.447705 0.372869 0.812729
-0.356253 -0.552641 -0.106287 -0.628902 -0.586075 0.510881
-0.262786 -0.0547308 -0.409148 -0.397429 -0.426851 -0.812311
-0.224159 0.146776 0.0253659 0.397429 0.426851 0.812311
0.032283 -0.374513 -0.385474 -0.397429 -0.426851 -0.812311
-0.07158 0.498541 0.242003 -0.696673 0.716503 -0.0356539
0.218699 -0.14972 0.118844 -0.597242 -0.551745 0.582134
0.401469 -0.182742 -0.341688 0.696673 -0.716503 0.0356539
0.41167 -0.16422 -0.168805 0.696673 -0.716503 0.0356539
0.430047 -0.138012 -0.0011892 0.696673 -0.716503 0.0356539
0.145004 0.0378601 0.28947 -0.597242 -0.551745 0.582134
0.339077 0.18755 0.351079 0.397429 0.426851 0.812311
-0.0978458 0.450695 -0.20628 -0.696673 0.716503 -0.0356539
-0.275855 -0.481623 -0.227482 -0.397429 -0.426851 -0.812311
-0.208582 0.347744 0.125651 -0.915901 0.238487 0.322877
0.33242 -0.254848 -0.44151 0.696673 -0.716503 0.0356539
0.305253 -0.269404 -0.203199 0.696673 -0.716503 0.0356539
0.251583 -0.314761 -0.0659984 0.696673 -0.716503 0.0356539
0.263915 0.159374 -0.361485 0.597242 0.551745 -0.582134
0.0343552 0.319525 0.361467 -0.26767 -0.213415 0.939578
-0.370862 -0.10515 -0.329776 -0.397429 -0.426851 -0.812311
-0.123279 -0.674752 -0.0919076 0.35958 -0.881839 0.305059
0.0561757 -0.330287 0.138896 0.397429 0.426851 0.812311
0.368177 0.0225866 0.374201 0.321318 0.356089 0.877471
0.191013 0.54846 0.184819 0.397429 0.426851 0.812311
-0.519867 0.0571302 0.16039 -0.807791 0.581199 0.0983986
0.332556 0.328947 -0.130342 0.597242 0.551745 -0.582134
-0.389117 0.101968 -0.429655 -0.414413 -0.40913 -0.812942
0.457191 -0.10476 0.136647 0.696673 -0.716503 0.0356539
0.158288 -0.271563 0.0580784 0.397429 0.426851 0.812311
-0.204321 -0.474338 0.0467479 0.673651 -0.736688 0.0590335
0.0627026 0.597326 -0.128813 -0.137441 0.902928 -0.407224
-0.332542 0.22502 -0.155526 -0.696673 0.716503 -0.0356539
-0.0435532 0.0993061 -0.597351 -0.397429 -0.426851 -0.812311
-0.0949379 0.172956 0.1029 -0.597242 -0.551745 0.582134
-0.077835 0.416709 0.349154 -0.469613 -0.417918 0.777694
0.594197 0.0230988 -0.117148 0.900546 -0.351463 -0.255913
-0.216072 -0.569335 -0.0513336 -0.584289 -0.537878 0.607695
-0.468911 0.0189414 -0.347013 -0.397429 -0.426851 -0.812311
-0.277887 0.265283 -0.00604041 -0.751061 0.456055 0.477411
-0.160071 -0.15842 -0.404915 -0.397429 -0.426851 -0.812311
-0.189091 0.356313 -0.320049 -0.696673 0.716503 -0.0356539
0.189874 0.546863 -0.0701868 0.597242 0.551745 -0.582134
