ply
format ascii 1.0
comment Created by Open3D
element vertex 128
property double x
property double y
property double z
property double nx
property double ny
property double nz
end_header
-0.187157 0.222381 0.174065 -0.50761 0.841558 -0.184695
-0.102292 -0.303355 0.237457 0.623546 -0.740378 -0.25106
-0.0393903 0.164252 0.261245 0.378402 0.0251739 -0.925299
-0.160398 -0.0935024 -0.397502 -0.299673 -0.373432 -0.877921
0.324311 -0.140614 -0.216993 0.628561 -0.592142 -0.504261
0.237031 0.0425725 0.365479 0.774042 0.53958 0.331228
0.282312 0.478059 0.0487848 -0.50761 0.841558 -0.184695
-0.0962594 0.17273 0.104087 0.50761 -0.841558 0.184695
-0.117905 0.134244 -0.0117841 0.50761 -0.841558 0.184695
0.0638035 0.0441275 0.300178 0.378405 0.025173 -0.925298
-0.417257 -0.0692671 -0.115814 0.449291 -0.878973 0.159827
0.166826 0.316823 0.151841 0.901368 -0.237437 0.362159
0.0377694 0.228478 0.371782 -0.0788529 0.083069 0.993419
-0.628351 -0.0617294 0.0920885 -0.50761 0.841558 -0.184695
-0.300496 -0.0541224 -0.295864 -0.030689 -0.998739 -0.0397215
-0.354249 0.122473 0.178069 -0.50761 0.841558 -0.184695
0.105799 0.0500625 0.398569 -0.378405 -0.0251731 0.925298
0.282633 0.108054 -0.0741879 -0.774042 -0.53958 -0.331228
0.0347958 0.403057 0.387307 -0.50761 0.841558 -0.184695
0.315696 0.157503 -0.22044 0.434321 0.064798 -0.898425
0.334861 0.0460328 -0.0952824 -0.783096 -0.540035 -0.308419
-0.0851733 0.0947044 -0.572622 0.378405 0.0251735 -0.925298
0.0893045 -0.0810772 0.388256 -0.378405 -0.0251731 0.925298
-0.201457 0.078998 -0.439953 -0.50761 0.841558 -0.184695
-0.236675 -0.0427067 -0.491631 0.507609 -0.841558 0.184695
0.0394476 0.320964 0.000466591 -0.50761 0.841558 -0.184695
0.0827778 0.261096 0.0146672 0.50761 -0.841558 0.184695
0.0821526 0.184386 0.269964 -0.774042 -0.53958 -0.331228
0.0455539 0.266255 0.222123 -0.774042 -0.53958 -0.331228
-0.126133 -0.19674 -0.147062 0.774043 0.539579 0.331229
-0.148813 0.150017 0.145035 0.50761 -0.841558 0.184695
-0.113036 -0.258996 -0.0762515 0.774042 0.53958 0.331228
0.253207 0.281007 -0.272738 0.644595 -0.639732 -0.418616
0.0598548 0.349319 0.479652 0.507611 -0.841557 0.184694
0.0208535 0.322446 0.0583198 -0.50761 0.841558 -0.184695
-0.00815554 0.1862 -0.482755 -0.50761 0.841558 -0.184695
0.305586 0.223777 -0.0899152 0.774042 0.53958 0.331228
-0.0686159 -0.283054 -0.140864 0.774042 0.53958 0.331228
-0.123191 0.0103147 0.235624 0.650922 -0.717953 0.246666
-0.419005 0.0162311 0.27803 0.50761 -0.841558 0.184695
-0.208081 0.161507 -0.0457971 -0.50761 0.841558 -0.184695
-0.0731376 0.261306 0.444137 0.50761 -0.841558 0.184695
0.397457 -0.0303529 0.0857969 0.90137 -0.237428 0.36216
0.346176 0.357459 -0.270174 0.50761 -0.841559 0.184693
0.299762 0.26555 -0.144448 0.783096 0.540035 0.30842
-0.045682 -0.368967 -0.202056 0.50761 -0.841558 0.184695
0.30488 0.228284 -0.213014 0.71077 0.287861 -0.641827
0.124327 0.181188 0.176616 -0.774043 -0.539579 -0.331228
0.377541 -0.0411623 -0.0529003 -0.774042 -0.53958 -0.331228
0.267796 0.0608815 0.0373281 -0.774043 -0.539579 -0.331228
0.122887 0.388371 0.484355 0.507612 -0.841557 0.184693
-0.0467082 -0.093229 0.332302 -0.378405 -0.0251731 0.925298
-0.310327 0.0387594 0.0819912 0.50761 -0.841558 0.184695
-0.11946 -0.306832 0.219741 0.591269 -0.428969 -0.682925
0.0607002 0.251721 0.0326234 0.50761 -0.841558 0.184695
0.127521 0.126632 -0.298345 0.378405 0.0251729 -0.925298
0.0279248 -0.168991 -0.266063 -0.378405 -0.025173 0.925298
-0.298388 -0.00666944 -0.0541519 0.774042 0.53958 0.331228
0.313583 0.478147 -0.0367614 -0.50761 0.841558 -0.184695
-0.187837 0.154368 -0.133967 -0.50761 0.841558 -0.184695
-0.584497 -0.0448353 0.0485407 -0.50761 0.841558 -0.184695
-0.102723 0.218643 -0.0750217 -0.50761 0.841558 -0.184695
0.140887 0.210219 -0.376862 0.50761 -0.841558 0.184695
0.132984 0.058043 -0.216922 -0.378405 -0.0251731 0.925298
0.102199 0.215314 -0.492714 0.378405 0.0251735 -0.925298
-0.148202 -0.279938 0.0400439 0.774042 0.53958 0.331228
0.164433 0.259973 -0.0454515 -0.774042 -0.53958 -0.331228
-0.28761 -0.00930038 -0.605502 -0.50761 0.841558 -0.184696
0.165749 0.37551 0.307954 0.50761 -0.841558 0.184695
0.439489 0.403758 -0.31567 0.50761 -0.841558 0.184695
-0.0137013 0.132864 0.351952 -0.378408 -0.0251713 0.925296
-0.132879 0.194656 -0.101435 -0.50761 0.841558 -0.184695
0.230023 0.456752 0.0954078 -0.50761 0.841558 -0.184695
-0.0694988 -0.00897789 -0.382606 0.378405 0.0251729 -0.925298
-0.0579106 0.138032 -0.560294 0.378405 0.0251735 -0.925298
-0.413812 -0.0736762 -0.422481 -0.774043 -0.53958 -0.331228
-0.52004 -0.0904828 0.0694727 0.50761 -0.841558 0.184695
0.223512 0.321973 0.0141339 0.901369 -0.237434 0.36216
-0.236506 -0.311617 0.246604 -0.538801 -0.142782 0.830245
0.395829 -0.0537256 -0.0956152 -0.782219 -0.555217 0.282607
0.107154 0.254975 0.0965476 -0.774042 -0.53958 -0.331228
0.126355 -0.0911795 0.403133 -0.378405 -0.0251731 0.925298
0.0491303 0.181513 0.292934 -0.0522882 -0.24406 -0.968349
-0.180834 -0.181171 -0.271023 -0.774042 -0.53958 -0.331228
0.423935 -0.0279608 -0.181318 0.397285 0.0384059 -0.916891
-0.651654 -0.0657253 0.233344 -0.807793 -0.390294 0.441748
-0.184705 -0.35663 0.0238506 -0.774042 -0.53958 -0.331228
-0.0665112 0.154002 -0.469079 -0.50761 0.841558 -0.184694
0.245148 0.00539425 -0.172484 -0.378405 -0.025173 0.925298
-0.0580013 -0.100044 0.257607 -0.344169 0.931789 -0.1154
0.250767 0.321261 -0.429074 0.378405 0.0251732 -0.925298
-0.0452843 -0.363585 -0.178627 0.50761 -0.841558 0.184695
-0.156989 0.225748 0.106494 -0.50761 0.841558 -0.184695
0.246641 -0.127622 -0.175492 -0.378405 -0.0251729 0.925298
-0.20315 -0.33592 0.261535 -0.313423 -0.127999 0.940948
0.162882 0.013232 0.327707 -0.299678 -0.373434 -0.877918
0.352793 -0.103078 -0.137227 0.0139787 -0.537593 0.843088
-0.360515 -0.106138 -0.440294 0.50761 -0.841558 0.184695
-0.321912 -0.0189004 0.0207459 0.774042 0.53958 0.331228
0.0639839 0.271595 0.114159 0.50761 -0.841558 0.184695
0.0827203 0.159356 -0.448755 0.50761 -0.841558 0.184695
0.392547 0.0338156 0.0163206 0.774043 0.53958 0.331228
-0.562147 -0.0893556 0.190334 0.50761 -0.841558 0.184696
-0.169088 -0.288782 0.10326 0.774043 0.539579 0.331227
-0.198917 0.184653 0.0344823 -0.50761 0.841558 -0.184695
-0.155476 -0.282583 0.201615 0.378405 0.025173 -0.925298
-0.287525 -0.134224 -0.0981764 -0.774043 -0.53958 -0.331228
-0.216337 -0.172313 0.179725 0.378405 0.025173 -0.925298
0.212855 0.423793 -0.00758277 -0.50761 0.841558 -0.184695
-0.213753 0.0175257 -0.28018 0.50761 -0.841558 0.184695
-0.371062 0.0101201 0.22814 0.106712 -0.626856 0.771793
-0.0118463 -0.243269 -0.279382 0.0522763 0.244054 0.968352
-0.150436 0.219964 0.468209 0.50761 -0.841558 0.184695
0.122807 0.362363 -0.0400041 -0.50761 0.841558 -0.184695
0.152199 0.129732 -0.288168 0.378405 0.0251729 -0.925298
-0.236035 -0.0533195 0.255962 -0.378405 -0.0251676 0.925298
-0.30621 -0.0817122 -0.603973 -0.451509 -0.4424 -0.774869
-0.0258802 0.278033 -0.0156025 -0.50761 0.841558 -0.184695
-0.494535 -0.0718267 0.0872832 0.404053 -0.901175 0.156921
0.307152 0.0465713 -0.227062 0.378405 0.025173 -0.925298
-0.264726 -0.0504033 -0.40672 0.139499 -0.988806 -0.0529433
-0.234015 0.0916213 0.179676 0.378405 0.025173 -0.925298
0.28476 0.409128 0.134045 0.50761 -0.841558 0.184695
-0.505662 0.0356406 0.334543 -0.378405 -0.0251734 0.925298
-0.199548 0.130114 -0.212292 -0.50761 0.841558 -0.184695
-0.0413039 0.153239 0.260163 0.378406 0.0251727 -0.925297
0.219938 0.239474 -0.154676 -0.861529 -0.493285 0.120158
-0.0497659 0.133179 -0.203907 0.50761 -0.841558 0.184695
