ply
format ascii 1.0
comment Created by Open3D
element vertex 512
property double x
property double y
property double z
property double nx
property double ny
property double nz
end_header
0.0022266 -0.472772 0.16314 -0.868911 -0.493825 0.0336221
0.185542 -0.112855 0.303058 -0.269338 0.414738 -0.869166
-0.267292 0.148371 0.0364291 -0.269338 0.414738 -0.869166
0.0653459 -0.120517 -0.00212555 0.868911 0.493825 -0.0336221
-0.20793 0.043781 0.429205 -0.415272 0.764284 0.493376
-0.0242995 0.0584306 0.309425 0.868911 0.493825 -0.0336221
0.00217768 0.375367 -0.29185 0.868911 0.493825 -0.033622
0.0244348 -0.0668682 -0.271441 0.868911 0.493825 -0.0336221
0.0787219 0.0149876 0.397162 -0.269338 0.414738 -0.869166
-0.123008 -0.246208 0.254317 -0.868911 -0.493825 0.0336221
-0.0522523 0.0202309 -0.340371 -0.868911 -0.493825 0.0336221
-0.179538 -0.152416 0.170943 -0.868911 -0.493825 0.0336221
0.153154 -0.424497 0.101 0.415272 -0.764283 -0.493376
-0.219896 0.326149 -0.179697 -0.868911 -0.493825 0.033622
-0.0059449 0.0928208 0.366681 -0.146799 0.192236 -0.970307
-0.234223 -0.0606684 0.10525 -0.868911 -0.493825 0.0336221
-0.152692 0.391253 -0.329755 -0.415272 0.764283 0.493376
0.0722828 -0.49336 0.237786 0.269339 -0.414738 0.869166
-0.0470333 0.0959914 0.273579 0.868911 0.493825 -0.0336221
0.188097 -0.328507 0.11533 0.868911 0.493825 -0.0336221
0.131263 -0.241222 -0.0714639 0.868911 0.493825 -0.0336221
-0.0175103 -0.43852 0.156146 -0.868911 -0.493825 0.0336221
0.00483627 -0.0933369 -0.533036 -0.868911 -0.493825 0.0336221
-0.0849067 -0.344776 -0.208741 -0.868911 -0.493825 0.0336221
-0.0819857 -0.323032 0.186123 -0.868911 -0.493825 0.0336221
-0.14296 0.190534 -0.183244 -0.868911 -0.493825 0.033622
0.134963 -0.466618 0.231123 0.269339 -0.414738 0.869166
-0.175209 -0.152695 0.278745 -0.868911 -0.493825 0.0336221
-0.153121 0.17455 0.0135413 -0.269338 0.414738 -0.869166
0.13823 -0.248768 -0.00224505 0.868911 0.493825 -0.0336221
-0.228528 -0.067039 0.158873 -0.868911 -0.493825 0.0336221
0.357493 -0.209537 0.299923 0.868911 0.493825 -0.0336221
0.116899 0.0847851 0.470475 0.402435 -0.665291 0.628836
-0.0860342 0.136748 -0.135717 0.868911 0.493825 -0.0336221
-0.0319427 0.072362 0.316516 0.868911 0.493825 -0.033622
-0.0439708 0.0484178 -0.346013 0.868911 0.493825 -0.0336221
0.127738 -0.248617 0.362496 -0.868911 -0.493825 0.033621
0.0496663 -0.157368 -0.314934 -0.868911 -0.493825 0.0336221
-0.25886 -0.0177981 0.0982154 -0.868911 -0.493825 0.0336221
0.128109 -0.223293 0.110363 0.868911 0.493825 -0.0336221
-0.128982 0.220272 -0.0188904 0.868911 0.493825 -0.0336221
-0.140128 0.0512576 -0.049316 -0.269338 0.414738 -0.869166
0.128531 -0.281093 -0.14187 0.415272 -0.764283 -0.493376
-0.00420468 -0.124248 0.437616 0.269339 -0.414738 0.869166
-0.0109164 0.0176344 0.0560971 0.868911 0.493825 -0.0336221
0.0462379 -0.145638 -0.231243 -0.868911 -0.493825 0.0336221
0.13467 -0.253036 -0.15693 0.868911 0.493825 -0.0336221
0.212832 -0.413806 0.232193 0.269339 -0.414738 0.869166
-0.177257 0.239804 -0.345943 -0.868911 -0.493825 0.033622
-0.157203 -0.186409 0.248904 -0.868911 -0.493825 0.0336221
0.205864 -0.202349 0.414916 0.269339 -0.414738 0.869166
-0.224539 0.332471 -0.206835 -0.868911 -0.493825 0.033622
0.172325 -0.310034 -0.0209511 0.868911 0.493826 -0.0336218
-0.23327 -0.042565 0.39578 -0.868911 -0.493825 0.0336221
-0.0423705 -0.121526 0.450742 0.269338 -0.414738 0.869166
-0.129511 -0.246987 0.0748168 -0.868911 -0.493825 0.0336221
-0.329083 0.108152 0.133296 -0.868911 -0.493825 0.0336221
0.231024 -0.420847 0.280191 -0.0502297 0.0203957 -0.998529
0.132627 0.136954 -0.422291 0.868911 0.493825 -0.0336221
-0.17389 0.253286 -0.0609013 -0.868911 -0.493825 0.033622
-0.0724743 0.124796 0.0391598 0.868911 0.493825 -0.0336221
-0.281658 0.0790795 0.312468 -0.415272 0.764284 0.493376
-0.0627976 0.145766 -0.32539 0.269339 -0.414738 0.869166
-0.00728303 -0.0038678 -0.16582 0.868911 0.493825 -0.0336221
0.0440826 -0.44917 0.267611 0.269339 -0.414738 0.869166
-0.172248 0.215739 0.192861 -0.415272 0.764284 0.493376
-0.0267914 -0.0283146 -0.395388 -0.868911 -0.493825 0.0336221
0.325794 -0.232079 0.363566 0.269338 -0.414738 0.869166
0.0342617 0.316599 -0.325844 0.868911 0.493825 -0.033622
0.133325 -0.357471 -0.0195191 0.415272 -0.764283 -0.493376
-0.00346076 -0.00379321 -0.0659437 0.868911 0.493825 -0.0336221
-0.001105 -0.0614854 -0.218759 -0.868911 -0.493825 0.0336221
-0.0785781 0.141661 0.129127 0.868911 0.493825 -0.0336221
0.0509001 0.160919 0.474733 -0.335968 0.638308 0.692595
-0.186162 -0.148783 0.0531275 -0.868911 -0.493825 0.0336221
0.0371735 -0.0499864 0.305722 0.868911 0.493825 -0.0336221
-0.00637956 0.393649 -0.244481 0.868911 0.493825 -0.033622
0.318521 -0.136161 0.370482 0.868911 0.493825 -0.0336221
0.00801728 0.140019 0.386907 -0.402435 0.665291 -0.628836
0.0794397 -0.136477 0.485525 0.269338 -0.414738 0.869166
0.0310604 -0.523481 0.16352 -0.868911 -0.493825 0.0336221
0.0133004 -0.0219943 0.0998947 0.868911 0.493825 -0.0336221
-0.0333465 0.0429749 -0.151386 0.868911 0.493825 -0.0336221
-0.244976 -0.0487549 0.00232951 -0.868911 -0.493825 0.0336221
0.060806 -0.102197 0.14962 0.868911 0.493825 -0.0336221
-0.00969027 -0.00323334 0.49706 0.269339 -0.414738 0.869166
0.0942556 -0.178079 -0.100448 0.868911 0.493825 -0.0336221
0.125983 -0.245337 0.365322 -0.86891 -0.493826 0.0336231
0.0944701 -0.359198 0.294929 0.269339 -0.414738 0.869166
-0.263012 0.0140419 0.428912 -0.415272 0.764284 0.493376
-0.034794 0.328833 -0.246714 0.269339 -0.414738 0.869166
0.215171 -0.40701 0.295654 -0.868911 -0.493825 0.0336211
0.131632 0.184379 0.365331 -0.237551 0.356462 -0.903606
-0.213413 0.0635412 -0.020745 -0.269338 0.414738 -0.869166
-0.242834 -0.0360349 0.244519 -0.868911 -0.493825 0.0336221
-0.07732 -0.354274 -0.152175 -0.868911 -0.493825 0.0336221
-0.187974 0.349843 -0.295303 -0.415272 0.764283 0.493376
0.0747654 0.199324 -0.342462 0.269339 -0.414738 0.869166
-0.0815671 0.122392 -0.231132 0.868911 0.493825 -0.0336221
-0.0349699 0.0419212 -0.208817 0.868911 0.493825 -0.0336221
0.143658 -0.0684443 0.498088 0.269339 -0.414738 0.869166
-0.0749334 0.0636905 0.510306 -0.415272 0.764284 0.493376
0.11499 -0.376639 -0.00525806 0.415272 -0.764283 -0.493376
-0.0900313 -0.237618 -0.202682 -0.269338 0.414738 -0.869166
-0.0609566 0.0339464 -0.363874 -0.868911 -0.493825 0.0336221
0.382092 -0.250842 0.328971 0.868911 0.493825 -0.0336221
-0.228174 -0.0560175 0.329899 -0.868911 -0.493825 0.0336221
0.0156804 0.106971 -0.52908 -0.269339 0.414738 -0.869166
0.0404067 0.298259 -0.436406 0.868911 0.493825 -0.0336221
0.14852 0.0905409 -0.433552 0.415272 -0.764284 -0.493376
0.138821 0.0967827 0.384561 0.37049 -0.693933 -0.617409
-0.210804 0.31636 -0.0884755 -0.868911 -0.493825 0.033622
0.0300587 -0.395072 -0.0481903 0.415272 -0.764283 -0.493376
-0.0113095 0.00190587 -0.185077 0.868911 0.493825 -0.0336221
-0.0848003 0.132666 -0.163791 0.868911 0.493825 -0.0336221
-0.195445 0.270425 -0.366242 -0.868911 -0.493825 0.033622
-0.25405 -0.0203514 0.185007 -0.868911 -0.493825 0.0336221
-0.267012 0.161601 0.196962 -0.415272 0.764284 0.493376
-0.0406551 -0.014203 -0.54641 -0.868909 -0.493829 0.0336286
0.207352 -0.450621 0.187087 0.415272 -0.764283 -0.493376
-0.2049 0.251601 0.109825 -0.415272 0.764284 0.493376
0.139548 -0.352242 0.284279 0.269339 -0.414738 0.869166
-0.0348665 0.0634193 -0.534198 -0.269339 0.414738 -0.869166
-0.26502 0.408835 -0.298057 -0.269339 0.414738 -0.869166
-0.150765 0.249543 -0.151915 0.868911 0.493825 -0.0336221
-0.232363 -0.0648436 0.0919981 -0.868911 -0.493825 0.0336221
-0.227365 0.379455 -0.223441 0.868911 0.493825 -0.0336221
0.0774396 -0.117804 0.334195 -0.269338 0.414738 -0.869166
-0.282811 0.137326 0.0359677 -0.269338 0.414738 -0.869166
-0.178429 0.00185034 0.51899 -0.415272 0.764284 0.493376
-0.0236029 0.0566138 0.300743 0.868911 0.493825 -0.0336221
-0.110177 -0.0883758 -0.125226 -0.269338 0.414738 -0.869166
0.145741 -0.26322 -0.0203956 0.868911 0.493825 -0.0336221
0.0293813 -0.128756 -0.418924 -0.868911 -0.493825 0.0336225
0.23718 -0.450619 0.223949 -0.868911 -0.493825 0.0336217
0.0457511 0.288642 -0.439537 0.868911 0.493825 -0.0336221
-0.11265 -0.272241 0.139648 -0.868911 -0.493825 0.0336221
0.144047 -0.24193 0.248531 0.868911 0.493825 -0.0336221
-0.146929 0.0658024 0.446436 -0.415272 0.764284 0.493376
0.0468894 -0.0720117 0.233318 0.868911 0.493825 -0.0336221
0.0198002 -0.0981324 -0.170159 -0.269338 0.414738 -0.869166
-0.0669978 0.136682 0.35527 0.868911 0.493826 -0.0336219
-0.0578602 -0.371038 0.104522 -0.868911 -0.493825 0.0336221
-0.211982 0.26086 0.0895207 -0.415272 0.764284 0.493376
0.0493777 -0.0767768 0.227636 0.868911 0.493825 -0.0336221
0.175133 -0.308229 0.0781319 0.868911 0.493825 -0.0336221
-0.0222929 -0.0256128 -0.239449 -0.868911 -0.493825 0.0336221
-0.176323 0.0585952 -0.0345986 -0.269338 0.414738 -0.869166
0.237761 -0.0543418 0.475656 0.269338 -0.414738 0.869166
-0.102142 -0.0553777 -0.11197 -0.269338 0.414738 -0.869166
0.156429 -0.373886 0.0253559 0.415272 -0.764283 -0.493376
0.203866 -0.335062 0.352209 0.269339 -0.414738 0.869166
-0.0323788 -0.0168492 -0.371387 -0.868911 -0.493825 0.0336221
-0.0645023 -0.357658 0.12938 -0.868911 -0.493825 0.0336221
-0.116153 -0.25931 0.239047 -0.868911 -0.493825 0.0336221
-0.23593 -0.0218955 0.507376 -0.415272 0.764284 0.493376
-0.0772375 0.114252 -0.238795 0.868911 0.493825 -0.0336221
0.0583631 -0.0974299 0.156506 0.868911 0.493825 -0.0336221
0.310255 -0.119337 0.403955 0.868911 0.493825 -0.0336221
0.139497 0.1775 0.3615 -0.17018 0.234273 -0.95716
0.319787 -0.143072 0.301671 0.868911 0.493825 -0.0336221
-0.136156 0.238276 0.060159 0.868911 0.493825 -0.0336223
-0.235613 -0.000675737 0.474772 -0.415272 0.764284 0.493376
-0.186832 -0.136704 0.213229 -0.868911 -0.493825 0.0336221
-0.0440869 0.0136501 -0.226006 -0.868911 -0.493825 0.0336221
-0.0292038 0.0419512 -0.0593608 0.868911 0.493825 -0.0336221
-0.0708026 -0.273924 0.386833 0.269338 -0.414738 0.869166
0.111392 0.107874 -0.491652 0.415272 -0.764284 -0.493376
0.164226 -0.394917 0.0644979 0.415272 -0.764283 -0.493376
-0.0935289 -0.271543 0.395012 0.269338 -0.414738 0.869166
0.242928 0.00305262 0.461585 0.868911 0.493825 -0.0336221
-0.16431 0.229156 -0.167735 -0.868911 -0.493825 0.033622
0.0506501 -0.153328 -0.230171 -0.868911 -0.493825 0.0336221
-0.138528 -0.209128 0.397822 -0.868911 -0.493825 0.0336221
0.175785 0.195166 0.359948 0.868912 0.493824 -0.0336225
0.212139 -0.159813 0.272409 -0.269338 0.414738 -0.869166
-0.0153246 0.062872 -0.528597 0.415272 -0.764284 -0.493376
-0.0685402 -0.348291 0.162599 -0.868911 -0.493825 0.0336221
0.0984982 -0.184967 -0.0919688 0.868911 0.493825 -0.0336221
-0.0646555 0.08822 -0.29598 0.868911 0.493825 -0.0336221
0.139561 -0.129947 0.309151 -0.269338 0.414738 -0.869166
-0.105258 0.217394 -0.438913 -0.269339 0.414738 -0.869166
-0.0218608 0.0472672 0.208489 0.868911 0.493825 -0.0336221
-0.299121 0.0480338 0.0246233 -0.868911 -0.493825 0.0336221
-0.11009 0.201847 0.198725 0.868911 0.493825 -0.0336222
-0.100152 0.413849 -0.320536 -0.415272 0.764283 0.493376
-0.0268415 -0.284776 0.368032 0.269338 -0.414738 0.869166
-0.00558522 -0.457168 0.190445 -0.868911 -0.493825 0.0336221
-0.00614488 -0.357415 0.326958 0.269338 -0.414738 0.869166
0.00428096 0.00946257 0.328824 0.868911 0.493825 -0.0336221
0.124703 -0.467031 0.142943 0.415272 -0.764283 -0.493376
0.0601016 -0.108518 0.0385834 0.868911 0.493825 -0.0336221
-0.191901 0.189851 0.216421 -0.415272 0.764284 0.493376
0.152958 -0.272313 0.0325706 0.868911 0.493825 -0.0336221
0.167678 -0.113057 0.469357 0.269339 -0.414738 0.869166
-0.0780655 0.398147 -0.36109 -0.269339 0.414738 -0.869166
0.222801 0.0167773 0.514228 0.269338 -0.414738 0.869166
0.0695567 0.115021 0.495182 0.0502245 -0.0203878 0.99853
-0.120388 -0.248623 0.286569 -0.868911 -0.493825 0.0336221
0.17478 -0.466151 0.219007 0.269339 -0.414738 0.869166
-0.262301 0.00360834 0.323674 -0.868911 -0.493825 0.0336221
-0.245525 -0.038227 0.142774 -0.868911 -0.493825 0.0336221
-0.237225 0.166625 0.214252 -0.415272 0.764284 0.493376
-0.172822 0.375491 -0.342537 -0.269339 0.414738 -0.869166
0.0575565 -0.0928729 0.202593 0.868911 0.493825 -0.0336221
0.126382 0.113816 -0.488241 0.415272 -0.764284 -0.493376
-0.106856 0.133579 -0.0867233 -0.868911 -0.493825 0.0336221
0.216411 0.0518232 0.492629 0.868911 0.493825 -0.0336221
0.1339 -0.158351 0.297352 -0.269338 0.414738 -0.869166
-0.238175 0.208605 0.148421 -0.415272 0.764284 0.493376
0.0524574 -0.114666 -0.249269 0.868911 0.493825 -0.0336221
0.221226 -0.265841 0.37986 0.269338 -0.414738 0.869166
-0.0634052 0.133718 0.404588 0.868911 0.493825 -0.0336223
-0.0105156 0.0231342 0.147232 0.868911 0.493825 -0.0336221
-0.310884 0.198267 0.103237 -0.415272 0.764284 0.493376
0.358229 -0.215263 0.234863 0.868911 0.493825 -0.0336221
0.0243777 -0.119021 -0.405249 -0.868911 -0.493825 0.0336221
-0.21934 0.14215 0.267219 -0.415272 0.764284 0.493376
-0.0164036 -0.0492819 -0.520705 -0.215607 0.316474 -0.923774
0.0812924 -0.432078 0.264236 0.269339 -0.414738 0.869166
-0.1028 -0.113712 0.473197 0.269338 -0.414738 0.869166
0.0859083 -0.217202 -0.257121 -0.868911 -0.493825 0.0336221
-0.0724909 0.251916 -0.432595 -0.269339 0.414738 -0.869166
0.0502045 -0.460086 0.260505 0.269339 -0.414738 0.869166
-0.0862421 0.128425 -0.263348 0.868911 0.493825 -0.0336221
0.088525 0.0864831 0.372189 0.235887 -0.472858 -0.848977
-0.170176 0.0716343 0.417835 -0.415272 0.764284 0.493376
-0.0668398 0.138473 0.385656 0.868912 0.493823 -0.0336233
-0.055689 -0.296196 -0.241276 -0.269338 0.414738 -0.869166
-0.033206 0.0399217 -0.508095 0.415272 -0.764283 -0.493376
-0.00671139 -0.0277324 -0.501558 0.868911 0.493825 -0.033622
-0.0811262 -0.217364 0.417021 0.269338 -0.414738 0.869166
0.302321 -0.298806 0.299034 0.415272 -0.764284 -0.493376
0.25 -0.448152 0.28395 0.269339 -0.414737 0.869166
-0.197861 -0.032355 0.541475 0.269338 -0.414738 0.869166
-0.0816529 -0.325772 0.154475 -0.868911 -0.493825 0.0336221
0.166717 -0.369079 0.0265692 0.415272 -0.764283 -0.493376
-0.207107 0.309096 -0.099641 -0.868911 -0.493825 0.033622
-0.23217 0.354171 -0.33432 -0.269339 0.414738 -0.869166
-0.117381 0.112837 0.398445 -0.415272 0.764284 0.493376
0.0603065 -0.103028 0.124502 0.868911 0.493825 -0.0336221
0.271694 -0.167396 0.250335 -0.269338 0.414738 -0.869166
-0.0236665 0.0342627 -0.390722 0.269339 -0.414738 0.869166
-0.00270445 0.0336322 0.503289 0.868911 0.493825 -0.0336224
-0.0672162 0.0583965 -0.166533 -0.868911 -0.493825 0.0336221
0.223269 -0.420651 0.304582 -0.868911 -0.493825 0.0336211
-0.058055 0.110815 0.206461 0.868911 0.493825 -0.0336221
-0.062789 0.0113517 0.520474 0.269338 -0.414738 0.869166
0.141205 0.101296 -0.456369 0.415272 -0.764284 -0.493376
-0.129017 0.151952 -0.389584 -0.868911 -0.493825 0.033622
-0.182489 0.019114 -0.0515272 -0.269338 0.414738 -0.869166
-0.0122848 -0.00738487 -0.346739 0.868911 0.493825 -0.0336221
0.0743225 -0.137757 -0.0233527 0.868911 0.493825 -0.0336221
0.312507 -0.133069 0.260464 0.868911 0.493825 -0.0336221
-0.187143 0.277171 -0.0526135 -0.868911 -0.493825 0.033622
-0.146997 0.239161 -0.207014 0.868911 0.493825 -0.0336221
-0.171959 -0.173922 0.0509507 -0.868911 -0.493825 0.0336221
-0.0783594 0.120518 -0.175758 0.868911 0.493825 -0.0336221
-0.148569 0.190427 -0.329759 -0.868911 -0.493825 0.033622
0.0443982 -0.0960948 -0.184785 0.868911 0.493825 -0.0336221
-0.15182 -0.224206 -0.167126 -0.868911 -0.493825 0.0336221
0.150213 0.214773 0.375979 -0.354993 0.57441 -0.737586
-0.123468 -0.267764 -0.0741865 -0.868911 -0.493825 0.0336221
-0.240608 0.364748 -0.148019 -0.868911 -0.493825 0.0336222
0.138925 -0.391084 0.0372637 0.415272 -0.764283 -0.493376
0.0301731 -0.0856072 -0.398375 0.868911 0.493825 -0.0336221
0.107807 -0.339708 -0.0685134 0.415272 -0.764283 -0.493376
0.024147 -0.0477274 0.545007 0.269338 -0.414738 0.869166
-0.0342572 -0.306663 -0.239277 0.415272 -0.764283 -0.493376
0.106438 0.198295 0.385582 -0.4163 0.692377 -0.589328
-0.0440131 0.0211382 -0.114117 -0.868911 -0.493825 0.0336221
-0.0324653 -0.379407 0.32462 0.269338 -0.414738 0.869166
-0.268933 0.0109885 0.260679 -0.868911 -0.493825 0.0336221
-0.107943 0.183233 -0.0191758 0.868911 0.493825 -0.0336221
0.0600516 -0.317783 -0.142672 0.415272 -0.764283 -0.493376
0.136978 0.129394 -0.420883 0.868911 0.493825 -0.0336221
0.15058 -0.26809 0.0331492 0.868911 0.493825 -0.0336221
-0.0877382 0.27747 -0.415676 -0.269339 0.414738 -0.869166
0.0994099 -0.168772 0.169458 0.868911 0.493825 -0.0336221
-0.141847 0.226977 -0.252872 0.868911 0.493825 -0.0336221
-0.106587 -0.289951 -0.222523 -0.269338 0.414738 -0.869166
0.0951941 -0.199614 -0.296147 0.415272 -0.764284 -0.493376
-0.0581041 0.0968872 0.000631334 0.868911 0.493825 -0.0336221
-0.168723 0.250109 0.0259522 -0.868911 -0.493825 0.0336221
0.105685 -0.204545 -0.193793 0.868911 0.493825 -0.0336226
-0.155763 0.38136 -0.317014 -0.415272 0.764283 0.493376
0.153919 0.238126 0.425837 0.868911 0.493825 -0.0336221
-0.166425 0.013518 -0.0591752 -0.269338 0.414738 -0.869166
0.0744499 0.244057 -0.352708 0.868911 0.493825 -0.033622
-0.219673 -0.0619077 0.463081 -0.868911 -0.493825 0.0336221
-0.135925 0.29269 -0.232622 0.269339 -0.414738 0.869166
0.210556 -0.146987 0.43988 0.269339 -0.414738 0.869166
0.0894946 0.209502 -0.47142 0.868911 0.493825 -0.0336221
0.144279 -0.50026 0.212183 0.269339 -0.414738 0.869166
0.290759 -0.229154 0.214959 -0.269338 0.414738 -0.869166
0.00217392 -0.470758 0.191363 -0.868911 -0.493825 0.0336221
-0.190567 0.329801 -0.00173334 0.868911 0.493825 -0.0336221
0.146373 -0.0079404 0.526117 0.269339 -0.414738 0.869166
-0.0402922 -0.00600201 -0.416577 -0.868911 -0.493825 0.0336221
-0.230318 -0.0525091 0.326007 -0.868911 -0.493825 0.0336221
0.307287 -0.196246 0.386399 0.269338 -0.414738 0.869166
-0.239026 0.358881 -0.193311 -0.868911 -0.493825 0.033622
0.14148 -0.462885 0.15064 0.415272 -0.764283 -0.493376
-0.151874 0.269299 -0.238841 0.269339 -0.414738 0.869166
-0.194382 0.312722 0.0239957 -0.415272 0.764283 0.493376
-0.0553238 0.0300763 -0.0857024 -0.269338 0.414738 -0.869166
0.0774641 0.059295 0.389924 0.386392 -0.719194 -0.577461
0.0764532 -0.316107 0.321073 0.269339 -0.414738 0.869166
0.125948 0.147923 -0.433798 0.868911 0.493825 -0.0336221
-0.04798 -0.191332 -0.193627 -0.269338 0.414738 -0.869166
-0.32046 0.107332 0.0333224 -0.269338 0.414738 -0.869166
-0.282773 0.0238541 0.0919873 -0.868911 -0.493825 0.0336221
-0.166885 0.145687 0.305892 -0.415272 0.764284 0.493376
0.130777 -0.376622 0.00800341 0.415272 -0.764283 -0.493376
-0.111114 0.172573 0.311184 -0.415272 0.764284 0.493376
-0.171283 -0.165291 0.195188 -0.868911 -0.493825 0.0336221
0.316949 -0.175482 0.232454 -0.269338 0.414738 -0.869166
-0.0642253 -0.37497 -0.117732 -0.868911 -0.493825 0.0336221
-0.158528 0.0643091 0.438987 -0.415272 0.764284 0.493376
0.039952 -0.135957 -0.251512 -0.868911 -0.493825 0.0336221
-0.163427 0.282554 -0.389796 -0.269339 0.414738 -0.869166
-0.0175629 0.0478165 0.327628 0.868911 0.493825 -0.0336221
-0.0324664 -0.00833667 -0.248622 -0.868911 -0.493825 0.0336221
0.00424046 -0.091989 -0.539424 0.415272 -0.764284 -0.493376
-0.167955 0.128525 -0.00382339 -0.269338 0.414738 -0.869166
-0.118447 0.206807 0.0556059 0.868905 0.493837 -0.0336132
-0.0672167 0.0273866 0.529498 0.269338 -0.414738 0.869166
0.229387 -0.0706679 0.470461 0.269338 -0.414738 0.869166
0.0183536 0.342494 -0.356638 0.868911 0.493825 -0.033622
0.0270885 -0.0885378 -0.521135 0.868911 0.493825 -0.0336221
-0.249404 0.37395 -0.24019 -0.868911 -0.493825 0.033622
-0.298012 0.050624 0.0913469 -0.868911 -0.493825 0.0336221
-0.0333597 -0.171076 -0.188492 -0.269338 0.414738 -0.869166
0.0279711 -0.0559362 -0.0194866 0.868911 0.493825 -0.0336221
-0.0815803 0.39306 -0.2727 -0.415272 0.764283 0.493376
-0.337202 0.183792 0.103509 -0.415272 0.764284 0.493376
-0.0182958 -0.164759 -0.190145 -0.269338 0.414738 -0.869166
-0.0591545 0.411415 -0.360619 -0.269339 0.414738 -0.869166
0.0175926 -0.350076 -0.128385 0.415272 -0.764283 -0.493376
0.19837 0.119734 0.451633 0.461099 -0.782888 0.417702
-0.130564 0.165744 -0.226996 -0.868911 -0.493825 0.033622
-0.184815 -0.139358 0.226375 -0.868911 -0.493825 0.0336221
0.107428 -0.191347 0.0451037 0.868911 0.493825 -0.0336221
-0.0862358 0.0806729 -0.330881 -0.868911 -0.493825 0.0336221
0.279275 -0.289785 0.350446 0.269338 -0.414738 0.869166
0.00746789 0.0209348 0.579684 0.868911 0.493825 -0.0336222
0.0166638 -0.0119738 0.333991 0.868911 0.493825 -0.0336221
0.0416909 -0.0422263 0.536445 0.868911 0.493825 -0.0336206
-0.0198998 0.0516979 0.575205 -0.415272 0.764284 0.493376
0.223006 -0.382396 0.226004 0.868911 0.493825 -0.0336221
0.0504684 0.0918382 0.364017 0.072839 -0.194761 -0.978142
0.0391792 0.179483 -0.340902 0.269339 -0.414738 0.869166
-0.186194 -0.142414 0.145837 -0.868911 -0.493825 0.0336221
-0.0951843 0.14151 -0.302246 0.868911 0.493825 -0.0336221
0.0224913 -0.0391266 0.0857874 0.868911 0.493825 -0.0336221
-0.095594 0.178855 0.235661 0.868911 0.493825 -0.0336222
-0.071622 0.137939 0.254234 0.868911 0.493825 -0.0336221
-0.272615 0.0528069 -0.00752159 -0.269338 0.414738 -0.869166
-0.167738 -0.15931 0.374645 -0.868911 -0.493825 0.0336221
0.161369 -0.01955 0.51593 0.269339 -0.414738 0.869166
-0.110726 0.138894 -0.108661 -0.868911 -0.493825 0.0336221
-0.279759 0.0841514 0.30621 -0.415272 0.764284 0.493376
0.0596177 -0.104414 0.0863577 0.868911 0.493825 -0.0336221
-0.000659455 -0.431481 0.289916 0.269338 -0.414738 0.869166
-0.193896 0.332802 -0.0436903 0.868911 0.493825 -0.0336221
-0.250353 -0.017579 0.321262 -0.868911 -0.493825 0.0336221
-0.0807568 0.395919 -0.276435 -0.415272 0.764283 0.493376
0.0698796 -0.141672 -0.195674 0.868911 0.493825 -0.0336221
-0.0754279 0.0661144 -0.265393 -0.868911 -0.493825 0.0336221
0.0452673 -0.0040694 0.398435 -0.269338 0.414738 -0.869166
-0.0115158 0.119938 -0.353606 0.269339 -0.414738 0.869166
-0.036915 0.0540142 0.552191 -0.868911 -0.493825 0.0336221
0.089198 0.137093 -0.376629 0.269339 -0.414738 0.869166
-0.0667545 -0.347635 0.218392 -0.868911 -0.493825 0.0336221
0.0828887 -0.152937 -0.0249253 0.868911 0.493825 -0.0336221
-0.167433 0.239843 -0.091473 -0.868911 -0.493825 0.033622
-0.0679559 0.305542 -0.247551 0.269339 -0.414738 0.869166
0.017751 -0.106675 -0.395183 -0.868911 -0.493825 0.0336221
-0.0319407 -0.407731 0.235428 -0.868911 -0.493825 0.0336221
-0.102102 0.194393 -0.450867 -0.269339 0.414738 -0.869166
-0.182713 -0.139134 0.283994 -0.868911 -0.493825 0.0336221
-0.095296 -0.298842 0.19743 -0.868911 -0.493825 0.0336221
0.0562719 -0.106788 -0.0349923 0.868911 0.493825 -0.0336221
-0.0105715 0.0487344 0.52179 0.868911 0.493825 -0.033622
-0.134975 0.239062 0.102228 0.868911 0.493825 -0.0336226
-0.112266 -0.268189 0.209088 -0.868911 -0.493825 0.0336221
-0.191403 0.309364 0.0317048 -0.415272 0.764283 0.493376
-0.301177 0.0502589 0.00417688 -0.868911 -0.493825 0.0336221
0.387564 -0.261092 0.319843 0.868911 0.493825 -0.0336221
-0.03096 -0.331807 -0.197553 0.415272 -0.764283 -0.493376
0.217064 -0.365971 0.313671 0.868911 0.493825 -0.0336221
0.175301 0.202921 0.461333 0.868911 0.493825 -0.0336219
-0.0521478 0.0254168 -0.0889099 -0.269338 0.414738 -0.869166
-0.00770939 0.000158712 -0.117699 0.868911 0.493825 -0.0336221
-0.106111 0.196883 0.277738 -0.415272 0.764283 0.493376
-0.0253881 0.0497638 0.153998 0.868911 0.493825 -0.0336221
-0.182206 0.0345193 -0.0442639 -0.269338 0.414738 -0.869166
-0.0384124 0.0405267 -0.318264 0.868911 0.493825 -0.0336221
-0.0298127 -0.0177761 -0.318685 -0.868911 -0.493825 0.0336221
-0.190324 -0.143611 0.0215309 -0.868911 -0.493825 0.0336221
0.117133 -0.193986 0.257155 0.868911 0.493825 -0.0336221
-0.236256 -0.015953 -0.0515985 -0.269338 0.414738 -0.869166
-0.0148317 -0.0538799 -0.461798 -0.868911 -0.493825 0.0336221
0.0385019 0.0762402 -0.389956 0.269339 -0.414738 0.869166
-0.0902915 -0.323393 -0.0338407 -0.868911 -0.493825 0.0336221
0.0518319 0.178268 0.451236 -0.450776 0.817559 0.358326
-0.03996 -0.12638 -0.165119 -0.269338 0.414738 -0.869166
-0.0167916 -0.247187 0.382854 0.269338 -0.414738 0.869166
-0.0628418 0.0968585 -0.122229 0.868911 0.493825 -0.0336221
-0.216491 0.32833 -0.0596491 -0.868911 -0.493826 0.033622
0.0523933 -0.493359 0.122863 0.415272 -0.764283 -0.493376
-0.0441622 0.338087 -0.400255 -0.269339 0.414738 -0.869166
-0.0636992 -0.138923 0.44905 0.269338 -0.414738 0.869166
-0.152905 0.251371 -0.18036 0.868911 0.493825 -0.0336221
-0.0808383 -0.344762 -0.103389 -0.868911 -0.493825 0.0336221
0.00919641 -0.0908996 -0.384557 -0.868911 -0.493825 0.0336221
-0.173481 -0.154428 0.297927 -0.868911 -0.493825 0.0336221
0.295499 -0.102059 0.276379 0.868911 0.493825 -0.0336221
-0.204579 0.296677 -0.216717 -0.868911 -0.493825 0.033622
0.169886 -0.292683 0.170851 0.868911 0.493825 -0.0336221
0.206427 -0.309192 0.234411 0.415272 -0.764284 -0.493376
0.029523 -0.0210158 0.395228 -0.269338 0.414738 -0.869166
0.0187088 -0.102494 -0.30901 -0.868911 -0.493825 0.0336221
-0.220846 -0.0490829 0.540616 0.269338 -0.414738 0.869166
0.200908 0.0446791 0.504742 -0.415272 0.764284 0.493376
-0.243862 0.364262 -0.23926 -0.868911 -0.493825 0.033622
-0.0761376 0.106421 -0.325386 0.868911 0.493825 -0.0336221
-0.0407612 -0.00416609 -0.401735 -0.868911 -0.493825 0.0336221
-0.201979 0.328127 -0.0062627 -0.415272 0.764283 0.493376
-0.0477167 0.0179826 0.518968 0.269338 -0.414738 0.869166
-0.0917726 -0.0277371 -0.101994 -0.269338 0.414738 -0.869166
0.105363 -0.521378 0.214166 0.269339 -0.414738 0.869166
-0.263497 0.205621 0.131731 -0.415272 0.764284 0.493376
-0.134566 0.125974 0.363631 -0.415272 0.764284 0.493376
0.08588 0.214978 -0.484411 0.868911 0.493825 -0.0336221
-0.0270867 -0.425853 0.0947135 -0.868911 -0.493825 0.0336221
-0.12011 0.214064 -0.4359 -0.269339 0.414738 -0.869166
0.319705 -0.136195 0.400561 0.868911 0.493825 -0.0336221
0.203453 -0.35173 0.171097 0.868911 0.493825 -0.0336221
0.0923792 -0.149254 0.274427 0.868911 0.493825 -0.0336221
-0.121038 0.209525 0.0285747 0.868911 0.493825 -0.0336221
-0.0690659 0.0579566 -0.220795 -0.868911 -0.493825 0.0336221
-0.299973 0.209419 0.0756862 -0.269338 0.414738 -0.869166
-0.0224416 0.0293733 0.564319 -0.868911 -0.493826 0.0336221
0.0626826 -0.182264 -0.344212 -0.868911 -0.493825 0.0336221
-0.0427208 0.0129115 -0.20155 -0.868911 -0.493825 0.0336221
-0.297486 0.122804 0.0335856 -0.269338 0.414738 -0.869166
-0.0179757 0.143134 0.425361 -0.494837 0.86511 -0.0819756
0.154551 -0.386338 0.26336 0.269339 -0.414738 0.869166
0.0268812 -0.0464718 0.0913541 0.868911 0.493825 -0.0336221
0.0983258 -0.193905 0.405963 -0.868911 -0.493825 0.0336216
-0.0105787 0.11196 -0.357703 0.269339 -0.414738 0.869166
-0.186888 0.311368 -0.177397 0.868911 0.493825 -0.0336221
-0.25612 0.0719522 0.345004 -0.415272 0.764284 0.493376
0.0783477 -0.159086 -0.232601 0.868911 0.493825 -0.0336221
-0.0804421 0.0015632 -0.0915242 -0.269338 0.414738 -0.869166
-0.110586 -0.298938 -0.199139 -0.868911 -0.493825 0.0336221
-0.109458 0.182245 -0.0728551 0.868911 0.493825 -0.0336221
0.0893142 -0.177807 -0.224157 0.868911 0.493825 -0.0336221
-0.0299192 0.389717 -0.224038 -0.415272 0.764283 0.493376
0.0441309 -0.50044 0.243131 0.269339 -0.414738 0.869166
0.102293 -0.166071 0.283636 0.868911 0.493825 -0.0336221
-0.00997919 -0.453227 0.134779 -0.868911 -0.493825 0.0336221
0.0767466 0.235088 -0.425088 0.868911 0.493825 -0.0336221
0.0457618 -0.0751519 0.525223 0.269338 -0.414738 0.869166
0.204105 -0.301665 0.220796 0.415272 -0.764283 -0.493376
-0.161892 0.282569 0.04559 0.868911 0.493824 -0.0336227
0.290326 -0.324061 0.328062 0.415272 -0.764284 -0.493376
-0.103245 -0.2787 0.287829 -0.868911 -0.493825 0.0336221
-0.00950667 -0.460271 0.0435225 -0.868911 -0.493825 0.0336221
0.235146 -0.230949 0.392195 0.269338 -0.414738 0.869166
0.359863 -0.241497 0.348515 0.269338 -0.414738 0.869166
0.0469281 -0.14933 -0.267641 -0.868911 -0.493825 0.0336221
0.138863 0.0729239 0.40617 -0.269338 0.414738 -0.869166
-0.215992 -0.102765 -0.0418706 -0.868911 -0.493825 0.0336221
-0.322992 0.0910308 0.0392501 -0.868911 -0.493825 0.0336221
0.144499 0.0404905 0.463752 -0.415272 0.764284 0.493376
0.0458768 -0.107125 -0.30858 0.868911 0.493825 -0.0336221
-0.267946 -0.00383353 0.0685091 -0.868911 -0.493825 0.0336221
-0.00703059 -0.303451 0.352982 0.269338 -0.414738 0.869166
-0.113155 0.197662 -0.445882 -0.269339 0.414738 -0.869166
-0.0197737 -0.0166147 -0.553012 0.451554 -0.763046 0.462449
0.17877 0.107083 0.449221 0.469494 -0.800777 0.37193
0.143419 0.112251 0.373431 0.278042 -0.543169 -0.79225
-0.166567 0.286958 -0.0107632 0.868911 0.493825 -0.0336222
-0.0131075 0.00772387 -0.14609 0.868911 0.493825 -0.0336221
-0.14224 -0.0195625 0.530343 0.269338 -0.414738 0.869166
-0.121769 0.193484 -0.225921 0.868911 0.493825 -0.0336221
-0.0607356 -0.0796529 -0.136385 -0.269338 0.414738 -0.869166
0.0693651 -0.304638 -0.155197 0.415272 -0.764283 -0.493376
-0.00410581 -0.0100665 -0.174753 0.868911 0.493825 -0.0336221
0.103677 -0.169234 0.272948 0.868911 0.493825 -0.0336221
0.120763 0.156476 -0.442162 0.868911 0.493825 -0.0336221
-0.0877445 -0.272008 -0.2198 -0.269338 0.414738 -0.869166
-0.0795088 -0.351465 -0.167483 -0.868911 -0.493825 0.0336221
0.125093 -0.00190505 0.374731 -0.269338 0.414738 -0.869166
-0.196158 0.167344 0.0234391 -0.269338 0.414738 -0.869166
-0.174185 0.25287 -0.0746399 -0.868911 -0.493825 0.033622
0.000354372 -0.280397 0.361694 0.269338 -0.414738 0.869166
-0.137018 -0.245983 -0.104443 -0.868911 -0.493825 0.0336221
-0.159206 -0.173232 0.39067 -0.868911 -0.493825 0.0336221
-0.220553 -0.0889289 0.0434513 -0.868911 -0.493825 0.0336221
-0.308809 0.0825409 0.281073 -0.868911 -0.493825 0.0336221
0.138161 -0.230915 0.258201 0.868911 0.493825 -0.0336221
-0.28046 0.0293695 0.232766 -0.868911 -0.493825 0.0336221
-0.224634 0.323917 -0.334921 -0.868911 -0.493825 0.0336223
0.316794 -0.253609 0.241203 0.415272 -0.764283 -0.493376
-0.110488 0.179405 -0.141158 0.868911 0.493825 -0.0336221
0.00744981 -0.200555 -0.215204 -0.269338 0.414738 -0.869166
-0.0751789 0.438435 -0.342761 -0.269339 0.414738 -0.869166
-0.0521347 -0.21339 0.409933 0.269338 -0.414738 0.869166
-0.299036 0.062508 0.239413 -0.868911 -0.493825 0.0336221
