ply
format ascii 1.0
comment Created by Open3D
element vertex 128
property double x
property double y
property double z
property double nx
property double ny
property double nz
end_header
-0.211837 -0.107092 -0.159445 0.674584 -0.619138 -0.402
0.317312 0.280757 -0.00509599 -0.735033 -0.512987 -0.443363
0.318682 0.0385309 0.288861 0.674584 -0.619138 -0.402
-0.250194 -0.422294 0.057587 0.735033 0.512987 0.443363
0.0733703 0.271053 -0.182585 0.439403 0.137571 -0.887693
0.175268 0.0848055 0.350067 -0.674584 0.619138 0.402
0.0922688 -0.00305517 0.346106 -0.674584 0.619138 0.402
0.280278 0.364055 -0.267627 0.0682826 0.594569 -0.80114
0.2412 0.474245 -0.139089 -0.674586 0.619131 0.402008
-0.0264966 0.0156378 0.11802 -0.674584 0.619138 0.402
0.379789 0.0597838 0.428936 0.735033 0.512987 0.443363
0.118103 -0.023705 0.08609 -0.0682826 -0.594569 0.80114
0.245192 0.37912 -0.0480722 0.674584 -0.619138 -0.402
-0.42514 -0.311179 -0.0628768 -0.735032 -0.512987 -0.443364
0.164294 0.257282 -0.286541 -0.0682828 -0.594569 0.80114
-0.344672 -0.143047 -0.171503 -0.674584 0.619138 0.402
-0.120895 -0.343225 0.226458 0.0682825 0.594569 -0.80114
-0.242478 -0.254467 0.109399 0.674586 -0.619139 -0.401996
0.0405254 -0.110043 0.424053 -0.674584 0.619138 0.402
-0.135912 -0.0408908 0.0214747 -0.674584 0.619138 0.402
-0.038359 -0.0821548 -0.123286 -0.735033 -0.512987 -0.443363
0.203041 0.0099619 0.449752 0.674584 -0.619138 -0.401999
-0.258656 -0.240372 -0.138875 0.735033 0.512987 0.443363
-0.167807 -0.278661 0.334154 -0.674584 0.619139 0.401999
-0.239043 -0.149232 -0.357859 0.674584 -0.619138 -0.402
0.133229 0.113128 0.235901 -0.674584 0.619138 0.402
0.102737 -0.179234 0.261879 0.674584 -0.619138 -0.402
-0.0731234 0.156748 -0.177554 -0.674584 0.619138 0.402
-0.149788 0.0215162 -0.0979254 -0.674586 0.619135 0.402002
-0.044629 0.0727653 -0.000392488 -0.674584 0.619138 0.402
0.324456 0.545662 -0.10937 -0.674595 0.619135 0.401986
0.388162 0.440877 -0.201417 0.0683088 0.594541 -0.801159
-0.392815 -0.262824 -0.172415 -0.735038 -0.512982 -0.443362
-0.140319 -0.140437 0.100249 0.178408 -0.797344 -0.576553
0.294381 0.401893 0.0615869 -0.674584 0.619138 0.402
-0.0029361 0.149188 -0.421266 0.674584 -0.619138 -0.402
0.130516 0.406444 -0.2204 -0.674584 0.619138 0.402
-0.294057 -0.0537998 -0.577991 -0.735033 -0.512987 -0.443363
-0.101049 0.212472 -0.310239 -0.674584 0.619138 0.402
0.206132 -0.0197383 0.562871 -0.674584 0.619138 0.402
-0.157952 -0.203272 0.23458 -0.674584 0.619138 0.402
-0.0601301 0.179336 -0.190538 -0.674584 0.619138 0.402
-0.127044 -0.353676 0.218177 0.0682825 0.594569 -0.80114
0.0303697 0.210197 -0.0862037 -0.674584 0.619138 0.402
0.40547 0.244533 0.117225 0.674584 -0.619138 -0.402
0.110131 0.382151 -0.217194 -0.674584 0.619138 0.402
-0.202236 -0.166158 -0.0221741 -0.29883 -0.72699 0.618212
-0.0210336 0.0692344 -0.266305 0.674584 -0.619138 -0.402
0.0769732 -0.261662 0.345597 0.674584 -0.619138 -0.402
-0.0488077 -0.16464 0.358234 -0.674584 0.619138 0.402
-0.210378 0.175973 -0.449031 0.0682823 0.594569 -0.80114
0.421611 0.245526 0.142781 0.674584 -0.619138 -0.402
0.146681 0.110183 -0.110123 0.674584 -0.619138 -0.402
-0.311234 -0.279975 -0.276367 -0.479059 -0.781492 0.399717
0.171501 0.254792 -0.287775 -0.0682828 -0.594569 0.80114
-0.0413729 -0.13031 -0.0552974 0.674584 -0.619138 -0.402
-0.125436 -0.0292082 0.0210614 -0.674584 0.619138 0.402
0.0651213 0.247311 -0.372606 0.0682688 0.59458 -0.801133
-0.217053 -0.181226 -0.0272613 0.519172 0.0107824 0.854602
0.30218 0.033237 0.588316 0.735033 0.512987 0.443363
0.0965363 0.142559 -0.209729 -0.0682828 -0.594569 0.80114
-0.22336 0.169652 -0.449535 -0.674584 0.619138 0.402
-0.0766962 0.209082 -0.32634 0.674584 -0.619138 -0.402
0.00761686 -0.230836 0.181736 0.674584 -0.619138 -0.401999
0.0133329 0.319755 -0.283529 -0.674584 0.619138 0.402
0.322083 0.316733 0.227304 0.735033 0.512987 0.443363
0.266125 -0.105993 0.431383 -0.165731 0.403645 -0.89978
0.0262622 0.0326538 -0.171683 -0.0682825 -0.594569 0.80114
0.407105 0.163776 0.263326 0.735033 0.512987 0.443363
-0.104129 0.110639 -0.488464 0.0682783 0.594572 -0.801138
-0.240302 -0.0681737 -0.11168 -0.674584 0.619138 0.402
-0.0507725 -0.0872042 0.235675 -0.674584 0.619138 0.402
0.425636 0.432278 -0.0780611 0.735033 0.512987 0.443363
-0.286701 -0.319535 -0.000785169 0.735033 0.512987 0.443363
0.221337 0.389505 -0.0419071 -0.674584 0.619138 0.402
0.330302 0.484685 -0.00564836 -0.674584 0.619139 0.402
0.316742 0.228937 0.337742 0.735033 0.512987 0.443363
-0.225177 0.0949968 -0.337605 -0.674584 0.619138 0.402
0.108174 0.140471 0.089556 0.674584 -0.619138 -0.402
0.0712985 0.0376519 -0.0431395 -0.2409 0.789079 0.565086
-0.292369 -0.468043 0.189421 -0.0682826 -0.594569 0.80114
0.43733 0.422517 -0.0861546 0.735033 0.512987 0.443363
-0.186114 0.0298009 -0.544777 0.674584 -0.619138 -0.402
0.149798 -0.093091 0.505379 -0.0682825 -0.594569 0.80114
-0.44395 -0.467254 0.161227 -0.674584 0.619138 0.402
-0.254326 -0.238887 -0.149128 0.719357 0.673593 0.169702
-0.189 -0.0125768 -0.243881 0.0682824 0.594569 -0.80114
0.199445 0.213967 0.191709 -0.674584 0.619138 0.402
-0.361789 -0.0714775 -0.445246 -0.735033 -0.512987 -0.443363
-0.341411 -0.143447 -0.165416 -0.674584 0.619138 0.402
-0.297414 -0.27184 -0.266975 0.674584 -0.619138 -0.402
-0.122818 0.0145003 -0.105035 0.669802 -0.447795 -0.592322
-0.194707 0.0173996 -0.231627 0.645923 -0.330936 -0.687942
0.306262 0.160603 0.152245 -0.735033 -0.512987 -0.443363
0.313781 0.0366265 0.28357 0.674584 -0.619138 -0.402
0.210672 0.268643 0.0641509 0.674584 -0.619138 -0.402
-0.309857 -0.0488919 -0.258094 -0.674584 0.619138 0.402
-0.230952 -0.0687543 -0.468229 0.674585 -0.619138 -0.402
0.0907295 -0.00658529 0.34896 -0.674584 0.619138 0.402
-0.0101866 -0.313191 0.278699 0.674584 -0.619138 -0.402
-0.242892 -0.219997 0.117805 -0.674584 0.619138 0.402
-0.353735 -0.354732 0.139313 -0.674584 0.619138 0.402
-0.334532 0.0771064 -0.493557 -0.674584 0.619138 0.402
0.212984 0.266344 0.0715723 0.674584 -0.619138 -0.402
0.056462 0.0379651 0.222843 -0.674584 0.619138 0.402
0.276007 0.33149 -0.23395 0.674584 -0.619138 -0.402
-0.33497 -0.22249 -0.0328702 -0.674584 0.619138 0.402
-0.352099 -0.548921 0.0911069 -0.735033 -0.512987 -0.443363
-0.0306294 -0.222366 0.196319 -0.983439 -0.0950134 -0.154335
-0.342129 -0.360205 -0.143773 -0.735033 -0.512987 -0.443363
-0.249371 -0.372142 0.264258 -0.0682905 -0.594554 0.801151
-0.419695 -0.364552 0.0437518 -0.674584 0.619138 0.402
0.332085 -0.0876943 0.524921 -0.0682824 -0.594569 0.80114
-0.387395 0.0439197 -0.531152 -0.674584 0.619138 0.402
-0.361473 -0.549509 0.120756 -0.450924 -0.77677 0.439655
0.167703 -0.155941 0.390049 0.0682826 0.594569 -0.80114
-0.352057 -0.447351 -0.0264826 -0.735033 -0.512987 -0.443363
-0.0365261 -0.205145 0.068093 0.674584 -0.619138 -0.402
0.244773 0.140674 0.277244 -0.735033 -0.512987 -0.443363
0.0832107 0.161208 0.0779171 -0.674584 0.619138 0.402
0.263067 0.11694 0.447908 -0.674584 0.619138 0.402
-0.393787 -0.0613761 -0.403887 -0.735033 -0.512987 -0.443363
-0.308909 0.0205792 -0.3635 -0.674584 0.619138 0.402
0.409815 0.350202 0.0431332 0.735033 0.512987 0.443363
0.0627188 -0.109818 0.169772 -0.958888 0.260817 0.111839
-0.0488281 0.109817 -0.0645035 -0.674584 0.619138 0.402
0.0215303 -0.0705083 0.0431237 -0.0682826 -0.594569 0.80114
0.156832 0.280898 -0.0450705 0.674585 -0.619138 -0.402
