ply
format ascii 1.0
comment Created by Open3D
element vertex 2096
property double x
property double y
property double z
property double nx
property double ny
property double nz
end_header
0.0394402 -0.0087389 0.369832 -0.378405 -0.0251731 0.925298
-0.0432285 -0.0719905 -0.373577 0.378405 0.0251731 -0.925298
0.28461 -0.133144 -0.24117 0.378405 0.025173 -0.925298
0.223847 0.420461 -0.0529779 -0.50761 0.841558 -0.184695
-0.185702 0.0557639 -0.183045 0.50761 -0.841558 0.184695
0.204824 0.395132 -0.116108 -0.50761 0.841558 -0.184695
-0.365681 0.0521703 -0.110843 -0.50761 0.841558 -0.184695
-0.451445 0.00289043 -0.0996761 -0.50761 0.841558 -0.184695
-0.318507 0.000331337 -0.476699 -0.50761 0.841558 -0.184695
0.0711352 -0.0300288 -0.294723 0.920376 0.0962285 0.37901
0.257801 0.448285 0.176814 0.774042 0.53958 0.331228
-0.265004 -0.328152 0.197137 -0.859999 -0.481888 0.167885
0.00746372 0.319424 0.0813507 -0.50761 0.841558 -0.184695
-0.178696 -0.317505 -0.0539282 -0.774042 -0.53958 -0.331228
-0.212511 -0.0731589 -0.374939 -0.569821 -0.69886 -0.432319
-0.125418 -0.195446 0.297333 -0.378405 -0.0251731 0.925298
-0.0274715 -0.0791022 -0.286272 -0.378405 -0.025173 0.925298
0.165093 0.211662 0.258138 0.774042 0.53958 0.331228
-0.189445 -0.189799 -0.236845 -0.774042 -0.53958 -0.331228
-0.235163 0.189134 0.154516 -0.50761 0.841558 -0.184695
-0.296082 0.160037 0.189364 -0.50761 0.841558 -0.184695
-0.566921 0.0107612 0.308814 -0.378405 -0.0251734 0.925298
-0.0619191 0.127518 0.251032 0.378407 0.0251724 -0.925297
-0.511425 -0.0637404 0.167647 0.50761 -0.841558 0.184694
0.0702898 0.357789 0.489565 0.507608 -0.841559 0.184696
0.000413331 -0.16044 0.349744 -0.378405 -0.0251731 0.925298
-0.47071 -0.0152744 -0.129494 -0.50761 0.841558 -0.184695
-0.25841 0.053574 0.168665 0.378405 0.025173 -0.925298
-0.273501 -0.0756881 -0.233063 -0.644016 -0.710856 -0.282713
-0.158452 0.103643 -0.445855 -0.50761 0.841558 -0.184695
-0.20539 -0.288242 -0.0392171 -0.774042 -0.53958 -0.331228
0.0738947 0.282896 -0.267664 -0.50761 0.841558 -0.184695
-0.159615 -0.344519 -0.0545121 -0.774042 -0.53958 -0.331228
0.0694042 0.330363 -0.0390387 -0.50761 0.841558 -0.184695
-0.471167 0.0721413 0.270069 -0.50761 0.841558 -0.184695
-0.237504 -0.263724 0.249637 -0.378405 -0.0251731 0.925298
-0.296023 -0.0439168 0.000999476 0.774042 0.53958 0.331228
-0.202821 0.253113 0.464308 -0.378405 -0.0251728 0.925298
0.277041 -0.0530322 0.350532 0.50761 -0.841558 0.184695
0.145825 0.394182 0.0417165 -0.50761 0.841558 -0.184695
0.442781 -0.0218436 -0.0230958 0.925523 0.00563397 0.37865
-0.210029 -0.00319311 -0.2663 0.774042 0.53958 0.331228
0.271543 0.0371843 0.293604 0.774042 0.53958 0.331228
-0.251498 0.0955965 -0.226792 -0.50761 0.841558 -0.184695
0.110696 0.038958 -0.269818 0.300912 -0.94868 0.0972503
-0.407599 0.114131 0.286684 -0.50761 0.841558 -0.184695
-0.44803 -0.101688 -0.179496 0.50761 -0.841558 0.184695
-0.35036 -0.0187698 -0.476189 -0.50761 0.841558 -0.184695
-0.517699 -0.0302765 -0.0687082 -0.50761 0.841558 -0.184695
-0.0572164 0.197259 -0.297528 -0.50761 0.841558 -0.184695
0.280011 0.0581556 -0.156791 -0.378405 -0.025173 0.925298
-0.0946723 0.246512 0.0298376 -0.50761 0.841558 -0.184695
0.186229 0.403142 -0.0285016 -0.50761 0.841558 -0.184695
0.141036 0.274316 -0.0852143 0.50761 -0.841558 0.184695
0.0476654 -0.113991 -0.337548 0.378405 0.0251731 -0.925298
0.295729 -0.0624406 0.256303 0.50761 -0.841558 0.184695
-0.238882 -0.188506 0.103008 0.774042 0.53958 0.331228
0.104957 0.402629 0.192526 -0.50761 0.841558 -0.184695
0.224127 -0.20086 -0.266067 0.535737 -0.27939 -0.796823
0.191822 0.162148 0.276333 0.774042 0.53958 0.331228
-0.328611 0.0399073 -0.268603 -0.50761 0.841558 -0.184695
0.184248 0.386931 -0.0969214 -0.50761 0.841558 -0.184695
-0.243033 -0.159899 0.0661057 0.774042 0.53958 0.331228
-0.0911282 0.109463 -0.574656 0.378405 0.0251735 -0.925298
-0.538357 -0.0479335 -0.0923884 -0.50761 0.841558 -0.184695
0.0846415 -0.163099 0.367457 0.310728 -0.779568 0.543803
0.0272058 -0.113026 0.361991 -0.378405 -0.0251731 0.925298
-0.299168 -0.00595506 -0.558493 -0.50761 0.841558 -0.184695
0.160987 0.381295 -0.0586754 -0.50761 0.841558 -0.184695
0.193087 -0.032753 0.336906 -0.338939 -0.392128 -0.855193
-0.323899 0.192333 0.412972 -0.50761 0.841558 -0.184695
0.248959 0.302807 -0.054251 0.923684 0.0546816 0.379233
0.322485 0.203014 -0.204828 0.733808 0.309942 -0.604534
-0.238187 -0.37025 0.210148 -0.757042 -0.606258 0.243594
0.0767235 0.154371 -0.454988 0.50761 -0.841558 0.184695
0.312925 0.00782699 0.0182946 -0.774041 -0.539583 -0.331225
0.0898324 0.319418 -0.145058 -0.50761 0.841558 -0.184695
0.19096 0.167227 0.0436467 -0.774043 -0.539579 -0.331227
-0.239035 0.00199916 -0.206973 0.774042 0.53958 0.331228
-0.0671792 0.0638129 -0.472114 0.50761 -0.841558 0.184695
0.204522 0.247098 -0.450004 0.378405 0.0251732 -0.925298
0.0679987 0.0668848 0.383568 -0.378405 -0.0251731 0.925298
-0.462505 0.0650081 0.213759 -0.50761 0.841558 -0.184695
0.17024 -0.0756346 0.421315 -0.313411 -0.128016 0.940949
-0.328746 0.160009 0.279012 -0.50761 0.841558 -0.184695
-0.107658 0.235389 0.420918 0.50761 -0.841558 0.184695
0.287774 -0.0465674 -0.23752 0.378405 0.025176 -0.925298
0.414518 0.4668 -0.311253 0.833275 0.425016 -0.353574
-0.320835 0.0741471 0.285345 0.3883 -0.817789 0.424788
-0.0619494 0.13741 -0.151145 0.50761 -0.841558 0.184695
0.1529 0.202555 -0.444798 0.50761 -0.841558 0.184695
-0.0330715 -0.287193 -0.217185 0.774042 0.53958 0.331228
0.0390928 0.253479 -0.306053 -0.50761 0.841558 -0.184695
-0.437786 -0.00164072 -0.157862 -0.50761 0.841558 -0.184695
0.160159 0.393614 -0.000267539 -0.50761 0.841558 -0.184695
-0.197572 0.103763 -0.33779 -0.50761 0.841558 -0.184695
0.437668 -0.0499634 -0.0769466 0.507609 -0.841559 0.184691
0.00848441 -0.223017 0.314092 0.50761 -0.841558 0.184695
-0.205527 0.0640957 -0.0905943 0.50761 -0.841558 0.184695
-0.378481 0.112975 0.201393 -0.50761 0.841558 -0.184695
0.232967 0.463747 0.209659 0.774043 0.53958 0.331228
0.240645 0.158053 0.0455886 -0.0109269 -0.511693 0.859099
-0.14525 0.0333368 0.295446 -0.378405 -0.0251733 0.925298
-0.305434 0.102565 -0.0468037 -0.50761 0.841558 -0.184695
0.286442 -0.137937 -0.160533 -0.229317 -0.248708 0.941041
-0.325381 0.124594 0.108396 -0.50761 0.841558 -0.184695
-0.0755586 0.0207984 0.310507 -0.374814 -0.909845 -0.178035
-0.149804 -0.322672 0.113401 0.774042 0.53958 0.331228
0.301135 0.319718 -0.408518 0.378405 0.0251732 -0.925298
-0.20715 0.261103 0.405449 -0.50761 0.841558 -0.184695
-0.220318 -0.203409 0.0839014 0.774042 0.53958 0.331228
0.233804 -0.0752938 0.358286 0.324187 -0.938731 -0.116991
0.00640974 0.380052 0.360499 -0.50761 0.841558 -0.184695
-0.130747 0.0990908 -0.136663 0.50761 -0.841558 0.184695
0.189108 0.314104 -0.442118 -0.50761 0.841558 -0.184695
-0.336999 -0.0746065 0.214093 -0.378405 -0.0251731 0.925298
-0.199613 -0.00758124 -0.622205 0.378405 0.0251735 -0.925298
-0.329544 0.00697231 -0.416106 -0.50761 0.841558 -0.184695
-0.193896 -0.306433 -0.0364444 -0.774042 -0.53958 -0.331228
-0.360119 0.106762 0.122613 -0.50761 0.841558 -0.184695
0.380862 0.0742598 -0.0222575 0.774042 0.53958 0.331228
-0.0913483 0.252785 0.45536 0.50761 -0.841558 0.184695
0.145491 -0.201344 -0.299919 0.378405 0.025173 -0.925298
-0.292408 -0.0261317 0.152593 0.378405 0.025173 -0.925298
-0.0630076 0.0696117 -0.42957 0.609783 -0.776108 -0.160692
0.311042 0.0978067 0.0893075 -0.63257 0.681147 0.368638
-0.194075 -0.303448 -0.0408888 -0.774042 -0.53958 -0.331228
0.242108 0.400703 -0.193193 -0.50761 0.841558 -0.184695
-0.176036 -0.173403 -0.29489 -0.774042 -0.53958 -0.331228
0.0950598 0.100876 0.395243 -0.320433 0.0145919 0.947159
0.169202 0.102048 -0.281968 0.378403 0.0251748 -0.925299
0.288783 0.0850078 -0.0510187 -0.774042 -0.53958 -0.331228
0.225321 0.17565 -0.257015 0.378405 0.0251729 -0.925298
-0.163546 -0.282197 0.0795797 0.774044 0.539578 0.331227
-0.0981181 -0.373975 -0.135305 -0.297918 -0.943128 -0.147493
0.182921 0.255156 -0.191111 -0.397287 -0.0384076 0.91689
-0.161773 -0.0053517 0.206582 0.378405 0.025176 -0.925298
-0.185149 -0.330365 -0.0178975 -0.774042 -0.53958 -0.331228
-0.0371742 -0.200135 0.252238 0.378405 0.025173 -0.925298
0.360377 0.00851169 0.132719 0.774043 0.53958 0.331228
0.295416 0.085478 -0.148044 -0.571142 -0.168172 0.803439
-0.0739774 -0.210588 -0.375441 -0.136325 -0.290115 -0.947232
0.323261 0.349683 -0.242341 0.527625 -0.831285 0.174864
-0.226447 -0.347477 0.106487 -0.774042 -0.53958 -0.331228
-0.292392 -0.0780397 -0.499495 0.50761 -0.841558 0.184695
-0.00930366 0.229076 -0.284233 -0.50761 0.841558 -0.184695
0.447566 -0.0141818 -0.0372955 0.881383 0.295602 0.368488
-0.0612197 0.259774 -0.00167305 -0.50761 0.841558 -0.184695
0.302245 0.0990531 -0.105358 -0.774042 -0.53958 -0.331228
0.233328 0.436492 -0.00598903 -0.50761 0.841558 -0.184695
0.0124191 0.247293 0.145144 0.50761 -0.841558 0.184695
-0.244099 -0.135123 -0.0999105 0.525842 -0.839257 0.138341
-0.176052 -0.251104 0.194056 0.378405 0.025173 -0.925298
-0.0731208 0.262973 0.451685 0.50761 -0.841558 0.184695
-0.377949 -0.107715 -0.399565 0.50761 -0.841558 0.184695
-0.259106 -0.285364 0.081623 -0.774042 -0.53958 -0.331228
-0.152864 -0.335977 0.242838 0.50761 -0.841558 0.184695
-0.283291 0.0838818 0.27767 0.226414 -0.724464 0.651068
-0.12177 0.136799 0.0104815 0.50761 -0.841558 0.184695
-0.0923507 -0.245624 0.228436 0.378405 0.025173 -0.925298
0.0305295 -0.283017 -0.349154 0.378405 0.0251731 -0.925298
0.356178 -0.0418492 0.17544 0.752179 -0.590962 0.29153
0.343574 0.419149 -0.388009 -0.50761 0.841558 -0.184695
-0.219242 -0.280258 -0.0198526 -0.774045 -0.539577 -0.331226
-0.425647 0.0656241 0.115266 -0.50761 0.841558 -0.184695
0.140264 0.161117 0.17207 -0.774042 -0.539579 -0.331229
-0.179518 -0.357724 0.0135097 -0.774042 -0.53958 -0.331228
-0.165774 -0.237223 0.279692 -0.378403 -0.0251742 0.925299
-0.462965 -0.011192 0.273896 0.50761 -0.841558 0.184695
0.200335 0.0149043 0.269876 -0.774042 -0.53958 -0.331228
0.289814 0.302663 -0.364949 0.50761 -0.841558 0.184695
0.109733 0.267154 -0.437889 -0.50761 0.841558 -0.184694
-0.44014 0.0035715 -0.127643 -0.50761 0.841558 -0.184695
0.15393 0.121562 0.20457 -0.774042 -0.53958 -0.331228
-0.0718407 0.329679 0.519956 -0.378405 -0.0251728 0.925298
-0.375898 0.0310125 -0.179168 -0.50761 0.841558 -0.184695
0.259718 0.00563213 -0.166519 -0.378405 -0.025173 0.925298
0.0890533 0.175683 -0.39148 0.516745 -0.840687 0.161929
-0.0973265 -0.27517 -0.313044 -0.774042 -0.53958 -0.331228
-0.285339 -0.0262817 0.236534 -0.378405 -0.0251733 0.925298
-0.193294 -0.368077 0.207693 0.507611 -0.841557 0.184698
-0.03597 0.392207 0.532357 -0.50761 0.841558 -0.184695
0.16912 0.471326 0.329196 -0.50761 0.841558 -0.184695
-0.190737 0.188981 0.0317187 -0.50761 0.841558 -0.184695
0.192517 -0.0918608 0.405408 0.47839 -0.841129 0.252281
-0.090911 -0.115737 -0.307237 0.0944099 0.267404 0.958948
-0.012714 -0.21009 0.26197 0.378405 0.025173 -0.925298
-0.034328 -0.371483 -0.276368 -0.121218 -0.989674 -0.0764972
-0.0909872 -0.321467 -0.25244 -0.774042 -0.539582 -0.331226
-0.00384176 -0.354008 -0.248995 0.525701 -0.828158 0.194406
0.00592343 -0.234644 -0.276846 -0.378405 -0.025173 0.925298
-0.516406 -0.0882584 0.0696202 0.50761 -0.841558 0.184695
-0.445836 -0.0178282 0.220855 0.279615 -0.836538 0.471191
0.0485965 -0.331525 -0.290566 0.507607 -0.84156 0.184696
0.0802079 -0.0545051 0.304204 0.378405 0.0251728 -0.925298
-0.132224 -0.313443 0.213054 0.566222 -0.355874 -0.743469
-0.124113 0.110957 -0.10083 0.50761 -0.841558 0.184695
-0.16396 -0.307214 0.121301 0.774044 0.539578 0.331226
-0.0382328 0.0748795 -0.501244 0.50761 -0.841558 0.184695
-0.427903 0.0982125 0.368046 -0.378405 -0.0251728 0.925298
-0.110295 0.163046 0.0985391 0.50761 -0.841558 0.184695
-0.607472 -0.120098 0.174824 0.50761 -0.841558 0.184696
-0.283238 0.129165 0.0133955 -0.50761 0.841558 -0.184695
-0.239069 0.177606 0.112724 -0.50761 0.841558 -0.184695
0.00535839 0.147798 -0.534154 0.378405 0.0251735 -0.925298
0.06896 -0.297585 -0.256739 -0.0481361 -0.471489 0.880557
-0.340907 0.0386614 -0.240487 -0.50761 0.841558 -0.184695
0.197612 0.24276 -0.384487 0.50761 -0.841558 0.184695
0.031879 0.13796 0.289675 0.378405 0.025173 -0.925298
-0.502448 -0.11503 -0.0907262 0.50761 -0.841558 0.184695
-0.379689 -0.138493 0.154041 -0.859999 -0.481888 0.167885
-0.145077 -0.137163 -0.383383 -0.414957 -0.426657 -0.803601
-0.428416 0.00506898 -0.153042 -0.50761 0.841558 -0.184695
-0.201133 -0.0115767 -0.273432 0.774042 0.53958 0.331228
0.412072 0.472218 -0.310505 0.833275 0.425016 -0.353574
-0.151089 -0.337514 0.136954 0.894205 0.248358 0.372446
0.102014 0.184651 -0.226143 -0.378405 -0.0251729 0.925298
0.257401 -0.0727283 -0.169598 -0.378405 -0.0251764 0.925298
-0.203146 -0.122364 -0.314682 -0.774042 -0.53958 -0.331228
0.10632 0.00776718 0.316576 0.378405 0.025173 -0.925298
-0.262578 -0.0530779 -0.0622334 0.774042 0.53958 0.331228
0.310201 -0.0655871 0.194224 0.195011 -0.979362 0.0531067
-0.529153 -0.116346 -0.0834324 -0.774043 -0.53958 -0.331228
-0.266147 0.178388 0.190708 -0.50761 0.841558 -0.184695
0.378702 -0.0399188 -0.0576391 -0.774042 -0.53958 -0.331228
0.309555 -0.0653658 0.170709 -0.121217 -0.989674 -0.0764967
-0.476658 -0.0129309 -0.10247 -0.50761 0.841558 -0.184695
0.428396 -0.0114138 0.00561928 0.830358 0.432506 0.351345
-0.109353 0.148713 -0.375436 -0.50761 0.841558 -0.184695
-0.339665 -0.0151774 0.131188 0.631627 0.217682 -0.744084
0.424881 0.0107252 -0.0216259 0.774043 0.53958 0.331228
0.0177506 0.216792 -0.41456 -0.50761 0.841558 -0.184694
0.099536 0.202517 0.199805 -0.774042 -0.539579 -0.331229
-0.186815 0.125512 0.297593 0.013983 -0.537598 0.843086
-0.194597 0.0485854 -0.59738 -0.50761 0.841558 -0.184695
0.166345 0.112782 0.189859 -0.774042 -0.53958 -0.331228
0.0784466 0.217379 -0.502372 0.378405 0.0251735 -0.925298
0.354267 -0.114201 -0.208595 0.579447 -0.392905 -0.714049
-0.561486 -0.0941968 0.166458 0.50761 -0.841558 0.184696
-0.158142 0.140422 0.306831 -0.0170916 -0.505158 0.862858
-0.397695 -0.0763722 -0.455755 -0.774043 -0.53958 -0.331228
0.071825 -0.193311 -0.329826 0.378404 0.0251732 -0.925298
-0.134179 0.0784432 -0.22131 0.50761 -0.841558 0.184695
-0.178428 0.0488702 -0.234447 0.50761 -0.841558 0.184695
0.16239 0.27467 -0.142288 0.50761 -0.841558 0.184695
-0.141284 -0.12051 -0.235836 0.774042 0.53958 0.331228
0.347106 0.0247078 -0.115916 -0.833274 -0.425015 0.353577
0.101247 0.0928018 -0.31001 0.378405 0.0251729 -0.925298
-0.446121 0.0494023 0.0976215 -0.50761 0.841558 -0.184695
0.33447 0.0627301 0.104938 0.774043 0.53958 0.331228
0.376948 0.375186 -0.376005 0.378405 0.0251732 -0.925298
-0.515965 -0.027819 -0.0622758 -0.50761 0.841558 -0.184695
-0.462739 0.0221386 0.0190698 -0.50761 0.841558 -0.184695
-0.159574 0.224489 0.481215 -0.378405 -0.0251734 0.925298
-0.150576 -0.0132666 0.210946 0.378405 0.02517 -0.925298
0.334929 0.0356766 0.147936 0.774043 0.53958 0.331228
0.266543 0.0996639 0.164856 -0.0521567 0.57572 -0.815981
0.119404 0.353005 -0.0732887 -0.50761 0.841558 -0.184695
0.12431 0.324634 -0.216046 -0.50761 0.841558 -0.184695
-0.609136 -0.102126 0.26129 0.50761 -0.841558 0.184694
0.25218 0.378723 0.0850475 0.50761 -0.841558 0.184695
0.0367173 0.190153 0.290807 0.116511 -0.145349 -0.982496
0.373549 0.475234 -0.214842 -0.50761 0.841558 -0.184695
-0.615139 -0.0491799 0.282277 -0.571141 -0.168172 0.80344
-0.492104 0.0227745 0.102672 -0.50761 0.841558 -0.184695
0.146731 0.113257 0.234924 -0.774042 -0.53958 -0.331228
0.353923 0.473561 -0.168526 -0.50761 0.841558 -0.184695
-0.164786 0.264352 0.303824 -0.50761 0.841558 -0.184695
0.251294 0.0514756 0.317644 0.774042 0.53958 0.331228
-0.150725 -0.285074 0.0543046 0.774042 0.53958 0.331228
0.301454 0.394737 0.022593 0.50761 -0.841558 0.184695
0.215546 0.17435 -0.025414 -0.774044 -0.539579 -0.331226
-0.00652427 0.210752 0.0307089 0.50761 -0.841558 0.184695
-0.240433 0.0129382 -0.633833 -0.50761 0.841558 -0.184696
0.222721 0.0201037 0.405071 0.486966 0.457072 0.744278
-0.0437424 -0.219916 -0.280099 0.414965 0.426661 0.803595
-0.109546 0.119654 -0.507312 -0.50761 0.841558 -0.184695
0.243716 0.134534 -0.0263811 -0.774042 -0.53958 -0.331228
-0.0791058 0.0762852 -0.30316 -0.378405 -0.0251729 0.925298
-0.487515 -0.00621377 -0.0420254 -0.50761 0.841558 -0.184695
-0.21589 0.210148 0.197296 -0.50761 0.841558 -0.184695
0.348421 -0.119024 -0.210664 0.591267 -0.428964 -0.68293
0.341713 0.0790279 -0.212045 0.378405 0.025173 -0.925298
-0.129826 -0.223623 -0.0946386 0.774043 0.539579 0.331228
-0.0735341 0.0730512 -0.30097 -0.378405 -0.0251729 0.925298
-0.247795 -0.151348 0.0633041 0.774042 0.53958 0.331228
-0.134639 0.122623 -0.424819 -0.50761 0.841558 -0.184695
0.203986 -0.222866 -0.222532 0.498181 -0.841922 0.207322
0.0980684 0.389344 0.150924 -0.50761 0.841558 -0.184695
0.208534 0.0107181 0.257535 -0.774042 -0.53958 -0.331228
0.129648 0.24539 0.286025 0.774042 0.53958 0.331228
0.39234 -0.046399 -0.0812168 -0.838142 -0.531985 -0.120452
0.155415 0.261202 -0.184486 0.50761 -0.841558 0.184695
-0.146247 -0.0915253 -0.401506 -0.136323 -0.290114 -0.947233
-0.0663447 -0.368307 -0.228569 -0.539502 -0.806287 -0.242567
-0.327031 0.0768746 0.301767 0.49817 -0.841922 0.207349
-0.0659511 0.148106 0.249943 0.378405 0.025173 -0.925298
-0.28541 -0.254692 0.0931278 -0.774042 -0.53958 -0.331228
0.0115082 0.298507 -0.025072 -0.50761 0.841558 -0.184695
-0.145992 -0.0301975 0.236825 0.92166 -0.102844 0.374119
0.133579 0.281261 -0.033072 0.50761 -0.841558 0.184695
-0.00219896 0.23976 -0.255078 -0.50761 0.841558 -0.184695
0.0789933 -0.283792 -0.329356 0.378405 0.025173 -0.925298
-0.0728317 -0.374447 -0.16587 0.105364 -0.994304 0.0160386
0.00658972 0.212991 0.36302 -0.313421 -0.128001 0.940948
0.0762513 0.208399 0.244637 -0.774042 -0.53958 -0.331228
0.372687 -0.0609961 0.0467542 0.282779 -0.954985 0.089663
0.03563 0.29341 0.384371 0.473374 -0.447626 0.758649
-0.149258 0.165807 -0.187872 -0.50761 0.841558 -0.184695
0.0506384 0.0969654 -0.332814 0.480425 -0.159819 -0.862351
0.0229201 0.326994 0.0733636 -0.50761 0.841558 -0.184695
0.045698 -0.158127 -0.258499 -0.378405 -0.025173 0.925298
0.421127 0.0486163 -0.0745787 0.774042 0.53958 0.331228
-0.175004 -0.377959 0.112399 0.50761 -0.841558 0.184695
0.230605 0.0743713 0.328694 0.774042 0.53958 0.331228
-0.217069 0.0673161 -0.044198 0.50761 -0.841558 0.184695
-0.497387 -0.01313 -0.0464061 -0.50761 0.841558 -0.184695
-0.0241497 -0.116377 0.340898 -0.378405 -0.0251731 0.925298
-0.124589 -0.20003 -0.357509 -0.585989 -0.494364 -0.642044
-0.196161 -0.306763 0.265373 -0.378403 -0.025174 0.925299
-0.0536947 0.216706 -0.218597 -0.50761 0.841558 -0.184695
0.0526131 0.415093 0.393177 -0.50761 0.841558 -0.184695
-0.376272 -0.0899607 0.0355037 -0.706081 -0.638542 -0.306127
-0.0794979 0.194377 0.156656 0.50761 -0.841558 0.184695
0.124602 0.205247 0.136782 -0.774042 -0.53958 -0.331228
0.0673405 -0.071218 0.298487 0.378405 0.0251727 -0.925298
0.277095 -0.100077 -0.162288 -0.378405 -0.0251729 0.925298
-0.0487974 0.101195 0.336737 -0.378404 -0.0251738 0.925298
-0.576555 -0.107491 0.147297 0.50761 -0.841558 0.184695
-0.0980467 0.253129 0.475338 0.50761 -0.841558 0.184695
0.0862718 0.275707 0.340769 0.75764 0.167876 0.630713
0.0840857 0.304485 -0.197305 -0.50761 0.841558 -0.184695
0.110757 0.208888 0.163203 -0.774042 -0.539581 -0.331227
-0.151538 -0.00182133 0.280204 0.768415 -0.565885 0.298852
-0.151394 -0.31991 0.274882 0.106712 -0.626856 0.771793
-0.0490826 0.138003 -0.183803 0.50761 -0.841558 0.184695
-0.309927 -0.179976 0.0287055 -0.774042 -0.53958 -0.331228
-0.524025 -0.0928288 0.0697336 0.50761 -0.841558 0.184695
0.27048 0.0954066 -0.0251866 -0.774042 -0.53958 -0.331228
-0.0473918 0.282035 0.467829 0.50761 -0.841558 0.184695
0.0711997 0.263163 0.357782 0.535285 0.186819 0.823753
0.0400727 -0.0759372 -0.339618 0.378405 0.0251731 -0.925298
-0.0427082 0.0657625 -0.530486 0.50761 -0.841558 0.184695
0.411518 0.430156 -0.3424 0.71077 0.287861 -0.641827
0.248581 0.189619 -0.149596 -0.850735 -0.455649 0.26198
-0.417677 -0.00569194 -0.231589 -0.50761 0.841558 -0.184695
0.0178041 0.325797 0.0819729 -0.50761 0.841558 -0.184695
-0.162564 0.299086 0.455981 -0.50761 0.841558 -0.184695
-0.233136 -0.0595416 -0.578064 0.50761 -0.841558 0.184695
0.0862392 0.0098361 0.389476 -0.378405 -0.0251731 0.925298
0.321606 -0.143468 -0.184018 0.50761 -0.841558 0.184695
-0.351434 0.0594434 0.289618 0.49817 -0.841922 0.207349
0.208306 0.0842747 0.364389 0.744109 0.536266 0.398398
0.0428877 -0.0623393 -0.338097 0.378405 0.0251731 -0.925298
0.0919882 0.267859 0.110999 -0.774042 -0.53958 -0.331228
0.0696642 -0.0662084 -0.253929 0.704918 0.640034 0.305692
0.13014 -0.0948619 -0.222245 -0.378404 -0.0251737 0.925298
0.258092 0.442805 0.18506 0.774042 0.53958 0.331228
-0.493477 0.0465662 0.214853 -0.50761 0.841558 -0.184695
0.105587 0.339011 -0.0990804 -0.50761 0.841558 -0.184695
-0.19517 0.196716 0.0791491 -0.50761 0.841558 -0.184695
0.228296 0.181499 -0.0668557 -0.774042 -0.53958 -0.331228
0.213156 0.0870047 0.155304 0.136145 0.369067 -0.919377
0.0361311 0.309096 -0.0444957 -0.50761 0.841558 -0.184695
0.291087 0.477988 0.0243436 -0.50761 0.841558 -0.184695
-0.413513 -0.101736 -0.377472 -0.774043 -0.53958 -0.331228
0.211129 0.451469 0.123264 -0.50761 0.841558 -0.184695
0.308447 -0.0241886 -0.147402 -0.378405 -0.025173 0.925298
-0.161672 0.26203 0.284687 -0.50761 0.841558 -0.184695
-0.261843 0.208925 0.318021 -0.50761 0.841558 -0.184695
-0.311231 -0.0599716 -0.362146 0.40904 -0.90128 0.142759
-0.0857741 0.0840279 -0.305677 -0.378405 -0.0251729 0.925298
0.306368 -0.0547723 -0.230139 0.378405 0.0251739 -0.925298
-0.180955 -0.0372915 0.278923 -0.378404 -0.0251777 0.925298
-0.460164 -0.0741292 -0.0205739 0.50761 -0.841558 0.184695
-0.452916 -0.0652968 0.0199931 0.239185 -0.96834 0.0714719
-0.0568323 -0.33289 -0.0925415 0.904863 0.200549 0.375504
0.402592 -0.0567643 -0.0776641 -0.469763 -0.881058 -0.0553078
-0.284973 -0.297776 0.175273 -0.853674 -0.520242 -0.0242583
0.0893598 0.223103 0.366342 0.377405 0.409888 0.830396
-0.126106 0.00737012 0.234969 0.682914 -0.68239 0.260716
0.427549 0.0145509 -0.0340926 0.774043 0.53958 0.331228
0.244899 0.465993 0.178118 0.774043 0.53958 0.331228
-0.211547 -0.0443937 0.266219 -0.378405 -0.0251723 0.925298
-0.244589 -0.0941257 -0.0374036 0.774042 0.539581 0.331226
-0.245573 0.135358 0.344171 0.50761 -0.841558 0.184695
0.0194145 0.0658557 -0.344853 0.437694 -0.0780282 -0.895732
-0.232485 -0.184389 -0.0287729 0.415279 -0.0377847 -0.908909
-0.0939669 -0.197727 0.229078 0.3784 0.0251759 -0.9253
-0.140888 0.166185 0.19692 0.50761 -0.841558 0.184695
-0.0927208 0.149276 0.321396 -0.286052 -0.168677 0.943251
0.161816 0.171497 0.331226 0.774042 0.53958 0.331228
-0.430638 0.0121713 -0.114573 -0.50761 0.841558 -0.184695
0.041088 0.110906 0.37376 -0.378405 -0.0251731 0.925298
0.0891429 0.150571 0.293304 -0.486975 -0.457076 -0.744269
0.313235 0.333205 -0.403203 0.378405 0.0251732 -0.925298
0.0897707 0.110316 0.393308 -0.320433 0.0145919 0.947159
0.0057533 0.197636 -0.468874 -0.50761 0.841558 -0.184695
-0.404706 -0.0377839 0.196525 -0.189431 -0.516557 0.835036
0.277489 0.392052 0.0762237 0.50761 -0.841558 0.184695
-0.0413337 0.224043 -0.219137 -0.50761 0.841558 -0.184695
-0.292112 -0.217043 0.226781 -0.538802 -0.142782 0.830245
0.156457 0.401827 0.453403 0.50761 -0.841558 0.184695
-0.190271 0.216747 0.156957 -0.50761 0.841558 -0.184695
-0.0582819 0.287988 0.118809 -0.50761 0.841558 -0.184695
0.105819 0.450606 0.408766 -0.50761 0.841558 -0.184695
-0.201502 -0.0314236 -0.536888 0.50761 -0.841558 0.184695
-0.141855 -0.301838 0.0608868 0.774042 0.53958 0.331228
0.231819 -0.0938758 -0.180635 -0.378405 -0.0251729 0.925298
-0.289477 -0.0623879 -0.436188 0.507611 -0.841558 0.184694
-0.21114 -0.0399458 -0.203832 0.774042 0.53958 0.331228
-0.143739 0.14071 -0.317395 -0.50761 0.841558 -0.184695
0.309424 0.0137793 -0.14597 -0.378405 -0.025173 0.925298
0.268403 0.0941162 0.160312 -0.114726 0.63403 -0.764751
0.197136 0.0231079 0.263986 -0.774042 -0.53958 -0.331228
-0.333097 -0.00424185 0.0230053 0.774042 0.53958 0.331228
-0.495505 -0.0228375 0.310265 0.50761 -0.841558 0.184695
0.268083 0.336519 -0.0840003 0.842966 -0.422322 0.333246
-0.0150511 0.403518 0.526402 -0.50761 0.841558 -0.184695
-0.0446031 0.0650161 -0.556838 0.378405 0.0251732 -0.925298
0.340627 0.434001 0.00652634 0.774042 0.53958 0.331228
-0.0476037 -0.085593 -0.375736 0.378405 0.0251731 -0.925298
-0.221792 0.21551 0.237951 -0.50761 0.841558 -0.184695
0.235988 0.44214 0.237798 0.774042 0.53958 0.331228
-0.290472 -0.082682 -0.177577 -0.706081 -0.638542 -0.306127
0.0585024 -0.209183 -0.335706 0.378405 0.0251731 -0.925298
-0.158688 -0.239986 -0.226964 -0.774042 -0.53958 -0.331228
0.169885 0.210131 0.249435 0.774043 0.539579 0.331228
0.0846107 0.171144 -0.360971 0.623545 -0.740382 -0.251051
0.311214 -0.0575884 0.130794 -0.64401 -0.710862 -0.28271
-0.0970686 0.1484 0.237226 0.378405 0.025173 -0.925298
-0.21558 0.145423 0.326442 0.363289 -0.806978 0.465625
-0.0941542 -0.169919 -0.265484 0.774042 0.53958 0.331228
0.291456 0.405943 -0.304944 -0.50761 0.841558 -0.184694
-0.122873 0.130043 -0.0172701 0.50761 -0.841558 0.184695
0.150416 0.194645 -0.301978 0.601664 -0.463995 -0.65016
-0.0433535 0.224599 0.195024 0.50761 -0.841558 0.184695
-0.175234 0.172945 -0.0839564 -0.50761 0.841558 -0.184695
-0.333684 0.0857582 0.360334 0.50761 -0.841558 0.184695
-0.203904 -0.103016 0.186695 0.378405 0.025173 -0.925298
0.125096 0.385973 0.467362 0.507612 -0.841557 0.184693
-0.545916 -0.0439925 -0.0536544 -0.50761 0.841558 -0.184695
0.322965 0.328723 -0.337316 0.50761 -0.841559 0.184693
-0.370812 -0.10918 -0.425855 0.50761 -0.841558 0.184695
-0.141225 0.168682 -0.196851 -0.50761 0.841558 -0.184695
-0.155951 -0.331738 0.142425 0.809285 0.476214 0.343916
-0.651763 -0.0683945 0.126065 -0.50761 0.841558 -0.184695
0.202358 0.233667 -0.281884 0.610612 -0.497907 -0.615827
0.419923 0.415821 -0.206933 0.50761 -0.841558 0.184694
-0.389433 -0.12448 0.140245 -0.858362 -0.512485 0.0239709
0.32975 0.0956485 0.0623414 0.774042 0.539582 0.331226
0.0905565 0.0775693 -0.233741 -0.378405 -0.0251729 0.925298
-0.118204 0.161942 0.115245 0.50761 -0.841558 0.184695
-0.0666725 0.357037 0.456489 -0.50761 0.841558 -0.184695
0.393993 -0.0538086 0.0255661 0.50761 -0.841558 0.184695
0.343677 0.339066 -0.347112 0.50761 -0.841559 0.184693
-0.409197 -0.0327267 0.199099 -0.120834 -0.580187 0.80547
0.102029 0.22325 0.160205 -0.774042 -0.53958 -0.331228
0.0144275 0.235634 0.369598 -0.107463 -0.224911 0.968435
-0.354606 -0.0760926 -0.0491225 -0.575747 -0.776327 -0.256575
0.169927 0.121394 0.167461 -0.774042 -0.53958 -0.331228
0.189262 0.328368 0.105452 0.860717 -0.377344 0.341728
0.0160324 0.193216 -0.517261 -0.50761 0.841558 -0.184695
0.307018 0.142268 -0.224513 0.378405 0.025173 -0.925298
0.104469 0.355647 -0.0202062 -0.50761 0.841558 -0.184695
-0.295681 0.133977 0.0695215 -0.50761 0.841558 -0.184695
-0.272358 0.125061 -0.0352078 -0.50761 0.841558 -0.184695
0.0119829 -0.224463 0.297775 0.516735 -0.840688 0.161953
-0.337175 -0.00305398 0.0306012 0.774042 0.53958 0.331228
0.230252 -0.0718136 0.39355 0.50761 -0.841558 0.184695
0.158834 0.210087 -0.306812 0.624076 -0.562056 -0.542791
-0.386919 -0.110687 -0.425036 -0.774043 -0.53958 -0.331228
-0.343221 0.0283024 0.239059 0.106712 -0.626856 0.771793
-0.13611 0.191908 0.347083 0.283274 -0.763018 0.580999
-0.0455584 0.341575 0.531028 -0.378405 -0.0251728 0.925298
0.168125 0.00661106 0.419836 -0.158251 0.119651 0.980123
-0.279036 0.150305 0.0981724 -0.50761 0.841558 -0.184695
-0.338094 -0.152152 0.0492016 -0.774042 -0.53958 -0.331228
-0.200742 -0.288768 0.26399 -0.378405 -0.0251731 0.925298
-0.194322 -0.274092 0.17545 0.807791 0.390293 -0.441752
-0.102135 0.125906 -0.0931174 0.50761 -0.841558 0.184695
-0.177542 0.161496 -0.129781 -0.50761 0.841558 -0.184695
-0.279764 -0.23392 0.0460952 -0.774042 -0.53958 -0.331228
0.366008 0.388093 -0.185098 0.50761 -0.841558 0.184695
-0.165497 -0.284454 0.0878157 0.774039 0.539583 0.33123
0.0970198 0.425149 0.316954 -0.50761 0.841558 -0.184695
0.385963 0.405761 -0.159438 0.50761 -0.841558 0.184695
0.314213 0.221215 -0.1059 0.774042 0.53958 0.331228
0.119638 0.275688 -0.426229 -0.50761 0.841558 -0.184694
-0.232458 -0.0534744 -0.131975 0.774042 0.53958 0.331228
-0.136722 0.220864 0.434615 0.50761 -0.841558 0.184695
-0.444053 0.0626347 0.152232 -0.50761 0.841558 -0.184695
-0.185831 0.175425 -0.043533 -0.50761 0.841558 -0.184695
0.12772 0.399196 0.520398 0.507611 -0.841558 0.184694
-0.0482785 0.308106 0.182983 -0.50761 0.841558 -0.184695
0.422669 0.0302529 -0.0482668 0.774043 0.539574 0.331235
-0.274188 -0.116231 0.156631 0.538808 0.142787 -0.830239
-0.0504799 -0.361338 -0.154108 0.50761 -0.841558 0.184695
-0.552308 -0.125293 -0.0147461 -0.774043 -0.53958 -0.331228
0.036372 0.215818 0.284413 -0.219048 -0.333376 -0.916994
0.0563101 0.258987 0.0778008 0.50761 -0.841558 0.184695
0.388199 0.0553801 -0.00864711 0.774042 0.539581 0.331227
0.298471 -0.0832146 -0.153088 -0.378405 -0.0251729 0.925298
-0.0994155 0.0403476 -0.490436 0.50761 -0.841558 0.184695
0.0785084 0.16027 -0.433013 0.50761 -0.841558 0.184695
-0.13769 -0.10382 -0.271424 0.774042 0.53958 0.331228
0.126612 0.340912 0.284083 0.752172 -0.590973 0.291527
0.418013 -0.0147969 0.0338596 0.866454 0.34208 0.363647
-0.459669 -0.0643591 0.0749952 0.0601395 -0.998187 -0.00256166
0.200302 0.268854 0.0843924 0.830359 0.432505 0.351346
-0.0979509 0.18519 0.16551 0.50761 -0.841558 0.184695
-0.235731 -0.25522 -0.0221082 -0.774041 -0.539582 -0.331229
0.276094 0.101445 0.0500793 -0.553691 0.323174 0.767454
0.200563 0.317121 0.0681737 0.910616 -0.189496 0.367245
-0.0936358 0.112888 -0.17579 0.50761 -0.841558 0.184695
0.0731092 -0.140141 -0.327854 0.378405 0.0251731 -0.925298
0.182198 0.200708 -0.192914 -0.378405 -0.025173 0.925298
-0.132934 -0.361032 -0.0899634 -0.774042 -0.53958 -0.331228
0.143822 0.210912 -0.331367 0.62818 -0.71982 -0.295379
0.0970163 0.386463 0.140689 -0.50761 0.841558 -0.184695
-0.278211 -0.289922 0.212718 -0.792115 -0.371499 0.484296
-0.47083 -0.0619654 0.119136 0.0207655 -0.98866 0.148728
-0.0806428 -0.36493 -0.0875747 0.50761 -0.841558 0.184695
-0.0422375 0.359612 0.401063 -0.50761 0.841558 -0.184695
0.22303 0.0968857 -0.17904 -0.378405 -0.025173 0.925298
0.0501125 0.218751 -0.494578 -0.50761 0.841558 -0.184695
0.287703 -0.0839187 -0.238566 0.378405 0.025173 -0.925298
-0.159609 -0.119855 -0.384969 -0.451506 -0.442398 -0.774872
0.251845 0.449197 0.00100744 -0.50761 0.841558 -0.184695
-0.0512553 -0.246253 -0.241383 0.774042 0.53958 0.331228
-0.312907 -0.186604 0.0464681 -0.774042 -0.53958 -0.331228
0.0432331 0.00608407 0.371786 -0.378405 -0.0251731 0.925298
0.232479 0.264793 -0.279355 0.631531 -0.620792 -0.464528
0.154739 0.00801168 0.416744 -0.280809 0.041066 0.958885
0.190679 0.168674 0.0921015 0.558337 -0.828408 0.0447294
-0.00420929 0.0590169 -0.356338 0.480425 -0.159819 -0.862351
0.452167 0.00508494 -0.146503 0.807791 0.390292 -0.441753
-0.349045 -0.0781412 -0.564397 -0.7219 -0.532441 -0.442003
-0.130493 0.32399 0.481313 -0.50761 0.841558 -0.184695
-0.256312 0.0390098 -0.0653201 0.50761 -0.841558 0.184695
0.186893 -0.203974 -0.202386 -0.28605 -0.16868 0.943251
0.16399 0.180874 0.310871 0.774042 0.53958 0.331228
-0.0967317 0.0604125 -0.578282 0.378405 0.0251735 -0.925298
-0.389621 0.0134952 -0.221271 -0.50761 0.841558 -0.184695
-0.0404282 -0.172422 0.332716 -0.378405 -0.0251731 0.925298
0.0278815 0.260841 0.374748 0.222058 -0.244459 0.943891
-0.401902 -0.102943 -0.311991 0.50761 -0.841558 0.184695
-0.309504 0.0105708 -0.454787 -0.50761 0.841558 -0.184695
-0.157571 0.166588 -0.161467 -0.50761 0.841558 -0.184695
-0.0426281 0.276967 0.025569 -0.50761 0.841558 -0.184695
-0.0118051 -0.0432173 -0.278889 -0.378405 -0.025173 0.925298
-0.137976 -0.107604 -0.264591 0.774042 0.53958 0.331228
0.309177 0.372589 -0.0995489 0.50761 -0.841558 0.184695
-0.273954 0.0952618 -0.166599 -0.50761 0.841558 -0.184695
-0.342267 -0.200175 0.16869 -0.859999 -0.481888 0.167885
-0.300695 0.0052609 -0.503193 -0.50761 0.841558 -0.184695
-0.106835 -0.34831 -0.171676 -0.774042 -0.53958 -0.331228
-0.064876 0.222474 0.244491 0.50761 -0.841558 0.184695
-0.192447 -0.0644167 -0.207651 0.774041 0.539581 0.331229
-0.143732 0.118556 -0.0122804 0.50761 -0.841558 0.184695
-0.188519 -0.230848 0.0542908 0.774042 0.53958 0.331228
0.0347237 0.311018 -0.0318708 -0.50761 0.841558 -0.184695
0.345849 -0.121951 -0.155898 0.412377 -0.826629 0.382923
0.246928 0.129259 -0.0252961 -0.774042 -0.53958 -0.331228
-0.0858165 -0.287257 0.280562 0.50761 -0.841558 0.184695
0.218765 0.13084 0.264375 0.774042 0.53958 0.331228
0.100286 0.198032 0.205359 -0.774042 -0.53958 -0.331228
-0.0174545 0.0581097 -0.278442 -0.378405 -0.0251729 0.925298
0.327602 0.42771 0.0472142 0.774042 0.53958 0.331228
-0.037181 0.375215 0.458261 -0.50761 0.841558 -0.184695
0.219206 0.17327 0.194224 0.774042 0.53958 0.331227
-0.155061 0.190755 0.358452 0.412366 -0.826625 0.382944
0.077446 0.0609519 -0.32061 0.378405 0.0251729 -0.925298
-0.182837 -0.0927518 0.19559 0.378405 0.025173 -0.925298
0.0874592 0.0311463 -0.254004 0.50761 -0.841558 0.184695
-0.473315 -0.0312579 -0.195166 -0.50761 0.841558 -0.184695
-0.231926 -0.21045 0.122499 0.774042 0.53958 0.331228
-0.183097 -0.2366 -0.175441 -0.774042 -0.53958 -0.331228
0.271649 -0.0662103 0.30484 0.449279 -0.87898 0.159822
0.0784534 -0.0551936 -0.292739 0.809812 0.475181 0.344104
-0.285531 -0.0601875 -0.62289 -0.259675 -0.353831 -0.898539
0.0438431 0.18954 -0.20437 0.50761 -0.841558 0.184695
0.215288 0.443285 0.0745429 -0.50761 0.841558 -0.184695
0.114522 0.26901 0.287589 0.866453 0.342083 0.363646
0.0397848 0.105206 0.292017 0.378405 0.025173 -0.925298
-0.181032 0.0612784 0.200518 0.378405 0.025173 -0.925298
-0.265745 -0.258539 0.236736 -0.505167 -0.117051 0.855047
0.0677001 -0.17342 0.362264 0.283269 -0.763015 0.581006
-0.435025 -0.103154 -0.221919 0.50761 -0.841558 0.184695
-0.22947 0.253999 0.453434 -0.378405 -0.0251728 0.925298
0.223895 0.21511 -0.111324 -0.774042 -0.53958 -0.331228
0.375967 0.365568 -0.315104 0.507611 -0.841558 0.184695
-0.0505506 0.224456 -0.191925 -0.50761 0.841558 -0.184695
-0.237066 0.20819 0.246575 -0.50761 0.841558 -0.184695
0.39063 -0.0447435 -0.0784126 -0.814542 -0.538603 -0.215472
-0.166466 0.184599 -0.0549523 -0.50761 0.841558 -0.184695
-0.462431 -0.00449667 -0.103142 -0.50761 0.841558 -0.184695
0.175671 0.304323 0.125188 0.925131 -0.0434221 0.377156
-0.204894 -0.326125 0.261275 -0.378405 -0.0251731 0.925298
0.0347037 -0.0332826 0.286172 0.378405 0.0251718 -0.925298
0.236766 0.262816 -0.400712 0.50761 -0.841558 0.184695
-0.0753817 0.183841 0.0973359 0.50761 -0.841558 0.184695
0.227653 -0.106177 -0.182674 -0.378405 -0.0251729 0.925298
-0.0322325 -0.197578 -0.289177 -0.116512 0.145349 0.982496
0.227069 0.0348615 0.174889 -0.774042 -0.539581 -0.331228
0.150175 0.251085 0.00234793 -0.774042 -0.53958 -0.331228
0.402775 0.487729 -0.22623 0.774043 0.53958 0.331228
0.240062 -0.110565 -0.177719 -0.378405 -0.0251729 0.925298
-0.249784 -0.295802 0.0768425 -0.774042 -0.53958 -0.331228
-0.0271411 0.355877 0.538949 -0.378405 -0.0251728 0.925298
-0.0393089 0.169538 -0.473052 -0.50761 0.841558 -0.184694
-0.173723 0.223323 0.141437 -0.50761 0.841558 -0.184695
0.0517506 -0.20072 -0.257182 -0.378402 -0.0251732 0.925299
0.391771 0.409254 -0.159485 0.50761 -0.841558 0.184695
-0.0119044 -0.357486 -0.333439 -0.234832 -0.669052 -0.705141
-0.06151 0.204588 0.153746 0.50761 -0.841558 0.184695
0.142961 0.188445 0.121248 -0.774042 -0.539582 -0.331226
0.340913 0.196292 -0.17987 0.833276 0.425018 -0.353568
0.384344 0.388024 -0.235804 0.50761 -0.841559 0.184692
-0.273128 -0.0851286 0.239927 -0.378405 -0.0251731 0.925298
-0.353505 -0.146925 0.195655 -0.71077 -0.287862 0.641826
-0.113355 -0.13881 -0.391647 -0.0944168 -0.267408 -0.958947
0.267448 0.261196 -0.0617473 0.774042 0.53958 0.331228
-0.0244111 0.147403 -0.208778 0.50761 -0.841558 0.184695
-0.0593044 0.345288 0.382706 -0.50761 0.841558 -0.184695
-0.32687 -0.126202 0.216832 -0.378405 -0.0251731 0.925298
-0.00798019 0.251615 -0.185175 -0.50761 0.841558 -0.184695
0.136033 -0.113566 -0.301398 0.378402 0.0251746 -0.925299
-0.298556 -0.224575 0.0747863 -0.774042 -0.53958 -0.331228
-0.153763 0.118309 0.0141617 0.50761 -0.841558 0.184695
0.335513 0.126189 -0.000878102 0.774042 0.53958 0.331228
0.378547 0.413643 -0.103141 0.50761 -0.841558 0.184695
-0.0922519 0.236556 -0.0221785 -0.50761 0.841558 -0.184695
0.160827 0.406941 0.0586198 -0.50761 0.841558 -0.184695
-0.410902 -0.0410443 -0.411291 -0.50761 0.841558 -0.184695
0.358858 -0.049086 0.14365 0.50761 -0.841558 0.184695
0.171142 0.250294 -0.0453605 -0.774042 -0.53958 -0.331228
-0.111895 0.287502 0.502428 -0.378405 -0.0251728 0.925298
-0.565742 -0.0320505 0.0552477 -0.50761 0.841558 -0.184695
0.25725 0.402681 -0.225796 -0.50761 0.841558 -0.184695
0.359444 0.403914 -0.382382 0.378405 0.0251732 -0.925298
-0.1282 -0.0373717 -0.324258 -0.116512 0.145349 0.982496
-0.629983 -0.0650448 0.0814681 -0.50761 0.841558 -0.184695
-0.443507 0.0126738 -0.0769151 -0.50761 0.841558 -0.184695
0.29692 0.0129056 0.0474219 -0.774042 -0.53958 -0.331228
0.0893785 -0.276006 -0.245051 -0.200072 -0.287892 0.936531
-0.161712 -0.347681 0.20422 0.745411 -0.665866 -0.0313854
0.356657 -0.00954544 -0.0556021 -0.774042 -0.53958 -0.331228
-0.278055 0.0345406 -0.432003 -0.50761 0.841558 -0.184695
0.241218 0.0594878 0.328139 0.774042 0.53958 0.331228
0.214746 0.248603 -0.148842 -0.846928 -0.526749 -0.0724444
0.125982 0.0616411 0.405937 -0.240501 0.0674461 0.968303
0.207426 0.194413 0.187309 0.774042 0.539582 0.331226
0.105178 0.229268 0.352712 0.58599 0.494364 0.642044
-0.585467 0.00780794 0.291075 -0.50761 0.841558 -0.184695
0.106684 -0.0172274 0.316045 0.378405 0.025173 -0.925298
0.101776 0.38597 0.53144 0.507612 -0.841557 0.184693
-0.0197167 0.210598 -0.339812 -0.50761 0.841558 -0.184695
-0.0478236 -0.0915984 0.274897 -0.545561 0.813617 -0.200975
0.190917 -0.0108602 -0.195104 -0.378405 -0.0251749 0.925298
0.216437 0.473175 0.20758 -0.50761 0.841558 -0.184695
-0.340117 -0.205159 0.145648 -0.838143 -0.531985 -0.120448
-0.182775 0.0269895 -0.322197 0.50761 -0.841558 0.184695
-0.220356 -0.0957915 0.261219 -0.378405 -0.0251731 0.925298
-0.338708 -0.0695403 -0.333473 0.50761 -0.841558 0.184695
0.159871 0.346376 -0.214715 -0.50761 0.841558 -0.184695
-0.241936 -0.0410498 -0.466874 0.457579 -0.885415 0.0816268
0.274093 0.00244757 -0.241782 0.378405 0.025173 -0.925298
0.17545 -0.154535 -0.286393 0.378405 0.025173 -0.925298
0.155394 0.257757 -0.200127 0.50761 -0.841558 0.184695
-0.290302 -0.0426305 0.23406 -0.378405 -0.0251725 0.925298
0.351265 0.482643 -0.119839 -0.50761 0.841558 -0.184695
0.0522981 -0.141553 0.290422 0.378405 0.025173 -0.925298
0.169565 0.275267 -0.15929 0.50761 -0.841558 0.184695
-0.369181 0.0650611 0.363588 0.50761 -0.841558 0.184695
0.04676 0.283362 -0.190967 -0.50761 0.841558 -0.184695
0.0284563 0.395052 0.368252 -0.50761 0.841558 -0.184695
0.292611 0.00882347 -0.152981 -0.378405 -0.025173 0.925298
-0.485977 0.0110481 0.0324007 -0.50761 0.841558 -0.184695
0.30051 0.424681 -0.24445 -0.50761 0.841558 -0.184695
-0.18904 -0.198746 0.190169 0.378405 0.025173 -0.925298
0.00826216 -0.108413 -0.272456 -0.378405 -0.025173 0.925298
-0.0778272 0.196399 0.161277 0.50761 -0.841558 0.184695
0.227242 -0.090825 -0.182424 -0.378405 -0.0251729 0.925298
-0.361351 0.0989722 0.0905064 -0.50761 0.841558 -0.184695
-0.272334 0.0287569 -0.47408 -0.50761 0.841558 -0.184695
-0.186652 -0.28497 -0.0883368 -0.774042 -0.53958 -0.331228
-0.187077 0.122749 0.125955 0.50761 -0.841558 0.184695
0.0622254 0.27075 0.115141 0.50761 -0.841558 0.184695
-0.0402186 -0.0584833 -0.371979 0.378405 0.0251731 -0.925298
0.126274 0.102726 0.399998 0.0100203 0.220118 0.975422
-0.0280114 0.232771 0.190093 0.50761 -0.841558 0.184695
-0.224206 -0.202376 0.0913062 0.774042 0.53958 0.331228
-0.222547 0.0951577 -0.308359 -0.50761 0.841558 -0.184695
-0.449754 -0.0266787 -0.239055 -0.50761 0.841558 -0.184695
0.172508 0.355627 -0.207294 -0.50761 0.841558 -0.184695
