ply
format ascii 1.0
comment Created by Open3D
element vertex 2096
property double x
property double y
property double z
property double nx
property double ny
property double nz
end_header
-0.0938864 -0.194542 -0.144841 -0.571572 0.64934 -0.50166
-0.0804986 0.0597402 0.11208 -0.691332 -0.0517525 0.720682
-0.0536545 -0.0495759 -0.00303855 -0.571571 0.64934 -0.501662
0.30071 0.150238 0.114242 0.691332 0.0517525 -0.720682
0.254024 0.0047199 0.248252 0.57157 -0.64934 0.501663
0.0834664 0.0987141 -0.0978541 0.691332 0.0517525 -0.720682
0.295808 0.293523 0.11983 0.691332 0.0517525 -0.720682
0.229578 0.00416596 0.128049 -0.680097 -0.0328196 0.732387
-0.0783516 -0.139929 0.099801 -0.691332 -0.0517525 0.720682
-0.0748496 0.133627 0.122804 -0.691332 -0.0517525 0.720682
-0.0890913 0.113947 0.077627 -0.704864 0.267563 -0.656945
0.126313 -0.34324 -0.0667681 0.85275 -0.520914 0.0382782
0.00289432 0.348997 0.212848 -0.691332 -0.0517525 0.720682
0.159829 0.317589 0.0373689 -0.691332 -0.0517525 0.720682
-0.0131836 -0.382188 -0.0966191 -0.575644 0.118379 0.809086
0.00153238 0.223977 0.202564 -0.691332 -0.0517525 0.720682
0.0476526 -0.127362 0.0360638 0.442007 0.758735 0.478488
0.278679 -0.0191825 0.080942 0.691332 0.0517525 -0.720682
-0.126539 -0.0476608 0.051986 -0.704864 0.267563 -0.656945
0.235685 0.282119 0.379887 0.442009 0.758734 0.478487
-0.146147 -0.113955 0.0190118 -0.57157 0.64934 -0.501663
-0.152238 -0.473315 0.00498262 -0.691332 -0.0517525 0.720682
-0.0125821 0.467277 0.206496 -0.691332 -0.0517525 0.720682
0.133142 0.449047 0.0738846 0.0381869 -0.548858 0.835043
-0.0862514 -0.425176 0.0589273 -0.106569 -0.485231 0.867868
0.145227 -0.162703 0.155503 0.57157 -0.64934 0.501663
0.187941 0.347988 0.0665186 -0.691332 -0.0517525 0.720682
0.30349 0.357497 0.197728 0.442006 0.758735 0.478489
0.0494053 0.477876 0.0325635 -0.442005 -0.758735 -0.47849
-0.0572769 -0.233325 -0.236752 -0.571568 0.64934 -0.501664
0.217199 0.419422 0.108749 -0.830257 -0.538605 0.14345
0.0638961 -0.135978 -0.133481 0.691332 0.0517526 -0.720682
0.0301554 0.284405 0.234361 -0.691332 -0.0517525 0.720682
0.342889 0.0714386 0.233363 0.57157 -0.64934 0.501663
0.130387 0.238891 0.327242 -0.691332 -0.0517525 0.720682
0.13057 0.0677735 -0.0548902 0.691332 0.0517525 -0.720682
-0.0233055 0.406923 0.145622 0.691332 0.0517525 -0.720682
0.313855 0.335656 0.140167 0.691332 0.0517525 -0.720682
-0.00491892 0.38742 0.16186 0.691332 0.0517525 -0.720682
-0.0427121 0.0175668 0.145299 -0.691332 -0.0517525 0.720682
0.0748942 -0.103723 0.00793625 -0.146207 0.520995 0.840944
0.299774 0.129222 0.111835 0.691332 0.0517525 -0.720682
-0.0796741 -0.2299 -0.2068 -0.571569 0.64934 -0.501663
0.326895 0.240544 0.361558 0.442005 0.758735 0.47849
-0.13261 -0.367299 0.0314245 -0.691332 -0.0517525 0.720682
-0.0883017 -0.322198 -0.154838 -0.303307 0.400882 0.864464
-0.160162 -0.233439 -0.119677 -0.571569 0.64934 -0.501664
0.00707574 0.511982 0.226575 0.442005 0.758735 0.47849
0.178135 -0.0381185 0.122802 0.0575514 0.641589 0.764886
0.0481532 0.522603 0.0900152 -0.571569 0.64934 -0.501663
-0.109294 -0.331386 0.0563704 -0.691332 -0.0517525 0.720682
0.208371 0.399634 0.210947 -0.697222 0.626211 -0.348915
0.0441907 0.231058 0.243994 -0.691332 -0.0517525 0.720682
-0.159848 -0.224078 0.0155805 -0.691332 -0.0517525 0.720682
0.161219 0.13773 -0.0204667 0.691332 0.0517525 -0.720682
0.0307886 0.549554 0.145093 0.442005 0.758735 0.47849
0.0141272 -0.509235 -0.185767 0.472509 -0.730062 -0.493706
0.169519 -0.205758 0.0720963 0.57157 -0.64934 0.501663
0.0327914 0.41076 0.167746 0.896873 -0.364396 -0.250669
0.222943 0.175823 0.0414799 0.691332 0.0517525 -0.720682
0.129556 -0.060343 0.0638053 -0.794238 -0.591392 0.139432
0.341339 0.316555 0.16516 0.691332 0.0517525 -0.720682
0.00359124 0.266644 0.207603 -0.691332 -0.0517525 0.720682
0.201378 0.279765 0.132681 -0.57157 0.64934 -0.501663
0.137531 0.409352 0.268806 0.442005 0.758735 0.47849
0.108018 0.268677 0.224699 -0.571569 0.64934 -0.501663
-0.220939 -0.43467 -0.151611 -0.442005 -0.758735 -0.47849
0.00439944 -0.178763 0.176393 -0.691332 -0.0517525 0.720682
-0.0176995 0.496068 0.203654 -0.691332 -0.0517525 0.720682
-0.0312861 0.311342 0.131103 0.691332 0.0517525 -0.720682
-0.205512 -0.441009 -0.045895 -0.771424 -0.216678 0.598295
0.0293548 -0.0168325 -0.0476653 -0.482062 0.22902 0.845675
-0.116764 -0.294083 -0.0819594 0.413547 -0.300092 -0.859607
-0.0913482 -0.48042 -0.198776 -0.442005 -0.758735 -0.47849
-0.102561 -0.275065 -0.239185 -0.571569 0.64934 -0.501663
-0.0147055 -0.405106 -0.228208 0.691332 0.0517525 -0.720682
-0.145526 -0.317554 -0.136495 0.698184 0.706056 0.118425
-0.0192175 0.46251 0.12032 -0.442005 -0.758735 -0.47849
0.0263237 0.390842 0.191894 -0.442034 -0.758737 -0.47846
0.235447 -0.153411 0.0401939 0.896656 -0.35869 -0.259516
0.199304 0.240816 0.0846296 -0.57157 0.64934 -0.501663
0.134354 0.146266 0.130991 -0.508647 -0.760118 -0.40435
-0.118511 -0.17612 0.0586779 -0.691332 -0.0517525 0.720682
0.196766 0.393569 0.0320053 0.691332 0.0517525 -0.720682
-0.0909008 0.190983 0.111526 -0.691332 -0.0517525 0.720682
0.251895 -0.126557 0.075013 0.802692 -0.57266 0.166572
-0.0380901 0.18616 0.161839 -0.691332 -0.0517525 0.720682
0.370538 0.218726 0.355838 0.442005 0.758735 0.47849
-0.0554287 -0.148211 -0.00551397 0.340928 -0.368176 -0.864994
0.051093 0.0301833 0.00409613 -0.754644 -0.656048 0.0106308
0.0508359 0.305688 0.255727 -0.691332 -0.0517525 0.720682
0.111803 -0.149495 0.0777887 -0.571571 0.64934 -0.501662
0.0932067 -0.0835476 0.137311 0.146215 -0.52099 -0.840946
-0.110486 -0.318112 -0.0722577 0.575642 -0.118381 -0.809087
-0.171145 -0.321889 -0.221651 -0.57157 0.64934 -0.501663
-0.00686686 -0.269809 -0.0179134 0.508644 0.760118 0.404354
0.254692 0.277687 0.0792506 0.691332 0.0517525 -0.720682
0.128306 -0.12605 0.0383174 -0.482062 0.22902 0.845675
0.0180891 0.461023 0.0882156 -0.442005 -0.758735 -0.47849
0.213401 -0.193755 0.0238806 0.875924 -0.480065 -0.0479025
0.138242 -0.13459 0.199849 0.57157 -0.64934 0.501663
0.129061 -0.297983 -0.00118186 0.57157 -0.64934 0.501663
0.0166101 -0.122305 -0.177234 -0.571569 0.64934 -0.501663
0.221882 0.349262 0.182829 -0.795226 0.578249 -0.182331
0.357814 0.154486 0.323853 0.57157 -0.64934 0.501663
-0.106897 -0.526166 -0.0916488 -0.0756105 -0.986773 -0.143392
0.0361433 -0.349513 0.0379848 0.57157 -0.64934 0.501663
0.0313524 -0.0680908 0.210196 -0.691332 -0.0517525 0.720682
-0.100978 -0.227137 -0.178952 -0.571569 0.64934 -0.501663
-0.181557 -0.305379 -0.188418 -0.57157 0.64934 -0.501663
0.0227212 0.039069 0.0374038 -0.334031 -0.742548 -0.580557
0.108942 0.125002 -0.0252753 -0.691332 -0.0517525 0.720682
0.326162 0.0548235 0.230915 0.57157 -0.64934 0.501663
0.0322903 -0.192042 0.0292687 -0.296242 -0.733433 -0.611814
-0.0559968 -0.129586 0.121988 -0.691332 -0.0517525 0.720682
0.175059 0.393855 0.011203 0.691332 0.0517525 -0.720682
0.10712 -0.0341673 -0.0847064 0.691332 0.0517526 -0.720682
-0.0375923 -0.0883143 0.142607 -0.691332 -0.0517525 0.720682
-0.1982 -0.251656 -0.0999182 -0.571569 0.64934 -0.501663
-0.11496 -0.299517 0.0532232 -0.691332 -0.0517525 0.720682
0.124975 -0.148457 -0.0757856 0.691332 0.0517525 -0.720682
0.0628073 -0.0288726 -0.126834 0.691332 0.0517525 -0.720682
0.399644 0.271112 0.217828 0.691332 0.0517525 -0.720682
0.11941 0.0409864 0.302501 -0.691332 -0.0517525 0.720682
0.0326998 -0.0853642 0.210248 -0.691332 -0.0517525 0.720682
-0.00931627 0.534963 0.171698 -0.62088 0.643773 -0.447285
-0.0888149 0.0900492 0.106279 -0.691332 -0.0517525 0.720682
-0.080133 -0.383546 -0.10136 0.475922 0.760372 0.441964
0.153987 0.278121 -0.0173226 0.691332 0.0517525 -0.720682
0.101748 0.161544 0.294215 -0.691332 -0.0517525 0.720682
-0.045398 -0.285258 -0.249044 0.691332 0.0517525 -0.720682
-0.16714 -0.376378 -0.292422 -0.354113 -0.746636 -0.563151
0.0423891 -0.126604 0.102261 0.819713 0.424184 -0.384886
0.156616 0.543257 0.038845 0.442009 0.758734 0.478489
0.00257764 0.00762853 0.188031 -0.691332 -0.0517525 0.720682
-0.00584532 0.134188 0.189039 -0.691332 -0.0517525 0.720682
0.0581022 0.426656 0.271384 -0.691332 -0.0517525 0.720682
0.196527 0.187722 0.0169936 0.691332 0.0517525 -0.720682
0.168703 0.439966 0.0747296 -0.312925 -0.36949 0.87496
-0.0216131 -0.244475 0.146721 -0.691332 -0.0517525 0.720682
0.221073 0.456381 0.0598325 0.691332 0.0517525 -0.720682
0.33451 0.347589 0.184783 0.442005 0.758735 0.47849
0.0588733 0.0551841 0.0675163 0.508642 0.760118 0.404357
0.0676454 0.0417357 -0.07087 -0.691332 -0.0517525 0.720682
0.245097 0.0519874 0.319605 0.57157 -0.64934 0.501663
-0.0378666 -0.463182 -0.0248222 0.57157 -0.64934 0.501663
0.192975 -0.188562 -0.0134343 0.691332 0.0517525 -0.720682
-0.100415 -0.16301 -0.0471322 0.819714 0.424186 -0.384884
-0.128389 -0.265449 -0.0991194 0.22587 -0.463248 -0.856962
-0.0587362 -0.0726296 -0.0270889 -0.571569 0.64934 -0.501663
0.0597132 0.232908 0.259017 -0.691332 -0.0517525 0.720682
0.101689 0.357987 -0.0276753 -0.704864 0.267563 -0.656945
0.360189 0.207956 0.382476 0.442005 0.758735 0.47849
0.4003 0.216691 0.331573 0.442005 0.758735 0.47849
0.252716 -0.103196 0.110059 0.57157 -0.64934 0.501663
0.186374 0.202266 0.378319 -0.691332 -0.0517525 0.720682
-0.0106082 0.540016 0.183944 -0.782076 0.587205 -0.208681
-0.0521299 0.469707 0.154966 -0.890659 0.434596 0.133613
0.0403217 -0.269331 -0.0307513 -0.186271 0.492734 0.85001
-0.170709 -0.442072 -0.186274 -0.442005 -0.758735 -0.47849
0.303769 0.202945 0.442541 0.442005 0.758735 0.47849
0.233221 0.443422 0.0705557 0.691332 0.0517525 -0.720682
0.22253 0.0684848 0.0333753 0.691332 0.0517525 -0.720682
0.336971 0.155708 0.349182 0.57157 -0.64934 0.501663
0.138625 0.256328 0.336396 -0.691332 -0.0517525 0.720682
0.0881573 -0.313634 0.0251628 0.57157 -0.64934 0.501663
0.297831 0.0333259 0.235368 0.57157 -0.64934 0.501663
0.163003 0.197972 0.0318238 -0.691332 -0.0517525 0.720682
-0.15895 -0.128801 0.0143819 -0.57157 0.64934 -0.501663
0.156123 0.540397 0.0438347 0.442009 0.758734 0.478489
-0.243482 -0.407714 -0.0839498 -0.804132 -0.32129 0.500145
0.164369 0.238731 0.359828 -0.691332 -0.0517525 0.720682
0.130902 -0.325831 -0.0788579 0.863645 -0.215824 -0.455563
-0.0165802 -0.0650537 -0.0653133 -0.57157 0.64934 -0.501663
0.14088 0.469615 0.0877091 -0.285491 -0.924585 0.252265
0.313624 0.0637548 0.256761 0.57157 -0.64934 0.501663
0.0213552 0.37964 0.186505 0.691332 0.0517525 -0.720682
0.205401 0.352521 0.217479 -0.740588 -0.0795944 -0.667229
0.0680703 0.179799 -0.0605479 -0.691332 -0.0517525 0.720682
0.0154258 -0.16211 -0.00124967 -0.475923 -0.760372 -0.441964
0.0469439 0.323103 0.206992 0.691332 0.0517526 -0.720682
0.0130667 -0.0512519 -0.0812267 -0.57157 0.64934 -0.501663
0.150586 0.546289 0.0396065 0.442001 0.758737 0.478491
0.142926 -0.127357 0.0709836 -0.57157 0.64934 -0.501663
0.0693701 0.263032 0.224191 0.691332 0.0517526 -0.720682
0.159881 -0.0671877 0.262439 0.57157 -0.64934 0.501663
0.016911 0.425089 0.231758 -0.691332 -0.0517525 0.720682
-0.0964423 -0.13952 0.0824763 -0.691332 -0.0517525 0.720682
-0.119057 -0.10015 0.0636097 -0.691332 -0.0517525 0.720682
0.140724 -0.104166 0.103511 -0.571569 0.64934 -0.501663
0.341579 0.0748069 0.239215 0.57157 -0.64934 0.501663
0.152725 -0.219483 -0.0542662 0.691332 0.0517525 -0.720682
-0.0023338 -0.156205 0.00301128 -0.257749 -0.722504 -0.641525
0.0567795 -0.00913345 -0.129013 -0.704864 0.267563 -0.656945
-0.103111 -0.168159 -0.0662568 0.782974 0.614493 -0.0966959
-0.0195724 -0.131239 -0.147573 -0.57157 0.64934 -0.501662
-0.158868 -0.516287 -0.0237851 -0.71363 -0.623418 0.319504
0.263725 0.336504 0.267748 0.442005 0.758735 0.47849
-0.0651881 0.150163 0.13326 -0.691332 -0.0517525 0.720682
-0.020653 -0.0640943 0.0285318 0.782975 0.614491 -0.0967003
-0.0797426 -0.267086 -0.121755 -0.698185 -0.706055 -0.118423
0.139263 0.409678 0.0242531 -0.691332 -0.0517525 0.720682
-0.036812 -0.0366266 0.147067 -0.691332 -0.0517525 0.720682
0.0037264 -0.173638 0.176116 -0.691332 -0.0517525 0.720682
0.333337 0.0121976 0.152986 0.875925 -0.480063 -0.0479059
0.0573739 0.451076 0.194469 0.321789 -0.79413 -0.515568
0.0888721 0.386167 0.297994 -0.691332 -0.0517525 0.720682
0.145729 0.143681 -0.0348981 0.691332 0.0517525 -0.720682
0.134361 0.421705 -0.0258376 0.691332 0.0517525 -0.720682
0.22579 0.456037 0.0643332 0.691332 0.0517525 -0.720682
-0.00631682 -0.49819 -0.106082 0.57157 -0.64934 0.501663
-0.0876536 -0.325547 0.0775485 -0.691332 -0.0517525 0.720682
0.030902 -0.0713058 -0.0186075 0.0166758 0.620437 0.784079
0.343148 0.28615 0.164712 0.691332 0.0517525 -0.720682
0.0219899 -0.23496 0.0619235 0.340929 -0.368175 -0.864994
0.230459 0.049654 0.333263 0.57157 -0.64934 0.501663
0.136075 -0.236711 -0.0714751 0.691332 0.0517525 -0.720682
-0.0485548 -0.0804646 0.132654 -0.691332 -0.0517525 0.720682
-0.036455 0.396513 0.136236 -0.704864 0.267563 -0.656945
0.07254 -0.0119698 0.0736282 -0.406998 -0.755213 -0.513815
0.0904046 0.484505 -0.00743613 -0.57157 0.64934 -0.501663
0.0899513 0.448178 0.182784 0.889215 -0.440799 -0.122445
0.0791622 -0.00475864 0.0147361 -0.810816 -0.540849 0.223741
0.134535 -0.0656259 0.090525 -0.698189 -0.706052 -0.118415
-0.0940667 -0.271229 0.0752971 -0.691332 -0.0517525 0.720682
0.197439 -0.0607183 0.228021 0.57157 -0.64934 0.501663
0.264752 0.134414 0.40385 0.554433 -0.650415 0.519196
-0.00414376 -0.499441 -0.110183 0.563526 -0.662886 0.492971
0.135905 0.375598 0.254168 -0.442006 -0.758735 -0.47849
-0.159844 -0.344035 0.00697077 -0.691332 -0.0517525 0.720682
0.163628 0.117173 0.350389 -0.691332 -0.0517525 0.720682
0.00321745 0.272891 0.16144 0.691332 0.0517525 -0.720682
0.121029 0.518718 0.110629 0.442005 0.758735 0.47849
0.265511 -0.104282 0.0840977 0.85275 -0.520914 0.0382782
0.418988 0.211414 0.232096 0.691332 0.0517526 -0.720682
0.272193 0.132514 0.0856133 0.691332 0.0517525 -0.720682
0.356501 0.166161 0.340461 0.57157 -0.64934 0.501663
0.234191 -0.0375259 0.216167 0.57157 -0.64934 0.501663
0.0249274 0.176426 0.221592 -0.691332 -0.0517525 0.720682
-0.276693 -0.365562 -0.157925 -0.57157 0.649341 -0.50166
0.0258391 -0.0608187 -0.0266247 -0.0242362 0.597745 0.80132
-0.0605214 0.0161815 0.128115 -0.691332 -0.0517525 0.720682
0.0192842 0.548309 0.15618 -0.571569 0.64934 -0.501663
-0.0847679 -0.4211 -0.264732 0.116816 -0.540662 -0.83309
-0.127641 -0.190025 -0.100536 -0.571568 0.64934 -0.501665
0.218896 0.314085 0.135718 -0.442006 -0.758734 -0.478491
0.253054 0.0844835 0.352602 0.57157 -0.64934 0.501663
0.0767894 -0.298727 0.0574111 0.57157 -0.64934 0.501663
0.217893 0.40276 0.100475 -0.757038 0.029391 0.652709
0.146587 -0.287452 -0.00751931 0.57157 -0.64934 0.501663
-0.23612 -0.403776 -0.186576 -0.442005 -0.758735 -0.47849
-0.113855 -0.128494 -0.0365998 -0.571569 0.64934 -0.501663
-0.100348 -0.000468705 0.0887147 -0.691332 -0.0517525 0.720682
-0.00927437 -0.0773429 0.0238523 0.718816 0.691084 0.0755402
-0.115879 -0.291972 -0.17853 -0.303307 0.400882 0.864464
0.00701329 -0.0277337 0.0804655 0.48206 -0.229023 -0.845676
0.323692 0.218532 0.399421 0.442005 0.758735 0.47849
0.0998509 0.478917 0.193304 0.442005 0.758735 0.47849
0.182705 0.485882 0.105724 0.442007 0.758735 0.478489
0.00378368 0.0113206 0.0628721 0.186278 -0.492728 -0.850011
0.0579985 0.479326 0.0227816 -0.57157 0.64934 -0.501663
-0.0481647 -0.146291 -0.118703 -0.413545 0.300094 0.859607
0.165091 0.118814 0.141263 -0.626145 -0.74028 -0.244801
0.316619 0.257197 0.137184 0.691332 0.0517525 -0.720682
-0.0220962 -0.375422 -0.233166 0.691332 0.0517525 -0.720682
0.00257384 -0.0507606 -0.0335756 0.138753 0.679051 0.720859
0.0566591 -0.330195 0.0396149 0.57157 -0.64934 0.501663
0.346095 0.234913 0.163859 0.691332 0.0517525 -0.720682
-0.0118147 -0.0615399 0.169257 -0.691332 -0.0517525 0.720682
0.272206 0.331717 0.099931 0.691332 0.0517525 -0.720682
-0.0728644 0.172832 0.127524 -0.691332 -0.0517525 0.720682
-0.0489306 -0.516367 -0.0889668 0.381487 -0.873219 0.303244
0.033272 -0.416202 -0.0450645 0.57157 -0.64934 0.501663
0.034955 -0.0570182 -0.125099 -0.704864 0.267563 -0.656945
-0.168724 -0.376188 -0.00385732 -0.691332 -0.0517525 0.720682
0.104911 0.299188 0.260881 0.691332 0.0517526 -0.720682
-0.0722811 -0.524167 -0.123362 -0.0473047 -0.99205 -0.116618
-0.250615 -0.339735 -0.154207 -0.571569 0.64934 -0.501664
0.142958 0.206047 0.103823 -0.571569 0.649339 -0.501665
0.278682 0.407321 0.141637 0.442005 0.758735 0.47849
0.14098 -0.302152 -0.0201581 0.57157 -0.64934 0.501663
0.119003 -0.130645 0.093984 -0.57157 0.64934 -0.501663
-0.197982 -0.333296 -0.0288437 -0.691332 -0.0517525 0.720682
0.0321286 0.141478 0.22599 -0.691332 -0.0517525 0.720682
0.147829 0.0273922 0.328785 -0.691332 -0.0517525 0.720682
0.136402 0.33543 -0.0300754 0.691332 0.0517525 -0.720682
0.359005 0.118744 0.276233 0.57157 -0.64934 0.501663
0.0447252 -0.0416822 0.224921 -0.691332 -0.0517525 0.720682
0.0726842 0.552052 0.100185 -0.571569 0.64934 -0.501663
-0.202893 -0.472005 -0.0768882 -0.783201 -0.614077 0.0974938
0.112964 0.0298484 0.295517 -0.691332 -0.0517525 0.720682
0.0868723 -0.0806402 -0.107466 0.691332 0.0517526 -0.720682
0.0203262 -0.0695152 -0.0192974 0.0982873 0.661148 0.74379
-0.176899 -0.321043 -0.00773884 -0.691332 -0.0517525 0.720682
-0.141543 -0.299243 -0.226066 -0.571566 0.649342 -0.501664
-0.159528 -0.283989 -0.18583 -0.571567 0.649341 -0.501664
0.198698 0.392372 0.239227 0.442002 0.758736 0.478492
-0.0496562 0.353591 0.162768 -0.691332 -0.0517525 0.720682
0.0574304 -0.211967 0.189798 0.406213 -0.644902 0.647373
0.0848173 0.404283 0.245897 0.14485 -0.465609 -0.873056
-0.104423 -0.287296 -0.0812016 0.146224 -0.520983 -0.840949
0.130013 -0.0871336 0.136797 -0.257748 -0.722503 -0.641525
0.0659813 -0.216232 0.0367499 -0.540096 -0.757975 -0.365745
0.0941614 0.279035 -0.0283932 -0.691332 -0.0517525 0.720682
-0.0500069 0.0317423 0.0930666 0.691332 0.0517526 -0.720682
-0.00120668 -0.205768 0.169076 -0.691332 -0.0517525 0.720682
0.000813255 -0.166213 -0.0804507 -0.702136 -0.0706511 0.708529
0.0488643 -0.257108 -0.0333366 -0.413545 0.300094 0.859607
-0.28491 -0.343253 -0.113533 -0.74024 -0.144243 0.656688
-0.0300437 -0.47531 -0.0494343 0.57157 -0.64934 0.501663
0.077424 -0.28342 -0.131092 0.691332 0.0517525 -0.720682
0.0509401 -0.145834 0.0774681 0.718815 0.691085 0.075541
0.29022 0.372606 0.120147 0.691332 0.0517525 -0.720682
-0.0133388 -0.519041 -0.182178 0.0553818 -0.947502 -0.314918
0.0306519 -0.0671752 -0.0217375 -0.0242349 0.597746 0.801319
0.00338792 -0.0488837 0.18475 -0.691332 -0.0517525 0.720682
-0.0504745 -0.38594 -0.109316 -0.0242496 0.597737 0.801325
-0.120247 -0.10977 -0.00508063 -0.571571 0.649339 -0.501663
-0.190262 -0.28201 -0.148252 -0.571569 0.64934 -0.501663
0.115763 0.475841 0.0975474 0.300649 -0.62788 0.717898
-0.0296335 0.142031 0.12053 0.691332 0.0517526 -0.720682
0.0442811 0.432449 0.10933 -0.442004 -0.758737 -0.478488
0.118401 -0.300976 -0.0930439 0.691332 0.0517525 -0.720682
0.0993825 0.182408 -0.0765761 0.691332 0.0517525 -0.720682
0.180344 0.303591 0.00979003 0.691332 0.0517525 -0.720682
0.0799576 0.298683 0.236907 0.691332 0.0517526 -0.720682
-0.0792835 -0.086899 0.102715 -0.691332 -0.0517525 0.720682
0.296859 0.0959749 0.317567 0.57157 -0.64934 0.501663
0.0249783 0.165369 0.174594 0.691332 0.0517526 -0.720682
-0.0233009 -0.142453 0.152428 -0.691332 -0.0517525 0.720682
0.215999 -0.135344 0.110281 0.57157 -0.64934 0.501663
0.0364343 0.536447 0.160662 0.442005 0.758735 0.47849
0.122841 0.244379 -0.0496228 0.691332 0.0517525 -0.720682
0.287429 0.368857 0.194551 0.442006 0.758735 0.478489
0.180746 -0.0914385 -0.0181908 0.691332 0.0517525 -0.720682
0.210174 0.155065 0.0277402 0.691332 0.0517525 -0.720682
0.0661821 -0.198166 0.198055 0.406213 -0.644902 0.647373
0.303864 -0.0269079 0.150519 0.58836 -0.647875 0.483829
-0.139433 -0.14495 -0.0287576 -0.57157 0.64934 -0.501663
0.094712 0.198918 -0.0798708 0.691332 0.0517525 -0.720682
0.205597 0.296732 0.38451 0.442005 0.758735 0.47849
0.399168 0.154541 0.276807 0.57157 -0.64934 0.501663
0.357524 0.116853 0.166345 0.691332 0.0517525 -0.720682
0.303106 0.0126805 0.202635 0.57157 -0.64934 0.501663
0.32476 0.361732 0.171363 0.442005 0.758735 0.47849
0.193189 -0.187827 -0.0131771 0.691332 0.0517525 -0.720682
-0.0960986 -0.443739 -0.245516 -0.202876 -0.704177 -0.680423
0.155203 -0.285876 -0.051614 0.874497 -0.245719 -0.418183
-0.205326 -0.407216 -0.209567 -0.442005 -0.758735 -0.47849
0.049497 -0.276542 -0.0156693 -0.571566 0.649343 -0.501664
0.169142 0.0985313 0.0820927 -0.796106 -0.290706 0.53076
0.022558 -0.158645 -0.174763 0.691332 0.0517526 -0.720682
0.233678 0.253531 0.427073 0.442005 0.758735 0.47849
0.179193 -0.0751578 -0.0185114 0.691332 0.0517525 -0.720682
0.291639 0.0495651 0.263442 0.57157 -0.64934 0.501663
-0.0153256 -0.514534 -0.191406 0.0557265 -0.816456 -0.574712
-0.129483 -0.430121 -0.243306 -0.442005 -0.758735 -0.47849
0.0723262 0.006858 0.254883 -0.691332 -0.0517525 0.720682
-0.0708273 -0.0561506 0.0080172 -0.57157 0.64934 -0.501663
0.117949 0.243893 -0.00809807 -0.691332 -0.0517525 0.720682
0.0898549 -0.0138343 0.0419728 -0.737643 -0.674408 -0.0325037
-0.0598873 0.144218 0.0916655 0.691332 0.0517525 -0.720682
0.296818 0.297139 0.121058 0.691332 0.0517525 -0.720682
0.207179 0.363234 0.0398157 0.691332 0.0517525 -0.720682
0.184958 -0.242029 -0.010094 0.890659 -0.434596 -0.133613
0.166025 -0.22035 -0.0415703 0.691332 0.0517525 -0.720682
-0.104957 0.0955558 0.0871595 -0.704864 0.267563 -0.656945
0.0936709 0.00311396 0.14658 0.769765 0.636062 -0.0537292
-0.0958269 -0.303824 -0.0697925 0.225864 -0.463253 -0.856961
0.0865213 0.477753 0.121236 0.60532 -0.645953 0.465115
0.108089 0.144886 0.148215 -0.138761 -0.679055 -0.720854
0.0818642 0.0852076 0.173927 0.54578 -0.155679 -0.82334
0.071389 0.0931537 -0.0635864 -0.691332 -0.0517525 0.720682
0.332083 0.316019 0.237085 0.442004 0.758735 0.47849
-0.20855 -0.273214 -0.0346664 -0.691332 -0.0517525 0.720682
-0.108054 -0.0578964 0.0771991 -0.691332 -0.0517525 0.720682
0.134381 -0.27878 -0.0761211 0.691332 0.0517525 -0.720682
-0.201187 -0.401157 -0.0367906 -0.691332 -0.0517525 0.720682
0.122624 0.102652 -0.0600086 0.691332 0.0517525 -0.720682
-0.0058769 -0.28811 0.145432 -0.106575 -0.485228 0.867869
0.0393712 -0.487974 -0.14673 0.709151 -0.622224 0.331575
-0.0667379 -0.0359841 0.118406 -0.691332 -0.0517525 0.720682
0.352083 0.102962 0.160128 0.691332 0.0517525 -0.720682
0.00354605 0.528442 0.203735 0.442007 0.758741 0.478479
0.147517 0.156975 0.337792 -0.691332 -0.0517525 0.720682
0.127454 0.164752 0.319105 -0.691332 -0.0517525 0.720682
-0.0763121 -0.0585075 0.107604 -0.691332 -0.0517525 0.720682
0.090365 -0.255504 0.0978894 0.57157 -0.64934 0.501663
-0.185088 -0.283386 -0.155928 -0.57157 0.64934 -0.501662
0.382175 0.106266 0.192791 0.863645 -0.215824 -0.455563
0.26315 -0.00293372 0.227948 0.57157 -0.64934 0.501663
-0.181933 -0.231699 -0.00615202 -0.691332 -0.0517525 0.720682
0.115416 0.148847 -0.063606 0.691332 0.0517525 -0.720682
0.0246177 -0.427589 -0.0499439 0.57157 -0.64934 0.501663
0.0880453 0.36511 0.295688 -0.691332 -0.0517525 0.720682
0.102228 0.430359 0.268106 0.442005 0.758735 0.47849
-0.277555 -0.380091 -0.175748 -0.571571 0.649341 -0.501659
0.0418036 0.197772 0.239313 -0.691332 -0.0517525 0.720682
0.132051 0.160722 0.0814322 -0.769766 -0.636061 0.0537302
-0.101021 -0.0475675 0.0384346 0.691332 0.0517525 -0.720682
-0.000785622 -0.509434 -0.194093 0.23327 -0.668971 -0.705736
0.0134526 -0.357334 -0.197766 0.691332 0.0517525 -0.720682
-0.143223 -0.524948 -0.0202547 -0.247164 -0.901016 0.356482
0.0728989 0.460057 0.248108 0.442005 0.758735 0.47849
0.119292 0.424511 0.236132 0.581578 0.163722 -0.796845
0.0238976 -0.101369 0.0897699 0.811945 0.359233 -0.460106
-0.105554 -0.374961 -0.295486 0.310686 -0.394537 -0.864763
-0.0271207 -0.299145 -0.232508 0.691332 0.0517525 -0.720682
0.0634551 0.20406 0.191833 -0.571569 0.64934 -0.501663
-0.0902615 -0.187294 -0.13959 -0.571569 0.64934 -0.501664
0.133639 0.129153 0.156408 -0.296262 -0.733438 -0.611798
-0.00992575 -0.136394 -0.0184075 -0.442007 -0.758735 -0.478488
0.247414 0.0776525 0.350185 0.57157 -0.64934 0.501663
0.0894848 0.105301 -0.0453553 -0.691332 -0.0517525 0.720682
0.140905 0.337272 0.344396 -0.691332 -0.0517525 0.720682
0.142648 0.469909 -0.0144266 0.691332 0.0517525 -0.720682
-0.0497091 -0.0554288 -0.0151097 -0.571569 0.64934 -0.501663
0.187516 0.472584 0.122367 0.442007 0.758734 0.478489
0.282747 0.0722595 0.302949 0.57157 -0.64934 0.501663
0.0749227 0.157847 -0.0804707 -0.704864 0.267563 -0.656945
0.0996573 -0.0301886 0.278441 -0.691332 -0.0517525 0.720682
-0.0860781 -0.182909 -0.13868 -0.571569 0.64934 -0.501664
-0.0407758 -0.0892045 -0.0690062 -0.57157 0.64934 -0.501662
0.193815 0.229904 0.017421 0.691332 0.0517525 -0.720682
-0.218606 -0.376397 -0.0517223 -0.691332 -0.0517525 0.720682
0.102417 -0.15703 0.211621 0.57157 -0.64934 0.501663
0.136217 0.00831188 0.0870097 0.0575514 0.641589 0.764886
0.0845547 0.127229 0.275258 -0.691332 -0.0517525 0.720682
0.234613 0.015939 0.0411925 0.691332 0.0517525 -0.720682
-0.0962404 -0.244725 0.0751152 -0.691332 -0.0517525 0.720682
-0.103245 -0.0672187 0.0811423 -0.691332 -0.0517525 0.720682
0.0822696 0.152132 -0.0489137 -0.691332 -0.0517525 0.720682
-0.237531 -0.359872 -0.0686901 -0.691332 -0.0517525 0.720682
0.297064 0.0119094 0.208521 0.57157 -0.64934 0.501663
0.0264877 -0.166673 -0.0374129 -0.803527 -0.566822 0.181818
0.26595 0.244338 0.0876549 0.691332 0.0517525 -0.720682
-0.11197 0.0228965 0.0792443 -0.691332 -0.0517525 0.720682
0.103167 -0.25575 -0.10441 0.691332 0.0517525 -0.720682
0.0667819 -0.16226 0.08236 0.675839 0.719257 0.160972
0.157207 0.00466504 0.32854 -0.278287 -0.391118 0.877259
0.114054 0.43465 0.0413876 -0.442006 -0.758735 -0.47849
0.241685 0.372669 0.230761 0.442005 0.758735 0.478491
0.0843417 0.503748 0.0243787 -0.57157 0.64934 -0.501663
0.263561 0.241806 0.418061 0.442009 0.758734 0.478487
0.0167852 -0.286427 -0.013282 0.334023 0.742546 0.580563
0.0872302 0.326059 0.238357 -0.442004 -0.758735 -0.478491
0.0526897 -0.195276 0.00768767 -0.698189 -0.706053 -0.118416
0.178678 0.356862 0.239561 -0.525119 -0.0923762 -0.846
0.00972658 -0.383181 -0.203196 0.691332 0.0517525 -0.720682
0.21626 0.30157 0.366989 0.442005 0.758735 0.47849
0.0281313 -0.263407 0.156938 0.406213 -0.644902 0.647373
0.0221151 -0.45328 -0.0803463 0.57157 -0.64934 0.501663
0.139255 0.0136361 0.319573 -0.691332 -0.0517525 0.720682
-0.220816 -0.242196 -0.0619065 -0.57157 0.64934 -0.501663
0.134282 0.138432 0.14384 -0.406996 -0.755212 -0.513817
-0.0011386 -0.257968 -0.0386754 0.218587 0.70977 0.669662
0.0875437 0.0104102 0.143881 0.782975 0.61449 -0.0967018
0.122023 0.180219 -0.0550152 0.691332 0.0517525 -0.720682
0.296146 0.218387 0.425096 0.442005 0.758735 0.47849
0.132166 0.213715 0.327141 -0.691332 -0.0517525 0.720682
0.184007 0.415337 0.0213292 0.691332 0.0517525 -0.720682
-0.206456 -0.338691 -0.0373595 -0.691332 -0.0517525 0.720682
-0.011006 0.238633 0.145336 0.691332 0.0517525 -0.720682
-0.132994 -0.50412 -0.122724 -0.442005 -0.758735 -0.47849
-0.130668 -0.100416 0.0524522 -0.691332 -0.0517525 0.720682
0.102733 -0.0455653 0.0990915 -0.406998 -0.755213 -0.513815
0.153716 0.40849 0.0462306 -0.442006 -0.758735 -0.478489
-0.27802 -0.337021 -0.105889 -0.691332 -0.0517525 0.720682
0.0229975 -0.161247 -0.0201442 -0.698191 -0.706051 -0.118411
0.167863 0.399044 0.257131 0.442009 0.758735 0.478488
0.023149 -0.482221 -0.118985 0.57157 -0.64934 0.501663
-0.118967 -0.517844 -0.00760669 0.357335 -0.824766 0.438262
0.162404 -0.000188823 0.213395 -0.571571 0.649338 -0.501664
0.11502 -0.0162981 0.181913 0.816091 0.513525 -0.265119
0.017126 -0.155545 -0.0204507 -0.675834 -0.719259 -0.16098
0.354167 0.23198 0.349945 0.442005 0.758735 0.47849
-0.229605 -0.36975 -0.216995 -0.57157 0.64934 -0.501663
0.257142 0.414491 0.0914243 0.691332 0.0517525 -0.720682
0.0895311 0.29374 0.245736 0.691332 0.0517526 -0.720682
0.255762 0.370619 0.221007 0.442008 0.758736 0.478486
0.137983 0.137095 0.00345131 -0.691332 -0.0517525 0.720682
0.103537 0.0310811 0.286563 -0.691332 -0.0517525 0.720682
0.277383 -0.0682597 0.0777241 0.81873 -0.123303 -0.560783
0.0519561 0.0344411 -0.0146165 -0.571569 0.64934 -0.501663
0.109499 0.250012 0.308004 -0.691332 -0.0517525 0.720682
0.191214 -0.0380283 0.123036 -0.0650906 0.573565 0.81657
0.0322846 -0.0396381 -0.115155 -0.704864 0.267563 -0.656945
0.0554169 -0.0159678 -0.0867442 -0.691332 -0.0517525 0.720682
0.22964 0.249436 0.0531901 0.691332 0.0517525 -0.720682
-0.0828859 0.0922533 0.0658719 0.691332 0.0517525 -0.720682
0.187948 -0.114723 -0.0129546 0.691332 0.0517525 -0.720682
0.142311 0.40265 -0.0195799 0.691332 0.0517525 -0.720682
-0.104498 -0.279045 0.0647293 -0.691332 -0.0517525 0.720682
0.0477609 -0.343975 0.031916 0.57157 -0.64934 0.501663
0.156262 0.199318 0.349222 -0.691332 -0.0517525 0.720682
0.0256782 -0.176246 -0.0519448 -0.811944 -0.359233 0.460106
0.134271 0.259942 0.332479 -0.691332 -0.0517525 0.720682
-0.15566 -0.518576 -0.0759375 -0.510778 -0.797502 -0.321085
0.0100555 0.116715 0.139616 -0.571569 0.64934 -0.501663
0.346954 0.0747306 0.232993 0.57157 -0.64934 0.501663
-0.190848 -0.176674 -0.0112401 -0.57157 0.64934 -0.501663
0.257889 0.137801 0.0722716 0.691332 0.0517525 -0.720682
-0.0153655 -0.200038 -0.214115 0.691332 0.0517526 -0.720682
-0.175432 -0.44343 -0.179757 -0.442005 -0.758735 -0.47849
0.0776897 -0.0671087 0.124428 0.146214 -0.520991 -0.840946
0.307361 -0.0260593 0.146757 0.681348 -0.630932 0.371065
-0.00101263 0.153548 0.195065 -0.691332 -0.0517525 0.720682
-0.027007 0.438523 0.190593 -0.691332 -0.0517525 0.720682
-0.0488941 0.0907762 0.0983733 0.691332 0.0517526 -0.720682
-0.0134849 -0.208603 -0.0777456 -0.186271 0.492734 0.85001
0.0653035 0.43986 0.0781597 -0.44201 -0.758732 -0.47849
-0.0678443 0.208789 0.0934579 -0.704864 0.267563 -0.656945
-0.0277058 0.482336 0.124325 -0.571569 0.64934 -0.501663
0.0408182 0.0111273 -0.103635 -0.704864 0.267563 -0.656945
0.210532 0.336616 0.316707 0.442007 0.758735 0.478489
-0.101659 -0.518054 -0.0282229 0.43192 -0.829235 0.354703
0.273748 0.109974 0.362018 0.57157 -0.64934 0.501663
0.0614926 -0.307799 0.0630963 0.57157 -0.64934 0.501663
-0.0418982 0.00177599 0.0500355 -0.571569 0.64934 -0.501663
0.109351 -0.0145 0.147486 0.718808 0.691091 0.0755576
0.160243 0.402158 0.0502424 -0.442 -0.758735 -0.478495
-0.0179492 -0.507277 -0.106202 0.492212 -0.763925 0.417309
-0.0518769 -0.38043 -0.113318 -0.105792 0.547954 0.829792
0.211926 0.243387 0.0357626 0.691332 0.0517525 -0.720682
-0.0381099 -0.129203 -0.123816 -0.57157 0.64934 -0.501663
0.0598462 0.203574 0.195315 -0.571569 0.64934 -0.501663
-0.00268811 0.43188 0.213445 -0.691332 -0.0517525 0.720682
0.404273 0.1427 0.217423 0.863645 -0.215824 -0.455563
-0.0527285 -0.0808291 -0.044547 -0.571569 0.64934 -0.501663
-0.213789 -0.310554 -0.158394 -0.571569 0.649339 -0.501666
-0.169419 -0.450149 -0.174657 -0.442005 -0.758735 -0.47849
-0.0303003 0.0359584 0.0810663 -0.571571 0.64934 -0.501662
0.0587623 0.544009 0.128045 0.442005 0.758735 0.47849
0.184812 0.300753 0.0601249 -0.691332 -0.0517525 0.720682
0.0394875 0.290467 0.243748 -0.691332 -0.0517525 0.720682
0.0660401 -0.0278732 -0.0195475 -0.680097 -0.0328192 0.732388
0.0853325 0.452261 0.092119 0.462148 -0.649801 0.603472
-0.163415 -0.297085 -0.139708 0.794236 0.591397 -0.139423
-0.00186148 0.16595 0.148889 0.691332 0.0517526 -0.720682
0.336187 0.0184306 0.15124 0.894815 -0.410268 -0.176029
-0.0430247 -0.120212 -0.0221885 -0.138761 -0.679054 -0.720854
-0.03125 -0.0816423 -0.0700712 -0.57157 0.64934 -0.501663
0.0618323 0.260007 0.262995 -0.691332 -0.0517525 0.720682
0.0467037 0.549065 0.131167 0.442005 0.758735 0.47849
0.0422044 0.0687676 0.230434 -0.691332 -0.0517525 0.720682
0.21268 0.421235 0.146825 -0.837369 0.157747 0.523382
0.141421 0.0894814 0.192549 0.0242425 -0.597741 -0.801322
-0.1179 -0.462147 0.0330699 -0.319785 -0.365093 0.874325
0.373367 0.0848972 0.187538 0.894338 -0.331591 -0.300345
0.0303669 -0.0507113 -0.100238 -0.571571 0.64934 -0.501661
-0.0391548 0.176651 0.160135 -0.691332 -0.0517525 0.720682
-0.153196 -0.214433 -0.103014 -0.571569 0.64934 -0.501663
0.0866207 0.231901 -0.062861 -0.704864 0.267563 -0.656945
0.0998629 -0.0682965 -0.0941185 0.691332 0.0517526 -0.720682
-0.0709167 0.0767355 0.0762394 0.691332 0.0517525 -0.720682
0.083866 -0.322677 -0.127731 0.691332 0.0517525 -0.720682
-0.141983 -0.36587 0.0225361 -0.691332 -0.0517525 0.720682
0.0331612 0.454189 0.0851291 -0.442005 -0.758735 -0.47849
-0.0563945 -0.430182 0.0390012 0.57157 -0.64934 0.501663
0.00159928 -0.460521 -0.213308 0.547418 -0.153623 -0.822638
-0.000687389 -0.384808 0.0342623 0.57157 -0.64934 0.501663
0.107387 0.498399 0.15545 0.442005 0.758735 0.47849
0.0839905 -0.113519 0.252446 -0.360531 -0.338177 0.869283
0.173653 0.0635489 0.0788229 -0.656366 0.00509498 0.754425
0.222361 -0.0650808 0.19398 0.57157 -0.64934 0.501663
-0.222077 -0.40975 -0.190075 -0.442005 -0.758735 -0.47849
0.366591 0.200466 0.373368 0.57157 -0.64934 0.501663
-0.227296 -0.372674 -0.0597911 -0.691332 -0.0517525 0.720682
0.102487 -0.120508 0.125923 -0.571569 0.64934 -0.501663
0.197673 0.299281 0.0723565 -0.691332 -0.0517525 0.720682
0.292406 0.0227255 0.0971197 0.691332 0.0517525 -0.720682
-0.198153 -0.438361 -0.0367656 -0.722023 -0.107372 0.683487
0.140251 0.547021 0.0202231 -0.325865 0.632801 -0.702406
0.144473 0.107935 0.175788 -0.21859 -0.709771 -0.669659
0.0487446 0.0132952 0.232724 -0.691332 -0.0517525 0.720682
0.0121739 0.0519394 0.0533588 -0.57157 0.64934 -0.501663
0.0202649 0.0733961 0.20972 -0.691332 -0.0517525 0.720682
0.168991 -0.118131 -0.0313839 0.691332 0.0517525 -0.720682
0.374585 0.155121 0.305567 0.57157 -0.64934 0.501663
-0.0849471 0.0450914 0.0605079 0.691332 0.0517525 -0.720682
0.141362 0.414721 0.256753 0.441998 0.758736 0.478495
0.0734441 0.0589212 -0.00741231 -0.571569 0.64934 -0.501663
-0.042808 -0.511009 -0.191169 -0.269672 -0.78122 -0.563003
0.0417538 -0.0936602 0.218338 -0.691332 -0.0517525 0.720682
0.170675 0.0666276 0.0762112 -0.656366 0.00509498 0.754425
0.0378794 0.0891821 0.227751 -0.691332 -0.0517525 0.720682
0.151692 0.323052 -0.0162972 0.691332 0.0517525 -0.720682
-0.209582 -0.265245 -0.104539 -0.571569 0.64934 -0.501663
-0.180418 -0.217881 -0.00370651 -0.691332 -0.0517525 0.720682
0.220669 0.0366744 0.125583 -0.785205 -0.255312 0.564153
0.0991968 0.333548 0.23306 0.227669 0.421068 -0.877991
-0.0859744 -0.133102 0.0929789 -0.691332 -0.0517525 0.720682
0.206113 0.116074 0.021044 0.691332 0.0517525 -0.720682
-0.0341416 -0.261262 -0.236523 0.691332 0.0517525 -0.720682
-0.116486 -0.32782 0.0497272 -0.691332 -0.0517525 0.720682
0.036528 0.032286 0.222369 -0.691332 -0.0517525 0.720682
-0.00527851 -0.211301 -0.074135 -0.264913 0.432607 0.861784
0.159599 0.204059 0.352763 -0.691332 -0.0517525 0.720682
0.212353 0.0421463 0.344175 0.57157 -0.64934 0.501663
0.0469954 0.1397 0.240124 -0.691332 -0.0517525 0.720682
0.372408 0.318511 0.195104 0.691332 0.0517525 -0.720682
-0.0489068 -0.198721 0.123825 -0.691332 -0.0517525 0.720682
-0.0329131 0.221485 0.12309 0.691332 0.0517525 -0.720682
0.175245 0.325737 0.366555 0.442005 0.758735 0.47849
0.385479 0.141425 0.275427 0.57157 -0.64934 0.501663
0.163049 0.372158 -0.00187627 0.691332 0.0517525 -0.720682
0.0047802 0.0757189 0.195033 -0.691332 -0.0517525 0.720682
0.0934404 -0.11488 -0.103625 0.691332 0.0517526 -0.720682
-0.070471 -0.220258 0.101592 -0.691332 -0.0517525 0.720682
-0.0205894 -0.486049 -0.213288 0.190598 -0.489462 -0.85094
-0.122651 -0.0838978 0.0613289 -0.691332 -0.0517525 0.720682
-0.160759 -0.143077 -0.00203429 -0.57157 0.64934 -0.501663
-0.00883856 -0.238754 -0.210634 0.691332 0.0517525 -0.720682
0.319449 0.189017 0.41226 0.57157 -0.64934 0.501663
0.0105045 0.380815 0.222433 -0.691332 -0.0517525 0.720682
0.125461 -0.132862 -0.0741991 0.691332 0.0517525 -0.720682
0.327809 0.050544 0.223499 0.57157 -0.64934 0.501663
0.154238 -0.0216873 0.313642 0.0252611 -0.543743 0.838872
-0.136873 -0.0930261 0.0355358 -0.57157 0.64934 -0.501663
0.154552 0.252324 0.150513 -0.57157 0.64934 -0.501663
0.19582 -0.0322879 0.120131 -0.186279 0.492727 0.850012
0.00977052 -0.472372 -0.205657 0.5345 -0.169246 -0.828049
-0.0350691 -0.317813 -0.0826949 -0.698185 -0.706055 -0.118423
0.000369624 -0.258357 0.0508477 0.722429 0.108307 -0.68291
0.102258 -0.103657 0.147996 -0.57157 0.64934 -0.501663
-0.0131104 -0.253948 -0.215823 0.691332 0.0517525 -0.720682
-0.101969 -0.45658 -0.226658 -0.4146 -0.756127 -0.506338
0.00028885 -0.0600985 0.180971 -0.691332 -0.0517525 0.720682
0.151544 -0.285556 -0.0582196 0.818731 -0.123305 -0.560781
-0.0637046 -0.072083 0.118724 -0.691332 -0.0517525 0.720682
0.0363317 -0.281963 0.125205 0.57157 -0.64934 0.501663
-0.243655 -0.42517 -0.109747 -0.788963 -0.6029 0.118526
0.0430174 0.156644 0.153744 -0.571572 0.64934 -0.501661
0.216283 0.343749 0.124058 -0.896873 0.364395 0.25067
0.131187 0.0899717 0.04383 -0.545779 0.155679 0.82334
0.223853 0.392799 0.215314 0.442003 0.758734 0.478493
-0.0920712 -0.228983 -0.191489 -0.571569 0.64934 -0.501663
0.0734609 0.140582 0.265575 -0.691332 -0.0517525 0.720682
0.116971 0.093742 0.303949 -0.691332 -0.0517525 0.720682
0.18255 0.533429 0.0284117 0.691332 0.0517525 -0.720682
0.0900103 -0.130296 0.245173 -0.0187732 -0.525484 0.850596
-0.0480073 -0.231777 -0.245309 -0.571569 0.64934 -0.501663
0.0712891 0.0586611 0.0532395 0.296255 0.733436 0.611804
0.0627501 0.0808861 0.251013 -0.691332 -0.0517525 0.720682
0.170731 0.0941425 -0.0144714 0.691332 0.0517525 -0.720682
0.0431943 -0.117617 0.110239 0.796105 0.290704 -0.530761
-0.202073 -0.302601 -0.0305639 -0.691332 -0.0517525 0.720682
0.156038 0.236353 0.128148 -0.57157 0.64934 -0.501663
0.207554 0.342412 0.101332 -0.875953 0.250182 0.412451
0.188274 0.144554 0.00597706 0.691332 0.0517525 -0.720682
-0.00655011 0.314445 0.155055 0.691332 0.0517525 -0.720682
0.110726 0.0725356 0.193931 0.41355 -0.30009 -0.859606
0.355856 0.257575 0.17485 0.691332 0.0517525 -0.720682
-0.127025 -0.0479225 0.0597168 -0.691332 -0.0517525 0.720682
-0.110803 -0.50675 0.00142052 0.482638 -0.650792 0.586115
-0.0264628 0.0601889 0.108057 -0.571569 0.64934 -0.501663
-0.108023 0.0634308 0.0859417 -0.691332 -0.0517525 0.720682
-0.182178 -0.355474 -0.252552 -0.57157 0.64934 -0.501663
0.0330483 -0.172408 -0.0131325 -0.718807 -0.691092 -0.0755595
0.242838 0.220425 0.433788 -0.691332 -0.0517525 0.720682
0.0154043 -0.248677 -0.0479209 -0.105778 0.547963 0.829788
0.236735 0.333351 0.297679 0.442001 0.758736 0.478492
0.35839 0.268815 0.287635 0.442005 0.758735 0.47849
0.290058 0.256011 0.371059 0.442005 0.758735 0.47849
-0.135126 -0.0761209 0.0496087 -0.704864 0.267563 -0.656945
0.0226596 0.0869752 0.0973348 0.810816 0.540847 -0.223744
0.155955 -0.0285212 0.18407 -0.571569 0.649339 -0.501665
0.147212 0.349954 0.351358 -0.691332 -0.0517525 0.720682
-0.0233523 0.462048 0.195789 -0.691332 -0.0517525 0.720682
-0.264925 -0.368301 -0.096507 -0.74024 -0.144243 0.656688
-0.0378953 0.139102 0.158647 -0.691332 -0.0517525 0.720682
0.127357 0.296182 0.00468231 -0.691332 -0.0517525 0.720682
0.14503 -0.00311116 0.0959283 0.0575513 0.641589 0.764886
0.0907322 -0.347915 -0.0221426 0.57157 -0.64934 0.501663
0.20442 0.298704 0.382471 0.442005 0.758735 0.47849
-0.0858829 -0.308565 -0.289554 0.691332 0.0517525 -0.720682
0.228789 0.295184 0.365541 0.442007 0.758735 0.478489
0.230988 0.451676 0.115363 0.442005 0.758735 0.47849
-0.0198711 -0.430672 -0.233017 0.586391 -0.104424 -0.803269
-0.0683657 -0.180783 -0.0985398 0.218587 0.70977 0.669662
-0.0203526 -0.339744 -0.0531714 -0.540121 -0.757973 -0.365715
0.0375535 0.352521 0.246349 -0.691332 -0.0517525 0.720682
0.128594 0.464521 0.119916 -0.442006 -0.758735 -0.478489
0.152665 -0.000131465 0.224565 -0.571568 0.649343 -0.501662
-0.234433 -0.308028 -0.131602 -0.57157 0.649341 -0.501661
0.118422 -0.118634 0.243085 0.57157 -0.64934 0.501663
0.152314 -0.275492 0.00143659 0.57157 -0.64934 0.501663
-0.0718396 -0.187884 -0.0164762 0.796105 0.290705 -0.530761
0.0895814 0.0831499 0.0300933 -0.14621 0.520993 0.840945
-0.0765545 0.105052 0.0728646 0.691332 0.0517525 -0.720682
0.0947481 0.230437 0.19032 -0.571571 0.649339 -0.501662
