ply
format ascii 1.0
comment Created by Open3D
element vertex 128
property double x
property double y
property double z
property double nx
property double ny
property double nz
end_header
0.157717 0.196859 0.357416 0.58929 -0.557282 0.584956
0.224123 0.0390869 0.136922 -0.58929 0.557282 -0.584956
-0.013866 -0.176873 0.170932 -0.58929 0.557282 -0.584956
-0.248753 -0.323074 0.0397907 0.782249 0.212491 -0.585606
0.0833993 -0.331424 -0.375016 0.202049 0.802673 0.561152
-0.0702463 0.348992 0.345151 -0.20205 -0.802673 -0.561152
0.291391 -0.179647 -0.139229 -0.58929 0.557282 -0.584956
-0.394164 -0.257752 -0.173942 0.58929 -0.557282 0.584956
-0.0155842 0.0655324 -0.247336 0.58929 -0.557282 0.584956
0.0164649 -0.366705 -0.0371875 0.58929 -0.557282 0.584956
0.145101 0.0819394 -0.269029 0.782249 0.212491 -0.585606
-0.368582 -0.373943 -0.135451 -0.782249 -0.212491 0.585606
0.265527 0.0907749 -0.101675 -0.782249 -0.212491 0.585606
0.0513507 -0.0194825 0.258464 0.58929 -0.557282 0.584956
0.108803 -0.13483 0.0906947 0.58929 -0.557282 0.584956
0.248186 -0.0538794 0.0241124 -0.58929 0.557282 -0.584956
0.287271 -0.191049 -0.145942 -0.58929 0.557282 -0.584956
0.0308223 0.252811 0.449764 0.202047 0.802674 0.561151
0.331449 0.315792 0.251431 0.202049 0.802674 0.561151
-0.269428 -0.293594 0.0261531 -0.782249 -0.212491 0.585606
-0.00426096 -0.116649 -0.432306 0.58929 -0.557282 0.584956
0.314407 0.243304 0.240525 -0.58929 0.557282 -0.584956
0.228141 -0.200794 -0.257413 -0.782249 -0.212491 0.585606
-0.0542681 0.448655 0.19684 -0.20205 -0.802673 -0.561152
-0.0194819 0.209871 0.529299 0.202049 0.802673 0.561152
-0.193633 0.323817 0.351432 -0.782249 -0.212491 0.585606
-0.322909 -0.0948167 -0.0937852 -0.58929 0.557282 -0.584956
-0.131724 0.124616 -0.0740471 0.58929 -0.557282 0.584956
-0.298258 0.017022 0.100352 -0.782249 -0.212491 0.585606
-0.0109107 -0.143687 -0.454653 -0.58929 0.557282 -0.584956
0.208835 0.258582 0.361434 -0.58929 0.557282 -0.584956
0.0253407 0.424506 0.0501385 -0.58929 0.557282 -0.584956
-0.315447 -0.23246 -0.229145 0.58929 -0.557282 0.584956
0.046872 0.00412818 0.282182 -0.58929 0.557282 -0.584956
0.223634 0.079847 0.179534 0.58929 -0.557282 0.584956
0.0540229 -0.203123 0.0775316 -0.58929 0.557282 -0.584956
-0.234354 -0.480725 -0.0504711 -0.20205 -0.802673 -0.561152
-0.247141 -0.246243 0.0731054 -0.782249 -0.212491 0.585606
0.371453 0.284669 0.222464 -0.58929 0.557282 -0.584956
0.343518 0.392069 0.13798 0.20205 0.802673 0.561152
-0.169801 0.187769 0.0244769 0.58929 -0.557282 0.584956
-0.171545 0.429999 0.265752 -0.20205 -0.802673 -0.561152
0.372581 0.268194 0.10242 0.782249 0.212491 -0.585606
0.101601 -0.45232 -0.204518 0.58929 -0.557282 0.584956
0.11354 -0.387386 -0.30582 0.202049 0.802674 0.561152
-0.126978 0.00845367 -0.192784 -0.58929 0.557282 -0.584956
-0.0583002 -0.212249 -0.468943 0.58929 -0.557282 0.584956
-0.217582 -0.449127 -0.0982818 0.20205 0.802673 0.561152
0.182253 -0.22164 -0.0660014 0.58929 -0.557282 0.584956
0.0273765 -0.20261 0.108152 0.58929 -0.557282 0.584956
-0.323583 -0.183573 -0.00954875 0.782249 0.212491 -0.585606
-0.108473 0.0794343 -0.140516 0.58929 -0.557282 0.584956
0.111816 0.294853 -0.160497 -0.58929 0.557282 -0.584956
0.341195 0.171986 0.148882 0.58929 -0.557282 0.584956
-0.137868 0.342923 0.381606 0.202049 0.802673 0.561152
0.0829926 0.430822 0.00136386 0.58929 -0.557282 0.584956
0.13291 0.0119104 -0.310724 0.782249 0.212491 -0.585606
0.0937324 -0.401138 -0.151118 -0.58929 0.557282 -0.584956
-0.362903 -0.230697 -0.0758866 -0.782249 -0.212491 0.585606
0.0274657 0.0754848 -0.281224 0.58929 -0.557282 0.584956
0.204411 0.0907127 -0.183335 -0.782249 -0.212491 0.585606
0.169568 -0.103455 -0.300333 -0.782249 -0.212491 0.585606
0.235476 -0.280176 -0.178673 -0.58929 0.557282 -0.584956
-0.299143 -0.272361 -0.286871 -0.58929 0.557282 -0.584956
0.247353 -0.217141 -0.127298 0.58929 -0.557282 0.584956
0.381944 0.143235 0.0728691 -0.782249 -0.212491 0.585606
0.204512 -0.181377 -0.285214 0.782249 0.212491 -0.585606
-0.195408 0.380843 0.344658 -0.20205 -0.802673 -0.561152
0.0480982 -0.104851 -0.466383 0.782249 0.212491 -0.585606
0.170092 0.517241 0.0213775 0.20205 0.802673 0.561152
0.174261 0.279005 0.357223 -0.20205 -0.802673 -0.561152
0.368609 0.134343 0.0821147 -0.58929 0.557282 -0.584956
0.36437 0.284384 0.100611 -0.782249 -0.212491 0.585606
-0.059692 -0.39526 0.00904289 -0.58929 0.557282 -0.584956
0.27005 0.418539 0.0200144 0.782249 0.212491 -0.585606
0.2483 -0.349926 -0.284598 -0.782249 -0.212491 0.585606
-0.155039 -0.244637 -0.402344 0.58929 -0.557282 0.584956
-0.339148 -0.410814 -0.11274 -0.20205 -0.802673 -0.561152
0.175696 0.00220342 -0.257093 0.782249 0.212491 -0.585606
-0.190119 0.0301118 -0.108541 -0.58929 0.557282 -0.584956
0.171512 -0.0497266 -0.281525 0.782249 0.212491 -0.585606
0.243567 0.267769 0.338485 0.58929 -0.557282 0.584956
0.244467 0.102252 -0.128926 0.782249 0.212491 -0.585606
0.050596 0.473614 0.0714807 -0.58929 0.557282 -0.584956
0.25978 -0.178294 -0.210269 0.782249 0.212491 -0.585606
-0.0448902 0.0349157 -0.246981 0.58929 -0.557282 0.584956
0.232835 -0.239218 -0.265085 -0.782249 -0.212491 0.585606
0.082763 0.100852 0.338172 -0.58929 0.557282 -0.584956
0.175838 -0.382819 -0.213093 0.58929 -0.557282 0.584956
-0.279445 0.145039 0.16865 0.782249 0.212491 -0.585606
0.284292 0.0469754 -0.0925024 -0.782249 -0.212491 0.585606
-0.218882 0.317326 0.194062 -0.58929 0.557282 -0.584956
0.317689 -0.0471164 -0.0853162 0.782249 0.212491 -0.585606
-0.151318 -0.0978479 -0.269536 -0.58929 0.557282 -0.584956
-0.18816 0.0130367 0.24269 0.782249 0.212491 -0.585606
0.279023 0.0947099 0.134607 -0.58929 0.557282 -0.584956
-0.144575 0.0787015 0.328021 -0.782249 -0.212491 0.585606
-0.189294 0.0136523 0.241399 0.782249 0.212491 -0.585606
-0.304442 0.0526181 0.101723 0.782249 0.212491 -0.585606
-0.244211 -0.132237 -0.208716 -0.58929 0.557282 -0.584956
0.257417 0.20451 -0.0745225 0.782249 0.212491 -0.585606
-0.325895 -0.339044 -0.220171 -0.20205 -0.802673 -0.561153
-0.07172 -0.148172 -0.394378 0.58929 -0.557282 0.584956
0.0260522 0.472025 0.134491 -0.20205 -0.802673 -0.561152
0.225158 -0.285287 -0.292057 -0.782249 -0.212491 0.585606
0.273864 0.41453 0.130931 0.20205 0.802673 0.561152
-0.0998069 -0.388868 0.0588317 0.58929 -0.557282 0.584956
0.10879 0.143604 0.355969 0.58929 -0.557282 0.584956
-0.264043 -0.244045 -0.291968 0.58929 -0.557282 0.584956
0.157296 -0.0755353 -0.30988 0.782249 0.212491 -0.585606
0.25414 0.241765 -0.0620975 -0.782249 -0.212491 0.585606
0.281948 0.216581 -0.0340908 -0.782249 -0.212491 0.585606
0.0614753 -0.0156822 -0.402339 0.58929 -0.557282 0.584956
0.299808 0.0698038 -0.0634917 -0.782249 -0.212491 0.585606
0.052043 0.00213281 -0.379152 -0.58929 0.557282 -0.584956
-0.151744 -0.385897 0.113984 0.58929 -0.557282 0.584956
-0.0608063 0.156806 -0.118112 -0.58929 0.557282 -0.584956
0.00295858 -0.163708 0.166525 -0.58929 0.557282 -0.584956
0.0525356 -0.38049 -0.307343 0.952813 -0.0285655 -0.302212
-0.266203 0.00806461 -0.0496101 0.58929 -0.557282 0.584956
-0.0860669 0.458728 0.197308 0.202049 0.802674 0.561152
0.21315 0.0945671 -0.173547 0.782249 0.212491 -0.585606
0.155136 0.351801 -0.146597 0.58929 -0.557282 0.584956
-0.384014 -0.220888 -0.100528 -0.782249 -0.212491 0.585606
-0.182235 0.152213 0.301106 0.782249 0.212491 -0.585606
-0.328989 -0.172509 -0.0094712 -0.782249 -0.212491 0.585606
0.131532 0.306811 -0.168966 -0.58929 0.557282 -0.584956
0.165469 0.208067 -0.196055 0.782249 0.212491 -0.585606
