ply
format ascii 1.0
comment Created by Open3D
element vertex 2096
property double x
property double y
property double z
property double nx
property double ny
property double nz
end_header
0.0151769 -0.0156509 0.0928534 0.92935 0.16803 0.328746
-0.0305281 -0.0266908 -0.0417374 -0.168311 0.985341 -0.0278245
-0.111396 -0.11164 0.148414 -0.328603 -0.0294727 0.944008
0.0466797 -0.249011 0.243775 0.168311 -0.985341 0.0278246
0.0280319 0.128897 0.0130025 -0.929351 -0.16803 -0.328745
0.0414986 -0.0197144 -0.230374 0.168311 -0.985341 0.0278246
0.0807837 -0.0177964 -0.400089 0.168311 -0.985341 0.0278246
-0.121344 -0.0308125 0.361647 0.168311 -0.985341 0.0278245
0.14448 -0.00568722 -0.356568 0.168311 -0.985341 0.0278246
0.244766 -0.0929771 -0.334149 0.92935 0.16803 0.328746
0.000295699 0.108411 -0.155049 0.620653 0.746659 0.239356
0.101654 -0.119279 -0.0986474 0.92935 0.16803 0.328746
0.0609297 -0.170811 0.0516583 -0.168311 0.985341 -0.0278245
-0.146337 -0.0333662 0.422395 0.168311 -0.985341 0.0278245
0.0281542 -0.264612 -0.196651 0.168311 -0.985341 0.0278246
-0.155481 -0.239772 0.356235 -0.168311 0.985341 -0.0278246
0.0377441 -0.106854 0.0756728 0.92935 0.16803 0.328746
-0.0203286 0.147147 -0.143204 0.9402 -0.105122 0.323995
0.111389 -0.209222 -0.176205 -0.168311 0.985341 -0.0278245
0.145308 0.0264882 -0.114048 0.92935 0.16803 0.328746
-0.01511 -0.198365 0.179223 -0.328603 -0.0294727 0.944008
-0.02774 -0.0574414 0.290017 0.168311 -0.985341 0.0278245
0.118678 -0.181723 -0.114856 -0.92935 -0.16803 -0.328746
0.0180241 0.202323 -0.00279377 -0.984919 -0.169252 -0.0358896
0.0143993 0.0968863 -0.0744559 -0.228425 0.97232 -0.0491564
0.0171705 0.0125313 0.255324 0.92935 0.16803 0.328746
-0.0303388 0.191722 -0.216438 0.328599 0.02947 -0.94401
0.0808433 -0.254901 -0.171486 0.168311 -0.985341 0.0278246
0.0825499 -0.219213 -0.355577 -0.168311 0.985341 -0.0278245
0.279071 -0.112702 -0.421047 0.92935 0.16803 0.328746
-0.00905944 0.134311 0.106971 -0.328603 -0.0294727 0.944008
-0.0820422 -0.27116 0.238033 0.168311 -0.985341 0.0278246
0.23481 0.048459 -0.423089 -0.168311 0.985341 -0.0278246
-0.0658867 -0.271505 0.128113 0.168311 -0.985341 0.0278246
0.0982409 -0.0173584 -0.490175 0.168311 -0.985341 0.0278246
0.0311235 -0.213748 0.149019 -0.168311 0.985341 -0.0278245
0.00387101 -0.148972 -0.0484665 -0.368157 0.488644 0.791004
-0.0021058 -0.120421 -0.195169 0.328603 0.0294728 -0.944008
0.0321007 0.238044 0.0978528 0.92935 0.16803 0.328746
-0.00493286 0.259218 -0.134844 -0.168311 0.985341 -0.0278246
0.056465 0.0983323 -0.189137 0.328602 0.0294724 -0.944008
0.075825 -0.167297 0.0860131 -0.168311 0.985341 -0.0278245
0.1217 -0.210077 -0.268868 -0.168311 0.985341 -0.0278245
0.0656453 0.101494 0.0728178 0.92935 0.16803 0.328746
0.0111296 -0.225723 -0.154081 0.168311 -0.985341 0.0278245
-0.107166 -0.253576 0.134459 -0.92935 -0.16803 -0.328746
-0.0096772 -0.0272217 -0.186667 0.168311 -0.985341 0.0278246
-0.167038 -0.0409363 0.279538 0.168311 -0.985341 0.0278245
0.0970204 -0.00787119 -0.146826 0.168311 -0.985341 0.0278245
-0.0647879 0.0937715 -0.000320051 0.985692 0.167977 -0.0139481
-0.0552645 -0.197597 -0.0530431 -0.92935 -0.16803 -0.328746
-0.0263068 -0.263767 0.162704 0.168311 -0.985341 0.0278246
0.0939888 -0.177267 -0.0473387 -0.92935 -0.16803 -0.328746
-0.0673368 -0.224847 0.35158 -0.168311 0.985341 -0.0278246
-0.0320279 -0.0658624 0.434475 0.92935 0.16803 0.328746
-0.0633911 0.0172866 0.276827 -0.168311 0.985341 -0.0278245
0.0847894 -0.0288424 0.0853161 0.92935 0.16803 0.328746
-0.113963 0.0601524 0.0681396 -0.328603 -0.0294727 0.944008
-0.188285 -0.0417407 0.379576 0.168311 -0.985341 0.0278245
0.08817 0.195051 -0.175082 0.328608 0.0294706 -0.944007
-0.0623295 -0.261224 0.470652 0.168311 -0.985341 0.0278246
0.0873012 -0.166683 0.0383218 -0.168311 0.985341 -0.0278245
-0.0048216 0.163785 0.109366 -0.328603 -0.0294727 0.944008
0.0659206 -0.260541 -0.351288 -0.92935 -0.16803 -0.328746
-0.120305 0.208746 0.0705712 -0.328603 -0.0294727 0.944008
0.00493105 -0.0254881 -0.21364 0.168311 -0.985341 0.0278246
-0.0563422 0.226827 0.0403297 0.397133 0.041947 -0.916802
0.161897 -0.23164 -0.480533 0.328603 0.0294723 -0.944008
0.176786 -0.00250539 -0.439312 0.168311 -0.985341 0.0278246
0.110322 -0.237593 -0.488539 -0.92935 -0.16803 -0.328746
-0.0671629 -0.100779 -0.0655101 -0.126402 -0.691807 0.710932
-0.0979608 -0.24095 0.101984 -0.92935 -0.16803 -0.328746
0.191288 -0.199333 -0.311119 -0.92935 -0.16803 -0.328746
0.17055 -0.0381537 -0.22641 0.168311 -0.985341 0.0278246
0.0461281 -0.161334 0.0275163 -0.0548922 0.94342 -0.327026
0.0522541 -0.21886 0.274414 0.92935 0.16803 0.328746
0.0858991 0.078468 0.0273302 0.92935 0.16803 0.328746
0.113692 0.080007 -0.169789 0.328605 0.0294758 -0.944007
0.124965 -0.160653 0.024047 -0.168311 0.985341 -0.0278245
0.0273755 -0.217841 0.0267718 0.168311 -0.985341 0.0278245
0.253336 -0.0759838 -0.367061 0.92935 0.16803 0.328746
0.119743 -0.209207 -0.226213 -0.168311 0.985341 -0.0278245
0.0721896 -0.217701 -0.239343 -0.168311 0.985341 -0.0278245
0.0466547 -0.193297 0.0946659 0.92935 0.16803 0.328746
0.0876015 -0.187551 -0.0240255 0.92935 0.16803 0.328746
-0.0209816 -0.0187151 0.182956 0.168311 -0.985341 0.0278245
0.0293025 0.269361 0.0172813 -0.16831 0.985341 -0.0278244
-0.0566167 0.0560115 -0.0141866 0.944575 0.16929 0.281282
-0.0278072 -0.157915 0.370523 0.126403 0.691806 -0.710934
-0.0363647 0.0971128 -0.0473821 0.419363 0.0971212 0.902608
-0.100781 -0.144562 0.490062 -0.328603 -0.0294726 0.944008
-0.0923931 -0.205865 0.0561438 -0.929351 -0.168027 -0.328745
-0.144007 -0.236323 0.40895 -0.168311 0.985341 -0.0278246
0.0776815 -0.0235404 -0.155827 0.113344 0.717582 -0.68719
0.0220368 -0.0147315 0.0638064 0.168311 -0.985341 0.0278245
-0.0776175 -0.0647852 -0.0577354 -0.92935 -0.16803 -0.328746
0.118794 0.0301681 -0.369042 -0.168311 0.985341 -0.0278246
-0.121517 -0.260017 0.178321 -0.92935 -0.16803 -0.328746
0.148156 -0.227054 0.00749081 0.92935 0.16803 0.328746
-0.0375721 -0.201039 0.510301 -0.328603 -0.0294728 0.944008
-0.0284624 0.255758 -0.11501 -0.168311 0.985341 -0.0278246
0.220823 -0.0111624 -0.30828 0.92935 0.16803 0.328746
0.192704 -0.0223164 -0.4056 -0.92935 -0.16803 -0.328746
0.145472 0.03787 -0.257671 -0.168311 0.985341 -0.0278246
0.0108552 -0.224869 -0.122174 -0.168311 0.985341 -0.0278246
0.0410477 -0.0224032 -0.322865 0.168311 -0.985341 0.0278246
0.225591 -0.157235 -0.429612 -0.92935 -0.16803 -0.328746
-0.111617 -0.136608 0.147558 -0.328603 -0.0294727 0.944008
0.0634556 0.140688 -0.111072 -0.943959 0.0430536 -0.327241
0.0781354 -0.00898286 0.0939758 0.92935 0.16803 0.328746
-0.181547 -0.0426804 0.305539 0.168311 -0.985341 0.0278245
-0.13235 -0.268017 0.213034 -0.92935 -0.16803 -0.328746
-0.0683693 0.118014 -0.0104993 0.976035 0.170538 0.135176
0.152176 -0.158343 -0.0587384 -0.168311 0.985341 -0.0278245
0.0904489 0.105092 -0.177097 0.328602 0.0294717 -0.944009
0.177046 -0.0285785 -0.175625 0.92935 0.16803 0.328746
-0.139721 -0.275531 0.432162 0.168311 -0.985341 0.0278246
-0.0538956 -0.0957227 -0.108983 -0.92935 -0.168031 -0.328747
-0.0448316 -0.0299556 -0.0708309 -0.168311 0.985341 -0.0278245
-0.0962245 0.0542034 -0.0537847 -0.92935 -0.16803 -0.328746
-0.159746 -0.0390747 0.301351 0.168311 -0.985341 0.0278245
-0.132649 -0.0346832 0.292956 0.168311 -0.985341 0.0278245
0.272688 -0.227124 -0.348273 0.168311 -0.985341 0.0278246
0.255597 -0.125609 -0.348089 0.92935 0.168028 0.328748
-0.065534 0.114378 0.0136204 0.939227 0.151738 -0.307943
0.0229906 -0.220162 -0.0289031 -0.168311 0.985341 -0.0278245
0.245571 -0.233645 -0.415183 0.168311 -0.985341 0.0278246
0.204783 -0.176052 -0.361169 -0.929349 -0.16804 -0.328744
-0.0132517 -0.257291 0.313075 0.168311 -0.985341 0.0278246
-0.104991 -0.034302 0.139158 0.168311 -0.985341 0.0278246
0.197625 -0.199959 -0.369832 -0.168311 0.985341 -0.0278245
-0.0133138 -0.219623 0.209775 -0.168311 0.985341 -0.0278245
0.255896 -0.045687 -0.389786 0.92935 0.16803 0.328746
-0.00415366 0.199294 -0.0465557 -0.546498 -0.0697834 0.834548
0.020588 -0.116968 -0.04936 -0.319805 -0.0785518 0.944222
0.0279432 -0.166983 0.134113 0.92935 0.16803 0.328746
-0.182764 -0.282935 0.43031 0.168311 -0.985341 0.0278246
0.107958 -0.0450821 -0.0931458 0.168311 -0.985341 0.0278246
-0.16127 -0.0408587 0.247397 0.168311 -0.985341 0.0278246
0.0808121 0.221555 -0.176815 0.328603 0.0294722 -0.944008
-0.0817989 0.20103 -0.169612 -0.92935 -0.16803 -0.328746
0.050522 -0.171094 0.254896 0.92935 0.16803 0.328746
0.261072 -0.0379657 -0.408365 0.92935 0.16803 0.328746
-0.0916233 0.0306117 -0.0547338 -0.92935 -0.16803 -0.328746
-0.00587669 -0.160654 0.408996 0.92935 0.168031 0.328747
0.0527793 -0.222944 -0.307629 -0.168311 0.985341 -0.0278246
0.0706349 0.271223 -0.166815 -0.168311 0.985341 -0.0278246
0.138857 0.0868371 -0.126658 0.92935 0.16803 0.328746
0.0579305 -0.248804 0.183043 0.168311 -0.985341 0.0278246
0.00990288 -0.017528 0.0381741 -0.168311 0.985341 -0.0278245
0.0905326 0.221755 -0.0590056 0.92935 0.16803 0.328746
-0.129804 0.00154143 0.12098 -0.168311 0.985341 -0.0278245
0.042953 0.157938 -0.0627168 -0.868623 -0.383077 -0.314238
-0.0845349 0.0131882 0.259591 -0.168311 0.985341 -0.0278245
-0.115445 -0.0650567 0.487366 -0.92935 -0.16803 -0.328746
-0.0819721 0.0349019 -0.08421 -0.92935 -0.16803 -0.328746
0.0978074 0.0269883 -0.354699 -0.168311 0.985341 -0.0278245
-0.0557718 0.0951739 -0.189083 -0.92935 -0.16803 -0.328746
0.012473 -0.258298 0.121786 0.168311 -0.985341 0.0278246
0.221986 -0.0351936 -0.299286 0.92935 0.168029 0.328746
0.0202017 -0.234246 0.372889 0.92935 0.16803 0.328746
0.244428 0.00134764 -0.381405 0.92935 0.168029 0.328746
0.109329 -0.00979245 -0.289318 0.168311 -0.985341 0.0278246
-0.0155644 -0.157942 -0.185542 -0.92935 -0.16803 -0.328746
0.00715088 0.199705 0.114655 -0.328603 -0.0294727 0.944008
0.0816708 0.0274082 0.0653812 0.92935 0.16803 0.328746
0.0764394 0.113756 0.0360359 0.92935 0.16803 0.328746
0.0918074 -0.165215 0.0630609 -0.168311 0.985341 -0.0278245
0.103687 -0.250514 -0.154315 0.168311 -0.985341 0.0278246
-0.0914117 -0.131268 0.154758 -0.328603 -0.0294727 0.944008
0.075333 0.249756 -0.177842 0.328603 0.0294728 -0.944008
-0.1051 0.00845169 0.216255 -0.168311 0.985341 -0.0278245
0.212791 -0.0312648 -0.2753 0.929348 0.168036 0.328749
0.247883 -0.234101 -0.445323 0.168311 -0.985341 0.0278246
0.133351 -0.24445 -0.119 0.168311 -0.985341 0.0278246
0.165633 -0.0231104 -0.328666 -0.92935 -0.16803 -0.328746
0.0297024 0.118782 -0.029414 -0.852826 0.438756 -0.283164
0.0636069 -0.0410737 -0.0310619 -0.92935 -0.16803 -0.328746
0.0852549 0.0280761 -0.240247 -0.168311 0.985341 -0.0278245
0.161956 -0.187099 -0.0519425 0.92935 0.16803 0.328746
-0.0315436 -0.269581 -0.0115039 0.168311 -0.985341 0.0278246
0.0171744 0.262578 -0.149584 -0.168311 0.985341 -0.0278246
-0.0540691 0.0181444 0.250814 -0.168311 0.985341 -0.0278245
0.0302759 0.09955 -0.10366 -0.33826 0.936901 -0.0882991
0.193217 -0.0314983 -0.219847 0.92935 0.16803 0.328746
-0.102606 -0.227961 0.454652 -0.168311 0.985341 -0.0278246
0.026127 0.0283157 0.125903 -0.168311 0.985341 -0.0278245
-0.138025 0.236043 -0.0285581 -0.92935 -0.16803 -0.328746
-0.075399 -0.043919 0.363355 -0.92935 -0.16803 -0.328746
-0.0393971 0.158038 -0.0780666 0.874234 -0.387723 0.29221
-0.0997253 -0.0756934 0.448365 -0.92935 -0.16803 -0.328746
0.112344 -0.25603 -0.401999 0.168311 -0.985341 0.0278246
-0.0976373 -0.0350244 0.494576 -0.328603 -0.0294728 0.944008
-0.0130648 -0.0728591 0.384443 0.92935 0.16803 0.328746
-0.076396 -0.233709 0.092539 -0.168311 0.985341 -0.0278246
-0.0796888 0.144571 0.0827058 -0.328603 -0.0294727 0.944008
-0.137353 0.222249 0.0650584 -0.328603 -0.0294727 0.944008
-0.104535 0.149192 0.0742012 -0.328603 -0.0294727 0.944008
-0.0903669 -0.0839311 -0.0119076 -0.92935 -0.16803 -0.328746
-0.0743691 -0.191774 -0.00201174 -0.92935 -0.168032 -0.328747
-0.0330607 -0.266034 0.123277 0.168311 -0.985341 0.0278246
0.207968 -0.00313364 -0.457362 0.328603 0.0294727 -0.944008
0.143471 -0.163538 -0.190046 -0.168311 0.985341 -0.0278245
-0.00919455 -0.260073 0.189992 0.168311 -0.985341 0.0278246
-0.0292043 0.124364 -0.108697 0.873118 0.371627 0.315529
-0.096361 0.0448218 0.0737881 -0.328603 -0.0294727 0.944008
0.00963488 0.00117884 0.28243 0.92935 0.16803 0.328746
-0.0324716 0.182423 0.100324 -0.328603 -0.0294727 0.944008
-0.105347 -0.09359 0.490064 -0.328603 -0.0294726 0.944008
0.180462 -0.243065 -0.354927 0.168311 -0.985341 0.0278246
-0.0154136 -0.152284 0.431679 0.92935 0.16803 0.328746
-0.0961366 -0.268744 0.408849 0.168311 -0.985341 0.0278246
0.0173717 0.0156761 -0.268739 -0.168311 0.985341 -0.0278245
-0.0291841 -0.160476 -0.0561577 -0.359912 0.610786 0.705268
-0.185785 -0.0398894 0.247491 -0.92935 -0.16803 -0.328746
0.0289414 -0.0456847 -0.182028 0.328603 0.0294728 -0.944008
0.00889824 0.0260912 0.151343 -0.168311 0.985341 -0.0278245
0.109114 -0.0613796 -0.154611 0.328603 0.0294728 -0.944008
0.0389368 -0.193744 0.299224 0.92935 0.16803 0.328746
-0.0253099 -0.0296573 -0.211394 -0.92935 -0.16803 -0.328746
-0.0833226 0.226571 -0.0258466 0.911816 0.166352 0.375392
-0.0463523 -0.115176 -0.120365 -0.92935 -0.16803 -0.328746
-0.171261 -0.020848 0.1967 -0.92935 -0.16803 -0.328746
-0.0657351 -0.153176 0.39188 -0.92935 -0.168031 -0.328747
0.0731662 -0.259942 -0.303562 0.168311 -0.985341 0.0278246
0.0361335 0.0575679 0.120306 -0.328603 -0.0294727 0.944008
-0.076803 -0.0702948 0.380806 -0.92935 -0.168029 -0.328746
-0.100958 -0.0216211 -0.00164907 -0.92935 -0.16803 -0.328746
-0.0576892 0.0911201 0.0886949 -0.328603 -0.0294727 0.944008
0.245812 -0.232792 -0.386449 0.168311 -0.985341 0.0278246
0.0359642 -0.252864 0.172121 0.168311 -0.985341 0.0278246
0.120521 -0.043833 -0.124905 0.168311 -0.985341 0.0278246
0.15501 -0.1947 -0.0284211 0.92935 0.16803 0.328746
0.171422 -0.156691 -0.116672 -0.168311 0.985341 -0.0278245
0.0794962 0.141798 -0.157206 -0.943528 0.0554411 -0.32662
-0.0642197 -0.0222628 0.31887 0.168311 -0.985341 0.0278245
-0.137339 -0.0878698 0.140126 -0.328603 -0.0294727 0.944008
-0.0334288 0.221372 0.101206 -0.328603 -0.0294727 0.944008
0.224305 -0.178871 -0.414916 -0.92935 -0.16803 -0.328746
-0.110155 -0.274479 0.290551 0.168311 -0.985341 0.0278246
-0.149345 -0.0287613 0.476773 -0.328602 -0.0294734 0.944008
0.126807 0.0429686 -0.070171 0.92935 0.16803 0.328746
0.154994 -0.208341 -0.408794 -0.168311 0.985341 -0.0278245
0.0308109 -0.123547 0.103805 0.92935 0.16803 0.328746
-0.056863 0.179689 0.03711 0.568025 0.0738802 -0.819688
-0.037381 0.142529 -0.0949623 0.94396 -0.0430465 0.327242
0.0751491 -0.0519949 -0.166141 0.328603 0.0294728 -0.944008
-0.0584705 0.140421 -0.0382977 0.702633 0.139722 0.6977
0.107309 0.0292079 -0.333573 -0.168311 0.985341 -0.0278245
0.11189 -0.172042 0.081896 0.92935 0.16803 0.328746
0.178828 -0.202267 -0.337852 -0.168311 0.985341 -0.0278245
0.134185 -0.251823 -0.385132 0.168311 -0.985341 0.0278246
0.0139343 0.186284 0.0207475 -0.845812 -0.158858 -0.50928
0.143928 -0.192864 -0.180542 -0.92935 -0.16803 -0.328746
0.27052 -0.0469334 -0.430489 0.92935 0.16803 0.328746
-0.153722 0.215546 0.0262911 -0.92935 -0.16803 -0.328746
-0.0101977 -0.0411685 0.36014 0.92935 0.16803 0.328746
0.00353507 -0.0529695 0.259195 0.168311 -0.985341 0.0278245
-0.0423421 -0.0915835 -0.0516179 -0.0732899 -0.788747 0.610334
-0.0723769 -0.268036 0.290216 0.168311 -0.985341 0.0278246
-0.0022811 0.143556 0.0425362 -0.368558 -0.0890849 -0.925326
-0.114398 0.0258589 0.0120787 -0.92935 -0.16803 -0.328746
-0.008619 0.0117455 0.328632 0.92935 0.16803 0.328746
0.0749247 0.0868649 0.0540625 0.92935 0.16803 0.328746
0.135579 -0.206974 -0.242937 -0.168311 0.985341 -0.0278245
0.254187 -0.0418607 -0.442483 0.328603 0.0294727 -0.944008
-0.107762 -0.216513 0.105033 -0.92935 -0.16803 -0.328746
-0.0792002 -0.0419362 -0.0649399 -0.92935 -0.16803 -0.328746
0.000463421 -0.0182234 0.0706486 0.168311 -0.985341 0.0278245
-0.0528228 -0.0112106 0.465327 0.92935 0.168031 0.328745
0.035251 -0.256846 0.0354172 0.168311 -0.985341 0.0278246
0.015851 -0.120628 0.144604 0.92935 0.16803 0.328746
-0.127468 0.226412 -0.0534814 -0.92935 -0.16803 -0.328746
0.102103 -0.165797 -0.0198338 -0.168311 0.985341 -0.0278245
0.151169 -0.242716 -0.165377 0.168311 -0.985341 0.0278246
-0.0631374 -0.0330478 0.505647 0.92935 0.16803 0.328746
-0.0955222 0.122151 -0.0904994 -0.92935 -0.16803 -0.328746
0.0179013 -0.265463 -0.164759 0.168311 -0.985341 0.0278246
-0.167453 -0.282477 0.353921 0.168311 -0.985341 0.0278246
-0.109712 -0.232797 0.326369 -0.168311 0.985341 -0.0278246
0.00915383 0.0744089 -0.206353 0.328602 0.0294732 -0.944009
0.0456028 -0.217046 -0.0553416 -0.168311 0.985341 -0.0278245
0.085598 -0.252727 -0.123267 0.168311 -0.985341 0.0278246
-0.10642 0.137076 -0.0673197 -0.92935 -0.16803 -0.328746
-0.085048 -0.139277 0.0188799 0.319805 0.0785518 -0.944222
0.0217088 0.180812 -0.00626756 -0.984015 -0.166284 0.0637537
0.0385673 -0.249666 0.269624 0.168311 -0.985341 0.0278246
0.0925532 0.028069 -0.284646 -0.168311 0.985341 -0.0278245
-0.0460221 -0.263327 0.29753 0.168311 -0.985341 0.0278246
0.0496355 0.272149 -0.00699094 -0.16831 0.985341 -0.0278244
0.209634 -0.0646414 -0.323062 -0.192633 -0.538935 0.820026
-0.135733 0.00140276 0.151931 -0.168311 0.985341 -0.0278245
0.0275324 0.265889 0.0965348 0.92935 0.16803 0.328746
-0.166209 -0.259024 0.463713 -0.328603 -0.0294724 0.944008
-0.0849359 0.130108 -0.124493 -0.92935 -0.16803 -0.328746
0.0300816 -0.0731407 0.0801028 0.92935 0.168031 0.328746
-0.125019 -0.231544 0.463335 -0.168311 0.985341 -0.0278246
0.0115232 0.264687 -0.0406998 -0.168311 0.985341 -0.0278251
0.0178477 0.123809 0.116009 -0.328603 -0.0294727 0.944008
0.00586368 -0.00699593 -0.311103 -0.92935 -0.16803 -0.328746
0.0668164 0.207602 0.0152726 0.92935 0.16803 0.328746
-0.0496691 -0.0860956 0.494687 0.92935 0.16803 0.328746
0.0384384 -0.178482 0.11032 -0.92935 -0.16803 -0.328746
-0.0789674 -0.234396 0.0327725 -0.92935 -0.16803 -0.328746
-0.105725 -0.271027 0.386006 0.168311 -0.985341 0.0278246
-0.0628714 0.0631097 -0.152625 -0.92935 -0.16803 -0.328746
-0.0879544 -0.0616262 0.497116 -0.328603 -0.0294728 0.944008
-0.103658 0.0917393 0.0727129 -0.328603 -0.0294727 0.944008
-0.136025 -0.242368 0.210313 -0.92935 -0.16803 -0.328746
-0.0795375 -0.0327149 0.0413914 0.168311 -0.985341 0.0278246
0.251594 0.0484448 -0.440566 0.328603 0.0294731 -0.944008
-0.162903 -0.271913 0.301398 -0.92935 -0.16803 -0.328746
-0.209659 -0.00612653 0.332481 -0.168311 0.985341 -0.0278245
0.0758054 -0.213704 -0.119695 -0.168311 0.985341 -0.0278245
-0.0276979 -0.0293777 -0.154009 0.168311 -0.985341 0.0278246
-0.054592 0.116162 -0.203146 -0.92935 -0.16803 -0.328746
0.0212584 -0.21974 -0.00349656 0.168311 -0.985341 0.0278245
0.107446 0.131147 -0.0605074 0.92935 0.16803 0.328746
0.184337 -0.232595 -0.472752 0.328603 0.0294723 -0.944008
-0.153301 0.1985 0.0587656 -0.328603 -0.0294727 0.944008
-0.0743442 -0.264614 0.423284 0.168311 -0.985341 0.0278246
-0.105812 -0.275026 0.244929 0.168311 -0.985341 0.0278246
-0.106133 0.0761906 -0.0370129 -0.92935 -0.16803 -0.328746
-0.0639243 -0.0673019 0.505304 -0.328603 -0.0294728 0.944008
0.118679 -0.215591 -0.445858 -0.168311 0.985341 -0.0278245
-0.080241 -0.0314781 0.142129 -0.351371 0.675901 0.64784
-0.076275 -0.0273258 0.212497 0.168311 -0.985341 0.0278245
0.230543 -0.234171 -0.342918 0.168311 -0.985341 0.0278246
-0.0931956 -0.0316441 0.161928 0.168311 -0.985341 0.0278245
-0.0600814 0.171024 0.0903569 -0.328603 -0.0294727 0.944008
0.184185 -0.016384 -0.202038 0.92935 0.16803 0.328746
-0.0558868 -0.263657 0.345524 0.168311 -0.985341 0.0278246
-0.0717087 -0.144758 0.500176 -0.328603 -0.0294728 0.944008
-0.0910905 -0.15423 0.154153 -0.328603 -0.0294727 0.944008
0.121987 -0.163959 -0.133291 0.92935 0.16803 0.328746
-0.0937352 -0.027077 0.326926 0.168311 -0.985341 0.0278245
0.0356051 -0.0145674 0.0345498 -0.92935 -0.16803 -0.328746
0.130078 0.029818 -0.449698 -0.168311 0.985341 -0.0278246
0.187152 -0.0332616 -0.384312 -0.92935 -0.16803 -0.328746
0.264788 -0.0193437 -0.428386 0.92935 0.16803 0.328746
0.123901 0.0895322 -0.0857537 0.92935 0.16803 0.328746
0.251769 -0.22879 -0.284529 0.92935 0.16803 0.328746
-0.0547439 0.0152356 0.151889 -0.168311 0.985341 -0.0278245
0.154462 -0.0196148 -0.298873 -0.92935 -0.16803 -0.328746
0.226985 -0.197267 -0.452099 -0.168311 0.985341 -0.0278245
-0.0950665 0.0068957 0.100462 -0.168311 0.985341 -0.0278245
-0.165443 -0.00162685 0.224366 -0.168311 0.985341 -0.0278245
-0.0992894 -0.0315644 0.20161 0.168311 -0.985341 0.0278245
0.10892 0.155368 -0.169098 0.328603 0.0294727 -0.944008
0.0765021 -0.0325288 -0.0718835 -0.92935 -0.16803 -0.328746
0.0683771 0.112659 -0.162639 -0.695312 0.68399 -0.220678
-0.144749 0.203399 0.00713421 -0.92935 -0.16803 -0.328746
0.124447 -0.0413649 -0.202904 -0.92935 -0.16803 -0.328746
-0.11426 0.130999 -0.0420528 -0.92935 -0.16803 -0.328746
0.0529454 0.270877 -0.0720575 -0.168315 0.98534 -0.027828
0.027981 -0.0194822 -0.140385 0.168311 -0.985341 0.0278246
0.111331 -0.134833 -0.118053 0.92935 0.16803 0.328746
-0.0451832 0.0571331 -0.199574 -0.92935 -0.16803 -0.328746
-0.19054 -0.283705 0.385552 -0.92935 -0.16803 -0.328746
-0.0772496 -0.106938 0.160448 -0.328603 -0.0294727 0.944008
0.0568142 0.0170839 -0.457473 -0.168311 0.985341 -0.0278245
0.24483 -0.118172 -0.321453 0.92935 0.16803 0.328746
0.164737 -0.00184513 -0.343044 0.168311 -0.985341 0.0278245
0.0633878 0.120301 -0.128821 -0.831534 0.482981 -0.274372
0.0127663 0.224676 -0.0174991 -0.956204 -0.156366 0.247434
-0.0642623 -0.18598 -0.0335447 -0.92935 -0.168029 -0.328747
0.167093 -0.243548 -0.291151 0.168311 -0.985341 0.0278246
0.179173 -0.0373039 -0.24848 0.168311 -0.985341 0.0278246
0.00273275 -0.0511769 0.327529 0.168311 -0.985341 0.0278246
-0.0500902 -0.228752 0.108979 -0.168311 0.985341 -0.0278246
-0.0488692 -0.146751 -0.0723104 -0.363614 0.262269 0.893868
-0.10948 -0.0517366 0.463696 -0.92935 -0.16803 -0.328746
-0.0437888 -0.205518 -0.0814358 -0.92935 -0.16803 -0.328746
-0.101057 -0.140023 0.0469835 -0.92935 -0.16803 -0.328746
-0.0726823 0.169235 -0.0260254 0.892013 0.16426 0.421106
-0.10008 0.0270941 -0.0290291 -0.92935 -0.16803 -0.328746
0.0073425 -0.122356 0.16954 0.92935 0.16803 0.328746
0.14436 -0.00629454 -0.377348 0.168311 -0.985341 0.0278246
-0.00898714 0.0248536 0.215705 -0.168311 0.985341 -0.0278245
-0.117601 -0.0566816 0.147971 -0.328603 -0.0294727 0.944008
-0.115655 -0.0165389 0.488881 -0.328602 -0.0294734 0.944008
0.203749 -0.237671 -0.304783 0.168311 -0.985341 0.0278246
0.00169965 -0.0237892 -0.133929 0.168311 -0.985341 0.0278246
0.193856 -0.241981 -0.397555 0.168311 -0.985341 0.0278246
0.160488 -0.194643 -0.226448 -0.92935 -0.16803 -0.328746
0.114896 0.110298 -0.0709122 0.92935 0.16803 0.328746
-0.0222153 -0.270148 -0.0880077 0.168311 -0.985341 0.0278246
0.17585 -0.000122661 -0.186787 0.92935 0.16803 0.328746
-0.185294 -0.00262171 0.309208 -0.168311 0.985341 -0.0278245
0.0516177 -0.177127 -0.178239 0.328603 0.0294728 -0.944008
0.0724997 0.253355 -0.0241792 0.92935 0.16803 0.328746
0.115393 -0.0436197 -0.176159 -0.92935 -0.16803 -0.328746
-0.042062 0.243407 0.0988892 -0.328603 -0.0294727 0.944008
0.138538 -0.244248 -0.143202 0.168311 -0.985341 0.0278246
0.00507566 0.175058 -0.20463 0.328601 0.0294711 -0.944009
-0.0256129 -0.243315 -0.101332 -0.92935 -0.16803 -0.328746
-0.0248103 0.0247149 0.306508 -0.168311 0.985341 -0.0278245
0.0213806 -0.191552 0.347734 0.92935 0.16803 0.328746
0.0553522 0.0102032 0.148576 0.92935 0.16803 0.328746
0.119837 -0.250256 -0.242853 0.168311 -0.985341 0.0278246
0.00231195 -0.00922322 0.308448 0.92935 0.16803 0.328746
-0.0711238 0.212807 0.0290027 0.716394 0.102884 -0.690069
-0.0611946 -0.226236 0.26523 -0.168311 0.985341 -0.0278246
0.1885 -0.23816 -0.22985 0.168311 -0.985341 0.0278246
-0.0406889 -0.000190587 0.425393 0.92935 0.16803 0.328746
0.0429438 0.115524 -0.075989 -0.775689 0.578732 -0.251745
-0.0522758 0.0144361 0.108645 -0.168311 0.985341 -0.0278245
0.270481 -0.195441 -0.354473 0.92935 0.16803 0.328746
-0.1585 0.000285371 0.250082 -0.168311 0.985341 -0.0278245
0.124155 0.0326513 -0.31353 -0.168311 0.985341 -0.0278246
0.225565 -0.129947 -0.443483 -0.92935 -0.16803 -0.328746
0.0205439 -0.169795 0.331947 -0.168311 0.985341 -0.0278245
-0.0494259 -0.0466368 -0.146708 -0.92935 -0.168032 -0.328747
-0.0776217 0.247645 -0.104968 -0.168305 0.985342 -0.0278241
-0.0812208 -0.0861998 -0.0363002 0.126144 -0.981359 0.144991
0.0152324 0.100438 0.0379431 -0.582756 -0.12223 -0.803402
0.0538734 -0.256051 -0.0490736 0.168311 -0.985341 0.0278246
-0.0649688 -0.232761 0.0569901 0.168311 -0.985341 0.0278245
0.0523601 -0.147314 0.055034 0.92935 0.168029 0.328746
-0.0519023 -0.225498 0.235163 -0.168311 0.985341 -0.0278246
0.155303 -0.162182 -0.213613 -0.168311 0.985341 -0.0278245
0.100729 -0.242486 0.147874 0.168311 -0.985341 0.0278246
-0.0341328 0.169189 0.0453695 0.16223 -0.000153189 -0.986753
0.150414 -0.240777 -0.0921311 0.168311 -0.985341 0.0278246
0.150931 -0.0425309 -0.262741 0.168311 -0.985341 0.0278246
0.00954557 -0.208216 -0.192351 0.351371 -0.675901 -0.64784
-0.0388426 0.0531729 -0.0384163 -0.16831 0.985341 -0.0278252
0.0954173 -0.25926 -0.413993 0.168311 -0.985341 0.0278246
-0.0200262 -0.0273464 -0.128481 0.168311 -0.985341 0.0278246
-0.0630762 0.0206619 0.39445 -0.168311 0.985341 -0.0278245
-0.0241085 -0.148869 0.454513 0.92935 0.16803 0.328746
-0.0145053 0.25884 -0.0903209 -0.168311 0.985341 -0.0278246
0.0194336 -0.212146 0.181253 -0.92935 -0.16803 -0.328746
-0.00892755 -0.208807 -0.178306 -0.92935 -0.16803 -0.328746
0.0222002 0.26746 -0.00707098 -0.16831 0.985341 -0.0278244
-0.175531 -0.0438958 0.226108 0.168311 -0.985341 0.0278246
0.0220986 0.0150419 -0.31979 -0.168311 0.985341 -0.0278245
0.0558108 0.0211151 -0.308649 -0.168311 0.985341 -0.0278245
-0.0813476 0.204728 0.0840065 -0.328603 -0.0294727 0.944008
0.184797 -0.176836 -0.304271 -0.92935 -0.16803 -0.328746
0.0536765 -0.232065 -0.331229 -0.92935 -0.16803 -0.328746
-0.114452 0.0048439 0.145062 -0.168311 0.985341 -0.0278245
-0.00862417 -0.0364918 0.17079 -0.92935 -0.16803 -0.328746
0.0945223 -0.21578 -0.30643 -0.168311 0.985341 -0.0278245
0.0429629 0.0322196 0.162308 -0.168311 0.985341 -0.0278245
-0.033153 0.245122 -0.21575 0.328603 0.0294728 -0.944008
0.109952 -0.215622 -0.394167 -0.168311 0.985341 -0.0278245
0.0411989 0.0159632 -0.402702 -0.168311 0.985341 -0.0278245
0.11781 -0.160903 0.0584619 -0.168311 0.985341 -0.0278245
-0.0501131 -0.16537 -0.0840778 -0.92935 -0.16803 -0.328746
0.0230755 -0.0161743 0.00643025 0.168311 -0.985341 0.0278245
0.154055 -0.204485 -0.266558 -0.168311 0.985341 -0.0278245
0.0297548 0.137817 -0.0142449 -0.944439 0.018159 -0.328186
0.0419318 0.0460315 -0.195829 0.328603 0.0294726 -0.944008
-0.00614258 -0.253334 0.410194 0.168311 -0.985341 0.0278246
0.0256966 0.15195 0.00637111 -0.967946 -0.170546 -0.184378
0.17893 -0.200632 -0.280584 -0.168311 0.985341 -0.0278245
0.08301 -0.255334 -0.199918 0.168311 -0.985341 0.0278246
-0.0277046 -0.00611573 0.391715 0.92935 0.16803 0.328746
0.120713 -0.245754 -0.0887181 0.168311 -0.985341 0.0278246
-0.0725454 -0.219795 0.445183 -0.92935 -0.16803 -0.328746
0.218019 -0.235815 -0.325354 0.168311 -0.985341 0.0278246
-0.184134 -0.00154596 0.340292 -0.168311 0.985341 -0.0278245
-0.139747 0.174296 0.00786965 -0.92935 -0.16803 -0.328746
0.112158 -0.217455 -0.472431 -0.168311 0.985341 -0.0278245
-0.0802064 0.223737 -0.18572 -0.92935 -0.16803 -0.328746
0.0388412 0.0764001 -0.00973556 -0.973333 -0.161652 0.162763
0.184952 -0.180064 -0.120545 0.92935 0.16803 0.328746
0.0261269 0.18553 -0.193846 0.39243 -0.913409 0.108085
0.0655105 -0.0776124 -0.170296 0.328603 0.0294728 -0.944008
0.1341 0.0718022 -0.105524 0.92935 0.16803 0.328746
0.00263809 -0.0375829 0.13951 -0.92935 -0.16803 -0.328746
0.242404 -0.211591 -0.266847 0.92935 0.16803 0.328746
0.256091 -0.153795 -0.335081 0.92935 0.168033 0.328744
-0.0739436 -0.0233655 0.338639 0.168311 -0.985341 0.0278245
-0.0860891 0.016724 0.394203 -0.168311 0.985341 -0.0278245
-0.119534 -0.183397 0.143342 -0.328603 -0.0294727 0.944008
-0.081411 -0.242942 0.493733 -0.328603 -0.0294729 0.944008
0.0943615 -0.186959 0.139073 0.92935 0.16803 0.328746
-0.0341324 0.0548229 -0.00847678 -0.16831 0.985341 -0.0278249
0.09645 0.0246479 -0.429369 -0.168311 0.985341 -0.0278246
-0.0969495 -0.0649018 0.154903 -0.328603 -0.0294727 0.944008
-0.0550118 -0.220244 -0.0421824 -0.92935 -0.16803 -0.328746
0.0442156 0.172204 -0.0927678 -0.68938 -0.675748 -0.260999
0.0944678 -0.0393663 -0.119177 -0.92935 -0.16803 -0.328746
-0.137936 0.0653238 0.0599561 -0.328603 -0.0294727 0.944008
-0.13806 -0.27892 0.302106 0.168311 -0.985341 0.0278246
-0.122811 -0.278733 0.191545 -0.92935 -0.16803 -0.328746
0.0155537 0.126904 0.0331428 -0.69474 -0.138602 -0.70578
-0.0493374 -0.022975 0.203626 0.168311 -0.985341 0.0278245
-0.0353262 -0.1255 -0.146258 -0.92935 -0.16803 -0.328746
-0.0908541 -0.273235 0.217855 0.168311 -0.985341 0.0278246
0.103643 -0.101457 -0.113379 0.92935 0.16803 0.328746
-0.0980767 0.21547 -0.130976 -0.92935 -0.16803 -0.328746
0.131834 -0.162898 -0.0969925 -0.168311 0.985341 -0.0278245
0.0614171 0.129458 0.0704775 0.92935 0.16803 0.328746
-0.168972 -0.283428 0.329423 0.168311 -0.985341 0.0278246
-0.0720066 -0.123236 0.0229554 0.355437 -0.166353 -0.919778
0.107833 -0.206658 -0.0714524 0.92935 0.16803 0.328746
-0.00712028 -0.12329 -0.0592707 -0.319805 -0.0785504 0.944222
0.205543 -0.0308066 -0.255045 0.92935 0.16803 0.328746
-0.0207666 0.23997 0.106195 -0.328603 -0.0294727 0.944008
-0.0451262 0.208969 0.0434545 0.210494 0.00835058 -0.97756
0.14727 -0.246495 -0.275605 0.168311 -0.985341 0.0278246
-0.055986 0.02252 0.417363 -0.168311 0.985341 -0.0278245
0.0740298 -0.166907 0.110679 -0.168311 0.985341 -0.0278245
0.000731029 -0.0231325 -0.104815 -0.168311 0.985341 -0.0278245
-0.0548242 -0.230361 0.0806403 -0.168311 0.985341 -0.0278246
0.0205987 -0.172073 0.250932 -0.168311 0.985341 -0.0278245
-0.0209833 -0.181278 -0.158295 -0.92935 -0.16803 -0.328746
0.224904 -0.233263 -0.276656 0.168311 -0.985341 0.0278246
0.144166 0.114078 -0.155588 0.92935 0.16803 0.328746
-0.143998 0.240829 0.05518 -0.16831 0.985341 -0.0278246
-0.0595209 0.169757 -0.216606 -0.92935 -0.16803 -0.328746
0.105291 0.244149 -0.112172 0.92935 0.16803 0.328746
-0.00307498 -0.0205193 0.0107481 -0.168311 0.985341 -0.0278245
-0.0367206 -0.229772 -0.00802572 -0.168311 0.985341 -0.0278246
-0.00744427 0.263457 0.0304754 -0.168309 0.985342 -0.027825
-0.0929906 -0.170403 0.491967 -0.328603 -0.0294726 0.944008
0.202768 -0.105761 -0.391401 -0.92935 -0.16803 -0.328746
0.0428455 0.0179039 -0.343937 -0.168311 0.985341 -0.0278245
-0.025815 -0.256847 0.404798 0.168311 -0.985341 0.0278246
-0.0965665 -0.226923 0.0787048 -0.92935 -0.16803 -0.328746
0.27525 -0.151719 -0.390303 0.92935 0.16803 0.328746
-0.145321 0.149783 0.036155 -0.92935 -0.16803 -0.328746
0.0316828 0.0937818 0.0197299 -0.892014 -0.16426 -0.421105
0.210226 -0.100171 -0.415341 -0.92935 -0.16803 -0.328746
0.179074 0.0427665 -0.217823 0.92935 0.16803 0.328746
-0.0891178 -0.227998 0.371757 -0.168311 0.985341 -0.0278246
0.137505 -0.209684 -0.350556 -0.168311 0.985341 -0.0278245
0.0836568 0.169755 -0.0129899 0.92935 0.16803 0.328746
0.0787633 -0.00884204 -0.502515 0.328603 0.0294724 -0.944008
0.0656655 -0.0333566 0.141686 0.92935 0.16803 0.328746
0.0649203 0.272308 -0.093808 -0.168303 0.985343 -0.0278184
0.063505 0.0174112 -0.486355 -0.168311 0.985341 -0.0278245
0.063212 0.154726 0.052488 0.92935 0.16803 0.328746
-0.0298529 0.0563446 0.0195244 -0.168311 0.985341 -0.0278245
-0.0233359 -0.201403 0.479181 0.92935 0.16803 0.328746
-0.173527 -0.0171686 0.468717 -0.328603 -0.0294722 0.944008
-0.0893148 0.203972 -0.149868 -0.92935 -0.16803 -0.328746
0.012542 -0.0256394 -0.265035 0.168311 -0.985341 0.0278246
0.0249322 -0.0443299 0.079934 0.92935 0.168031 0.328746
0.122702 0.0675658 -0.0711383 0.92935 0.16803 0.328746
0.0574464 -0.258609 -0.161259 0.168311 -0.985341 0.0278246
-0.0333025 -0.226364 0.0919667 0.168311 -0.985341 0.0278245
0.0235079 -0.224271 -0.17756 -0.168311 0.985341 -0.0278246
0.139253 -0.000406217 -0.0831833 0.92935 0.16803 0.328746
0.0621109 -0.22633 -0.358004 -0.92935 -0.16803 -0.328746
0.202288 -0.047816 -0.419659 -0.92935 -0.16803 -0.328746
0.156999 -0.206672 -0.361813 -0.168311 0.985341 -0.0278245
0.105797 -0.0432197 -0.0141208 0.168311 -0.985341 0.0278246
0.0394842 -0.261243 -0.145877 0.168311 -0.985341 0.0278246
0.0898111 0.0242627 -0.402852 -0.168311 0.985341 -0.0278245
-0.0517442 -0.0690948 0.170507 -0.328603 -0.0294727 0.944008
0.0552974 -0.00775124 -0.450464 -0.92935 -0.16803 -0.328746
0.0481903 -0.249663 -0.306725 -0.92935 -0.16803 -0.328746
-0.109285 -0.122634 0.0613552 -0.92935 -0.16803 -0.328746
-0.0267965 -0.171161 0.473507 0.92935 0.16803 0.328746
-0.0860045 0.0112299 0.199132 -0.168311 0.985341 -0.0278245
-0.0764132 0.00614484 -0.0852265 -0.92935 -0.16803 -0.328746
0.230772 -0.000299015 -0.449336 0.328603 0.0294727 -0.944008
0.127154 0.0351992 -0.241444 -0.168311 0.985341 -0.0278245
-0.0848771 -0.143861 0.441232 -0.92935 -0.16803 -0.328746
0.0297271 -0.224352 -0.218048 -0.168311 0.985341 -0.0278246
0.168492 -0.207893 -0.474554 -0.168311 0.985341 -0.0278245
-0.0834061 -0.0424817 0.385256 -0.92935 -0.16803 -0.328746
-0.0542218 -0.0282851 0.0451276 0.168311 -0.985341 0.0278246
-0.00999983 -0.0539332 0.306939 0.168311 -0.985341 0.0278245
0.0818629 -0.259307 -0.333667 0.168311 -0.985341 0.0278246
-0.049827 0.00153247 -0.158027 -0.92935 -0.16803 -0.328746
-0.0404696 0.076124 -0.222605 -0.92935 -0.16803 -0.328746
0.116657 0.131885 -0.0869232 0.92935 0.16803 0.328746
-0.0106367 -0.16859 0.18171 -0.328603 -0.0294727 0.944008
0.136156 -0.201804 -0.154002 -0.92935 -0.16803 -0.328746
-0.0215811 0.0039558 0.369256 0.92935 0.16803 0.328746
-0.146233 -0.240127 0.28771 -0.168311 0.985341 -0.0278246
0.0141976 0.26424 -0.0727151 -0.168309 0.985341 -0.0278231
0.113174 -0.254334 -0.34698 0.168311 -0.985341 0.0278246
0.104571 0.152997 -0.0635487 0.92935 0.16803 0.328746
-0.115612 0.105197 -0.0250407 -0.92935 -0.16803 -0.328746
0.201368 -0.0109189 -0.435918 -0.929351 -0.168029 -0.328746
-0.0607377 -0.0712968 -0.102126 -0.92935 -0.16803 -0.328746
0.0174612 0.062749 -0.039883 -0.168309 0.985342 -0.0278235
-0.0690696 -0.259462 0.0297714 -0.92935 -0.16803 -0.328746
0.08362 0.207006 -0.0319259 0.92935 0.16803 0.328746
0.0186521 -0.0260594 -0.316868 0.168311 -0.985341 0.0278246
0.181464 -0.157835 -0.217911 -0.168311 0.985341 -0.0278245
0.0918974 -0.0139293 -0.33037 0.168311 -0.985341 0.0278246
0.0109151 -0.215594 0.205907 -0.168311 0.985341 -0.0278245
0.00398776 -0.0612691 0.147801 0.92935 0.16803 0.328746
0.0304446 -0.0183578 -0.115468 0.168311 -0.985341 0.0278246
0.245695 -0.0713404 -0.446359 0.328603 0.0294727 -0.944008
0.222308 -0.107458 -0.326685 -0.359974 0.214585 0.907949
0.209847 0.0435033 -0.447589 -0.168311 0.985341 -0.0278246
0.0517553 0.172407 0.0758387 0.92935 0.16803 0.328746
0.00443073 -0.0240414 -0.159382 0.168311 -0.985341 0.0278246
0.100903 -0.257524 -0.451724 -0.92935 -0.16803 -0.328746
0.269116 -0.229712 -0.418328 0.168311 -0.985341 0.0278246
-0.031462 -0.106962 -0.166657 -0.92935 -0.16803 -0.328746
0.109804 -0.0119009 -0.366855 0.168311 -0.985341 0.0278246
0.0763402 -0.221004 -0.381421 -0.168311 0.985341 -0.0278246
0.115338 -0.0103045 -0.0105174 0.92935 0.16803 0.328746
0.226326 -0.231184 -0.211632 0.168311 -0.985341 0.0278246
-0.099425 -0.182972 0.150355 -0.328603 -0.0294727 0.944008
-0.0688398 -0.141758 0.162288 -0.328603 -0.0294727 0.944008
0.231127 -0.0294519 -0.328061 0.92935 0.168029 0.328746
-0.0919774 0.247712 -0.0157582 -0.168314 0.985341 -0.0278278
0.0172783 -0.0617568 0.110478 0.92935 0.16803 0.328746
-0.0423252 -0.0952692 -0.141924 -0.92935 -0.16803 -0.328746
0.150064 -0.20833 -0.00747078 0.92935 0.16803 0.328746
0.0927953 0.0272013 -0.316839 -0.168311 0.985341 -0.0278245
0.168872 -0.0281389 -0.15274 0.92935 0.16803 0.328746
-0.0779793 0.249712 0.0273878 0.716394 0.102884 -0.690069
-0.0336978 0.115624 -0.219983 0.328603 0.0294727 -0.944008
0.18115 -0.198671 -0.100288 0.92935 0.16803 0.328746
-0.00100647 -0.21878 0.165181 -0.168311 0.985341 -0.0278245
0.202368 -0.154519 -0.226962 -0.168311 0.985341 -0.0278245
0.0875068 0.123805 -0.00038769 0.92935 0.16803 0.328746
0.108705 -0.251484 -0.219022 0.168311 -0.985341 0.0278246
-0.118921 -0.237047 0.231572 -0.168311 0.985341 -0.0278246
-0.179547 -0.00285691 0.26612 -0.168311 0.985341 -0.0278245
-0.0909076 -0.157703 0.465355 -0.92935 -0.16803 -0.328746
-0.0455449 0.02135 0.31277 -0.168311 0.985341 -0.0278245
0.0148863 0.263741 -0.09453 -0.168311 0.985341 -0.0278246
0.0463971 -0.214022 0.0469279 -0.168311 0.985341 -0.0278245
-0.0201322 0.167071 -0.213654 0.328603 0.0294727 -0.944008
-0.109284 -0.0257962 0.0240248 -0.92935 -0.16803 -0.328746
-0.0102232 -0.165873 0.0195377 0.0368966 0.843703 -0.535541
-0.0672653 0.23108 -0.226057 -0.92935 -0.16803 -0.328746
0.10259 0.203872 -0.0839507 0.92935 0.16803 0.328746
-0.15492 0.00375034 0.351132 -0.168311 0.985341 -0.0278245
0.126582 0.110646 -0.104125 0.92935 0.16803 0.328746
-0.232807 -0.0330403 0.376918 -0.92935 -0.168029 -0.328746
0.0981981 -0.25428 -0.254456 0.168311 -0.985341 0.0278246
-0.107373 0.241395 -0.117947 -0.92935 -0.16803 -0.328746
0.233012 -0.208032 -0.242115 0.92935 0.16803 0.328746
0.0744801 -0.0126848 -0.180944 0.168311 -0.985341 0.0278245
-0.0889497 -0.035959 -0.0165594 -0.168311 0.985341 -0.0278245
-0.0443075 -0.0485364 0.277821 -0.92935 -0.16803 -0.328746
0.0809064 -0.0473895 -0.0112227 0.168311 -0.985341 0.0278245
-0.0141895 0.107505 -0.114665 0.620653 0.746659 0.239356
-0.0436336 -0.263716 0.269319 0.168311 -0.985341 0.0278246
0.280198 -0.196818 -0.381237 0.92935 0.168029 0.328747
0.133863 -0.00550006 -0.285721 0.168311 -0.985341 0.0278245
0.048137 -0.0179065 -0.206506 0.168311 -0.985341 0.0278246
0.0899248 -0.0564213 -0.0976168 0.92935 0.168031 0.328747
0.208187 0.047129 -0.309151 -0.168311 0.985341 -0.0278246
-0.0256409 0.130693 0.0466901 0.113564 -0.0086564 -0.993493
0.100182 0.254416 -0.169047 0.328607 0.029469 -0.944007
-0.206133 -0.249455 0.412128 -0.92935 -0.16803 -0.328746
0.0192765 0.268265 0.0391192 -0.16831 0.985341 -0.0278244
-0.102454 0.00493347 0.0756636 -0.168311 0.985341 -0.0278245
0.0603317 -0.184971 0.234258 0.92935 0.16803 0.328746
0.0432758 0.0203986 -0.258195 -0.168311 0.985341 -0.0278245
-0.00283669 0.195463 0.0365543 -0.542404 -0.116146 -0.83205
0.253684 -0.0985965 -0.356487 0.92935 0.16803 0.328746
-0.0714499 0.225358 0.0880959 -0.328603 -0.0294727 0.944008
-0.102496 -0.0501088 0.00509342 -0.92935 -0.16803 -0.328746
-0.0670131 -0.27315 0.0766481 0.168311 -0.985341 0.0278246
-0.0137763 -0.18113 -0.178745 -0.92935 -0.16803 -0.328746
-0.000181847 -0.0168849 0.121951 -0.168311 0.985341 -0.0278245
0.202846 -0.0747368 -0.407477 -0.92935 -0.16803 -0.328746
0.170753 -0.238517 -0.135122 0.168311 -0.985341 0.0278246
0.0510196 -0.176609 0.0737967 -0.92935 -0.16803 -0.328746
-0.0350461 -0.0916094 0.175617 -0.328603 -0.0294727 0.944008
0.150638 -0.00692018 -0.43748 0.168311 -0.985341 0.0278246
-0.0149014 -0.181706 0.262758 -0.92935 -0.16803 -0.328746
0.0156985 0.0824035 0.113968 -0.328603 -0.0294727 0.944008
0.129479 -0.0430241 -0.15045 0.168311 -0.985341 0.0278246
0.165851 -0.24067 -0.181739 0.168311 -0.985341 0.0278246
-0.0657533 -0.241661 0.0112978 -0.92935 -0.16803 -0.328746
-0.0056218 -0.203728 0.430292 0.92935 0.168029 0.328746
-0.0322125 -0.180604 0.493644 0.92935 0.16803 0.328746
0.0713374 -0.0559835 -0.0452949 0.92935 0.168031 0.328747
0.04726 -0.0230729 0.188461 0.92935 0.16803 0.328746
0.110582 -0.0894618 -0.139125 0.92935 0.16803 0.328746
0.0340238 -0.243022 -0.270072 -0.92935 -0.16803 -0.328746
-0.0132236 -0.222398 0.110976 -0.168311 0.985341 -0.0278246
-0.0883561 -0.233358 0.177333 -0.168311 0.985341 -0.0278246
-0.116956 -0.235463 0.275776 -0.168311 0.985341 -0.0278246
-0.0557038 -0.237095 0.502864 -0.328603 -0.0294726 0.944008
0.0183569 0.257864 0.120372 -0.328603 -0.0294727 0.944008
0.173255 -0.226107 -0.0639456 0.92935 0.16803 0.328746
-0.0832038 -0.0864664 0.497994 -0.328603 -0.0294728 0.944008
