ply
format ascii 1.0
comment Created by Open3D
element vertex 128
property double x
property double y
property double z
property double nx
property double ny
property double nz
end_header
-0.246715 -0.315483 -0.339002 -0.224516 0.374931 -0.899455
-0.358888 -0.313406 -0.0465666 -0.96141 0.0653867 0.267237
-0.170214 0.140695 0.00593906 0.159008 0.924744 0.345782
0.0472425 0.0887968 -0.243857 -0.224516 0.374931 -0.899455
-0.208078 0.0655022 0.270457 -0.224516 0.374931 -0.899455
0.146278 -0.307807 -0.0181313 0.96141 -0.0653867 -0.267237
-0.0839243 0.17947 -0.137438 0.159008 0.924744 0.345782
-0.192123 -0.165297 0.170268 -0.224516 0.374931 -0.899455
-0.219644 -0.49276 -0.0271783 -0.159008 -0.924744 -0.345782
0.12249 0.104175 -0.204515 0.96141 -0.0653867 -0.267237
-0.0544435 -0.278657 0.0886476 -0.224516 0.374931 -0.899455
-0.111994 -0.440376 -0.216774 -0.159008 -0.924744 -0.345782
0.0470446 -0.0223044 -0.290119 -0.224516 0.374931 -0.899455
0.016254 -0.455507 -0.235285 -0.159008 -0.924744 -0.345782
0.112368 -0.263538 0.0533116 -0.224516 0.374931 -0.899455
-0.0157316 -0.504821 -0.0886942 -0.159008 -0.924744 -0.345782
-0.109607 -0.407045 -0.307013 -0.159008 -0.924744 -0.345782
-0.0458249 0.13284 -0.0302538 0.159008 0.924744 0.345782
0.0277328 -0.318659 0.104572 0.224516 -0.374931 0.899455
-0.15045 0.0653689 0.309128 0.224516 -0.374931 0.899455
-0.000570726 0.127669 0.244574 -0.224516 0.374931 -0.899455
-0.0371715 -0.321484 0.0664842 -0.224516 0.374931 -0.899455
-0.301345 -0.317124 0.16136 -0.96141 0.0653866 0.267237
0.0104031 0.365526 0.291636 -0.904873 0.421397 0.0602553
-0.0226152 0.33891 0.326233 0.985471 -0.0887799 -0.144792
0.0800658 0.0436945 0.171814 0.96141 -0.0653867 -0.267237
0.331018 0.225762 0.205024 0.986285 -0.164489 -0.0136411
-0.326017 -0.329646 0.0756636 -0.96141 0.0653867 0.267237
-0.0476338 -0.108351 0.211049 0.224516 -0.374931 0.899455
-0.18427 -0.323256 0.0670561 0.224516 -0.374931 0.899455
0.121177 -0.0549411 -0.170306 0.96141 -0.0653867 -0.267237
-0.198108 -0.0836147 0.20581 -0.224516 0.374931 -0.899455
0.297388 0.346988 0.305209 0.380487 0.315757 0.869211
0.0485485 -0.0907313 -0.319018 -0.224516 0.374931 -0.899455
-0.344811 -0.215093 -0.27267 -0.224516 0.374931 -0.899455
0.136979 0.148123 -0.155188 0.159008 0.924744 0.345782
0.0477345 0.0363587 0.247565 0.224516 -0.374931 0.899455
-0.127619 -0.434013 0.0496987 -0.159008 -0.924744 -0.345782
0.174264 -0.146873 0.0864925 -0.224516 0.374931 -0.899455
0.00404112 -0.206218 0.0688378 0.224516 -0.374931 0.899455
-0.15315 0.181761 0.210624 -0.15901 -0.924744 -0.345782
-0.106783 -0.196985 0.188868 0.224516 -0.374931 0.899455
-0.0921725 -0.108526 -0.29131 -0.224516 0.374931 -0.899455
0.14445 -0.255373 0.101818 0.224516 -0.374931 0.899455
-0.00851939 0.143701 0.285812 -0.685794 -0.148493 0.712486
0.0489058 -0.382345 -0.0157786 0.224516 -0.374931 0.899455
-0.158031 0.251726 0.374614 -0.531474 -0.214984 0.81934
-0.270859 -0.406339 -0.234748 -0.159008 -0.924744 -0.345782
-0.307587 0.0614969 -0.166666 -0.224516 0.374931 -0.899455
0.215946 0.110881 0.230454 -0.159007 -0.924744 -0.345782
-0.0601911 0.160391 -0.187196 -0.224516 0.374931 -0.899455
0.191889 0.307136 0.265157 -0.907817 -0.000713254 0.419367
0.283704 -0.468425 -0.0326193 0.96141 -0.0653866 -0.267237
-0.272185 -0.289179 -0.32168 -0.224516 0.374931 -0.899455
-0.204568 0.210421 0.290829 -0.987265 0.147178 0.0603869
-0.160356 -0.256833 -0.336111 -0.224516 0.374931 -0.899455
0.166915 0.0029393 -0.0199192 0.96141 -0.0653867 -0.267237
0.0617956 -0.436433 -0.290594 0.96141 -0.0653867 -0.267237
-0.358005 -0.403495 -0.202279 -0.159008 -0.924744 -0.345782
0.321316 -0.250967 0.0494864 0.96141 -0.0653866 -0.267237
-0.117361 0.225036 0.3791 -0.0196707 -0.347201 0.937584
0.310572 0.113294 0.180488 0.159008 0.924744 0.345782
-0.0993553 -0.134221 0.213176 0.224516 -0.374931 0.899455
-0.175904 -0.0750271 0.203848 -0.224516 0.374931 -0.899455
-0.130149 -0.202693 0.103803 0.224516 -0.374931 0.899455
-0.00639128 0.270065 0.280015 -0.966708 0.0747137 0.24473
0.269989 -0.202925 0.0392333 -0.224516 0.374931 -0.899455
0.0784481 -0.150184 0.109029 -0.224516 0.374931 -0.899455
0.0593272 -0.166879 0.159953 0.224516 -0.374931 0.899455
-0.36602 -0.172048 -0.249432 -0.224516 0.374931 -0.899455
-0.361593 -0.189035 -0.0867275 -0.96141 0.0653867 0.267237
-0.0989715 0.0364015 0.231092 -0.224516 0.374931 -0.899455
-0.183768 -0.0736044 0.170996 0.224516 -0.374931 0.899455
-0.106283 0.00403185 0.272535 0.224516 -0.374931 0.899455
-0.230906 -0.397706 -0.276208 -0.159008 -0.924744 -0.345782
-0.323601 0.05346 -0.00938102 -0.96141 0.0653866 0.267237
0.140603 -0.301432 -0.0401072 0.96141 -0.0653867 -0.267237
0.338533 -0.0881272 0.071583 0.96141 -0.0653866 -0.267237
0.00273016 -0.436124 -0.0266696 0.224516 -0.374931 0.899455
0.114094 -0.0417302 -0.199018 0.96141 -0.0653867 -0.267237
0.341874 0.294719 0.218954 0.981865 -0.111496 -0.153331
-0.136484 -0.456365 -0.000357466 0.224516 -0.374931 0.899455
0.113206 -0.35744 -0.124966 0.96141 -0.0653867 -0.267237
0.354121 0.0969418 0.196341 0.224516 -0.374931 0.899455
-0.0477655 -0.141179 0.10888 0.224516 -0.374931 0.899455
-0.390913 -0.275612 -0.171026 -0.96141 0.0653867 0.267237
-0.306313 -0.378604 0.15853 -0.96141 0.0653866 0.267237
0.0920345 0.159093 0.158497 -0.159006 -0.924744 -0.345781
-0.281461 -0.0556911 0.168929 -0.96141 0.0653867 0.267237
0.317627 -0.00645783 0.109238 -0.224516 0.374931 -0.899455
0.0370868 0.249316 0.333013 -0.445998 -0.245183 0.860797
-0.277383 0.182086 -0.0554736 0.159008 0.924744 0.345782
0.282259 -0.099916 0.079109 -0.224516 0.374931 -0.899455
-0.334424 0.198878 -0.0838964 -0.96141 0.0653866 0.267237
-0.366831 -0.452308 -0.0676773 -0.159008 -0.924744 -0.345782
-0.303447 -0.396908 0.154621 0.224516 -0.374931 0.899455
-0.0532392 0.320649 0.39785 0.590456 -0.30187 0.74849
0.121478 0.159671 0.272656 0.789974 -0.329243 0.517242
-0.128885 -0.22118 0.131188 -0.224516 0.374931 -0.899455
-0.0568442 -0.117765 -0.30398 -0.224516 0.374931 -0.899455
0.115951 -0.400323 -0.1046 0.96141 -0.0653867 -0.267237
0.0239199 -0.394522 -0.0146174 0.224516 -0.374931 0.899455
-0.178234 -0.384084 0.075601 -0.224516 0.374931 -0.899455
-0.195174 0.0883552 0.157393 0.159008 0.924744 0.345782
0.206135 -0.367089 -0.0132587 -0.224516 0.374931 -0.899455
-0.17949 0.168136 0.259175 -0.159008 -0.924744 -0.345781
0.189514 0.269303 0.168235 -0.789971 0.329244 -0.517247
0.116672 -0.379718 0.00380841 -0.224516 0.374931 -0.899455
0.288333 0.374382 0.290966 0.274717 0.691508 0.668093
-0.117216 -0.326079 0.13766 0.224516 -0.374931 0.899455
0.162001 -0.114299 -0.00891343 0.96141 -0.0653867 -0.267237
-0.309346 -0.279828 -0.308506 -0.224516 0.374931 -0.899455
-0.144458 -0.410366 -0.282103 -0.159008 -0.924744 -0.345782
0.105426 -0.0717327 0.134997 -0.224516 0.374931 -0.899455
-0.00792543 0.180387 -0.174839 0.159008 0.924744 0.345782
0.120319 -0.299506 -0.113551 0.96141 -0.0653867 -0.267237
0.00558578 0.130039 0.240255 -0.96141 0.0653867 0.267237
-0.0433443 0.0313044 -0.245211 -0.224516 0.374931 -0.899455
0.0914898 -0.475647 -0.0653001 0.224516 -0.374931 0.899455
-0.331723 -0.375806 -0.288416 -0.159008 -0.924744 -0.345782
-0.390137 -0.233626 -0.269081 -0.224516 0.374931 -0.899455
0.148074 0.138202 0.188904 -0.966708 0.0747128 0.244732
-0.171265 -0.0386203 -0.242428 -0.224516 0.374931 -0.899455
0.224577 -0.230605 0.0921411 0.224516 -0.374931 0.899455
-0.0649245 0.0914495 0.0892229 0.159008 0.924744 0.345782
0.178968 0.034385 0.160874 -0.224516 0.374931 -0.899455
0.0976212 0.00603959 0.169364 -0.224516 0.374931 -0.899455
-0.367389 -0.158524 -0.115045 -0.96141 0.0653866 0.267237
