ply
format ascii 1.0
comment Created by Open3D
element vertex 2096
property double x
property double y
property double z
property double nx
property double ny
property double nz
end_header
0.000780284 -0.155741 0.180108 0.969669 -0.241653 0.0366897
-0.071845 -0.0224595 0.251801 -0.969669 0.241653 -0.0366897
-0.0463124 -0.371971 0.000543358 0.969669 -0.241655 0.0366885
-0.0466249 0.0755913 0.231062 -0.969669 0.241653 -0.0366897
0.0386409 0.31937 -0.108692 -0.126609 -0.368192 0.921089
0.121569 0.342277 -0.381459 0.22961 0.849123 -0.475678
-0.0587478 -0.00719561 0.0508356 -0.083795 -0.469674 -0.878854
0.00363503 0.193755 -0.318982 -0.969669 0.241653 -0.0366896
0.08354 0.325395 -0.0944694 -0.210963 -0.751639 0.624927
0.0999154 0.172421 -0.00596611 0.969669 -0.241653 0.0366896
0.0323927 0.312612 -0.296179 -0.969669 0.241654 -0.0366936
0.0246303 0.328618 0.0143964 -0.969669 0.241653 -0.0366896
0.104614 0.187261 -0.0323902 0.969669 -0.241653 0.0366897
-0.157507 -0.383572 0.137314 -0.969668 0.241658 -0.0366887
0.100348 0.199133 -0.114017 0.969669 -0.241653 0.0366896
0.103068 0.277614 -0.427147 -0.0837949 -0.469674 -0.878854
0.0603146 0.269287 -0.0393627 0.191985 0.660111 -0.72622
0.10987 0.357723 -0.0955278 0.22961 0.849123 -0.475678
0.0562671 0.330198 -0.00245784 0.229626 0.849111 -0.475692
0.0129985 0.27661 -0.0207315 -0.969669 0.241652 -0.0366912
0.10157 0.204466 -0.111185 0.969669 -0.241653 0.0366896
-0.0880768 -0.368109 0.220625 0.0837949 0.469675 0.878854
0.0430851 0.391618 -0.0584012 -0.969669 0.241653 -0.0366896
0.133639 0.383448 -0.302139 0.22961 0.849123 -0.475678
0.086916 0.130734 0.0630309 0.96967 -0.24165 0.0366907
-0.0368946 -0.321864 0.0816616 0.969669 -0.241652 0.0366889
-0.139177 -0.335921 -0.0332658 -0.969669 0.241653 -0.0366896
-0.0399957 -0.160404 0.130925 -0.0837949 -0.469675 -0.878854
-0.00720948 -0.0270485 0.0565314 -0.0837882 -0.469676 -0.878854
-0.0109258 -0.0670181 0.0782462 -0.0837946 -0.469674 -0.878854
-0.121783 -0.238056 0.151613 -0.969669 0.241653 -0.0366894
-0.0264199 -0.254251 0.250154 0.969669 -0.241653 0.0366897
0.0768336 0.0855759 0.0320649 0.969669 -0.241653 0.0366913
0.0113269 0.22093 -0.08085 -0.22961 -0.849123 0.475678
0.00728185 -0.021175 0.27958 0.0837951 0.469674 0.878854
-0.0742662 -0.182184 0.29947 0.901105 -0.000763865 0.4336
0.0021962 0.110727 -0.328342 -0.0837949 -0.469674 -0.878854
-0.108226 -0.511595 0.0856523 -0.22961 -0.849123 0.475678
-0.01231 -0.0554184 0.204568 -0.961395 -0.193874 0.195275
0.118142 0.399485 -0.0169867 0.229637 0.849109 -0.47569
0.0851688 0.393 -0.308485 0.22961 0.849123 -0.475678
-0.146952 -0.365178 -0.0204862 -0.969669 0.241653 -0.0366896
0.0715777 0.392624 -0.315715 0.22961 0.849123 -0.475678
0.042175 0.255232 0.126025 0.512682 -0.776593 0.366143
-0.0333173 -0.293015 0.177129 0.969669 -0.241654 0.0366908
-0.13034 -0.270566 0.163639 -0.969669 0.241652 -0.0366887
-0.0530795 -0.270844 -0.0284046 0.22961 0.849123 -0.475678
0.0394161 0.123262 -0.241636 -0.22961 -0.849123 0.475678
0.036844 0.375428 -8.93792e-05 -0.969669 0.241653 -0.0366897
-0.0332271 -0.322147 -0.0171307 0.969669 -0.241653 0.0366896
-0.0757377 -0.0608961 0.101521 -0.969669 0.241653 -0.0366895
0.0830952 0.162494 0.100634 0.969669 -0.241652 0.03669
-0.0477344 -0.294368 -0.0678164 0.22961 0.849123 -0.475678
0.0763432 0.148528 -0.178709 -0.22961 -0.849123 0.475678
-0.103307 -0.316249 0.208512 -0.0865238 -0.198979 0.976177
-0.0211913 0.0361392 0.0240959 -0.0838009 -0.469674 -0.878854
-0.0852679 -0.51557 0.0842976 0.969669 -0.241653 0.0366897
-0.000467385 0.235014 0.0611872 -0.969669 0.241653 -0.0366896
0.0711946 0.12558 0.172027 0.969669 -0.241652 0.0366899
0.138452 0.312209 -0.376294 0.969669 -0.241653 0.0366896
0.107358 0.25157 0.0726656 0.22961 0.849123 -0.475678
-0.0356777 0.105525 0.138895 -0.969669 0.241653 -0.0366896
-0.00970307 -0.206737 0.121291 0.969669 -0.241653 0.0366896
0.119097 0.242838 -0.321683 0.969669 -0.241654 0.036689
-0.0545287 -0.176719 0.227545 -0.223703 -0.9379 -0.265141
-0.0497687 -0.113151 0.281646 0.518703 -0.520303 -0.678404
-0.151935 -0.354532 0.18134 -0.969669 0.241653 -0.0366898
-0.0538764 -0.32745 0.210627 -0.0976378 -0.245348 0.964506
0.143372 0.386147 -0.0193526 0.969669 -0.241653 0.0366896
0.0830366 0.257207 -0.32071 -0.0601117 -0.0902753 0.994101
-0.0263759 -0.230645 0.0562433 0.22961 0.849123 -0.475678
0.0768083 0.0871959 0.0434044 0.969669 -0.241653 0.0366901
-0.183022 -0.512347 0.0482067 -0.22961 -0.849123 0.475678
0.0340871 -0.0315355 0.117912 0.969669 -0.241653 0.0366897
-0.0658878 -0.393265 0.0826503 0.0482264 0.0419987 -0.997953
0.028399 0.275238 -0.0424709 0.199262 0.694623 -0.691226
-0.129412 -0.249773 0.278794 -0.229609 -0.849123 0.475678
-0.112089 -0.358626 0.0592717 -0.240744 -0.970199 -0.0275041
0.0872422 0.356366 0.0592054 0.22961 0.849123 -0.475678
0.102352 0.187082 0.0261946 0.969669 -0.241653 0.0366896
0.0823359 0.147323 0.0207821 0.969669 -0.241653 0.0366897
-0.0513863 -0.363433 0.190873 0.969669 -0.241653 0.0366897
0.128201 0.347957 -0.368117 0.22961 0.849123 -0.475678
0.0347445 0.353356 -0.0899777 -0.969669 0.241653 -0.0366896
0.0257007 0.279228 -0.339198 -0.969669 0.241651 -0.0366904
-0.0205223 -0.258442 0.0666855 0.969669 -0.241653 0.0366896
-0.156611 -0.401042 -0.00141754 -0.969669 0.241653 -0.0366896
0.0542652 0.400716 -0.293958 -0.969669 0.241653 -0.0366896
-0.0349263 0.110841 0.154051 -0.969669 0.241653 -0.0366897
-0.0735827 -0.0639086 0.0825585 -0.083795 -0.469674 -0.878854
-0.0661221 -0.435012 0.10888 0.969669 -0.241653 0.0366897
-0.0277434 0.0950482 0.220808 0.0837949 0.469674 0.878854
-0.124161 -0.283442 -0.0844691 -0.969669 0.241653 -0.0366896
-0.0734339 -0.471848 -0.00979276 -0.0837949 -0.469674 -0.878854
0.10476 0.196527 -0.247781 0.969669 -0.241653 0.0366896
0.0429774 0.198214 -0.106121 -0.22961 -0.849123 0.475678
0.11013 0.235408 -0.133624 0.969669 -0.241653 0.0366897
-0.103857 -0.160721 0.187208 -0.969669 0.241653 -0.0366895
0.083793 0.193903 0.157344 0.0837947 0.469675 0.878854
-0.0246542 0.14744 0.123622 -0.969669 0.241653 -0.0366896
0.138344 0.308164 -0.400092 0.969669 -0.241653 0.0366896
-0.036531 0.0828762 0.0122704 -0.969669 0.241653 -0.0366898
-0.0185445 -0.239521 0.139035 0.969669 -0.241653 0.0366896
0.113945 0.250408 -0.135656 0.969669 -0.241653 0.0366897
-0.109616 -0.192942 0.127183 -0.969669 0.241653 -0.0366901
0.0528138 0.368303 -0.104183 0.22961 0.849123 -0.475678
0.0473244 0.0289445 0.166411 0.969669 -0.241653 0.0366897
-0.0104097 -0.174055 0.355225 0.969669 -0.241653 0.0366896
0.0928477 0.154945 -0.206831 0.969669 -0.241653 0.0366896
-0.159241 -0.390419 0.138052 -0.96967 0.241647 -0.0366913
0.0624073 0.391816 -0.321585 0.22961 0.849123 -0.475678
0.00452759 0.250968 0.0342532 -0.969669 0.241653 -0.0366896
-0.0810681 -0.247051 0.236661 0.227952 0.839912 -0.492531
-0.116531 -0.440925 -0.0222094 -0.0837949 -0.469674 -0.878854
0.0286352 0.284565 -0.381602 -0.969669 0.241653 -0.0366896
0.0294203 0.306701 -0.256553 -0.969668 0.241656 -0.0366926
-0.107475 -0.156327 0.311768 -0.969669 0.241653 -0.0366898
0.0294053 0.31782 -0.182922 -0.969669 0.241653 -0.0366896
-0.00235311 0.208299 -0.0649303 -0.969669 0.241653 -0.0366898
-0.0177796 -0.236459 0.138989 0.969669 -0.241653 0.0366896
-0.17733 -0.48067 0.0216937 -0.969669 0.241653 -0.0366896
0.0130085 0.206025 -0.106644 -0.22961 -0.849123 0.475678
-0.047002 -0.094172 0.117094 0.707685 -0.648961 0.279341
-0.0265347 -0.171185 0.323922 0.22961 0.849123 -0.475678
-0.11834 -0.236008 0.190857 0.17485 0.79069 0.586717
-0.0141232 0.120853 -0.329808 -0.969669 0.241653 -0.0366896
0.0602222 0.142985 -0.0407666 -0.0837949 -0.469674 -0.878854
-0.129381 -0.263741 0.183231 -0.969669 0.241652 -0.0366885
0.058272 0.401423 -0.0424264 0.22961 0.849123 -0.475678
0.155082 0.399871 -0.238444 0.969668 -0.241654 0.0366934
-0.0428811 -0.0836387 0.132487 0.55464 -0.754696 0.35044
0.112498 0.314234 -0.0038131 0.22961 0.849123 -0.475678
-0.126725 -0.235249 0.306018 -0.229609 -0.849123 0.475678
0.0331718 0.26249 -0.0729683 0.238148 0.967866 0.0807525
-0.0898033 -0.162066 0.309661 0.22961 0.849123 -0.475678
0.093118 0.252059 -0.0867995 0.198275 0.865462 0.460068
0.0471774 0.173158 -0.0230258 -0.683689 -0.614529 0.393602
-0.0551711 -0.185615 0.326773 -0.365898 -0.377575 -0.850621
-0.0806526 -0.0523172 0.287922 -0.969669 0.241653 -0.0366897
-0.136817 -0.310018 0.0749578 -0.96967 0.24165 -0.0366834
0.000178467 0.209042 -0.126944 -0.969669 0.241653 -0.0366896
0.0157309 0.213563 0.153326 0.0837949 0.469674 0.878854
-0.0842344 -0.229254 0.321461 0.782493 0.129584 0.609026
-0.0231602 -0.264409 0.0970977 0.969669 -0.241653 0.0366896
0.073126 0.116863 0.0902986 -0.2006 -0.872564 -0.445412
-0.0479768 -0.185792 0.241872 -0.168135 -0.768418 -0.617466
0.0341589 0.324236 -0.266296 -0.969669 0.241653 -0.03669
-0.0720721 -0.191235 0.298089 0.68748 0.204461 0.696826
-0.127215 -0.257563 0.166688 -0.969669 0.241654 -0.0366907
-0.122036 -0.245924 0.106471 -0.969669 0.241653 -0.0366901
-0.0771186 -0.483503 0.0801238 0.969669 -0.241653 0.0366897
0.0280037 0.213926 0.151962 0.0837901 0.469676 0.878854
0.0781441 0.086521 0.00365586 0.969669 -0.241653 0.0366908
5.57894e-05 0.172387 0.176826 0.0837949 0.469674 0.878854
-0.00603584 0.219818 0.108268 -0.969669 0.241653 -0.0366896
-0.0642718 -0.0506359 0.302147 0.0837949 0.469674 0.878854
0.108931 0.259209 -0.279347 -0.0951369 -0.51142 -0.854048
0.0160188 0.21252 -0.0935973 -0.22961 -0.849123 0.475678
-0.0295944 0.0989806 0.218883 0.0837949 0.469674 0.878854
-0.0170322 0.173933 0.0966777 -0.969669 0.241653 -0.0366896
0.091882 0.267454 -0.42065 -0.0837949 -0.469674 -0.878854
0.104644 0.389225 -0.305822 0.22961 0.849123 -0.475678
0.0677441 0.430248 0.013601 0.229605 0.849122 -0.475682
-0.0872347 -0.39356 0.0392691 0.0366378 0.292114 0.955681
-0.109435 -0.401554 0.0493425 0.198579 0.866392 0.458182
0.0391109 0.243293 0.105106 0.595212 -0.730927 0.333869
-0.0313934 -0.312827 -0.00420275 0.969669 -0.241653 0.0366896
0.0522503 0.305687 -0.437304 -0.0837949 -0.469674 -0.878854
-0.0271431 -0.273411 0.14307 0.969669 -0.241654 0.0366912
0.034142 -0.0128727 0.239383 0.969669 -0.241653 0.0366896
0.10829 0.254928 0.0435668 0.969669 -0.241653 0.0366897
0.0355272 0.311727 -0.111146 -0.0828307 -0.183657 0.979494
0.00954898 0.241524 -0.160658 -0.969669 0.241651 -0.0366901
0.142193 0.342913 -0.272935 0.969669 -0.241652 0.0366871
-0.0171043 -0.0775909 0.194207 -0.774014 0.586146 -0.239448
-0.133483 -0.393304 0.0719562 0.211571 0.754666 -0.621061
0.00190656 0.185413 -0.328247 -0.969669 0.241653 -0.0366896
-0.00685075 0.135796 -0.241594 -0.22961 -0.849123 0.475678
-0.0100635 0.104665 0.213983 0.0837893 0.469676 0.878853
-0.00727 -0.178534 0.242745 0.969669 -0.241653 0.0366896
-0.0614078 -0.0139657 0.0547073 -0.083795 -0.469674 -0.878854
0.131559 0.29267 -0.322819 0.969669 -0.241653 0.0366896
-0.103708 -0.1581 0.200534 -0.969669 0.241653 -0.0366895
-0.0454756 0.0624916 0.114408 -0.969669 0.241653 -0.0366896
-0.0864973 -0.205664 0.378248 -0.22961 -0.849123 0.475678
-0.0335704 -0.037938 0.270465 0.718956 0.582189 -0.379681
0.0147182 0.0323929 0.250243 0.0838021 0.46967 0.878856
0.125044 0.324244 0.0201114 0.22961 0.849123 -0.475678
-0.0115288 -0.211733 0.136643 0.969669 -0.241653 0.0366896
-0.0408051 -0.0225126 0.0573105 -0.083795 -0.469674 -0.878854
0.0205401 0.250333 -0.39312 -0.969669 0.241653 -0.0366896
-0.0481065 -0.0931591 0.122738 0.80434 -0.552505 0.218578
0.11898 0.234289 -0.374903 0.969669 -0.241653 0.0366896
-0.0132307 0.130679 -0.28868 -0.969669 0.241653 -0.0366896
-0.158824 -0.393615 0.105984 -0.969671 0.241643 -0.0366933
-0.00716373 0.121145 -0.333017 -0.0837949 -0.469674 -0.878854
-0.0240403 0.131373 0.00157624 -0.969669 0.241653 -0.0366898
0.0983202 0.265079 -0.0339577 0.16739 0.54716 -0.82012
-0.0479589 -0.10409 0.253159 0.752664 0.154952 0.639912
-0.0485961 -0.126816 0.113795 -0.0837967 -0.469673 -0.878855
-0.0119574 0.18475 0.0338012 -0.969669 0.241653 -0.0366896
-0.0932617 -0.189121 0.098082 0.22961 0.849123 -0.475678
-0.143383 -0.317145 0.201557 -0.969669 0.241654 -0.0366902
-0.0310607 -0.279563 0.206096 0.969669 -0.241651 0.036688
-0.0518807 -0.244483 0.325662 -0.22961 -0.849123 0.475678
-0.0518287 -0.371334 0.150525 0.969669 -0.241654 0.03669
-0.095242 -0.118273 0.239095 -0.969669 0.241653 -0.0366897
0.0197933 0.177679 -0.153969 -0.22961 -0.849123 0.475678
-0.172567 -0.455879 0.0590982 -0.969669 0.241653 -0.0366897
0.0576434 0.381119 0.0597852 0.0837948 0.469674 0.878854
-0.0373437 -0.308612 0.180818 0.969669 -0.241653 0.0366896
0.0156499 0.259283 -0.204931 -0.969669 0.241653 -0.0366896
-0.0781348 -0.0702268 0.103419 -0.969669 0.241653 -0.0366895
0.0366166 -0.0159233 0.153887 0.969669 -0.241653 0.0366897
-0.163167 -0.400618 0.174649 -0.969669 0.241654 -0.0366893
0.0307676 0.334028 -0.0311919 -0.22961 -0.849123 0.475678
0.0883246 0.175297 -0.371061 -0.0837949 -0.469674 -0.878854
-0.0340967 0.0934476 0.0175637 -0.969669 0.241653 -0.0366898
-0.117878 -0.220978 0.160882 -0.969669 0.241654 -0.0366915
0.0312192 -0.0297494 0.205472 0.969669 -0.241653 0.0366897
-0.0168365 -0.0793272 0.158639 -0.947136 -0.236564 0.216729
0.00688151 -0.13233 0.173051 0.969669 -0.241653 0.0366897
0.0667885 0.180173 -0.126833 -0.22961 -0.849123 0.475678
0.122922 0.266829 -0.264746 0.969669 -0.241652 0.0366894
-0.0671725 -0.446926 0.058173 0.969669 -0.241652 0.0366864
0.00818518 0.259729 -0.00470442 -0.969669 0.241653 -0.0366896
0.0536877 0.215709 0.112824 -0.379598 0.830502 -0.407641
0.0965447 0.350954 0.0213976 -0.72097 -0.179929 -0.6692
0.0170056 -0.0865432 0.207054 0.969669 -0.241653 0.0366897
0.112808 0.248546 -0.117853 0.969669 -0.241653 0.0366897
-0.030075 0.111921 0.0329479 -0.969669 0.241653 -0.0366895
0.00487174 0.136395 -0.342314 -0.0837949 -0.469674 -0.878854
-0.133144 -0.27868 0.184305 -0.969669 0.241653 -0.0366896
0.0239711 0.283619 0.115102 0.0837949 0.469674 0.878854
0.0567355 0.418 -0.245406 -0.969669 0.241653 -0.0366905
0.134314 0.366382 -0.0682713 0.22961 0.849123 -0.475678
0.0394207 -0.017251 0.0710336 0.969669 -0.241653 0.0366897
0.12266 0.255345 -0.417114 -0.0837949 -0.469674 -0.878854
-0.105317 -0.367882 0.0429578 -0.183121 -0.618822 0.763889
-0.138486 -0.478023 0.130975 -0.22961 -0.849123 0.475678
-0.0460477 -0.118179 0.123324 0.608091 0.6746 -0.418497
-0.063269 -0.38867 0.229089 0.0666759 0.405933 0.911467
0.000963817 0.00473021 0.038769 -0.0838032 -0.469673 -0.878854
-0.0350827 -0.187152 0.193904 -0.222169 -0.808823 0.544468
-0.00566129 0.225385 0.135036 -0.969669 0.241653 -0.0366897
0.067397 0.10459 -0.26146 -0.22961 -0.849123 0.475678
-0.0867282 -0.0991599 0.139968 -0.969669 0.241653 -0.0366895
0.103032 0.206414 -0.137003 0.969669 -0.241653 0.0366896
-0.0659597 -0.0146764 0.28309 0.0837949 0.469674 0.878854
-0.06923 -0.130953 0.345542 0.0837949 0.469674 0.878854
0.0755937 0.386247 -0.198121 0.0837949 0.469675 0.878854
0.136961 0.307706 -0.366546 0.969669 -0.241653 0.0366896
0.0940564 0.317872 -0.0991498 -0.190289 -0.652149 0.73382
-0.109261 -0.163448 0.312061 -0.969669 0.241653 -0.0366896
-0.120979 -0.264997 -0.0470994 -0.969669 0.241653 -0.0366896
-0.0390826 -0.0478636 0.204614 0.707688 -0.648959 0.27934
0.0743653 0.117517 0.125967 -0.236639 -0.890574 0.388433
0.0743405 0.372964 -0.00752981 0.956123 -0.105416 0.273344
0.0498053 0.0406955 0.17824 0.969669 -0.241653 0.0366897
-0.0696111 -0.23018 0.31432 -0.0131701 0.491401 0.870834
0.0320721 0.289369 -0.304242 -0.244351 -0.962021 0.121688
-0.0969098 -0.142002 0.342047 0.229619 0.849124 -0.475672
0.139191 0.312944 -0.390991 0.969669 -0.241653 0.0366896
-0.113448 -0.391015 0.0398679 0.0837934 0.469669 0.878857
0.00232494 0.206587 -0.110798 -0.22961 -0.849123 0.475678
0.127278 0.276545 -0.428883 -0.0837949 -0.469674 -0.878854
0.0080427 0.26278 0.0191572 -0.969669 0.241653 -0.0366896
0.0013135 -0.140368 0.26727 0.969669 -0.241653 0.0366896
0.0931466 0.323828 -0.0446657 -0.176739 -0.7969 -0.577679
-0.0980551 -0.125315 0.26706 -0.969669 0.241653 -0.0366897
-0.028325 -0.223159 0.375096 -0.22961 -0.849123 0.475678
-0.119865 -0.200138 0.372005 -0.229609 -0.849123 0.475678
0.133002 0.401976 -0.269372 0.22961 0.849123 -0.475678
-0.120803 -0.35689 0.21775 0.0837949 0.469675 0.878854
-0.084612 -0.194739 0.253842 0.22961 0.849123 -0.475678
-0.0490094 -0.247894 0.32096 -0.22961 -0.849123 0.475678
0.0323075 0.300853 -0.371378 -0.969668 0.241658 -0.0366877
-0.06104 -0.404807 0.173505 0.969669 -0.241651 0.0366898
-0.0841111 -0.147145 0.355614 0.0837949 0.469675 0.878854
0.140682 0.345904 -0.213303 0.969669 -0.241653 0.03669
-0.098494 -0.139543 0.184947 -0.969669 0.241653 -0.0366895
-0.0700358 -0.0254656 0.184185 -0.969669 0.241652 -0.0366914
0.145679 0.402661 0.0284325 0.969669 -0.241653 0.0366897
0.107358 0.229348 -0.100282 0.969669 -0.241653 0.0366897
-0.128391 -0.479377 -0.000529165 -0.0837949 -0.469674 -0.878854
-0.051981 -0.210442 0.309956 -0.738403 0.470374 0.483228
0.00108748 0.1995 -0.213814 -0.969669 0.241653 -0.0366896
-0.0341301 -0.0286081 0.283131 0.813772 0.47676 -0.332378
0.145999 0.347925 -0.359584 0.22961 0.849123 -0.475678
-0.0330624 -0.282045 0.242644 0.969669 -0.241653 0.0366897
0.0435165 0.189592 -0.0640816 -0.0837949 -0.469675 -0.878854
0.0815558 0.101128 -0.262859 0.969669 -0.241653 0.0366896
-0.0522376 -0.363689 0.211684 0.969669 -0.241651 0.0366894
-0.102517 -0.367219 0.0443291 -0.19833 -0.690164 0.695945
-0.0265862 -0.263882 0.191117 0.969669 -0.241652 0.036689
-0.130657 -0.380496 0.229557 0.01952 0.22619 0.973888
-0.02883 -0.058642 0.240887 0.205357 0.854885 -0.476445
-0.00830017 -0.194815 0.162736 0.969669 -0.241652 0.03669
0.0200967 0.280785 -0.180836 -0.969669 0.241653 -0.0366896
-0.163217 -0.424111 0.0212299 -0.969669 0.241653 -0.0366896
0.0335707 0.357739 -0.030085 -0.969669 0.241652 -0.0366891
-0.0557052 0.0418226 0.248631 -0.969669 0.241653 -0.0366897
0.0693108 0.18272 -0.373215 -0.0837949 -0.469674 -0.878854
0.111717 0.222153 -0.262878 0.969669 -0.241653 0.0366896
0.127995 0.349044 -0.102272 0.229603 0.849123 -0.47568
0.094627 0.16766 -0.170111 0.969669 -0.241653 0.0366896
-0.110879 -0.189325 0.252943 -0.0460981 -0.328222 -0.943475
-0.159922 -0.442134 0.184693 -0.22961 -0.849123 0.475678
0.0869697 0.178178 -0.372471 -0.0837949 -0.469674 -0.878854
0.116161 0.243999 -0.236445 0.969669 -0.241653 0.0366897
-0.0675754 -0.436944 0.134565 0.969669 -0.241653 0.0366897
0.115865 0.219634 -0.38909 0.969669 -0.241653 0.0366896
0.123269 0.251513 -0.374791 0.969669 -0.241653 0.0366896
-0.0414352 -0.36308 -0.0697972 0.969669 -0.241653 0.0366896
-0.0761546 -0.333056 -0.0837061 -0.0837949 -0.469674 -0.878854
0.0904348 0.273993 -0.292414 -0.217596 -0.921834 -0.320739
-0.011578 0.200461 0.12725 -0.969669 0.241653 -0.0366897
0.0136806 0.200479 0.160514 0.0837949 0.469674 0.878854
0.102591 0.177412 -0.316369 0.969669 -0.241653 0.0366896
-0.117134 -0.341768 0.209956 0.0433068 0.317592 0.947238
0.0887252 0.125665 -0.290729 0.969669 -0.241653 0.0366896
-0.0479194 -0.362138 0.107776 0.969669 -0.241653 0.0366896
-0.155681 -0.39002 0.230177 -0.0520484 -0.0574814 0.996989
-0.0222565 -0.236431 0.257491 0.969669 -0.241653 0.0366897
0.100637 0.361042 0.0507558 -0.22961 -0.849123 0.475678
-0.119509 -0.299992 -0.0972424 -0.0837949 -0.469674 -0.878854
0.09765 0.406297 0.0425154 0.0837949 0.469674 0.878854
-0.138635 -0.339299 -0.0698396 -0.969669 0.241653 -0.0366896
-0.0516548 -0.199417 0.179589 -0.136836 -0.412325 0.900702
-0.0477233 -0.183271 0.371451 0.0837949 0.469675 0.878854
0.101989 0.342372 -0.390739 0.22961 0.849123 -0.475678
-0.17935 -0.488868 0.0210878 -0.969669 0.241653 -0.0366896
0.0532988 0.133845 0.192347 0.0837947 0.469675 0.878854
0.03834 0.340859 -0.267315 -0.969669 0.241652 -0.036688
0.104142 0.316106 -0.436588 0.22961 0.849123 -0.475678
0.125272 0.257006 -0.39157 0.969669 -0.241653 0.0366896
0.00154136 -0.0948802 0.0919475 -0.0837946 -0.469674 -0.878854
-0.0195055 -0.145933 0.121238 -0.0838015 -0.469676 -0.878853
0.119766 0.268153 -0.172614 0.969669 -0.241654 0.0366899
0.0580598 0.0591787 0.0818197 0.969669 -0.241653 0.0366896
0.0295352 0.159601 0.00543838 0.526476 0.727946 -0.439224
-0.10582 -0.158363 0.285279 -0.22961 -0.849123 0.475678
0.0591885 0.307229 0.0381442 0.910731 -0.359828 -0.202712
0.0281754 -0.030375 0.281795 0.969669 -0.241653 0.0366896
0.108249 0.238076 -0.0663508 0.969669 -0.241652 0.0366883
-0.0811813 -0.167186 0.304684 0.22961 0.849123 -0.475678
-0.0756996 -0.212182 0.174661 -0.0357919 0.00810508 0.999326
-0.0185011 0.171394 0.118774 -0.969669 0.241653 -0.0366896
0.10947 0.26659 -0.310238 -0.222707 -0.811656 0.540015
0.094911 0.235333 0.134143 0.0837949 0.469675 0.878854
-0.0398957 -0.200396 0.265329 0.22961 0.849123 -0.475678
-0.0355803 -0.232431 0.0486121 0.22961 0.849123 -0.475678
-0.0191696 -0.0615099 0.0760885 -0.0837935 -0.469675 -0.878854
-0.108972 -0.438378 0.214069 -0.211902 -0.756316 0.618938
0.0407374 0.00431384 0.178271 0.969669 -0.241653 0.0366897
0.145457 0.347081 -0.331757 0.969669 -0.241653 0.0366896
0.0540666 0.0625169 0.209342 0.969669 -0.241653 0.0366897
-0.032641 -0.0209684 0.0557069 -0.0837888 -0.469675 -0.878854
-0.0367701 0.0984848 0.121396 -0.969669 0.241653 -0.0366896
0.0557941 0.347813 0.00549549 -0.22961 -0.849123 0.475678
0.124881 0.40641 -0.00137241 0.229603 0.849127 -0.475674
0.104161 0.366478 -0.0826546 0.22961 0.849123 -0.475678
0.0221195 -0.0441238 0.290429 0.0837951 0.469674 0.878854
0.0194289 0.316406 0.0714333 -0.969669 0.241653 -0.0366896
0.134085 0.300054 -0.340948 0.969669 -0.241653 0.0366896
0.100567 0.165526 -0.341144 0.969669 -0.241653 0.0366896
0.0701649 0.357932 0.0537581 0.22961 0.849123 -0.475678
0.103735 0.411778 -0.00199701 0.22961 0.849123 -0.475678
-0.0772516 -0.0506228 0.209197 -0.969669 0.241653 -0.0366897
0.0502505 0.0262825 0.0372978 0.926662 -0.361049 0.104598
-0.0954327 -0.110365 0.296215 -0.969669 0.241653 -0.0366897
-0.0392338 -0.24814 0.185782 0.127482 0.628087 0.767629
0.0595779 0.0558063 0.0194859 0.969669 -0.241653 0.0366879
-0.118845 -0.197182 0.343167 -0.969669 0.241653 -0.0366896
0.100043 0.418642 0.00847411 0.22961 0.849123 -0.475678
0.0446188 0.353178 -0.352118 -0.969669 0.241653 -0.0366896
-0.0751498 -0.24424 0.242656 0.206046 0.727416 -0.654531
-0.07244 -0.193879 0.379477 0.0837949 0.469675 0.878854
-0.164681 -0.49622 0.0858481 -0.22961 -0.849123 0.475678
0.08965 0.295624 0.102423 0.0837894 0.469678 0.878853
-0.0155398 -0.224834 0.15636 0.969669 -0.241653 0.0366896
0.00208359 0.109941 -0.0175642 -0.0837946 -0.469675 -0.878854
0.037196 -0.00941678 0.181429 0.969669 -0.241653 0.0366897
-0.0953444 -0.116365 0.340236 0.0837942 0.469675 0.878854
0.0419728 0.196507 0.159939 0.0837965 0.469674 0.878854
-0.0329174 -0.168779 0.362295 0.0837949 0.469675 0.878854
-0.128894 -0.293534 -0.0258463 -0.969669 0.241653 -0.0366896
-0.0908585 -0.117891 0.125755 -0.969669 0.241653 -0.0366895
0.100862 0.354946 0.0399837 -0.22961 -0.849123 0.475678
0.013586 0.217263 -0.0863043 -0.22961 -0.849123 0.475678
0.0761118 0.320709 -0.00981854 0.22961 0.849123 -0.475678
0.0751056 0.138728 0.155262 0.969669 -0.241652 0.0366899
-0.00464768 -0.156713 0.317162 0.969669 -0.241653 0.0366896
-0.0195404 -0.223774 0.26907 0.969669 -0.241653 0.0366896
0.0793023 0.359483 -0.107141 0.22961 0.849123 -0.475678
-0.0267151 -0.0819517 0.249533 -0.229609 -0.849123 0.475678
-0.0237794 -0.228007 0.353221 0.969669 -0.241653 0.0366897
0.124265 0.268996 -0.285983 0.96967 -0.241651 0.0366855
-0.0413449 -0.303079 -0.0802819 0.22961 0.849123 -0.475678
-0.0621816 -0.405145 0.201449 0.969668 -0.241656 0.0366894
-0.168758 -0.431589 0.118407 -0.969669 0.241653 -0.0366897
0.0755364 0.239011 -0.403891 -0.0837949 -0.469674 -0.878854
-0.0460227 0.0659778 0.151827 -0.969669 0.241653 -0.0366896
0.125894 0.395836 -0.019759 0.22961 0.849123 -0.475678
-0.0680546 -0.219259 0.175316 0.000513086 0.15212 0.988362
0.0331923 0.189997 -0.125513 -0.22961 -0.849123 0.475678
0.0441678 0.0506093 0.2377 0.0837951 0.469674 0.878854
-0.0890935 -0.28989 -0.0797878 0.22961 0.849123 -0.475678
0.0365568 0.202375 0.0234511 0.238036 -0.865858 0.440033
-0.00354369 -0.175171 0.166415 0.969669 -0.241653 0.0366896
-0.110434 -0.180839 0.266191 0.22961 0.849123 -0.475678
-0.100878 -0.238769 0.312211 -0.229609 -0.849123 0.475678
0.0701356 0.116673 -0.337997 -0.0837949 -0.469674 -0.878854
-0.176607 -0.478504 0.016862 -0.969669 0.241653 -0.0366896
-0.0140571 -0.197741 0.295618 0.969669 -0.241653 0.0366896
-0.000225489 0.201643 -0.165002 -0.969669 0.241653 -0.0366896
-0.162032 -0.393265 0.193086 -0.969668 0.241658 -0.0366887
0.0320312 0.325569 -0.201281 -0.969669 0.241654 -0.0366903
-0.0310737 -0.240127 0.343481 -0.22961 -0.849123 0.475678
-0.142229 -0.374702 0.0362865 -0.0241291 0.0547343 0.998209
0.0616191 0.0728066 0.0775093 0.969669 -0.241653 0.0366896
-0.0212311 0.166187 0.156631 -0.969669 0.241653 -0.0366897
0.0239926 0.263872 -0.395194 -0.969669 0.241653 -0.0366896
0.120456 0.267754 -0.19348 0.969668 -0.241656 0.0366902
0.0914629 0.151315 0.07841 0.969669 -0.241653 0.0366897
0.0789985 0.413575 -0.0107301 0.229605 0.849123 -0.475681
-0.0988218 -0.519739 0.0756549 -0.22961 -0.849123 0.475678
-0.125338 -0.314311 -0.0890343 -0.0837949 -0.469674 -0.878854
0.039192 0.323861 -0.401784 -0.969669 0.241653 -0.0366896
-0.105109 -0.223923 0.336671 -0.229609 -0.849123 0.475678
0.0527354 0.395006 -0.291131 -0.969669 0.241653 -0.0366896
-0.0105328 -0.0511768 0.218797 -0.994268 -0.0193656 0.105148
-0.0572926 -0.151989 0.355646 0.0837949 0.469675 0.878854
0.0424167 0.398611 0.00532409 -0.969669 0.241653 -0.0366897
-0.0451071 -0.154773 0.128403 -0.0837949 -0.469675 -0.878854
0.0451443 0.125045 -0.235688 -0.22961 -0.849123 0.475678
-0.0805178 -0.0571005 0.252854 -0.969669 0.241653 -0.0366897
-0.0216781 -0.0734292 0.154489 -0.646692 -0.645369 0.406556
0.106285 0.327474 -0.0781652 -0.243597 -0.943121 0.226238
0.0828928 0.107019 0.0131624 0.969669 -0.241652 0.0366878
-0.134553 -0.318369 -0.0398677 -0.969668 0.241658 -0.0366871
0.0703442 0.267138 -0.0996584 0.137682 0.664049 0.734903
-0.103039 -0.341211 0.209218 0.0314516 0.272221 0.961721
-0.0131615 0.183563 0.0578065 -0.969669 0.241653 -0.0366896
0.0503521 0.383862 -0.301547 -0.969669 0.241653 -0.0366896
0.0511834 0.381623 -0.338258 -0.969669 0.241653 -0.0366896
-0.00505653 0.18486 0.170647 0.0837949 0.469674 0.878854
0.124106 0.336542 -0.390471 0.22961 0.849123 -0.475678
-0.169158 -0.442969 0.0540311 -0.969669 0.241653 -0.0366897
-0.0649718 -0.400674 0.0406336 0.0486362 0.337869 0.939936
0.0605369 0.248372 0.0638656 0.229613 0.849125 -0.475672
0.107824 0.330225 -0.409607 0.22961 0.849123 -0.475678
0.0982987 0.162808 -0.0265527 0.969669 -0.241653 0.0366896
-0.0569134 -0.234167 0.341497 -0.933255 0.0533605 -0.355229
-0.0511337 -0.232318 0.347739 -0.22961 -0.849123 0.475678
-0.0491336 -0.353424 -0.0753977 -0.0837949 -0.469674 -0.878854
0.060876 0.267638 -0.0407458 0.199262 0.694623 -0.691226
-0.00141765 0.169285 -0.346611 -0.969669 0.241653 -0.0366896
0.0414579 0.389431 -0.029799 -0.96967 0.24165 -0.0366869
0.0168817 0.24607 -0.324507 -0.969669 0.241653 -0.0366896
0.0684734 0.141307 -0.0406565 -0.0837949 -0.469674 -0.878854
0.114477 0.270691 -0.0161275 0.969669 -0.241652 0.0366893
-0.173992 -0.469942 0.0041288 -0.969669 0.241653 -0.0366896
-0.0830065 -0.359719 0.215658 0.0837949 0.469675 0.878854
-0.133728 -0.296281 0.0838189 -0.969669 0.241652 -0.0366887
-0.0943231 -0.130306 0.135552 -0.969669 0.241653 -0.0366895
0.133078 0.284781 -0.433838 -0.0837949 -0.469674 -0.878854
-0.0280057 -0.24284 0.340119 -0.22961 -0.849123 0.475678
0.0199454 0.248548 -0.295663 0.242499 0.93235 -0.268176
-0.0609801 -0.412391 0.121969 0.96967 -0.241649 0.0366908
-0.0533783 -0.396959 0.0227034 0.969669 -0.241653 0.0366896
-0.0255744 -0.227419 0.0623896 0.22961 0.849123 -0.475678
0.14388 0.380888 -0.201837 0.100459 0.530868 0.841479
-0.109578 -0.364521 -0.0637039 -0.0837949 -0.469674 -0.878854
-0.0524014 0.0138113 0.266573 0.0837949 0.469674 0.878854
-0.0590268 0.0263048 0.23421 -0.969669 0.241653 -0.0366897
-0.0733303 -0.222246 0.355003 -0.22961 -0.849123 0.475678
0.0671901 0.183302 -0.373324 -0.0837949 -0.469674 -0.878854
0.0817513 0.157817 0.105352 0.969667 -0.24166 0.036686
-0.167621 -0.4266 0.121237 -0.969669 0.241653 -0.0366897
-0.0752578 -0.0482376 0.172213 -0.969669 0.241653 -0.0366896
0.0707578 0.109279 0.0762038 0.969669 -0.241654 0.0366904
0.038824 0.367082 -0.10739 -0.969669 0.241653 -0.0366896
-0.0132284 0.0981586 -0.311859 -0.22961 -0.849123 0.475678
0.0131552 -0.105963 0.18091 0.969669 -0.241653 0.0366897
-0.0147787 -0.225997 0.128579 0.969669 -0.241653 0.0366896
0.0373297 0.353275 -0.158834 -0.969669 0.241652 -0.036689
-0.108381 -0.280948 0.233296 -0.22961 -0.849123 0.475678
0.132651 0.347687 0.0106738 0.969669 -0.241653 0.0366897
0.0495341 0.160911 -0.169545 -0.22961 -0.849123 0.475678
0.0835406 0.108285 0.00437698 0.969669 -0.241653 0.0366898
-0.0328203 -0.31986 -0.0128158 0.969669 -0.241653 0.0366896
-0.021525 -0.265325 0.0478501 0.969669 -0.241653 0.0366896
-0.0666747 -0.0277899 0.0800471 -0.969669 0.241653 -0.0366895
-0.111375 -0.170267 0.323008 -0.969669 0.241653 -0.0366896
-0.0635799 -0.254578 0.301995 -0.229617 -0.849123 0.475675
0.0135205 -0.022567 0.279729 0.0837951 0.469674 0.878854
-0.0398593 -0.0122729 0.0517481 -0.083795 -0.469674 -0.878854
0.0236268 0.30915 -0.0302385 0.026446 -0.0454988 -0.998614
0.0260768 0.271568 -0.0476134 0.218075 0.787549 -0.576376
0.131971 0.297334 -0.30299 0.969669 -0.241653 0.0366896
-0.103002 -0.215059 0.047077 0.22961 0.849123 -0.475678
0.0989242 0.166638 -0.290414 0.969669 -0.241653 0.0366896
-0.149768 -0.502807 0.0140304 -0.0837949 -0.469674 -0.878854
0.016191 0.271232 0.122463 0.0837949 0.469674 0.878854
-0.043676 -0.335189 0.173125 0.969669 -0.241654 0.0366902
0.0382581 0.334791 -0.305115 -0.969669 0.241653 -0.0366896
-0.0751437 -0.0353918 0.253804 -0.969669 0.241653 -0.0366897
0.0204856 0.28632 -0.154653 -0.969668 0.241656 -0.03669
0.126599 0.28689 -0.229808 0.969669 -0.241653 0.0366895
0.0709853 0.332243 0.0323787 0.518689 -0.520304 -0.678414
0.00214486 0.175993 -0.363216 -0.0837949 -0.469674 -0.878854
0.0238313 -0.0507135 0.262649 0.969669 -0.241653 0.0366896
-0.173103 -0.476265 0.117403 -0.22961 -0.849123 0.475678
-0.157586 -0.391812 0.0851347 -0.969671 0.241644 -0.0366926
-0.0746517 -0.263838 0.28012 -0.22961 -0.849123 0.475678
0.0107782 0.274395 0.0233601 -0.969669 0.241653 -0.0366896
0.125277 0.298531 -0.118197 0.969669 -0.241654 0.0366899
-0.036814 0.106856 0.177689 -0.969669 0.241653 -0.0366897
-0.0226007 -0.185743 0.276572 -0.22961 -0.849123 0.475678
0.0340022 -0.0262684 0.154847 0.969669 -0.241653 0.0366897
-0.0487282 0.0554164 0.153771 -0.969669 0.241653 -0.0366896
0.104352 0.227294 -0.0343682 0.969669 -0.241653 0.0366897
0.125634 0.287335 -0.201369 0.969669 -0.241653 0.0366897
-0.0501395 0.0417992 0.10138 -0.969669 0.241653 -0.0366892
0.00860562 0.252943 -0.0605144 -0.969669 0.241653 -0.0366898
0.00757316 -0.135734 0.132355 0.969669 -0.241653 0.0366896
-0.0425195 -0.0139757 0.280481 0.0837949 0.469674 0.878854
0.0152576 0.255968 -0.216399 -0.969669 0.241653 -0.0366896
0.0561259 0.283387 0.11216 0.0837949 0.469674 0.878854
-0.084517 -0.510968 0.0947621 0.969669 -0.241653 0.0366897
-0.0939653 -0.104368 0.296937 -0.969669 0.241653 -0.0366897
-0.0323728 -0.147806 0.123465 -0.0837949 -0.469675 -0.878854
0.0348328 0.346793 -0.135535 -0.969669 0.241653 -0.0366896
-0.0150732 0.177664 0.0694781 -0.969669 0.241653 -0.0366896
0.0101599 -0.11931 0.172167 0.969669 -0.241653 0.0366897
0.0204592 0.295606 -0.0319311 0.107687 0.287619 -0.951672
0.0857501 0.118849 0.0155648 0.969669 -0.241652 0.0366889
0.0324678 0.302517 -0.364651 -0.969669 0.241651 -0.0366902
-0.126187 -0.240213 0.253791 -0.969669 0.241653 -0.0366896
-0.129488 -0.372942 0.226928 0.0666759 0.405933 0.911467
0.0165313 0.151814 -0.0413194 -0.0837946 -0.469675 -0.878854
0.0712514 0.125685 0.171216 0.969669 -0.241652 0.0366899
-0.0785974 -0.217096 0.312133 0.652281 0.228485 0.72272
-0.0164773 -0.185016 0.223769 -0.232371 -0.957968 -0.168231
-0.132934 -0.291665 0.0932169 -0.969669 0.241653 -0.0366895
0.0953769 0.149877 -0.0344998 0.969669 -0.241653 0.0366896
-0.0874189 -0.180119 0.278585 0.22961 0.849123 -0.475678
0.148782 0.374706 -0.237675 0.969669 -0.241654 0.036692
-0.0104298 -0.185829 0.141693 -0.0837949 -0.469675 -0.878854
0.0260724 0.297551 -0.228335 -0.969669 0.241653 -0.0366896
0.14416 0.409686 0.0362699 0.0837949 0.469674 0.878854
0.10766 0.31559 -0.0269884 -0.22961 -0.849123 0.475678
-0.0280176 -0.231184 0.36092 -0.22961 -0.849123 0.475678
0.021264 0.275866 -0.244079 -0.969669 0.241653 -0.0366896
0.104624 0.186411 -0.310811 0.969669 -0.241653 0.0366866
0.132527 0.389173 -0.206036 0.121816 0.60793 0.78459
0.0480958 0.384032 -0.240792 -0.969669 0.241653 -0.0366901
-0.0891076 -0.0885382 0.272813 -0.969669 0.241653 -0.0366897
-0.162983 -0.397097 0.192964 -0.96967 0.24165 -0.0366903
0.0236573 0.264968 -0.379116 -0.969669 0.241653 -0.0366896
-0.122759 -0.252578 0.0817594 -0.969669 0.241653 -0.0366896
-0.0433983 -0.359679 0.00448841 0.96967 -0.24165 0.0366911
-0.0224242 -0.0947582 0.248896 -0.79786 0.444115 0.407653
-0.0108112 0.135786 -0.318992 -0.969669 0.241653 -0.0366896
-0.0274487 -0.186202 0.296675 0.22961 0.849123 -0.475678
-0.0595758 -0.317951 -0.0933593 -0.0837949 -0.469674 -0.878854
-0.043128 -0.160457 0.281791 -0.559119 0.51512 0.649643
-0.0456222 0.0512727 0.0443894 -0.969669 0.241653 -0.036689
0.0674554 0.316723 0.0932641 0.0837949 0.469674 0.878854
-0.062954 -0.42597 0.0847043 0.969669 -0.241653 0.0366897
-0.0412562 -0.169511 0.295184 -0.926713 0.340104 0.159788
0.0839404 0.35255 -0.381283 0.22961 0.849123 -0.475678
-0.012883 -0.10376 0.098068 -0.0837946 -0.469674 -0.878854
0.032116 0.20615 -0.0718434 -0.0837949 -0.469675 -0.878854
0.104644 0.369513 0.0615068 0.0837948 0.469674 0.878854
0.125778 0.321052 0.0168987 0.969669 -0.241653 0.0366899
-0.0047106 0.164488 -0.29118 -0.969669 0.241653 -0.0366896
0.0561661 0.0449319 0.0380337 0.969669 -0.241653 0.0366896
-0.0700291 -0.387397 0.0820883 -0.0123934 -0.198524 -0.980018
-0.0108393 0.196895 0.0842389 -0.969669 0.241653 -0.0366896
-0.0278599 0.13411 0.120549 -0.969669 0.241653 -0.0366896
-0.0472128 -0.348189 0.180976 0.96967 -0.24165 0.0366884
-0.0900476 -0.512397 0.0929961 -0.22961 -0.849123 0.475678
0.0874142 0.175524 0.072306 0.969669 -0.241654 0.0366898
-0.0705319 -0.458967 0.0676452 0.969669 -0.241653 0.0366897
-0.0367836 -0.280895 0.267951 -0.22961 -0.849123 0.475678
0.096908 0.372384 0.013597 -0.453881 -0.338922 -0.82409
0.0749874 0.406342 -0.210595 0.141998 0.679129 0.720153
-0.112778 -0.37652 0.0804255 -0.0123934 -0.198525 -0.980018
-0.0460687 -0.0744807 0.18246 0.989723 0.0633316 -0.128211
-0.0110194 -0.205885 0.161691 0.969669 -0.241653 0.0366896
0.145646 0.347641 -0.33306 0.969669 -0.241653 0.0366896
-0.156233 -0.375312 0.158046 -0.969669 0.241651 -0.0366897
-0.030445 -0.0193261 0.0546199 -0.0837914 -0.469675 -0.878854
0.109286 0.325863 -0.0809909 -0.240404 -0.915819 0.321684
-0.0207213 0.157148 0.0836207 -0.969669 0.241653 -0.0366896
0.136962 0.366935 0.0235251 0.969669 -0.241653 0.0366897
0.122895 0.2542 -0.347209 0.969669 -0.241652 0.0366898
-0.0578219 0.0148786 0.127107 -0.969669 0.241653 -0.0366896
-0.0514022 -0.128689 0.263909 0.577106 0.274771 0.769057
0.134991 0.397903 -0.0116776 0.22961 0.849123 -0.475678
-0.0152947 0.189287 0.15188 -0.969669 0.241653 -0.0366897
-0.0168891 0.174032 0.0935453 -0.969669 0.241653 -0.0366896
0.0309367 0.0969086 -0.292772 -0.22961 -0.849123 0.475678
0.0137661 0.245729 -0.244413 -0.969669 0.241653 -0.0366896
-0.0307766 -0.0930389 0.241134 -0.158051 0.514778 0.842629
0.0781145 0.33475 -0.0608357 -0.228319 -0.949106 -0.216953
0.0755993 0.140581 0.154414 0.969669 -0.241654 0.0366889
0.0449759 0.355566 -0.345826 -0.969669 0.241653 -0.0366896
-0.0260831 -0.296551 -0.0373522 0.969669 -0.241653 0.0366896
-0.0728817 -0.117901 0.111346 -0.083795 -0.469674 -0.878854
-0.0389154 -0.154921 0.346979 0.22961 0.849123 -0.475678
0.0411312 0.360644 -0.210767 -0.969669 0.241652 -0.0366887
0.0938708 0.168232 -0.146363 0.969669 -0.241653 0.0366896
0.109581 0.211816 -0.274496 0.969669 -0.241653 0.0366896
-0.0698524 -0.0158976 0.284114 0.0837949 0.469674 0.878854
0.040702 0.116443 0.202848 0.0837947 0.469675 0.878854
0.0117956 0.0931723 -0.00952869 -0.0837965 -0.469674 -0.878854
0.0248526 0.164433 -0.0421206 0.595212 -0.730927 0.333869
0.00927998 0.210323 -0.359052 -0.969669 0.241653 -0.0366896
0.056317 0.0759844 0.176273 0.979572 -0.200617 0.0138154
-0.09912 -0.238345 0.241661 0.206046 0.727416 -0.654531
0.0149855 -0.103097 0.151415 0.969669 -0.241653 0.0366897
0.138041 0.340638 -0.376433 0.22961 0.849123 -0.475678
0.0283745 0.210956 -0.0904243 -0.22961 -0.849123 0.475678
0.0763728 0.296677 -0.434789 -0.0837949 -0.469674 -0.878854
0.0415746 0.356958 -0.131148 0.240555 0.916921 -0.318417
-0.00809002 0.20922 0.0927592 -0.969669 0.241653 -0.0366896
-0.119557 -0.197621 0.359107 -0.969668 0.241655 -0.03669
0.150375 0.37449 -0.281195 0.969669 -0.241653 0.0366896
0.0288292 -0.0359478 0.227811 0.969669 -0.241653 0.0366896
-0.130273 -0.449243 0.186314 -0.22961 -0.849123 0.475678
0.1068 0.395927 -0.292818 0.22961 0.849123 -0.475678
-0.136847 -0.46025 0.163493 -0.22961 -0.849123 0.475678
-0.0439835 0.0817581 0.20187 -0.969669 0.241653 -0.0366897
0.0860939 0.199674 -0.383876 -0.0837949 -0.469674 -0.878854
0.0882896 0.17986 0.0777304 0.969669 -0.241653 0.0366895
-0.07714 -0.488593 0.0471636 0.969669 -0.241652 0.0366864
-0.0312597 -0.289394 0.146601 0.969669 -0.241653 0.0366906
0.0462108 0.0193651 0.0706649 0.979572 -0.200617 0.0138153
-0.00178062 0.191279 -0.0606643 -0.0837975 -0.469674 -0.878854
-0.0388519 -0.319926 0.146157 0.969669 -0.241652 0.0366886
0.0103021 -0.100125 0.294769 0.969669 -0.241653 0.0366896
0.0443852 0.343995 -0.0737566 -0.243876 -0.966569 0.0791704
0.105975 0.21718 -0.143874 0.969669 -0.241653 0.0366897
-0.0784009 -0.210886 0.066403 0.22961 0.849123 -0.475678
0.0507333 0.380726 -0.1928 0.0837949 0.469675 0.878854
0.0729076 0.132792 0.174256 0.969669 -0.241652 0.0366904
0.0877082 0.154843 0.0851558 0.185765 0.826171 0.531915
-0.00598493 0.0574629 0.238819 0.0838232 0.469667 0.878855
0.0633898 0.240593 0.11318 -0.890398 -0.360692 0.277655
0.0094167 -0.100267 0.317229 0.969669 -0.241653 0.0366896
-0.0307656 -0.214916 0.386746 0.0837949 0.469675 0.878854
-0.0205981 0.155285 0.187935 0.0837949 0.469674 0.878854
-0.0966139 -0.25592 -0.022779 0.22961 0.849123 -0.475678
-0.0257943 -0.221332 0.0731488 0.22961 0.849123 -0.475678
-0.173086 -0.444678 0.146586 -0.969669 0.241653 -0.0366897
0.0334832 0.033174 0.248037 0.0837951 0.469674 0.878854
-0.0686742 -0.203886 0.175972 -0.0941517 -0.230761 0.968444
0.123818 0.263478 -0.310505 0.969669 -0.241653 0.0366896
-0.0822406 -0.0842309 0.119694 -0.969669 0.241653 -0.0366895
0.109838 0.311593 -0.0330732 -0.22961 -0.849123 0.475678
0.0117939 0.137607 -0.229363 -0.22961 -0.849123 0.475678
-0.0778442 -0.169521 0.219946 -0.235849 -0.964464 -0.119101
0.14466 0.397445 0.0210299 0.969669 -0.241653 0.0366897
0.0979445 0.189065 -0.11681 0.969669 -0.241653 0.0366896
-0.0172359 -0.127639 0.111244 -0.0837946 -0.469674 -0.878854
-0.147562 -0.337238 0.179656 -0.96967 0.241649 -0.0366886
-0.0503553 -0.187948 0.25924 -0.22961 -0.849123 0.475678
0.0810472 0.113671 0.105752 0.969669 -0.241653 0.0366906
0.00628874 -0.124421 0.24081 0.969669 -0.241653 0.0366896
-0.0518206 0.0536177 0.223651 -0.969669 0.241653 -0.0366897
-0.121931 -0.269134 -0.0491811 -0.969669 0.241653 -0.0366896
-0.0534376 -0.0984151 0.0990786 -0.083795 -0.469674 -0.878854
-0.0334884 -0.308189 0.0817141 0.969669 -0.241653 0.0366896
0.0197753 0.16589 -0.0491513 -0.0837997 -0.469675 -0.878853
0.124013 0.260733 -0.333751 0.96967 -0.24165 0.0366909
-0.101765 -0.146117 0.228104 -0.969669 0.241653 -0.0366897
-0.0133213 0.174627 0.00317416 -0.969669 0.241653 -0.0366895
-0.0987299 -0.147227 0.14057 -0.969669 0.241653 -0.0366895
-0.0851531 -0.194222 0.254505 0.22961 0.849123 -0.475678
0.0600656 0.0595887 0.0315078 0.969669 -0.241653 0.0366921
