ply
format ascii 1.0
comment Created by Open3D
element vertex 2096
property double x
property double y
property double z
property double nx
property double ny
property double nz
end_header
0.0377404 -0.309521 -0.346921 0.359295 0.0119235 -0.933148
-0.540594 -0.107289 0.0493844 0.50761 -0.841558 0.184695
0.256407 0.102812 0.222068 0.774045 0.539577 0.331226
0.115294 0.183304 -0.429159 0.50761 -0.841558 0.184695
-0.362522 0.0346186 -0.199499 -0.50761 0.841558 -0.184695
0.0704574 0.247469 -0.419642 -0.50761 0.841558 -0.184694
0.171723 0.338425 0.163547 0.801425 -0.509103 0.313896
-0.0702119 0.0991947 -0.566381 0.378405 0.0251735 -0.925298
-0.0304463 -0.0958556 -0.287944 -0.378405 -0.025173 0.925298
0.267148 0.36983 0.00338967 0.50761 -0.841558 0.184695
-0.235683 -0.0459629 -0.509194 0.50761 -0.841558 0.184695
-0.274298 -0.0665144 -0.0129566 0.774043 0.539579 0.331228
0.33583 0.324243 -0.393086 0.50761 -0.841558 0.184695
-0.157439 -0.336948 0.250989 0.50761 -0.841558 0.184695
-0.0287033 0.0105585 -0.284336 -0.378405 -0.0251714 0.925298
0.233677 -0.00565955 -0.258531 0.378405 0.0251758 -0.925298
0.367294 0.0400936 0.0651072 0.774043 0.53958 0.331228
-0.359829 -0.134738 0.19404 -0.686018 -0.265086 0.677576
0.104932 0.316318 -0.200681 -0.50761 0.841558 -0.184695
0.172293 0.188936 0.278334 0.774042 0.53958 0.331228
0.308399 0.25379 -0.186288 0.850734 0.455646 -0.26199
-0.568825 0.0120023 0.264446 -0.50761 0.841558 -0.184695
0.292335 0.0632347 -0.0238505 -0.774042 -0.53958 -0.331228
-0.164508 0.120841 0.296917 -0.140241 -0.364043 0.920764
-0.354685 0.0183064 -0.295365 -0.50761 0.841558 -0.184695
-0.235843 -0.0668557 -0.343921 -0.539493 -0.806294 -0.242564
-0.0179321 0.26858 0.390644 0.257353 -0.703127 0.662859
-0.254147 -0.0218618 -0.132789 0.774042 0.53958 0.331228
-0.247167 -0.136408 -0.092709 0.558337 -0.828408 0.0447294
-0.155659 0.1161 -0.396767 -0.50761 0.841558 -0.184695
0.12553 0.382355 0.0436045 -0.50761 0.841558 -0.184695
0.105219 0.219776 -0.491358 0.378405 0.0251735 -0.925298
-0.0629592 -0.337442 -0.291915 -0.774042 -0.53958 -0.331228
0.225443 0.334081 -0.439082 0.378405 0.0251735 -0.925298
-0.0891074 -0.287917 -0.0850555 0.774042 0.53958 0.331228
-0.464456 -0.0788402 -0.0302443 0.50761 -0.841558 0.184695
0.340933 -0.0669293 -0.216335 0.378405 0.025173 -0.925298
-0.222501 0.102298 0.184675 0.378405 0.025173 -0.925298
0.0509991 -0.0737112 0.291736 0.378405 0.0251735 -0.925298
-0.586515 -0.124025 0.0631255 -0.774043 -0.53958 -0.331228
0.255018 -0.0723559 -0.251618 0.378405 0.025173 -0.925298
0.110313 0.241451 0.111196 -0.774042 -0.53958 -0.331228
-0.306799 -0.0794647 -0.466391 0.507608 -0.841559 0.184696
0.140813 0.441372 0.461464 0.774042 0.53958 0.331228
-0.0932755 -0.251793 0.308945 -0.378405 -0.0251731 0.925298
-0.252941 -0.134571 0.0480006 0.774042 0.53958 0.331228
0.384605 -0.0575384 -0.0322697 -0.423272 -0.884291 -0.197157
-0.0456219 0.273968 0.426205 0.50761 -0.841558 0.184695
-0.319457 -0.0605296 -0.342099 0.40904 -0.90128 0.142759
0.209664 0.26322 0.0701491 0.786265 0.518768 0.33566
0.180792 0.0991878 0.383621 0.554294 0.483089 0.677778
-0.0333403 0.202342 0.0660892 0.50761 -0.841558 0.184695
-0.331127 0.0212726 0.233649 -0.0170916 -0.505158 0.862858
-0.626198 -0.124312 0.15791 -0.799783 -0.539969 -0.262261
-0.306834 -0.185463 0.222464 -0.505168 -0.117052 0.855046
0.0310191 -0.198411 -0.346653 0.378405 0.0251731 -0.925298
0.408445 -0.0849866 -0.156213 0.50761 -0.841558 0.184695
-0.279762 -0.103844 -0.165809 -0.774043 -0.53958 -0.331228
-0.0839826 0.25994 0.467717 0.50761 -0.841558 0.184695
0.0337578 0.381554 0.292178 -0.50761 0.841558 -0.184695
-0.142669 -0.0451596 -0.411781 0.219181 -0.221735 -0.950154
0.0307325 0.312426 -0.014484 -0.50761 0.841558 -0.184695
-0.556438 -0.0324999 0.311924 -0.378405 -0.0251734 0.925298
0.070149 0.163547 -0.391913 0.550114 -0.832148 0.0700385
-0.0142561 0.332868 0.202304 -0.50761 0.841558 -0.184695
0.357686 0.170323 -0.171198 0.843019 0.440862 -0.308155
0.172684 0.3099 0.133922 0.917669 -0.14111 0.371446
-0.499904 -0.0745969 0.0868884 0.487463 -0.854525 0.179351
0.36593 0.386999 -0.38019 0.378405 0.0251732 -0.925298
0.130809 0.452562 0.348994 -0.50761 0.841558 -0.184695
0.0143689 0.203734 -0.058689 0.50761 -0.841558 0.184695
0.0661206 0.34632 0.448768 0.507612 -0.841557 0.184694
0.171513 0.191375 0.0497513 -0.774042 -0.53958 -0.331228
0.201734 0.226921 0.147655 0.774042 0.53958 0.331228
-0.0790559 -0.280358 -0.12086 0.774042 0.53958 0.331228
0.1967 -0.0417324 0.339543 -0.299678 -0.373434 -0.877918
-0.261476 0.0822205 -0.260315 -0.50761 0.841558 -0.184695
-0.234726 0.0469322 -0.494625 -0.50761 0.841558 -0.184695
-0.0366475 -0.237021 -0.370177 0.0744727 -0.170707 -0.982503
-0.133848 0.123593 -0.422573 -0.50761 0.841558 -0.184695
0.0929393 -0.147934 0.307125 0.437693 -0.0780267 -0.895732
0.423572 0.467396 -0.273557 0.860983 0.503489 -0.0721626
-0.187124 -0.138194 -0.326336 -0.774042 -0.53958 -0.331228
0.400217 -0.0577319 -0.19184 0.378405 0.025173 -0.925298
-0.213572 -0.232695 0.115845 0.774042 0.53958 0.331228
-0.178387 -0.379941 0.0651323 -0.254553 -0.958258 -0.13017
-0.084926 -0.356684 -0.209235 -0.774042 -0.53958 -0.331228
-0.10461 -0.0541556 -0.398194 0.378405 0.0251731 -0.925298
-0.0675237 0.000132276 -0.381745 0.414723 -0.0368071 -0.909203
-0.000343236 0.157041 -0.536235 0.378405 0.0251735 -0.925298
-0.530316 -0.0826229 0.133528 0.50761 -0.841558 0.184695
0.271995 0.0939837 -0.0264089 -0.774042 -0.53958 -0.331228
0.0321266 0.238507 -0.35513 -0.50761 0.841558 -0.184695
0.047811 0.293344 -0.148372 -0.50761 0.841558 -0.184695
0.0861257 0.263264 0.0153401 0.50761 -0.841558 0.184695
0.226973 -0.0213372 0.266664 -0.774042 -0.53958 -0.331228
-0.119679 0.150501 -0.338907 -0.50761 0.841558 -0.184695
-0.557497 -0.0301599 0.0412007 -0.50761 0.841558 -0.184695
0.118043 0.398224 0.136487 -0.50761 0.841558 -0.184695
-0.0384108 -0.00442239 0.338112 -0.378405 -0.0251731 0.925298
-0.272245 0.0247575 -0.0864706 0.50761 -0.841558 0.184695
0.274559 0.117023 -0.238474 0.378405 0.025173 -0.925298
-0.506689 -0.0826971 -0.190744 -0.774042 -0.53958 -0.331228
-0.226538 -0.120811 -0.262548 -0.774043 -0.539579 -0.331228
0.389266 0.473852 -0.264334 -0.50761 0.841558 -0.184694
0.274674 0.41501 0.18857 0.50761 -0.841558 0.184695
0.00209321 -0.0332399 -0.353988 0.378405 0.0251759 -0.925298
-0.329324 -0.0762614 -0.389887 0.50761 -0.841558 0.184695
0.431989 -0.0383978 -0.0135784 0.69567 -0.667159 0.266347
-0.0171522 0.189765 -0.441785 -0.50761 0.841558 -0.184694
0.348884 0.447526 -0.273303 -0.50761 0.841558 -0.184694
-0.00157428 -0.184067 0.348289 -0.378405 -0.0251731 0.925298
-0.403609 0.031258 0.304185 0.50761 -0.841558 0.184695
-0.27956 -0.156299 -0.0808292 -0.774043 -0.539579 -0.331228
-0.243391 0.0230376 -0.173611 0.50761 -0.841558 0.184695
-0.0434358 -0.0524683 0.331387 -0.908544 0.201336 -0.366076
-0.145638 0.089361 0.296812 -0.378405 -0.0251733 0.925298
0.13068 -0.140904 0.33701 0.623546 -0.740377 -0.251063
0.246239 -0.0299819 0.235725 -0.774042 -0.53958 -0.331228
0.278373 0.21343 -0.00946446 0.774044 0.539578 0.331227
0.0655617 0.396841 0.274426 -0.50761 0.841558 -0.184695
-0.0800378 0.157722 -0.00887993 0.50761 -0.841558 0.184695
-0.0497771 0.0607755 -0.55907 0.378405 0.0251732 -0.925298
0.30068 0.153886 -0.226789 0.378405 0.025173 -0.925298
-0.0108985 -0.282661 -0.263362 0.521257 0.470647 0.711887
0.104406 -0.273166 -0.318674 0.378405 0.025173 -0.925298
-0.12131 -0.283406 0.215565 0.378405 0.025173 -0.925298
0.384378 -0.0956174 -0.194162 0.601665 -0.463997 -0.650159
0.249728 0.356563 -0.415259 -0.50761 0.841558 -0.184695
-0.220984 0.239448 0.344804 -0.50761 0.841558 -0.184695
-0.229584 -0.195277 0.171841 0.602107 0.193157 -0.774698
0.291998 0.392027 -0.369842 -0.50761 0.841558 -0.184694
0.201106 0.173479 0.118244 0.621525 -0.747296 -0.235067
-0.207378 -0.207898 0.263476 -0.378405 -0.0251731 0.925298
-0.144056 -0.0166816 0.240549 0.872002 -0.345034 0.347223
-0.195415 0.130429 -0.222213 -0.50761 0.841558 -0.184695
0.170232 0.407691 0.0361914 -0.50761 0.841558 -0.184695
0.0130224 -0.347796 -0.26816 0.563418 -0.779256 0.274446
0.251454 -0.167075 -0.255652 0.378405 0.025173 -0.925298
0.390568 -0.00765657 0.0885041 0.774043 0.53958 0.331228
0.0136697 0.309716 0.0200588 -0.50761 0.841558 -0.184695
-0.149913 0.107363 -0.0462952 0.50761 -0.841558 0.184695
-0.190942 0.170663 0.355973 0.478397 -0.84113 0.252264
0.00190754 -0.154645 -0.357367 0.378405 0.0251731 -0.925298
0.390083 0.407668 -0.162072 0.50761 -0.841558 0.184695
-0.0784162 0.222694 -0.123367 -0.50761 0.841558 -0.184695
-0.28625 0.111053 -0.0608517 -0.50761 0.841558 -0.184695
-0.237099 -0.347588 0.131559 -0.774043 -0.539579 -0.331227
0.213496 0.0208374 -0.266063 0.378405 0.025173 -0.925298
-0.182176 -0.161758 -0.299511 -0.774042 -0.53958 -0.331228
0.332067 0.477442 -0.090774 -0.50761 0.841558 -0.184695
-0.467854 0.0637989 0.222952 -0.50761 0.841558 -0.184695
-0.171412 0.237912 0.201558 -0.50761 0.841558 -0.184695
-0.347253 -0.096997 -0.435095 0.50761 -0.841558 0.184695
0.0686523 0.244817 -0.0206876 0.50761 -0.841558 0.184695
-0.264838 0.0954864 -0.19063 -0.50761 0.841558 -0.184695
0.205263 0.297549 0.052936 0.923684 0.0546808 0.379233
-0.484324 0.00715465 0.0101178 -0.50761 0.841558 -0.184695
0.0788248 0.149053 -0.484992 0.50761 -0.841558 0.184695
0.190723 0.439696 0.125706 -0.50761 0.841558 -0.184695
-0.0555624 0.293636 0.13707 -0.50761 0.841558 -0.184695
-0.231718 -0.140728 0.00843389 0.774042 0.53958 0.331228
-0.287211 0.211942 0.428676 -0.378405 -0.0251728 0.925298
0.204333 0.264549 -0.162665 -0.856398 -0.469333 0.215193
-0.478833 -0.0316524 0.22428 0.491263 -0.847238 0.20211
-0.495831 0.0196727 0.0987814 -0.50761 0.841558 -0.184695
0.0450387 0.256565 0.239113 -0.774042 -0.53958 -0.331228
-0.0116028 -0.356196 -0.237527 0.50761 -0.841558 0.184695
-0.353468 0.0594884 0.295011 0.50761 -0.841558 0.184695
0.288553 0.402319 -0.313477 -0.50761 0.841558 -0.184694
0.263374 0.202424 -0.240725 0.378405 0.025173 -0.925298
0.125284 0.246394 -0.169149 0.50761 -0.841558 0.184695
-0.175288 0.0454346 -0.258731 0.50761 -0.841558 0.184695
-0.438108 0.0804966 0.36339 -0.378405 -0.0251734 0.925298
0.369094 -0.108199 -0.153833 0.50761 -0.841558 0.184695
0.225709 0.182425 0.144539 0.632086 -0.628487 -0.453289
0.0499842 0.103557 -0.249627 -0.378405 -0.0251729 0.925298
-0.272774 -0.0489117 -0.629317 -0.136328 -0.290116 -0.947231
0.0502723 0.223991 -0.0650654 0.50761 -0.841558 0.184695
-0.102516 -0.169687 0.307399 -0.378405 -0.0251731 0.925298
0.200065 0.357464 0.135137 0.598546 -0.769177 0.223853
-0.310934 0.0890847 0.312967 0.50761 -0.841558 0.184695
-0.0952753 0.15096 0.238029 0.378405 0.025173 -0.925298
0.289748 0.077092 0.186053 0.774043 0.539579 0.331228
0.382242 -0.0480426 0.0841355 0.50761 -0.841558 0.184695
0.172961 0.250589 0.176336 0.774042 0.53958 0.331228
-0.214436 0.100861 -0.304663 -0.50761 0.841558 -0.184695
0.21522 0.350407 -0.348465 -0.50761 0.841558 -0.184694
-0.0081783 -0.0363737 0.349606 -0.378405 -0.0251763 0.925298
0.0621485 0.171444 -0.510286 0.378405 0.0251732 -0.925298
-0.156739 -0.0180584 -0.599014 0.50761 -0.841558 0.184695
0.359958 0.478417 -0.162985 -0.50761 0.841558 -0.184695
0.133503 0.28029 -0.443364 -0.50761 0.841558 -0.184695
0.0617689 0.124113 0.301522 0.378405 0.025173 -0.925298
0.0778561 0.0882969 -0.238643 -0.378405 -0.0251729 0.925298
-0.312102 -0.210263 0.0831271 -0.774042 -0.53958 -0.331228
-0.440768 0.00680019 0.294872 0.50761 -0.841558 0.184695
-0.424476 -0.0707276 -0.102936 0.488461 -0.854546 0.17651
0.0314173 -0.105261 0.28287 0.378405 0.025173 -0.925298
-0.398246 -0.091776 -0.271157 0.50761 -0.841558 0.184695
-0.0578215 -0.140726 0.24541 0.378405 0.025173 -0.925298
-0.0541291 0.221404 0.210082 0.50761 -0.841558 0.184695
0.0497959 -0.0253521 0.373615 -0.378405 -0.0251731 0.925298
-0.00513117 0.353423 0.270881 -0.50761 0.841558 -0.184695
-0.464635 -0.00222633 0.319337 0.50761 -0.841558 0.184695
0.0386602 0.163031 -0.25264 -0.378405 -0.0251729 0.925298
-0.179027 -0.167197 0.195123 0.378405 0.025173 -0.925298
-0.402415 -0.0930563 0.102214 -0.734605 -0.600023 -0.316744
-0.238991 0.0572853 -0.0296524 0.50761 -0.841558 0.184695
-0.0736097 0.076958 0.325931 -0.37841 -0.0251687 0.925296
-0.0224925 0.359752 0.347438 -0.50761 0.841558 -0.184695
0.116538 0.364921 0.394957 0.50761 -0.841558 0.184695
-0.0862082 0.200039 -0.20518 -0.50761 0.841558 -0.184695
0.34259 0.0431154 -0.212663 0.378405 0.025173 -0.925298
0.210499 0.3329 0.0570761 0.842966 -0.422322 0.333246
-0.353392 -0.0413188 -0.570601 -0.50761 0.841558 -0.184695
0.260644 0.097259 0.0411967 -0.520367 0.244163 0.818292
0.173288 0.265763 -0.0755752 -0.774042 -0.53958 -0.331228
-0.0680907 0.3145 0.266568 -0.50761 0.841558 -0.184695
-0.174714 0.106867 0.204342 0.378405 0.025173 -0.925298
0.332322 0.0234191 0.173997 0.774043 0.53958 0.331228
-0.173752 9.89879e-05 0.201831 0.378405 0.0251734 -0.925298
-0.220346 -0.193919 0.068508 0.774042 0.53958 0.331228
0.0905229 0.220698 0.367001 0.377405 0.409888 0.830396
-0.263085 -0.144043 0.0871345 0.774042 0.53958 0.331228
0.300182 0.181304 -0.00809613 0.774042 0.53958 0.331228
0.195933 0.340151 0.104534 0.801425 -0.509103 0.313896
0.243536 -0.128142 -0.257831 0.378405 0.025173 -0.925298
0.00171506 0.189765 -0.0875636 0.50761 -0.841558 0.184695
0.282675 0.254968 -0.0871853 0.774042 0.53958 0.331228
-0.0976296 0.00567149 -0.399649 0.535735 -0.279385 -0.796826
0.190032 0.154566 0.292868 0.774042 0.53958 0.331228
-0.0547638 0.251469 0.385722 0.310717 -0.779562 0.543818
-0.0387698 0.143709 -0.186148 0.50761 -0.841558 0.184695
-0.639743 -0.0316574 0.26042 -0.507605 0.84156 -0.184699
0.100913 0.0649821 -0.229848 -0.378404 -0.0251732 0.925298
0.187395 0.288406 -0.145428 -0.774042 -0.53958 -0.331228
-0.170692 -0.314347 0.148653 0.774042 0.53958 0.331228
-0.139422 -0.0412533 0.214745 0.378406 0.0251759 -0.925297
0.106575 0.292755 0.293998 0.923684 0.0546808 0.379233
-0.0493828 0.0163535 0.272776 -0.49677 -0.837953 -0.225953
-0.262343 0.0372218 -0.462968 -0.50761 0.841558 -0.184695
0.200665 -0.0805821 0.352305 0.273761 -0.497027 -0.823419
0.101211 0.135885 -0.227798 -0.378405 -0.0251729 0.925298
0.0260761 0.256683 0.374113 0.161648 -0.225797 0.960669
-0.416644 -0.00915571 -0.250209 -0.50761 0.841558 -0.184695
0.23842 0.392303 0.184746 0.50761 -0.841558 0.184695
-0.249307 -0.283671 0.055967 -0.774042 -0.53958 -0.331228
-0.468654 -0.0588667 -0.318448 -0.774042 -0.53958 -0.331228
-0.0502577 0.280144 0.46709 0.50761 -0.841558 0.184695
-0.240293 0.0128508 -0.221712 0.774042 0.53958 0.331228
-0.57649 -0.0615173 -0.049478 -0.50761 0.841558 -0.184695
-0.0316866 0.175373 -0.0613389 0.50761 -0.841558 0.184695
0.351973 0.439799 -0.317003 -0.50761 0.841558 -0.184694
0.169861 0.388812 0.357263 0.50761 -0.841558 0.184695
0.41232 0.0864113 -0.133477 0.860983 0.503489 -0.0721618
-0.102646 0.0975214 -0.579691 0.378405 0.0251735 -0.925298
0.120941 0.287909 -0.374124 -0.50761 0.841558 -0.184694
-0.322592 0.149028 0.212063 -0.50761 0.841558 -0.184695
-0.494623 0.00917334 0.0476223 -0.50761 0.841558 -0.184695
0.0870109 0.0418621 0.309608 0.378405 0.025173 -0.925298
-0.170845 -0.212974 0.278278 -0.378406 -0.0251728 0.925297
-0.0498066 0.0501429 0.334936 -0.378408 -0.0251713 0.925296
-0.368788 -0.113515 -0.462801 -0.774043 -0.53958 -0.331228
0.0578725 0.433408 0.462175 -0.50761 0.841558 -0.184695
-0.0421408 0.243829 -0.126765 -0.50761 0.841558 -0.184695
0.126855 0.317173 -0.257036 -0.50761 0.841558 -0.184695
0.349999 -0.0629687 0.0963674 0.195011 -0.979362 0.0531067
-0.107496 -0.105634 0.301315 0.0627352 0.996634 0.0527696
-0.279607 -0.0792818 -0.540293 0.507611 -0.841558 0.184694
0.282932 0.412706 0.155371 0.50761 -0.841558 0.184695
-0.196784 0.147417 -0.141047 -0.50761 0.841558 -0.184695
-0.244806 0.171472 0.444917 -0.378405 -0.0251734 0.925298
0.179459 0.383425 0.306339 0.50761 -0.841558 0.184695
0.0340518 0.305252 -0.0562989 -0.50761 0.841558 -0.184695
0.349127 0.0233489 -0.112276 -0.850735 -0.455649 0.261982
-0.280433 -0.0592058 -0.446545 0.50761 -0.841558 0.184695
0.288697 0.0843411 0.139501 -0.398541 0.821747 -0.407305
-0.258587 0.0912126 -0.227282 -0.50761 0.841558 -0.184695
-0.0443055 0.349216 0.531748 -0.378405 -0.0251728 0.925298
0.0505096 0.280432 0.370043 0.504551 -0.19516 0.841036
0.0530496 0.345887 0.0766417 -0.50761 0.841558 -0.184695
0.0621726 0.0799201 -0.32634 0.378405 0.0251729 -0.925298
0.179253 0.138421 0.13576 0.603555 -0.470814 -0.643472
0.279916 0.266779 -0.229388 0.785524 -0.0344304 -0.617873
0.192347 -0.0311151 -0.19507 -0.378405 -0.0251735 0.925298
-0.303682 -0.0240209 -0.628405 -0.507611 0.841557 -0.184696
0.3241 0.393562 -0.044998 0.50761 -0.841558 0.184695
-0.500445 -0.0480169 -0.196963 -0.50761 0.841558 -0.184695
0.00276519 0.341724 0.550794 -0.378405 -0.0251728 0.925298
-0.340215 0.0933125 0.00663023 -0.50761 0.841558 -0.184695
-0.276277 0.17185 0.188761 -0.50761 0.841558 -0.184695
-0.368431 -0.154037 0.164839 -0.850735 -0.455648 0.261983
-0.371789 -0.0588827 -0.160397 0.15039 -0.98802 0.0346231
0.0326325 -0.121025 -0.262832 -0.378405 -0.025173 0.925298
0.232343 0.0682179 -0.257066 0.378405 0.025173 -0.925298
-0.0535189 -0.370686 -0.246188 -0.340546 -0.925734 -0.164453
-0.291843 -0.202433 0.0230287 -0.774042 -0.53958 -0.331228
-0.110227 0.0781371 -0.288535 0.50761 -0.841558 0.184695
0.145363 0.145628 0.378556 0.451506 0.442398 0.774872
0.00821644 0.24804 0.160097 0.50761 -0.841558 0.184695
0.234508 0.00840152 0.20061 -0.774043 -0.53958 -0.331228
-0.212163 -0.020095 -0.233778 0.774042 0.53958 0.331228
-0.594249 -0.11944 0.141483 0.50761 -0.841559 0.184693
-0.159367 -0.172848 -0.334748 -0.774042 -0.53958 -0.331228
0.0896106 0.286812 -0.293014 -0.50761 0.841558 -0.184695
0.186067 0.361877 0.190032 0.526449 -0.828066 0.192766
-0.215233 -0.0955547 -0.103677 0.774042 0.53958 0.331228
-0.139867 0.0151989 0.216099 0.378405 0.0251748 -0.925298
0.0113255 -0.222787 0.283045 0.632903 -0.673551 -0.381789
0.0919154 0.0503025 -0.314982 0.378405 0.0251729 -0.925298
0.016675 -0.177506 -0.270895 -0.378405 -0.025173 0.925298
-0.153628 0.158868 0.318913 0.0759551 -0.598516 0.797502
-0.199689 0.175991 -0.00286678 -0.50761 0.841558 -0.184695
-0.300338 -0.269813 0.155548 -0.82734 -0.535939 -0.168157
0.312711 0.320768 -0.345386 0.50761 -0.841558 0.184695
0.225832 0.00527152 -0.180386 -0.378405 -0.025173 0.925298
-0.124917 0.288091 0.302416 -0.50761 0.841558 -0.184695
-0.117829 0.217573 -0.0383784 -0.50761 0.841558 -0.184695
-0.218734 -0.0441559 -0.547542 0.507611 -0.841558 0.184695
-0.224687 -0.11808 -0.0448908 0.774043 0.539579 0.331229
-0.548418 -0.126185 -0.0152128 0.50761 -0.841558 0.184695
0.226681 0.0826618 0.324359 0.774042 0.53958 0.331228
0.088252 0.264155 -0.392518 -0.50761 0.841558 -0.184694
0.212713 0.234213 0.11012 0.774042 0.53958 0.331228
0.407535 -0.0111049 0.0543733 0.809288 0.476208 0.343918
-0.173985 -0.0763898 0.28071 -0.378405 -0.0251676 0.925298
-0.167821 -0.255602 0.0462475 0.774039 0.539583 0.33123
0.412204 0.435216 -0.162719 0.774043 0.53958 0.331228
0.446271 0.428028 -0.273882 0.861529 0.493285 -0.120161
0.311473 0.0345273 -0.0218092 -0.774042 -0.53958 -0.331228
0.0194573 -0.0282974 -0.265698 -0.378405 -0.0251731 0.925298
0.120056 0.226263 0.337886 0.721901 0.532441 0.442001
-0.0665618 -0.0213955 -0.300688 -0.378405 -0.025173 0.925298
-0.141824 0.224515 0.465275 0.50761 -0.841558 0.184695
-0.296086 0.00331777 -0.0757998 0.774042 0.53958 0.331228
-0.196902 -0.0916675 0.189867 0.378405 0.025173 -0.925298
-0.0476286 0.0989308 0.256099 0.378408 0.0251724 -0.925297
0.133161 -0.248397 -0.227285 -0.140245 -0.364037 0.920765
0.192191 0.449776 0.327708 0.774042 0.53958 0.331228
-0.075456 0.272569 0.0957515 -0.50761 0.841558 -0.184695
0.325934 0.119489 0.0324227 0.774042 0.539583 0.331223
0.244053 0.273903 -0.370222 0.50761 -0.841558 0.184695
-0.132928 0.0504158 -0.593357 0.378405 0.0251735 -0.925298
0.305083 0.100587 0.0769897 -0.625319 0.569584 0.533432
0.0958113 0.373223 0.0836754 -0.50761 0.841558 -0.184695
-0.40995 -0.0559091 0.18185 -0.457437 -0.550129 0.698648
0.199475 0.0397891 -0.190227 -0.378405 -0.025173 0.925298
0.103774 0.411308 0.235325 -0.50761 0.841558 -0.184695
0.0353411 0.270762 -0.216995 -0.50761 0.841558 -0.184695
-0.155393 0.0207168 -0.603352 0.378405 0.0251735 -0.925298
0.293312 0.0118876 0.283943 0.774043 0.53958 0.331228
0.138718 -0.088448 -0.218562 -0.378405 -0.0251728 0.925298
0.404631 0.464691 -0.193038 0.774043 0.53958 0.331228
-0.440742 -0.00470594 -0.163704 -0.50761 0.841558 -0.184695
-0.393198 0.0978382 0.382228 -0.378405 -0.0251734 0.925298
-0.210325 0.0750564 -0.0274641 0.50761 -0.841558 0.184695
-0.17246 -0.247835 -0.181996 -0.774043 -0.539579 -0.331229
-0.136462 -0.371104 0.0377054 0.50761 -0.841558 0.184695
0.32937 0.151948 -0.0284834 0.774042 0.53958 0.331228
-0.256485 -0.00157408 0.167951 0.378405 0.0251718 -0.925298
0.0685049 0.430551 0.419934 -0.50761 0.841558 -0.184695
0.0888385 0.0213901 0.390853 -0.378405 -0.0251731 0.925298
-0.354041 -0.0017151 0.122122 0.733808 0.309942 -0.604535
-0.344045 -0.0648302 0.211477 -0.378405 -0.0251731 0.925298
0.221369 0.247252 -0.44311 0.378405 0.0251732 -0.925298
0.221494 0.134635 0.0253843 -0.774041 -0.539581 -0.331229
-0.14019 -0.343064 0.112511 0.925523 0.00563151 0.37865
-0.441061 -0.0410386 -0.328375 -0.50761 0.841558 -0.184695
-0.0786225 0.13134 -0.132979 0.50761 -0.841558 0.184695
0.202334 0.0247595 0.249149 -0.774042 -0.53958 -0.331228
0.312017 0.452261 -0.150405 -0.50761 0.841558 -0.184695
0.287009 0.346131 -0.118297 0.801425 -0.509103 0.313896
-0.0543362 -0.347471 -0.102979 0.84297 -0.422311 0.333248
0.159029 0.222798 -0.32847 0.623545 -0.740382 -0.251051
-0.352798 -0.00230052 -0.394447 -0.50761 0.841558 -0.184695
0.0314239 0.245031 0.0826064 0.50761 -0.841558 0.184695
0.2364 0.107836 -0.254329 0.378405 0.025173 -0.925298
-0.110584 -0.294702 -0.250245 -0.774042 -0.53958 -0.331228
0.269616 0.0029061 0.35395 0.77404 0.539582 0.331229
-0.383934 0.00481804 -0.276438 -0.50761 0.841558 -0.184695
0.0488017 0.357703 0.142156 -0.50761 0.841558 -0.184695
0.0638544 0.37321 0.171444 -0.50761 0.841558 -0.184695
-0.441686 -0.0532645 -0.382365 -0.50761 0.841558 -0.184695
0.0823223 -0.07272 -0.26799 0.641681 0.713316 0.281825
0.245852 0.399824 -0.207486 -0.50761 0.841558 -0.184695
0.10723 0.119549 0.395937 -0.0744794 0.170703 0.982504
-0.414481 -0.0199203 -0.305204 -0.50761 0.841558 -0.184695
-0.00913245 -0.336502 -0.208156 0.922512 -0.0923676 0.374753
-0.0413965 -0.102528 0.253166 0.378405 0.025173 -0.925298
-0.0387057 0.0633086 0.258779 0.378405 0.025173 -0.925298
-0.148818 -0.064416 0.255836 0.850428 0.385249 0.358267
0.092174 0.37928 0.121267 -0.50761 0.841558 -0.184695
0.249537 0.128608 0.1961 0.774042 0.53958 0.331228
0.0703268 0.265893 0.0707405 0.50761 -0.841558 0.184695
-0.125407 -0.324004 0.0585592 0.774042 0.53958 0.331228
-0.127725 0.131532 0.307847 -0.22931 -0.248717 0.94104
0.173196 0.0560696 -0.281585 0.378411 0.0251691 -0.925295
0.0174939 0.0867639 -0.350695 0.551645 -0.318018 -0.771072
0.0462298 0.25713 -0.309034 -0.50761 0.841558 -0.184695
0.267077 0.377168 0.0370215 0.50761 -0.841558 0.184695
-0.033204 0.085712 0.342693 -0.378403 -0.0251738 0.925298
0.0328427 -0.194787 0.350705 0.197125 -0.702539 0.683798
-0.107531 0.0315921 0.310824 -0.37841 -0.0251687 0.925296
0.138429 -0.0894565 -0.296589 0.0627354 0.996634 0.0527697
-0.2796 0.160624 0.146742 -0.50761 0.841558 -0.184695
0.429411 -0.0649304 -0.122452 0.50761 -0.841558 0.184695
0.0123001 -0.0759013 0.356905 -0.378405 -0.0251691 0.925298
0.239295 0.000324855 0.406183 0.521258 0.470648 0.711885
-0.092169 -0.24211 -0.152523 0.774042 0.539582 0.331225
0.280051 -0.00760829 -0.158564 -0.378405 -0.025173 0.925298
-0.352955 0.0706181 -0.0617639 -0.50761 0.841558 -0.184695
-0.131042 0.0105039 0.257075 0.617303 -0.751741 0.231998
0.0482708 -0.0376472 0.291601 0.378405 0.0251744 -0.925298
0.190756 -0.00364495 -0.24646 -0.882593 -0.291487 -0.36887
-0.251692 -0.0973725 -0.0155154 0.774042 0.53958 0.331227
-0.415053 -0.10283 -0.372089 -0.774043 -0.53958 -0.331228
-0.459505 0.0166366 -0.0148881 -0.50761 0.841558 -0.184695
0.309346 0.353489 -0.404241 0.378405 0.0251732 -0.925298
0.102356 0.374968 0.479712 0.507609 -0.841559 0.184695
0.0435953 0.190521 0.290962 -0.0522882 -0.24406 -0.968349
-0.153789 -0.00267499 -0.332206 -0.0322735 0.195643 0.980144
-0.0412866 0.332183 0.273474 -0.50761 0.841558 -0.184695
-0.420268 0.00849914 0.251037 0.435443 -0.833472 0.340168
-0.311975 0.0903169 -0.0846326 -0.50761 0.841558 -0.184695
0.311351 0.197665 -0.0608478 0.774042 0.53958 0.331228
0.00228747 0.253595 0.201707 0.50761 -0.841558 0.184695
-0.373641 -0.0925651 0.0345519 -0.734605 -0.600023 -0.316744
0.0411814 0.136712 0.374501 -0.378405 -0.0251731 0.925298
0.283066 0.0214952 -0.237594 0.378405 0.025173 -0.925298
-0.297865 -0.252852 0.208721 -0.77453 -0.351813 0.525671
-0.25859 -0.114707 -0.197588 -0.774043 -0.53958 -0.331228
-0.345964 0.0567393 -0.144215 -0.50761 0.841558 -0.184695
-0.341045 -0.0656384 -0.309178 0.488461 -0.854546 0.17651
0.0699843 -0.036569 -0.289535 0.905986 0.194826 0.375808
-0.17251 -0.309759 0.183766 0.792116 0.371501 -0.484292
0.163489 -0.110413 0.341341 0.601663 -0.463992 -0.650164
-0.192386 -0.349265 0.0298015 -0.774042 -0.53958 -0.331228
0.22302 0.325936 0.0183954 0.88995 -0.284798 0.356201
-0.435534 0.113338 0.359849 -0.50761 0.841558 -0.184695
-0.0861441 -0.309676 -0.0565347 0.774042 0.53958 0.331228
-0.334705 -0.161608 0.208073 -0.602111 -0.193161 0.774694
-0.326192 -0.0410771 0.066876 0.774042 0.53958 0.331228
-0.238037 0.132138 0.321301 0.3883 -0.817789 0.424788
-0.040438 0.364301 0.417485 -0.50761 0.841558 -0.184695
0.380577 0.0513281 0.0157638 0.774042 0.539582 0.331226
0.293596 -0.0570458 0.286744 0.50761 -0.841558 0.184695
-0.060496 0.27338 0.0583296 -0.50761 0.841558 -0.184695
-0.460502 -0.0575373 0.142703 -0.126855 -0.952167 0.278004
-0.0851027 -0.311549 -0.282347 -0.774042 -0.53958 -0.331228
0.108334 0.357245 -0.0235446 -0.50761 0.841558 -0.184695
-0.141139 -0.110067 -0.253187 0.774042 0.53958 0.331228
-0.285406 0.0408828 -0.382902 -0.50761 0.841558 -0.184695
-0.354763 -0.0801923 -0.337884 0.50761 -0.841558 0.184695
0.183315 -0.219103 -0.208468 -0.0170842 -0.505165 0.862853
-0.11025 -0.330857 -0.192128 -0.774042 -0.53958 -0.331228
-0.150182 -0.285578 0.0538583 0.774042 0.53958 0.331228
0.382252 0.460676 -0.1342 0.774043 0.53958 0.331228
0.234788 0.232081 -0.255662 0.518536 -0.240084 -0.820658
-0.351558 -0.147373 0.0728829 -0.774042 -0.53958 -0.331228
-0.0312885 -0.18091 -0.290458 -0.320437 0.0145897 0.947158
0.305348 0.421089 0.110005 0.774042 0.53958 0.331228
-0.137882 -0.0931866 0.287749 0.535084 0.809738 0.240854
-0.289059 0.0714909 -0.233395 -0.50761 0.841558 -0.184695
0.138091 0.330992 -0.224952 -0.50761 0.841558 -0.184695
0.0699394 0.0552754 0.384046 -0.378405 -0.0251731 0.925298
0.0435562 0.269361 0.16012 0.50761 -0.841558 0.184695
-0.369251 -0.0950749 -0.365876 0.50761 -0.841558 0.184695
-0.185288 -0.125486 0.193697 0.378405 0.025173 -0.925298
-0.192233 0.092545 -0.403577 -0.50761 0.841558 -0.184695
0.278606 0.307802 -0.310728 0.50761 -0.841558 0.184695
-0.122473 0.0150819 -0.590042 0.378405 0.0251732 -0.925298
-0.0632955 -0.200262 0.322607 -0.378405 -0.0251731 0.925298
0.308609 -0.0567605 -0.229277 0.378405 0.025176 -0.925298
0.210355 0.459925 0.163923 -0.50761 0.841558 -0.184695
-0.239506 -0.0677833 -0.0921942 0.774042 0.53958 0.331228
-0.280194 -0.298935 0.15322 -0.783096 -0.540035 -0.308419
0.17687 0.370004 0.252303 0.50761 -0.841558 0.184695
0.156687 0.169139 0.120621 -0.774042 -0.539582 -0.331226
-0.244841 0.132212 -0.0782485 -0.50761 0.841558 -0.184695
-0.202101 0.0297771 0.191045 0.378405 0.025173 -0.925298
-0.312058 -0.0754863 -0.146434 -0.575746 -0.776329 -0.256574
0.382417 -0.0268778 0.124394 0.925132 -0.0434151 0.377156
0.170112 -0.0604176 0.421865 -0.378405 -0.0251717 0.925298
-0.527871 -0.0276981 -0.0290029 -0.50761 0.841558 -0.184695
-0.151772 0.135526 -0.318935 -0.50761 0.841558 -0.184695
-0.522849 -0.0496769 0.263123 0.507609 -0.841559 0.184693
-0.521503 0.0271121 0.203237 -0.50761 0.841558 -0.184695
0.43008 -0.0652723 -0.173359 0.618092 -0.530639 -0.579987
0.240872 0.339017 -0.0117425 0.82319 -0.466269 0.323962
-0.0642944 0.180978 0.251515 0.378405 0.025173 -0.925298
-0.145057 -0.219848 -0.291626 -0.774042 -0.53958 -0.331228
0.336816 0.0905078 0.0542036 0.774042 0.539582 0.331226
0.257187 0.0231694 0.123554 -0.774042 -0.53958 -0.331228
0.39263 -0.0517714 0.0385958 0.50761 -0.841558 0.184695
-0.108949 0.157793 0.0709041 0.50761 -0.841558 0.184695
-0.495986 -0.0908422 0.00172428 0.50761 -0.841558 0.184695
-0.321207 -0.0552968 -0.277778 0.15039 -0.98802 0.0346231
0.103013 0.260225 -0.0449161 0.50761 -0.841558 0.184695
0.124142 -0.0419715 0.322512 0.378405 0.025173 -0.925298
-0.316567 -0.00282582 0.143347 0.378405 0.025173 -0.925298
0.235285 0.430232 -0.0398927 -0.50761 0.841558 -0.184695
-0.188563 -0.381704 0.100269 -0.12124 -0.98967 -0.0765062
-0.104234 0.281185 0.214103 -0.50761 0.841558 -0.184695
-0.369797 -0.0631016 -0.075905 -0.254552 -0.958258 -0.13017
-0.229581 0.157457 -0.00516297 -0.50761 0.841558 -0.184695
-0.18769 -0.202918 -0.219575 -0.774042 -0.53958 -0.331228
0.100553 0.268937 0.320943 0.866453 0.342083 0.363646
0.301104 -0.0359732 0.321902 0.91061 -0.189531 0.367242
-0.0338517 0.344599 0.309612 -0.50761 0.841558 -0.184695
-0.00870365 0.173586 -0.132649 0.50761 -0.841558 0.184695
0.282412 0.180599 0.0345804 0.774043 0.539579 0.331227
0.266616 0.434093 -0.10841 -0.50761 0.841558 -0.184695
-0.575169 -0.093296 -0.0134463 -0.774042 -0.53958 -0.331228
-0.0600614 -0.181414 0.243387 0.378405 0.025173 -0.925298
-0.0413297 -0.187474 -0.375731 0.32044 -0.0145878 -0.947157
0.0990657 0.181747 -0.494909 0.378405 0.0251732 -0.925298
-0.109481 0.289379 0.265859 -0.50761 0.841558 -0.184695
0.0691588 0.323371 -0.0702265 -0.50761 0.841558 -0.184695
-0.101924 0.13273 -0.468677 -0.50761 0.841558 -0.184694
0.0477371 -0.0854819 -0.255688 -0.378405 -0.025173 0.925298
-0.157391 -0.256949 0.282584 -0.378405 -0.0251731 0.925298
-0.402515 -0.073081 -0.17424 0.50761 -0.841558 0.184695
-0.539265 0.0249122 0.242029 -0.50761 0.841558 -0.184695
0.170489 0.467147 0.350125 0.774043 0.53958 0.331228
0.355833 0.380975 -0.189567 0.50761 -0.841557 0.184697
0.0529368 0.376677 0.217248 -0.50761 0.841558 -0.184695
0.130368 0.0166332 0.407707 -0.378405 -0.0251731 0.925298
-0.215842 -0.13374 0.180977 0.378405 0.025173 -0.925298
-0.258256 0.144041 0.418597 0.50761 -0.841558 0.184695
-0.252118 0.225456 0.366618 -0.50761 0.841558 -0.184695
0.268835 0.0501627 0.278792 0.774043 0.53958 0.331228
-0.322014 -0.182884 0.0616883 -0.774042 -0.53958 -0.331228
0.206091 0.249696 -0.126058 -0.774042 -0.53958 -0.331228
0.195828 0.233695 -0.0760099 -0.774043 -0.539579 -0.331227
-0.477422 -0.0269879 -0.164421 -0.50761 0.841558 -0.184695
0.166211 0.0243074 -0.234679 -0.60763 -0.747341 -0.268825
-0.2493 -0.219562 -0.037895 0.255964 0.211805 -0.943197
0.275698 0.304542 -0.269321 0.738476 -0.636949 -0.221245
-0.367574 -0.0778835 -0.292153 0.50761 -0.841558 0.184695
0.458295 -0.0458943 -0.153744 0.822485 -0.442732 -0.357082
-0.129859 -0.0691117 -0.31521 0.29968 0.373435 0.877917
-0.227487 0.0258584 0.261612 -0.378405 -0.0251733 0.925298
-0.269221 -0.0972169 0.0251935 0.774043 0.539581 0.331225
0.245145 0.133433 -0.0279284 -0.774042 -0.53958 -0.331228
0.00795749 -0.217888 0.332465 0.363287 -0.806977 0.465629
0.072279 0.000872679 -0.285193 0.855441 -0.391371 0.339189
-0.191316 0.26133 0.36297 -0.50761 0.841558 -0.184695
-0.21471 -0.36013 0.0996686 -0.774042 -0.53958 -0.331228
0.152355 0.24991 -0.20378 -0.378405 -0.0251729 0.925298
-0.24388 -0.0729047 -0.307728 -0.610617 -0.744489 -0.269969
0.0219612 0.400527 0.41105 -0.50761 0.841558 -0.184695
0.0616066 0.0403918 -0.327647 0.378405 0.0251729 -0.925298
-0.382435 -0.00953194 0.214726 0.013983 -0.537598 0.843086
-0.123111 0.252005 0.133026 -0.50761 0.841558 -0.184695
-0.327953 -0.0225407 -0.554955 -0.50761 0.841558 -0.184695
-0.0945509 -0.130915 -0.300913 0.338948 0.392132 0.855188
0.30218 0.0870446 -0.227994 0.378405 0.025173 -0.925298
-0.0210093 0.247862 0.239611 0.50761 -0.841558 0.184695
0.0444165 0.00135964 0.291086 0.378405 0.025173 -0.925298
0.103251 0.0338902 -0.284255 0.468397 -0.867407 0.167955
0.291549 0.36915 -0.0667705 0.50761 -0.841558 0.184695
-0.130648 -0.208618 -0.117161 0.774042 0.539582 0.331225
-0.0174674 0.397713 0.543873 -0.320434 0.014592 0.947159
-0.0686096 -0.162938 -0.295937 0.219046 0.333375 0.916995
-0.343925 -0.190449 0.179795 -0.833276 -0.425018 0.353568
-0.340443 0.107998 0.0741678 -0.50761 0.841558 -0.184695
-0.384082 0.110003 0.203243 -0.50761 0.841558 -0.184695
-0.0172187 0.296808 0.452212 0.507612 -0.841557 0.184694
0.171821 0.0957633 0.204786 -0.774042 -0.53958 -0.331228
0.30992 0.329032 -0.300056 0.507611 -0.841558 0.184695
0.0109409 0.109003 -0.480911 0.50761 -0.841558 0.184695
-0.36177 -0.164258 0.124545 -0.799783 -0.53997 -0.26226
-0.104455 -0.102407 0.261228 0.244482 0.961415 0.126138
-0.323123 0.104088 0.411056 -0.378405 -0.0251734 0.925298
-0.271747 -0.0440317 -0.0555444 0.774042 0.53958 0.331228
0.0600768 0.401605 0.311206 -0.50761 0.841558 -0.184695
-0.428657 -0.0914462 -0.186073 0.50761 -0.841558 0.184695
0.21291 0.251786 -0.288576 0.631531 -0.620792 -0.464528
0.340872 -0.0340836 0.021259 -0.774042 -0.53958 -0.331228
0.287334 -0.0364896 0.150289 -0.774042 -0.53958 -0.331228
-0.232654 -0.0514732 -0.401433 -0.135214 -0.93161 -0.337373
0.363732 0.0223638 0.102312 0.774043 0.53958 0.331228
-0.132368 0.0769413 -0.233132 0.50761 -0.841558 0.184695
0.265929 0.36061 -0.0299393 0.632471 -0.736918 0.238604
-0.247618 -0.144673 0.24874 -0.378405 -0.0251731 0.925298
-0.276612 -0.0851852 0.157446 0.378405 0.025173 -0.925298
-0.5154 -0.0374744 -0.107824 -0.50761 0.841558 -0.184695
-0.170172 0.173791 -0.0940121 -0.50761 0.841558 -0.184695
-0.315461 0.0267915 -0.364505 -0.50761 0.841558 -0.184695
-0.260436 0.227676 0.399589 -0.50761 0.841558 -0.184695
-0.469869 0.000704015 -0.0590017 -0.50761 0.841558 -0.184695
0.00189941 -0.127278 -0.275571 -0.378405 -0.025173 0.925298
0.0982747 0.00485384 0.313207 0.378405 0.025173 -0.925298
-0.125957 -0.175053 -0.182803 0.774042 0.53958 0.331228
0.0699648 -0.0827944 0.3803 -0.378405 -0.0251731 0.925298
-0.256354 -0.0534178 -0.371183 -0.166096 -0.981559 -0.0946295
-0.217371 0.0504209 -0.526428 -0.50761 0.841558 -0.184695
-0.0835976 -0.19555 -0.2484 0.774042 0.53958 0.331228
-0.0225218 0.391072 0.490227 -0.50761 0.841558 -0.184695
0.41306 0.0363186 -0.0356936 0.774042 0.539581 0.331226
0.156211 0.406609 0.475873 0.50761 -0.841558 0.184695
-0.309109 -0.0906972 0.108796 0.814542 0.538603 0.215472
-0.263631 0.0397967 0.250484 -0.229308 -0.24872 0.94104
-0.0776778 0.0523813 -0.495347 0.50761 -0.841558 0.184695
-0.242644 -0.0924945 -0.271036 -0.774043 -0.53958 -0.331228
-0.303067 -0.0539304 -0.31216 0.0601395 -0.998187 -0.00256166
-0.350619 -0.0582156 -0.22641 0.239185 -0.96834 0.071472
0.339196 -0.0440995 0.214497 0.72479 -0.629831 0.279271
-0.141525 0.0152586 -0.464854 0.60292 -0.780844 -0.163612
-0.125914 -0.123355 -0.394684 -0.136325 -0.290115 -0.947232
-0.190254 -0.0592464 -0.221199 0.774041 0.539581 0.331229
0.0908136 0.0125885 -0.315613 0.793186 -0.524102 0.310119
0.41092 0.477278 -0.30659 0.843021 0.440864 -0.308146
0.0976173 -0.096902 -0.2356 -0.378408 -0.0251721 0.925297
-0.0361508 0.21088 -0.293358 -0.50761 0.841558 -0.184695
-0.19756 -0.224055 0.0643517 0.774042 0.53958 0.331228
0.0094355 -0.127921 0.354319 -0.378405 -0.0251731 0.925298
0.146757 0.209957 0.303765 0.774042 0.53958 0.331228
0.0987319 0.433141 0.34866 -0.50761 0.841558 -0.184695
-0.196401 0.0344702 0.274559 -0.378405 -0.0251733 0.925298
0.0576131 -0.116579 -0.333551 0.378405 0.0251731 -0.925298
0.270509 0.0641735 0.110566 -0.525841 0.839257 -0.138342
-0.203506 0.0519597 -0.557522 -0.50761 0.841558 -0.184695
-0.372701 0.0523546 -0.090712 -0.50761 0.841558 -0.184695
0.187492 -0.0906992 -0.198677 -0.378405 -0.0251729 0.925298
-0.105295 0.236839 0.0149566 -0.50761 0.841558 -0.184695
-0.526849 -0.016221 0.324468 -0.378405 -0.0251734 0.925298
-0.307999 -0.0716643 -0.427549 0.507609 -0.841558 0.184695
0.0636557 0.31419 0.374148 0.650869 -0.482622 0.586042
0.128057 0.385114 0.455306 0.507613 -0.841557 0.184692
0.092732 0.421589 0.312514 -0.50761 0.841558 -0.184695
0.10543 0.386905 0.525657 0.507609 -0.841558 0.184695
0.23402 0.401013 -0.16955 -0.50761 0.841558 -0.184695
0.0857575 -0.100152 0.305231 0.378405 0.025173 -0.925298
-0.0749096 0.30246 0.230446 -0.50761 0.841558 -0.184695
-0.145879 -0.20394 0.207679 0.378405 0.025173 -0.925298
-0.110549 -0.36637 -0.133153 -0.70607 -0.638556 -0.306123
-0.267513 -0.0788294 -0.571469 0.50761 -0.841558 0.184695
-0.106169 0.210515 -0.102584 -0.50761 0.841558 -0.184695
0.117262 0.185391 0.37214 0.414956 0.426657 0.803601
-0.141878 -0.274798 0.0168912 0.774042 0.53958 0.331228
-0.386888 0.0562632 0.372166 0.50761 -0.841558 0.184695
-0.43209 0.0354087 -0.00470069 -0.50761 0.841558 -0.184695
-0.45006 -0.0466271 0.17305 -0.121671 -0.866987 0.483248
-0.0544502 0.184491 0.0427677 0.50761 -0.841558 0.184695
0.228267 0.461463 0.121698 -0.50761 0.841558 -0.184695
0.151647 0.284828 -0.0560606 -0.774042 -0.53958 -0.331228
-0.427376 -0.080364 -0.139099 0.50761 -0.841558 0.184695
0.263179 0.0818788 -0.244084 0.378405 0.025173 -0.925298
-0.325122 -0.0798143 -0.105097 -0.644016 -0.710856 -0.282713
-0.09547 -0.298682 0.255034 0.50761 -0.841558 0.184695
-0.557707 -0.0688515 0.271558 0.507609 -0.841559 0.184693
-0.263954 0.199202 0.279522 -0.50761 0.841558 -0.184695
0.34106 -0.00510885 -0.133483 -0.434318 -0.0647965 0.898426
-0.2009 0.118745 -0.260378 -0.50761 0.841558 -0.184695
-0.0645004 -0.235748 0.321149 -0.378405 -0.0251731 0.925298
-0.0152586 -0.282906 -0.360439 0.0322663 -0.195647 -0.980143
-0.100629 0.116072 -0.54814 -0.50761 0.841558 -0.184695
-0.586323 -0.012435 0.201189 -0.50761 0.841558 -0.184695
-0.0726366 -0.0959375 -0.3052 -0.378405 -0.025173 0.925298
0.404209 -0.0526113 0.00294529 0.50761 -0.841558 0.184695
-0.305772 0.132434 0.418923 -0.378405 -0.0251734 0.925298
-0.393685 0.121878 0.283741 -0.50761 0.841558 -0.184695
-0.278412 -0.201686 -0.00957495 -0.774042 -0.53958 -0.331228
-0.325288 0.0283713 -0.330298 -0.50761 0.841558 -0.184695
0.161962 0.235632 0.226406 0.774042 0.53958 0.331228
0.134004 0.435314 0.261621 -0.50761 0.841558 -0.184695
0.240678 -0.0684695 0.380133 0.507609 -0.841559 0.184696
-0.112681 0.107343 0.229724 0.378405 0.025173 -0.925298
-0.0854146 0.0304296 -0.574107 0.50761 -0.841558 0.184695
0.312802 0.395991 -0.00288045 0.50761 -0.841558 0.184695
0.324886 0.0554267 -0.0871986 -0.774042 -0.53958 -0.331228
0.435978 0.0176016 -0.058761 0.774042 0.539583 0.331224
-0.0977624 0.156392 -0.3723 -0.50761 0.841558 -0.184695
0.283447 0.0991833 -0.0616417 -0.774042 -0.53958 -0.331228
0.185636 0.242277 -0.353776 0.50761 -0.841558 0.184695
0.0711991 -0.243759 -0.331454 0.378404 0.0251736 -0.925298
-0.161687 -0.112228 -0.388045 -0.414957 -0.426657 -0.803601
0.15407 0.0812797 0.403518 0.136324 0.290114 0.947233
0.0029131 0.232164 0.102337 0.50761 -0.841558 0.184695
0.362121 0.451036 -0.071454 0.774043 0.53958 0.331228
-0.437033 0.0893176 0.254518 -0.50761 0.841558 -0.184695
0.457628 0.0109402 -0.105816 0.846929 0.526748 0.0724393
-0.373583 -0.0267229 -0.448602 -0.50761 0.841558 -0.184695
-0.484117 -0.0576205 -0.284342 -0.774042 -0.53958 -0.331228
0.417198 -0.054519 -0.0414448 0.50761 -0.841558 0.184695
0.258022 0.159325 -0.1002 -0.774042 -0.53958 -0.331228
0.0441394 0.133401 -0.460983 0.50761 -0.841558 0.184695
0.179623 0.163552 -0.276033 0.378405 0.0251729 -0.925298
0.434754 0.0381751 -0.0894155 0.774042 0.53958 0.331228
-0.325112 -0.118211 -0.0364254 -0.774043 -0.53958 -0.331228
-0.176395 0.243857 0.242345 -0.50761 0.841558 -0.184695
0.258854 0.164935 -0.243593 0.378405 0.025173 -0.925298
-0.0150476 0.340283 0.238264 -0.50761 0.841558 -0.184695
-0.360903 -0.0758484 -0.0358796 -0.539493 -0.806294 -0.242564
