ply
format ascii 1.0
comment Created by Open3D
element vertex 512
property double x
property double y
property double z
property double nx
property double ny
property double nz
end_header
-0.169007 -0.282899 0.348376 0.168311 -0.985341 0.0278246
-0.0586995 -0.0847928 0.36662 0.363566 -0.571464 -0.735696
0.159959 -0.00620826 -0.468651 0.168311 -0.985341 0.0278246
0.267559 -0.106328 -0.391761 0.92935 0.16803 0.328746
0.0552067 -0.258913 -0.158476 0.168311 -0.985341 0.0278246
0.00961018 -0.214924 0.168169 -0.113344 -0.717582 0.68719
-0.103912 0.154256 0.0745762 -0.328603 -0.0294727 0.944008
-0.0820489 -0.0270577 0.256918 0.168311 -0.985341 0.0278245
-0.121593 0.162308 -0.0373252 -0.92935 -0.16803 -0.328746
-0.0412009 -0.263041 0.278499 0.168311 -0.985341 0.0278246
0.0735063 -0.0136312 -0.208565 0.168311 -0.985341 0.0278246
-0.013162 0.0588133 0.00598429 -0.16831 0.985341 -0.0278243
-0.086874 0.22482 -0.0116324 0.976035 0.170538 0.135175
0.0541384 0.270199 -0.103296 -0.168312 0.985341 -0.0278257
0.0269791 -0.0794137 0.0920796 0.92935 0.168031 0.328746
0.107842 0.207229 -0.167854 0.328603 0.0294727 -0.944008
-0.164932 0.224253 0.0555208 -0.328603 -0.0294727 0.944008
0.0540592 0.227611 0.0411095 0.92935 0.16803 0.328746
0.299076 -0.218864 -0.432383 0.328603 0.0294727 -0.944008
0.152471 0.0386653 -0.271849 -0.168311 0.985341 -0.0278246
-0.15097 0.00221554 0.272882 -0.168311 0.985341 -0.0278245
-0.029499 -0.0170781 0.402391 0.92935 0.16803 0.328746
-0.0907187 0.198256 -0.142978 -0.92935 -0.16803 -0.328746
-0.0600689 -0.0264228 0.146443 -0.168311 0.985341 -0.0278245
0.248034 0.000747922 -0.391294 0.92935 0.16803 0.328747
-0.0327 0.253617 -0.165213 -0.168311 0.985341 -0.0278246
-0.0203374 -0.176275 -0.0173967 -0.192397 0.980383 0.0428001
-0.0571172 -0.0312113 -0.0409847 -0.168311 0.985341 -0.0278245
0.0358178 -0.260603 -0.101036 0.168311 -0.985341 0.0278246
0.190604 -0.209217 -0.121622 0.92935 0.16803 0.328746
-0.0394914 0.0185444 0.1768 -0.168311 0.985341 -0.0278245
0.0859213 -0.122708 -0.0524186 0.92935 0.16803 0.328746
-0.0979705 -0.274326 0.222289 0.168311 -0.985341 0.0278246
-0.124951 -0.0363924 0.185867 0.168311 -0.985341 0.0278246
-0.0199926 0.0871747 0.047707 0.16223 -0.000153189 -0.986753
-0.1628 -0.27505 0.302709 -0.92935 -0.16803 -0.328746
0.162279 -0.205891 -0.366095 -0.168311 0.985341 -0.0278245
0.186986 -0.198548 -0.29936 -0.92935 -0.16803 -0.328746
0.0505359 -0.0222659 -0.429584 -0.92935 -0.16803 -0.328746
-0.212874 -0.0397779 0.324015 -0.92935 -0.16803 -0.328746
0.115848 -0.250532 -0.228484 0.168311 -0.985341 0.0278246
0.0922092 0.208553 -0.0569975 0.92935 0.16803 0.328746
0.106348 0.24946 -0.117875 0.92935 0.16803 0.328746
0.186175 -0.241264 -0.3257 0.168311 -0.985341 0.0278246
-0.0254259 -0.152311 -0.160542 -0.92935 -0.16803 -0.328746
0.126937 -0.0400819 -0.0308781 0.168311 -0.985341 0.0278246
-0.13466 0.134417 0.0138721 -0.92935 -0.16803 -0.328746
0.16308 0.0154772 -0.158662 0.92935 0.16803 0.328746
0.257149 -0.0167632 -0.440668 0.328603 0.0294727 -0.944008
0.128246 0.137584 -0.122598 0.92935 0.16803 0.328746
0.017709 -0.258629 0.078412 0.168311 -0.985341 0.0278246
-0.037287 -0.228133 -0.0882571 -0.92935 -0.16803 -0.328746
0.0511601 -0.209981 0.272969 0.92935 0.16803 0.328746
0.0735933 -0.261116 -0.347696 0.168311 -0.985341 0.0278246
-0.0486599 -0.174944 0.507256 -0.328603 -0.0294728 0.944008
0.117617 -0.254182 -0.368439 0.168311 -0.985341 0.0278246
-0.118648 0.00636314 0.224249 -0.168311 0.985341 -0.0278245
-0.0349523 -0.00398662 -0.197256 -0.92935 -0.16803 -0.328746
-0.0471617 -0.237801 0.505815 -0.328603 -0.0294726 0.944008
0.0322775 0.268658 -0.0256189 -0.16831 0.985341 -0.0278244
-0.0297687 -0.2295 -0.0404614 0.168311 -0.985341 0.0278245
0.0250102 0.0163401 -0.291429 -0.168311 0.985341 -0.0278245
-0.155834 -0.0378551 0.320875 0.168311 -0.985341 0.0278245
-0.144691 -0.276684 0.421393 0.168311 -0.985341 0.0278246
-0.240334 -0.00998517 0.386414 -0.92935 -0.168029 -0.328746
0.0784522 -0.00942033 -0.0893662 0.168311 -0.985341 0.0278245
-0.10245 -0.271547 0.347787 0.168311 -0.985341 0.0278246
0.0571938 -0.250858 0.114746 0.168311 -0.985341 0.0278246
-0.0925912 -0.0330685 0.107831 -0.168311 0.985341 -0.0278245
0.115977 0.00849276 -0.0219325 0.92935 0.16803 0.328746
-0.052726 0.02251 0.447818 0.92935 0.16803 0.328746
-0.0639006 -0.265878 0.315357 0.168311 -0.985341 0.0278246
-0.0138135 -0.0574062 0.378661 0.92935 0.16803 0.328746
0.215839 -0.101077 -0.330146 -0.343728 0.0687864 0.936546
0.0356697 -0.216174 0.319924 0.92935 0.16803 0.328746
0.240677 -0.186128 -0.451689 0.328603 0.0294727 -0.944008
-0.093828 0.0156807 0.404072 -0.168311 0.985341 -0.0278245
-0.00351117 -0.0807431 0.178954 0.92935 0.16803 0.328746
0.0304955 -0.217307 0.0267925 0.168311 -0.985341 0.0278245
0.0310371 0.271291 0.0751286 -0.16831 0.985341 -0.0278244
-0.0117244 -0.0551578 0.274006 0.168311 -0.985341 0.0278245
0.103318 -0.00966567 -0.248467 0.168311 -0.985341 0.0278245
-0.00420306 0.133017 0.044237 -0.322528 -0.0817221 -0.943025
0.246651 -0.0683568 -0.352061 0.92935 0.16803 0.328746
0.00421069 -0.0249289 0.311108 0.92935 0.16803 0.328746
0.100769 0.0459319 0.00192357 0.92935 0.16803 0.328746
0.00157396 0.261783 0.114652 -0.328603 -0.0294727 0.944008
-0.0259178 -0.035888 0.21937 -0.92935 -0.16803 -0.328746
0.0300917 -0.172918 0.163586 -0.168311 0.985341 -0.0278245
-0.107352 -0.219201 0.105248 -0.92935 -0.16803 -0.328746
-0.0612026 -0.0676044 -0.102699 -0.92935 -0.168031 -0.328747
-0.171316 0.00389459 0.470144 -0.328603 -0.0294722 0.944008
-0.00628526 -0.190178 -0.195297 -0.92935 -0.16803 -0.328746
0.0553597 0.177995 -0.139265 -0.585439 -0.777973 -0.228076
0.0845739 -0.168853 -0.0220133 -0.168311 0.985341 -0.0278245
0.0583019 -0.0465588 0.154929 0.168311 -0.985341 0.0278246
-0.0653381 -0.222386 0.426132 -0.92935 -0.16803 -0.328746
0.0213541 -0.110054 0.123642 0.92935 0.16803 0.328746
0.0395977 -0.0206978 -0.253701 0.168311 -0.985341 0.0278246
0.0443291 -0.134743 0.0713121 0.92935 0.16803 0.328746
0.206035 -0.0904847 -0.408445 -0.92935 -0.16803 -0.328746
0.0277349 0.0997517 -0.0921608 -0.392426 0.913411 -0.108083
0.0245264 -0.215448 0.128743 0.168311 -0.985341 0.0278245
-0.000343065 0.024416 0.147919 -0.168311 0.985341 -0.0278245
-0.0273863 -0.226428 0.053919 0.168311 -0.985341 0.0278245
0.0327994 -0.0172474 -0.382009 -0.92935 -0.16803 -0.328746
-0.0977034 -0.276817 0.132442 0.168311 -0.985341 0.0278246
0.0149072 -0.000549274 0.268409 0.92935 0.16803 0.328746
0.103862 -0.0135191 -0.38822 0.168311 -0.985341 0.0278246
-0.00191826 0.12839 0.109272 -0.328603 -0.0294727 0.944008
-0.00091823 -0.021997 -0.0546288 0.168311 -0.985341 0.0278246
0.157835 -0.0409876 -0.249855 0.168311 -0.985341 0.0278246
0.027037 -0.250988 0.292551 0.168311 -0.985341 0.0278246
0.210393 0.00436096 -0.28673 0.92935 0.16803 0.328746
-0.0391161 0.255562 -0.0575162 -0.168303 0.985343 -0.027826
-0.255404 -0.0304807 0.439491 -0.92935 -0.168029 -0.328746
0.0937059 -0.245675 0.0774292 0.168311 -0.985341 0.0278246
-0.0568723 0.211611 -0.0501742 0.419365 0.0971221 0.902608
-0.109721 -0.0267339 0.435774 0.168311 -0.985341 0.0278245
0.0402058 -0.0936164 -0.179604 0.328603 0.0294728 -0.944008
0.0703807 -0.211209 0.00149121 -0.168311 0.985341 -0.0278245
0.0209652 -0.21743 0.0801027 -0.168311 0.985341 -0.0278245
-0.0075065 0.201993 -0.208169 0.328603 0.029473 -0.944008
-0.0640853 -0.109168 -0.0714515 -0.192631 -0.538938 0.820024
0.0122108 -0.0549809 0.135485 0.168311 -0.985341 0.0278245
-0.0810572 -0.226504 0.375877 -0.168311 0.985341 -0.0278246
-0.018081 -0.0221695 0.0430797 0.168311 -0.985341 0.0278245
-0.0561481 0.140042 0.0335369 0.681753 0.095973 -0.72526
-0.0520569 -0.141611 0.168134 -0.328603 -0.0294727 0.944008
0.179098 -0.204543 -0.420072 -0.168311 0.985341 -0.0278245
-0.0223429 -0.223489 0.127499 0.168311 -0.985341 0.0278245
0.116788 -0.200518 -0.0999073 0.92935 0.16803 0.328746
-0.120146 -0.201888 0.142551 -0.328603 -0.0294727 0.944008
0.131907 0.0366461 -0.218957 -0.168311 0.985341 -0.0278245
-0.120356 0.102482 0.0672357 -0.328603 -0.0294727 0.944008
-0.000493333 0.11914 -0.179483 0.778635 0.557254 0.288435
0.0461027 0.272355 0.0216598 -0.16831 0.985341 -0.0278244
-0.0211244 -0.136624 0.0397369 0.27691 0.271701 -0.921683
-0.00868853 -0.145996 0.409453 0.92935 0.16803 0.328747
-0.0216998 -0.027086 -0.109137 0.168311 -0.985341 0.0278246
0.133172 -0.202084 -0.145422 -0.92935 -0.16803 -0.328746
-0.0545079 -0.024785 0.294517 -0.92935 -0.16803 -0.328746
0.0770798 -0.252957 -0.0798642 0.168311 -0.985341 0.0278246
-0.130696 -0.233256 0.437051 -0.168311 0.985341 -0.0278246
-0.08099 -0.137856 0.49716 -0.328603 -0.0294726 0.944008
0.108559 -0.0141871 -0.440289 0.168311 -0.985341 0.0278246
0.248219 -0.229223 -0.27462 0.168311 -0.985341 0.0278246
0.248178 0.0480548 -0.441767 0.328603 0.0294731 -0.944008
0.0212691 0.182792 -0.00789038 -0.984015 -0.166284 0.0637535
0.098801 0.0986013 -0.0194336 0.92935 0.16803 0.328746
0.127812 0.0292499 -0.456108 -0.168311 0.985341 -0.0278246
0.0782323 -0.221744 0.202449 0.92935 0.16803 0.328746
0.22847 -0.210337 -0.228096 0.92935 0.16803 0.328746
-0.0720244 0.0155946 0.269132 -0.168311 0.985341 -0.0278245
-0.0498273 -0.188663 0.365048 -0.929352 -0.168024 -0.328745
-0.0664398 0.0151725 0.220403 -0.168311 0.985341 -0.0278245
0.0262208 0.0806123 -0.200218 0.3286 0.0294753 -0.944009
0.0828362 -0.210565 -0.0510659 -0.168311 0.985341 -0.0278245
-0.203236 -0.0439199 0.392843 0.168311 -0.985341 0.0278245
-0.0842946 -0.266658 0.411112 0.168311 -0.985341 0.0278246
0.16985 -0.00702974 -0.348808 -0.92935 -0.16803 -0.328746
-0.106103 0.175782 -0.0880015 -0.92935 -0.16803 -0.328746
0.000260145 0.185277 -0.0889084 0.156655 -0.987364 0.0239015
0.0432549 0.216679 -0.190041 0.328603 0.0294728 -0.944008
0.0307489 -0.0399377 0.243757 0.92935 0.16803 0.328746
-0.144215 0.00714479 0.406579 -0.168311 0.985341 -0.0278245
0.0172387 -0.0561075 -0.186427 0.328603 0.0294728 -0.944008
0.168033 0.0396578 -0.330837 -0.168311 0.985341 -0.0278246
-0.0460274 -0.230724 0.0145729 -0.168311 0.985341 -0.0278246
0.0024489 -0.131936 0.18741 -0.328603 -0.0294727 0.944008
0.0683492 -0.0473787 0.0651199 0.168311 -0.985341 0.0278246
-0.20331 -0.286288 0.435857 0.168311 -0.985341 0.0278246
0.00620107 0.224386 0.0216401 -0.819527 -0.155561 -0.551522
0.0066355 -0.210366 0.216523 -0.92935 -0.16803 -0.328746
-0.178742 -0.244154 0.341751 -0.168311 0.985341 -0.0278246
-0.0757774 -0.22796 0.292382 -0.168311 0.985341 -0.0278246
-0.0568922 0.120703 0.0898959 -0.328603 -0.0294727 0.944008
-0.0407474 -0.156949 -0.114858 -0.92935 -0.16803 -0.328746
0.204599 -0.0118286 -0.444589 -0.92935 -0.16803 -0.328746
0.206466 -0.197966 -0.172215 0.92935 0.16803 0.328746
-0.0424251 -0.0984728 0.480535 0.92935 0.16803 0.328746
-0.127962 -0.0828865 0.093839 -0.92935 -0.16803 -0.328746
0.105607 -0.218679 -0.476129 -0.168311 0.985341 -0.0278246
-0.155857 -0.0356655 0.398559 0.168311 -0.985341 0.0278245
0.00647509 0.262875 -0.0743289 -0.168305 0.985342 -0.0278169
0.116585 0.0380063 -0.170094 0.328603 0.0294726 -0.944008
0.219065 -0.16639 -0.223972 0.92935 0.16803 0.328746
0.0959558 -0.00810205 -0.148562 0.168311 -0.985341 0.0278245
0.0201907 0.0712386 0.115184 -0.328603 -0.0294727 0.944008
0.260713 -0.14045 -0.354965 0.92935 0.168026 0.32875
0.0615018 0.134786 -0.107174 -0.934587 0.154539 -0.320413
-0.0282536 0.157749 -0.111761 0.888996 -0.347155 0.298615
0.13669 -0.00503005 -0.286174 0.168311 -0.985341 0.0278245
-0.122535 -0.0339123 0.259079 0.168311 -0.985341 0.0278245
-0.0388663 0.16855 0.0976644 -0.328603 -0.0294727 0.944008
-0.10458 -0.268822 0.457152 0.168311 -0.985341 0.0278246
-0.0944745 -0.11089 0.154328 -0.328603 -0.0294727 0.944008
0.171903 -0.201668 -0.0726148 0.92935 0.16803 0.328746
-0.140032 0.185575 0.00290986 -0.92935 -0.16803 -0.328746
-0.101423 -0.0373804 0.00855912 -0.168311 0.985341 -0.0278245
0.0388136 -0.176787 -0.182685 0.328603 0.0294728 -0.944008
-0.180416 -0.00115189 0.331754 -0.168311 0.985341 -0.0278245
0.237962 -0.159938 -0.28069 0.92935 0.16803 0.328746
0.016583 -0.260226 0.0286708 0.168311 -0.985341 0.0278246
-0.109833 -0.27432 0.294248 0.168311 -0.985341 0.0278246
-0.0159659 0.0570228 -0.040461 -0.168309 0.985341 -0.0278248
0.171516 -0.160813 -0.263191 -0.168311 0.985341 -0.0278245
-0.0235463 -0.207149 0.482712 0.92935 0.16803 0.328746
0.00157365 0.101084 -0.12738 0.384429 0.908779 0.162284
0.148726 -0.246132 -0.271558 0.168311 -0.985341 0.0278246
0.0306342 -0.0180829 -0.106879 -0.168311 0.985341 -0.0278245
-0.0689227 -0.270609 0.178209 0.168311 -0.985341 0.0278246
-0.0428879 0.16057 -0.0637723 0.841869 -0.462201 0.278618
-0.0448501 -0.0251599 0.0991098 0.168311 -0.985341 0.0278245
-0.195265 -0.00576856 0.258086 -0.168311 0.985341 -0.0278245
0.016883 -0.222105 -0.0607685 -0.168311 0.985341 -0.0278246
-0.051455 -0.0660437 0.170703 -0.328603 -0.0294727 0.944008
0.0130858 -0.250425 0.396905 0.168311 -0.985341 0.0278246
-0.0086799 0.0114867 -0.259509 -0.168311 0.985341 -0.0278245
0.0110923 -0.0266263 -0.31585 -0.92935 -0.16803 -0.328746
0.104121 0.167896 -0.0698905 0.92935 0.16803 0.328746
0.188567 -0.0337214 -0.205565 0.92935 0.16803 0.328746
0.0237866 0.0181943 -0.218367 -0.168311 0.985341 -0.0278245
-0.0231906 0.260025 0.0396515 -0.368558 -0.0890849 -0.925326
-0.0625051 0.0943779 -0.169642 -0.92935 -0.16803 -0.328746
-0.148224 0.140634 0.0587264 -0.328603 -0.0294727 0.944008
-0.00698263 -0.0202885 0.157868 -0.92935 -0.16803 -0.328746
-0.0724573 0.0635275 -0.125739 -0.92935 -0.16803 -0.328746
0.0618648 -0.017921 -0.290061 0.168311 -0.985341 0.0278246
0.132735 0.172654 -0.153215 0.92935 0.16803 0.328746
0.101867 -0.25036 -0.137823 0.168311 -0.985341 0.0278246
-0.0954431 0.0667174 0.0747912 -0.328603 -0.0294727 0.944008
-0.0657057 -0.228873 0.199125 -0.168311 0.985341 -0.0278246
0.0553665 0.142272 0.0810326 0.92935 0.16803 0.328746
-0.0635474 -0.184073 -0.0330055 -0.192397 0.980383 0.0428001
-0.0285887 -0.0624905 -0.19751 -0.92935 -0.16803 -0.328746
-0.117841 0.0133291 0.489053 -0.328603 -0.0294722 0.944008
0.080331 -0.220438 -0.38553 -0.168311 0.985341 -0.0278246
-0.0777096 -0.112088 0.40473 -0.92935 -0.16803 -0.328746
-0.135334 -0.0300505 0.473259 0.168311 -0.985341 0.0278245
0.105804 0.0191553 -0.492229 0.328603 0.0294731 -0.944008
-0.124333 0.00217145 0.110193 -0.168311 0.985341 -0.0278245
0.191709 0.0204506 -0.242136 0.92935 0.16803 0.328746
0.170077 0.0382107 -0.39444 -0.168311 0.985341 -0.0278246
0.265076 -0.0590406 -0.40891 0.92935 0.16803 0.328746
0.0998967 0.138957 -0.172751 0.328603 0.0294727 -0.944008
0.120475 -0.252161 -0.314167 0.168311 -0.985341 0.0278246
-0.0519855 -0.222739 0.333364 -0.168311 0.985341 -0.0278245
0.1207 0.255618 -0.161867 0.328603 0.0294727 -0.944008
0.260205 -0.0930455 -0.441986 0.328603 0.0294727 -0.944008
0.0236834 0.263785 -0.146204 -0.168311 0.985341 -0.0278246
0.0775853 -0.218355 -0.295175 -0.168311 0.985341 -0.0278245
0.0319243 0.11864 0.00409105 -0.976035 -0.170538 -0.135178
0.0729333 -0.124326 -0.16917 0.328603 0.0294728 -0.944008
-0.104694 0.00740831 0.176848 -0.168311 0.985341 -0.0278245
0.0547491 -0.0121466 -0.0425308 0.168311 -0.985341 0.0278245
0.197979 -0.129595 -0.365681 -0.92935 -0.168026 -0.328749
-0.158945 -0.0131853 0.157967 -0.92935 -0.16803 -0.328746
0.125563 -0.150744 -0.150153 0.92935 0.16803 0.328746
-0.115535 0.00208021 0.0274454 -0.92935 -0.16803 -0.328746
-0.0570948 0.159274 -0.218107 -0.92935 -0.16803 -0.328746
-0.0192464 0.0199304 0.103419 -0.168311 0.985341 -0.0278245
0.162538 -0.0368708 -0.312884 -0.92935 -0.168031 -0.328747
0.0743991 0.271926 -0.16468 -0.168311 0.985341 -0.0278246
0.17609 0.0197129 -0.197604 0.92935 0.16803 0.328746
0.196778 -0.241449 -0.396388 0.168311 -0.985341 0.0278246
0.0936007 0.14772 -0.0298382 0.92935 0.16803 0.328746
0.13496 -0.252794 -0.424213 0.168311 -0.985341 0.0278246
0.140001 -0.253646 -0.484864 0.168311 -0.985341 0.0278246
-0.0702222 0.0140982 0.501579 0.92935 0.16803 0.328746
-0.0880023 0.101013 -0.100954 -0.92935 -0.16803 -0.328746
0.00429236 0.238773 -0.0321234 -0.836352 -0.127809 0.533086
0.144544 -0.241645 -0.0873745 0.168311 -0.985341 0.0278246
0.134936 0.0938088 -0.119137 0.92935 0.16803 0.328746
0.157148 -0.208872 -0.0272217 0.92935 0.16803 0.328746
0.190604 -0.0258164 -0.397876 -0.929349 -0.168032 -0.328747
0.211682 -0.188162 -0.374483 -0.92935 -0.16803 -0.328746
-0.0618548 0.221721 0.0913223 -0.328603 -0.0294727 0.944008
0.0102838 -0.0920309 0.0457248 0.368157 -0.488643 -0.791005
0.0780534 0.148187 0.0138745 0.92935 0.16803 0.328746
0.079223 -0.0243277 0.0987444 0.92935 0.16803 0.328746
-0.00305635 -0.0251597 -0.153693 -0.168311 0.985341 -0.0278245
0.253223 -0.232077 -0.405947 0.168311 -0.985341 0.0278246
0.0374123 -0.169611 0.236439 -0.168311 0.985341 -0.0278245
0.0706849 0.111534 0.0534394 0.92935 0.16803 0.328746
-0.0229179 -0.262762 0.1778 0.168311 -0.985341 0.0278246
-0.107247 -0.0950123 0.0414755 -0.92935 -0.16803 -0.328746
-0.0379561 -0.266994 0.118879 0.168311 -0.985341 0.0278246
0.141731 -0.232625 0.0285025 0.92935 0.16803 0.328746
-0.133638 0.0427408 0.0578398 -0.92935 -0.16803 -0.328746
0.0266527 0.0151362 -0.344 -0.168311 0.985341 -0.0278245
0.232967 -0.232638 -0.455825 0.328603 0.0294723 -0.944008
-0.0332844 -0.257397 0.430501 0.168311 -0.985341 0.0278246
0.0392611 -0.224436 -0.27867 -0.168311 0.985341 -0.0278246
0.22062 -0.0666103 -0.45494 0.328603 0.0294727 -0.944008
-0.17983 -0.0434876 0.266569 0.168311 -0.985341 0.0278246
0.0402362 -0.251734 0.186291 0.168311 -0.985341 0.0278246
-0.135946 0.235984 -0.0344051 -0.92935 -0.16803 -0.328746
0.194273 -0.238267 -0.268549 0.168311 -0.985341 0.0278246
-0.111714 -0.237991 0.483339 -0.328603 -0.0294729 0.944008
0.138046 -0.205531 -0.206766 -0.168311 0.985341 -0.0278245
-0.104367 -0.136946 0.0547657 -0.92935 -0.16803 -0.328746
-0.0227868 -0.218739 0.298401 -0.168311 0.985341 -0.0278245
-0.126563 0.0785773 0.0195214 -0.92935 -0.16803 -0.328746
-0.0368098 0.26002 0.0863969 -0.16831 0.985341 -0.0278246
-0.0595928 0.0229866 -0.141385 -0.92935 -0.16803 -0.328746
0.0940254 0.00296876 0.0429468 0.92935 0.16803 0.328746
0.195562 0.0367303 -0.460436 0.328603 0.0294731 -0.944008
-0.0584207 -0.260576 0.469972 0.168311 -0.985341 0.0278246
-0.0140405 -0.252727 0.479136 0.92935 0.16803 0.328746
0.256812 -0.185136 -0.3211 0.92935 0.16803 0.328746
0.0691885 -0.0182326 -0.345398 0.168311 -0.985341 0.0278246
0.23595 -0.134748 -0.451731 0.328603 0.0294727 -0.944008
-0.0883922 0.0208862 0.0758147 -0.328603 -0.0294727 0.944008
-0.0536709 -0.272398 0.0225775 0.168311 -0.985341 0.0278246
0.0252938 0.030585 0.211305 -0.168311 0.985341 -0.0278245
-0.065994 -0.222809 0.147466 -0.113344 -0.717582 0.68719
-0.0222691 0.10394 -0.0816399 0.547741 0.808287 0.215991
0.0131101 -0.165429 0.0206509 -0.0182678 0.910268 -0.413617
-0.0491681 -0.15311 -0.0701357 -0.369088 0.400971 0.838449
0.100757 -0.17153 -0.0694031 0.92935 0.168029 0.328747
0.0858213 -0.164194 -0.165929 0.328603 0.0294728 -0.944008
-0.00725136 -0.0778311 -0.027364 0.0182667 -0.910267 0.413619
0.198423 -0.153872 -0.180174 -0.168311 0.985341 -0.0278245
0.13256 -0.176411 0.0256969 0.92935 0.16803 0.328746
-0.0504525 -0.0807893 -0.0106347 0.222814 -0.965254 -0.136522
0.227395 -0.235044 -0.35476 0.168311 -0.985341 0.0278246
0.0288527 0.215841 0.118383 0.92935 0.16803 0.328746
0.0831494 -0.0201044 -0.496131 0.168311 -0.985341 0.0278246
-0.14862 -0.237644 0.390087 -0.168311 0.985341 -0.0278246
0.145299 0.0488148 -0.125433 0.92935 0.16803 0.328746
-0.0129475 -0.264668 -0.126222 -0.92935 -0.16803 -0.328746
-0.0268605 0.117597 -0.217541 0.328603 0.0294727 -0.944008
-0.0260537 -0.18578 0.175807 -0.328603 -0.0294727 0.944008
0.114029 -0.0929668 -0.147079 0.92935 0.16803 0.328746
0.0124064 -0.130871 -0.190444 0.328603 0.0294728 -0.944008
0.149505 -0.210689 -0.458732 -0.168311 0.985341 -0.0278245
0.039387 0.0675942 -0.000931437 -0.168311 0.985341 -0.027825
-0.101371 0.00850652 -0.0158781 -0.92935 -0.16803 -0.328746
0.0447967 0.140264 -0.0574118 -0.944484 0.0056242 -0.328509
-0.118182 -0.0555259 0.052206 -0.92935 -0.16803 -0.328746
0.186835 -0.0610223 -0.369224 -0.92935 -0.168029 -0.328746
0.145149 0.00466176 -0.102442 0.92935 0.16803 0.328746
0.0567403 0.0128957 -0.465096 -0.92935 -0.16803 -0.328746
-0.0433775 0.253353 -0.109987 -0.168301 0.985343 -0.0278267
-0.093864 -0.191235 0.490851 -0.92935 -0.16803 -0.328746
-0.0239169 -0.109827 0.434017 0.92935 0.16803 0.328746
0.0880331 0.0269258 -0.297788 -0.168311 0.985341 -0.0278245
0.0552541 -0.261341 -0.244762 0.168311 -0.985341 0.0278246
0.0563324 0.108462 -0.139016 -0.628216 0.753164 -0.195163
0.0766544 -0.256515 -0.203309 0.168311 -0.985341 0.0278246
-0.0855579 0.0248332 -0.0689269 -0.92935 -0.16803 -0.328746
-0.178609 -0.00440387 0.209069 -0.92935 -0.168029 -0.328746
0.0767999 -0.047606 0.00595144 0.168311 -0.985341 0.0278245
0.0465271 0.104808 0.12517 0.92935 0.16803 0.328746
-0.0774112 0.185822 -0.0221021 0.92935 0.16803 0.328746
0.197502 0.0462864 -0.274352 -0.168311 0.985341 -0.0278246
0.086704 0.0847548 0.0218416 0.92935 0.16803 0.328746
-0.0710612 -0.0309993 0.0508715 0.168311 -0.985341 0.0278246
-0.115632 -0.238133 0.173211 -0.168311 0.985341 -0.0278246
-0.124735 -0.0311666 0.369618 0.168311 -0.985341 0.0278245
0.013819 -0.257452 0.143604 0.168311 -0.985341 0.0278246
-0.0475015 0.202571 0.0427041 0.305331 0.0252745 -0.951911
0.128555 0.0443516 -0.0758197 0.92935 0.16803 0.328746
-0.101362 -0.158251 0.150452 -0.328603 -0.0294727 0.944008
0.226965 -0.00250435 -0.33007 0.92935 0.16803 0.328746
-0.0352326 -0.267756 0.0754433 0.168311 -0.985341 0.0278246
0.00800974 0.259581 -0.200259 -0.168311 0.985341 -0.0278246
-0.0222429 0.0243923 0.279552 -0.168311 0.985341 -0.0278245
0.185199 -0.245506 -0.47001 0.168311 -0.985341 0.0278246
0.00313497 -0.185905 0.396428 0.92935 0.168031 0.328747
-0.0399015 0.247276 -0.218032 0.328603 0.0294728 -0.944008
0.137874 -0.159502 -0.0132976 -0.168311 0.985341 -0.0278245
0.00789358 -0.266404 -0.184252 -0.92935 -0.16803 -0.328746
0.0835137 -0.062348 -0.0764637 0.92935 0.168029 0.328746
0.150633 -0.0395298 -0.154662 0.168311 -0.985341 0.0278246
0.121857 -0.0088625 -0.332167 0.168311 -0.985341 0.0278246
-0.070231 -0.0268413 0.193093 0.168311 -0.985341 0.0278245
-0.0920439 -0.0661399 0.495552 -0.328603 -0.0294728 0.944008
0.0103564 -0.224456 -0.104555 0.168311 -0.985341 0.0278245
0.0333259 -0.221749 -0.147627 0.168311 -0.985341 0.0278245
0.00601543 0.181777 -0.150508 0.476014 -0.86845 0.138583
-0.0810293 -0.185793 0.0137591 -0.929351 -0.168027 -0.328745
0.0605213 -0.202606 0.0602239 0.92935 0.16803 0.328746
0.0885441 -0.247973 -0.421667 -0.92935 -0.16803 -0.328746
-0.0457135 0.0790285 0.092486 -0.328603 -0.0294727 0.944008
-0.181976 -0.243605 0.458706 -0.328603 -0.0294724 0.944008
0.285776 -0.137678 -0.427234 0.92935 0.16803 0.328746
-0.139477 -0.0696249 0.139952 -0.328603 -0.0294727 0.944008
-0.0821669 0.00976901 0.124184 -0.168311 0.985341 -0.0278245
0.159599 -0.241441 -0.171218 0.168311 -0.985341 0.0278246
-0.0787688 -0.0708883 -0.0513613 -0.92935 -0.16803 -0.328746
-0.0449888 -0.0276334 0.0123563 -0.168311 0.985341 -0.0278245
-0.095254 -0.0781007 0.436956 -0.92935 -0.16803 -0.328746
0.0431287 -0.142303 -0.0343148 -0.368157 0.488643 0.791005
0.0471752 -0.0393205 0.197005 0.92935 0.16803 0.328746
0.0358289 -0.0139744 0.00718856 -0.168311 0.985341 -0.0278245
-0.0729002 -0.0250944 0.34667 -0.92935 -0.16803 -0.328746
-0.13343 -0.239879 0.219053 -0.168311 0.985341 -0.0278246
-0.0805065 -0.181226 0.447975 -0.92935 -0.16803 -0.328746
0.188243 -0.150302 -0.327573 -0.92935 -0.168032 -0.328745
-0.151899 0.233082 0.0121753 -0.92935 -0.16803 -0.328746
-0.105864 0.118847 -0.0595748 -0.92935 -0.16803 -0.328746
0.0669899 -0.047796 -0.16885 0.328603 0.0294728 -0.944008
0.0278994 -0.224585 -0.215221 -0.168311 0.985341 -0.0278246
-0.069254 -0.00793954 -0.0982664 -0.92935 -0.16803 -0.328746
0.0505912 -0.00556307 0.170094 0.92935 0.16803 0.328746
0.0515801 -0.253612 0.051192 0.168311 -0.985341 0.0278246
0.119915 0.0304034 -0.367489 -0.168311 0.985341 -0.0278246
0.0535792 0.0330817 0.128619 -0.168311 0.985341 -0.0278245
-0.200674 -0.247371 0.395632 -0.92935 -0.16803 -0.328746
0.0231651 -0.228354 0.3615 0.92935 0.16803 0.328746
-0.0482217 -0.0288258 -0.147048 -0.92935 -0.16803 -0.328746
-0.0218987 -0.16293 0.455453 0.92935 0.16803 0.328746
-0.0547552 0.0771604 -0.0274291 0.845813 0.158858 0.509279
0.117055 0.109479 -0.0765954 0.92935 0.16803 0.328746
0.129983 -0.0410398 -0.0832259 0.168311 -0.985341 0.0278246
-0.0109811 -0.266231 -0.017253 0.168311 -0.985341 0.0278246
-0.0303671 -0.178862 0.318816 -0.168311 0.985341 -0.0278245
0.00445521 -0.0259637 -0.227605 0.168311 -0.985341 0.0278246
0.084864 -0.164886 0.116697 -0.168311 0.985341 -0.0278245
0.0975549 0.0251536 -0.418143 -0.168311 0.985341 -0.0278246
-0.105293 0.0653965 -0.0338691 -0.92935 -0.16803 -0.328746
0.0838167 -0.215962 -0.248119 -0.168311 0.985341 -0.0278245
-0.0921706 0.245043 -0.10909 -0.168311 0.985341 -0.0278246
0.113851 0.200625 -0.114125 0.92935 0.16803 0.328746
0.0747428 0.0225486 -0.372404 -0.168311 0.985341 -0.0278245
0.119575 -0.0249934 -0.197501 -0.92935 -0.16803 -0.328746
0.0607174 0.184221 0.0444647 0.92935 0.16803 0.328746
0.223144 0.048016 -0.368214 -0.168311 0.985341 -0.0278246
0.101037 -0.208045 0.13098 0.92935 0.16803 0.328746
-0.00505352 -0.210836 0.432319 0.92935 0.168031 0.328747
0.112605 0.0645315 -0.0410427 0.92935 0.16803 0.328746
0.244026 -0.130681 -0.312787 0.92935 0.168029 0.328747
-0.0648587 -0.123807 0.0257947 0.350018 -0.117714 -0.929318
0.0047544 -0.0165784 0.102944 0.168311 -0.985341 0.0278245
0.0614317 -0.0865671 -0.0271128 -0.192631 -0.538938 0.820024
-0.150103 0.182818 0.0593892 -0.328603 -0.0294727 0.944008
0.286434 -0.186263 -0.404264 0.92935 0.16803 0.328746
-0.0818168 -0.235728 0.0538257 0.168311 -0.985341 0.0278245
-0.0746566 0.158198 -0.16791 -0.92935 -0.16803 -0.328746
0.0450314 0.193282 0.0841771 0.92935 0.16803 0.328746
-0.127156 -0.235725 0.328196 -0.168311 0.985341 -0.0278246
-0.0689807 -0.161347 0.405231 -0.92935 -0.168031 -0.328747
0.156339 -0.157842 -0.0661987 -0.168311 0.985341 -0.0278245
-0.0279811 -0.262178 0.229117 0.168311 -0.985341 0.0278246
0.0751269 0.203749 -0.00625162 0.92935 0.16803 0.328746
-0.0533795 -0.0359896 0.479566 0.92935 0.16803 0.328746
-0.0380731 -0.0988858 -0.152096 -0.92935 -0.16803 -0.328746
-0.203393 -0.00224485 0.432039 -0.168311 0.985341 -0.0278245
-0.0465086 -0.0600132 0.328493 0.207864 -0.974029 -0.0897739
-0.126883 -0.125213 0.112422 -0.92935 -0.16803 -0.328746
0.0358454 -0.2508 0.245946 0.168311 -0.985341 0.0278246
0.0784108 0.253632 -0.0410311 0.92935 0.16803 0.328746
0.00603552 0.171805 0.0335485 -0.659019 -0.133472 -0.740188
0.0265775 -0.0228046 0.0642808 0.92935 0.16803 0.328746
0.0883353 -0.213158 -0.17613 -0.168311 0.985341 -0.0278245
-0.186707 -0.000843078 0.380747 -0.168311 0.985341 -0.0278245
0.0101444 -0.222007 -0.0165389 0.168311 -0.985341 0.0278245
-0.20281 -0.0396991 0.45782 -0.328602 -0.0294734 0.944008
-0.0755185 0.0163194 0.315933 -0.168311 0.985341 -0.0278245
-0.120346 0.2184 -0.0695177 -0.92935 -0.16803 -0.328746
0.0602609 -0.261972 -0.297385 0.168311 -0.985341 0.0278246
0.0869201 -0.166288 0.0546367 -0.168311 0.985341 -0.0278245
0.279576 -0.217443 -0.368939 0.92935 0.16803 0.328746
-0.00778472 -0.213941 0.259115 -0.92935 -0.16803 -0.328746
0.00832066 -0.113722 -0.0529213 -0.299847 -0.176001 0.937612
-0.06831 0.130039 -0.019319 0.929351 0.16803 0.328745
0.077095 0.0267339 -0.23842 -0.168311 0.985341 -0.0278245
-0.123851 0.00828993 0.323952 -0.168311 0.985341 -0.0278245
-0.0632056 -0.227103 0.246698 -0.168311 0.985341 -0.0278246
0.103514 -0.215277 -0.342985 -0.168311 0.985341 -0.0278245
-0.0888391 0.24414 -0.161241 -0.168311 0.985341 -0.0278246
0.166466 -0.00387047 -0.425226 0.168311 -0.985341 0.0278246
-0.141417 -0.239836 0.268902 -0.168311 0.985341 -0.0278246
-0.0950668 -0.0834578 0.00113693 -0.92935 -0.168028 -0.328747
0.171429 -0.240776 -0.219222 0.168311 -0.985341 0.0278246
-0.114285 -0.170732 0.100073 -0.92935 -0.16803 -0.328746
-0.108212 0.202786 0.0745946 -0.328603 -0.0294727 0.944008
0.0563473 0.0371122 -0.19109 0.328603 0.0294726 -0.944008
0.042653 0.175167 -0.0972203 -0.620657 -0.746654 -0.239357
0.21494 -0.136516 -0.410091 -0.92935 -0.16803 -0.328746
0.157759 -0.161608 -0.208147 -0.168311 0.985341 -0.0278245
-0.0476283 0.0228183 0.377368 -0.168311 0.985341 -0.0278245
-0.135192 -0.0404742 0.103266 -0.168311 0.985341 -0.0278245
0.178756 -0.155762 -0.128133 -0.168311 0.985341 -0.0278245
0.120373 -0.24412 -0.0287989 0.168311 -0.985341 0.0278246
0.100805 0.0927696 -0.173877 0.328602 0.0294715 -0.944009
0.12487 -0.209843 -0.279765 -0.168311 0.985341 -0.0278245
0.102243 -0.130127 -0.0947657 0.92935 0.16803 0.328746
0.0368114 0.164354 0.1222 0.92935 0.16803 0.328746
0.0524615 -0.255497 -0.0209059 0.168311 -0.985341 0.0278246
0.0234604 -0.170091 0.303816 -0.168311 0.985341 -0.0278245
-0.099104 -0.0286523 0.303616 0.168311 -0.985341 0.0278245
-0.0923987 0.249362 0.045215 -0.168309 0.985342 -0.0278137
0.0801486 -0.173692 0.172471 0.92935 0.16803 0.328746
-0.00769117 -0.255829 0.3312 0.168311 -0.985341 0.0278246
-0.0901801 -0.136144 0.452279 -0.92935 -0.16803 -0.328746
-0.0415882 -0.260317 0.377299 0.168311 -0.985341 0.0278246
-0.0806988 -0.275576 0.0735451 0.168311 -0.985341 0.0278246
0.0128727 -0.169579 0.349686 -0.108691 0.975489 -0.19133
0.040434 -0.176349 0.103589 -0.92935 -0.16803 -0.328746
-0.0126293 0.0186724 0.336428 0.92935 0.16803 0.328746
0.120304 -0.202217 0.0735329 0.92935 0.16803 0.328746
-0.0723199 0.2012 -0.196495 -0.92935 -0.16803 -0.328746
-0.0160459 -0.268539 -0.0683534 0.168311 -0.985341 0.0278246
0.075917 -0.213896 -0.127162 -0.168311 0.985341 -0.0278245
-0.0256249 -0.205842 -0.132619 -0.92935 -0.16803 -0.328746
-0.0829358 -0.0601519 0.392959 -0.92935 -0.168031 -0.328746
-0.0233275 0.0594457 -0.218127 0.328603 0.0294727 -0.944008
0.218548 -0.039338 -0.294606 -0.0185406 -0.868066 0.496102
0.122023 -0.213658 -0.397641 -0.168311 0.985341 -0.0278245
