ply
format ascii 1.0
comment Created by Open3D
element vertex 512
property double x
property double y
property double z
property double nx
property double ny
property double nz
end_header
0.0586125 0.0208628 -0.334528 -0.168311 0.985341 -0.0278245
0.0326308 -0.195308 0.31785 0.92935 0.16803 0.328746
-0.167942 -0.0365611 0.439946 0.168311 -0.985341 0.0278245
-0.0777572 -0.0344998 -0.032586 -0.168311 0.985341 -0.0278245
0.0867999 -0.25576 -0.237924 0.168311 -0.985341 0.0278246
-0.027616 -0.226451 0.0545194 -0.168311 0.985341 -0.0278246
-0.158603 -0.279853 0.393331 0.168311 -0.985341 0.0278246
0.216545 -0.162481 -0.401358 -0.92935 -0.16803 -0.328746
0.222204 -0.189025 -0.221276 0.92935 0.16803 0.328746
-0.0145267 -0.140901 -0.060057 -0.363614 0.262269 0.893868
-0.0426819 -0.136799 0.50085 0.92935 0.16803 0.328746
-0.0370526 0.0182669 0.152221 -0.168311 0.985341 -0.0278245
0.21191 -0.173054 -0.382851 -0.92935 -0.168032 -0.328745
0.0917197 -0.144921 -0.0574566 0.92935 0.16803 0.328746
-0.018872 0.25737 -0.115969 -0.168311 0.985341 -0.0278246
-0.0124467 -0.0261107 -0.130569 -0.168311 0.985341 -0.0278245
0.0652448 -0.216248 -0.14591 -0.168311 0.985341 -0.0278245
0.1584 -0.167614 -0.234359 -0.92935 -0.16803 -0.328746
-0.0610618 -0.264002 0.364602 0.168311 -0.985341 0.0278246
-0.103022 0.0336642 -0.0240715 -0.92935 -0.16803 -0.328746
-0.0655713 -0.0291812 0.0820472 0.168311 -0.985341 0.0278245
0.0037617 -0.257423 0.205465 0.168311 -0.985341 0.0278246
0.114767 0.0301842 -0.344114 -0.168311 0.985341 -0.0278246
-0.0808684 -0.0946543 0.000164305 0.328477 -0.782831 -0.528467
-0.0217075 -0.266036 0.0545309 0.168311 -0.985341 0.0278246
0.132819 0.126379 -0.129798 0.92935 0.16803 0.328746
-0.026055 -0.0429641 0.223374 -0.92935 -0.16803 -0.328746
-0.0280126 0.0231082 0.268981 -0.168311 0.985341 -0.0278245
0.158032 -0.0289352 -0.304202 -0.92935 -0.16803 -0.328746
0.0154639 -0.161002 -0.19032 0.328603 0.0294728 -0.944008
0.154128 -0.159504 -0.111681 -0.168311 0.985341 -0.0278245
-0.00826317 -0.255864 0.333441 0.168311 -0.985341 0.0278246
-0.0489247 -0.0850422 0.00483263 0.299687 -0.863381 -0.405907
-0.0303498 0.261245 0.0906864 -0.16831 0.985341 -0.0278246
0.0248481 0.0115124 0.234141 0.92935 0.16803 0.328746
0.117202 -0.153476 -0.125121 0.92935 0.16803 0.328746
-0.0619545 0.055777 -0.151469 -0.92935 -0.16803 -0.328746
0.156753 -0.0423489 -0.288869 0.160066 -0.98577 0.0513506
0.171059 0.0398736 -0.341494 -0.168311 0.985341 -0.0278246
0.053312 0.0203161 -0.321825 -0.168311 0.985341 -0.0278245
0.0928724 -0.0370495 -0.115851 0.92935 0.16803 0.328746
-0.137145 0.170044 0.00268733 -0.92935 -0.16803 -0.328746
-0.107945 0.0052575 0.120351 -0.168311 0.985341 -0.0278245
0.0292257 -0.216044 0.0791956 0.168311 -0.985341 0.0278245
0.0399275 -0.213792 0.0942301 0.168311 -0.985341 0.0278245
-0.0326368 -0.0922679 0.176435 -0.328603 -0.0294727 0.944008
-0.0185927 -0.129467 0.429004 0.92935 0.16803 0.328746
-0.0978576 0.243316 -0.135854 -0.168311 0.985341 -0.0278246
-0.129272 0.00104467 0.100171 -0.168311 0.985341 -0.0278245
-0.015267 -0.228591 -0.0959959 -0.168311 0.985341 -0.0278246
0.245114 -0.182562 -0.289345 0.92935 0.16803 0.328746
-0.0884345 0.12224 0.0789643 -0.328603 -0.0294727 0.944008
0.0287595 -0.0388124 0.0662941 0.92935 0.16803 0.328746
-0.0119463 -0.0213933 0.0334584 0.168311 -0.985341 0.0278245
-0.00442046 0.0328903 0.105419 -0.328603 -0.0294727 0.944008
-0.0105773 0.0602309 0.0405482 -0.168311 0.985341 -0.0278246
0.00209308 0.266721 0.0883802 -0.168305 0.985342 -0.0278273
0.0388159 -0.0522332 0.0718554 0.168311 -0.985341 0.0278245
0.0868628 -0.251717 -0.0951174 0.168311 -0.985341 0.0278246
-0.0205043 -0.019582 0.14937 0.168311 -0.985341 0.0278245
0.263293 -0.0786103 -0.44046 0.328603 0.0294727 -0.944008
-0.0581267 0.0235836 0.0864341 -0.328603 -0.0294727 0.944008
-0.0569417 0.0868736 0.0228338 0.861318 0.133281 -0.490273
-0.0580359 -0.260508 0.470034 0.168311 -0.985341 0.0278246
-0.101418 -0.237266 0.117948 -0.168311 0.985341 -0.0278246
0.0794102 -0.103461 -0.0438498 0.92935 0.16803 0.328746
-0.196829 -0.0441839 0.344736 0.168311 -0.985341 0.0278245
-0.0409281 0.252286 -0.162579 -0.168311 0.985341 -0.0278246
-0.0437396 -0.0290777 -0.0463496 0.168311 -0.985341 0.0278246
0.00937585 -0.136304 0.170921 0.92935 0.16803 0.328746
-0.00397336 -0.0964695 0.186281 -0.328603 -0.0294727 0.944008
0.0622635 0.0182349 -0.449674 -0.168311 0.985341 -0.0278245
-0.00929532 0.244863 -0.0459701 -0.607477 -0.0814535 0.79015
-0.00459618 0.0639128 0.106327 -0.328603 -0.0294727 0.944008
0.110425 0.0242783 -0.014305 0.92935 0.16803 0.328746
-0.0719659 0.0145259 0.230931 -0.168311 0.985341 -0.0278245
-0.0906293 -0.0293446 0.227835 0.168311 -0.985341 0.0278245
-0.0200008 -0.184247 -0.159555 -0.92935 -0.16803 -0.328746
0.0853735 0.034354 0.0513637 0.92935 0.16803 0.328746
-0.0864187 0.24639 -0.0962087 -0.168311 0.985341 -0.0278246
0.0486462 0.148769 0.0967102 0.92935 0.16803 0.328746
-0.10438 0.14853 0.0742344 -0.328603 -0.0294727 0.944008
-0.0505646 0.0742595 0.0293747 0.780251 0.115922 -0.614631
0.0588948 0.0229318 -0.26297 -0.168311 0.985341 -0.0278245
0.0677805 0.0228694 -0.318928 -0.168311 0.985341 -0.0278245
0.0224652 -0.252593 0.263401 0.168311 -0.985341 0.0278246
0.0949502 -0.146777 -0.0656407 0.92935 0.168031 0.328746
0.0351829 -0.253487 0.154811 0.168311 -0.985341 0.0278246
-0.0771598 -0.0629913 0.500831 -0.328603 -0.0294728 0.944008
-0.124588 0.0120168 0.460387 -0.168311 0.985341 -0.0278245
0.118009 0.144666 -0.166268 0.328603 0.0294727 -0.944008
0.0504059 -0.018614 -0.245286 0.168311 -0.985341 0.0278246
0.0122689 0.104292 -0.169411 0.468434 0.862822 0.190019
0.0142559 -0.216457 0.155127 -0.168311 0.985341 -0.0278245
0.0562018 0.0206705 -0.326758 -0.168311 0.985341 -0.0278245
0.0106578 0.211793 0.0180994 -0.869995 -0.16176 -0.465771
0.142339 -0.0421939 -0.198833 0.168311 -0.985341 0.0278246
0.138804 -0.170245 0.0048944 0.92935 0.16803 0.328746
-0.0588652 0.0546137 -0.159607 -0.92935 -0.16803 -0.328746
-0.0116961 -0.258001 0.278507 0.168311 -0.985341 0.0278246
-0.0297647 -0.149817 -0.149551 -0.92935 -0.16803 -0.328746
0.0715945 0.21782 -0.00345751 0.92935 0.16803 0.328746
-0.167327 -0.00883669 0.179439 -0.92935 -0.168029 -0.328746
0.0911063 0.122976 -0.0101392 0.92935 0.16803 0.328746
-0.115372 -0.027742 0.434257 0.168311 -0.985341 0.0278245
-0.00735029 -0.262151 0.105268 0.168311 -0.985341 0.0278246
0.142179 -0.207337 -0.295717 -0.168311 0.985341 -0.0278245
0.151004 -0.218023 -0.00517512 0.92935 0.16803 0.328746
0.0782044 -0.254375 -0.136893 0.168311 -0.985341 0.0278246
0.144679 -0.0300191 -0.0833884 0.92935 0.16803 0.328746
0.0622155 -0.191119 0.232075 0.92935 0.16803 0.328746
0.038447 0.22938 0.0843403 0.92935 0.16803 0.328746
-0.105907 -0.224363 0.103801 -0.92935 -0.16803 -0.328746
-0.0301933 -0.141896 0.0353352 0.264393 0.318599 -0.91027
0.0034965 0.0264791 0.197754 -0.168311 0.985341 -0.0278245
0.248435 -0.143731 -0.447665 0.328603 0.0294727 -0.944008
-0.000412013 -0.245597 -0.171407 -0.92935 -0.16803 -0.328746
0.0448923 -0.259147 -0.104382 0.168311 -0.985341 0.0278246
-0.0606739 0.0170253 -0.135282 -0.92935 -0.16803 -0.328746
0.104178 -0.24956 -0.465052 -0.92935 -0.16803 -0.328746
-0.0217834 -0.261969 0.199007 0.168311 -0.985341 0.0278246
-0.0351447 0.233767 0.0440107 -0.0336443 -0.0339531 -0.998857
0.122192 -0.245752 -0.0975972 0.168311 -0.985341 0.0278246
-0.0775707 -0.0882355 0.392146 -0.92935 -0.16803 -0.328746
0.104475 0.0299823 -0.289003 -0.168311 0.985341 -0.0278245
-0.14459 -0.235403 0.445052 -0.168311 0.985341 -0.0278246
-0.0296951 -0.259152 0.346629 0.168311 -0.985341 0.0278246
0.0116713 -0.225187 -0.138393 0.168311 -0.985341 0.0278245
-0.0298842 -0.263447 0.195683 0.168311 -0.985341 0.0278246
-0.0722497 0.0143461 0.226282 -0.168311 0.985341 -0.0278245
0.00357601 0.0327421 0.108198 -0.328603 -0.0294727 0.944008
0.0167964 -0.0388159 0.282627 0.92935 0.16803 0.328746
0.000687823 0.262288 -0.060111 -0.168309 0.985341 -0.0278231
0.0722478 -0.171538 -0.170883 0.328603 0.0294728 -0.944008
0.0991899 -0.248548 -0.0574799 0.168311 -0.985341 0.0278246
3.53159e-05 -0.0261643 -0.207971 0.168311 -0.985341 0.0278246
0.150374 0.0339605 -0.425771 -0.168311 0.985341 -0.0278246
0.0197578 -0.214868 0.178132 -0.168311 0.985341 -0.0278245
-0.0784699 0.199313 0.0848392 -0.328603 -0.0294727 0.944008
0.099603 0.130242 -0.173125 0.328603 0.0294727 -0.944008
-0.0184098 -0.0775396 -0.025609 0.0548911 -0.943419 0.327028
0.110398 -0.0606841 -0.153315 0.92935 0.16803 0.328746
0.0101014 0.0220941 0.270421 0.92935 0.16803 0.328746
0.012344 0.0638213 0.0290454 -0.16831 0.985341 -0.027825
-0.0172231 -0.0266523 -0.120856 0.168311 -0.985341 0.0278246
0.0069965 -0.231296 -0.19966 -0.92935 -0.16803 -0.328746
0.0345081 -0.0167182 -0.0819865 0.168311 -0.985341 0.0278245
-0.046326 -0.0540458 0.468855 0.92935 0.16803 0.328746
0.205313 -0.239182 -0.367736 0.168311 -0.985341 0.0278246
-0.152374 -0.0384027 0.280553 0.168311 -0.985341 0.0278245
0.0745651 -0.0476216 0.0189159 0.168311 -0.985341 0.0278245
-0.129026 0.0665328 0.0326414 -0.92935 -0.16803 -0.328746
-0.0914159 -0.0278585 0.285221 0.168311 -0.985341 0.0278245
0.0692507 -0.215619 -0.14784 0.168311 -0.985341 0.0278245
0.00868984 0.250741 -0.0165628 -0.964351 -0.158747 0.211721
0.0795842 -0.215294 -0.198834 -0.168311 0.985341 -0.0278245
-0.103081 -0.0517236 0.00757253 -0.92935 -0.16803 -0.328746
-0.0467259 -0.271214 0.0224957 0.168311 -0.985341 0.0278246
0.210236 0.0449428 -0.398963 -0.168311 0.985341 -0.0278246
-0.107723 0.159576 -0.0751373 -0.92935 -0.16803 -0.328746
0.028028 -0.0194657 -0.140083 0.168311 -0.985341 0.0278246
0.0317106 -0.0676383 0.0726853 0.92935 0.16803 0.328746
0.0445454 0.171786 -0.0925549 -0.68938 -0.675748 -0.260999
0.0785043 -0.0188866 0.0979949 0.92935 0.16803 0.328746
0.158873 0.035297 -0.429852 -0.168311 0.985341 -0.0278246
0.0738525 -0.215682 -0.177927 -0.168311 0.985341 -0.0278245
0.0277106 -0.173599 0.138152 0.92935 0.16803 0.328746
0.169436 -0.197437 -0.0678027 0.92935 0.16803 0.328746
0.00216217 0.0866923 -0.208403 0.328601 0.0294734 -0.944009
0.205081 0.00414533 -0.45814 0.328603 0.0294731 -0.944008
-0.0722812 -0.00510034 -0.0911598 -0.92935 -0.16803 -0.328746
0.0162358 -0.194549 0.181299 -0.92935 -0.16803 -0.328746
0.0684695 -0.0191594 -0.373869 0.168311 -0.985341 0.0278246
0.129283 -0.0105532 -0.232326 -0.92935 -0.16803 -0.328746
-0.0747644 0.0174774 0.35238 -0.168311 0.985341 -0.0278245
-0.089269 -0.249173 0.081615 -0.92935 -0.16803 -0.328746
-0.107151 0.109254 -0.0510342 -0.92935 -0.16803 -0.328746
-0.076583 -0.0890979 0.389795 -0.92935 -0.16803 -0.328746
-0.139718 0.172814 0.00854513 -0.92935 -0.16803 -0.328746
0.190609 0.0402911 -0.444969 -0.168311 0.985341 -0.0278246
-0.0704884 0.00704479 -0.102436 -0.92935 -0.16803 -0.328746
0.00185676 -0.0209778 -0.0353228 -0.168311 0.985341 -0.0278245
0.24389 -0.0759808 -0.447132 0.328603 0.0294727 -0.944008
-0.0991197 -0.091556 0.153315 -0.328603 -0.0294727 0.944008
0.162464 -0.225431 -0.480142 0.328603 0.0294723 -0.944008
-0.0734174 -0.130216 0.0232136 0.336584 -0.0196804 -0.941448
0.120299 -0.191649 -0.149567 0.351371 -0.675901 -0.64784
0.284788 -0.164108 -0.410933 0.92935 0.16803 0.328746
0.0631959 0.0113357 -0.482548 -0.92935 -0.16803 -0.328746
-0.104304 -0.237858 0.11443 0.168311 -0.985341 0.0278245
-0.00328793 -0.253253 -0.159364 -0.92935 -0.16803 -0.328746
0.0406891 -0.181948 0.288241 0.92935 0.16803 0.328746
0.22466 -0.162565 -0.424254 -0.92935 -0.16803 -0.328746
-0.0637451 0.0656811 -0.151469 -0.92935 -0.16803 -0.328746
0.199871 -0.087023 -0.392789 -0.92935 -0.16803 -0.328746
-0.0679891 0.158887 0.0228511 0.836353 0.127808 -0.533084
0.122649 0.089458 -0.0821772 0.92935 0.16803 0.328746
-0.0147529 -0.133318 0.420117 0.92935 0.16803 0.328746
0.0106096 -0.142366 -0.0489595 -0.369088 0.400971 0.838449
-0.0744423 0.202933 -0.191381 -0.92935 -0.16803 -0.328746
0.0219069 -0.229073 -0.242948 -0.92935 -0.16803 -0.328746
0.056414 -0.0478638 0.120137 0.168311 -0.985341 0.0278246
0.166822 -0.210103 -0.0539401 0.92935 0.16803 0.328746
0.143007 -0.234255 -0.48719 0.328603 0.0294723 -0.944008
-0.0573183 -0.263772 0.350128 0.168311 -0.985341 0.0278246
0.0686013 0.270887 -0.166404 -0.168311 0.985341 -0.0278246
0.0821789 -0.213391 -0.147159 -0.168311 0.985341 -0.0278245
-0.152599 -0.000854951 0.174002 -0.168311 0.985341 -0.0278245
-0.0326127 0.234819 -0.0556385 -0.113558 0.00862296 0.993494
0.101157 -0.0452197 -0.0568758 0.168311 -0.985341 0.0278246
0.0406004 -0.0150627 -0.0602132 0.168311 -0.985341 0.0278245
0.0279099 0.225585 -0.195104 0.328603 0.0294728 -0.944008
-0.123536 0.219722 -0.0611778 -0.92935 -0.16803 -0.328746
0.113493 0.0538897 -0.038113 0.92935 0.16803 0.328746
-0.127995 -0.0696527 0.0871673 -0.92935 -0.16803 -0.328746
-0.0235285 -0.0207242 0.127216 0.168311 -0.985341 0.0278245
0.0684401 -0.047181 -0.168326 0.328603 0.0294728 -0.944008
-0.100631 -0.0907576 0.458624 -0.92935 -0.16803 -0.328746
0.14665 -0.239513 -0.0245938 0.168311 -0.985341 0.0278246
0.0766428 -0.0487541 -0.0337551 0.168311 -0.985341 0.0278245
-0.197344 -0.268525 0.397029 -0.92935 -0.16803 -0.328746
-0.209227 -0.00317285 0.434466 -0.168311 0.985341 -0.0278245
-0.0849278 0.123328 -0.121051 -0.92935 -0.16803 -0.328746
-0.0496972 -0.00983515 -0.152584 -0.92935 -0.16803 -0.328746
-0.0834664 -0.266316 0.418204 0.168311 -0.985341 0.0278246
0.00523736 -0.26628 -0.11708 0.168311 -0.985341 0.0278246
0.189123 0.0428974 -0.343684 -0.168311 0.985341 -0.0278246
-0.113215 -0.0866214 0.0540593 -0.92935 -0.16803 -0.328746
0.0880956 -0.257994 -0.324869 0.168311 -0.985341 0.0278246
0.0542583 0.271339 -0.0636543 -0.16831 0.985341 -0.0278244
0.136476 -0.159678 -0.0110391 -0.168311 0.985341 -0.0278245
0.0958482 -0.0118838 -0.281834 0.168311 -0.985341 0.0278246
-0.0437415 -0.0257715 0.0707429 -0.168311 0.985341 -0.0278245
0.0687613 -0.159715 0.00970506 -0.222815 0.965254 0.136525
0.109436 0.0755399 -0.17141 0.328602 0.0294715 -0.944009
-0.177372 -0.0412929 0.329421 0.168311 -0.985341 0.0278245
-0.0487724 -0.0686442 0.353772 0.319668 -0.811721 -0.488796
-0.0813662 0.0097256 0.117803 -0.168311 0.985341 -0.0278245
-0.111329 -0.036924 0.0846415 0.168311 -0.985341 0.0278246
-0.051338 -0.0253823 0.130479 -0.168311 0.985341 -0.0278245
-0.0540338 0.0603399 -0.176192 -0.92935 -0.16803 -0.328746
0.062943 -0.217636 -0.181118 -0.168311 0.985341 -0.0278245
-0.0959293 -0.189839 0.0579492 -0.92935 -0.16803 -0.328746
-0.175738 -0.275125 0.459894 -0.328603 -0.0294729 0.944008
-0.103927 -0.0683581 0.456495 -0.92935 -0.16803 -0.328746
0.105301 -0.0070217 0.0161771 0.92935 0.16803 0.328746
0.0997946 0.235496 -0.0922124 0.92935 0.16803 0.328746
-0.0413736 -0.157526 0.36838 0.143536 0.655943 -0.741037
-0.0061061 0.184699 -0.0710661 0.156655 -0.987364 0.0239015
0.167206 -0.229385 -0.478615 0.328603 0.0294723 -0.944008
-0.00973772 -0.218274 0.449363 0.92935 0.168029 0.328746
-0.00103938 -0.176569 0.222614 -0.168311 0.985341 -0.0278245
0.184448 0.0405338 -0.399107 -0.168311 0.985341 -0.0278246
0.223344 -0.237071 -0.402062 0.168311 -0.985341 0.0278246
0.00311574 -0.218994 0.132673 0.168311 -0.985341 0.0278245
0.0293806 -0.215214 0.107646 -0.168311 0.985341 -0.0278245
0.121845 -0.0424821 -0.0850768 0.168311 -0.985341 0.0278246
-0.0432138 -0.232224 -0.0555961 -0.168311 0.985341 -0.0278246
-0.012853 0.264523 0.100951 -0.16831 0.985341 -0.0278246
0.0563433 0.0782156 0.111012 0.92935 0.16803 0.328746
0.191709 -0.0646405 -0.381156 -0.929349 -0.168032 -0.328748
0.0889264 -0.210258 0.166347 0.92935 0.16803 0.328746
0.00722303 0.262612 -0.0881591 -0.168311 0.985341 -0.0278246
-0.0173105 0.0240484 0.237539 -0.168311 0.985341 -0.0278245
0.0620715 0.0572706 0.105524 0.92935 0.16803 0.328746
-0.0505065 0.120074 -0.0444723 0.854095 0.41739 0.310336
-0.0884404 -0.235512 0.101566 0.168311 -0.985341 0.0278245
0.00682565 -0.26012 -0.184444 -0.92935 -0.16803 -0.328746
0.0696938 -0.251413 0.0194697 0.168311 -0.985341 0.0278246
-0.116165 0.152426 -0.0476183 -0.92935 -0.16803 -0.328746
-0.0104828 -0.163293 0.0233295 0.0732898 0.788747 -0.610334
-0.1316 0.148468 -0.00196088 -0.92935 -0.16803 -0.328746
-0.0925569 -0.189026 0.0479998 -0.92935 -0.168029 -0.328746
-0.0955655 -0.0976971 0.447852 -0.92935 -0.16803 -0.328746
-0.0899703 -0.040535 -0.0352095 -0.92935 -0.16803 -0.328746
0.00645822 -0.0202852 -0.0386301 0.168311 -0.985341 0.0278245
-0.110665 -0.230336 0.132238 -0.113344 -0.717582 0.68719
-0.0830826 -0.188712 0.459084 -0.92935 -0.16803 -0.328746
-0.0876378 0.00943801 0.145556 -0.168311 0.985341 -0.0278245
-0.0648794 -0.0841452 -0.0357349 0.0909701 -0.967195 0.237187
0.12702 -0.170422 -0.151782 0.328603 0.0294728 -0.944008
0.091306 0.2741 -0.0879469 0.92935 0.16803 0.328746
-0.0446944 0.101973 -0.223874 -0.92935 -0.16803 -0.328746
-0.0152252 0.0113117 -0.226116 -0.168311 0.985341 -0.0278245
-0.0365688 -0.22973 -0.00744741 0.168311 -0.985341 0.0278245
0.289568 -0.183674 -0.434594 0.328603 0.0294727 -0.944008
0.0386753 0.0210507 -0.207277 -0.168311 0.985341 -0.0278245
0.152164 -0.0405922 -0.201551 0.168311 -0.985341 0.0278246
0.195087 -0.238134 -0.268768 0.168311 -0.985341 0.0278246
0.0282947 0.134888 0.00830193 -0.95745 -0.170129 -0.23312
-0.112731 -0.0368504 0.465278 -0.92935 -0.168027 -0.328748
-0.125926 -0.0389046 0.102803 0.168311 -0.985341 0.0278246
0.0745094 -0.0202541 -0.152918 0.113344 0.717582 -0.68719
0.0481882 -0.167589 0.242845 -0.168311 0.985341 -0.0278245
-0.0400576 -0.0282707 -0.0400445 -0.168311 0.985341 -0.0278245
0.22231 -0.236306 -0.368696 0.168311 -0.985341 0.0278246
-0.0794555 0.00941535 0.0952582 -0.168311 0.985341 -0.0278245
0.0559325 0.270604 -0.0998062 -0.168308 0.985342 -0.0278215
0.0405436 -0.163932 0.0199566 -0.0909701 0.967195 -0.237188
-0.00293341 -0.257796 0.232752 0.168311 -0.985341 0.0278246
-0.0474241 -0.0966764 -0.0580079 -0.126402 -0.691807 0.710932
0.140454 0.0322131 -0.427641 -0.168311 0.985341 -0.0278246
0.0762001 0.178093 -0.179778 0.3286 0.0294738 -0.944009
0.00823524 0.0252219 0.12457 -0.168311 0.985341 -0.0278245
-0.0343653 -0.106611 -0.158629 -0.92935 -0.16803 -0.328746
0.015137 -0.0156296 0.0737395 0.168311 -0.985341 0.0278245
-0.00947761 -0.109213 -0.197385 0.328603 0.0294728 -0.944008
-0.0256037 -0.257358 0.385421 0.168311 -0.985341 0.0278246
0.167022 -0.205529 -0.381974 -0.168311 0.985341 -0.0278245
0.108294 0.0784518 -0.0359711 0.92935 0.16803 0.328746
0.00935003 -0.222245 -0.0201727 0.168311 -0.985341 0.0278245
0.170164 0.0225901 -0.182322 0.92935 0.16803 0.328746
-0.119308 0.144259 -0.0345586 -0.92935 -0.16803 -0.328746
0.143702 -0.0426458 -0.223086 0.168311 -0.985341 0.0278246
0.079935 -0.0455337 0.0603727 0.168311 -0.985341 0.0278246
0.153767 -0.0249552 -0.111668 0.92935 0.16803 0.328746
0.123261 -0.196724 -0.120145 -0.92935 -0.16803 -0.328746
0.0265992 0.150883 0.00168219 -0.981697 -0.170106 -0.0856383
-0.185593 -0.0431222 0.248601 -0.92935 -0.16803 -0.328746
-0.102108 -0.0221843 0.00189042 -0.92935 -0.16803 -0.328746
-0.0875694 0.24515 -0.133149 -0.168311 0.985341 -0.0278246
-0.100836 0.0165163 0.476055 -0.168311 0.985341 -0.0278245
0.0661227 -0.21266 -0.0241484 -0.168311 0.985341 -0.0278245
-0.222057 -0.00609791 0.408488 -0.168311 0.985341 -0.0278245
-0.0543748 0.194855 -0.224706 0.328603 0.0294727 -0.944008
0.0526282 0.0290377 0.14665 0.92935 0.16803 0.328746
-0.0286097 -0.104403 -0.0598904 -0.20809 -0.497128 0.842355
-0.0353869 -0.22951 -0.00682782 0.168311 -0.985341 0.0278245
-0.0525975 0.0307851 -0.165147 -0.92935 -0.16803 -0.328746
0.183389 -0.0589731 -0.36053 -0.929349 -0.168032 -0.328747
0.0860367 -0.254188 -0.177643 0.168311 -0.985341 0.0278246
0.0533508 -0.0493494 0.0860583 0.168311 -0.985341 0.0278245
0.118472 -0.196745 0.0759162 0.92935 0.16803 0.328746
0.26366 -0.152473 -0.357153 0.92935 0.16803 0.328746
0.00123785 -0.0549919 0.201471 0.168311 -0.985341 0.0278245
-0.0180302 -0.0112806 0.367006 0.92935 0.16803 0.328746
-0.0579606 -0.27085 0.103365 0.168311 -0.985341 0.0278246
0.132186 -0.160483 -0.0136254 -0.168311 0.985341 -0.0278245
0.0469224 -0.218699 -0.121873 -0.168311 0.985341 -0.0278245
0.151034 -0.24213 -0.143791 0.168311 -0.985341 0.0278246
-0.0134226 -0.233726 -0.140694 -0.92935 -0.16803 -0.328746
0.151769 0.0398462 -0.225781 -0.168311 0.985341 -0.0278246
-0.142656 0.00928928 0.473093 -0.168311 0.985341 -0.0278245
-0.109809 -0.235024 0.248106 -0.168311 0.985341 -0.0278246
-0.11716 0.00258792 0.0815571 -0.168311 0.985341 -0.0278245
-0.0684656 0.0787541 -0.144806 -0.92935 -0.16803 -0.328746
-0.0365609 0.225019 0.10023 -0.328603 -0.0294727 0.944008
0.268751 -0.127806 -0.384153 0.92935 0.16803 0.328746
-0.096671 -0.0335421 0.115738 -0.168311 0.985341 -0.0278245
0.113641 0.0291563 -0.373704 -0.168311 0.985341 -0.0278246
-0.178585 -0.0378473 0.458779 0.168311 -0.985341 0.0278245
-0.140363 0.211339 0.06367 -0.328603 -0.0294727 0.944008
0.0540067 0.124909 -0.0935352 -0.888997 0.34715 -0.298615
-0.124087 0.172553 -0.0355099 -0.92935 -0.16803 -0.328746
0.0317979 -0.0799733 -0.0274979 -0.108954 -0.725953 0.679059
0.0542705 -0.230754 -0.333579 -0.92935 -0.16803 -0.328746
0.173623 -0.237035 -0.100036 0.168311 -0.985341 0.0278246
0.064818 0.00524436 0.124352 0.92935 0.16803 0.328746
0.280436 -0.142874 -0.409484 0.92935 0.16803 0.328746
-0.114826 0.063212 -0.00580362 -0.92935 -0.16803 -0.328746
0.141151 -0.00389346 -0.272912 0.168311 -0.985341 0.0278245
-0.159427 -0.0412041 0.224013 0.168311 -0.985341 0.0278246
-0.0269717 -0.138163 0.176974 -0.328603 -0.0294727 0.944008
-0.249578 -0.010295 0.426332 -0.168311 0.985341 -0.0278245
-0.0804021 -0.0635056 -0.0505175 -0.92935 -0.16803 -0.328746
-0.0868816 0.250044 0.0360048 -0.16831 0.985341 -0.0278231
0.109618 -0.162206 0.0618773 -0.168311 0.985341 -0.0278245
0.0207872 -0.251828 0.300616 0.168311 -0.985341 0.0278246
0.0666779 -0.0238857 0.133983 0.92935 0.16803 0.328746
0.000534453 -0.240531 0.4317 0.92935 0.16803 0.328746
-0.0331428 0.00912041 0.399301 0.92935 0.16803 0.328746
-0.11902 0.0126432 0.448891 -0.168311 0.985341 -0.0278245
-0.00570562 -0.220085 0.147407 0.168311 -0.985341 0.0278245
-0.035067 0.0546579 -0.00866819 -0.16831 0.985341 -0.0278249
-0.0479334 -0.0283102 0.00619743 0.168311 -0.985341 0.0278246
0.0428881 -0.0139772 -0.0356099 -0.168311 0.985341 -0.0278245
-0.0775533 0.193962 0.0849912 -0.328603 -0.0294727 0.944008
-0.0459554 -0.225452 -0.065122 -0.92935 -0.16803 -0.328746
0.25437 0.0194968 -0.418788 0.92935 0.16803 0.328746
0.09816 -0.256078 -0.317902 0.168311 -0.985341 0.0278246
0.106648 -0.253307 -0.271125 0.168311 -0.985341 0.0278246
0.1152 0.031125 -0.313414 -0.168311 0.985341 -0.0278245
-0.000477803 -0.0788663 0.0266903 0.319667 -0.811723 -0.488793
-0.0666693 -0.248192 0.0172255 -0.92935 -0.16803 -0.328746
0.255419 -0.108664 -0.356247 0.92935 0.16803 0.328746
0.0696369 -0.0410901 0.134412 0.92935 0.16803 0.328746
-0.108247 -0.0363134 0.0876245 0.168311 -0.985341 0.0278246
0.125728 0.0553676 -0.166369 0.328603 0.0294726 -0.944008
0.102989 -0.253051 -0.239929 0.168311 -0.985341 0.0278246
0.202052 -0.0177481 -0.25185 0.92935 0.16803 0.328746
-0.0751529 -0.0323115 0.0291534 0.168311 -0.985341 0.0278246
-0.12114 -0.2318 0.430811 -0.168311 0.985341 -0.0278246
-0.0482386 -0.159405 0.0209593 0.160313 0.618448 -0.7693
0.137446 -0.208939 -0.323819 -0.168311 0.985341 -0.0278245
0.0139103 -0.257604 0.13767 0.168311 -0.985341 0.0278246
-0.0129149 -0.0262679 -0.133306 -0.168311 0.985341 -0.0278245
0.102685 -0.106094 -0.1083 0.92935 0.16803 0.328746
-0.06964 0.110673 -0.157801 -0.92935 -0.16803 -0.328746
0.0425776 -0.119577 0.0635558 0.299848 0.175999 -0.937612
-0.165604 -0.041114 0.264569 0.168311 -0.985341 0.0278246
0.0319196 -0.172089 0.181885 -0.168311 0.985341 -0.0278245
0.176288 -0.0592624 -0.340309 -0.92935 -0.16803 -0.328746
0.256584 -0.147849 -0.339511 0.92935 0.16803 0.328746
-0.0362843 -0.0728286 -0.170471 -0.92935 -0.16803 -0.328746
-0.0436509 -0.229497 0.0436163 -0.168311 0.985341 -0.0278246
0.250051 -0.0928495 -0.349154 0.92935 0.16803 0.328746
-0.136785 0.00940898 0.441819 -0.168311 0.985341 -0.0278245
0.21724 -0.027496 -0.454895 0.328603 0.0294727 -0.944008
-0.126611 -0.0323796 0.338009 0.168311 -0.985341 0.0278245
0.241615 0.000896431 -0.373223 0.929351 0.168027 0.328745
0.121609 -0.241776 0.0467185 0.168311 -0.985341 0.0278246
0.0529288 -0.216358 -0.0753013 -0.168311 0.985341 -0.0278245
0.0315882 -0.171443 0.206781 -0.168311 0.985341 -0.0278245
-0.17609 -0.0015218 0.292487 -0.168311 0.985341 -0.0278245
-0.0507 -0.239184 -0.0325233 -0.92935 -0.16803 -0.328746
0.176493 -0.159865 -0.259739 -0.168311 0.985341 -0.0278245
-0.0044223 0.259879 -0.114521 -0.168311 0.985341 -0.0278246
-0.190381 -0.0263129 0.253544 -0.92935 -0.16803 -0.328746
0.11641 -0.0450996 -0.178277 -0.92935 -0.16803 -0.328746
0.0544001 -0.138595 -0.176067 0.328603 0.0294728 -0.944008
-0.0518572 -0.094839 -0.115197 -0.929351 -0.168029 -0.328746
-0.0600264 0.0277564 -0.142597 -0.92935 -0.16803 -0.328746
-0.0771156 0.0530959 0.0807456 -0.328603 -0.0294727 0.944008
-0.134347 -0.0686717 0.104622 -0.92935 -0.16803 -0.328746
-0.0811413 -0.083356 -0.0382819 -0.92935 -0.16803 -0.328746
-0.0464723 -0.230694 0.0182928 0.168311 -0.985341 0.0278245
0.0563835 0.0791257 -0.189765 0.328603 0.0294726 -0.944008
-0.00476082 0.242337 0.0304425 -0.659019 -0.133472 -0.740189
-0.04538 -0.0243365 0.131472 0.168311 -0.985341 0.0278245
0.0627957 -0.0374927 0.151912 0.92935 0.16803 0.328746
0.0334582 0.163117 -0.0443257 -0.803644 -0.516402 -0.29578
0.0694096 -0.169053 0.0626203 -0.168311 0.985341 -0.0278245
-0.0421508 -0.263594 0.264678 0.168311 -0.985341 0.0278246
0.091627 -0.2399 0.173863 0.92935 0.16803 0.328746
0.159964 0.00537005 -0.473806 0.328603 0.0294724 -0.944008
-0.0223308 -0.216985 0.301792 -0.92935 -0.16803 -0.328746
-0.0610572 0.0819072 -0.0148602 0.944575 0.16929 0.281281
0.0632744 0.273306 -0.0485181 -0.16831 0.985341 -0.0278244
-0.00188162 -0.201471 0.236054 -0.92935 -0.16803 -0.328746
0.111472 -0.0842814 -0.14429 0.92935 0.16803 0.328746
0.117737 -0.160927 0.058062 -0.168311 0.985341 -0.0278245
0.194048 -0.148383 -0.344965 -0.92935 -0.16803 -0.328746
0.11809 -0.149933 -0.154251 0.328603 0.0294728 -0.944008
-0.00901035 -0.219389 0.447876 0.92935 0.168031 0.328747
-0.0435384 0.0164195 0.126033 -0.168311 0.985341 -0.0278245
-0.178406 -0.244084 0.342187 -0.168311 0.985341 -0.0278246
0.26646 -0.203377 -0.339049 0.92935 0.16803 0.328746
0.0536992 0.198066 -0.186986 0.3286 0.029475 -0.944009
0.190411 -0.236304 -0.175695 0.168311 -0.985341 0.0278246
0.16607 -0.204593 -0.343058 -0.168311 0.985341 -0.0278245
-0.0506125 -0.0725114 0.358447 0.336471 -0.751996 -0.566824
-0.0452786 -0.0980966 -0.13213 -0.92935 -0.16803 -0.328746
-0.12187 -0.232756 0.401351 -0.168311 0.985341 -0.0278246
-0.00790222 0.00620167 -0.278933 -0.92935 -0.16803 -0.328746
0.106485 -0.250276 -0.162791 0.168311 -0.985341 0.0278246
0.254688 -0.146614 -0.334783 0.92935 0.168031 0.328746
0.0076912 0.16946 -0.203895 0.328605 0.0294753 -0.944007
0.251379 -0.0173089 -0.39152 0.92935 0.16803 0.328746
-0.137233 -0.0404322 0.1171 0.168311 -0.985341 0.0278246
0.039329 -0.093772 0.0645059 0.92935 0.16803 0.328746
0.125736 0.0170994 -0.0539207 0.92935 0.16803 0.328746
-0.0196699 -0.22555 0.481159 0.92935 0.168031 0.328747
0.207957 -0.234585 -0.220939 0.168311 -0.985341 0.0278246
-0.0341205 0.0715851 0.0426958 0.48499 0.0582029 -0.872581
-0.187379 -0.265091 0.367103 -0.92935 -0.16803 -0.328746
-0.0191328 -0.0263739 -0.099446 -0.168311 0.985341 -0.0278245
-0.0398843 0.0543267 0.00874205 -0.168311 0.985341 -0.0278255
0.108532 0.120525 -0.058148 0.92935 0.16803 0.328746
-0.146238 -0.00812499 0.478498 -0.328602 -0.0294734 0.944008
-0.0971889 0.0372733 -0.042405 -0.92935 -0.16803 -0.328746
-0.0961753 -0.104424 0.453015 -0.92935 -0.16803 -0.328746
0.0318092 0.13851 -0.0201188 -0.944439 0.018159 -0.328186
-0.0695382 0.171945 -0.0322849 0.819527 0.155561 0.551522
-0.00346243 -0.0549645 0.230875 0.168311 -0.985341 0.0278245
0.0363379 0.0983118 -0.157745 -0.0866742 0.996236 0.000932631
-0.0608165 -0.179852 0.39161 -0.929351 -0.168028 -0.328746
-0.0486737 -0.055974 -0.144062 -0.92935 -0.16803 -0.328747
-0.162473 0.223084 0.0471785 -0.92935 -0.16803 -0.328746
0.203824 -0.12878 -0.325712 -0.368157 0.488641 0.791006
-0.00668542 -0.162651 0.024616 0.0732898 0.788747 -0.610334
-0.0983804 -0.160865 0.490389 -0.328603 -0.0294726 0.944008
0.0199599 -0.0182042 -0.0466061 -0.168311 0.985341 -0.0278245
0.241548 -0.0678639 -0.447694 0.328603 0.0294727 -0.944008
0.067446 -0.1194 -0.0325046 -0.350018 0.117714 0.929318
0.193832 -0.242131 -0.402736 0.168311 -0.985341 0.0278246
-0.061985 -0.159125 0.384319 -0.929351 -0.168029 -0.328746
-0.0974636 -0.235304 0.163503 -0.168311 0.985341 -0.0278246
-0.120594 -0.0350209 0.486571 -0.92935 -0.16803 -0.328746
-0.167269 -0.0429544 0.209469 0.168311 -0.985341 0.0278246
-0.00816153 -0.0291856 0.165748 -0.92935 -0.16803 -0.328746
0.0435181 -0.0234633 -0.375351 0.168311 -0.985341 0.0278246
0.094563 -0.214848 -0.273667 -0.168311 0.985341 -0.0278245
-0.0931751 0.130272 -0.101286 -0.92935 -0.16803 -0.328746
-0.0431745 -0.184735 -0.0937949 -0.92935 -0.168031 -0.328746
0.0108203 0.159356 0.0314292 -0.69474 -0.138602 -0.70578
0.0882869 -0.171476 -0.0341796 -0.92935 -0.16803 -0.328746
-0.0230222 0.0629699 0.0998834 -0.328603 -0.0294727 0.944008
0.247237 -0.183177 -0.449314 0.328603 0.0294727 -0.944008
0.0691587 -0.256021 -0.140457 0.168311 -0.985341 0.0278246
0.0275232 -0.0465736 0.073756 0.92935 0.16803 0.328746
0.00536677 -0.0239039 -0.160175 -0.168311 0.985341 -0.0278245
-0.00264928 -0.136643 0.0451738 0.264393 0.318599 -0.91027
-0.0931318 0.0432891 -0.0569491 -0.92935 -0.16803 -0.328746
-0.00964291 0.258298 -0.138919 -0.168311 0.985341 -0.0278246
-0.05717 0.00577692 -0.139438 -0.92935 -0.16803 -0.328746
0.170114 0.0424338 -0.245115 -0.168311 0.985341 -0.0278246
-0.0642434 -0.273185 0.0586632 0.168311 -0.985341 0.0278246
-0.0660502 -0.227633 0.245137 -0.168311 0.985341 -0.0278246
-0.0155937 -0.224279 0.058691 -0.168311 0.985341 -0.0278246
-0.0404063 -0.0302541 -0.108171 0.168311 -0.985341 0.0278246
0.168003 -0.037817 -0.199084 0.168311 -0.985341 0.0278246
-0.110824 0.014613 0.469069 -0.168311 0.985341 -0.0278245
