ply
format ascii 1.0
comment Created by Open3D
element vertex 512
property double x
property double y
property double z
property double nx
property double ny
property double nz
end_header
0.202975 -0.27961 -0.319628 -0.782249 -0.212491 0.585606
-0.00771705 -0.182461 0.159414 -0.58929 0.557282 -0.584956
-0.0716075 -0.246428 0.162837 -0.58929 0.557282 -0.584956
0.267214 0.135874 0.189008 0.58929 -0.557282 0.584956
0.298632 0.285658 0.0132604 -0.782249 -0.212491 0.585606
0.153031 0.0761039 0.247094 0.58929 -0.557282 0.584956
0.131496 0.24541 0.424102 0.20205 0.802673 0.561152
-0.102201 0.0425428 -0.185268 -0.58929 0.557282 -0.584956
0.0514502 0.328251 -0.0645786 0.58929 -0.557282 0.584956
0.328989 -0.0100772 -0.056782 0.782249 0.212491 -0.585606
0.167614 -0.0492124 0.113016 0.58929 -0.557282 0.584956
-0.128536 0.38245 0.321707 0.20205 0.802675 0.561149
-0.106835 0.0974105 0.381938 0.782249 0.212491 -0.585606
-0.318313 -0.382935 -0.0748486 0.782249 0.212491 -0.585606
-0.328416 -0.0241123 0.0451415 -0.782249 -0.212491 0.585606
-0.264781 -0.148116 -0.203121 -0.58929 0.557282 -0.584956
0.0908656 0.0547143 -0.351355 0.782249 0.212491 -0.585606
0.0135719 0.00700175 -0.33247 0.58929 -0.557282 0.584956
0.0571463 0.20296 0.461256 -0.58929 0.557282 -0.584956
-0.0335244 0.0403417 -0.253262 0.58929 -0.557282 0.584956
-0.16529 0.0107084 0.275678 -0.782249 -0.212491 0.585606
-0.316746 -0.0944789 0.031913 0.782249 0.212491 -0.585606
0.128013 -0.0272872 -0.331489 0.782249 0.212491 -0.585606
-0.249303 0.0744133 0.186571 -0.782249 -0.212491 0.585606
-0.331796 -0.148754 -0.13293 0.58929 -0.557282 0.584956
-0.268575 -0.246439 0.0411199 0.782249 0.212491 -0.585606
-0.249936 -0.196124 -0.263813 -0.58929 0.557282 -0.584956
-0.331501 -0.230626 -0.037198 0.782249 0.212491 -0.585606
0.104979 -0.296162 -0.433225 0.202049 0.802673 0.561152
-0.194721 -0.275997 0.132332 -0.782249 -0.212491 0.585606
-0.211025 -0.156443 0.153934 -0.782249 -0.212491 0.585606
-0.316917 -0.179899 0.00397321 -0.782249 -0.212491 0.585606
-0.0957549 0.170072 0.423105 0.782249 0.212491 -0.585606
-0.0226796 0.0937886 -0.216557 -0.58929 0.557282 -0.584956
0.156098 -0.384591 -0.325142 0.202049 0.802672 0.561154
0.0373211 -0.38928 -0.3467 0.897548 0.0775141 -0.434049
-0.181242 -0.472506 -0.0779246 0.202052 0.802673 0.561152
0.00832127 -0.123379 0.202831 0.58929 -0.557282 0.584956
0.187813 0.242269 -0.150514 -0.782249 -0.212491 0.585606
-0.228558 -0.31902 -0.313596 -0.858621 0.420794 -0.292749
0.0378338 -0.366244 -0.336834 -0.884555 -0.0963878 0.456368
0.367466 0.366126 0.166466 0.20205 0.802673 0.561152
0.0120353 0.256298 -0.0967077 -0.58929 0.557282 -0.584956
0.0876125 0.178531 0.407291 -0.58929 0.557282 -0.584956
0.295341 -0.170854 -0.134832 -0.58929 0.557282 -0.584956
-0.310778 -0.416768 -0.0737762 -0.782249 -0.212491 0.585606
-0.112791 0.253444 0.0263241 -0.58929 0.557282 -0.584956
-0.163165 -0.381 0.126868 -0.58929 0.557282 -0.584956
0.268091 0.00897465 0.063941 -0.58929 0.557282 -0.584956
0.132188 0.176678 0.360619 -0.58929 0.557282 -0.584956
0.00519333 -0.14724 -0.474261 -0.58929 0.557282 -0.584956
0.342187 0.23953 0.212231 0.58929 -0.557282 0.584956
0.00979936 -0.453425 -0.174005 0.20205 0.802673 0.561152
0.379148 0.160597 0.0754338 -0.782249 -0.212491 0.585606
0.0404715 0.26517 0.428612 0.202047 0.802674 0.561151
-0.225916 0.292418 0.293631 0.782249 0.212491 -0.585606
-0.426341 -0.326953 -0.2013 -0.20205 -0.802673 -0.561152
-0.0438332 0.304619 0.00889755 0.58929 -0.557282 0.584956
0.0988093 0.377282 -0.0688647 -0.58929 0.557282 -0.584956
0.252037 0.431233 0.11147 -0.20205 -0.802673 -0.561152
0.293957 -0.0265792 0.00729891 0.58929 -0.557282 0.584956
-0.369685 -0.261507 -0.09941 0.782249 0.212491 -0.585606
-0.0574879 -0.347686 0.0554328 0.58929 -0.557282 0.584956
-0.201226 -0.126782 -0.246823 -0.58929 0.557282 -0.584956
-0.31491 0.123791 0.109709 0.58929 -0.557282 0.584956
0.0510312 -0.128661 0.151485 -0.58929 0.557282 -0.584956
0.336306 0.189179 0.166899 -0.58929 0.557282 -0.584956
0.113309 0.173537 -0.274289 0.58929 -0.557282 0.584956
0.00553656 0.333258 0.378925 0.614551 0.342217 -0.710784
-0.305456 -0.00615464 -0.0268997 -0.58929 0.557282 -0.584956
0.200823 -0.342988 -0.348783 0.782249 0.212491 -0.585606
0.0910522 -0.141597 0.102131 0.58929 -0.557282 0.584956
0.240187 0.00741719 0.0905674 -0.58929 0.557282 -0.584956
0.0571876 0.474219 0.0687036 0.58929 -0.557282 0.584956
0.241126 0.169762 0.244286 -0.58929 0.557282 -0.584956
-0.272676 -0.0991577 -0.148526 -0.58929 0.557282 -0.584956
-0.325532 -0.0764191 -0.0736158 -0.58929 0.557282 -0.584956
-0.139254 0.20805 0.382064 -0.782249 -0.212491 0.585606
-0.200395 0.0643399 -0.0622924 0.58929 -0.557282 0.584956
0.12564 -0.215538 -0.00644382 -0.58929 0.557282 -0.584956
0.126805 -0.219907 -0.00849245 0.58929 -0.557282 0.584956
0.228002 0.415226 -0.034071 -0.782249 -0.212491 0.585606
0.00349625 0.110379 0.43039 0.58929 -0.557282 0.584956
-0.0927371 -0.507573 -0.0630594 -0.202049 -0.802673 -0.561152
0.202726 0.12873 -0.175075 0.782249 0.212491 -0.585606
-0.0673303 0.105941 -0.15671 0.58929 -0.557282 0.584956
0.199179 0.320431 -0.110253 0.782249 0.212491 -0.585606
-0.230438 -0.30397 0.074471 -0.782249 -0.212491 0.585606
0.399094 0.217472 0.122716 -0.782249 -0.212491 0.585606
-0.200748 -0.17041 0.162594 -0.782249 -0.212491 0.585606
-0.354235 -0.241142 -0.20163 -0.58929 0.557282 -0.584956
0.281311 -0.0291403 -0.124103 -0.782249 -0.212491 0.585606
0.400634 0.297666 0.153872 -0.782249 -0.212491 0.585606
-0.0697777 -0.1732 0.230757 -0.58929 0.557282 -0.584956
0.210142 -0.36061 -0.226493 0.58929 -0.557282 0.584956
-0.188188 -0.0968585 0.202776 0.782249 0.212491 -0.585606
0.0861977 0.112949 -0.304699 0.58929 -0.557282 0.584956
-0.00149232 0.317115 0.365991 -0.202051 -0.802673 -0.561152
-0.0634472 0.200925 0.477457 0.782249 0.212491 -0.585606
-0.232283 -0.38772 -0.199685 0.902526 0.0698837 -0.424927
0.351032 0.264772 0.0723948 0.782249 0.212491 -0.585606
0.0702308 0.282874 -0.126728 0.58929 -0.557282 0.584956
-0.0946365 0.169393 0.427637 -0.782249 -0.212491 0.585606
0.182344 0.129922 -0.198586 -0.782249 -0.212491 0.585606
-0.00226538 -0.254574 -0.457525 -0.20205 -0.802673 -0.561152
0.0978807 0.118207 -0.311459 0.58929 -0.557282 0.584956
0.00685344 -0.388348 -0.0514115 -0.58929 0.557282 -0.584956
0.0334899 -0.46326 -0.240434 -0.202047 -0.802674 -0.561151
0.232502 -0.0560257 -0.199057 -0.782249 -0.212491 0.585606
-0.371205 -0.183765 -0.073231 0.782249 0.212491 -0.585606
-0.162434 0.10901 0.311879 0.782249 0.212491 -0.585606
-0.16744 -0.236071 0.183261 -0.782249 -0.212491 0.585606
-0.252375 0.0576862 -0.0162657 0.58929 -0.557282 0.584956
0.242651 -0.315134 -0.282803 0.782249 0.212491 -0.585606
0.00924981 0.181521 -0.161853 0.58929 -0.557282 0.584956
0.013687 -0.0653892 0.249384 -0.58929 0.557282 -0.584956
0.00983352 -0.265225 -0.446647 -0.202054 -0.802673 -0.561152
0.00930005 0.351398 -0.00335151 -0.58929 0.557282 -0.584956
-0.24823 -0.335308 -0.250053 0.202049 0.802674 0.561151
-0.162291 -0.296486 -0.376644 -0.421672 0.58844 -0.689878
0.292052 0.229742 0.253413 0.58929 -0.557282 0.584956
-0.123752 0.195056 -0.0182589 -0.58929 0.557282 -0.584956
0.139946 -0.171215 -0.367773 0.782249 0.212491 -0.585606
0.382074 0.319736 0.227563 0.202048 0.802676 0.561149
0.154539 -0.265362 -0.382443 0.782249 0.212491 -0.585606
0.356629 0.0766923 0.0392605 -0.58929 0.557282 -0.584956
0.239344 0.386057 0.211032 0.928867 0.0245717 -0.369597
0.092357 -0.443183 -0.189789 -0.58929 0.557282 -0.584956
0.160244 0.0264427 0.192516 0.58929 -0.557282 0.584956
0.051444 -0.220855 0.063237 -0.58929 0.557282 -0.584956
-0.0408734 -0.484518 -0.0949504 -0.58929 0.557282 -0.584956
-0.364772 -0.202499 -0.150912 0.58929 -0.557282 0.584956
0.243647 0.0694728 0.146202 -0.58929 0.557282 -0.584956
0.223441 0.320435 0.328661 0.800923 -0.465175 0.377006
0.329516 0.0713492 -0.0265318 0.782249 0.212491 -0.585606
-0.107089 -0.239334 -0.441581 -0.20205 -0.802673 -0.561152
-0.197571 0.216146 0.303818 0.782249 0.212491 -0.585606
-0.12944 -0.30917 0.164611 0.58929 -0.557282 0.584956
0.231419 0.418799 -0.0314947 0.782249 0.212491 -0.585606
0.231993 0.0599996 -0.157637 -0.782249 -0.212491 0.585606
-0.102976 -0.407091 0.0446629 0.58929 -0.557282 0.584956
0.186397 0.158299 0.291787 0.58929 -0.557282 0.584956
0.147396 0.030355 -0.281397 -0.782249 -0.212491 0.585606
-0.0719913 0.325025 0.383488 0.202049 0.802673 0.561152
-0.169846 -0.473572 -0.08393 -0.202049 -0.802674 -0.561152
0.18035 -0.190621 -0.0378209 -0.58929 0.557282 -0.584956
-0.23346 0.118769 0.0195843 -0.58929 0.557282 -0.584956
-0.167595 -0.231976 0.18454 -0.782249 -0.212491 0.585606
-0.146224 -0.087854 -0.261858 0.58929 -0.557282 0.584956
0.126032 -0.0220064 -0.332218 0.782249 0.212491 -0.585606
0.153619 0.305377 0.386183 -0.339422 0.594849 -0.728661
0.367477 0.36989 0.161078 0.20205 0.802673 0.561152
-0.00265583 0.210109 0.5229 0.202052 0.802672 0.561153
0.349289 0.258368 0.071026 -0.782249 -0.212491 0.585606
-0.344103 0.0139645 0.0380036 -0.782249 -0.212491 0.585606
-0.151251 -0.217948 -0.384021 -0.58929 0.557282 -0.584956
0.0268639 0.0841 -0.275697 -0.58929 0.557282 -0.584956
0.0793289 -0.270906 -0.463542 -0.202049 -0.802673 -0.561152
0.0621959 0.110293 0.367886 -0.58929 0.557282 -0.584956
-0.108969 0.112213 0.38446 0.782249 0.212491 -0.585606
0.236407 -0.2181 -0.255934 0.782249 0.212491 -0.585606
0.179943 -0.237747 -0.079019 0.58929 -0.557282 0.584956
0.272881 -0.243267 -0.177905 0.58929 -0.557282 0.584956
-0.303424 -0.0920444 0.0505919 0.782249 0.212491 -0.585606
-0.0687256 -0.489691 -0.161303 -0.21303 0.59527 -0.774772
-0.246702 0.182848 0.0972595 0.58929 -0.557282 0.584956
-0.0610561 0.414787 0.131204 0.58929 -0.557282 0.584956
0.240033 0.329665 -0.0523307 0.782249 0.212491 -0.585606
-0.0610399 -0.176265 0.222322 0.58929 -0.557282 0.584956
0.000971774 0.441619 0.0942783 0.58929 -0.557282 0.584956
-0.10303 0.264551 0.44767 0.782249 0.212491 -0.585606
-0.106117 -0.343846 0.10808 0.58929 -0.557282 0.584956
-0.0638523 0.305089 0.405648 -0.20205 -0.802673 -0.561152
-0.00389241 -0.349381 -0.00346265 -0.58929 0.557282 -0.584956
0.23113 -0.224995 -0.121724 -0.58929 0.557282 -0.584956
-0.261888 -0.403003 -0.00675836 0.782249 0.212491 -0.585606
0.0857066 -0.178727 -0.439668 -0.782249 -0.212491 0.585606
-0.304967 0.0447061 0.101436 -0.782249 -0.212491 0.585606
0.140381 0.331096 -0.151458 0.58929 -0.557282 0.584956
-0.222804 -0.265894 -0.354327 0.58929 -0.557282 0.584956
0.184634 0.249105 -0.155563 0.782249 0.212491 -0.585606
-0.360318 -0.118376 -0.0316772 -0.782249 -0.212491 0.585606
-0.0890062 0.268828 0.47 0.202049 0.802673 0.561152
-0.1331 0.292009 0.0835245 -0.58929 0.557282 -0.584956
-0.235708 -0.434841 -0.115616 -0.20205 -0.802673 -0.561152
0.2139 -0.424438 -0.292384 -0.202049 -0.802673 -0.561152
0.181742 -0.0975122 -0.281915 -0.782249 -0.212491 0.585606
-0.15268 0.287091 0.389526 0.782249 0.212491 -0.585606
-0.203685 -0.448344 0.0545371 0.782249 0.212491 -0.585606
-0.0995473 -0.492391 -0.0433424 -0.58929 0.557282 -0.584956
-0.189141 -0.0629728 -0.19492 0.58929 -0.557282 0.584956
-0.136715 0.393809 0.18415 -0.58929 0.557282 -0.584956
-0.170696 0.198007 0.0318434 -0.58929 0.557282 -0.584956
0.133465 -0.180265 -0.379715 0.782249 0.212491 -0.585606
-0.142067 -0.310921 0.172377 -0.58929 0.557282 -0.584956
0.270043 0.460646 0.0352839 0.782249 0.212491 -0.585606
-0.306203 0.1288 0.10571 0.58929 -0.557282 0.584956
-0.0609235 0.0755206 0.435324 0.782249 0.212491 -0.585606
-0.032978 -0.273536 0.0980961 -0.58929 0.557282 -0.584956
-0.286286 -0.242177 0.022291 -0.782249 -0.212491 0.585606
0.342068 0.343253 0.0888981 0.782249 0.212491 -0.585606
0.325996 -0.00928365 -0.0572073 -0.782249 -0.212491 0.585606
-0.0305217 -0.0575738 -0.352858 -0.58929 0.557282 -0.584956
0.241926 -0.157281 -0.0680897 -0.58929 0.557282 -0.584956
0.274387 0.227862 -0.0400973 -0.782249 -0.212491 0.585606
0.231187 -0.195128 -0.251287 -0.782249 -0.212491 0.585606
0.0168825 0.122529 0.42848 0.58929 -0.557282 0.584956
0.299557 0.295418 0.0180387 -0.782249 -0.212491 0.585606
0.0794446 0.459154 0.133677 -0.202048 -0.802674 -0.561152
-0.170911 0.115451 0.302892 0.782249 0.212491 -0.585606
-0.161982 -0.167776 0.215333 -0.782249 -0.212491 0.585606
-0.413525 -0.255896 -0.155955 -0.58929 0.557282 -0.584956
0.326824 0.423704 0.0977274 0.782249 0.212491 -0.585606
0.229818 -0.120982 -0.226212 -0.782249 -0.212491 0.585606
0.354747 0.0762848 0.0407682 -0.58929 0.557282 -0.584956
0.044165 -0.315114 -0.384219 0.202049 0.802673 0.561152
0.174603 -0.0275412 0.126621 0.58929 -0.557282 0.584956
-0.306404 0.0478744 0.100665 -0.782249 -0.212491 0.585606
-0.208715 0.271547 0.140205 -0.58929 0.557282 -0.584956
0.0549532 -0.352448 -0.0656661 -0.58929 0.557282 -0.584956
0.210915 0.108731 0.219865 0.58929 -0.557282 0.584956
-0.0713151 -0.0205536 -0.273206 0.58929 -0.557282 0.584956
-0.223303 -0.374561 0.0583875 -0.782249 -0.212491 0.585606
0.0336625 0.071112 -0.291632 0.58929 -0.557282 0.584956
-0.240866 -0.432049 -0.117754 -0.20205 -0.802673 -0.561152
0.116117 -0.344756 -0.371154 -0.202049 -0.802673 -0.561152
0.0420485 0.153642 -0.221455 0.58929 -0.557282 0.584956
-0.24915 -0.362285 -0.26255 -0.977828 0.197526 0.0695367
-0.125747 -0.45996 -0.140047 0.179819 0.532825 -0.8269
0.183831 -0.175031 -0.310537 0.782249 0.212491 -0.585606
-0.113906 -0.146618 0.283946 0.782249 0.212491 -0.585606
-0.057733 -0.347579 0.0524939 -0.58929 0.557282 -0.584956
0.046568 -0.419837 -0.118131 0.58929 -0.557282 0.584956
-0.14214 -0.0883322 -0.269716 -0.58929 0.557282 -0.584956
-0.327733 -0.297041 -0.0529806 -0.782249 -0.212491 0.585606
-0.261827 0.0624735 0.162224 0.782249 0.212491 -0.585606
0.234467 0.335888 -0.057508 0.782249 0.212491 -0.585606
0.18723 0.0426219 0.177456 -0.58929 0.557282 -0.584956
-0.0660183 0.304295 0.0276508 -0.58929 0.557282 -0.584956
0.0873695 0.284601 0.38415 0.0489578 0.563975 -0.824339
0.118909 -0.309689 -0.0893594 -0.58929 0.557282 -0.584956
0.244109 0.185712 -0.095837 -0.782249 -0.212491 0.585606
-0.175894 -0.0470284 0.240564 -0.782249 -0.212491 0.585606
0.181851 0.165355 0.299801 -0.58929 0.557282 -0.584956
-0.301552 -0.384667 -0.160251 0.20205 0.802673 0.561152
0.147495 0.0791903 0.252324 -0.58929 0.557282 -0.584956
0.276086 0.128091 0.169367 -0.58929 0.557282 -0.584956
-0.182178 0.356559 0.378056 0.202049 0.802673 0.561152
-0.0871158 -0.0733903 0.346599 0.58929 -0.557282 0.584956
-0.18851 -0.064465 -0.196976 0.58929 -0.557282 0.584956
-0.057433 -0.230878 0.163372 -0.58929 0.557282 -0.584956
0.280354 -0.0322889 -0.129808 0.782249 0.212491 -0.585606
-0.16044 0.00530328 -0.162075 -0.58929 0.557282 -0.584956
0.038409 -0.233352 0.0677501 0.58929 -0.557282 0.584956
-0.228158 0.160653 0.246108 -0.782249 -0.212491 0.585606
0.188912 -0.28974 -0.137588 0.58929 -0.557282 0.584956
0.29078 -0.0254446 0.0115802 0.58929 -0.557282 0.584956
0.0913608 0.00956983 0.242547 -0.58929 0.557282 -0.584956
-0.288052 -0.331986 -0.0159393 0.782249 0.212491 -0.585606
0.160193 -0.353654 -0.172835 -0.58929 0.557282 -0.584956
0.298808 0.122681 -0.0489246 0.782249 0.212491 -0.585606
-0.0321395 0.379083 0.0680575 0.58929 -0.557282 0.584956
-0.0096374 0.17229 -0.154908 -0.58929 0.557282 -0.584956
0.288951 0.281181 0.302254 -0.58929 0.557282 -0.584956
0.0942695 0.0375887 -0.353022 0.782249 0.212491 -0.585606
-0.106924 0.248801 0.0192782 0.58929 -0.557282 0.584956
-0.265964 0.238579 0.169758 0.58929 -0.557282 0.584956
0.0609656 0.106937 0.365929 -0.58929 0.557282 -0.584956
0.266847 -0.164453 -0.192523 -0.782249 -0.212491 0.585606
0.0155934 -0.201227 -0.532884 0.58929 -0.557282 0.584956
-0.256242 -0.11021 0.107025 0.782249 0.212491 -0.585606
-0.28738 -0.396295 -0.152149 -0.20205 -0.802673 -0.561152
0.108294 -0.179033 0.0458085 -0.58929 0.557282 -0.584956
-0.148215 -0.0996092 0.258458 -0.782249 -0.212491 0.585606
0.403708 0.231091 0.142215 0.58929 -0.557282 0.584956
-0.320821 -0.335745 -0.226718 -0.20205 -0.802673 -0.561152
-0.303108 -0.167002 0.027099 -0.782249 -0.212491 0.585606
-0.140197 0.0680587 -0.119394 0.58929 -0.557282 0.584956
0.274212 0.233617 -0.0382427 -0.782249 -0.212491 0.585606
0.201828 0.263667 0.369237 -0.20205 -0.802673 -0.561152
-0.242517 0.183112 0.0932947 0.58929 -0.557282 0.584956
-0.287223 -0.0202747 0.0982747 0.782249 0.212491 -0.585606
-0.302025 -0.0577928 -0.0762639 0.58929 -0.557282 0.584956
0.0932525 -0.452687 -0.196458 0.58929 -0.557282 0.584956
-0.0193358 -0.47792 -0.107074 0.58929 -0.557282 0.584956
0.174116 -0.141431 0.0153225 -0.58929 0.557282 -0.584956
-0.0472817 0.0596175 0.433185 0.58929 -0.557282 0.584956
-0.280494 -0.213362 -0.246164 0.58929 -0.557282 0.584956
0.157034 -0.254642 -0.37522 0.782249 0.212491 -0.585606
-0.0489446 0.185513 -0.0994246 0.58929 -0.557282 0.584956
-0.138614 -0.148539 -0.327338 0.58929 -0.557282 0.584956
0.0877199 -0.19824 -0.447343 0.782249 0.212491 -0.585606
-0.215474 0.144192 0.253795 0.782249 0.212491 -0.585606
-0.40856 -0.309692 -0.212209 -0.58929 0.557282 -0.584956
0.290812 0.049206 -0.0829833 -0.782249 -0.212491 0.585606
0.188757 -0.138098 0.00374738 -0.58929 0.557282 -0.584956
-0.282963 0.165965 0.171544 0.782249 0.212491 -0.585606
-0.117244 0.445139 0.224544 -0.20205 -0.802673 -0.561152
-0.207532 0.280749 0.151068 0.58929 -0.557282 0.584956
-0.235534 -0.22157 0.0942802 0.782249 0.212491 -0.585606
0.143902 -0.100772 -0.333645 -0.782249 -0.212491 0.585606
0.175178 -0.0319171 -0.270166 0.782249 0.212491 -0.585606
0.15544 -0.379596 -0.189473 0.58929 -0.557282 0.584956
0.211758 -0.347681 -0.33588 0.782249 0.212491 -0.585606
0.0839252 0.460547 0.133498 0.20205 0.802673 0.561152
0.101284 -0.0594819 0.166766 -0.58929 0.557282 -0.584956
-0.164885 -0.377838 0.1349 0.58929 -0.557282 0.584956
-0.25725 -0.471993 -0.0512908 0.20205 0.802673 0.561152
-0.325846 -0.283018 -0.270123 -0.58929 0.557282 -0.584956
-0.269689 -0.149687 -0.196386 0.58929 -0.557282 0.584956
0.294571 0.282738 0.298077 -0.58929 0.557282 -0.584956
-0.0691051 -0.286936 -0.383741 0.20205 0.802673 0.561152
0.171794 0.390863 -0.117994 -0.782249 -0.212491 0.585606
0.0779395 -0.278804 -0.018662 -0.58929 0.557282 -0.584956
-0.150272 0.386757 0.323372 0.202049 0.802672 0.561155
0.131966 0.172617 0.360262 0.58929 -0.557282 0.584956
-0.108007 -0.347077 0.103619 -0.58929 0.557282 -0.584956
0.0702018 0.216566 -0.193158 -0.58929 0.557282 -0.584956
0.203387 0.49186 -0.0424279 0.782249 0.212491 -0.585606
-0.379208 -0.368522 -0.150962 0.782249 0.212491 -0.585606
-0.0645157 0.460562 0.175011 -0.58929 0.557282 -0.584956
0.096149 0.386035 -0.0578452 -0.58929 0.557282 -0.584956
-0.199729 0.0765778 0.250292 0.782249 0.212491 -0.585606
-0.410814 -0.258444 -0.153238 0.782249 0.212491 -0.585606
-0.292357 0.0801894 0.0421633 -0.58929 0.557282 -0.584956
-0.108699 0.440211 0.228517 -0.20205 -0.802673 -0.561152
0.248424 0.43183 0.111918 -0.20205 -0.802673 -0.561152
-0.174819 0.139731 -0.0195216 -0.58929 0.557282 -0.584956
0.325704 0.420153 0.0982258 -0.782249 -0.212491 0.585606
-0.123575 -0.226466 0.237495 0.58929 -0.557282 0.584956
0.0795115 0.42548 -0.00350614 -0.58929 0.557282 -0.584956
-0.333793 -0.341177 -0.214277 -0.20205 -0.802675 -0.56115
-0.092426 -0.0936485 0.329361 -0.58929 0.557282 -0.584956
0.328033 0.196734 0.0202685 -0.782249 -0.212491 0.585606
-0.0161655 -0.325087 -0.385568 0.536569 0.388601 -0.749054
-0.267685 0.296855 0.223723 -0.58929 0.557282 -0.584956
0.225483 0.172817 -0.125396 -0.782249 -0.212491 0.585606
-0.20996 0.356883 0.222759 -0.58929 0.557282 -0.584956
-0.205303 0.0363096 -0.0840524 0.58929 -0.557282 0.584956
-0.228087 0.134262 0.0289309 -0.58929 0.557282 -0.584956
-0.215069 0.41219 0.310325 0.202049 0.802673 0.561153
0.0859491 -0.00243952 0.236558 -0.58929 0.557282 -0.584956
-0.208035 0.0631033 0.234308 0.782249 0.212491 -0.585606
0.0399087 -0.0669786 0.224741 0.58929 -0.557282 0.584956
0.313943 -0.0876779 -0.0710431 0.58929 -0.557282 0.584956
-0.0946805 0.351139 0.101152 -0.58929 0.557282 -0.584956
-0.11924 0.146144 -0.0694023 -0.58929 0.557282 -0.584956
-0.375224 -0.359125 -0.138947 -0.782249 -0.212491 0.585606
0.0717364 -0.0161282 -0.39933 -0.782249 -0.212491 0.585606
0.0424732 0.181151 0.455261 -0.58929 0.557282 -0.584956
0.281338 -0.103802 -0.151159 -0.782249 -0.212491 0.585606
0.222698 0.222514 0.316394 0.58929 -0.557282 0.584956
0.156454 0.19879 -0.20818 -0.782249 -0.212491 0.585606
-0.138303 -0.294826 -0.386705 -0.25826 0.596356 -0.76004
-0.192175 -0.206398 -0.33179 -0.58929 0.557282 -0.584956
0.0080598 0.234866 -0.109833 0.58929 -0.557282 0.584956
0.022506 -0.0123965 0.294273 0.58929 -0.557282 0.584956
0.104972 -0.378446 -0.137536 0.58929 -0.557282 0.584956
-0.203045 -0.447338 0.0590399 -0.782249 -0.212491 0.585606
0.240934 0.335431 0.253045 -0.974969 0.219138 0.0375937
0.313146 0.341671 0.217578 -0.202049 -0.802674 -0.561151
0.22616 0.264141 -0.0913536 -0.782249 -0.212491 0.585606
-0.237602 -0.000235404 0.17183 0.782249 0.212491 -0.585606
-0.0844331 -0.141674 -0.378668 -0.58929 0.557282 -0.584956
0.321366 0.100873 0.0978218 -0.58929 0.557282 -0.584956
-0.053859 0.361581 0.324671 0.202049 0.802673 0.561153
-0.161788 0.171483 0.338695 -0.782249 -0.212491 0.585606
-0.213623 -0.00613148 0.201722 0.782249 0.212491 -0.585606
-0.0541945 -0.410165 -0.0106954 -0.58929 0.557282 -0.584956
-0.0402432 -0.106207 0.264827 -0.58929 0.557282 -0.584956
0.223297 0.32865 0.333965 -0.814582 0.455827 -0.358717
-0.355083 -0.127548 -0.0280126 -0.782249 -0.212491 0.585606
0.0444776 -0.0798586 -0.446356 0.58929 -0.557282 0.584956
0.21193 -0.0713936 0.0439522 -0.58929 0.557282 -0.584956
0.275055 -0.0947638 -0.156271 -0.782249 -0.212491 0.585606
0.0104372 -0.1806 0.146186 0.58929 -0.557282 0.584956
-0.169322 0.431277 0.26655 0.202049 0.802674 0.561152
-0.185348 -0.447732 -0.162453 0.579718 0.363788 -0.729099
-0.0941034 0.354007 0.103303 -0.58929 0.557282 -0.584956
-0.258573 0.038321 -0.0284713 0.58929 -0.557282 0.584956
0.18868 -0.29473 -0.142109 0.58929 -0.557282 0.584956
0.256024 -0.0971325 -0.0249901 -0.58929 0.557282 -0.584956
-0.273402 0.298687 0.231228 -0.58929 0.557282 -0.584956
0.0764067 0.309847 0.399853 0.136443 0.544311 -0.827713
-0.0315606 0.0352925 -0.263338 -0.58929 0.557282 -0.584956
-0.250141 0.365758 0.287884 0.782249 0.212491 -0.585606
0.215958 -0.368228 -0.242896 -0.58929 0.557282 -0.584956
-0.0497769 -0.409567 -0.0112883 0.58929 -0.557282 0.584956
0.0800491 -0.279567 -0.021515 -0.58929 0.557282 -0.584956
-0.0554662 0.409743 0.25995 -0.969049 0.246832 -0.00415082
0.117667 0.107292 0.309145 -0.58929 0.557282 -0.584956
0.10363 -0.383903 -0.141383 0.58929 -0.557282 0.584956
0.273101 -0.289836 -0.225781 -0.58929 0.557282 -0.584956
-0.198551 -0.135738 -0.258049 -0.58929 0.557282 -0.584956
0.231852 -0.0612719 0.0335254 -0.58929 0.557282 -0.584956
0.00250841 -0.213053 -0.518635 -0.202048 -0.802674 -0.561151
-0.158171 0.332309 0.147174 -0.58929 0.557282 -0.584956
-0.0341799 0.139473 0.496063 0.58929 -0.557282 0.584956
-0.239066 -0.211558 0.0931946 0.782249 0.212491 -0.585606
-0.10656 -0.240391 -0.440259 -0.20205 -0.802673 -0.561152
0.15465 0.447658 0.126469 0.202049 0.802674 0.561152
0.237968 -0.0371192 -0.184895 -0.782249 -0.212491 0.585606
-0.188618 0.234016 0.084204 -0.58929 0.557282 -0.584956
0.256039 -0.1556 -0.0774185 0.58929 -0.557282 0.584956
-0.0688843 -0.00138664 0.393542 -0.58929 0.557282 -0.584956
0.372454 0.161915 0.0669716 -0.782249 -0.212491 0.585606
0.2381 -0.407571 -0.299398 0.58929 -0.557282 0.584956
0.38652 0.319117 0.22342 -0.202049 -0.802674 -0.561152
0.184861 -0.186321 -0.313258 0.782249 0.212491 -0.585606
0.12531 -0.300126 -0.0834098 0.58929 -0.557282 0.584956
0.233524 0.234464 0.316872 0.58929 -0.557282 0.584956
0.0742675 0.296638 -0.120969 -0.58929 0.557282 -0.584956
-0.0410068 0.366253 0.330575 0.902526 0.0698837 -0.424927
0.164471 0.444534 -0.0676549 0.58929 -0.557282 0.584956
0.0670839 0.484023 0.0647874 -0.58929 0.557282 -0.584956
-0.0459173 0.254408 -0.040126 -0.58929 0.557282 -0.584956
-0.170372 0.00443996 -0.149604 0.58929 -0.557282 0.584956
-0.0550385 0.25135 -0.033851 -0.58929 0.557282 -0.584956
-0.218224 0.292229 0.303838 0.782249 0.212491 -0.585606
0.330634 0.196722 0.0237382 -0.782249 -0.212491 0.585606
0.192164 0.0532383 -0.213293 -0.782249 -0.212491 0.585606
0.141388 0.104276 -0.2626 -0.782249 -0.212491 0.585606
0.00332161 0.457448 0.163526 -0.20205 -0.802673 -0.561152
0.026884 0.417798 0.0454806 0.58929 -0.557282 0.584956
-0.27955 0.163723 0.175289 0.782249 0.212491 -0.585606
-0.239813 0.226882 0.254571 -0.782249 -0.212491 0.585606
-0.133206 -0.471494 0.0137614 0.58929 -0.557282 0.584956
0.000133848 -0.159019 -0.477098 0.58929 -0.557282 0.584956
0.0382873 0.140999 -0.22971 0.58929 -0.557282 0.584956
0.257835 -0.095213 -0.0216978 0.58929 -0.557282 0.584956
0.0266044 0.474922 0.168936 0.459665 -0.583661 0.669364
0.128436 0.503245 0.0563953 0.202048 0.802674 0.561151
0.032843 -0.0856383 -0.440141 0.58929 -0.557282 0.584956
0.232442 -0.217776 -0.112881 0.58929 -0.557282 0.584956
0.125743 0.274171 -0.190943 0.58929 -0.557282 0.584956
-0.0652159 -0.181138 -0.432338 0.58929 -0.557282 0.584956
-0.236762 -0.412985 -0.209104 -0.888595 -0.0906684 0.449641
-0.0839963 0.0472988 -0.195788 0.58929 -0.557282 0.584956
-0.267597 -0.257343 -0.304344 -0.58929 0.557282 -0.584956
-0.0893763 -0.087935 -0.322492 -0.58929 0.557282 -0.584956
-0.226633 -0.0669712 0.162266 0.782249 0.212491 -0.585606
-0.202926 0.347532 0.344339 0.782249 0.212491 -0.585606
-0.0146345 0.251263 0.464919 -0.202052 -0.802673 -0.561152
-0.200959 0.349539 0.206694 -0.58929 0.557282 -0.584956
0.00522672 -0.456721 -0.178126 0.656575 -0.536157 0.530513
-0.0312859 -0.0387193 0.323386 0.58929 -0.557282 0.584956
0.0457021 -0.409038 -0.110259 -0.58929 0.557282 -0.584956
-0.121578 0.0341073 0.339275 0.782249 0.212491 -0.585606
-0.0256044 0.469918 0.226488 -0.813281 0.456745 -0.360497
-0.226241 -0.377836 0.0499909 0.782249 0.212491 -0.585606
-0.225091 -0.0384264 -0.138606 -0.58929 0.557282 -0.584956
-0.13184 -0.046171 0.296438 0.782249 0.212491 -0.585606
0.00122826 -0.290629 0.0473514 -0.58929 0.557282 -0.584956
-0.199501 -0.278425 0.125065 -0.782249 -0.212491 0.585606
0.205484 0.417354 0.167526 -0.740837 -0.249497 0.623628
-0.371638 -0.192561 -0.0737173 -0.782249 -0.212491 0.585606
0.307233 0.342479 0.221978 0.202049 0.802674 0.56115
-0.0400789 0.367492 0.0617263 -0.58929 0.557282 -0.584956
-0.148709 0.29845 0.398953 0.782249 0.212491 -0.585606
0.0273323 -0.00891489 0.292728 0.58929 -0.557282 0.584956
-0.0575035 0.00332293 0.389851 0.58929 -0.557282 0.584956
0.21062 0.469656 0.071423 -0.20205 -0.802673 -0.561152
0.180775 0.521501 0.0114377 0.202047 0.802675 0.561151
0.289245 0.381281 0.0354194 -0.782249 -0.212491 0.585606
0.118812 -0.338666 -0.377408 0.202049 0.802673 0.561152
0.159482 0.465591 0.155806 -0.389533 -0.459836 0.798007
0.189371 -0.0202755 -0.243698 -0.782249 -0.212491 0.585606
-0.12745 -0.411613 0.0617237 -0.58929 0.557282 -0.584956
0.153456 0.388553 -0.109891 0.58929 -0.557282 0.584956
-0.128515 -0.0195851 -0.217947 -0.58929 0.557282 -0.584956
0.0992776 -0.395594 -0.288945 0.20205 0.802672 0.561153
-0.0261295 -0.113266 -0.407053 0.58929 -0.557282 0.584956
-0.267356 0.241726 0.170871 -0.58929 0.557282 -0.584956
0.323263 -0.0934546 -0.0946849 0.782249 0.212491 -0.585606
0.0960146 -0.107896 -0.400197 -0.782249 -0.212491 0.585606
0.0103475 0.212092 0.515382 0.20205 0.802673 0.561152
-0.16889 0.137551 -0.0242838 0.58929 -0.557282 0.584956
0.287081 0.371735 0.0257811 0.782249 0.212491 -0.585606
0.260745 0.111564 -0.100519 -0.782249 -0.212491 0.585606
0.0990296 -0.109943 -0.396913 -0.782249 -0.212491 0.585606
0.0768877 0.0576929 0.302974 -0.58929 0.557282 -0.584956
-0.0440024 -0.0948389 0.279445 -0.58929 0.557282 -0.584956
-0.0569301 -0.196024 -0.458154 -0.58929 0.557282 -0.584956
0.14526 -0.436499 -0.24699 0.20205 0.802673 0.561152
-0.134889 0.0763418 -0.120138 -0.58929 0.557282 -0.584956
0.242381 0.332835 0.26174 0.965649 -0.258867 0.0225904
0.25911 0.0627639 0.127521 0.58929 -0.557282 0.584956
0.0594345 -0.0137044 -0.398399 0.58929 -0.557282 0.584956
-0.228432 -0.495902 0.00422337 0.782249 0.212491 -0.585606
0.0130862 -0.00200507 -0.340561 0.58929 -0.557282 0.584956
0.276141 0.467149 0.0490728 -0.782249 -0.212491 0.585606
-0.27305 -0.0355264 0.114957 -0.782249 -0.212491 0.585606
-0.142723 -0.149819 -0.327706 -0.58929 0.557282 -0.584956
0.0758043 0.214653 -0.200624 -0.58929 0.557282 -0.584956
-0.0693221 0.105207 -0.155403 0.58929 -0.557282 0.584956
0.195901 0.045616 -0.214352 0.782249 0.212491 -0.585606
-0.164651 -0.518059 -0.0221661 -0.202051 -0.802673 -0.561153
0.349729 0.179743 0.147675 0.58929 -0.557282 0.584956
0.143196 -0.121152 0.0690789 0.58929 -0.557282 0.584956
0.15452 0.341112 -0.159447 -0.58929 0.557282 -0.584956
0.138394 0.479344 -0.0115087 -0.58929 0.557282 -0.584956
0.103029 -0.049436 0.177866 0.58929 -0.557282 0.584956
-0.25273 -0.0133538 -0.0835877 0.58929 -0.557282 0.584956
0.157512 -0.435387 -0.244712 0.58929 -0.557282 0.584956
0.0508453 -0.42314 -0.246448 0.947273 -0.305663 0.0961442
0.120285 0.239251 0.432224 -0.58929 0.557282 -0.584956
0.325075 0.10582 0.098798 -0.58929 0.557282 -0.584956
-0.337026 -0.23212 -0.210371 -0.58929 0.557282 -0.584956
-0.136712 0.387838 0.178458 -0.58929 0.557282 -0.584956
-0.123241 0.0402857 0.34258 -0.782249 -0.212491 0.585606
-0.359191 -0.0495229 -0.0107956 0.58929 -0.557282 0.584956
0.0248136 0.0410224 0.34284 0.58929 -0.557282 0.584956
