ply
format ascii 1.0
comment Created by Open3D
element vertex 2096
property double x
property double y
property double z
property double nx
property double ny
property double nz
end_header
-0.038456 -0.376472 0.286077 0.889987 0.427512 0.158608
-0.0359044 -0.286357 -0.222354 -0.327278 0.841092 -0.430643
0.212514 -0.449663 -0.136963 0.447808 -0.753862 -0.480791
-0.376455 0.284199 0.180253 0.4548 -0.857307 -0.241209
-0.21713 0.0836174 0.0485381 0.889987 0.427512 0.15861
0.353722 -0.319391 -0.151468 -0.447808 0.753862 0.480791
0.110678 -0.41885 0.323127 0.377441 -0.885854 0.269818
-0.0483718 0.333794 0.371926 0.0097299 0.329955 -0.943947
-0.0879987 -0.212557 0.465595 0.0859737 -0.498924 0.862371
-0.155332 -0.121752 -0.00947028 -0.889987 -0.427512 -0.15861
-0.341796 0.326017 0.210423 -0.447808 0.753863 0.480791
0.192203 -0.273361 -0.422787 0.255855 -0.180269 -0.949758
0.0538755 -0.106651 -0.462213 -0.255855 0.180269 0.949759
-0.166862 -0.116455 0.0409478 -0.889987 -0.427512 -0.15861
-0.145341 0.0195116 -0.181493 0.889987 0.427512 0.15861
-0.183992 0.424721 -0.201296 -0.377441 0.885854 -0.269818
0.152744 -0.0633585 0.522936 0.889987 0.427512 0.15861
-0.193034 0.431349 -0.0631141 0.37744 -0.885854 0.269818
-0.187888 0.0337154 0.0189566 0.889987 0.427512 0.15861
-0.0681917 -0.405998 0.267715 -0.889987 -0.427512 -0.158609
-0.179749 0.174664 -0.460825 -0.0859737 0.498924 -0.862371
-0.0134027 -0.291821 -0.346625 -0.454801 0.857306 0.241211
-0.27638 0.245249 0.397992 -0.447808 0.753862 0.480791
-0.132047 0.326631 -0.37766 -0.0859737 0.498924 -0.862371
-0.180026 0.0480005 -0.328456 -0.889987 -0.427511 -0.15861
-0.00404538 0.386887 -0.277986 0.384663 -0.890685 0.24231
-0.0681897 -0.178937 -0.125459 0.0215084 0.308093 -0.951113
0.219483 -0.296529 -0.312344 -0.447808 0.753863 0.48079
-0.307735 0.152128 0.10748 -0.889987 -0.427512 -0.158608
-0.101934 -0.207147 0.470115 0.0859737 -0.498924 0.862371
-0.0970069 0.362939 -0.266519 0.117239 -0.550682 0.826441
-0.123424 -0.105869 -0.0261995 -0.439273 0.897138 0.0467215
-0.239757 0.209596 -0.428855 -0.889987 -0.427512 -0.15861
-0.308152 0.130291 0.418707 -0.255855 0.180269 0.949758
-0.267513 0.396996 -0.0717142 0.377441 -0.885854 0.269818
-0.141591 -0.148465 -0.0145716 -0.889987 -0.427512 -0.15861
-0.0679307 -0.30272 0.252676 0.889987 0.427511 0.15861
-0.00985641 0.0961031 0.476073 0.255855 -0.180269 -0.949759
-0.290113 0.405702 0.133618 -0.447808 0.753862 0.480791
0.0756244 -0.403864 0.282187 -0.292168 0.267584 0.91817
-0.102625 0.431731 -0.292103 -0.377441 0.885854 -0.269818
-0.110003 0.104076 0.477062 -0.255855 0.180269 0.949759
-0.294354 0.197312 0.352816 -0.255859 0.180277 0.949756
-0.037156 0.176968 -0.473708 -0.0859735 0.498924 -0.862371
-0.112045 0.390985 -0.342423 -0.0859737 0.498924 -0.862371
0.18289 -0.168717 -0.415677 -0.255855 0.180269 0.949758
-0.388313 0.312437 0.188389 -0.447808 0.753863 0.480791
-0.145225 0.427879 -0.245158 -0.377441 0.885854 -0.269818
0.021149 0.0207285 -0.495206 -0.255855 0.180269 0.949759
0.176939 -0.0752326 -0.464504 0.255855 -0.180269 -0.949759
-0.18058 0.326955 0.300872 0.447808 -0.753862 -0.480791
-0.260649 0.348849 -0.343163 -0.377441 0.885854 -0.269818
-0.115986 -0.25704 0.390741 0.217002 -0.0911686 -0.971904
-0.226336 0.39131 -0.251754 -0.377441 0.885854 -0.269818
-0.202452 0.0832345 -0.297589 -0.889987 -0.427512 -0.15861
0.0218805 0.0386494 -0.49841 -0.255855 0.180269 0.949759
0.0433354 -0.0240229 0.542683 -0.255855 0.180269 0.949758
-0.20939 -0.192462 0.489324 0.0859737 -0.498924 0.862371
0.201411 -0.258706 -0.34414 -0.0323052 -0.28785 0.957131
-0.110043 -0.201401 0.474247 0.0859737 -0.498924 0.862371
-0.149038 0.126094 -0.448028 0.889987 0.42751 0.158613
-0.0498068 -0.225488 0.454306 0.0859737 -0.498924 0.862371
-0.0541669 0.0863095 0.465995 0.255855 -0.180269 -0.949759
0.0195644 0.128873 0.507259 -0.255855 0.180269 0.949759
0.223963 -0.392892 0.146108 -0.37744 0.885854 -0.269818
-0.0189544 0.390602 -0.317869 0.415419 -0.616751 -0.668615
-0.217862 0.401783 -0.229226 -0.377441 0.885854 -0.269818
0.0160875 -0.305736 0.40131 0.0859737 -0.498924 0.862371
-0.0301666 0.0944944 -0.489652 0.0859737 -0.498924 0.862371
0.167641 -0.358349 -0.321935 0.447808 -0.753862 -0.480791
-0.126275 0.428087 -0.167211 0.377441 -0.885854 0.269818
0.292662 -0.3374 0.335969 0.377437 -0.885855 0.26982
0.0445497 -0.424226 -0.315765 -0.889987 -0.427512 -0.15861
0.133624 -0.364645 -0.28551 -0.447808 0.753863 0.480791
-0.294252 0.166289 0.25845 0.889987 0.427512 0.15861
-0.169302 0.0311703 -0.154249 -0.455873 0.841944 0.288634
-0.19157 0.428898 -0.073212 0.37744 -0.885854 0.269818
-0.297099 0.129732 0.108164 -0.889987 -0.427511 -0.15861
-0.180954 0.443929 0.117113 0.447808 -0.753862 -0.480791
0.358495 -0.367371 0.0417075 -0.37744 0.885854 -0.269818
-0.0288494 -0.247196 0.40719 -0.0859737 0.498924 -0.862371
-0.170553 0.0957837 -0.245606 0.889987 0.427512 0.15861
-0.104606 0.440649 0.251602 -0.447808 0.753862 0.480791
0.131118 -0.338583 0.278911 -0.201776 0.681161 -0.70378
-0.15941 0.231312 -0.397611 0.0859736 -0.498924 0.862371
0.0275043 -0.296288 0.37317 -0.0859736 0.498924 -0.862371
-0.0396757 -0.0476093 0.495317 0.255855 -0.180269 -0.949759
-0.131968 -0.142356 -0.0850334 -0.889987 -0.427512 -0.15861
-0.00381353 -0.0236053 0.529903 -0.255855 0.180268 0.949759
-0.180671 0.494312 0.096614 -0.447808 0.753862 0.480791
0.398104 -0.327213 -0.142637 0.889987 0.427512 0.15861
0.163182 -0.453852 -0.118107 -0.447808 0.753862 0.480791
0.0605591 -0.213422 -0.440147 -0.255855 0.180269 0.949758
-0.207159 0.15297 -0.459137 -0.889987 -0.427512 -0.15861
-0.206443 0.421094 -0.181798 -0.377441 0.885854 -0.269818
0.00757372 0.475136 -0.199979 0.37744 -0.885854 0.269818
0.143067 -0.300791 0.359043 -0.0859737 0.498924 -0.862371
-0.294744 0.420757 0.0443908 0.37744 -0.885854 0.269818
-0.191253 0.117098 -0.451703 -0.889986 -0.427515 -0.158609
0.0727842 -0.469295 -0.0879193 0.889987 0.427512 0.15861
-0.143374 -0.0478289 -0.062026 0.0691699 -0.470388 0.879745
0.211101 -0.0276302 -0.464337 0.255855 -0.180269 -0.949759
0.142283 -0.304247 -0.430373 0.255855 -0.180268 -0.949759
-0.108684 0.408037 0.240702 0.447808 -0.753862 -0.480791
-0.185745 -0.0646473 0.0519234 0.217004 -0.0911733 -0.971904
0.222297 -0.372323 -0.190881 -0.447808 0.753862 0.480791
-0.0604694 -0.415121 0.248974 -0.889987 -0.427511 -0.15861
-0.209477 0.215588 -0.350114 0.889987 0.427512 0.15861
-0.193435 0.212739 0.433961 -0.255855 0.180269 0.949758
-0.322134 0.313195 -0.219494 0.257876 -0.758759 0.598151
0.101157 -0.534478 -0.107695 0.447808 -0.753862 -0.480791
0.126236 -0.0215911 0.522252 -0.0859737 0.498924 -0.862371
-0.332603 0.403413 -0.0633662 -0.377441 0.885854 -0.269818
0.091445 -0.14498 0.454334 -0.0859737 0.498924 -0.862371
0.256396 -0.341495 -0.265695 0.447808 -0.753862 -0.48079
0.0639551 -0.322404 0.354426 -0.0859737 0.498924 -0.862371
0.038808 -0.0998681 0.518149 0.0859736 -0.498924 0.862371
-0.208174 0.435176 0.105483 0.447808 -0.753862 -0.480791
-0.257989 0.00328777 0.456326 -0.255855 0.180269 0.949759
0.294786 -0.256186 -0.305464 -0.447808 0.753863 0.48079
0.297637 -0.402433 0.0117248 -0.37744 0.885854 -0.269818
0.255226 -0.238726 -0.412383 0.255855 -0.180269 -0.949758
0.287695 0.00586684 -0.450061 0.255855 -0.180269 -0.949759
-0.119566 0.331033 -0.376358 -0.0859737 0.498924 -0.862371
-0.125518 0.166899 0.431477 0.255855 -0.180269 -0.949759
-0.110064 -0.15856 0.0743373 0.444824 -0.890478 -0.0958184
-0.181212 0.0220456 0.473449 -0.255855 0.180269 0.949759
-0.299749 0.344744 -0.191705 0.889987 0.427513 0.15861
-0.0251756 -0.0838002 0.533824 0.0859736 -0.498924 0.862371
0.0782692 -0.505026 0.0855363 0.37744 -0.885854 0.269818
-0.0126333 -0.208772 -0.450631 -0.369517 0.472376 0.800199
-0.125904 -0.169703 -0.0453546 -0.889987 -0.427511 -0.158609
0.0311562 -0.501137 0.164208 0.37744 -0.885854 0.269818
0.0985442 -0.478028 0.145811 0.37744 -0.885854 0.269818
-0.299987 0.321282 -0.364012 -0.0859737 0.498924 -0.862371
0.105574 -0.27913 -0.409424 0.276305 -0.782318 0.558242
0.185625 -0.209643 0.440002 0.0859737 -0.498924 0.862371
-0.342377 0.34031 0.0594392 0.889987 0.427512 0.15861
-0.151296 -0.107639 0.103219 -0.369518 0.472377 0.800198
-0.177958 0.444612 0.118832 0.447808 -0.753862 -0.480791
-0.172164 -0.0471763 -0.116035 -0.889987 -0.427512 -0.15861
-0.0458042 0.441686 0.246508 0.447808 -0.753862 -0.480791
-0.203874 0.443196 -0.112825 -0.377441 0.885854 -0.269818
-0.120096 0.0726327 -0.466331 0.889987 0.427512 0.158609
0.0671604 0.0989469 0.525761 -0.255855 0.180269 0.949759
0.121288 -0.488533 -0.102748 -0.447808 0.753862 0.480791
-0.0591883 0.0768867 -0.529414 -0.0859737 0.498924 -0.862371
-0.204337 0.477156 0.101471 -0.447808 0.753862 0.480791
0.121652 -0.0761308 -0.479228 0.255855 -0.180269 -0.949759
-0.0431126 0.358637 -0.36801 -0.0859737 0.498924 -0.862371
-0.372726 0.34158 -0.0384863 -0.889987 -0.427511 -0.15861
-0.147096 -0.17028 0.17479 -0.454618 0.804984 0.381213
-0.341729 0.375133 -0.143447 -0.377441 0.885854 -0.269818
0.0380085 -0.290978 -0.373418 0.889987 0.427512 0.15861
-0.294424 0.349134 0.160062 0.447808 -0.753862 -0.480791
-0.163663 0.401554 -0.305795 -0.377441 0.885854 -0.269818
0.0641649 -0.21774 0.447427 0.0859737 -0.498924 0.862371
0.106561 -0.437683 0.267054 0.377441 -0.885854 0.269818
-0.313803 0.387025 0.140836 -0.447802 0.753868 0.480786
0.237653 -0.230836 0.422554 0.0859737 -0.498924 0.862371
-0.0936877 0.130428 -0.46253 0.0859737 -0.498924 0.862371
-0.0930471 0.407532 0.256058 0.447808 -0.753862 -0.480791
0.177645 -0.257891 -0.346146 -0.142958 -0.0687037 0.987341
0.0120229 -0.302989 -0.210557 0.444824 -0.890477 -0.0958194
0.0602546 -0.204125 0.423225 -0.0859737 0.498924 -0.862371
-0.311585 0.193433 0.282547 0.88999 0.427507 0.158608
0.0293222 -0.278555 -0.358161 0.889987 0.427512 0.15861
0.396481 -0.333524 -0.116518 0.889987 0.427512 0.15861
-0.201938 0.450772 -0.0906604 -0.377441 0.885854 -0.269818
-0.24278 0.390316 -0.128244 0.377441 -0.885854 0.269818
-0.181489 -0.00146767 -0.186913 -0.889987 -0.427512 -0.15861
0.163951 -0.168117 -0.450374 0.255855 -0.180269 -0.949759
0.0939796 -0.381463 -0.3543 0.447808 -0.753863 -0.480791
-0.0252929 -0.209247 0.428791 -0.0859737 0.498924 -0.862371
0.267691 -0.41575 -0.138746 0.447808 -0.753862 -0.480791
0.101501 -0.142648 -0.472031 0.255855 -0.180269 -0.949759
-0.0457638 0.454306 0.226758 0.447808 -0.753862 -0.480791
-0.0331302 0.207313 -0.456553 -0.0859735 0.498924 -0.862371
0.356574 -0.332797 -0.186028 0.447808 -0.753862 -0.480791
0.249305 0.0812106 -0.445223 -0.255855 0.180269 0.949759
0.140838 -0.036564 0.512134 -0.0859737 0.498924 -0.862371
0.314613 -0.354899 0.247812 0.377441 -0.885854 0.269818
-0.0171678 0.208911 0.482173 -0.255855 0.180269 0.949759
0.0819819 -0.218118 -0.462965 0.255855 -0.180268 -0.949759
-0.366701 0.27486 0.207593 0.431851 -0.67858 -0.594167
-0.197205 0.0105598 -0.0899394 -0.416135 0.903699 -0.100796
-0.0394269 0.29963 -0.370048 0.0859736 -0.498924 0.862371
-0.154939 0.126268 -0.438964 -0.217002 0.0911686 0.971905
0.0891589 0.117164 -0.520901 -0.0859737 0.498924 -0.862371
-0.0373564 -0.249268 0.439308 0.0859737 -0.498924 0.862371
0.156939 -0.458926 0.126838 0.377429 -0.885853 0.269837
-0.0640547 0.162349 0.448899 0.255855 -0.180269 -0.949759
0.326396 -0.0977444 -0.390489 -0.255855 0.180269 0.949759
0.231657 -0.247921 -0.340058 0.012891 -0.371289 0.928428
-0.00237081 -0.291765 -0.290766 -0.42491 0.903757 -0.0517131
-0.0756921 -0.384815 0.364709 0.0859737 -0.498924 0.862371
0.325299 -0.0877339 -0.392684 -0.255855 0.180269 0.949759
0.201004 -0.402073 -0.164066 -0.447808 0.753862 0.480791
0.0236797 -0.345724 -0.410252 -0.889987 -0.427512 -0.15861
0.209228 -0.258938 -0.378602 -0.357267 0.869907 -0.340033
0.213038 -0.255167 -0.37448 -0.276304 0.782317 -0.558243
0.233752 -0.1918 0.414581 0.889987 0.427512 0.15861
-0.179485 -0.211906 0.36905 -0.889988 -0.42751 -0.158611
0.295344 -0.338788 0.327662 0.377441 -0.885854 0.269818
-0.261573 0.419049 -0.111391 -0.377441 0.885854 -0.269818
-0.259469 0.373244 -0.26472 -0.377439 0.885854 -0.269819
-0.129505 0.0600824 -0.379709 0.889987 0.427512 0.158609
-0.261534 0.332951 -0.361095 -0.0859737 0.498924 -0.862371
-0.152231 0.425878 -0.241925 -0.377441 0.885854 -0.269818
0.194935 -0.393704 0.184051 -0.37744 0.885854 -0.269818
0.16756 -0.132549 -0.456152 0.255855 -0.180269 -0.949759
-0.0894843 0.49716 0.177079 -0.447808 0.753862 0.480791
-0.233282 0.173124 0.430746 -0.255855 0.180269 0.949758
-0.0748571 -0.0187107 0.509835 -0.255855 0.180268 0.949759
-0.329561 0.31995 -0.00366142 0.438611 -0.70751 -0.554121
0.110264 -0.375982 0.318226 0.274355 -0.22421 -0.935125
0.381885 -0.305514 -0.146996 -0.447808 0.753862 0.480791
-0.319212 0.229942 0.382099 -0.447808 0.753862 0.480791
-0.176351 0.49855 0.0304082 -0.377441 0.885854 -0.269818
0.187824 -0.12007 0.478955 0.889987 0.427512 0.15861
-0.29397 0.373004 -0.113474 0.377441 -0.885854 0.269818
0.271684 -0.340012 0.252968 -0.377436 0.885854 -0.269822
-0.197999 0.418449 -0.15095 0.132811 0.340141 0.930949
-0.00612415 -0.351327 0.344679 -0.0859736 0.498924 -0.862371
-0.171308 -0.256299 0.448594 0.0859737 -0.498924 0.862371
-0.0994518 -0.118512 -0.0669633 0.889987 0.427512 0.15861
0.328839 -0.360316 0.106353 -0.37744 0.885854 -0.269818
-0.0939541 -0.356027 0.277583 -0.889987 -0.427512 -0.15861
0.238275 -0.199093 -0.424472 0.255855 -0.180268 -0.949759
-0.0792166 0.0963184 0.457347 0.255855 -0.180269 -0.949759
-0.187311 0.0177421 -0.0719566 -0.395505 0.896848 -0.198088
0.0625641 -0.432862 -0.30297 0.447808 -0.753862 -0.480791
0.161284 0.210766 -0.44147 0.0859737 -0.498924 0.862371
-0.212413 0.19563 0.372667 0.448093 -0.884406 -0.130528
-0.215422 0.0392476 0.431487 0.255855 -0.180269 -0.949759
-0.0847853 -0.0225177 0.507883 -0.255855 0.180268 0.949759
0.0851342 -0.243797 0.397793 -0.0859736 0.498924 -0.862371
-0.173747 0.511854 0.0704415 -0.377441 0.885854 -0.269818
-0.215875 0.280418 0.399203 -0.447808 0.753862 0.480791
-0.0713649 -0.411129 0.299351 -0.889987 -0.427512 -0.15861
0.285736 -0.354738 0.288734 0.377441 -0.885854 0.269818
0.115027 0.295254 -0.387978 0.0859737 -0.498924 0.862371
0.156385 -0.440847 -0.144828 -0.447808 0.753862 0.480791
0.264485 -0.335311 0.27847 -0.37744 0.885854 -0.269818
0.263083 0.0566505 -0.43685 -0.255855 0.180269 0.949759
0.136032 0.146376 -0.476205 0.0859737 -0.498924 0.862371
0.233487 -0.324204 -0.314145 0.447808 -0.753862 -0.480791
-0.196204 0.245814 -0.418021 -0.0859737 0.498924 -0.862371
-0.215335 0.207626 -0.295781 0.889987 0.427513 0.158609
-0.191814 0.26844 0.387428 0.432635 -0.901566 0.00245948
-0.02261 -0.173671 0.481574 0.0859737 -0.498924 0.862371
-0.221066 0.0963766 0.448604 -0.255855 0.180269 0.949759
0.248144 -0.428317 0.0997497 0.377441 -0.885854 0.269818
-0.135272 -0.098885 0.00269173 -0.21915 0.706056 -0.673394
-0.0567336 0.498898 -0.0320088 0.37744 -0.885854 0.269818
-0.179084 -0.0441414 0.457104 0.255855 -0.180269 -0.949759
0.386343 -0.361924 -0.0543934 -0.447808 0.753862 0.480791
-0.329018 0.242169 0.238343 0.217002 -0.0911675 -0.971905
-0.25684 0.226537 -0.378658 -0.889987 -0.427511 -0.158614
0.304944 -0.340697 0.204193 -0.37744 0.885854 -0.269818
-0.349277 0.154138 0.335163 -0.889988 -0.42751 -0.158611
0.357599 -0.363607 -0.136763 0.447808 -0.753862 -0.480791
0.286862 -0.366758 0.247696 0.377441 -0.885854 0.269818
-0.0362853 -0.328846 0.393161 0.0859737 -0.498924 0.862371
0.0285167 -0.470003 -0.102413 -0.889987 -0.427511 -0.15861
-0.0869863 -0.22503 -0.114599 -0.889987 -0.427512 -0.15861
-0.196171 -0.176071 0.366091 -0.889988 -0.427508 -0.15861
-0.1891 0.287802 0.412563 -0.447808 0.753862 0.480791
0.147589 -0.0856405 -0.470436 0.255855 -0.180269 -0.949759
-0.0915943 0.547878 0.0737956 -0.377441 0.885854 -0.269818
-0.0988133 0.0348655 -0.483955 0.889987 0.427512 0.15861
0.411159 -0.392602 -0.039642 0.889987 0.427512 0.15861
0.101597 -0.140922 -0.472333 0.255855 -0.180269 -0.949759
-0.00201946 -0.0774803 0.535172 0.0859736 -0.498924 0.862371
-0.118785 -0.168427 -0.0887372 -0.889987 -0.427512 -0.15861
0.0725813 -0.247557 0.396869 -0.0859736 0.498924 -0.862371
0.0130042 -0.227535 -0.424229 -0.41513 0.615737 0.669728
0.209604 0.0844637 -0.486016 0.255855 -0.180269 -0.949759
-0.029712 -0.304576 -0.22157 -0.889987 -0.427512 -0.15861
0.156705 0.0676981 -0.497084 0.255855 -0.180269 -0.949759
0.0319844 -0.385563 -0.148075 0.0667521 0.221942 -0.972772
-0.122667 -0.0130232 -0.485823 -0.889987 -0.427512 -0.15861
0.181634 0.182695 -0.459739 0.0859737 -0.498924 0.862371
0.00881337 -0.283159 0.415097 0.0859737 -0.498924 0.862371
-0.245511 0.380489 0.214692 -0.447809 0.753861 0.480791
-0.280023 0.333367 0.256433 -0.447808 0.753863 0.480791
0.185448 0.0402768 -0.454656 -0.255855 0.180269 0.949759
0.292996 -0.415066 -0.116249 0.447808 -0.753862 -0.480791
0.109041 0.353922 -0.356564 0.889987 0.427512 0.15861
0.196228 -0.403458 -0.166344 -0.447808 0.753862 0.480791
-0.0191241 0.508671 -0.156305 -0.377441 0.885854 -0.269818
0.0649178 -0.260897 0.389915 -0.0859736 0.498924 -0.862371
-0.120734 -0.285699 0.388615 0.0891558 0.177979 -0.979987
0.114578 -0.297148 -0.41386 -0.341094 0.393324 0.853786
0.102547 -0.0219894 0.556852 0.0859736 -0.498924 0.862371
0.236381 0.0163607 -0.465876 0.255855 -0.180269 -0.949759
-0.0773372 -0.0330242 0.482403 0.255855 -0.180269 -0.949759
-0.0442047 0.454708 0.23167 0.889987 0.427511 0.15861
-0.345126 0.338734 0.0791096 0.889989 0.427509 0.158606
0.0773578 -0.0206229 0.521723 0.255855 -0.180269 -0.949759
0.0269933 0.0690579 -0.502805 -0.255855 0.180269 0.949759
-0.149606 0.0415403 -0.216937 0.889987 0.427512 0.15861
0.223034 -0.37819 0.29945 0.377441 -0.885854 0.269818
-0.169082 -0.0686596 -0.0754195 -0.88999 -0.427509 -0.158602
0.0685534 -0.0239874 -0.473949 -0.255855 0.180269 0.949759
-0.136075 -0.0887232 0.058244 0.889988 0.427511 0.158609
0.234207 -0.310467 0.337564 0.394282 -0.54677 -0.738637
0.0577416 -0.360634 -0.296394 0.889988 0.42751 0.15861
0.188536 -0.307896 0.292444 -0.241279 0.736671 -0.631744
-0.0509953 0.46891 0.198987 0.447808 -0.753862 -0.480791
-0.290226 0.409191 -0.103674 -0.377441 0.885854 -0.269818
-0.164949 0.430114 0.153681 0.447808 -0.753862 -0.480791
0.231284 -0.372615 0.202442 -0.377436 0.885854 -0.269822
-0.163993 0.149658 0.453866 -0.255855 0.180269 0.949759
0.201648 -0.497212 -0.0725278 0.447808 -0.753862 -0.480791
-0.187006 0.455503 0.151565 -0.447808 0.753862 0.480791
-0.0824935 -0.0550855 0.485202 0.255855 -0.180269 -0.949759
0.3161 -0.113331 -0.390304 -0.255855 0.180269 0.949759
0.00123878 -0.0703735 -0.512759 0.255855 -0.180269 -0.949759
0.114273 0.154391 -0.501867 -0.0859737 0.498924 -0.862371
-0.325439 0.0894249 0.375828 -0.889987 -0.427512 -0.158609
0.314024 -0.380638 -0.150646 0.447808 -0.753862 -0.480791
-0.072962 0.360816 -0.363773 -0.0859737 0.498924 -0.862371
0.0376407 -0.337181 -0.452311 0.255855 -0.180269 -0.949758
0.119801 -0.245296 -0.41662 -0.307381 0.819405 -0.48383
-0.100152 -0.312036 0.225065 0.236724 -0.135889 -0.962027
0.0556075 -0.429064 -0.0999756 0.889987 0.427512 0.15861
0.110975 -0.428449 -0.206562 -0.447808 0.753862 0.480791
-0.0153209 -0.129907 0.473699 -0.0859737 0.498924 -0.862371
-0.333849 0.242693 0.290237 0.447808 -0.753862 -0.48079
-0.0622809 -0.220273 -0.145106 -0.0915493 0.508283 -0.85631
-0.0606065 0.131106 -0.497903 -0.0859735 0.498924 -0.862371
-0.0391775 -0.130504 0.475732 -0.0859737 0.498924 -0.862371
-0.343099 0.347515 -0.220724 -0.889987 -0.427512 -0.15861
0.171087 -0.111781 -0.459144 0.255855 -0.180269 -0.949759
-0.326243 0.234667 0.253653 0.889988 0.427509 0.158609
0.17433 -0.320774 0.376834 0.0859737 -0.498924 0.862371
0.153342 0.286652 -0.423827 0.889987 0.427512 0.15861
-0.263755 0.338556 0.205214 0.447808 -0.753862 -0.480791
-0.0943413 -0.179195 0.453061 -0.0859737 0.498924 -0.862371
-0.261271 0.438772 -0.0470616 -0.377441 0.885854 -0.269818
0.283267 -0.432989 0.035279 0.377441 -0.885854 0.269818
-0.133899 0.353068 -0.309425 -0.439277 0.897134 0.046751
-0.00240027 0.115467 0.503887 -0.255855 0.180269 0.949759
-0.11858 -0.166977 0.0945952 0.454801 -0.857306 -0.241211
-0.1725 0.297347 -0.39057 -0.0859737 0.498924 -0.862371
-0.0372975 -0.378553 0.227571 0.0215088 0.308094 -0.951113
0.270508 -0.201444 -0.360726 0.41513 -0.615738 -0.669727
-0.0973825 -0.340432 0.332964 -0.383702 0.890073 -0.246053
0.296783 -0.409993 0.0918703 0.377441 -0.885854 0.269818
-0.0595495 0.390724 0.313612 0.447808 -0.753862 -0.480791
-0.108409 0.0894523 -0.517237 -0.0859735 0.498924 -0.862371
0.210424 -0.408403 -0.145367 -0.447808 0.753862 0.480791
0.0742805 -0.0856836 -0.460695 -0.255855 0.180269 0.949759
-0.15085 0.192338 0.419825 0.255855 -0.180269 -0.949759
-0.28904 0.261645 -0.292611 -0.889987 -0.427511 -0.158609
0.110195 -0.0314554 -0.461313 -0.255855 0.180269 0.949759
0.132087 -0.432064 -0.239467 0.447808 -0.753862 -0.480791
0.0439414 -0.0531295 -0.475047 -0.255855 0.180269 0.949759
-0.0985885 -0.148475 0.00895402 0.889987 0.427512 0.15861
-0.248189 0.215466 0.388556 -0.113694 0.544902 -0.830756
-0.273384 0.09316 0.0736731 -0.889987 -0.427511 -0.15861
0.0095783 0.158354 -0.456668 0.0859737 -0.498924 0.862371
0.0654158 -0.122318 -0.45613 -0.255855 0.180269 0.949759
0.191837 -0.485971 -0.099292 0.447808 -0.753862 -0.480791
-0.190241 0.454109 0.0925006 0.447808 -0.753862 -0.480791
0.183864 -0.478207 0.0258719 0.377441 -0.885854 0.269818
0.307058 -0.352829 0.265174 0.377441 -0.885854 0.269818
0.0188422 -0.510882 0.0620543 -0.889987 -0.427513 -0.158608
-0.17114 -0.0441193 0.0395012 0.42491 -0.903757 0.051715
0.00401925 -0.257099 0.398184 -0.0859736 0.498924 -0.862371
0.0813378 -0.268038 0.416615 0.0859737 -0.498924 0.862371
0.198688 -0.310472 0.287183 -0.160291 0.618956 -0.768896
-0.173963 0.474761 0.133517 -0.447808 0.753862 0.480791
0.249182 -0.184443 -0.424314 0.255855 -0.180269 -0.949759
0.0440149 0.284499 -0.419588 -0.0859735 0.498924 -0.862371
-0.302977 0.375648 -0.0921934 0.377441 -0.885854 0.269818
0.314728 -0.271668 -0.262615 -0.447808 0.753862 0.48079
0.102512 -0.346641 0.33656 -0.0859737 0.498924 -0.862371
-0.0184563 -0.334677 0.355542 -0.0859736 0.498924 -0.862371
0.0972779 -0.529651 -0.0219049 0.37744 -0.885854 0.269818
0.0233048 -0.280658 -0.318729 0.889986 0.427513 0.158611
0.188306 -0.434836 0.119611 -0.826434 -0.190776 0.529728
-0.00463028 0.407052 -0.343836 -0.0859737 0.498924 -0.862371
0.0272976 -0.195543 0.463944 0.0859737 -0.498924 0.862371
0.0558338 -0.0277776 -0.476656 -0.255855 0.180269 0.949759
-0.0813869 -0.00278265 0.475572 0.255855 -0.180269 -0.949759
0.0186914 -0.0976302 -0.502884 0.255855 -0.180269 -0.949759
0.0486115 0.15925 0.507228 0.889987 0.427512 0.15861
0.264987 -0.265881 -0.376254 0.447808 -0.753862 -0.480791
-0.358449 0.154812 0.384807 -0.889987 -0.427511 -0.158613
-0.121391 0.424539 0.261228 -0.447808 0.753862 0.480791
-0.328954 0.300745 0.0907629 0.889987 0.427512 0.15861
-0.0631794 -0.308259 0.240945 0.889987 0.427512 0.15861
-0.354084 0.380541 0.0166875 0.889987 0.427511 0.15861
0.277804 -0.205981 -0.328209 -0.185128 0.0208855 0.982492
-0.196532 -0.0216611 -0.0480741 -0.889987 -0.427512 -0.15861
0.304836 -0.379353 -0.102982 -0.447808 0.753862 0.480791
-0.0355817 -0.481997 0.28958 -0.889987 -0.427512 -0.15861
0.14423 -0.177132 -0.424494 -0.255855 0.180269 0.949758
-0.163899 0.0769621 -0.497008 -0.889987 -0.427512 -0.15861
-0.312873 0.420781 0.0887759 -0.447808 0.753862 0.480791
0.0309011 -0.33223 -0.455066 0.255855 -0.180269 -0.949758
-0.0561747 -0.270023 -0.166215 -0.889987 -0.427511 -0.15861
0.0363114 -0.513764 0.115541 0.37744 -0.885854 0.269818
0.222572 -0.462845 -0.106926 0.447808 -0.753862 -0.480791
0.0845979 -0.243701 -0.427924 -0.255855 0.180269 0.949758
-0.00756043 0.512297 -0.129171 0.889987 0.427511 0.15861
-0.142051 -0.0531137 0.468783 0.255855 -0.180269 -0.949759
-0.195037 0.26545 0.392918 0.454619 -0.80499 -0.381198
0.210536 0.0125826 -0.442641 -0.255855 0.180269 0.949759
0.273929 -0.349158 0.2198 -0.37744 0.885854 -0.269818
0.0956796 -0.477227 -0.202563 0.447808 -0.753862 -0.480791
0.233901 -0.0803374 -0.448191 0.255855 -0.180269 -0.949759
0.344523 -0.39064 0.088628 0.377441 -0.885854 0.269818
-0.0853213 -0.40236 0.355518 0.0859737 -0.498924 0.862371
0.134185 -0.459368 0.157219 0.37744 -0.885854 0.269818
0.200752 0.199595 -0.455202 0.889987 0.427512 0.15861
-0.0316683 -0.485117 0.276031 -0.889987 -0.427512 -0.15861
-0.102363 0.463817 0.217365 -0.447808 0.753862 0.480791
0.159978 -0.3445 0.364538 0.0859737 -0.498924 0.862371
0.17801 0.155845 -0.507379 -0.0859737 0.498924 -0.862371
-0.165795 0.155873 -0.473088 -0.0859737 0.498924 -0.862371
-0.138606 -0.11002 -0.0123581 -0.357265 0.869906 -0.340038
-0.162055 0.059813 -0.362977 -0.406325 0.901394 -0.149628
-0.215835 0.453182 -0.0633087 -0.377441 0.885854 -0.269818
-0.00474544 -0.185695 -0.492482 0.255855 -0.180269 -0.949759
-0.330913 0.0946441 0.392477 -0.889987 -0.427512 -0.158609
0.0238314 -0.364292 -0.361054 -0.889987 -0.427512 -0.15861
0.261807 0.017843 -0.459308 0.255855 -0.180269 -0.949759
0.0700122 -0.345464 0.340481 -0.0859737 0.498924 -0.862371
-0.106824 0.240747 0.422497 0.255855 -0.180269 -0.949759
0.299607 -0.0953425 -0.398161 -0.255855 0.180269 0.949759
0.321821 -0.402777 0.0805374 0.377441 -0.885854 0.269818
0.21849 -0.0589617 -0.426919 -0.255855 0.180269 0.949759
0.205187 -0.345189 0.332231 -0.135582 0.58021 -0.803103
-0.150524 0.129106 -0.447809 0.889987 0.427513 0.158608
0.216946 -0.401372 -0.208554 0.447808 -0.753862 -0.480791
-0.0924923 0.330067 0.436273 -0.447808 0.753862 0.480791
0.0967068 -0.155172 0.480381 0.0859737 -0.498924 0.862371
-0.0269162 0.514183 -0.0256479 0.889987 0.427512 0.15861
-0.240139 0.170011 -0.320016 -0.889985 -0.427513 -0.158619
-0.305185 0.244516 0.0977765 -0.133237 -0.0888475 0.987094
-0.0722461 0.32945 -0.349523 0.0859736 -0.498924 0.862371
0.275234 -0.346157 0.227826 -0.37744 0.885854 -0.269818
-0.117498 -0.117063 0.0303939 0.889987 0.427511 0.158609
0.0695061 -0.414205 0.304489 -0.25788 0.758765 -0.598142
-0.131627 -0.0243008 -0.156201 0.382376 -0.51021 -0.770373
0.12131 0.290954 -0.391092 0.0859737 -0.498924 0.862371
0.0713572 0.41697 -0.315051 0.889987 0.427512 0.15861
0.346104 -0.369866 0.15462 0.377441 -0.885854 0.269818
-0.109494 0.396657 -0.309141 0.311043 -0.823528 0.474398
-0.164263 -0.191549 0.485352 0.0859737 -0.498924 0.862371
-0.152971 0.450208 -0.0572419 0.377439 -0.885854 0.269819
0.0709225 0.397972 -0.356621 -0.0859737 0.498924 -0.862371
-0.240738 0.307743 -0.285873 -0.039683 -0.273903 0.960938
0.230853 -0.307142 0.379086 0.0859737 -0.498924 0.862371
-0.025506 0.43851 -0.323555 -0.0859737 0.498924 -0.862371
-0.277456 0.371138 0.1996 -0.447822 0.753848 0.480799
-0.153478 0.487392 0.0655475 0.37744 -0.885854 0.269818
-0.213128 -0.0198902 0.0402761 -0.889987 -0.427512 -0.158608
-0.17942 0.147417 0.420655 0.255855 -0.180269 -0.949759
0.0529468 -0.457657 0.276478 0.377441 -0.885854 0.269818
-0.123507 -0.0241228 -0.451194 -0.889987 -0.427512 -0.158609
0.236256 -0.285342 0.358691 -0.0859737 0.498924 -0.862371
0.262325 -0.300025 -0.266959 -0.447792 0.753858 0.480811
-0.174764 0.275028 -0.403257 -0.0859737 0.498924 -0.862371
-0.257381 0.212727 0.387884 -0.0691714 0.470391 -0.879743
-0.171259 0.111143 -0.283047 0.889986 0.427513 0.15861
-0.165936 0.171402 0.449215 -0.255855 0.180269 0.949759
-0.356259 0.378383 -0.112453 -0.37744 0.885854 -0.269818
-0.0936316 0.455385 -0.227024 -0.377441 0.885854 -0.269818
0.173299 -0.244234 0.421219 0.0859737 -0.498924 0.862371
-0.188964 0.036755 -0.247991 -0.889987 -0.427512 -0.15861
-0.192388 -0.203795 0.419594 -0.889988 -0.42751 -0.158611
-0.213826 0.263945 0.418749 -0.255855 0.180269 0.949758
0.349723 -0.272636 -0.286739 0.447808 -0.753862 -0.48079
0.294007 -0.156033 -0.368275 -0.422655 0.903962 -0.064919
0.107423 -0.0969245 0.513012 0.0859736 -0.498924 0.862371
-0.212235 0.32078 -0.310912 -0.198935 0.677022 -0.708566
0.0996743 -0.49282 -0.00810479 -0.37744 0.885854 -0.269818
-0.282285 0.417825 0.063663 0.447808 -0.753862 -0.480791
-0.143907 -0.018045 -0.0883143 0.889987 0.427512 0.15861
-0.230778 0.457154 -0.0293664 -0.377441 0.885854 -0.269818
-0.250736 0.133547 0.0722972 0.0215091 0.308092 -0.951113
-0.253962 0.324344 -0.286914 -0.251067 0.169064 0.953091
0.0331495 0.0187903 0.531813 -0.255855 0.180269 0.949759
0.115434 -0.454519 0.199369 0.377441 -0.885854 0.269818
-0.028191 0.425726 -0.273507 0.255857 -0.180272 -0.949758
0.244509 -0.0314502 -0.454612 0.255855 -0.180269 -0.949759
-0.196926 0.422902 -0.0854048 0.37744 -0.885854 0.269818
-0.184592 0.116907 -0.259066 -0.34108 0.393287 0.853809
-0.263318 0.257533 -0.272383 0.0239484 -0.391182 0.920002
0.064231 -0.29338 0.371191 -0.0859736 0.498924 -0.862371
-0.111102 -0.104495 0.516353 -0.255855 0.180269 0.949758
-0.0309588 -0.483149 0.266748 -0.889987 -0.427512 -0.15861
-0.142363 0.196505 0.450801 -0.255855 0.180269 0.949759
-0.0902799 0.544747 0.0616759 -0.377441 0.885854 -0.269818
0.0413352 -0.412808 -0.328503 -0.889988 -0.427509 -0.158611
-0.254645 0.0581542 0.0628746 -0.889987 -0.427512 -0.158609
-0.0971859 0.379564 -0.315023 -0.32557 0.352221 0.877465
-0.138538 -0.0736508 -0.135519 0.309252 -0.310284 -0.898937
0.128984 -0.0442956 0.508843 -0.0859737 0.498924 -0.862371
-0.327322 0.351216 -0.134474 0.406325 -0.901394 0.149629
0.330017 -0.117297 -0.385802 -0.255855 0.180269 0.949759
0.00809547 -0.229974 0.413471 -0.0859737 0.498924 -0.862371
0.0146978 -0.319339 0.36111 -0.0859736 0.498924 -0.862371
-0.0129773 0.459824 -0.221503 0.377441 -0.885854 0.269818
-0.105025 -0.135174 0.00922282 0.889987 0.427512 0.15861
-0.144635 -0.159013 0.0309367 -0.889987 -0.427512 -0.15861
0.0949661 0.0810471 -0.51625 0.255855 -0.180269 -0.949758
0.337908 -0.296814 -0.259832 0.447808 -0.753862 -0.48079
0.199315 -0.355399 0.317405 -0.439277 0.897134 0.0467512
0.174588 -0.453058 -0.166964 0.447808 -0.753862 -0.480791
-0.3336 0.241959 0.23734 0.217002 -0.0911675 -0.971905
-0.0424787 0.429512 0.289895 0.889987 0.427512 0.15861
0.106766 0.219342 -0.463541 -0.0859737 0.498924 -0.862371
-0.149073 0.333665 -0.371893 -0.0859737 0.498924 -0.862371
-0.0365691 0.0822527 0.471506 0.255855 -0.180269 -0.949759
0.349864 -0.252473 -0.318222 0.447808 -0.753862 -0.48079
-0.224123 0.015366 0.433676 0.255855 -0.180269 -0.949759
-0.0305846 0.530077 -0.0699931 -0.377441 0.885854 -0.269818
-0.307309 0.381807 -0.169686 -0.377441 0.885854 -0.269818
-0.150032 0.490672 -0.0322736 -0.377441 0.885854 -0.269818
0.0340105 -0.494456 0.182151 0.37744 -0.885854 0.269818
-0.30825 0.344152 -0.291996 -0.37744 0.885854 -0.269818
-0.299479 0.302731 -0.344778 -0.889987 -0.427512 -0.15861
0.113744 -0.455065 0.0961682 -0.37744 0.885854 -0.269818
0.18286 -0.104569 -0.427861 -0.255855 0.180269 0.949759
-0.150806 -0.27907 0.389165 -0.889987 -0.427511 -0.15861
0.213875 -0.438221 0.0113989 -0.37744 0.885854 -0.269818
0.00719362 0.156849 0.498617 -0.255855 0.180269 0.949759
-0.181268 0.464475 -0.0745888 -0.377441 0.885854 -0.269818
-0.212892 0.452229 0.0332152 0.37744 -0.885854 0.269818
-0.267159 0.0796231 0.075226 -0.889987 -0.427511 -0.15861
0.0361802 -0.380695 -0.386133 -0.889987 -0.427512 -0.15861
-0.345991 0.240427 0.340717 -0.447808 0.753863 0.480791
0.0903592 0.381965 -0.36782 -0.0859737 0.498924 -0.862371
-0.0250072 0.358522 0.383204 0.889988 0.427511 0.158608
-0.0783787 -0.117081 0.487406 -0.0859737 0.498924 -0.862371
0.24212 -0.412362 0.0567869 -0.37744 0.885854 -0.269818
-0.0784309 0.253468 0.457212 -0.255855 0.180269 0.949759
-0.201307 0.459951 0.0423639 0.37744 -0.885854 0.269818
-0.202408 0.183137 -0.302313 0.889987 0.427511 0.15861
-0.117971 -0.00600953 -0.531081 -0.889987 -0.427512 -0.15861
-0.147766 0.0643521 -0.288749 0.889987 0.427512 0.15861
-0.394226 0.40028 0.0451473 -0.447808 0.753862 0.480791
0.24112 -0.47106 -0.0767693 0.447808 -0.753862 -0.480791
-0.257822 0.413327 0.0935013 0.447808 -0.753862 -0.480791
0.0480629 0.103964 0.519664 -0.255855 0.180269 0.949759
-0.126846 0.358007 0.302231 0.447809 -0.753861 -0.480792
0.0671795 0.11232 0.493748 0.255855 -0.180269 -0.949759
0.227439 -0.231248 -0.36446 0.217004 -0.0911723 -0.971904
-0.0613327 -0.0398809 -0.535402 0.255855 -0.180269 -0.949758
0.0930474 -0.0637656 -0.4598 -0.255855 0.180269 0.949759
-0.105373 -0.176514 -0.030899 0.327278 -0.841093 0.430642
-0.206363 0.000958182 -0.0538797 -0.889987 -0.427512 -0.15861
-0.211562 -0.0122022 0.471773 -0.255855 0.180269 0.949759
0.149728 -0.435464 0.110185 -0.37744 0.885854 -0.269818
-0.254007 0.420127 -0.0146646 0.37744 -0.885854 0.269818
0.0432934 -0.110752 -0.493766 0.255855 -0.180269 -0.949759
-0.10252 0.503532 0.0967111 0.447808 -0.753862 -0.480791
-0.1294 -0.328489 0.402254 -0.889987 -0.427512 -0.15861
-0.00633205 -0.382836 -0.14182 -0.889987 -0.427512 -0.15861
0.166985 -0.477485 0.051856 0.377441 -0.885854 0.269818
-0.337646 0.362229 -0.0261903 0.889987 0.427513 0.158609
0.0520365 -0.348241 0.373135 0.0859737 -0.498924 0.862371
-0.316059 0.317661 -0.216449 0.257876 -0.758759 0.598151
-0.130008 0.440532 -0.224903 -0.377441 0.885854 -0.269818
0.147137 -0.482238 0.0640133 0.377457 -0.88585 0.269808
-0.286744 0.266357 0.297006 0.447808 -0.753862 -0.480791
0.163626 -0.183403 -0.44756 0.255855 -0.180269 -0.949759
0.0564304 -0.509238 0.102257 0.37744 -0.885854 0.269818
-0.0307088 -0.153939 -0.505504 0.255855 -0.180269 -0.949759
-0.0517422 -0.206442 0.43305 -0.0859737 0.498924 -0.862371
0.195701 -0.293671 0.322575 -0.432999 0.901395 4.11456e-05
0.0789507 -0.238821 0.433756 0.0859737 -0.498924 0.862371
0.0405884 0.0794959 0.492814 0.255855 -0.180269 -0.949759
-0.253508 0.276079 -0.266094 0.889988 0.427509 0.158609
-0.279658 0.247638 0.332957 0.447808 -0.753862 -0.480791
-0.0724145 0.515804 -0.0583404 -0.377441 0.885854 -0.269818
-0.146162 0.435369 -0.219257 -0.377441 0.885854 -0.269818
-0.133935 -0.138487 -0.0844298 -0.889987 -0.427512 -0.15861
0.0843912 0.402462 -0.355366 -0.0859737 0.498924 -0.862371
0.287496 -0.342187 0.327479 0.377441 -0.885854 0.269817
-0.216436 0.243375 -0.384947 0.0859736 -0.498924 0.862371
-0.11192 0.525614 0.0291315 -0.377441 0.885854 -0.269818
-0.2231 0.222419 0.424132 -0.255855 0.180269 0.949758
0.0666436 -0.374913 0.262906 -0.138928 0.585527 -0.798659
0.0904539 -0.0954081 -0.483973 0.255855 -0.180269 -0.949759
-0.141957 -0.0897287 0.0939572 0.889987 0.427512 0.15861
0.0469558 -0.423743 0.250015 0.25107 -0.169071 -0.953089
-0.187558 -0.0105375 0.0675157 -0.154808 -0.0438964 0.986969
-0.237308 0.381238 -0.269476 -0.377441 0.885854 -0.269818
-0.293146 0.170738 0.186938 -0.370944 0.881084 -0.293414
-0.19993 -0.0230882 -0.0251619 -0.889987 -0.427512 -0.15861
-0.381674 0.3874 -0.0472957 -0.377441 0.885854 -0.269818
-0.239166 0.257742 0.346415 -0.167194 0.629563 -0.758747
0.322861 -0.366244 -0.106747 -0.447798 0.753874 0.480782
-0.0652865 0.27215 -0.415836 -0.0859737 0.498924 -0.862371
0.095221 0.24007 -0.41793 0.0859737 -0.498924 0.862371
-0.15859 0.486447 0.0695963 0.37744 -0.885854 0.269818
-0.233933 0.41255 0.11697 0.447808 -0.753862 -0.480791
-0.0267198 0.0464369 -0.542462 0.255855 -0.180269 -0.949758
-0.00154502 0.1698 -0.481405 -0.0859737 0.498924 -0.862371
0.00457972 0.089636 0.51067 -0.255855 0.180269 0.949759
-0.398604 0.393719 -0.00286545 -0.377441 0.885854 -0.269818
-0.182013 0.393544 0.253365 -0.447808 0.753862 0.480791
-0.35189 0.341571 -0.123509 0.416135 -0.903699 0.100792
0.242899 -0.010707 -0.429502 -0.255855 0.180269 0.949759
0.168551 0.179951 -0.460022 0.0859737 -0.498924 0.862371
0.224307 -0.4578 0.0362951 0.377441 -0.885854 0.269818
-0.094109 0.180069 0.437439 0.255855 -0.180269 -0.949759
-0.149615 -0.0899089 -0.12738 -0.889987 -0.427512 -0.15861
-0.124251 -0.100526 0.0237088 0.889986 0.427513 0.158611
-0.0774642 -0.109133 0.524381 0.0859736 -0.498924 0.862371
-0.121715 -0.262813 0.203911 0.34108 -0.393285 -0.85381
0.0267884 -0.392246 -0.3023 -0.889986 -0.427514 -0.158608
-0.372083 0.367948 -0.113169 -0.889987 -0.427512 -0.158609
-0.0723291 0.296194 -0.368755 0.0859736 -0.498924 0.862371
-0.166923 -0.065289 -0.0966213 -0.889986 -0.427511 -0.158616
0.0165344 -0.0222257 0.535122 -0.255855 0.180268 0.949759
-0.199033 0.130186 -0.301909 0.196742 -0.0462225 -0.979365
-0.208516 0.274862 -0.399988 -0.0859737 0.498924 -0.862371
0.149671 -0.113899 0.498979 0.0859736 -0.498924 0.862371
-0.281288 -0.028377 0.445607 -0.889987 -0.427512 -0.15861
-0.211824 0.397722 -0.251003 -0.377441 0.885854 -0.269818
-0.269459 -0.0499927 0.437498 -0.889986 -0.427513 -0.158611
0.111886 -0.485675 0.102042 0.37744 -0.885854 0.269819
0.017144 -0.381785 -0.114223 -0.309252 0.310285 0.898936
-0.200106 0.0325556 0.072387 -0.0441852 -0.265347 0.96314
0.312787 -0.386061 -0.143295 0.447808 -0.753862 -0.480791
0.199899 -0.378556 0.330613 0.377441 -0.885854 0.269818
0.0125428 -0.28471 -0.290004 -0.424911 0.903757 -0.05171
-0.138353 -0.182707 0.109673 0.455812 -0.824489 -0.33534
-0.28275 0.321765 -0.225154 0.889987 0.427512 0.15861
0.212745 -0.325474 -0.273236 -0.447808 0.753863 0.48079
0.205232 -0.233904 -0.341729 -0.244858 0.154634 0.957148
-0.294845 0.389564 -0.0578816 0.377441 -0.885854 0.269818
-0.361028 0.331966 -0.0642621 0.454801 -0.857306 -0.241209
-0.113441 0.372093 0.350866 -0.447808 0.753862 0.480791
-0.335046 0.156078 0.250079 -0.889986 -0.427513 -0.158609
-0.129608 -0.126573 -0.124041 0.196744 -0.0462265 -0.979365
-0.211439 0.34276 -0.308161 0.369518 -0.472377 -0.800198
-0.00209077 0.137671 -0.499939 -0.0859737 0.498924 -0.862371
0.120102 -0.499331 0.0457141 0.37744 -0.885854 0.269818
-0.21803 0.397083 0.214269 -0.447813 0.753863 0.480785
-0.146219 0.0702359 -0.524585 -0.0859735 0.498924 -0.862371
0.213328 -0.419438 0.0738307 -0.37744 0.885854 -0.269818
0.0116211 -0.44413 0.183879 -0.198946 0.677038 -0.708548
0.225559 -0.368672 -0.251805 0.447803 -0.753862 -0.480795
0.0077675 -0.326436 -0.372953 -0.889987 -0.427512 -0.15861
-0.106559 0.204204 -0.451031 -0.0859737 0.498924 -0.862371
-0.144455 0.0507694 -0.535515 -0.889987 -0.427512 -0.15861
0.0789216 -0.231938 -0.461166 0.255855 -0.180269 -0.949758
-0.00577084 -0.13492 0.502315 0.0859736 -0.498924 0.862371
-0.0566608 -0.382762 0.363999 0.0859737 -0.498924 0.862371
-0.16016 0.055821 0.443228 0.255855 -0.180269 -0.949759
0.365893 -0.183504 -0.350271 -0.342695 0.856562 -0.385826
0.165107 -0.2371 0.426163 0.0859737 -0.498924 0.862371
0.385763 -0.276883 -0.209044 0.889987 0.427511 0.15861
0.319506 -0.429064 -0.0025305 0.377441 -0.885854 0.269818
0.275272 -0.416856 0.0994276 0.377441 -0.885854 0.269818
-0.215631 0.138819 -0.30722 0.274348 -0.224194 -0.935131
-0.166601 0.25763 0.348077 0.205563 -0.0656736 -0.976438
-0.219357 0.412042 0.189578 -0.447808 0.753862 0.480791
-0.249591 0.209341 0.36689 -0.444278 0.734669 0.512717
-0.0819428 0.216169 0.463345 -0.255855 0.180269 0.949759
-0.254389 0.232706 0.413751 -0.255855 0.180269 0.949758
-0.275716 0.460487 0.0444386 -0.377441 0.885854 -0.269818
-0.393174 0.309933 0.161547 -0.889987 -0.427512 -0.15861
0.341267 -0.113763 -0.399039 0.889987 0.427512 0.15861
0.0792651 -0.23849 0.433917 0.0859737 -0.498924 0.862371
-0.291866 0.0484657 0.438625 -0.255855 0.180269 0.949759
-0.127216 0.072035 0.449026 0.255855 -0.180269 -0.949759
-0.398167 0.346387 0.0913098 -0.889983 -0.427518 -0.158617
-0.25431 0.409858 0.10221 0.447808 -0.753862 -0.480791
0.142773 -0.0471121 0.535093 0.889987 0.427512 0.15861
-0.32864 0.16018 0.20308 -0.889992 -0.4275 -0.158612
0.20199 -0.444185 0.00844532 -0.37744 0.885854 -0.269818
-0.217663 -0.172776 0.477806 -0.889987 -0.427512 -0.15861
0.0469384 0.170864 0.485313 0.889987 0.427512 0.15861
0.213557 -0.374191 -0.218182 -0.482527 0.248943 -0.839759
-0.138657 0.0387253 -0.535585 -0.889987 -0.427512 -0.15861
0.0482801 -0.530642 -0.0498656 -0.889987 -0.427511 -0.15861
-0.044769 -0.363501 0.286538 0.889987 0.42751 0.158616
-0.163038 0.319237 -0.378849 -0.0859737 0.498924 -0.862371
0.245628 -0.248907 -0.341318 0.102463 -0.526441 0.844015
0.198457 -0.352434 -0.302507 0.447808 -0.753862 -0.480791
0.0703653 -0.466513 0.119265 -0.377441 0.885854 -0.269818
-0.197636 0.103908 0.424006 0.255855 -0.180269 -0.949759
0.165532 0.265094 -0.43412 0.889987 0.427512 0.15861
