ply
format ascii 1.0
comment Created by Open3D
element vertex 512
property double x
property double y
property double z
property double nx
property double ny
property double nz
end_header
-0.286301 0.41672 0.0240656 -0.867245 -0.366585 0.3369
0.0108357 -0.0588737 -0.105694 0.334151 0.0730755 0.939682
-0.0388002 0.19471 0.105074 -0.334151 -0.0730755 -0.939682
0.196831 -0.189895 0.00322966 -0.867244 -0.366586 0.3369
0.0888391 -0.454684 0.0577481 -0.867244 -0.366586 0.3369
0.199281 -0.180912 -0.00767307 0.867244 0.366586 -0.3369
-0.115142 0.486271 0.109616 -0.369094 0.92751 0.0591211
0.0251317 0.191653 -0.050574 0.867244 0.366586 -0.3369
-0.0370555 -0.00917634 0.159007 0.334151 0.0730755 0.939682
-0.159868 0.176369 0.104189 -0.867244 -0.366586 0.3369
-0.154181 0.453153 0.13568 0.334151 0.0730756 0.939682
0.236605 -0.442868 0.0605921 0.334151 0.073075 0.939682
-0.185539 0.41206 0.140352 -0.334151 -0.0730755 -0.939682
-0.0713529 -0.0661016 0.041222 0.867244 0.366586 -0.3369
0.100214 -0.0336051 -0.0754204 -0.867244 -0.366586 0.3369
0.0845558 -0.372789 -0.107497 0.334151 0.0730755 0.939682
0.0505068 0.088407 -0.0975967 0.867244 0.366586 -0.3369
-0.0294771 -0.126414 0.0833913 0.867244 0.366586 -0.3369
0.234407 -0.331883 -0.0545424 -0.867244 -0.366586 0.3369
-0.0356261 -0.250456 -0.0674091 0.867244 0.366586 -0.3369
0.0567807 0.176676 0.0724883 -0.334151 -0.0730755 -0.939682
-0.0318566 0.13652 -0.144405 -0.334151 -0.0730755 -0.939682
-0.0079565 0.3881 0.0780081 0.867244 0.366586 -0.3369
-0.208854 0.170515 -0.0822498 -0.867245 -0.366586 0.3369
0.22845 -0.396063 0.0559824 -0.334151 -0.0730755 -0.939682
0.215006 -0.264588 0.0505389 -0.334151 -0.0730755 -0.939682
0.0739575 -0.149301 0.0917302 -0.334151 -0.0730755 -0.939682
-0.0457424 -0.0828778 0.0888937 0.867244 0.366586 -0.3369
-0.0578303 -0.119278 0.0451534 -0.867244 -0.366586 0.3369
-0.179493 0.424534 -0.0924229 -0.369094 0.92751 0.0591205
0.0517235 -0.172334 0.101428 -0.334151 -0.0730755 -0.939682
0.276153 -0.380146 -0.0265808 0.867244 0.366586 -0.3369
-0.156594 0.020442 -0.0570511 -0.867244 -0.366586 0.3369
-0.127994 0.30154 -0.123052 -0.334151 -0.0730755 -0.939682
-0.122944 0.011195 -0.00747687 0.867244 0.366586 -0.3369
0.149638 -0.130771 0.0633771 -0.334151 -0.0730755 -0.939682
-0.286704 0.418098 0.0245259 -0.867245 -0.366585 0.3369
-0.152889 0.289445 -0.0745608 0.334151 0.0730755 0.939682
-0.236925 0.32954 0.0455129 0.867244 0.366586 -0.3369
-0.253472 0.421192 0.113232 -0.369095 0.927509 0.0591213
-0.180832 0.0910508 -0.042614 -0.867244 -0.366586 0.3369
0.022942 -0.113247 0.107068 -0.334151 -0.0730755 -0.939682
-0.0878157 0.402265 -0.085167 -0.867244 -0.366586 0.3369
-0.191212 0.24216 -0.0572556 0.334151 0.0730755 0.939682
0.108012 -0.328673 0.0935695 -0.334151 -0.0730755 -0.939682
-0.209887 0.438709 0.110524 0.369095 -0.92751 -0.0591202
-0.0897411 0.154337 0.126329 -0.334151 -0.0730755 -0.939682
0.00610356 -0.0801571 0.14918 0.334151 0.0730755 0.939682
-0.0970603 0.135101 0.166994 -0.867244 -0.366586 0.3369
-0.0139112 0.310776 0.00552596 -0.867244 -0.366586 0.3369
0.18123 -0.364354 -0.14253 0.334151 0.0730755 0.939682
0.162344 -0.466464 -0.125669 0.369094 -0.92751 -0.059121
-0.242398 0.438573 0.0634605 -0.369094 0.92751 0.0591209
0.0777988 -0.492218 -0.0956879 -0.369094 0.92751 0.0591206
-0.124652 0.35062 -0.089359 0.334151 0.0730755 0.939682
0.0518625 0.218407 0.0473482 0.867244 0.366586 -0.3369
-0.0843172 -0.0190652 -0.113651 -0.334151 -0.0730755 -0.939682
-0.0845261 0.0176695 0.0984641 0.867244 0.366586 -0.3369
0.217067 -0.277922 -0.0404627 -0.867244 -0.366586 0.3369
-0.115217 0.397288 -0.134135 0.867244 0.366586 -0.3369
-0.133675 0.147656 0.140371 -0.867244 -0.366586 0.3369
0.135062 -0.484409 -0.0144718 0.369093 -0.92751 -0.0591208
-0.160385 0.323326 -0.113228 -0.334151 -0.0730755 -0.939682
0.18066 -0.348785 0.0693 -0.334151 -0.0730755 -0.939682
0.0756424 -0.49646 -0.042599 -0.369094 0.92751 0.0591208
0.0324171 0.142362 -0.0854543 0.867244 0.366586 -0.3369
-0.13495 0.15091 0.140628 -0.867244 -0.366586 0.3369
-0.0836025 0.174129 -0.0902312 0.334151 0.0730755 0.939682
0.0681321 -0.0139216 0.0832738 -0.334151 -0.0730755 -0.939682
-0.199148 0.300406 0.138039 -0.867244 -0.366586 0.3369
-0.123164 0.253446 -0.121029 -0.334151 -0.0730755 -0.939682
0.0547548 -0.303831 0.10717 0.867244 0.366586 -0.3369
-0.198818 0.319399 0.159555 -0.867244 -0.366586 0.3369
-0.0739643 0.456187 -0.0178216 0.867244 0.366586 -0.3369
0.148379 -0.00364747 0.0636135 0.334151 0.0730755 0.939682
5.11056e-05 -0.203137 0.0759189 0.867244 0.366586 -0.3369
0.108511 0.0783804 0.0408072 0.867244 0.366586 -0.3369
0.230508 -0.368404 -0.10432 -0.867244 -0.366586 0.3369
0.140889 -0.138684 0.0671037 -0.334151 -0.0730755 -0.939682
-0.0208399 -0.315786 -0.0841252 -0.334151 -0.0730756 -0.939682
-0.0049268 0.0968761 -0.150898 -0.334151 -0.0730755 -0.939682
0.0817745 -0.188137 -0.120867 0.334151 0.0730755 0.939682
0.173914 -0.157372 0.0955111 0.334151 0.0730755 0.939682
-0.0228999 -0.262413 -0.0206769 -0.867244 -0.366586 0.3369
0.06144 -0.106406 -0.15869 -0.334151 -0.0730755 -0.939682
0.177673 -0.0988836 0.025959 0.867244 0.366586 -0.3369
0.178098 -0.427988 0.0763703 -0.334151 -0.0730755 -0.939682
-0.0189579 -0.20426 -0.122491 -0.334151 -0.0730755 -0.939682
0.0170303 0.0661134 -0.117616 0.334151 0.0730755 0.939682
-0.175434 0.0809697 -0.0396889 -0.867244 -0.366586 0.3369
-0.0709559 0.0937721 0.124359 -0.334151 -0.0730755 -0.939682
-0.032131 0.303455 -0.0763248 0.867244 0.366586 -0.3369
0.103918 0.0744818 0.102371 0.334151 0.0730755 0.939682
0.0547475 0.136498 -0.034352 0.867244 0.366586 -0.3369
-0.0218101 0.174961 0.139266 0.334151 0.0730755 0.939682
-0.120937 0.0218371 -0.10381 -0.334151 -0.0730755 -0.939682
0.232288 -0.414636 -0.16645 -0.334151 -0.0730753 -0.939683
0.122463 -0.488957 0.0908198 -0.867244 -0.366586 0.3369
-0.188745 0.330797 -0.065026 0.334151 0.0730755 0.939682
-0.0430621 -0.210426 -0.042994 0.867244 0.366586 -0.3369
-0.138048 0.134905 0.0882561 0.867244 0.366586 -0.3369
0.148371 -0.0644585 -0.012012 0.867244 0.366586 -0.3369
-0.11742 0.154448 -0.115373 -0.334151 -0.0730755 -0.939682
-0.00340342 0.247256 -0.0365422 -0.867244 -0.366586 0.3369
0.0333956 -0.246277 0.12337 0.334151 0.0730755 0.939682
0.166921 -0.158808 -0.0669229 0.867244 0.366586 -0.3369
-0.0426136 0.0809446 0.153975 0.334151 0.0730755 0.939682
0.0954788 -0.0662127 -0.123091 -0.867244 -0.366586 0.3369
0.223912 -0.27812 -0.0500431 0.867244 0.366586 -0.3369
0.0646563 -0.113653 0.130963 0.334151 0.0730755 0.939682
-0.0281331 -0.223385 0.00831936 -0.867244 -0.366586 0.3369
-0.0324972 0.291279 -0.0635323 -0.867244 -0.366586 0.3369
0.144796 -0.311691 -0.172367 -0.334151 -0.0730755 -0.939682
-0.0119596 -0.270735 -0.0285537 0.867244 0.366586 -0.3369
0.0301207 -0.343023 0.00111118 0.867244 0.366586 -0.3369
0.0382993 -0.155521 0.143592 0.334151 0.0730755 0.939682
0.107379 0.0170589 0.0669085 -0.334151 -0.0730755 -0.939682
0.116658 -0.463017 -0.111895 0.334151 0.0730755 0.939682
0.0315408 -0.148503 0.145449 0.334151 0.0730755 0.939682
-0.0567353 0.359911 0.137303 0.334151 0.0730755 0.939682
0.168295 -0.139279 -0.0151517 -0.867244 -0.366586 0.3369
0.0358678 0.210834 -0.00206572 0.867244 0.366586 -0.3369
0.0741468 -0.162009 -0.158885 -0.334151 -0.0730755 -0.939682
0.127531 -0.3956 0.130531 0.334151 0.0730755 0.939682
0.0453785 0.130121 -0.0384241 -0.867244 -0.366586 0.3369
-0.251951 0.438895 -0.00123198 -0.369104 0.927504 0.0591432
-0.138433 0.471465 0.0427275 0.369093 -0.92751 -0.0591197
-0.0497912 0.494411 0.0859964 0.867244 0.366586 -0.3369
-0.00661426 0.219414 -0.0751024 -0.867244 -0.366586 0.3369
0.217277 -0.190784 0.0818781 0.867244 0.366586 -0.3369
-0.232868 0.219116 -0.0372154 -0.867244 -0.366586 0.3369
0.0462405 0.24894 0.0802911 0.334151 0.0730755 0.939682
-0.113372 0.298179 0.123546 -0.334151 -0.0730755 -0.939682
-0.122751 0.198509 0.169855 -0.867244 -0.366586 0.3369
-0.111354 0.391728 -0.130242 0.867244 0.366586 -0.3369
-0.163121 0.368248 0.135788 -0.334151 -0.0730755 -0.939682
0.095421 -0.11501 -0.149352 0.867244 0.366586 -0.3369
-0.121523 0.25361 -0.121626 -0.334151 -0.0730755 -0.939682
0.0605346 -0.31746 -0.103257 0.334151 0.0730755 0.939682
-0.203446 0.197523 -0.0119553 0.867244 0.366586 -0.3369
-0.0130754 0.239299 0.131157 0.334151 0.0730755 0.939682
0.0067827 0.18105 -0.109345 0.867244 0.366586 -0.3369
-0.0669587 0.0753445 -0.0884677 0.334151 0.0730755 0.939682
0.033251 -0.251481 0.123826 0.334151 0.0730755 0.939682
-0.0273998 0.261694 -0.109587 0.867244 0.366586 -0.3369
-0.190758 0.449988 0.0529993 0.369093 -0.92751 -0.0591206
0.0642296 0.0306132 -0.098174 -0.867244 -0.366586 0.3369
0.0930517 -0.419005 0.107415 -0.867244 -0.366586 0.3369
-0.0824505 0.0311827 -0.118222 -0.334151 -0.0730755 -0.939682
-0.162417 0.0575983 -0.0855787 -0.867245 -0.366586 0.3369
-0.00100726 0.2576 -0.0461025 0.867244 0.366586 -0.3369
-0.113924 0.355949 -0.0935884 0.334151 0.0730755 0.939682
0.0837501 0.0878836 -0.0125919 0.867244 0.366586 -0.3369
0.120982 -0.476828 -0.0675406 -0.369094 0.92751 0.0591206
0.129042 -0.357577 -0.124499 0.334151 0.0730755 0.939682
0.177123 -0.472831 0.0664743 0.369094 -0.92751 -0.0591209
-0.0172551 0.044422 0.147798 0.334151 0.0730755 0.939682
-0.0975389 -0.0400978 0.00210935 0.867244 0.366586 -0.3369
-0.0462435 0.348938 -0.0631624 0.867244 0.366586 -0.3369
0.0722163 -0.0123505 -0.124364 -0.867244 -0.366586 0.3369
-0.0710793 0.399702 0.100611 -0.334151 -0.0730755 -0.939682
-0.103141 0.320269 0.156888 0.334151 0.0730755 0.939682
-0.140283 0.479418 0.0447021 0.459679 0.126898 0.878972
-0.0632554 0.367077 0.139064 0.334151 0.0730755 0.939682
0.0193556 0.00789594 0.13762 0.334151 0.0730755 0.939682
-0.120568 0.255682 0.129409 -0.334151 -0.0730755 -0.939682
0.144494 -0.440389 0.127982 0.334151 0.0730755 0.939682
-0.0894587 0.277699 -0.096203 0.334151 0.0730755 0.939682
-0.117805 0.47619 0.0973846 0.369094 -0.92751 -0.0591208
0.109011 -0.310938 -0.121003 0.334151 0.0730755 0.939682
-0.0627668 -0.148803 -0.0266646 0.867244 0.366586 -0.3369
0.100584 -0.498011 0.0246465 -0.867244 -0.366588 0.3369
-0.223585 0.242765 0.0124138 -0.867244 -0.366586 0.3369
-0.0850585 0.282281 -0.098124 0.334151 0.0730755 0.939682
0.0952369 0.00598255 -0.0451564 -0.867244 -0.366586 0.3369
0.114913 0.0345869 0.00963377 0.867244 0.366586 -0.3369
-0.257641 0.303414 -0.0362436 0.867244 0.366586 -0.3369
-0.0433872 -0.0276999 -0.0888363 0.334151 0.0730755 0.939682
0.106113 -0.186791 0.121909 0.334151 0.0730755 0.939682
0.162579 -0.19013 0.0633915 -0.334151 -0.0730755 -0.939682
-0.0609566 0.500643 0.068652 -0.369095 0.927509 0.0591214
0.0613715 -0.348021 0.103102 -0.867244 -0.366586 0.3369
-0.169204 0.171387 -0.0982757 -0.334151 -0.0730755 -0.939682
-0.0889248 0.110437 -0.122083 -0.334151 -0.0730755 -0.939682
0.00726338 0.318685 0.117751 0.334151 0.0730755 0.939682
-0.0379302 0.364598 0.00226147 -0.867244 -0.366586 0.3369
0.0939624 0.136959 0.0670962 0.867244 0.366586 -0.3369
0.0166029 -0.389454 -0.120734 -0.334151 -0.0730755 -0.939682
-0.0552633 0.140422 0.153848 0.334151 0.0730755 0.939682
-0.0176648 -0.138215 -0.0893888 0.334151 0.0730755 0.939682
-0.0826644 0.333447 0.109884 -0.334151 -0.0730755 -0.939682
-0.017861 -0.311877 -0.0854886 -0.334151 -0.0730754 -0.939682
-0.139553 0.345412 0.129183 -0.334151 -0.0730755 -0.939682
-0.0397548 0.451407 0.124149 0.334151 0.0730755 0.939682
0.0906743 -0.336999 0.136558 -0.867244 -0.366586 0.3369
-0.0603573 0.342108 -0.106926 0.867244 0.366586 -0.3369
0.19173 -0.446951 -0.0945792 -0.369094 0.92751 0.0591208
0.0436525 -0.220354 -0.104806 0.334151 0.0730755 0.939682
0.0818918 0.0238736 -0.0870258 0.867244 0.366586 -0.3369
0.151393 -0.112902 -0.0569437 0.867244 0.366586 -0.3369
-0.0699864 -0.0336393 0.0800623 0.867244 0.366586 -0.3369
0.0524798 -0.362798 0.0371503 0.867244 0.366586 -0.3369
-0.0867582 0.440884 0.141682 0.334151 0.0730755 0.939682
0.200986 -0.260425 -0.0898027 0.867244 0.366586 -0.3369
0.062862 -0.34597 -0.140566 -0.334151 -0.0730755 -0.939682
0.273114 -0.332848 0.0170638 0.867244 0.366586 -0.3369
0.0564198 -0.247581 -0.145926 -0.334151 -0.0730755 -0.939682
0.0525508 -0.203143 0.142227 0.334151 0.0730755 0.939682
0.121544 -0.080776 -0.0718401 -0.867244 -0.366586 0.3369
0.252382 -0.292466 0.0781136 0.334151 0.0730755 0.939682
-0.303477 0.414892 -0.0221392 -0.867245 -0.366585 0.3369
-0.15487 0.321903 0.175155 0.334151 0.0730755 0.939682
0.308743 -0.405216 0.0300344 0.867244 0.366586 -0.3369
-0.122714 0.0608095 0.0471021 0.867244 0.366586 -0.3369
-0.0857012 0.00490602 -0.0763251 0.334151 0.0730755 0.939682
0.0252792 0.192009 -0.0498061 0.867244 0.366586 -0.3369
-0.113236 0.371814 0.156469 0.334151 0.0730755 0.939682
0.187904 -0.307896 -0.148149 -0.867244 -0.366586 0.3369
-0.0673295 0.404756 -0.0297219 -0.867244 -0.366586 0.3369
0.000302906 0.346285 0.05377 0.867244 0.366586 -0.3369
-0.0462289 -0.0466196 0.126483 -0.334151 -0.0730755 -0.939682
0.151342 -0.39201 -0.168449 -0.334151 -0.0730755 -0.939682
-0.0752668 0.26359 0.151383 0.334151 0.0730755 0.939682
0.122242 -0.492825 0.0375401 0.369094 -0.92751 -0.059121
0.23121 -0.444296 -0.0435155 0.369094 -0.92751 -0.0591208
-0.00984388 -0.226505 0.0250207 0.867244 0.366586 -0.3369
0.0296843 -0.190816 -0.140833 -0.334151 -0.0730755 -0.939682
-0.196922 0.223593 0.0601889 -0.867244 -0.366586 0.3369
-0.201215 0.146819 -0.0344026 -0.867244 -0.366586 0.3369
-0.15057 0.0535836 -0.00548184 -0.867244 -0.366586 0.3369
-0.109786 0.195088 0.130287 -0.334151 -0.0730755 -0.939682
-0.0259989 0.395119 0.123635 0.334151 0.0730755 0.939682
0.0155748 -0.265169 0.0753662 -0.867244 -0.366586 0.3369
0.250131 -0.293866 0.079023 0.334151 0.0730755 0.939682
-0.202441 0.268181 0.0944982 -0.867244 -0.366586 0.3369
-0.15772 0.216702 0.153605 -0.867244 -0.366586 0.3369
-0.0543597 -0.112264 0.0347352 0.867244 0.366586 -0.3369
0.0920313 -0.455503 0.0650739 -0.867244 -0.366586 0.3369
0.0247769 -0.394573 -0.123243 -0.334151 -0.0730755 -0.939682
0.0292299 -0.44854 -0.0916063 -0.334151 -0.0730756 -0.939682
0.26143 -0.417815 -0.105468 0.867244 0.366586 -0.3369
0.0218794 -0.31305 0.0394952 -0.867244 -0.366586 0.3369
0.0253499 -0.109336 0.105907 -0.334151 -0.0730755 -0.939682
0.184609 -0.218195 -0.0860098 0.867244 0.366586 -0.3369
0.0555501 -0.146227 -0.114801 0.334151 0.0730755 0.939682
0.113506 -0.432647 -0.151834 -0.334151 -0.0730755 -0.939682
-0.120718 -0.0447211 -0.0895727 -0.867245 -0.366586 0.3369
0.133083 -0.247247 -0.173214 -0.334151 -0.0730755 -0.939682
-0.170045 0.465441 0.093649 -0.369094 0.92751 0.0591211
-0.179428 0.231433 0.113752 -0.867244 -0.366586 0.3369
0.275011 -0.425681 -0.0620981 0.369094 -0.92751 -0.0591209
0.0611857 0.170905 0.0196597 0.867244 0.366586 -0.3369
0.0757444 0.120942 0.0297549 -0.867244 -0.366586 0.3369
-0.294478 0.409682 -0.0335619 0.334151 0.0730755 0.939682
0.30531 -0.410063 0.035795 0.369094 -0.92751 -0.0591195
0.203579 -0.270573 -0.094171 0.867244 0.366586 -0.3369
0.155858 -0.0374119 0.0906593 0.867244 0.366586 -0.3369
-0.0658149 0.458046 0.0321637 -0.867244 -0.366586 0.3369
-0.0736625 -0.0609562 0.0408752 0.867244 0.366586 -0.3369
0.247427 -0.294129 -0.00693029 0.867244 0.366586 -0.3369
-0.0438667 0.0719475 -0.135113 -0.334151 -0.0730755 -0.939682
0.00300345 -0.0858543 -0.139508 -0.334151 -0.0730755 -0.939682
0.135097 -0.165691 -0.151249 -0.334151 -0.0730753 -0.939683
-0.0141286 0.311059 0.00527416 -0.867244 -0.366586 0.3369
0.0172581 -0.0144716 -0.111431 0.334151 0.0730755 0.939682
-0.0417555 0.126329 0.111443 -0.334151 -0.0730755 -0.939682
0.252937 -0.386041 -0.0657735 -0.867244 -0.366586 0.3369
0.109824 -0.0237666 0.107912 0.334151 0.0730755 0.939682
-0.244726 0.327221 -0.0835389 -0.334151 -0.0730755 -0.939682
0.00417481 0.126006 0.133833 0.334151 0.0730755 0.939682
-0.123406 0.017168 -0.00216538 0.867244 0.366586 -0.3369
0.272173 -0.345394 0.0751919 0.334151 0.0730755 0.939682
-0.22728 0.347396 0.116752 -0.867244 -0.366586 0.3369
0.0573273 0.139565 0.113878 0.334151 0.0730755 0.939682
0.0863812 -0.251153 -0.117605 0.334151 0.0730755 0.939682
-0.0474926 0.310912 0.137827 0.334151 0.0730755 0.939682
0.000321749 -0.324489 -0.0284452 -0.867244 -0.366586 0.3369
-0.149081 0.480332 -0.00909232 -0.369093 0.92751 0.0591202
0.118365 -0.216015 -0.131711 0.334151 0.0730755 0.939682
0.14923 -0.302468 0.115572 0.334151 0.0730755 0.939682
0.045991 -0.437983 -0.0343785 -0.867244 -0.366586 0.3369
-0.145461 0.0679672 -0.00366362 0.867244 0.366586 -0.3369
0.0778873 -0.0133797 -0.13787 0.867244 0.366586 -0.3369
0.0700778 -0.400302 0.068627 -0.867244 -0.366586 0.3369
-0.0824282 0.0129598 0.09874 0.867244 0.366586 -0.3369
-0.242387 0.337418 -0.0851636 -0.334151 -0.0730755 -0.939682
-0.0614803 -0.141341 -0.112263 -0.334151 -0.0730755 -0.939682
-0.0614832 0.0346896 0.149317 -0.867244 -0.366586 0.3369
0.199895 -0.233434 -0.036259 -0.867244 -0.366586 0.3369
-0.170869 0.229397 -0.102195 -0.334151 -0.0730755 -0.939682
0.139797 -0.0856085 0.102062 0.334151 0.0730755 0.939682
-0.0573162 0.418853 0.0113942 -0.867244 -0.366586 0.3369
0.117243 0.0600381 0.0987561 0.334151 0.0730755 0.939682
-0.129568 0.215903 -0.0771343 0.334151 0.0730755 0.939682
0.00617982 -0.00452213 -0.108265 0.334151 0.0730755 0.939682
-0.172362 0.463762 -0.0482394 0.369094 -0.92751 -0.0591209
-0.174535 0.385469 0.177205 0.334151 0.0730755 0.939682
-0.198093 0.375313 -0.103862 -0.334151 -0.0730755 -0.939682
-0.104581 0.104932 -0.07739 0.334151 0.0730755 0.939682
-0.0589583 0.183666 -0.138434 -0.334151 -0.0730755 -0.939682
-0.122809 0.102351 0.119043 -0.867244 -0.366586 0.3369
0.0295898 0.270275 0.113576 0.334151 0.0730755 0.939682
-0.0845929 -0.132411 -0.0660406 0.334151 0.0730755 0.939682
0.0172598 0.138552 -0.128617 0.867244 0.366586 -0.3369
-0.238929 0.249522 -0.0795579 -0.334151 -0.0730755 -0.939682
-0.0368835 -0.102617 -0.124021 -0.334151 -0.0730755 -0.939682
0.198499 -0.136303 0.0561069 0.334151 0.0730756 0.939682
0.0187211 -0.321758 -0.126752 -0.334151 -0.0730755 -0.939682
-0.0199609 0.398794 0.0587426 0.867244 0.366586 -0.3369
0.160131 -0.288534 0.0719144 -0.334151 -0.0730755 -0.939682
0.215152 -0.316113 -0.113932 0.867244 0.366586 -0.3369
0.172703 -0.243759 -0.144477 0.867244 0.366586 -0.3369
-0.0769234 0.455986 0.0983126 -0.334151 -0.0730755 -0.939682
-0.167467 0.155356 0.0617607 -0.867244 -0.366586 0.3369
-0.0285818 -0.26577 -0.114285 -0.334151 -0.0730755 -0.939682
-0.235919 0.401984 -0.0909132 -0.369094 0.92751 0.0591209
0.0673857 -0.416636 -0.0979811 0.334151 0.0730755 0.939682
0.00536111 0.318496 0.118442 0.334151 0.0730755 0.939682
-0.0209786 0.0773551 0.107863 -0.334151 -0.0730755 -0.939682
-0.154948 0.0662719 -0.095171 -0.334151 -0.0730755 -0.939682
0.00449022 -0.0356292 0.107593 -0.334151 -0.0730755 -0.939682
-0.0306266 0.050408 -0.0994481 0.334151 0.0730755 0.939682
0.148158 -0.240415 0.111128 0.334151 0.0730755 0.939682
-0.0152601 -0.154055 0.116896 -0.867244 -0.366586 0.3369
0.0926593 -0.106355 0.0817401 -0.334151 -0.0730755 -0.939682
0.0889397 -0.238398 0.0933313 -0.334151 -0.0730755 -0.939682
0.166843 -0.0975436 0.0265241 -0.867244 -0.366586 0.3369
-0.203622 0.30527 -0.0964484 -0.334151 -0.0730755 -0.939682
-0.215429 0.239597 0.00297672 0.867244 0.366586 -0.3369
0.135236 -0.247021 0.116237 0.334151 0.0730755 0.939682
-0.101105 0.500333 -0.0233568 -0.369094 0.92751 0.059121
-0.0259789 -0.275985 -0.114416 -0.334151 -0.0730755 -0.939682
0.279549 -0.385603 -0.0237764 0.867244 0.366586 -0.3369
-0.0753659 -0.0612385 -0.0748565 0.334151 0.0730755 0.939682
0.13393 -0.444905 0.127551 0.369094 -0.92751 -0.0591209
0.194633 -0.44082 -0.151024 -0.334151 -0.0730754 -0.939682
0.0309265 -0.0535126 -0.151953 -0.334151 -0.0730755 -0.939682
0.278634 -0.428205 0.0001091 0.369094 -0.92751 -0.0591209
-0.0684562 0.352063 -0.116941 0.867244 0.366586 -0.3369
-0.163016 0.261031 0.144088 -0.334151 -0.0730755 -0.939682
0.0207888 -0.271512 0.081886 -0.867244 -0.366586 0.3369
0.0391214 0.0233696 -0.143705 0.867244 0.366586 -0.3369
-0.0342536 -0.094335 0.132985 -0.867244 -0.366586 0.3369
-0.0395537 -0.172002 0.00784711 0.867244 0.366586 -0.3369
0.00925408 0.141408 0.0921314 -0.334151 -0.0730755 -0.939682
0.0417353 0.0947141 0.12291 0.334151 0.0730755 0.939682
-0.0227424 -0.0105597 0.154025 0.334151 0.0730755 0.939682
-0.113199 0.0724766 -0.110499 -0.334151 -0.0730755 -0.939682
-0.147525 0.296435 -0.0770116 0.334151 0.0730755 0.939682
0.0239758 -0.314149 0.0436957 -0.867244 -0.366586 0.3369
0.126134 -0.260997 -0.130975 0.334151 0.0730755 0.939682
0.139299 -0.0329314 0.0259248 -0.867244 -0.366586 0.3369
0.202619 -0.25675 0.093032 0.334151 0.0730755 0.939682
0.139053 -0.376666 0.0862635 -0.334151 -0.0730755 -0.939682
-0.13036 0.478941 -0.106983 -0.334151 -0.0730756 -0.939682
-0.115495 0.496127 -0.0650801 0.867244 0.366586 -0.3369
0.10477 -0.063915 -0.123658 0.867244 0.366586 -0.3369
0.0162592 0.264786 0.00616438 0.867244 0.366586 -0.3369
0.210768 -0.159279 0.0454348 0.867244 0.366586 -0.3369
0.0561722 0.139186 0.114318 0.334151 0.0730755 0.939682
0.0830614 0.0893657 -0.012752 0.867244 0.366586 -0.3369
0.113626 -0.0530359 0.0701378 -0.334151 -0.0730755 -0.939682
-0.207382 0.457458 -0.0142126 -0.369094 0.92751 0.0591213
0.228763 -0.385721 -0.154636 0.867244 0.366586 -0.3369
-0.0866309 0.312396 -0.138605 -0.334151 -0.0730755 -0.939682
0.132203 -0.323129 -0.167 -0.334151 -0.0730755 -0.939682
-0.0155329 0.284998 0.0897792 -0.334151 -0.0730755 -0.939682
0.023422 0.304671 0.068002 0.867244 0.366586 -0.3369
-0.033709 0.360359 0.00851458 -0.867244 -0.366586 0.3369
0.00814081 -0.338676 -0.121674 -0.334151 -0.0730755 -0.939682
-0.046145 0.14159 -0.101021 0.334151 0.0730755 0.939682
-0.0963667 0.49855 0.0341923 -0.369094 0.92751 0.059121
0.219111 -0.219254 0.0286364 -0.867244 -0.366586 0.3369
0.172444 -0.471199 0.0116654 0.369088 -0.927511 -0.0591408
-0.0370978 -0.17641 0.00937305 0.867244 0.366586 -0.3369
0.124252 -0.494885 0.0889735 -0.867244 -0.366588 0.3369
-0.169431 0.465073 -0.0505135 0.369094 -0.92751 -0.0591209
0.168659 -0.0620206 0.0609413 0.334151 0.0730755 0.939682
0.0668388 -0.292096 -0.146169 -0.334151 -0.0730755 -0.939682
0.22212 -0.438324 -0.0401846 -0.369113 0.927502 0.0591258
0.00608131 -0.192248 0.128881 0.334151 0.0730755 0.939682
0.0742512 -0.223483 0.136092 0.334151 0.0730755 0.939682
0.162311 -0.348614 0.114509 0.334151 0.0730755 0.939682
0.273222 -0.338652 0.0110257 0.867244 0.366586 -0.3369
0.138234 -0.16328 -0.145634 0.867244 0.366586 -0.3369
-0.194359 0.220935 0.0638953 -0.867244 -0.366586 0.3369
-0.0879317 -0.101838 -0.0133567 -0.867244 -0.366586 0.3369
-0.123637 0.423098 0.117482 -0.334151 -0.0730755 -0.939682
-0.0456464 -0.0962353 -0.0827032 0.334151 0.0730755 0.939682
-0.254455 0.424866 0.114906 -0.867245 -0.366586 0.3369
-0.160647 0.379204 -0.0787821 0.334151 0.0730755 0.939682
0.0629917 0.174025 0.0801603 0.334151 0.0730756 0.939682
-0.0149248 0.229646 0.132565 0.334151 0.0730755 0.939682
-0.0188044 0.21585 -0.126192 -0.334151 -0.0730753 -0.939683
0.011827 -0.171085 -0.09732 0.334151 0.0730755 0.939682
0.00687278 0.211286 0.0875441 -0.334151 -0.0730755 -0.939682
-0.0331862 0.269297 -0.116209 0.867244 0.366586 -0.3369
-0.0887504 0.113757 -0.122404 -0.334151 -0.0730755 -0.939682
0.23784 -0.435082 0.00708638 -0.369093 0.92751 0.0591196
-0.00210539 -0.270725 0.0238086 -0.867244 -0.366586 0.3369
-0.145273 0.108667 0.0411047 0.867244 0.366586 -0.3369
0.132243 -0.119021 -0.112898 0.867244 0.366586 -0.3369
0.0668551 0.0440329 0.079221 -0.334151 -0.0730755 -0.939682
-0.0357448 -0.00673791 -0.131882 -0.334151 -0.0730755 -0.939682
0.0382152 -0.0460951 0.135112 0.334151 0.0730755 0.939682
-0.0076156 0.0284514 -0.144621 -0.334151 -0.0730755 -0.939682
-0.183828 0.186502 0.0265506 0.867244 0.366586 -0.3369
0.0918214 -0.270521 0.133502 0.334151 0.0730755 0.939682
0.0447175 -0.0589057 0.0950983 -0.334151 -0.0730755 -0.939682
0.0693816 -0.275295 0.141853 0.334151 0.0730755 0.939682
0.107998 -0.277917 0.0896273 -0.334151 -0.0730755 -0.939682
-0.248183 0.301897 0.0134354 -0.867244 -0.366586 0.3369
0.101258 -0.18008 0.123113 0.334151 0.0730755 0.939682
-0.265269 0.389699 0.064994 -0.867244 -0.366586 0.3369
0.164457 -0.288378 0.0703641 -0.334151 -0.0730755 -0.939682
-0.0592616 0.197224 0.150853 0.334151 0.0730755 0.939682
0.0750458 0.0214546 0.116762 0.334151 0.0730755 0.939682
0.0176826 -0.404968 -0.0713261 -0.867244 -0.366586 0.3369
0.0231844 -0.276425 -0.0931668 0.334151 0.0730755 0.939682
-0.0284441 0.347947 0.0894751 -0.334151 -0.0730755 -0.939682
-0.209195 0.369712 -0.0607803 0.334151 0.0730755 0.939682
0.213822 -0.395225 0.0998166 0.334151 0.0730755 0.939682
-0.1071 0.0610957 0.114591 -0.867244 -0.366586 0.3369
-0.070349 -0.157053 -0.0281757 -0.867244 -0.366586 0.3369
-0.00412598 0.023777 0.106037 -0.334151 -0.0730755 -0.939682
-0.283889 0.372566 -0.00158081 -0.867244 -0.366586 0.3369
-0.170462 0.141158 0.0116192 0.867244 0.366586 -0.3369
-0.0335786 -0.166666 0.0560184 -0.867244 -0.366586 0.3369
-0.173685 0.117602 -0.0924999 -0.334151 -0.0730755 -0.939682
-0.13531 0.408619 0.161456 0.334151 0.0730755 0.939682
0.0280626 -0.388253 -0.0264178 -0.867244 -0.366586 0.3369
0.11364 0.0287891 4.93811e-05 0.867244 0.366586 -0.3369
-0.0614714 0.180411 -0.137287 -0.334151 -0.0730755 -0.939682
0.207229 -0.307179 0.0953142 0.334151 0.0730755 0.939682
0.0838824 -0.33945 -0.148548 -0.334151 -0.0730755 -0.939682
-0.264376 0.347973 -0.00509596 0.867244 0.366586 -0.3369
0.115722 -0.306776 -0.123713 0.334151 0.0730755 0.939682
-0.0768972 0.224322 -0.096519 0.334151 0.0730755 0.939682
-0.0941539 -0.0551346 -0.00553879 0.867244 0.366586 -0.3369
-0.184293 0.426365 -0.0740412 0.334151 0.0730755 0.939682
0.17189 -0.397457 0.114901 0.334151 0.0730755 0.939682
0.022376 -0.133708 -0.142676 -0.334151 -0.0730755 -0.939682
-0.133805 0.144054 -0.0700405 0.334151 0.0730755 0.939682
-0.109971 0.0456339 -0.0708621 0.334151 0.0730755 0.939682
-0.061791 0.241448 0.109615 -0.334151 -0.0730755 -0.939682
-0.11853 -0.0330789 -0.0442876 0.867244 0.366586 -0.3369
0.065089 0.0687075 -0.0545108 -0.867244 -0.366586 0.3369
-0.220009 0.383978 0.148291 0.867244 0.366586 -0.3369
0.0215311 0.303369 0.0617177 0.867244 0.366586 -0.3369
-0.0122118 0.27841 0.0891106 -0.334151 -0.0730755 -0.939682
0.159883 -0.182968 -0.11133 0.867244 0.366586 -0.3369
0.257635 -0.279506 0.0352587 0.867244 0.366586 -0.3369
0.0972481 -0.388782 -0.149464 -0.334151 -0.0730755 -0.939682
0.108835 -0.325456 0.0930267 -0.334151 -0.0730755 -0.939682
-0.0900588 -0.0933555 -0.0365859 0.867244 0.366586 -0.3369
0.136854 -0.0285681 0.02438 -0.867244 -0.366586 0.3369
0.233984 -0.236149 0.0755224 0.867244 0.366586 -0.3369
-0.25143 0.363603 -0.0452863 0.334151 0.0730755 0.939682
-0.0932002 0.448953 -0.0752097 0.867244 0.366586 -0.3369
0.077333 -0.461176 -0.00591912 0.867244 0.366586 -0.3369
0.182744 -0.214707 0.0968298 0.334151 0.0730755 0.939682
0.0235267 0.0649527 0.0930017 -0.334151 -0.0730755 -0.939682
0.263734 -0.373722 0.0416979 -0.334151 -0.0730755 -0.939682
-0.0533229 -0.0626812 -0.121281 -0.334151 -0.0730755 -0.939682
-0.178482 0.194028 -0.0580395 0.334151 0.0730755 0.939682
0.00109272 -0.201713 0.08015 0.867244 0.366586 -0.3369
0.113751 -0.135106 0.115173 0.334151 0.0730755 0.939682
-0.153014 0.317205 0.174861 0.334151 0.0730755 0.939682
0.182637 -0.463373 -0.0474802 0.369094 -0.92751 -0.0591209
0.254536 -0.420538 -0.116853 0.369092 -0.927511 -0.0591203
0.172573 -0.245309 -0.146496 0.867244 0.366586 -0.3369
0.126267 -0.207345 0.0776427 -0.334151 -0.0730755 -0.939682
0.0748632 -0.49449 -0.0485261 0.867244 0.366586 -0.3369
-0.103019 -0.0125116 0.0450029 -0.867244 -0.366586 0.3369
-0.238962 0.423961 0.16038 -0.369095 0.927509 0.0591213
0.171427 -0.468291 -0.040308 0.369094 -0.92751 -0.0591209
0.0432554 -0.437091 -0.0404495 -0.867244 -0.366586 0.3369
-0.102314 -0.00659578 0.0532555 -0.867244 -0.366586 0.3369
0.127659 -0.121198 -0.100084 -0.867244 -0.366586 0.3369
0.219353 -0.353324 0.0945913 0.334151 0.0730755 0.939682
-0.0456404 -0.170061 -0.0769642 0.334151 0.0730755 0.939682
-0.219029 0.321127 0.0824237 0.867244 0.366586 -0.3369
-0.214922 0.281108 0.0494512 0.867244 0.366586 -0.3369
-0.0436485 0.355439 -0.049409 0.867244 0.366586 -0.3369
-0.00384611 -0.356963 -0.0745095 -0.867244 -0.366586 0.3369
-0.220582 0.27596 -0.0494403 0.334151 0.0730755 0.939682
-0.0659946 0.246276 -0.140801 -0.334151 -0.0730755 -0.939682
0.247599 -0.330939 -0.046541 0.867244 0.366586 -0.3369
0.239344 -0.360829 -0.100314 0.867244 0.366586 -0.3369
0.115573 -0.416202 -0.11515 0.334151 0.0730755 0.939682
0.127857 -0.0243996 -0.0212304 0.867244 0.366586 -0.3369
-0.237965 0.437773 -0.0500788 0.369094 -0.92751 -0.0591209
-0.132005 0.42121 -0.0922339 0.334151 0.0730755 0.939682
0.00287774 -0.233148 -0.0893112 0.334151 0.0730755 0.939682
0.0223395 0.262049 0.0188376 0.867244 0.366586 -0.3369
0.0718828 -0.458708 0.00972007 -0.867244 -0.366586 0.3369
0.0593492 0.0932951 0.0780591 -0.334151 -0.0730755 -0.939682
-0.0539424 -0.218686 -0.106974 -0.867245 -0.366586 0.3369
-0.120863 0.274245 0.166768 0.334151 0.0730755 0.939682
0.0499331 -0.488709 -0.0958446 -0.334151 -0.0730754 -0.939682
-0.283322 0.381856 -0.0710746 -0.369094 0.92751 0.0591205
0.0231484 0.179486 0.122927 0.334151 0.0730755 0.939682
-0.25158 0.372707 0.0817422 -0.867244 -0.366586 0.3369
0.0972988 -0.373522 0.11387 -0.867244 -0.366586 0.3369
-0.105065 -0.0864332 -0.0946662 -0.867245 -0.366586 0.3369
0.0584153 -0.416459 0.0210247 -0.867244 -0.366586 0.3369
0.166989 -0.160465 -0.0685499 0.867244 0.366586 -0.3369
-0.0360883 0.44842 0.071227 0.867244 0.366586 -0.3369
0.161076 -0.416489 -0.131309 0.334151 0.0730755 0.939682
0.0739879 -0.452133 -0.133265 0.369094 -0.92751 -0.0591208
0.165154 -0.394303 -0.173182 -0.334151 -0.0730755 -0.939682
-0.18888 0.11874 -0.0871703 -0.867245 -0.366586 0.3369
