ply
format ascii 1.0
comment Created by Open3D
element vertex 128
property double x
property double y
property double z
property double nx
property double ny
property double nz
end_header
-0.0235309 -0.284005 0.101682 0.33409 -0.935164 -0.117694
-0.0123436 -0.225681 0.137402 0.398853 0.21446 0.891585
-0.284935 -0.271109 0.189076 0.349965 0.931216 -0.101791
-0.33732 0.11624 0.207009 -0.334091 0.935164 0.117694
0.139113 0.304085 -0.208866 -0.46332 -0.0542005 -0.884532
-0.372214 -0.306963 0.192816 -0.820803 -0.350044 0.451388
0.28153 -0.133237 -0.0219363 0.46332 0.0542007 0.884532
0.407859 0.147737 -0.251477 0.820803 0.350044 -0.451388
-0.182659 0.107754 -0.028291 -0.46332 -0.0542005 -0.884532
0.369375 -0.103587 -0.216556 0.33409 -0.935164 -0.117694
-0.0611276 0.200667 0.136736 0.513937 -0.107673 0.851044
0.518177 0.00656876 -0.160348 0.820803 0.350044 -0.451389
0.260574 0.343505 -0.0401725 0.463321 0.0541976 0.884532
0.0241841 0.22905 -0.0315487 0.3732 -0.926881 -0.0401545
-0.352833 0.0825356 0.297123 0.463318 0.0542088 0.884533
-0.0460318 -0.113268 -0.031255 0.435246 0.0423103 0.899317
-0.0910633 0.0347539 -0.0164249 0.435246 0.0423103 0.899317
0.173639 -0.161964 -0.198393 -0.46332 -0.0542005 -0.884532
-0.032723 -0.225241 -0.0864233 -0.46332 -0.0542005 -0.884532
-0.152692 -0.058232 -0.0338168 -0.46332 -0.0542005 -0.884532
-0.3907 -0.107743 0.313693 -0.820803 -0.350044 0.451388
-0.121681 -0.303012 -0.0259067 0.33409 -0.935164 -0.117694
0.0426039 -0.0552518 -0.0768818 0.435246 0.0423103 0.899317
0.0580985 0.0506406 -0.150901 -0.46332 -0.0542005 -0.884532
-0.221928 0.176492 0.0558187 -0.334091 0.935164 0.117694
0.0972406 -0.158828 0.0458542 -0.292438 0.936329 0.194338
0.0842553 -0.138367 -0.0722664 -0.292438 0.936329 0.194339
-0.000757012 -0.261633 -0.0114331 0.33409 -0.935164 -0.117694
-0.00263836 0.251738 0.0804175 -0.334091 0.935164 0.117694
0.0154007 0.136944 -0.0727585 0.435246 0.0423103 0.899317
0.012528 0.282321 -0.119529 -0.334091 0.935164 0.117694
-0.302143 -0.288106 0.0585517 -0.46332 -0.0542005 -0.884532
0.275922 -0.031348 -0.189692 0.185469 0.29521 0.937258
-0.484477 -0.0243634 0.207828 -0.820804 -0.350044 0.451388
-0.26431 -0.193868 0.0329603 -0.46332 -0.0542005 -0.884532
0.425598 0.104894 -0.141601 -0.504953 -0.17536 0.845146
0.005962 -0.184734 0.0333174 -0.292438 0.936329 0.194339
-0.467352 -0.135437 0.135733 -0.46332 -0.0542005 -0.884532
0.228436 -0.0819985 -0.126892 -0.292438 0.936329 0.194338
0.348559 0.190175 -0.158706 -0.479177 -0.276047 0.833179
0.438097 0.236328 -0.126592 0.46332 0.0542004 0.884532
0.341679 0.241022 -0.299477 0.820803 0.350044 -0.451388
0.265377 -0.138208 -0.236674 0.33409 -0.935164 -0.117694
-0.349741 -0.404382 0.158133 -0.820803 -0.350044 0.451388
-0.208923 -0.2708 0.124665 -0.283108 0.940024 0.190278
-0.314583 0.145077 0.0424182 -0.334091 0.935164 0.117694
0.30814 -0.0138191 -0.277923 -0.46332 -0.0542005 -0.884532
0.348737 -0.0546665 -0.0778733 -0.255272 0.931716 0.258343
-0.39565 -0.187152 0.243111 -0.820803 -0.350044 0.451388
-0.435818 -0.243237 0.126577 -0.820804 -0.350044 0.451388
0.314737 0.278467 -0.129698 -0.233516 -0.678806 0.696198
0.365304 0.295059 -0.214613 0.820803 0.350044 -0.451388
0.178854 0.0948907 -0.149887 0.435246 0.0423103 0.899317
0.213064 -0.171101 -0.123816 0.33409 -0.935164 -0.117694
-0.202494 0.0172338 -0.0123549 -0.46332 -0.0542005 -0.884532
0.138459 -0.00461938 -0.125656 0.435246 0.0423103 0.899317
-0.214843 -0.329326 0.0153494 -0.46332 -0.0542005 -0.884532
-0.281651 -0.395448 0.254463 0.33409 -0.935164 -0.117694
-0.422374 0.0844215 0.218394 -0.334091 0.935164 0.117694
0.296357 0.35117 -0.294116 -0.46332 -0.0542005 -0.884532
-0.368206 -0.208297 0.172317 0.79928 0.498117 -0.336201
-0.0854148 -0.203901 4.51699e-05 -0.0157318 0.78533 0.618878
-0.092921 0.228756 0.00674885 -0.334091 0.935164 0.117694
0.161889 -0.196699 -0.0656876 0.33409 -0.935164 -0.117694
0.231038 0.36185 -0.131178 -0.334091 0.935164 0.117694
-0.325897 -0.15151 0.105992 0.435246 0.0423103 0.899317
0.104509 0.164937 -0.117202 0.435246 0.0423103 0.899317
-0.409968 0.102175 0.112548 -0.334091 0.935164 0.117694
-0.236459 0.133693 0.233031 0.46332 0.0541997 0.884532
0.46312 0.119876 -0.172596 0.820803 0.350044 -0.451388
0.337383 0.0935318 -0.299819 -0.46332 -0.0542005 -0.884532
0.163919 0.320257 0.00878172 -0.334091 0.935164 0.117694
0.326308 0.101147 -0.20097 -0.484567 -0.256827 0.836203
0.257945 0.166965 -0.191556 0.435246 0.0423103 0.899317
0.467494 -0.0774329 -0.134469 0.493185 -0.832971 0.250853
-0.461252 0.0534343 0.310391 -0.820804 -0.350044 0.451388
-0.319697 -0.052169 0.0532894 -0.46332 -0.0542005 -0.884532
-0.144056 0.164822 0.182259 0.52563 -0.153531 0.836745
0.155462 0.328342 -0.0794673 -0.334091 0.935164 0.117694
0.102388 0.259245 -0.115796 0.549245 -0.581989 0.599683
0.0746516 -0.240542 0.0887646 0.570799 -0.532631 0.624894
-0.118709 0.167547 0.0600505 0.3732 -0.926881 -0.0401543
0.380748 0.384399 -0.117248 0.820803 0.350044 -0.451388
0.102077 -0.0823642 -0.165787 -0.46332 -0.0542005 -0.884532
0.227832 0.278003 -0.151115 -0.0478444 -0.85137 0.522379
0.330999 0.390763 -0.202776 0.820803 0.350044 -0.451388
-0.221821 -0.36185 0.157338 0.33409 -0.935164 -0.117694
-0.341828 0.0194183 0.10566 0.435246 0.0423103 0.899317
-0.0906521 0.135344 -0.0781751 -0.46332 -0.0542005 -0.884532
-0.121937 -0.241939 0.116473 -0.292438 0.936329 0.194339
0.0581957 -0.2327 -0.0739842 0.33409 -0.935164 -0.117694
0.458245 0.0333365 -0.24857 0.820803 0.350044 -0.451388
0.0542607 0.0761458 -0.150453 -0.46332 -0.0542005 -0.884532
-0.404405 -0.0972085 0.19834 0.866057 0.332781 -0.373096
0.323862 -0.131147 -0.126767 0.33409 -0.935164 -0.117694
-0.37151 0.00330823 0.286847 0.899338 -0.303867 -0.314415
-0.141886 -0.322476 0.211433 0.47139 0.0312025 0.881373
0.237608 0.240257 -0.256547 -0.46332 -0.0542005 -0.884532
-0.0848668 0.231313 -0.087086 -0.46332 -0.0542005 -0.884532
0.0911035 -0.200319 -0.152811 -0.46332 -0.0542005 -0.884532
0.243912 0.376777 -0.213236 -0.334091 0.935164 0.117694
-0.452042 -0.00137906 0.119499 -0.46332 -0.0542005 -0.884532
-0.39943 -0.0790342 0.0966998 -0.46332 -0.0542005 -0.884532
-0.260028 0.0674081 0.0147074 -0.46332 -0.0542005 -0.884532
-0.514568 0.0586339 0.161588 -0.334091 0.935164 0.117694
0.185894 -0.0752789 -0.210124 -0.46332 -0.0542005 -0.884532
0.169402 -0.204608 0.0184779 0.33409 -0.935164 -0.117694
-0.401815 -0.32217 0.112847 -0.46332 -0.0542005 -0.884532
-0.221455 -0.0366391 0.0500399 0.435246 0.0423103 0.899317
0.0815063 0.282853 0.0573403 0.46332 0.0541997 0.884532
0.0128185 0.197269 -0.136168 -0.46332 -0.0542005 -0.884532
0.156346 0.192446 -0.211052 -0.46332 -0.0542005 -0.884532
0.183872 -0.114979 -0.0350485 -0.292438 0.936329 0.194338
-0.27915 0.0998901 0.130621 0.3732 -0.926881 -0.0401543
-0.302482 -0.380176 0.0739871 0.33409 -0.935164 -0.117694
-0.414458 0.0999871 0.117184 -0.334091 0.935164 0.117694
0.413628 -0.00139088 -0.118416 -0.500844 0.608209 0.615822
0.423898 -0.02572 -0.337828 -0.46332 -0.0542005 -0.884532
-0.326846 -0.230311 0.30268 0.46332 0.0542007 0.884532
-0.0389019 0.0517441 -0.100159 -0.46332 -0.0542005 -0.884532
0.00606466 -0.136509 -0.112177 -0.46332 -0.0542005 -0.884532
-0.13035 -0.319378 0.079523 0.33409 -0.935164 -0.117694
-0.274814 -0.310491 0.280339 0.46332 0.0542005 0.884532
0.490177 -0.0554539 -0.256093 0.33409 -0.935164 -0.117694
-0.169664 -0.156038 -0.0189336 -0.46332 -0.0542005 -0.884532
0.12677 0.331594 -0.186751 -0.334091 0.935164 0.117694
-0.161731 0.192623 -0.0444539 -0.46332 -0.0542005 -0.884532
0.230608 0.0645296 -0.242113 -0.46332 -0.0542005 -0.884532
