ply
format ascii 1.0
comment Created by Open3D
element vertex 128
property double x
property double y
property double z
property double nx
property double ny
property double nz
end_header
0.379429 0.0605657 0.356861 0.674584 -0.619138 -0.402
-0.0966175 -0.243396 0.198077 -0.0682825 -0.594569 0.80114
-0.314761 -0.508372 0.0682076 0.674584 -0.619138 -0.402
-0.0518918 0.133182 -0.29253 0.0682824 0.594569 -0.80114
0.103014 0.121745 0.109738 0.674585 -0.619138 -0.402
0.269956 0.490808 -0.116342 -0.674586 0.619131 0.402008
0.365816 0.346299 0.120593 0.735033 0.512987 0.443363
0.248157 0.274915 0.108163 -0.0671916 -0.79845 -0.5983
0.0605472 0.104492 -0.183708 0.674584 -0.619138 -0.402
0.26266 0.200284 0.318863 -0.674584 0.619138 0.402
-0.192663 -0.0144846 -0.487562 0.674584 -0.619138 -0.402
-0.425509 -0.455716 0.104969 -0.735033 -0.512987 -0.443363
-0.369459 -0.20989 -0.1879 0.673693 -0.626491 -0.391978
-0.270844 -0.35818 0.27279 -0.0682826 -0.594569 0.80114
-0.191252 -0.189441 0.0952114 0.674584 -0.619138 -0.402
-0.244481 -0.270571 -0.180106 0.674584 -0.619138 -0.402
0.0743774 -0.120605 0.478531 -0.0682825 -0.594569 0.80114
-0.228282 -0.291071 0.189597 0.674584 -0.619138 -0.402
0.191023 0.368857 -0.0609761 -0.674584 0.619138 0.402
-0.30712 -0.22276 -0.230505 -0.0682826 -0.594569 0.80114
-0.244047 0.0102104 -0.300875 0.674584 -0.619138 -0.402
0.118038 0.268157 -0.352625 0.0682826 0.594569 -0.80114
-0.0633161 -0.0972166 0.230046 -0.674584 0.619138 0.402
0.347863 0.36372 -0.163011 0.674585 -0.61914 -0.401996
-0.068274 0.116976 -0.304093 -0.735033 -0.512987 -0.443363
0.123526 -0.0285055 0.0646211 0.674584 -0.619138 -0.402
0.0752141 -0.0816342 0.376322 0.674584 -0.619138 -0.402
0.0629731 -0.0207551 0.262018 0.674584 -0.619138 -0.402
-0.384062 -0.110329 -0.287994 -0.674584 0.619138 0.402
-0.0180903 -0.173188 0.256875 -0.0682826 -0.594569 0.80114
-0.23799 0.00327241 -0.450639 0.690196 0.335827 0.640976
-0.321788 -0.176217 -0.188492 0.369943 -0.851406 0.371819
-0.27207 -0.244207 -0.267006 0.674584 -0.619138 -0.402
0.0753356 -0.0462314 0.0657268 -0.0682826 -0.594569 0.80114
-0.164634 -0.195187 0.210915 -0.674584 0.619138 0.402
-0.258584 0.0448939 -0.378688 0.674583 -0.619141 -0.401998
-0.330414 -0.454322 -0.0413039 0.674584 -0.619138 -0.402
0.289317 0.222374 0.108866 -0.735033 -0.512987 -0.443363
0.391329 0.518223 -0.120627 0.735033 0.512987 0.443363
-0.0389603 0.206472 -0.196809 -0.674584 0.619138 0.402
0.108019 0.265259 -0.285418 -0.0682777 -0.594572 0.801138
0.176402 0.299255 -0.0405031 0.674584 -0.619138 -0.402
-0.147779 0.0210793 -0.202296 0.735033 0.512987 0.443363
-0.22681 0.0658968 -0.295527 -0.674584 0.619138 0.402
0.0363951 -0.0417449 -0.0590847 -0.0682826 -0.594569 0.80114
-0.0591933 -0.177523 0.360647 -0.674584 0.619138 0.402
-0.0825872 -0.0780739 -0.0546838 -0.735033 -0.512987 -0.443363
-0.312847 -0.383861 0.155439 0.579426 0.781509 -0.23132
0.191154 0.422441 -0.231891 0.0682823 0.594569 -0.80114
0.323049 0.488099 -0.0230765 -0.674585 0.619138 0.401999
0.141192 0.197017 0.120064 -0.674584 0.619138 0.402
-0.202149 0.103566 -0.374349 0.674584 -0.619138 -0.402
-0.4406 -0.470648 0.147265 -0.735033 -0.512987 -0.443363
-0.244125 -0.018709 -0.194277 -0.674581 0.619142 0.402
-0.140131 -0.00884624 -0.180352 0.735033 0.512987 0.443363
0.138954 0.16458 -0.18977 -0.0682828 -0.594569 0.80114
-0.112393 -0.324037 0.311635 -0.0682826 -0.594569 0.80114
-0.0488526 -0.199403 0.409548 -0.0682826 -0.594569 0.80114
-0.303293 -0.217647 -0.148371 0.0682823 0.594569 -0.80114
-0.124044 0.0709546 -0.193057 0.674585 -0.619138 -0.402
0.152433 0.323292 -0.0555566 -0.674584 0.619138 0.402
-0.293982 -0.185052 -0.2014 -0.0682826 -0.594569 0.80114
0.148919 0.0658914 0.272792 0.674584 -0.619138 -0.402
-0.214727 0.0333749 -0.225163 -0.674584 0.619138 0.402
-0.0274214 0.245466 -0.303722 0.553291 -0.831766 0.0451049
0.391817 0.498519 -0.0986372 0.735033 0.512987 0.443363
0.152926 0.0766069 0.325203 -0.674584 0.619138 0.402
-0.169013 -0.0996672 0.056453 -0.674584 0.619138 0.402
-0.0901342 0.169696 -0.226041 -0.674584 0.619138 0.402
0.0466024 -0.0908475 0.169712 0.382513 -0.75725 -0.529393
-0.243009 -0.350512 -0.0373783 0.735033 0.512987 0.443363
0.0920139 -0.0117225 0.296839 0.674584 -0.619138 -0.402
0.00958565 -0.0726273 0.314509 -0.674584 0.619138 0.402
-0.24582 -0.0308801 -0.402544 0.735033 0.512987 0.443363
0.100158 0.0223889 0.00921198 0.674584 -0.619138 -0.402
-0.0383793 -0.164909 0.0724961 0.0682753 0.594571 -0.801139
-0.381783 -0.214584 -0.246521 -0.735036 -0.512985 -0.44336
0.173698 0.25443 0.0861851 -0.674584 0.619138 0.402
0.150582 -0.143091 0.468339 -0.0682824 -0.594569 0.80114
0.0648357 0.167513 -0.0683084 -0.0682826 -0.594569 0.80114
-0.246402 -0.358092 -0.022983 0.735033 0.512987 0.443363
0.132938 0.169481 -0.134552 0.735033 0.512987 0.443363
-0.0361288 -0.101184 -0.0469678 0.0682827 0.594569 -0.80114
0.125004 -0.197062 0.355891 0.0682826 0.594569 -0.80114
-0.269248 0.0291805 -0.372382 0.674584 -0.619138 -0.402
0.102707 -0.126892 0.47628 -0.0682825 -0.594569 0.80114
-0.3237 -0.19647 -0.0540332 -0.674584 0.619138 0.402
-0.415262 -0.300735 -0.0913379 -0.735025 -0.512996 -0.443367
-0.315186 -0.0677521 -0.526819 -0.735033 -0.512987 -0.443363
0.256519 0.404859 -0.069559 0.497152 -0.716488 -0.489371
-0.129554 0.206059 -0.348195 -0.674584 0.619138 0.402
0.257185 -0.146927 0.471297 0.674584 -0.619138 -0.401999
0.0430653 0.291081 -0.251663 0.674584 -0.619138 -0.402
-0.0566477 0.219347 -0.308507 0.674584 -0.619138 -0.402
-0.15526 0.137116 -0.402959 -0.0682825 -0.594569 0.80114
0.345 -0.0154893 0.416223 0.674593 -0.619132 -0.401994
-0.293763 -0.0896275 -0.254289 0.881095 0.340716 0.328
0.329501 0.297811 -0.0450364 -0.735033 -0.512987 -0.443363
0.0721109 -0.12775 0.131194 0.674584 -0.619138 -0.402
0.229413 0.143364 0.284806 0.224631 -0.791557 -0.568312
-0.0730578 -0.217579 0.219245 -0.0682825 -0.594569 0.80114
0.0887049 0.205911 -0.354848 0.674584 -0.619138 -0.402
0.360458 0.264238 0.0113421 0.674584 -0.619138 -0.402
-0.162995 0.148006 -0.3149 -0.674584 0.619138 0.402
-0.323538 -0.079414 -0.499479 -0.735033 -0.512987 -0.443363
0.237069 0.29313 0.132924 -0.674584 0.619138 0.402
-0.279457 -0.0264302 -0.351927 0.735032 0.512988 0.443364
-0.205678 0.0474111 -0.468731 0.200831 -0.370104 0.907023
-0.294427 -0.188083 -0.0178264 -0.674584 0.619138 0.402
0.360263 0.119647 0.392043 0.735033 0.512987 0.443363
-0.341351 -0.322987 -0.188125 -0.735033 -0.512987 -0.443363
-0.0147262 -0.0683629 0.267145 -0.674584 0.619138 0.402
-0.328051 -0.402127 -0.117726 0.674584 -0.619138 -0.402
7.68449e-05 0.0698098 -0.231766 0.674584 -0.619138 -0.402
-0.220585 0.0837238 -0.312538 -0.674584 0.619138 0.402
0.157549 0.264501 -0.329559 0.674584 -0.619138 -0.401999
-0.0497829 0.186331 -0.427656 0.0682824 0.594569 -0.80114
-0.109707 -0.244024 0.371246 -0.0682826 -0.594569 0.80114
0.0884674 -0.131155 0.226075 0.674584 -0.619138 -0.402
0.189433 0.0626788 0.407915 -0.674584 0.619138 0.402
-0.0204451 0.297501 -0.342651 0.0682823 0.594569 -0.80114
0.0541442 -0.0663865 0.268984 0.735033 0.512987 0.443363
-0.273305 -0.243849 -0.110565 0.735033 0.512987 0.443363
-0.249053 -0.0710915 -0.12187 -0.674584 0.619138 0.402
-0.0199816 0.256074 -0.241355 -0.674584 0.619138 0.402
0.0596074 0.0309692 0.00473679 0.472349 -0.726576 -0.498972
0.00719117 -0.221222 0.166214 0.674584 -0.619138 -0.401999
0.240337 -0.0221908 0.565715 -0.0682824 -0.594569 0.80114
