ply
format ascii 1.0
comment Created by Open3D
element vertex 512
property double x
property double y
property double z
property double nx
property double ny
property double nz
end_header
-0.132257 -0.245999 0.120501 -0.292438 0.936329 0.194339
0.46635 -0.070729 -0.202357 0.33409 -0.935164 -0.117694
-0.372233 -0.167963 0.205374 0.858061 0.353436 -0.372578
-0.218233 0.148238 0.222593 0.46332 0.0541997 0.884532
-0.117638 -0.000968448 -0.0556873 -0.46332 -0.0542005 -0.884532
0.46522 0.13756 -0.155063 0.820803 0.350044 -0.451388
0.453241 0.0397254 -0.123305 0.178261 0.143304 0.973492
-0.487837 -0.0340019 0.140248 -0.46332 -0.0542005 -0.884532
-0.119828 0.225052 -0.0402038 -0.334091 0.935164 0.117694
0.420826 0.147118 -0.228378 0.820803 0.350044 -0.451388
-0.0463541 -0.0477797 -0.0901574 -0.46332 -0.0542005 -0.884532
-0.128742 0.160373 0.132407 0.3732 -0.926881 -0.0401543
-0.49449 0.00171942 0.209847 -0.820804 -0.350044 0.451388
-0.186506 -0.138939 0.0379387 0.435246 0.0423103 0.899317
-0.233361 -0.0564421 0.0567339 0.435246 0.0423103 0.899317
0.144745 0.225474 -0.139523 0.435246 0.0423103 0.899317
0.057718 0.216668 -0.160875 -0.46332 -0.0542005 -0.884532
0.227957 -0.178442 -0.0232132 0.33409 -0.935164 -0.117694
-0.335895 -0.106474 0.0651015 -0.46332 -0.0542005 -0.884532
-0.261803 -0.380555 0.19247 0.33409 -0.935164 -0.117694
-0.201595 0.191411 -0.00500458 -0.334091 0.935164 0.117694
0.391126 -0.0363968 -0.320008 -0.46332 -0.0542005 -0.884532
-0.325681 -0.215546 0.301008 0.555861 0.10781 0.824254
0.348678 0.168874 -0.165695 -0.479177 -0.276047 0.833179
-0.437782 -0.120373 0.218285 -0.820804 -0.350044 0.451388
-0.275135 0.136224 0.224745 -0.334091 0.935164 0.117694
-0.245077 0.154524 0.164659 -0.334091 0.935164 0.117694
-0.480474 -0.10907 0.14942 -0.820804 -0.350044 0.451388
0.182018 -0.0869539 -0.139756 0.188137 0.539842 0.820473
0.292089 0.037398 -0.272654 -0.46332 -0.0542005 -0.884532
0.217465 -0.0362863 -0.229051 -0.46332 -0.0542005 -0.884532
-0.0277191 -0.0864951 -0.0975461 -0.46332 -0.0542005 -0.884532
0.152246 0.324447 -0.0576459 -0.334091 0.935164 0.117694
0.107993 0.193922 -0.120251 0.435246 0.0423103 0.899317
0.172335 0.00750665 -0.142621 0.435246 0.0423103 0.899317
-0.261975 0.0471587 0.0169678 -0.46332 -0.0542005 -0.884532
-0.236629 -0.228225 0.0205659 -0.46332 -0.0542005 -0.884532
-0.0529014 -0.00845242 -0.0891377 -0.46332 -0.0542005 -0.884532
-0.307912 -0.0607965 0.0930193 0.435246 0.0423103 0.899317
-0.204471 -0.142198 0.0467866 0.435246 0.0423103 0.899317
-0.15165 0.209616 -0.00788103 -0.334091 0.935164 0.117694
0.0296177 -0.231769 0.116054 0.46332 0.0542007 0.884532
-0.375982 -0.196285 0.271794 -0.820803 -0.350044 0.451388
-0.203926 -0.333049 0.24459 0.46332 0.0542007 0.884532
-0.515212 -0.00583608 0.152861 -0.46332 -0.0542005 -0.884532
0.0166416 -0.130824 -0.0607613 0.435246 0.0423102 0.899317
0.277463 -0.149549 -0.112255 0.33409 -0.935164 -0.117694
-0.0158453 -0.241954 -0.0942398 -0.46332 -0.0542005 -0.884532
-0.084622 -0.138197 -0.0645722 -0.46332 -0.0542005 -0.884532
0.045332 0.0905561 -0.146659 -0.46332 -0.0542005 -0.884532
0.312645 0.384582 -0.240944 0.820803 0.350044 -0.451388
-0.0855357 -0.211695 0.0255295 -0.292438 0.936329 0.194339
-0.402313 -0.199789 0.221197 -0.820803 -0.350044 0.451388
-0.179355 0.122253 -0.03091 -0.46332 -0.0542005 -0.884532
0.104286 0.310168 -0.0803275 -0.334091 0.935164 0.117694
-0.250583 -0.0175868 0.0632411 0.435246 0.0423103 0.899317
0.0391598 -0.0211966 -0.136579 -0.46332 -0.0542005 -0.884532
-0.426136 -0.00354623 0.106063 -0.46332 -0.0542005 -0.884532
-0.377034 -0.240959 0.235237 -0.820803 -0.350044 0.451388
-0.390925 0.039656 0.134045 0.752882 -0.483092 0.44698
-0.00347643 -0.169633 -0.0413643 -0.0244002 0.793364 0.608258
-0.273669 -0.00936683 0.0265567 -0.46332 -0.0542005 -0.884532
0.20655 -0.098993 -0.219491 -0.46332 -0.0542005 -0.884532
-0.300898 -0.170623 0.0947919 0.435246 0.0423102 0.899317
0.233433 -0.165007 -0.114419 0.33409 -0.935164 -0.117694
-0.334457 -0.183645 0.111646 0.435246 0.0423102 0.899317
0.309614 0.382745 -0.0741594 -0.334091 0.935164 0.117694
0.0448438 0.0713923 -0.145229 -0.46332 -0.0542005 -0.884532
0.211336 0.204998 -0.240625 -0.46332 -0.0542005 -0.884532
-0.250569 -0.145078 0.0692321 0.435246 0.0423103 0.899317
0.3266 0.166876 -0.179054 -0.479177 -0.276047 0.833179
0.294647 0.0953455 -0.20595 0.435246 0.0423103 0.899317
-0.210046 -0.0990477 -0.00127381 -0.46332 -0.0542005 -0.884532
0.43897 0.0642193 -0.133757 -0.548517 0.1406 0.824234
0.36786 0.384066 -0.140942 0.820803 0.350044 -0.451388
0.305355 0.102969 -0.283621 -0.46332 -0.0542005 -0.884532
-0.175852 0.179988 0.158836 -0.334091 0.935164 0.117694
0.103641 0.194669 -0.11818 0.435246 0.0423103 0.899317
0.0910745 0.217202 -0.113159 0.435246 0.0423103 0.899317
-0.52216 0.00655796 0.163285 -0.820804 -0.350044 0.451388
-0.392154 -0.0650173 0.2489 0.913255 0.164559 -0.372674
-0.424715 -0.0290038 0.161671 0.968689 -0.175264 -0.17585
-0.119506 -0.0308289 -0.0528789 -0.46332 -0.0542005 -0.884532
0.360778 0.222846 -0.140854 -0.479177 -0.276047 0.833179
0.360685 -0.100806 -0.263323 0.33409 -0.935164 -0.117694
-0.0726602 0.134448 -0.0300218 0.435246 0.0423103 0.899317
0.133152 0.155473 -0.196638 -0.46332 -0.0542005 -0.884532
-0.182466 -0.351328 0.185454 0.33409 -0.935164 -0.117694
0.476005 -0.0688701 -0.13152 0.570799 -0.532622 0.624901
-0.310475 -0.389832 0.128022 0.33409 -0.935164 -0.117694
0.0203833 -0.265959 0.0829487 0.33409 -0.935164 -0.117694
0.293518 -0.0319967 -0.26915 -0.46332 -0.0542005 -0.884532
-0.227062 0.119181 0.169444 0.3732 -0.926881 -0.0401543
-0.305193 0.0189238 0.087953 0.435246 0.0423103 0.899317
0.189117 0.206627 -0.229087 -0.46332 -0.0542005 -0.884532
0.0271169 0.265487 0.0556352 -0.334091 0.935164 0.117694
0.343411 -0.0499921 -0.103673 -0.337202 0.900095 0.275906
-0.235613 -0.324926 0.0259591 -0.46332 -0.0542005 -0.884532
-0.126825 0.225087 -0.0603362 -0.334091 0.935164 0.117694
0.162758 0.279065 -0.139684 0.240583 -0.890476 0.386228
-0.058309 0.251209 -0.102216 -0.46332 -0.0542005 -0.884532
-0.359601 -0.225572 0.278869 -0.820803 -0.350044 0.451388
-0.432597 -0.225308 0.123035 -0.46332 -0.0542005 -0.884532
-0.256131 0.167962 0.00650456 -0.46332 -0.0542005 -0.884532
-0.369368 -0.21365 0.270354 -0.820803 -0.350044 0.451388
-0.00781431 0.253001 0.0556952 -0.334091 0.935164 0.117694
-0.0146712 -0.0380996 -0.0499692 0.435246 0.0423103 0.899317
-0.23463 0.100803 0.04995 0.435246 0.0423103 0.899317
0.32499 -0.137331 -0.074424 0.33409 -0.935164 -0.117694
-0.248745 -0.249616 0.0732679 0.435246 0.0423112 0.899317
-0.0623345 0.157946 -0.0361247 0.435246 0.0423103 0.899317
0.0537128 -0.23549 -0.0645388 0.33409 -0.935164 -0.117694
-0.0992961 0.175676 0.0528382 0.3732 -0.926881 -0.0401545
-0.333506 0.00651588 0.0569266 -0.46332 -0.0542005 -0.884532
0.112931 -0.0740733 -0.110033 0.435246 0.0423103 0.899317
0.336067 0.404637 -0.173007 -0.334091 0.935164 0.117694
0.259482 -0.165788 -0.0342744 0.33409 -0.935164 -0.117694
-0.013484 -0.274154 0.0519253 0.33409 -0.935164 -0.117694
0.40588 0.0709306 -0.314637 0.820803 0.350044 -0.451388
0.36348 -0.0483384 -0.304795 -0.46332 -0.0542005 -0.884532
-0.0749857 -0.22958 0.127576 -0.292438 0.936329 0.194338
0.0606029 0.139037 -0.157629 -0.46332 -0.0542005 -0.884532
-0.428888 0.0758558 0.102639 -0.46332 -0.0542005 -0.884532
0.284295 -0.129683 -0.250716 0.33409 -0.935164 -0.117694
0.09695 0.167599 -0.113668 0.435246 0.0423103 0.899317
0.382576 0.334915 -0.152297 0.820803 0.350044 -0.451388
0.429817 0.185552 -0.119713 0.248854 -0.0329206 0.967981
0.43755 -0.0813287 -0.199888 0.33409 -0.935164 -0.117694
-0.182081 -0.27446 0.182687 -0.283108 0.940024 0.190278
0.121623 -0.189968 0.0652996 0.46332 0.0542007 0.884532
0.117421 -0.127979 -0.0724121 -0.292438 0.936329 0.194339
0.216064 -0.171002 -0.116092 0.33409 -0.935164 -0.117694
-0.0615203 -0.0443541 -0.0270012 0.435246 0.0423103 0.899317
-0.220452 0.177943 0.0484834 -0.334091 0.935164 0.117694
0.375969 0.0810551 -0.319266 -0.46332 -0.0542005 -0.884532
0.179209 0.328462 -0.0130084 -0.334091 0.935164 0.117694
0.0769192 0.220526 -0.171169 -0.46332 -0.0542005 -0.884532
-0.105484 0.0730171 -0.0665871 -0.46332 -0.0542005 -0.884532
0.0311107 -0.0837574 -0.0699783 0.435246 0.0423103 0.899317
0.179744 -0.117611 -0.204309 -0.46332 -0.0542005 -0.884532
0.0563038 -0.147209 -0.137837 -0.46332 -0.0542005 -0.884532
0.0864148 -0.0782934 -0.157832 -0.46332 -0.0542005 -0.884532
0.299699 0.0555639 -0.206523 0.435252 0.0423101 0.899314
0.00688795 0.159169 -0.130727 -0.46332 -0.0542005 -0.884532
-0.39908 -0.20626 0.222056 -0.820803 -0.350044 0.451388
-0.137504 -0.118754 0.0132732 0.435246 0.0423103 0.899317
0.0655404 0.299319 -0.10411 -0.334091 0.935164 0.117694
0.28328 0.114552 -0.201352 0.435246 0.0423103 0.899317
-0.170405 -0.0853491 0.0276246 0.435246 0.0423103 0.899317
0.455205 -0.0614363 -0.307833 0.33409 -0.935164 -0.117694
-0.0109504 -0.00545473 -0.111295 -0.46332 -0.0542005 -0.884532
-0.0122814 0.098577 -0.057556 0.435246 0.0423103 0.899317
0.141866 0.334585 -0.167666 -0.334091 0.935164 0.117694
-0.331126 -0.205217 0.111049 0.435246 0.0423102 0.899317
-0.234311 0.170013 0.0721451 -0.334091 0.935164 0.117694
-0.0923943 -0.0760818 -0.0105663 0.435246 0.0423103 0.899317
-0.141426 -0.204011 0.0191827 0.435246 0.0423102 0.899317
0.320808 0.376871 -0.232081 0.820803 0.350044 -0.451388
-0.232864 -0.358831 0.261328 0.46332 0.0542007 0.884532
0.197333 0.0146404 -0.221626 -0.46332 -0.0542005 -0.884532
-0.0657061 -0.228758 0.13758 -0.292438 0.936329 0.194338
0.126955 -0.19243 -0.172073 -0.46332 -0.0542005 -0.884532
-0.0254107 -0.209183 0.1039 -0.292438 0.936329 0.194338
0.37107 0.142961 -0.161402 -0.479177 -0.276047 0.833179
0.0268881 0.229208 -0.0100463 0.3732 -0.926881 -0.0401545
-0.0376717 0.0699432 -0.101919 -0.46332 -0.0542005 -0.884532
0.105471 -0.0172925 -0.171552 -0.46332 -0.0542005 -0.884532
-0.353815 0.126234 0.0807743 -0.334091 0.935164 0.117694
0.159871 0.327594 -0.0610084 -0.334091 0.935164 0.117694
0.325935 0.272815 -0.303451 0.820803 0.350044 -0.451388
-0.116576 -0.304702 0.197099 0.46332 0.0542007 0.884532
-0.228209 -0.199647 0.0144044 -0.46332 -0.0542005 -0.884532
-0.0642525 0.220989 -0.0972512 -0.46332 -0.0542005 -0.884532
0.329959 0.266102 -0.301341 0.820803 0.350044 -0.451388
-0.293257 0.0660939 0.032193 -0.46332 -0.0542005 -0.884532
-0.148115 -0.178017 0.021197 0.435246 0.0423102 0.899317
-0.423272 -0.0898399 0.10985 -0.46332 -0.0542005 -0.884532
-0.358833 -0.386457 0.155503 -0.820803 -0.350044 0.451388
0.0543927 -0.188381 -0.134313 -0.46332 -0.0542005 -0.884532
0.099513 -0.212127 -0.120168 0.33409 -0.935164 -0.117694
0.0271284 -0.157775 -0.121908 -0.46332 -0.0542005 -0.884532
-0.196138 -0.256774 0.076289 -0.292438 0.936329 0.194339
-0.156123 0.169383 0.188764 0.46332 0.0541997 0.884532
0.438932 -0.06497 -0.325949 0.33409 -0.935164 -0.117694
0.364459 0.372344 -0.156216 0.820803 0.350044 -0.451388
-0.443719 0.0806803 0.187529 -0.334091 0.935164 0.117694
0.257132 0.046827 -0.254921 -0.46332 -0.0542005 -0.884532
-0.124341 -0.0376121 -0.0499306 -0.46332 -0.0542005 -0.884532
0.138664 0.171983 -0.200536 -0.46332 -0.0542005 -0.884532
0.373498 0.299833 -0.19601 0.820803 0.350044 -0.451388
-0.162139 -0.195391 -0.0204643 -0.46332 -0.0542005 -0.884532
0.419857 -0.0600554 -0.0988763 0.46332 0.0542007 0.884532
-0.435526 -0.190648 0.167891 -0.820804 -0.350044 0.451388
-0.172647 0.136252 -0.0352819 -0.46332 -0.0542005 -0.884532
0.0394131 -0.174607 0.0348612 -0.292438 0.936329 0.194338
-0.382868 -0.237646 0.0977436 -0.46332 -0.0542005 -0.884532
0.259417 0.385868 -0.241461 -0.334091 0.935164 0.117694
-0.116961 -0.264147 0.19242 0.236475 0.511097 0.826353
0.486366 0.0342434 -0.196731 0.820803 0.350044 -0.451388
-0.00266711 -0.275185 0.129527 0.561445 -0.639898 0.524701
-0.0113157 0.247422 0.0900803 -0.334091 0.935164 0.117694
0.240009 0.348803 -0.264456 -0.46332 -0.0542005 -0.884532
0.0319815 -0.132081 -0.0681263 0.435246 0.0423102 0.899317
0.0725104 -0.151839 -0.0250346 -0.292438 0.936329 0.194339
-0.106247 0.228436 -0.028534 -0.334091 0.935164 0.117694
-0.379262 -0.170169 0.0917197 -0.46332 -0.0542005 -0.884532
0.265257 0.126289 -0.193181 0.435246 0.0423103 0.899317
0.0588904 0.0649914 -0.0904212 0.435246 0.0423103 0.899317
-0.222269 0.119137 -0.00824083 -0.46332 -0.0542005 -0.884532
0.0272025 0.265606 0.0549351 -0.334091 0.935164 0.117694
0.231973 0.130301 -0.177261 0.435246 0.0423103 0.899317
-0.406455 -0.114224 0.280018 -0.820803 -0.350044 0.451388
0.184796 -0.0493704 -0.145976 0.435246 0.0423103 0.899317
-0.425652 -0.0801997 0.271497 -0.820804 -0.350044 0.451388
-0.0838903 -0.302124 0.0743081 0.33409 -0.935164 -0.117694
-0.507189 -0.0186713 0.149445 -0.46332 -0.0542005 -0.884532
0.238052 0.369216 -0.169794 -0.334091 0.935164 0.117694
0.345176 0.402963 -0.133852 -0.334091 0.935164 0.117694
-0.0278552 0.237947 0.117376 0.46332 0.0541997 0.884532
-0.287697 0.13573 0.193008 -0.334091 0.935164 0.117694
0.174265 0.128857 -0.216542 -0.46332 -0.0542005 -0.884532
0.305767 0.241769 -0.161785 -0.373444 -0.482911 0.792046
0.169426 -0.185497 -0.133299 0.33409 -0.935164 -0.117694
-0.101201 0.175183 0.046519 0.3732 -0.926881 -0.0401545
-0.424384 -0.0470238 0.152064 0.867203 0.00077208 0.497954
0.102784 -0.2228 -0.0260777 0.33409 -0.935164 -0.117694
-0.305693 -0.164895 0.0968433 0.435246 0.0423103 0.899317
-0.117524 -0.185693 0.00675284 0.435246 0.0423102 0.899317
-0.292536 -0.0251174 0.0374047 -0.46332 -0.0542005 -0.884532
-0.281439 0.0944747 0.234351 0.3732 -0.926881 -0.0401543
-0.114652 -0.311249 0.0594951 0.33409 -0.935164 -0.117694
0.113394 0.327003 -0.188239 -0.334091 0.935164 0.117694
0.0386502 0.262578 0.0810307 0.46332 0.0541997 0.884532
0.0162778 0.0264224 -0.0679833 0.435246 0.0423103 0.899317
-0.169295 0.19 0.0978942 -0.334091 0.935164 0.117694
-0.328909 -0.137357 0.106783 0.435246 0.0423103 0.899317
-0.432812 0.0658589 0.336257 -0.334091 0.935164 0.117694
-0.0702405 0.00548098 -0.0251254 0.435246 0.0423103 0.899317
0.217997 0.180911 -0.172878 0.435246 0.0423103 0.899317
0.283002 0.15695 -0.202395 0.171779 -0.0623663 0.983159
-0.210921 -0.362071 0.24603 0.570799 -0.532622 0.624901
0.16437 -0.120642 -0.196071 -0.46332 -0.0542005 -0.884532
0.366766 -0.0148384 -0.14305 -0.491216 0.639176 0.591744
0.266374 0.307728 -0.275749 -0.46332 -0.0542005 -0.884532
0.129369 0.00976823 -0.121933 0.435246 0.0423103 0.899317
0.023167 -0.261182 0.0528942 0.33409 -0.935164 -0.117694
-0.00907701 0.215489 -0.0276527 0.3732 -0.926881 -0.0401545
-0.112048 0.0809741 -0.0636364 -0.46332 -0.0542005 -0.884532
0.123731 0.0619123 -0.121657 0.435246 0.0423103 0.899317
-0.442424 -0.0959052 0.228819 -0.820804 -0.350044 0.451388
0.326262 0.320019 -0.0774147 0.213999 -0.559519 0.800714
-0.472428 -0.0965872 0.17373 -0.820804 -0.350044 0.451388
-0.325403 -0.366008 0.232149 -0.820803 -0.350044 0.451388
-0.135741 -0.0577459 0.00954979 0.435246 0.0423103 0.899317
0.315089 -0.117089 -0.263374 0.33409 -0.935164 -0.117694
0.210106 -0.162014 -0.204414 0.33409 -0.935164 -0.117694
0.287691 0.0328917 -0.270074 -0.46332 -0.0542005 -0.884532
-0.103286 0.0655185 -0.0119569 0.435246 0.0423103 0.899317
-0.0357934 -0.272718 -0.02281 0.33409 -0.935164 -0.117694
0.197582 -0.134533 0.0215136 0.356535 0.303436 0.883634
0.106564 0.308156 -0.0578766 -0.334091 0.935164 0.117694
0.285203 0.015057 -0.197602 0.435246 0.0423104 0.899317
0.368387 0.207309 -0.277055 0.820803 0.350044 -0.451388
-0.266849 -0.20977 0.0352646 -0.46332 -0.0542005 -0.884532
-0.0609499 0.193323 0.00190268 0.3732 -0.926881 -0.0401545
-0.467413 0.0797329 0.1278 -0.334091 0.935164 0.117694
0.392176 0.204763 -0.128788 -0.479177 -0.276047 0.833179
0.0598603 -0.038537 -0.146359 -0.46332 -0.0542005 -0.884532
-0.0836511 0.233032 -0.000909041 -0.334091 0.935164 0.117694
-0.00818032 0.212622 0.0468749 0.3732 -0.926881 -0.0401543
0.273794 0.0407744 -0.19329 0.435246 0.0423103 0.899317
0.451616 -0.0510494 -0.326064 0.820803 0.350044 -0.451388
-0.200101 -0.174645 0.0461983 0.435246 0.0423102 0.899317
0.457687 -0.0129272 -0.285462 0.820803 0.350044 -0.451388
-0.127995 -0.0554162 -0.0469259 -0.46332 -0.0542005 -0.884532
-0.344056 0.000406059 0.0628266 -0.46332 -0.0542005 -0.884532
0.254105 -0.164974 -0.0108639 0.565925 -0.605595 0.55945
-0.098336 -0.00803844 -0.0108919 0.435246 0.0423103 0.899317
0.0494971 -0.234012 -0.0882538 0.33409 -0.935164 -0.117694
-0.11248 -0.312998 0.079557 0.33409 -0.935164 -0.117694
-0.25346 0.161341 0.0866963 -0.334091 0.935164 0.117694
0.243708 -0.0377786 -0.175033 0.435244 0.0423112 0.899318
-0.00887746 -0.0534009 -0.0520533 0.435246 0.0423103 0.899317
-0.00864872 -0.212324 0.128149 0.0460287 0.747128 0.663084
-0.362809 -0.32825 0.0927886 -0.46332 -0.0542005 -0.884532
0.165142 -0.199465 -0.0344786 0.33409 -0.935164 -0.117694
0.10232 0.261119 -0.0455811 0.3732 -0.926881 -0.0401545
-0.441155 -0.109491 0.120421 -0.46332 -0.0542005 -0.884532
-0.324747 -0.366876 0.0752183 -0.46332 -0.0542005 -0.884532
0.0541156 0.110145 -0.0902347 0.435246 0.0423103 0.899317
-0.0290574 -0.270392 -0.0221714 0.33409 -0.935164 -0.117694
-0.11858 0.113373 -0.0622001 -0.46332 -0.0542005 -0.884532
0.528464 -0.0267753 -0.167501 0.820803 0.350044 -0.451389
-0.393734 0.0197038 0.196694 0.821317 -0.507167 -0.261189
0.397756 0.0532115 -0.328972 -0.46332 -0.0542005 -0.884532
-0.334709 -0.333043 0.24079 -0.820803 -0.350044 0.451388
-0.246421 -0.365266 0.114652 0.33409 -0.935164 -0.117694
0.266662 -0.136913 -0.24332 0.33409 -0.935164 -0.117694
-0.0212285 0.211653 0.112489 0.570314 -0.457957 0.681922
0.0957028 0.303121 -0.0486988 -0.334091 0.935164 0.117694
-0.256032 0.0637768 0.06205 0.435246 0.0423103 0.899317
0.0216933 -0.0167852 -0.0685714 0.435246 0.0423103 0.899317
-0.160102 0.206111 -0.00402258 -0.334091 0.935164 0.117694
-0.359448 -0.258184 0.253858 -0.820803 -0.350044 0.451388
-0.16259 -0.341667 0.165109 0.33409 -0.935164 -0.117694
0.0102291 -0.242183 -0.107884 -0.46332 -0.0542005 -0.884532
-0.27678 -0.231423 0.0417932 -0.46332 -0.0542005 -0.884532
0.0731111 0.0152218 -0.156594 -0.46332 -0.0542005 -0.884532
-0.333537 -0.231409 0.113448 0.435247 0.0423138 0.899316
-0.0196764 -0.282428 0.100094 0.33409 -0.935164 -0.117694
-0.370232 -0.213221 0.132015 0.68759 0.269385 0.674279
0.320365 0.226893 -0.299076 -0.46332 -0.0542005 -0.884532
0.199786 0.166759 -0.163399 0.435246 0.0423103 0.899317
-0.193319 -0.192492 0.0437553 0.435246 0.0423102 0.899317
-0.0945119 -0.11303 -0.00780308 0.435246 0.0423103 0.899317
-0.409298 -0.108619 0.144994 0.641932 0.134325 0.754904
0.30823 0.198547 -0.179126 -0.479177 -0.276047 0.833179
-0.0162469 -0.205174 -0.0962832 -0.46332 -0.0542005 -0.884532
-0.394003 -0.118786 0.299123 -0.820803 -0.350044 0.451388
-0.298663 0.131799 0.193117 -0.334091 0.935164 0.117694
-0.374975 -0.0852733 0.277267 0.869533 0.323027 -0.373586
0.397243 0.334972 -0.125582 0.820803 0.350044 -0.451388
-0.219318 -0.347815 0.0529286 0.33409 -0.935164 -0.117694
-0.30064 -0.308178 0.293725 0.463322 0.054201 0.884531
0.244419 0.379114 -0.268623 -0.46332 -0.0542005 -0.884532
-0.334 -0.197666 0.3044 0.522873 0.079992 0.848649
0.119862 -0.160444 -0.170318 -0.46332 -0.0542005 -0.884532
0.0884955 0.22257 -0.112163 0.435246 0.0423103 0.899317
-0.114714 -0.282501 -0.0399674 -0.46332 -0.0542005 -0.884532
0.321339 -0.128738 -0.153064 0.33409 -0.935164 -0.117694
-0.108418 0.140885 -0.0692089 -0.46332 -0.0542005 -0.884532
0.132295 0.32657 -0.131145 -0.334091 0.935164 0.117694
-0.334087 -0.203507 0.112402 0.435246 0.0423102 0.899317
-0.0116057 0.148896 -0.0602504 0.435246 0.0423103 0.899317
0.308354 0.343405 -0.280679 0.820803 0.350044 -0.451388
-0.0421192 0.252045 -0.0340877 -0.334091 0.935164 0.117694
-0.125135 0.113172 -0.00362455 0.435246 0.0423103 0.899317
-0.0788576 -0.171442 -0.0126313 0.435246 0.0423102 0.899317
-0.297441 0.0907928 0.170614 0.3732 -0.926881 -0.0401543
0.313547 0.402636 -0.22104 -0.334091 0.935164 0.117694
0.350871 0.0836721 -0.190341 -0.51788 -0.113441 0.847899
0.0597985 0.0738916 -0.153216 -0.46332 -0.0542005 -0.884532
-0.135164 -0.239408 0.0843732 -0.292438 0.936329 0.194339
0.193208 0.336054 -0.0335927 -0.334091 0.935164 0.117694
-0.399475 -0.10389 0.300725 -0.820803 -0.350044 0.451388
-0.252528 -0.382445 0.233817 0.33409 -0.935164 -0.117694
0.0515082 0.118597 -0.151613 -0.46332 -0.0542005 -0.884532
-0.267156 0.0977072 0.0165842 -0.46332 -0.0542005 -0.884532
0.393571 0.169376 -0.13971 -0.479177 -0.276047 0.833179
-0.0363964 0.0635431 -0.102195 -0.46332 -0.0542005 -0.884532
-0.429802 0.0242447 0.10628 -0.46332 -0.0542005 -0.884532
0.158965 -0.00541424 -0.2003 -0.46332 -0.0542005 -0.884532
-0.11235 0.192105 0.164443 0.46332 0.0541997 0.884532
-0.319366 -0.0748769 0.0992253 0.435246 0.0423103 0.899317
-0.247497 -0.0269254 0.0139239 -0.46332 -0.0542005 -0.884532
0.412208 -0.0318645 -0.331328 -0.46332 -0.0542005 -0.884532
-0.204502 0.173341 0.130325 -0.334091 0.935164 0.117694
-0.491001 0.0688462 0.147343 -0.334091 0.935164 0.117694
0.256161 -0.119834 -0.00946908 0.46332 0.0542007 0.884532
-0.333882 -0.129886 0.0654812 -0.46332 -0.0542005 -0.884532
-0.0878115 -0.169236 -0.0609996 -0.46332 -0.0542005 -0.884532
0.250432 -0.151174 -0.176076 0.33409 -0.935164 -0.117694
0.0982278 -0.235565 0.0640691 0.408376 -0.912133 0.0352455
0.0240706 0.193171 -0.14181 -0.46332 -0.0542005 -0.884532
-0.0693447 0.0523079 -0.0842478 -0.46332 -0.0542005 -0.884532
-0.0842676 0.2252 0.059566 -0.334091 0.935164 0.117694
-0.32234 -0.205017 0.290803 0.920939 0.363027 0.141717
-0.132821 -0.19742 -0.0356966 -0.46332 -0.0542005 -0.884532
-0.0422034 -0.0366712 -0.0930122 -0.46332 -0.0542005 -0.884532
-0.141912 -0.0691671 -0.0387932 -0.46332 -0.0542005 -0.884532
0.224348 -0.17281 -0.0782073 0.33409 -0.935164 -0.117694
0.0650001 -0.0480459 -0.148469 -0.46332 -0.0542005 -0.884532
-0.0838238 -0.291395 -0.0107479 0.33409 -0.935164 -0.117694
-0.212015 -0.130832 0.0499031 0.435246 0.0423103 0.899317
0.153837 -0.204456 -0.0269147 0.33409 -0.935164 -0.117694
-0.0201223 -0.199755 0.0664376 -0.292438 0.936329 0.194339
-0.36854 0.0766345 0.305711 0.463321 0.0541966 0.884532
0.200142 0.128204 -0.161757 0.435246 0.0423103 0.899317
-0.0517697 0.194068 0.070034 0.3732 -0.926881 -0.0401543
-0.353096 -0.192472 0.226197 0.858061 0.353436 -0.372578
0.305373 0.369008 -0.266245 0.820803 0.350044 -0.451388
-0.235662 0.173285 0.042313 -0.334091 0.935164 0.117694
0.20904 0.36537 -0.22159 -0.334091 0.935164 0.117694
-0.123818 -0.0741258 -0.0479673 -0.46332 -0.0542005 -0.884532
0.121415 0.271196 -0.100713 0.3732 -0.926881 -0.0401545
-0.164436 -0.266377 0.170259 -0.292438 0.936329 0.194339
0.101902 0.0537095 -0.110707 0.435246 0.0423103 0.899317
0.313522 -0.141776 -0.0465223 0.53994 -0.733337 0.413136
-0.286147 0.062793 0.0286713 -0.46332 -0.0542005 -0.884532
0.082676 -0.189488 -0.14906 -0.46332 -0.0542005 -0.884532
-0.436026 0.0395061 0.343336 0.46332 0.0542007 0.884532
-0.441564 -0.114403 0.120937 -0.46332 -0.0542005 -0.884532
-0.272571 -0.387561 0.217573 0.33409 -0.935164 -0.117694
0.409903 0.128255 -0.143941 -0.479177 -0.276047 0.833179
-0.290883 -0.196659 0.0911699 0.435246 0.0423102 0.899317
-0.336369 0.10847 0.271445 -0.334091 0.935164 0.117694
-0.00823051 0.276059 -0.128705 -0.334091 0.935164 0.117694
0.530335 -0.0289087 -0.165752 0.820803 0.350044 -0.451389
-0.0568895 0.134036 -0.0957798 -0.46332 -0.0542005 -0.884532
0.410145 -0.0710738 -0.0931142 0.46332 0.0542007 0.884532
0.149372 -0.193302 -0.128215 0.33409 -0.935164 -0.117694
0.0499803 0.299381 -0.148775 -0.334091 0.935164 0.117694
0.251526 0.230998 -0.26327 -0.46332 -0.0542005 -0.884532
0.445889 0.0196123 -0.281681 0.820803 0.350044 -0.451388
0.218237 0.357045 -0.129336 -0.334091 0.935164 0.117694
0.161839 0.325356 -0.0376346 -0.334091 0.935164 0.117694
-0.444466 -0.0123563 0.289896 -0.820804 -0.350044 0.451388
-0.121884 0.13552 -0.0618263 -0.46332 -0.0542005 -0.884532
0.0227634 -0.174216 0.00792287 -0.292438 0.936329 0.194339
0.171654 0.149101 -0.148953 0.435246 0.0423103 0.899317
-0.0103183 -0.216099 0.131983 0.157027 0.621509 0.767508
0.148267 -0.039816 -0.128746 0.435246 0.0423103 0.899317
0.138355 0.0161402 -0.190825 -0.46332 -0.0542005 -0.884532
0.290534 0.148988 -0.203635 -0.0727931 -0.150096 0.985988
-0.321297 0.0794011 0.209453 0.397824 -0.91605 -0.0508725
-0.251758 -0.384115 0.249271 0.33409 -0.935164 -0.117694
0.464402 -0.00875407 -0.270015 0.820803 0.350044 -0.451388
-0.255795 -0.090525 0.0221674 -0.46332 -0.0542005 -0.884532
-0.333252 -0.29819 0.0754643 -0.46332 -0.0542005 -0.884532
0.245353 -0.112894 -0.0052148 0.334041 0.34687 0.876412
-0.0483959 -0.0605841 -0.0883033 -0.46332 -0.0542005 -0.884532
0.302911 0.100951 -0.282217 -0.46332 -0.0542005 -0.884532
0.222837 0.30681 -0.0746781 0.251547 -0.956162 0.149928
0.305558 -0.00116782 -0.20115 -0.236274 0.386571 0.891481
0.329092 0.392526 -0.0965773 -0.334091 0.935164 0.117694
0.158955 -0.00789966 -0.200143 -0.46332 -0.0542005 -0.884532
0.182316 -0.11293 -0.0472665 -0.292438 0.936329 0.194338
0.0873453 -0.239024 0.0590111 0.33409 -0.935164 -0.117694
0.2823 0.0577263 -0.198204 0.435244 0.0423113 0.899318
-0.396107 -0.0952219 0.137323 0.435246 0.0423103 0.899317
0.281043 0.0758052 -0.269221 -0.46332 -0.0542005 -0.884532
-0.141308 0.200473 0.0941281 -0.334091 0.935164 0.117694
-0.307025 -0.390797 0.145481 0.33409 -0.935164 -0.117694
0.415637 0.104606 -0.270781 0.820803 0.350044 -0.451388
-0.339687 -0.212735 0.30833 0.46332 0.0542007 0.884532
0.405672 0.200918 -0.1223 -0.479177 -0.276047 0.833179
0.0881417 0.256166 -0.0630315 0.3732 -0.926881 -0.0401545
0.495785 -0.0567224 -0.230094 0.33409 -0.935164 -0.117694
0.402654 0.243843 -0.186413 0.820803 0.350044 -0.451388
0.0585572 0.280078 0.0289477 -0.334091 0.935164 0.117694
-0.436352 0.0746674 0.106621 -0.46332 -0.0542005 -0.884532
-0.0486176 0.0852622 -0.0393438 0.435246 0.0423103 0.899317
-0.396409 0.0149404 0.197122 0.839946 -0.469194 -0.272667
-0.220786 0.0412933 -0.00424767 -0.46332 -0.0542005 -0.884532
0.171129 -0.183933 -0.140897 0.33409 -0.935164 -0.117694
-0.383008 0.0994915 0.210397 -0.334091 0.935164 0.117694
0.240321 -0.161989 -0.118847 0.33409 -0.935164 -0.117694
-0.122499 -0.321316 0.11721 0.33409 -0.935164 -0.117694
-0.0707523 -0.0417769 -0.0226544 0.435246 0.0423103 0.899317
0.271671 -0.00346886 -0.190181 0.435244 0.0423111 0.899318
-0.375471 -0.0962278 0.265966 0.858061 0.353436 -0.372578
0.418586 0.0101628 -0.124471 -0.521679 0.525271 0.672266
0.433272 0.143353 -0.125703 -0.357267 -0.241196 0.902322
-0.065092 0.0537184 -0.0298866 0.435246 0.0423103 0.899317
0.195803 -0.0450171 -0.151508 0.435246 0.0423103 0.899317
0.488175 -0.0554396 -0.261889 0.33409 -0.935164 -0.117694
0.311866 -0.0243951 -0.279227 -0.46332 -0.0542005 -0.884532
0.154043 0.338609 -0.165067 -0.334091 0.935164 0.117694
-0.393815 -0.115731 0.205217 0.858061 0.353436 -0.372578
-0.195023 0.133099 0.145958 0.3732 -0.926881 -0.0401543
-0.21875 0.173622 -0.0134227 -0.46332 -0.0542005 -0.884532
0.414373 0.162916 -0.22786 0.820803 0.350044 -0.451388
0.243731 0.359806 -0.0789089 -0.334091 0.935164 0.117694
-0.194496 0.170887 0.178223 -0.334091 0.935164 0.117694
0.00328282 -0.256196 -0.043168 0.33409 -0.935164 -0.117694
-0.06239 -0.229862 0.147731 -0.255267 0.931715 0.258353
-0.254465 -0.336406 0.0365372 -0.46332 -0.0542005 -0.884532
0.059556 0.274969 0.069321 0.46332 0.0541997 0.884532
-0.282976 0.14278 0.150394 -0.334091 0.935164 0.117694
0.202039 0.00063083 -0.223233 -0.46332 -0.0542005 -0.884532
-0.488692 0.0138345 0.229786 -0.820804 -0.350044 0.451388
0.0196017 -0.238893 -0.112995 -0.46332 -0.0542005 -0.884532
0.265753 0.193725 -0.268438 -0.46332 -0.0542005 -0.884532
-0.277174 0.10248 0.0892087 0.3732 -0.926881 -0.0401545
0.310218 0.257307 -0.149384 -0.320628 -0.56506 0.7602
-0.290505 -0.253394 0.279172 0.726659 0.577545 0.372032
-0.258323 -0.36724 0.0965472 0.33409 -0.935164 -0.117694
0.485577 0.0125234 -0.137748 0.46332 0.0542013 0.884532
0.316927 0.0131229 -0.20206 -0.545899 0.355536 0.758676
0.174 -0.169892 -0.198097 -0.46332 -0.0542005 -0.884532
-0.25822 -0.148445 0.0730936 0.435246 0.0423103 0.899317
-0.16266 -0.331176 0.0815464 0.33409 -0.935164 -0.117694
-0.00328591 -0.173157 -0.0350881 -0.197577 0.911053 0.361864
0.435076 0.21976 -0.146133 0.820803 0.350044 -0.451388
-0.263705 -0.275881 0.0376683 -0.46332 -0.0542005 -0.884532
0.0609297 0.27494 -0.166128 -0.46332 -0.0542005 -0.884532
-0.0384465 0.135757 -0.105546 -0.46332 -0.0542005 -0.884532
0.328558 0.401501 -0.169408 -0.334091 0.935164 0.117694
0.0200887 0.0905749 -0.133438 -0.46332 -0.0542005 -0.884532
0.196237 -0.109951 -0.0406678 -0.292438 0.936329 0.194338
0.012794 0.215973 -0.0739814 0.527638 -0.299133 0.795058
0.11317 0.0509051 -0.116028 0.435246 0.0423103 0.899317
-0.375312 -0.199388 0.132651 0.595729 0.142195 0.790498
-0.172345 -0.085202 -0.0218699 -0.46332 -0.0542005 -0.884532
0.171496 0.276723 -0.147843 0.268749 -0.756243 0.596549
0.474515 -0.00411377 -0.248027 0.820803 0.350044 -0.451388
0.26109 -0.154151 -0.122173 0.33409 -0.935164 -0.117694
-0.298343 0.138632 0.139735 -0.334091 0.935164 0.117694
0.308873 0.333091 -0.287733 0.820803 0.350044 -0.451388
-0.289353 0.0624609 0.030371 -0.46332 -0.0542005 -0.884532
-0.0196652 -0.141797 -0.0426735 0.435246 0.0423102 0.899317
-0.135615 0.212332 0.0160564 -0.334091 0.935164 0.117694
-0.37327 -0.0730513 0.125228 0.435246 0.0423103 0.899317
-0.374579 -0.0687808 0.28993 0.904891 0.203772 -0.373697
-0.361701 -0.193307 0.300071 -0.820803 -0.350044 0.451388
-0.0066064 0.222892 0.106567 0.536039 -0.199019 0.820398
-0.169825 0.142097 0.172444 0.3732 -0.926881 -0.0401543
-0.190114 -0.270039 0.149264 -0.292438 0.936329 0.194339
0.402826 -0.0923965 -0.210515 0.33409 -0.935164 -0.117694
0.333569 0.152975 -0.301463 -0.46332 -0.0542005 -0.884532
0.209986 -0.12564 -0.219658 -0.46332 -0.0542005 -0.884532
-0.145454 -0.324201 0.0749663 0.33409 -0.935164 -0.117694
