ply
format ascii 1.0
comment Created by Open3D
element vertex 512
property double x
property double y
property double z
property double nx
property double ny
property double nz
end_header
0.276032 0.413516 0.178031 0.50761 -0.841558 0.184695
-0.31362 0.059043 0.260793 0.197122 -0.702537 0.683802
0.143784 -0.259589 -0.236855 0.310721 -0.779564 0.543813
-0.471672 -0.057975 0.138535 0.0176431 -0.969752 0.243456
-0.522468 -0.0565751 0.230644 0.507611 -0.841558 0.184695
-0.291637 0.111993 -0.0417617 -0.50761 0.841558 -0.184695
-0.28223 0.0544896 0.0764443 0.50761 -0.841558 0.184695
0.253115 0.284718 -0.345853 0.50761 -0.841558 0.184695
0.117686 0.39572 0.126062 -0.50761 0.841558 -0.184695
-0.111779 0.222585 -0.0321697 -0.50761 0.841558 -0.184695
-0.133027 -0.271027 0.21111 0.378406 0.0251725 -0.925297
0.048838 -0.159554 0.288517 0.378405 0.025173 -0.925298
0.144042 0.223883 0.287424 0.774042 0.53958 0.331228
0.342996 0.370599 -0.201566 0.50761 -0.841559 0.184693
-0.134698 0.277889 0.282812 -0.50761 0.841558 -0.184695
-0.0184634 0.192838 -0.0181005 0.50761 -0.841558 0.184695
0.143181 0.270885 -0.106741 0.50761 -0.841558 0.184695
-0.250471 0.0600326 -0.391658 -0.50761 0.841558 -0.184695
-0.591627 -0.112237 0.167097 0.50761 -0.841558 0.184694
-0.216101 -0.17418 0.0264329 0.774042 0.53958 0.331228
-0.181083 0.223724 0.163492 -0.50761 0.841558 -0.184695
-0.0421298 -0.187323 -0.376005 0.320434 -0.0145917 -0.947159
0.140298 0.432658 0.232222 -0.50761 0.841558 -0.184695
0.278178 0.126266 0.0459002 -0.415281 0.0377873 0.908908
-0.246517 -0.0558996 -0.0951693 0.774042 0.53958 0.331228
-0.319181 -0.164286 0.0247708 -0.774042 -0.53958 -0.331228
0.18245 0.246747 0.160421 0.774042 0.53958 0.331228
-0.301911 -0.0209786 -0.619411 -0.507611 0.841557 -0.184696
0.0337776 -0.014748 0.286297 0.378405 0.025173 -0.925298
-0.307167 -0.0736392 -0.162997 -0.575747 -0.776327 -0.256575
0.187257 -0.0456796 -0.197548 -0.378405 -0.0251747 0.925298
-0.377073 0.000935933 0.221668 0.0759576 -0.598519 0.7975
-0.336155 -0.064882 -0.593008 -0.58599 -0.494365 -0.642043
-0.541307 0.0301535 0.271523 -0.50761 0.841558 -0.184695
-0.0137519 -0.0672718 -0.280339 -0.378405 -0.025173 0.925298
0.0809276 0.140964 -0.328315 0.579446 -0.392902 -0.714052
-0.189031 0.0927329 0.282654 -0.200078 -0.287884 0.936532
-0.658956 -0.069368 0.211006 -0.850734 -0.455647 0.261986
0.16452 0.3873 0.365054 0.50761 -0.841558 0.184695
-0.133171 0.111093 -0.48139 -0.50761 0.841558 -0.184694
0.0283701 0.19979 -0.11514 0.50761 -0.841558 0.184695
-0.109438 0.0344397 -0.489808 0.50761 -0.841558 0.184695
-0.207071 0.0391475 -0.200026 0.50761 -0.841558 0.184695
-0.550625 -0.0777016 0.211768 0.50761 -0.841558 0.184694
-0.307089 0.187235 0.343544 -0.50761 0.841558 -0.184695
0.340711 0.477005 -0.0637245 0.774043 0.53958 0.331228
0.188066 0.357278 0.16658 0.598546 -0.769177 0.223853
0.337917 -0.132641 -0.209217 0.632979 -0.647953 -0.423667
0.044197 -0.166634 -0.259344 -0.378405 -0.025173 0.925298
-0.54325 -0.0286149 0.317424 -0.378405 -0.0251734 0.925298
0.0342527 -0.319303 -0.265862 0.258863 -0.223152 0.939784
-0.232927 0.0760878 0.0393541 0.50761 -0.841558 0.184695
-0.00980847 0.121358 0.35323 -0.378414 -0.0251694 0.925294
-0.249535 0.198239 0.235504 -0.50761 0.841558 -0.184695
0.423615 0.0610903 -0.100915 0.783096 0.540035 0.308419
0.163266 0.413061 0.0798019 -0.50761 0.841558 -0.184695
0.0820298 0.151396 0.296484 -0.338942 -0.392129 -0.855192
0.197431 -8.44291e-05 -0.265607 -0.867589 -0.338788 -0.364022
0.233009 -0.0476404 0.295406 -0.774042 -0.53958 -0.331228
-0.153439 0.253532 0.484515 -0.378405 -0.0251728 0.925298
0.401454 0.391504 -0.266974 0.50761 -0.841559 0.184693
-0.26928 -0.152005 0.114582 0.774042 0.53958 0.331228
-0.190898 -0.019202 -0.284926 0.774042 0.53958 0.331228
0.406849 -0.0164932 0.0619501 0.881383 0.295602 0.368488
0.292187 0.285736 -0.151821 0.906178 0.296027 0.30201
0.166373 -0.225961 -0.292048 0.378405 0.025173 -0.925298
-0.0901752 -0.214624 -0.201957 0.774042 0.53958 0.331228
-0.444668 -0.0653268 0.127065 -0.364526 -0.921717 0.132511
-0.468682 0.07823 0.290981 -0.50761 0.841558 -0.184695
-0.213652 0.190457 0.458174 -0.378405 -0.0251734 0.925298
-0.218302 0.0975259 -0.309234 -0.50761 0.841558 -0.184695
-0.00969339 -0.237031 -0.280629 -0.0744729 0.170707 0.982503
-0.0253582 0.291507 0.0443529 -0.50761 0.841558 -0.184695
0.0924231 0.374513 0.0988642 -0.50761 0.841558 -0.184695
-0.0873976 0.0124258 -0.395138 0.535735 -0.279385 -0.796826
-0.0990014 -0.197011 -0.210023 0.774042 0.53958 0.331228
-0.432612 0.0292289 -0.0314253 -0.50761 0.841558 -0.184695
-0.19853 0.0319431 -0.620687 0.378405 0.0251735 -0.925298
0.145205 -0.121004 -0.29785 0.378407 0.0251719 -0.925297
0.261714 0.368025 -0.395973 -0.50761 0.841558 -0.184694
0.323978 0.153382 -0.216628 0.47031 0.0910337 -0.877794
0.166232 0.251517 0.190552 0.774042 0.53958 0.331228
-0.497979 -0.110558 -0.0826335 0.50761 -0.841558 0.184695
-0.108014 0.173835 0.141432 0.50761 -0.841558 0.184695
-0.124441 0.237312 0.475807 0.50761 -0.841558 0.184695
-0.194622 -0.0179358 -0.494209 0.506174 -0.847295 0.160868
-0.566491 -0.0518334 -0.0328346 -0.50761 0.841558 -0.184695
-0.386799 0.0908928 0.123634 -0.50761 0.841558 -0.184695
-0.13746 0.0689047 -0.255756 0.50761 -0.841558 0.184695
-0.324667 -0.130796 -0.0169636 -0.774045 -0.539575 -0.331231
0.385932 0.116983 -0.168685 0.821524 0.408147 -0.398139
0.0294632 0.185346 -0.523275 0.378405 0.0251735 -0.925298
0.263773 0.392531 -0.28997 -0.50761 0.841558 -0.184694
-0.272998 0.0052092 0.242438 -0.378405 -0.0251733 0.925298
0.119395 0.234053 -0.209194 0.50761 -0.841558 0.184695
-0.194401 0.173004 -0.0310089 -0.50761 0.841558 -0.184695
-0.370362 -0.0584576 -0.150951 0.105391 -0.994301 0.0160498
-0.312223 0.19644 0.418026 -0.378405 -0.0251728 0.925298
0.316134 0.0612083 -0.222991 0.378405 0.025173 -0.925298
-0.0600065 -0.11768 -0.300627 -0.378405 -0.025173 0.925298
0.0571322 0.0260887 0.378014 -0.378405 -0.0251731 0.925298
-0.162193 -0.347747 0.198598 0.832148 -0.54903 -0.0780736
-0.273805 -0.0547159 -0.443662 0.463113 -0.875655 0.136948
0.21501 -0.0466281 0.432563 0.0720641 0.115486 0.990692
0.211256 0.151655 0.0215814 -0.774042 -0.53958 -0.331228
0.18713 0.332423 -0.35321 -0.50761 0.841558 -0.184694
-0.303008 0.149699 0.161298 -0.50761 0.841558 -0.184695
0.328702 0.328989 -0.351872 0.50761 -0.841558 0.184695
-0.118576 0.146842 0.0474617 0.50761 -0.841558 0.184695
-0.0642375 -0.373796 -0.197259 -0.0306888 -0.998739 -0.0397214
-0.296808 -0.10136 -0.593617 0.50761 -0.841558 0.184695
-0.201693 0.187386 0.0545642 -0.50761 0.841558 -0.184695
0.101076 0.125471 0.394379 -0.116498 0.145357 0.982497
-0.33674 0.0326203 -0.279464 -0.50761 0.841558 -0.184695
0.236633 0.148902 -0.0332351 -0.774042 -0.53958 -0.331228
-0.461746 -0.00798147 -0.120902 -0.50761 0.841558 -0.184695
0.0659078 0.131168 -0.242363 -0.378405 -0.0251729 0.925298
0.159255 0.211464 -0.307879 0.628561 -0.592142 -0.50426
0.0212477 0.258201 -0.235495 -0.50761 0.841558 -0.184695
0.0397608 -0.0738423 0.287137 0.378405 0.0251788 -0.925298
0.118494 0.177392 0.196431 -0.774042 -0.53958 -0.331228
0.13833 0.0871596 0.403387 0.0100135 0.220114 0.975423
-0.157912 0.111083 -0.413439 -0.50761 0.841558 -0.184695
-0.130982 -0.320002 0.219239 0.628561 -0.592137 -0.504267
0.0593624 -0.268591 -0.255916 -0.378405 -0.0251729 0.925298
-0.371592 -0.128965 0.182941 -0.755081 -0.331278 0.565781
0.283273 0.439386 -0.130071 -0.50761 0.841558 -0.184695
0.0688268 0.0836715 0.384363 -0.378405 -0.0251731 0.925298
-0.118304 -0.1747 -0.201262 0.774042 0.53958 0.331228
-0.0379713 -0.125431 -0.372881 0.378405 0.0251731 -0.925298
-0.147145 0.120578 0.0063089 0.50761 -0.841558 0.184695
0.290106 0.0102463 0.0676772 -0.774042 -0.53958 -0.331228
-0.158971 -0.25289 -0.205282 -0.774042 -0.53958 -0.331228
-0.153905 0.0521115 0.292418 -0.378405 -0.0251733 0.925298
-0.0419014 0.177324 -0.0243743 0.50761 -0.841558 0.184695
-0.121126 -0.327285 0.0538993 0.774042 0.53958 0.331228
0.289476 0.3079 -0.340154 0.50761 -0.841558 0.184695
0.190241 0.392462 0.317881 0.50761 -0.841558 0.184695
0.221704 0.0272665 0.1998 -0.774042 -0.53958 -0.331228
0.0573694 -0.243166 -0.256039 -0.378402 -0.025174 0.925299
-0.277421 0.0321518 -0.444629 -0.50761 0.841558 -0.184695
0.268143 0.0102755 0.118955 -0.774042 -0.53958 -0.331228
-0.122578 -0.313611 0.22221 0.628561 -0.592137 -0.504267
-0.17447 -0.0962558 -0.197796 0.774045 0.539578 0.331225
0.059484 0.127478 -0.245091 -0.378405 -0.0251729 0.925298
0.0657241 0.413872 0.351581 -0.50761 0.841558 -0.184695
-0.0907738 -0.30721 -0.276164 -0.774042 -0.53958 -0.331228
0.0863607 0.362344 0.0600776 -0.50761 0.841558 -0.184695
-0.426712 -0.00972627 -0.225139 -0.50761 0.841558 -0.184695
-0.134952 0.000562227 0.242114 0.741738 -0.606256 0.286844
-0.282342 -0.289842 0.20523 -0.821525 -0.408149 0.398135
-0.168907 -0.305452 0.190907 0.686019 0.265086 -0.677575
-0.135221 0.285621 0.319483 -0.50761 0.841558 -0.184695
-0.305587 -0.0677987 -0.186622 -0.463165 -0.86034 -0.212819
-0.327037 -0.00159646 0.00453422 0.774042 0.53958 0.331228
-0.128486 0.192058 -0.125347 -0.50761 0.841558 -0.184695
0.0895634 0.0353598 -0.236391 0.386578 -0.912578 0.133266
-0.325653 -0.138179 0.216943 -0.39729 -0.0384097 0.916889
0.369516 0.0329689 -0.201928 0.378405 0.025173 -0.925298
-0.180469 -0.0509241 0.278751 -0.378405 -0.0251676 0.925298
0.417434 -0.0119198 0.0321498 0.830358 0.432506 0.351345
-0.136388 -0.140655 -0.214461 0.774042 0.53958 0.331228
-0.0109463 -0.0801324 -0.279542 -0.378405 -0.025173 0.925298
-0.200904 -0.118324 0.26856 -0.378405 -0.0251731 0.925298
0.0979905 0.37963 0.512953 0.507609 -0.841558 0.184695
-0.184805 0.283098 0.444259 -0.50761 0.841558 -0.184695
0.149157 0.247027 0.237768 0.774042 0.53958 0.331228
-0.267388 0.107255 -0.13 -0.50761 0.841558 -0.184695
0.298351 0.439194 -0.172387 -0.50761 0.841558 -0.184695
0.147193 0.205223 -0.416958 0.50761 -0.841558 0.184695
-0.0219673 0.236136 0.188812 0.50761 -0.841558 0.184695
-0.486743 0.0271751 0.34205 -0.378405 -0.0251734 0.925298
-0.288148 -0.0849403 0.23379 -0.378405 -0.0251731 0.925298
-0.0960119 -0.164273 -0.270341 0.774042 0.53958 0.331228
0.178362 0.0894233 0.199831 -0.774042 -0.53958 -0.331228
-0.104416 -0.0721843 -0.398605 0.378405 0.0251731 -0.925298
-0.199735 0.0417937 0.273394 -0.378405 -0.0251733 0.925298
-0.0892676 0.354039 0.504929 -0.50761 0.841558 -0.184695
-0.128971 -0.0980115 0.286793 0.416536 0.888069 0.194505
-0.0877244 -0.265111 -0.340864 -0.616277 -0.50445 -0.604758
-0.166879 0.23473 0.174605 -0.50761 0.841558 -0.184695
0.108367 0.152464 0.260705 -0.774042 -0.53958 -0.331228
-0.137853 0.180444 -0.152524 -0.50761 0.841558 -0.184695
0.293494 0.286951 -0.157566 0.932738 0.292135 0.21132
-0.227948 0.00536811 -0.238372 0.774042 0.53958 0.331228
0.149878 0.375314 0.35068 0.50761 -0.841558 0.184695
-0.0042193 0.232004 -0.284869 -0.50761 0.841558 -0.184695
0.2502 0.165681 0.0503003 0.0206405 -0.544384 0.838582
-0.439967 -0.0629596 0.14449 -0.408016 -0.868238 0.282286
-0.00159991 0.381779 0.39038 -0.50761 0.841558 -0.184695
-0.0225151 0.305796 0.507725 0.50761 -0.841558 0.184695
0.336046 -0.0156263 -0.135883 -0.378405 -0.025173 0.925298
0.0416457 0.370358 0.219487 -0.50761 0.841558 -0.184695
0.332356 -0.138242 -0.189752 0.50761 -0.841558 0.184695
0.228349 0.330739 0.00962204 0.860717 -0.377344 0.341728
-0.115334 -0.122284 0.222392 0.378405 0.025173 -0.925298
0.364039 -0.0329456 -0.0347341 -0.774042 -0.53958 -0.331228
-0.298637 -0.14395 -0.0563651 -0.774041 -0.539583 -0.331226
-0.346763 -0.0198472 0.121148 0.792112 0.371496 -0.484303
0.256754 0.277829 -0.427807 0.378405 0.0251732 -0.925298
-0.206351 -0.132439 0.265949 -0.378405 -0.0251731 0.925298
0.247544 0.0493352 0.329895 0.774042 0.53958 0.331228
-0.311101 -0.182832 0.220303 -0.505167 -0.117051 0.855047
0.0277195 -0.0397054 -0.262629 -0.378406 -0.0251758 0.925297
0.12212 0.284645 -0.392239 -0.50761 0.841558 -0.184694
0.34963 -0.00289981 -0.211036 0.378405 0.025173 -0.925298
-0.141106 0.211393 0.403512 0.50761 -0.841558 0.184695
-0.12378 -0.264537 -0.0421173 0.774042 0.53958 0.331228
-0.437164 -0.0572577 -0.394658 -0.774042 -0.53958 -0.331228
0.118414 -0.130048 0.391716 0.0759586 -0.598519 0.797499
0.198081 -0.0304677 -0.256834 -0.92166 0.102844 -0.374119
0.320376 0.174899 -0.0448538 0.774042 0.53958 0.331228
-0.0211241 -0.266544 -0.363871 0.0744794 -0.170703 -0.982504
-0.318467 0.0116057 -0.0193622 0.50761 -0.841558 0.184695
0.045376 0.264093 0.226062 -0.774042 -0.53958 -0.331228
-0.220906 -0.0492276 -0.564682 0.507611 -0.841558 0.184695
0.329158 0.188007 -0.204191 0.71077 0.287861 -0.641827
-0.0888435 0.326239 0.37709 -0.50761 0.841558 -0.184695
-0.3543 -0.17665 0.127276 -0.799783 -0.53997 -0.26226
-0.357029 0.143316 0.280679 -0.50761 0.841558 -0.184695
0.184561 0.364852 0.207688 0.50761 -0.841558 0.184695
0.115207 -0.148074 -0.310854 0.37841 0.0251707 -0.925296
-0.0667068 0.0893248 -0.297735 -0.378405 -0.0251729 0.925298
-0.537916 -0.059344 0.260485 0.507611 -0.841557 0.184696
-0.11923 0.313645 0.403223 -0.50761 0.841558 -0.184695
0.333823 0.462077 -0.16561 -0.50761 0.841558 -0.184695
0.320191 0.315305 -0.390833 0.50761 -0.841558 0.184695
-0.133497 0.08534 -0.191761 0.50761 -0.841558 0.184695
-0.263532 -0.180748 -0.047815 0.553691 -0.323175 -0.767453
-0.18051 -0.263605 0.272948 -0.378406 -0.0251726 0.925297
-0.344243 0.023336 -0.301148 -0.50761 0.841558 -0.184695
-0.276238 -0.268962 0.0949395 -0.774042 -0.53958 -0.331228
0.172428 0.218212 0.00389502 -0.774042 -0.53958 -0.331228
-0.146157 -0.121521 0.290863 -0.378406 -0.0251728 0.925297
-0.0623092 0.324015 0.294033 -0.50761 0.841558 -0.184695
0.360565 0.0153477 -0.206068 0.378405 0.025173 -0.925298
0.14457 0.169337 -0.209156 -0.378403 -0.0251735 0.925298
-0.430262 -0.104288 -0.240175 0.50761 -0.841558 0.184695
-0.247497 -0.0678226 -0.626416 -0.0522826 -0.244058 -0.96835
0.0743402 0.307923 -0.154852 -0.50761 0.841558 -0.184695
-0.0763863 -0.160908 -0.386188 0.158251 -0.119651 -0.980122
0.3514 0.363446 -0.386772 0.378405 0.0251732 -0.925298
5.7923e-05 -0.117322 -0.276053 -0.378405 -0.025173 0.925298
0.145678 0.199451 -0.310924 0.624076 -0.562056 -0.542791
0.236493 0.349504 -0.411047 -0.50761 0.841558 -0.184694
-0.318504 -0.174641 0.040058 -0.774042 -0.53958 -0.331228
-0.0984943 -0.284576 -0.294993 -0.774042 -0.53958 -0.331228
0.123828 0.130252 0.392871 0.136324 0.290114 0.947233
-0.152487 -0.21931 0.204558 0.378405 0.025173 -0.925298
0.282462 -0.151349 -0.166841 0.0139798 -0.537594 0.843088
-0.0620933 0.118236 0.250708 0.378403 0.025174 -0.925299
-0.53048 -0.107404 0.0210629 0.50761 -0.841558 0.184695
-0.115393 0.173195 0.158793 0.50761 -0.841558 0.184695
0.0695661 0.219907 -0.505935 0.378405 0.0251735 -0.925298
-0.367788 0.0744832 0.391984 -0.378405 -0.0251734 0.925298
-0.531023 -0.0324843 -0.0421488 -0.50761 0.841558 -0.184695
-0.0632679 0.251645 -0.033087 -0.50761 0.841558 -0.184695
0.276931 0.399237 0.110496 0.50761 -0.841558 0.184695
-0.267823 0.0657073 0.165145 0.378405 0.025173 -0.925298
0.0873418 0.180212 0.382663 0.0944096 0.267404 0.958948
-0.534122 -0.0703888 -0.146687 -0.774042 -0.53958 -0.331228
-0.292787 -0.0827072 -0.519676 0.507611 -0.841558 0.184694
-0.347291 -0.0672712 -0.299543 0.50761 -0.841558 0.184695
-0.0691409 0.164648 -0.00727058 0.50761 -0.841558 0.184695
0.232979 0.0994374 0.282313 0.774042 0.53958 0.331228
0.0347053 -0.0735559 -0.341748 0.378405 0.0251731 -0.925298
0.236754 0.358768 0.0417073 0.632471 -0.736918 0.238604
-0.113883 -0.0138464 -0.319835 -0.378405 -0.025173 0.925298
-0.155721 -0.0708631 0.207275 0.378405 0.025173 -0.925298
-0.585853 0.00256269 0.300849 -0.378405 -0.0251734 0.925298
-0.137318 0.145238 -0.314407 -0.50761 0.841558 -0.184695
0.289418 0.379699 -0.0128478 0.50761 -0.841558 0.184695
-0.278761 0.120949 0.369734 0.50761 -0.841558 0.184695
0.413627 0.479538 -0.242035 0.814542 0.538604 0.215471
-0.232777 0.0217375 -0.61478 -0.50761 0.841558 -0.184695
0.00897105 0.264005 -0.175305 -0.50761 0.841558 -0.184695
-0.108424 -0.176301 -0.379976 -0.259673 -0.353829 -0.89854
-0.166257 0.0497218 -0.264017 0.50761 -0.841558 0.184695
-0.00433482 -0.295728 -0.35752 0.0322663 -0.195647 -0.980143
-0.0900821 0.111565 -0.191589 0.50761 -0.841558 0.184695
-0.0967868 0.14183 -0.0352594 0.50761 -0.841558 0.184695
-0.362637 0.0645769 0.343397 0.50761 -0.841558 0.184695
0.237018 0.00968958 0.401429 0.554291 0.483088 0.677781
-0.163917 0.264168 0.300598 -0.50761 0.841558 -0.184695
0.197505 0.09691 -0.189478 -0.378405 -0.025173 0.925298
0.00500033 -0.0153393 0.355568 -0.378405 -0.0251731 0.925298
0.0269004 0.143098 0.287779 0.378405 0.025173 -0.925298
-0.181242 -0.174626 -0.280732 -0.774042 -0.53958 -0.331228
-0.0440599 0.323864 0.531159 -0.378405 -0.0251728 0.925298
-0.0770467 0.240226 0.382664 0.33741 -0.794227 0.505329
0.238144 0.280848 -0.317112 0.564829 -0.824865 0.0237882
-0.277327 -0.300042 0.148115 -0.774042 -0.53958 -0.331228
0.172533 0.434394 0.398704 0.774042 0.53958 0.331228
0.0875014 -0.260759 -0.244195 -0.378405 -0.0251729 0.925298
0.105316 0.261682 -0.450687 -0.50761 0.841558 -0.184695
-0.195852 0.052938 -0.574099 -0.50761 0.841558 -0.184695
-0.166984 -0.308953 -0.0952299 -0.774042 -0.53958 -0.331228
-0.483792 -0.116553 -0.189099 -0.774043 -0.53958 -0.331228
0.0688241 0.232887 0.369014 0.219052 0.333378 0.916993
-0.133028 -0.253265 0.211592 0.378405 0.025173 -0.925298
-0.441497 0.084043 0.242754 -0.50761 0.841558 -0.184695
-0.487006 -0.0844128 -0.233946 -0.774042 -0.53958 -0.331228
-0.109398 0.182031 -0.223494 -0.50761 0.841558 -0.184695
-0.106569 -0.354816 -0.1617 -0.774042 -0.53958 -0.331228
-0.107806 -0.250965 0.22197 0.378405 0.025173 -0.925298
0.187339 0.451973 0.190943 -0.50761 0.841558 -0.184695
-0.0939537 0.162217 -0.356225 -0.50761 0.841558 -0.184695
0.00676729 -0.0110518 0.356407 -0.378405 -0.0251731 0.925298
-0.10704 0.224822 0.380279 0.412366 -0.826625 0.382944
-0.316615 -0.0607437 0.0765311 0.774042 0.53958 0.331228
-0.0696071 -0.269381 -0.160822 0.774042 0.53958 0.331227
0.0317844 -0.118091 -0.344154 0.378405 0.0251731 -0.925298
0.228962 0.352796 0.0453798 0.695667 -0.667164 0.266346
0.168216 -0.0767398 -0.251537 -0.582156 0.783652 -0.216756
0.00187302 0.162462 -0.212402 0.50761 -0.841558 0.184695
-0.136743 -0.345374 0.103791 0.922513 -0.0923621 0.374753
0.378729 -0.0282424 0.133164 0.922511 -0.0923762 0.374752
0.0921561 0.250861 0.347974 0.598264 0.473574 0.646381
-0.113228 -0.103135 0.283776 0.244482 0.961415 0.126138
-0.28239 -0.0264069 -0.0593828 0.774042 0.53958 0.331228
-0.020128 0.18578 -0.0456888 0.50761 -0.841558 0.184695
0.0749336 0.303368 -0.177238 -0.50761 0.841558 -0.184695
0.0465149 0.249627 0.0620711 0.50761 -0.841558 0.184695
0.181805 0.426127 0.0883884 -0.50761 0.841558 -0.184695
0.216769 0.446539 0.275545 0.774042 0.53958 0.331228
-0.320166 -0.0600135 -0.195693 -0.254551 -0.958259 -0.13017
0.206944 0.147857 0.0408811 0.114726 -0.63403 0.764751
-0.342431 -0.189111 0.119546 -0.774042 -0.53958 -0.331228
-0.247509 -0.0521301 -0.391655 -0.113758 -0.973084 -0.200417
-0.205393 -0.0402358 -0.21679 0.774043 0.539579 0.331227
-0.097525 -0.374382 -0.133904 -0.297918 -0.943128 -0.147493
-0.333426 0.131963 0.4076 -0.378405 -0.0251734 0.925298
-0.205757 -0.00981964 -0.265487 0.774042 0.53958 0.331228
-0.315702 -0.107951 -0.0751301 -0.774043 -0.53958 -0.331228
-0.291755 -0.28084 0.19329 -0.850735 -0.455648 0.261983
-0.0964032 -0.308827 -0.260374 -0.774042 -0.53958 -0.331228
0.33142 0.431653 0.031869 0.774042 0.53958 0.331228
-0.215711 -0.303282 0.00940205 -0.774041 -0.539582 -0.331228
-0.445204 0.00395479 0.294098 0.50761 -0.841558 0.184695
-0.339163 -0.18955 0.112622 -0.774042 -0.53958 -0.331228
-0.122658 0.281961 0.268274 -0.50761 0.841558 -0.184695
-0.443256 -0.0769899 -0.348277 -0.774043 -0.53958 -0.331228
-0.0476539 -0.0748027 0.332417 -0.378405 -0.0251684 0.925298
0.377852 0.131598 -0.170376 0.821524 0.408148 -0.398138
-0.0539377 0.262876 -0.00755266 -0.50761 0.841558 -0.184695
0.294154 0.279125 -0.200401 0.950427 0.139674 -0.277814
0.109885 0.282475 0.0453666 -0.774042 -0.53958 -0.331228
-0.103619 0.299019 0.293672 -0.50761 0.841558 -0.184695
0.378184 0.486488 -0.176302 -0.50761 0.841558 -0.184695
0.293381 0.211555 -0.0414828 0.774043 0.539579 0.331227
0.297538 -0.103299 -0.235071 0.378405 0.025173 -0.925298
-0.376545 0.0548801 -0.0686388 -0.50761 0.841558 -0.184695
-0.0816158 0.229174 -0.0850488 -0.50761 0.841558 -0.184695
-0.236065 -0.174845 0.171167 0.470306 0.0910311 -0.877796
-0.247283 -0.240849 -0.0185228 -0.774043 -0.539579 -0.331227
0.0801427 0.130317 -0.236565 -0.378405 -0.0251729 0.925298
0.261002 0.405615 -0.22274 -0.50761 0.841558 -0.184695
-0.161488 0.161551 0.322472 0.167368 -0.678928 0.714874
0.110872 0.342717 -0.0967185 -0.50761 0.841558 -0.184695
-0.300542 0.0424328 0.151132 0.378405 0.025173 -0.925298
-0.068693 -0.258125 -0.181295 0.774043 0.53958 0.331228
0.117492 0.0396461 0.321785 0.280814 -0.0410629 -0.958883
-0.148242 0.309122 0.488152 -0.378405 -0.0251728 0.925298
-0.0648942 -0.0314385 -0.381334 0.378405 0.0251735 -0.925298
-0.0783928 0.224427 -0.115533 -0.50761 0.841558 -0.184695
-0.0775454 0.174552 0.245921 0.378405 0.025173 -0.925298
-0.190981 -0.171751 -0.262657 -0.774042 -0.53958 -0.331228
-0.165023 0.0740366 -0.562693 -0.50761 0.841558 -0.184695
-0.114207 -0.242936 0.21957 0.378405 0.025173 -0.925298
-0.00983294 -0.225611 -0.282148 -0.199619 0.0936597 0.975387
0.114363 -0.22874 -0.232339 -0.378405 -0.0251729 0.925298
-0.376543 0.110577 0.185135 -0.50761 0.841558 -0.184695
-0.371475 0.00139756 -0.326266 -0.50761 0.841558 -0.184695
0.471393 -0.0188053 -0.0966668 0.979457 0.0482033 0.195809
-0.0590885 0.232492 -0.131841 -0.50761 0.841558 -0.184695
0.266027 0.242928 -0.0286663 0.774042 0.53958 0.331228
0.268818 0.338241 -0.0836766 0.842966 -0.422322 0.333246
-0.285852 -0.124022 -0.118705 -0.774043 -0.53958 -0.331228
-0.155193 0.0747621 0.211452 0.378405 0.025173 -0.925298
0.0614951 0.0960039 -0.245125 -0.378405 -0.0251729 0.925298
-0.195568 -0.0246124 -0.265201 0.774043 0.539579 0.331227
-0.571476 -0.00816705 0.17983 -0.50761 0.841558 -0.184695
-0.145297 0.0562706 -0.598256 0.378405 0.0251735 -0.925298
0.346006 0.351122 -0.298581 0.50761 -0.841558 0.184695
-0.287062 0.108327 0.335033 0.50761 -0.841558 0.184695
-0.174176 0.180918 -0.0505378 -0.50761 0.841558 -0.184695
0.187005 0.322323 -0.398889 -0.50761 0.841558 -0.184694
0.0168457 -0.335432 -0.348853 0.0695212 -0.257016 -0.963903
0.192137 -0.00405074 0.31806 -0.697951 -0.527332 -0.484547
-0.311079 -0.106244 0.223833 -0.378405 -0.0251731 0.925298
-0.34383 -0.157798 0.201217 -0.686018 -0.265086 0.677576
-0.196747 0.0547292 0.274969 -0.378405 -0.0251733 0.925298
0.0109272 0.229581 -0.337537 -0.50761 0.841558 -0.184695
-0.347833 0.0466403 -0.185093 -0.50761 0.841558 -0.184695
-0.531109 -0.0684041 -0.156961 -0.774042 -0.53958 -0.331228
-0.0215396 0.208446 0.061468 0.50761 -0.841558 0.184695
-0.278742 -0.00120574 0.15886 0.378405 0.0251726 -0.925298
0.36072 0.383161 -0.193037 0.50761 -0.841557 0.184697
-0.026523 -0.0171608 0.284046 -0.86759 -0.338787 -0.364022
0.0656992 -0.0684839 -0.328935 0.378405 0.0251731 -0.925298
0.157136 0.318837 0.177328 0.889951 -0.284795 0.356202
0.306564 -0.0586377 0.144115 -0.610618 -0.744488 -0.269969
-0.11741 -0.281009 -0.256599 -0.774042 -0.53958 -0.331228
0.0205596 0.22349 0.0143137 0.50761 -0.841558 0.184695
-0.232888 -0.0293406 -0.170286 0.774042 0.53958 0.331228
-0.0753144 0.150769 -0.459617 -0.50761 0.841558 -0.184694
0.382395 0.0848676 -0.190069 0.631624 0.217679 -0.744088
-0.221176 0.148937 -0.0670812 -0.50761 0.841558 -0.184695
-0.205499 -0.0405576 -0.567522 0.50761 -0.841558 0.184695
-0.00333636 -0.316886 -0.238301 0.774042 0.539581 0.331226
-0.0235272 -0.207179 0.338682 -0.378405 -0.0251731 0.925298
-0.275728 -0.150235 -0.0996641 -0.774043 -0.539579 -0.331228
0.105456 0.0533361 0.317448 0.359295 0.0119233 -0.933148
-0.261744 0.119258 0.319521 0.457472 -0.838311 0.296572
-0.137702 -0.289254 0.0306812 0.774042 0.53958 0.331228
0.265633 0.164219 -0.130177 -0.846928 -0.526749 -0.0724444
0.153815 0.282378 -0.0571357 -0.774042 -0.53958 -0.331228
-0.204927 -0.151711 -0.144539 0.0206409 -0.544384 0.838582
-0.61875 -0.122291 0.135629 -0.774042 -0.53958 -0.331228
0.214268 0.0124615 0.241295 -0.774043 -0.53958 -0.331228
0.0526777 -0.0775676 0.292318 0.378405 0.0251656 -0.925298
0.0337499 -0.0380584 0.366707 -0.378405 -0.0251772 0.925298
0.434837 0.447759 -0.274865 0.861529 0.493285 -0.120161
0.336696 0.095069 0.0470533 0.774043 0.539579 0.331229
-0.119568 -0.209011 0.218301 0.378406 0.0251727 -0.925297
-0.0487557 0.319387 0.235695 -0.50761 0.841558 -0.184695
0.39164 0.416396 -0.126583 0.50761 -0.841558 0.184695
0.145597 0.127301 -0.290934 0.378405 0.0251729 -0.925298
0.223305 0.0699127 -0.260716 0.378405 0.025173 -0.925298
0.339997 0.331343 -0.392309 0.378405 0.0251732 -0.925298
0.27187 0.241628 -0.0402033 0.774042 0.53958 0.331228
-0.0583513 0.260751 0.405815 0.435444 -0.833472 0.340166
0.0303632 -0.062458 -0.262167 -0.378405 -0.025173 0.925298
-0.385855 -0.0665896 -0.49936 -0.774043 -0.53958 -0.331228
-0.350073 0.0776557 0.368459 0.50761 -0.841558 0.184695
0.245583 0.0974268 0.256134 0.774042 0.53958 0.331228
0.000162216 -0.288973 -0.358185 0.116504 -0.145353 -0.982496
-0.281064 -0.126214 0.100108 0.774042 0.53958 0.331228
-0.293743 -0.0692871 -0.20714 -0.501932 -0.834323 -0.227966
-0.0976224 -0.204025 0.308466 -0.378405 -0.0251731 0.925298
-0.233535 0.231181 0.341626 -0.50761 0.841558 -0.184695
0.046021 -0.313614 -0.343652 0.378405 0.025173 -0.925298
-0.0779131 -0.281682 0.284239 0.50761 -0.841558 0.184695
0.0375537 0.214059 0.373301 -0.199621 0.0936588 0.975387
-0.0190816 0.00182755 -0.280639 -0.378406 -0.0251765 0.925297
-0.128128 -0.1796 0.296655 -0.378412 -0.0251688 0.925295
-0.426721 -0.0905436 -0.364838 -0.774043 -0.53958 -0.331228
0.239672 0.177774 -0.0873695 -0.774042 -0.53958 -0.331228
0.0491224 0.0374287 -0.332833 0.378405 0.0251729 -0.925298
-0.0155281 -0.0841654 0.3453 -0.378406 -0.0251669 0.925298
-0.427976 0.0210635 0.324703 0.50761 -0.841558 0.184695
-0.00358275 0.0682371 0.273276 0.378405 0.025173 -0.925298
-0.124911 0.176626 0.200586 0.50761 -0.841558 0.184695
-0.450349 0.0478286 0.102073 -0.50761 0.841558 -0.184695
0.198602 -0.00556779 -0.263712 -0.882593 -0.291487 -0.36887
-0.11387 0.231075 0.418336 0.50761 -0.841558 0.184695
-0.116416 -0.305806 0.276864 0.412375 -0.826628 0.382926
0.35248 0.382927 -0.171455 0.507611 -0.841557 0.184696
0.33612 -0.00288244 -0.018464 -0.774042 -0.53958 -0.331228
-0.1534 -0.0126526 -0.583562 0.50761 -0.841558 0.184695
0.223172 0.180394 -0.0530804 -0.774042 -0.53958 -0.331228
0.0466217 0.259486 -0.299374 -0.50761 0.841558 -0.184695
-0.141608 -0.0713497 0.247461 0.809811 0.475184 0.344103
-0.407297 -0.0848581 0.158138 -0.793688 -0.485756 0.366197
0.308985 -0.0656409 0.175316 -0.0760476 -0.995405 -0.0581804
0.419074 -0.0324685 0.0297781 0.860713 -0.377353 0.341727
0.112277 -0.137226 -0.230702 -0.378404 -0.0251737 0.925298
-0.282262 0.00405244 -0.55936 -0.50761 0.841558 -0.184695
0.218027 0.468979 0.18409 -0.50761 0.841558 -0.184695
0.331461 0.384949 -0.104477 0.50761 -0.841558 0.184695
-0.0732627 -0.0492069 -0.304185 -0.378405 -0.025173 0.925298
0.189394 -0.00787876 0.424215 -0.0322666 0.195647 0.980143
-0.12882 -0.179882 -0.168243 0.774042 0.53958 0.331228
0.325235 -0.0561487 -0.141406 -0.378405 -0.0251723 0.925298
-0.285818 0.16423 0.180259 -0.50761 0.841558 -0.184695
0.154301 0.278583 -0.0520875 -0.774042 -0.53958 -0.331228
0.323056 0.220938 -0.126116 0.774042 0.53958 0.331228
0.225618 -0.0754593 0.352694 0.107297 -0.89209 -0.438934
-0.308289 0.160269 0.22397 -0.50761 0.841558 -0.184695
-0.23844 0.11848 -0.158408 -0.50761 0.841558 -0.184695
-0.252438 0.130144 0.339284 0.50761 -0.841558 0.184695
-0.376209 0.0915845 0.0976804 -0.50761 0.841558 -0.184695
0.0852599 0.2747 -0.336248 -0.50761 0.841558 -0.184695
0.0713799 0.0737802 -0.241687 -0.378405 -0.0251729 0.925298
-0.31381 0.053346 -0.248048 -0.50761 0.841558 -0.184695
0.192819 0.284375 -0.164788 -0.861529 -0.493285 0.120158
-0.0761153 0.0422108 0.242906 0.378405 0.0251731 -0.925298
0.213149 0.0698898 0.150358 -0.774044 -0.539579 -0.331227
-0.311452 0.112326 0.0142127 -0.50761 0.841558 -0.184695
-0.14542 -0.062549 0.211713 0.378404 0.0251708 -0.925298
0.0822741 0.230003 0.195367 -0.774042 -0.53958 -0.331228
0.135456 -0.244017 -0.225374 -0.200072 -0.287892 0.936531
-0.412876 -0.000794264 0.228951 0.283274 -0.763018 0.580999
0.284332 0.0829554 -0.0372743 -0.774042 -0.53958 -0.331228
-0.482618 -0.0161271 0.305423 0.50761 -0.841558 0.184695
0.17613 -0.0200657 0.336643 -0.136316 -0.29011 -0.947235
-0.19443 0.0347991 -0.254583 0.50761 -0.841558 0.184695
0.131829 0.336253 -0.183772 -0.50761 0.841558 -0.184695
0.142123 -0.13632 -0.299527 0.3784 0.025176 -0.9253
-0.472274 -0.00770982 -0.0907303 -0.50761 0.841558 -0.184695
-0.145048 0.26706 0.261914 -0.50761 0.841558 -0.184695
0.145754 0.35115 0.259392 0.632466 -0.736924 0.238602
0.304164 0.0567256 0.185541 0.774043 0.53958 0.331228
-0.0335383 0.215951 0.128643 0.50761 -0.841558 0.184695
0.151673 0.301049 -0.398717 -0.50761 0.841558 -0.184694
-0.0063133 0.294515 0.00571706 -0.50761 0.841558 -0.184695
0.304923 -0.0372512 -0.149199 -0.378405 -0.025173 0.925298
-0.00285027 0.237103 0.140682 0.50761 -0.841558 0.184695
-0.131583 -0.124629 0.215683 0.378409 0.0251726 -0.925296
-0.532565 0.0399762 0.292254 -0.50761 0.841558 -0.184695
0.0821573 0.185936 0.381532 0.0522816 0.244057 0.968351
-0.099792 -0.249916 0.225276 0.378405 0.025173 -0.925298
