ply
format ascii 1.0
comment Created by Open3D
element vertex 128
property double x
property double y
property double z
property double nx
property double ny
property double nz
end_header
-0.0367106 0.0873289 -0.285522 -0.378405 -0.0251729 0.925298
-0.548098 -0.0532408 -0.0897988 -0.50761 0.841558 -0.184695
0.170117 0.30518 -0.430581 -0.50761 0.841558 -0.184695
0.0976052 -0.153709 -0.318206 0.378403 0.0251737 -0.925298
-0.114418 0.166243 0.124435 0.50761 -0.841558 0.184695
-0.00203012 0.185052 -0.0987442 0.50761 -0.841558 0.184695
0.189754 0.0289396 -0.194497 -0.378405 -0.025173 0.925298
-0.183971 -0.0117022 -0.470262 0.485194 -0.855568 -0.180528
-0.549341 -0.114966 0.0384425 0.50761 -0.841558 0.184695
0.185989 0.0207073 0.293946 -0.774042 -0.53958 -0.331228
0.205353 0.418581 0.347768 0.774042 0.53958 0.331228
-0.146584 0.140615 0.307729 -0.0790459 -0.436704 0.896126
-0.0675976 -0.272141 0.296941 0.435449 -0.833473 0.340157
-0.0369844 0.0663809 -0.5434 0.50761 -0.841558 0.184695
0.308128 0.381618 -0.0555225 0.50761 -0.841558 0.184695
-0.25851 -0.118994 -0.190793 -0.774043 -0.53958 -0.331228
0.228809 0.196463 0.134 0.774042 0.539582 0.331227
-0.293133 0.16841 0.219411 -0.50761 0.841558 -0.184695
-0.0207555 0.00441953 0.264517 0.378405 0.025173 -0.925298
0.175728 0.393755 -0.0424136 -0.50761 0.841558 -0.184695
-0.184847 0.287734 0.4655 -0.50761 0.841558 -0.184695
0.311244 -0.0565972 0.240285 0.50761 -0.841558 0.184695
0.266064 -0.0471538 0.395099 0.736555 -0.558171 0.382009
-0.0704465 0.201017 -0.244042 -0.50761 0.841558 -0.184695
-0.496194 0.0253952 0.125854 -0.50761 0.841558 -0.184695
0.259571 0.0617246 0.0676542 -0.63257 0.681147 0.368638
0.325703 0.226851 -0.143846 0.814543 0.538603 0.215467
-0.355469 -0.0732453 -0.0567466 -0.501932 -0.834323 -0.227966
-0.438341 -0.0754945 -0.362198 -0.774043 -0.53958 -0.331228
0.196065 -0.0908941 -0.276231 0.378405 0.025173 -0.925298
0.0999363 -0.299768 -0.308961 0.631303 -0.697515 -0.339012
-0.333652 -0.215905 0.167186 -0.861529 -0.493285 0.120161
-0.312165 -0.0757949 -0.434922 0.50761 -0.841558 0.184695
0.38086 0.0086214 0.0846744 0.774043 0.53958 0.331228
0.0666521 0.281511 -0.254072 -0.50761 0.841558 -0.184695
0.281635 -0.0593164 0.202518 -0.64401 -0.710862 -0.28271
-0.201548 -0.245333 0.264842 -0.378405 -0.0251731 0.925298
-0.370579 -0.117742 0.0690616 -0.774041 -0.539584 -0.331225
-0.0783835 -0.140268 0.237014 0.378403 0.0251739 -0.925298
-0.129894 -0.350182 -0.114741 -0.774042 -0.53958 -0.331228
-0.0128233 -0.340238 -0.200533 0.901368 -0.237435 0.362159
0.225379 0.152262 -0.01241 -0.774039 -0.539582 -0.331231
0.069697 0.196834 -0.506509 0.378405 0.0251735 -0.925298
-0.364266 0.0255505 -0.236024 -0.50761 0.841558 -0.184695
-0.470325 0.0118674 0.348348 -0.378405 -0.0251734 0.925298
-0.218954 -0.282589 -0.0167271 -0.774045 -0.539577 -0.331226
0.21888 0.38613 0.210319 0.50761 -0.841558 0.184695
0.459172 0.000638867 -0.136322 0.843019 0.440862 -0.308155
-0.152606 0.121763 0.29936 -0.20008 -0.287881 0.936532
0.14444 0.245172 0.251814 0.774042 0.53958 0.331228
0.0859782 0.381865 0.150074 -0.50761 0.841558 -0.184695
-0.0601791 0.321723 0.524509 -0.378405 -0.0251728 0.925298
-0.289103 0.135808 0.0597852 -0.50761 0.841558 -0.184695
0.383498 0.447674 -0.363021 0.631624 0.217679 -0.744088
-0.642977 -0.0921728 0.14343 -0.783097 -0.540035 -0.308418
0.000368149 0.18561 -0.102792 0.50761 -0.841558 0.184695
-0.351169 -0.0742342 0.208308 -0.378405 -0.0251731 0.925298
0.338469 0.357984 -0.246601 0.507609 -0.841559 0.184692
-0.0810065 0.138416 -0.500261 -0.50761 0.841558 -0.184695
-0.244224 -0.0681428 -0.321003 -0.539493 -0.806294 -0.242564
-0.190273 -0.025358 0.275437 -0.378405 -0.0251702 0.925298
0.0550044 0.288036 -0.192329 -0.50761 0.841558 -0.184695
-0.207692 0.0190351 -0.624785 0.378405 0.0251735 -0.925298
0.243599 -0.0602296 0.408928 0.545299 -0.7872 0.288035
-0.341316 0.0651559 -0.118641 -0.50761 0.841558 -0.184695
0.0947741 -0.0224639 0.392087 -0.378405 -0.0251731 0.925298
0.0725913 0.330211 -0.0484929 -0.50761 0.841558 -0.184695
-0.289752 -0.0922742 -0.57161 0.50761 -0.841558 0.184695
-0.0366693 0.288478 0.0616416 -0.50761 0.841558 -0.184695
0.324232 -0.130243 -0.22349 0.518536 -0.240082 -0.820659
0.385835 -0.0602155 -0.016719 -0.166097 -0.981558 -0.0946297
-0.116679 0.223735 -0.0134662 -0.50761 0.841558 -0.184695
-0.604806 -0.00546699 0.283738 -0.50761 0.841558 -0.184695
-0.187006 -0.379842 0.0817754 -0.340567 -0.925725 -0.164461
-0.0896334 0.296943 0.245775 -0.50761 0.841558 -0.184695
0.0548425 -0.0326668 -0.254489 0.920376 0.0962274 0.37901
0.140406 0.152649 0.377436 0.451506 0.442398 0.774872
-0.00478513 0.0183745 0.271428 0.378405 0.025173 -0.925298
0.0691043 -0.0390176 0.381139 -0.378405 -0.0251722 0.925298
0.0717452 0.195009 -0.505721 0.378405 0.0251735 -0.925298
0.198772 0.0785662 0.16982 -0.774043 -0.539579 -0.331227
0.20798 0.363676 -0.268107 -0.50761 0.841558 -0.184695
0.000782556 0.315745 0.489026 0.50761 -0.841558 0.184695
-0.433603 0.0912582 0.253935 -0.50761 0.841558 -0.184695
0.154691 0.299907 -0.412215 -0.50761 0.841558 -0.184694
-0.0952504 -0.282391 -0.306133 -0.774042 -0.53958 -0.331228
-0.308794 0.0300817 -0.367836 -0.50761 0.841558 -0.184695
0.315535 0.315863 -0.375494 0.50761 -0.841558 0.184695
-0.00935169 0.177527 0.27389 0.378405 0.025173 -0.925298
-0.0969081 0.282978 0.202137 -0.50761 0.841558 -0.184695
-0.125631 -0.127289 -0.261372 0.774042 0.53958 0.331228
0.389228 0.0723639 -0.0387199 0.774042 0.53958 0.331228
0.196135 0.26218 -0.123129 -0.774042 -0.53958 -0.331228
-0.207132 0.12138 -0.231244 -0.50761 0.841558 -0.184695
0.0162827 0.37913 0.329164 -0.50761 0.841558 -0.184695
-0.201059 0.0705702 -0.0733713 0.50761 -0.841558 0.184695
0.279574 0.476743 0.0503106 -0.50761 0.841558 -0.184695
0.377306 0.466073 -0.131434 0.774043 0.53958 0.331228
-0.407803 0.0583604 0.0331265 -0.50761 0.841558 -0.184695
-0.213823 0.0313332 -0.623151 -0.50761 0.841558 -0.184695
-0.113852 -0.210571 -0.15323 0.774043 0.539578 0.33123
-0.59291 -0.00238777 0.265072 -0.50761 0.841558 -0.184695
-0.179713 0.101792 -0.395855 -0.50761 0.841558 -0.184695
0.103085 0.43917 0.51707 0.554292 0.483088 0.67778
0.0102832 0.377328 0.337442 -0.50761 0.841558 -0.184695
-0.50229 -0.0647178 -0.230311 -0.774042 -0.53958 -0.331228
0.129558 0.236644 0.0740531 -0.774042 -0.53958 -0.331228
0.182141 -0.22287 -0.2108 0.0450251 -0.568744 0.821282
-0.0916508 0.239535 0.397319 0.478397 -0.84113 0.252264
0.222519 0.228505 -0.262533 0.535735 -0.279385 -0.796826
0.21492 0.35097 0.0774815 0.695669 -0.667161 0.266347
-0.644513 -0.0946793 0.152835 -0.814543 -0.538603 -0.215468
0.380705 -0.104283 -0.188328 0.631303 -0.697518 -0.339006
-0.209967 -0.124471 0.183632 0.378405 0.025173 -0.925298
-0.0339411 -0.0191027 -0.36834 0.378404 0.0251765 -0.925298
0.0540429 -0.181577 0.358086 0.226402 -0.724454 0.651082
0.0100577 0.21944 -0.381352 -0.50761 0.841558 -0.184695
0.093479 0.135498 -0.23097 -0.378405 -0.0251729 0.925298
-0.21557 -0.37278 0.227174 0.00495426 -0.90973 0.415171
-0.0985673 -0.159367 -0.387343 -0.0522819 -0.244057 -0.968351
-0.0933969 -0.279698 -0.314851 -0.774042 -0.53958 -0.331228
-0.226147 -0.136232 -0.0445662 0.62532 -0.569585 -0.53343
-0.237346 -0.00469532 -0.200014 0.774042 0.53958 0.331228
0.110207 0.428744 0.518676 0.554292 0.483088 0.67778
-0.302777 0.100204 0.34121 0.50761 -0.841558 0.184695
-0.252429 0.16393 0.441594 -0.378405 -0.0251734 0.925298
0.354613 0.0809877 -0.206716 0.378405 0.025173 -0.925298
-0.248457 0.0779869 0.0906879 0.50761 -0.841558 0.184695
