ply
format ascii 1.0
comment Created by Open3D
element vertex 2096
property double x
property double y
property double z
property double nx
property double ny
property double nz
end_header
0.059998 0.00168772 -0.468576 -0.92935 -0.16803 -0.328746
0.0741982 0.0217886 -0.396023 -0.168311 0.985341 -0.0278245
-0.0724581 0.234207 -0.212975 -0.92935 -0.16803 -0.328746
0.0333903 -0.253044 -0.263158 -0.92935 -0.16803 -0.328746
-0.00634787 -0.141838 -0.197314 0.328603 0.0294728 -0.944008
0.0975283 -0.167174 -0.0409257 -0.168311 0.985341 -0.0278245
0.12595 -0.0349646 -0.210426 -0.92935 -0.16803 -0.328746
-0.05553 -0.232671 -0.0343654 -0.92935 -0.16803 -0.328746
-0.0812941 -0.265554 0.432053 0.168311 -0.985341 0.0278246
-0.000324276 -0.136939 -0.0554302 -0.359973 0.214581 0.907951
0.0156678 0.216371 -0.00537928 -0.985692 -0.167977 0.0139487
-0.11531 -0.0335577 0.470885 -0.92935 -0.168029 -0.328746
-0.101757 0.0121644 0.327514 -0.168311 0.985341 -0.0278245
-0.035907 -0.259228 0.38153 0.168311 -0.985341 0.0278246
-0.104331 0.062988 -0.0353575 -0.92935 -0.16803 -0.328746
-0.111471 -0.0285979 0.380349 0.168311 -0.985341 0.0278245
0.144904 0.0358214 -0.326786 -0.168311 0.985341 -0.0278246
0.0758314 0.0217088 -0.408727 -0.168311 0.985341 -0.0278245
0.0726217 0.036731 -0.185437 0.328603 0.0294726 -0.944008
-0.0526135 -0.152447 0.167602 -0.328603 -0.0294727 0.944008
0.206302 -0.0233177 -0.261018 0.92935 0.16803 0.328746
0.137757 -0.162673 -0.124883 -0.168311 0.985341 -0.0278245
0.00636679 -0.227051 -0.174425 0.351371 -0.675901 -0.64784
-0.140965 0.132438 0.0327055 -0.92935 -0.16803 -0.328746
0.0593186 -0.211285 0.0657009 -0.168311 0.985341 -0.0278245
0.239304 -0.073153 -0.328841 0.92935 0.16803 0.328747
-0.120367 -0.257308 0.173687 -0.92935 -0.16803 -0.328746
0.123773 0.0605656 -0.0705881 0.92935 0.16803 0.328746
-0.0558119 -0.0819337 0.16869 -0.328603 -0.0294727 0.944008
-0.113428 -0.0266534 0.461049 0.168311 -0.985341 0.0278245
-0.0317628 -0.0231658 0.0905596 -0.168311 0.985341 -0.0278245
0.0208081 -0.23205 -0.23832 -0.92935 -0.16803 -0.328746
-0.11666 0.0252695 0.0661118 -0.328603 -0.0294727 0.944008
-0.0541716 -0.127047 0.506833 -0.328603 -0.0294728 0.944008
-0.120761 -0.172504 0.119287 -0.92935 -0.16803 -0.328746
0.0484412 -0.0392798 0.193405 0.92935 0.16803 0.328746
0.043734 -0.230863 0.304635 0.92935 0.16803 0.328746
0.0846122 -0.174179 -0.0224094 0.92935 0.16803 0.328746
0.293734 -0.213829 -0.410808 0.92935 0.168029 0.328747
0.285605 -0.177021 -0.406644 0.92935 0.16803 0.328746
-0.223349 -0.0460796 0.438023 0.168311 -0.985341 0.0278245
0.0506222 -0.0133327 -0.0595703 0.168311 -0.985341 0.0278245
-0.00168668 -0.0546812 0.230166 0.168311 -0.985341 0.0278245
-0.0534871 -0.0816079 -0.0292775 0.108692 -0.975489 0.191328
0.0918482 -0.253346 -0.182972 0.168311 -0.985341 0.0278246
-0.141541 0.00727073 0.394866 -0.168311 0.985341 -0.0278245
0.100507 -0.152791 -0.0782768 0.92935 0.168031 0.328746
-0.0717268 -0.274642 0.0523283 0.168311 -0.985341 0.0278246
-0.0453625 -0.0531437 -0.154869 -0.92935 -0.16803 -0.328746
0.186314 0.0375789 -0.235639 0.92935 0.16803 0.328746
-0.252445 -0.0483558 0.440265 -0.92935 -0.168029 -0.328746
-0.0979714 -0.273991 0.234152 0.168311 -0.985341 0.0278246
-0.128503 -0.0398264 0.0857466 -0.168311 0.985341 -0.0278245
0.00298988 0.259516 -0.172189 -0.168311 0.985341 -0.0278246
-0.146063 0.00549391 0.359299 -0.168311 0.985341 -0.0278245
-0.0890069 0.111619 -0.103535 -0.92935 -0.16803 -0.328746
-0.107909 0.0959152 -0.042074 -0.92935 -0.16803 -0.328746
0.221546 -0.225462 -0.200793 0.92935 0.16803 0.328746
0.100857 -0.0402746 -0.136775 -0.92935 -0.16803 -0.328746
0.0893118 0.0278128 -0.274112 -0.168311 0.985341 -0.0278245
-0.112917 0.245758 0.0742984 -0.328603 -0.0294727 0.944008
-0.080046 0.0170173 0.368036 -0.168311 0.985341 -0.0278245
0.0779653 0.231158 -0.0282848 0.92935 0.16803 0.328746
-0.0579244 0.162106 0.0346236 0.645418 0.0888238 -0.758647
-0.031938 -0.167359 -0.134442 -0.92935 -0.16803 -0.328746
-0.0114411 0.182006 -0.210163 0.328601 0.0294712 -0.944009
-0.0304492 -0.0302068 -0.166728 -0.168311 0.985341 -0.0278245
-0.0410343 -0.197773 0.170218 -0.328603 -0.0294727 0.944008
-0.0598018 -0.229552 0.139374 0.168311 -0.985341 0.0278245
0.185121 0.0153875 -0.220923 0.92935 0.16803 0.328746
-0.0985783 0.247109 0.00283561 -0.16831 0.985341 -0.027824
0.10534 0.132181 -0.055083 0.92935 0.16803 0.328746
-0.0927177 -0.0728183 0.427086 -0.92935 -0.168032 -0.328745
-0.142606 -0.0457918 0.116277 -0.92935 -0.16803 -0.328746
-0.0755163 -0.271897 0.172479 0.168311 -0.985341 0.0278246
-0.0606604 -0.272042 0.0774814 0.168311 -0.985341 0.0278246
-0.0979464 -0.22703 0.459431 -0.168311 0.985341 -0.0278246
0.0133643 -0.068685 0.00534755 0.192397 -0.980383 -0.0428001
-0.0996094 -0.0354542 0.0657986 -0.168311 0.985341 -0.0278245
-0.0548411 -0.182499 -0.0619567 -0.92935 -0.168031 -0.328746
0.031764 0.0564342 0.11875 -0.328603 -0.0294727 0.944008
-0.115126 0.00725699 0.234598 -0.168311 0.985341 -0.0278245
0.125723 -0.225349 0.0700384 0.92935 0.16803 0.328746
-0.0233184 -0.027495 -0.113828 -0.168311 0.985341 -0.0278245
0.107984 -0.0459955 -0.125651 0.168311 -0.985341 0.0278245
-0.0933273 0.2473 -0.0221804 -0.168311 0.985341 -0.0278246
0.0542434 -0.218083 -0.14433 0.168311 -0.985341 0.0278245
0.0985649 -0.208138 -0.0602486 -0.168311 0.985341 -0.0278245
0.101462 -0.177307 -0.0684443 0.92935 0.16803 0.328746
0.225454 -0.152654 -0.249054 0.92935 0.16803 0.328746
-0.031525 -0.228656 6.48014e-05 -0.168311 0.985341 -0.0278246
0.0325346 -0.218145 -0.0152101 -0.168311 0.985341 -0.0278245
-0.0362454 0.0548626 0.00570888 -0.168311 0.985341 -0.0278242
-0.0757344 -0.263617 0.467009 0.168311 -0.985341 0.0278246
-0.125717 0.00206047 0.114639 -0.168311 0.985341 -0.0278245
0.20092 -0.201016 -0.4272 -0.168311 0.985341 -0.0278245
-0.01459 -0.16335 0.365921 0.0551612 0.817242 -0.573649
0.155287 -0.226574 -0.0129112 0.92935 0.16803 0.328746
-0.119566 -0.236488 0.255277 -0.168311 0.985341 -0.0278246
0.197298 -0.231974 -0.128914 0.92935 0.16803 0.328746
0.00100915 -0.0085521 -0.296584 -0.92935 -0.16803 -0.328746
0.130966 -0.160819 -0.0181208 -0.168311 0.985341 -0.0278245
0.1783 -0.0491157 -0.351182 -0.92935 -0.16803 -0.328746
0.00483493 -0.221174 0.0450939 -0.168311 0.985341 -0.0278245
0.0574333 0.197177 -0.185714 0.328602 0.0294729 -0.944008
0.141765 -0.248912 -0.327915 0.168311 -0.985341 0.0278246
-0.10259 -0.0356418 0.0771823 -0.168311 0.985341 -0.0278245
-0.111632 0.0096374 0.297759 -0.168311 0.985341 -0.0278245
-0.0508607 -0.243672 -0.0297748 -0.92935 -0.16803 -0.328746
-0.0171934 -0.238913 -0.127383 -0.92935 -0.16803 -0.328746
0.164953 -0.00374858 -0.411759 0.168311 -0.985341 0.0278246
0.0118594 -0.122264 0.156724 0.92935 0.16803 0.328746
0.0260275 0.269136 0.0991296 0.92935 0.16803 0.328746
0.0768891 -0.0484147 -0.023225 0.168311 -0.985341 0.0278245
0.197893 -0.202644 -0.466538 -0.168311 0.985341 -0.0278245
0.0401737 0.182199 -0.118844 -0.426983 -0.886903 -0.17632
-0.0584495 0.157286 -0.0414903 0.645402 0.13149 0.752441
-0.0884306 -0.0365105 0.142937 -0.351371 0.675901 0.64784
0.210644 -0.23024 -0.167529 0.92935 0.16803 0.328746
0.285451 -0.209087 -0.389818 0.92935 0.16803 0.328746
0.247761 -0.173088 -0.448817 0.328603 0.0294727 -0.944008
0.0864776 0.14371 -0.00765221 0.92935 0.16803 0.328746
-0.148966 -0.03984 0.209045 0.168311 -0.985341 0.0278246
-0.0102256 -0.017586 0.157877 -0.168311 0.985341 -0.0278245
-0.11857 0.00330773 0.115573 -0.168311 0.985341 -0.0278245
-0.0815152 0.00378019 -0.0695946 -0.92935 -0.16803 -0.328746
0.269247 -0.0586452 -0.437764 0.328603 0.0294727 -0.944008
-0.0253464 -0.221975 0.495379 0.92935 0.16803 0.328746
-0.179196 -0.280548 0.351872 -0.92935 -0.16803 -0.328746
0.0702315 -0.165278 0.191349 -0.168311 0.985341 -0.0278245
-0.0605483 0.248072 -0.193119 -0.168311 0.985341 -0.0278246
0.0583139 -0.0395293 -0.0168882 -0.92935 -0.16803 -0.328746
-0.103552 -0.0372402 0.0264025 -0.168311 0.985341 -0.0278245
0.0753842 -0.0430443 -0.0633484 0.92935 0.16803 0.328747
-0.0718598 -0.011238 -0.0892141 -0.92935 -0.16803 -0.328746
-0.05611 -0.0329871 -0.109963 0.168311 -0.985341 0.0278246
-0.12864 -0.277408 0.298637 0.168311 -0.985341 0.0278246
0.169769 0.011024 -0.175295 0.92935 0.16803 0.328746
0.197407 -0.197401 -0.146895 0.92935 0.16803 0.328746
0.0267593 -0.0828058 0.0944347 0.92935 0.16803 0.328746
0.195039 -0.223237 -0.126995 0.92935 0.16803 0.328746
-0.056135 -0.261852 0.410946 0.168311 -0.985341 0.0278246
-0.0462335 0.0190931 -0.177161 -0.92935 -0.16803 -0.328746
0.0566676 -0.18794 0.246133 0.92935 0.16803 0.328746
-0.0382818 -0.0237294 0.110034 -0.168311 0.985341 -0.0278245
-0.0507993 -0.262474 0.356633 0.168311 -0.985341 0.0278246
0.0380216 0.162482 -0.0556701 -0.821573 -0.484105 -0.301098
-0.114556 -0.234615 0.291294 -0.168311 0.985341 -0.0278246
-0.0857415 -0.0320364 0.102946 -0.168311 0.985341 -0.0278245
-0.0764088 0.242387 0.0869014 -0.328603 -0.0294727 0.944008
-0.101571 -0.0571095 0.00605782 -0.92935 -0.16803 -0.328746
0.265266 -0.124341 -0.376072 0.92935 0.16803 0.328746
0.0728206 -0.16771 0.0895636 -0.168311 0.985341 -0.0278245
0.201805 0.0315445 -0.458425 0.328603 0.0294731 -0.944008
0.12471 -0.213954 -0.424373 -0.168311 0.985341 -0.0278245
-0.108487 -0.0285187 0.365102 0.168311 -0.985341 0.0278245
-0.0135285 -0.265358 0.0290556 0.168311 -0.985341 0.0278246
0.0772368 -0.0180739 -0.388462 0.168311 -0.985341 0.0278246
0.138735 0.0358378 -0.288884 -0.168311 0.985341 -0.0278246
-0.12391 0.190247 0.0687388 -0.328603 -0.0294727 0.944008
0.246111 -0.116806 -0.447634 0.328603 0.0294727 -0.944008
0.0602326 -0.111856 -0.0354749 -0.328603 -0.0294726 0.944008
0.28506 -0.226762 -0.41029 0.168311 -0.985341 0.0278246
-0.00927899 -0.2224 0.450174 0.92935 0.168029 0.328746
-0.0587976 0.0864556 -0.0231471 0.892013 0.16426 0.421106
-0.0372582 -0.257521 0.450146 0.168311 -0.985341 0.0278246
-0.127265 0.00952943 0.388498 -0.168311 0.985341 -0.0278245
0.0267867 0.132425 0.0147193 -0.92935 -0.16803 -0.328746
0.0975987 -0.134957 -0.0791693 0.92935 0.16803 0.328746
0.0148931 -0.022271 0.279551 0.92935 0.16803 0.328746
-0.0803011 -0.0294608 0.161247 0.168311 -0.985341 0.0278245
0.0159116 0.197434 -0.0216347 -0.927908 -0.148847 0.341807
-0.00390736 -0.0222395 -0.0451346 -0.168311 0.985341 -0.0278245
-0.0119999 -0.148422 0.420055 0.929349 0.168031 0.328748
0.20675 -0.0181668 -0.264917 0.92935 0.16803 0.328746
0.044176 -0.262648 -0.224028 0.168311 -0.985341 0.0278246
-0.0410711 0.0529696 -0.0321371 -0.168311 0.985341 -0.0278241
-0.103838 -0.129336 0.0493824 -0.92935 -0.16803 -0.328746
0.072026 0.163882 0.022892 0.92935 0.16803 0.328746
-0.0430469 -0.250051 0.506865 -0.328603 -0.0294729 0.944008
0.225069 -0.220586 -0.213243 0.92935 0.16803 0.328746
0.0681561 0.0207492 -0.396283 -0.168311 0.985341 -0.0278245
0.0115971 0.240209 -0.00596246 -0.985692 -0.167977 0.0139487
0.0706158 0.0269356 -0.192084 -0.168311 0.985341 -0.0278245
0.00106348 -0.0248324 -0.167026 -0.168311 0.985341 -0.0278245
0.0983863 -0.215665 -0.325707 -0.168311 0.985341 -0.0278245
0.168164 -0.247667 -0.443498 0.168311 -0.985341 0.0278246
-0.107137 0.149729 -0.07176 -0.92935 -0.16803 -0.328746
0.0157617 0.207383 -0.0168509 -0.958489 -0.157003 0.238013
-0.124442 -0.233891 0.376727 -0.168311 0.985341 -0.0278246
0.0834305 0.0227525 -0.417735 -0.168311 0.985341 -0.0278245
0.235395 -0.185906 -0.442671 -0.92935 -0.16803 -0.328746
-0.0516361 -0.22214 0.352482 -0.168311 0.985341 -0.0278245
-0.0995572 0.000100042 0.495004 -0.328602 -0.0294734 0.944008
0.0237724 -0.0501975 0.234942 0.168311 -0.985341 0.0278245
0.223607 -0.234001 -0.294932 0.168311 -0.985341 0.0278246
-0.0892278 -0.0450759 -0.0349876 -0.92935 -0.16803 -0.328746
-0.00179975 -0.263385 0.0279856 0.168311 -0.985341 0.0278246
-0.0680722 0.0070979 -0.109293 -0.92935 -0.16803 -0.328746
-0.0797407 0.0172386 0.374024 -0.168311 0.985341 -0.0278245
0.103157 -0.16999 -0.076976 -0.92935 -0.16803 -0.328746
0.099154 -0.0333711 -0.135489 0.92935 0.16803 0.328746
0.123943 0.0351842 -0.222554 -0.168311 0.985341 -0.0278245
0.045177 0.0992087 -0.192593 -0.0279491 0.999377 0.021571
-0.0604055 -0.214718 -0.0297591 -0.92935 -0.16803 -0.328746
0.039488 -0.0485903 0.196794 0.168311 -0.985341 0.0278246
-0.0744875 -0.255228 0.0429231 -0.92935 -0.16803 -0.328746
-0.0605156 -0.0280622 0.495688 0.92935 0.16803 0.328746
-0.132697 0.00354491 0.209425 -0.168311 0.985341 -0.0278245
-0.0242375 0.205679 0.0441174 -0.180096 -0.0584907 -0.981908
0.0373323 -0.222199 -0.187794 -0.168311 0.985341 -0.0278246
-0.0173769 0.165088 -0.133057 0.804305 -0.53262 0.263458
-0.153744 -0.241758 0.275399 -0.168311 0.985341 -0.0278246
0.179249 -0.205226 -0.445188 -0.168311 0.985341 -0.0278245
0.0492072 -0.211042 0.279031 0.92935 0.16803 0.328746
-0.128796 -0.0135099 0.0729021 -0.92935 -0.16803 -0.328746
-0.0368467 -0.231628 -0.0729809 0.168311 -0.985341 0.0278245
-0.0392349 0.0589986 0.0941159 -0.328603 -0.0294727 0.944008
-0.131708 -0.100591 0.113476 -0.92935 -0.16803 -0.328746
0.0152618 0.246965 -0.19884 0.328603 0.0294728 -0.944008
-0.00786609 -0.0906182 -0.196244 0.328603 0.0294728 -0.944008
-0.0351866 -0.260278 0.33999 0.168311 -0.985341 0.0278246
-0.169333 -0.241693 0.371979 -0.168311 0.985341 -0.0278246
-0.0409538 -0.14076 0.172026 -0.328603 -0.0294727 0.944008
0.265345 -0.210623 -0.332194 0.92935 0.16803 0.328746
0.0367353 -0.256847 0.0264309 0.168311 -0.985341 0.0278246
-0.0928884 -0.0303164 0.207088 0.168311 -0.985341 0.0278245
-0.118379 0.24504 0.0493403 -0.16831 0.985341 -0.0278246
0.0724964 -0.175662 0.0125989 0.92935 0.16803 0.328746
-0.0840551 0.230438 -0.178264 -0.92935 -0.16803 -0.328746
0.232928 -0.169701 -0.443979 -0.92935 -0.16803 -0.328746
0.261736 -0.0266767 -0.416009 0.92935 0.16803 0.328746
-0.0607641 -0.271095 0.111648 0.168311 -0.985341 0.0278246
-0.0950801 0.0121196 0.285536 -0.168311 0.985341 -0.0278245
0.218127 -0.0966249 -0.439491 -0.92935 -0.16803 -0.328746
0.22469 -0.152233 -0.247109 0.92935 0.16803 0.328746
0.0207716 -0.133059 0.137047 0.92935 0.16803 0.328746
0.182655 0.0418135 -0.342943 -0.168311 0.985341 -0.0278246
-0.00310676 -0.0232462 -0.0856268 0.168311 -0.985341 0.0278246
-0.0981476 -0.27074 0.350322 0.168311 -0.985341 0.0278246
0.106772 -0.250626 -0.176942 0.168311 -0.985341 0.0278246
-0.10738 0.00742381 0.49251 -0.328602 -0.0294734 0.944008
0.0445224 0.0222201 -0.201234 -0.168311 0.985341 -0.0278245
-0.121542 -0.198332 0.134696 -0.92935 -0.16803 -0.328746
-0.0278168 -0.17101 0.476313 0.92935 0.16803 0.328746
0.0216333 0.0999407 -0.068502 -0.434769 0.892035 -0.12349
0.1294 0.0347132 -0.27224 -0.168311 0.985341 -0.0278246
-0.105349 -0.0549427 0.0156284 -0.92935 -0.16803 -0.328746
-0.187623 -0.0440748 0.292913 0.168311 -0.985341 0.0278246
-0.00107326 -0.052075 0.318747 0.168311 -0.985341 0.0278245
-0.105669 0.00749644 0.185869 -0.168311 0.985341 -0.0278245
0.267756 -0.171175 -0.359174 0.92935 0.168033 0.328744
-0.0446633 -0.256732 0.506094 -0.328603 -0.0294729 0.944008
-0.0154483 -0.115857 0.181682 -0.328603 -0.0294727 0.944008
0.24741 -0.149553 -0.448204 0.328603 0.0294727 -0.944008
0.0456459 0.0320143 0.138808 -0.168311 0.985341 -0.0278245
0.0752993 0.158732 -0.153246 -0.886031 -0.336581 -0.318846
-0.143405 0.228579 -0.0095338 -0.92935 -0.16803 -0.328746
0.137399 -0.206695 -0.24405 -0.168311 0.985341 -0.0278245
0.0460364 -0.0513204 0.0238464 0.92935 0.16803 0.328746
-0.0783479 0.239103 -0.198827 -0.92935 -0.16803 -0.328746
0.0890708 0.141373 -0.0137883 0.92935 0.16803 0.328746
0.00733432 -0.160444 -0.0364901 -0.336471 0.751993 0.566828
-0.0394973 0.0223512 0.311643 -0.168311 0.985341 -0.0278245
-0.0297414 -0.269616 -0.0236561 0.168311 -0.985341 0.0278246
0.124569 -0.240678 0.0676997 0.168311 -0.985341 0.0278246
0.27445 -0.0778658 -0.436553 0.328603 0.0294727 -0.944008
-0.0626794 -0.261143 0.475663 0.168311 -0.985341 0.0278246
0.0576699 -0.15083 -0.175311 0.328603 0.0294728 -0.944008
-0.0119746 -0.0211338 0.0428209 0.168311 -0.985341 0.0278245
-0.140891 0.125088 0.0362542 -0.92935 -0.16803 -0.328746
-0.0549839 -0.0287061 0.297867 -0.92935 -0.16803 -0.328746
-0.0657778 -0.103671 -0.07133 -0.92935 -0.16803 -0.328747
-0.188476 0.000899582 0.453159 -0.168311 0.985341 -0.0278245
0.122013 0.220929 -0.147578 0.92935 0.16803 0.328746
-0.0740617 -0.233361 0.0907371 0.168311 -0.985341 0.0278245
-0.0707355 -0.231376 0.14091 -0.168311 0.985341 -0.0278246
-0.0907745 -0.129945 0.450791 -0.92935 -0.16803 -0.328746
0.201692 -0.198837 -0.354678 -0.168311 0.985341 -0.0278245
-0.0315452 -0.0228345 0.411118 0.92935 0.168027 0.328747
-0.112826 -0.029583 0.461834 -0.92935 -0.16803 -0.328746
0.0311784 -0.0483115 0.0643114 0.92935 0.168029 0.328747
-0.0613676 0.209366 0.0366303 0.527165 0.0661241 -0.847187
-0.066332 0.0130477 0.144505 -0.168311 0.985341 -0.0278245
-0.00720535 -0.177006 0.244444 -0.168311 0.985341 -0.0278245
-0.239744 -0.0492635 0.424449 0.168311 -0.985341 0.0278245
0.120498 -0.161499 0.021108 -0.168311 0.985341 -0.0278245
0.110929 -0.155332 -0.106439 0.92935 0.16803 0.328746
-0.0430343 -0.112605 -0.0678348 -0.25122 -0.364702 0.896594
0.178876 -0.243248 -0.351809 0.168311 -0.985341 0.0278246
-0.130954 -0.240123 0.195446 -0.168311 0.985341 -0.0278246
-0.143332 0.137851 0.0603421 -0.328603 -0.0294727 0.944008
-0.123838 0.0999276 0.065944 -0.328603 -0.0294727 0.944008
-0.148915 0.15209 0.0451368 -0.92935 -0.16803 -0.328746
0.0739118 -0.222548 -0.393298 -0.92935 -0.16803 -0.328746
-0.17876 -0.278901 0.349798 -0.92935 -0.16803 -0.328746
0.111931 0.171109 -0.167558 0.328603 0.0294727 -0.944008
-0.0648131 -0.181426 0.501431 -0.328603 -0.0294726 0.944008
-0.0859533 0.0315719 -0.0712532 -0.92935 -0.16803 -0.328746
-0.0232423 -0.255886 0.423267 0.168311 -0.985341 0.0278246
-0.0369061 -0.125609 0.478803 0.92935 0.16803 0.328746
-0.0682855 -0.221408 0.498974 -0.328603 -0.0294726 0.944008
-0.215318 -0.0453204 0.41633 0.168311 -0.985341 0.0278245
-0.142253 0.148932 0.0279163 -0.92935 -0.16803 -0.328746
0.0186797 0.269055 0.0706787 -0.16831 0.985341 -0.0278244
-0.12266 -0.249592 0.479167 -0.328603 -0.0294729 0.944008
-0.100653 -0.0723828 0.49236 -0.328603 -0.0294728 0.944008
0.132245 0.0663726 -0.0975052 0.92935 0.16803 0.328746
0.183581 -0.00880644 -0.204203 0.92935 0.16803 0.328746
0.0680128 0.113142 -0.159992 -0.695312 0.68399 -0.220678
-0.125751 -0.278717 0.234817 0.168311 -0.985341 0.0278246
-0.0401567 -0.177906 -0.105817 -0.92935 -0.16803 -0.328746
0.2232 0.0472399 -0.396034 -0.168311 0.985341 -0.0278246
-0.129141 -0.0317073 0.377124 0.168311 -0.985341 0.0278245
-0.0559408 0.0149935 0.0869268 -0.328603 -0.0294727 0.944008
0.109639 -0.143571 -0.108803 0.92935 0.16803 0.328746
0.0707839 0.0242796 -0.287157 -0.168311 0.985341 -0.0278245
0.00999038 -0.220241 0.04692 -0.168311 0.985341 -0.0278245
-0.0174812 -0.0290213 -0.203187 0.168311 -0.985341 0.0278246
0.0497608 -0.214991 -0.00771126 -0.168311 0.985341 -0.0278245
0.20384 -0.0249742 -0.253211 0.92935 0.16803 0.328746
-0.122203 0.00951148 0.357244 -0.168311 0.985341 -0.0278245
-0.0333752 -0.007992 0.408705 0.92935 0.16803 0.328746
0.119982 -0.164266 -0.0737453 -0.168311 0.985341 -0.0278245
-0.126588 0.0726284 0.0226339 -0.92935 -0.16803 -0.328746
0.105836 -0.210031 -0.171278 -0.168311 0.985341 -0.0278245
-0.0417487 0.0203958 0.256017 -0.168311 0.985341 -0.0278245
-0.0985851 -0.0367363 0.0141995 -0.168311 0.985341 -0.0278245
0.141071 -0.216288 0.0220197 0.92935 0.16803 0.328746
-0.0107617 -0.138114 0.411286 0.929349 0.168031 0.328748
-0.0473137 -0.187519 -0.080671 -0.92935 -0.16803 -0.328746
-0.134686 0.152421 0.00474236 -0.92935 -0.16803 -0.328746
-0.0180056 -0.263457 0.12347 0.168311 -0.985341 0.0278246
0.15669 -0.207664 -0.0265435 0.92935 0.16803 0.328746
0.260096 -0.0577179 -0.395508 0.92935 0.16803 0.328746
-0.02323 0.244538 -0.0534164 -0.318146 -0.0275842 0.94764
0.0149293 -0.201027 0.370815 0.92935 0.16803 0.328746
0.0122891 0.0738775 -0.205278 0.328603 0.0294725 -0.944008
0.0353536 0.171282 -0.0669727 -0.68938 -0.675748 -0.260999
-0.126178 -0.0335745 0.0757587 -0.92935 -0.16803 -0.328746
-0.149283 -0.0355771 0.36192 0.168311 -0.985341 0.0278245
0.189276 -0.123754 -0.344063 -0.92935 -0.16803 -0.328746
0.136858 -0.0128093 -0.0700732 0.92935 0.16803 0.328746
-0.246155 -0.030594 0.413403 -0.92935 -0.168029 -0.328746
0.0496024 -0.029884 0.0028088 0.92935 0.16803 0.328746
-0.0783409 0.17953 0.00580685 0.964351 0.158746 -0.211723
0.104085 -0.0240767 0.0283316 0.92935 0.16803 0.328746
0.0693892 -0.207394 -0.160751 0.351371 -0.675901 -0.64784
0.0453567 -0.0498367 0.117156 0.168311 -0.985341 0.0278245
0.0196436 0.0456032 0.114193 -0.328603 -0.0294727 0.944008
-0.133663 0.213837 -0.0295403 -0.92935 -0.16803 -0.328746
0.0160639 -0.250153 0.388512 0.168311 -0.985341 0.0278246
-0.107958 0.0554261 -0.0212397 -0.92935 -0.16803 -0.328746
0.0901904 -0.139098 -0.0561097 0.92935 0.168029 0.328747
0.0352972 0.01646 -0.34941 -0.168311 0.985341 -0.0278245
-0.165031 -0.249574 0.295996 -0.92935 -0.16803 -0.328746
-0.0440471 0.258604 0.0800413 -0.16831 0.985341 -0.0278246
0.0036788 -0.219868 0.0983374 0.168311 -0.985341 0.0278245
-0.073479 0.0175267 -0.0993389 -0.92935 -0.16803 -0.328746
-0.109668 -0.269424 0.466626 0.168311 -0.985341 0.0278246
-0.0596738 0.167572 -0.0422336 0.636072 0.130128 0.760578
-0.0751998 0.207482 -0.191565 -0.92935 -0.16803 -0.328746
0.0278328 -0.0524365 0.131093 0.168311 -0.985341 0.0278245
-0.0728368 0.124085 -0.155619 -0.92935 -0.16803 -0.328746
0.119941 0.0356319 -0.182494 -0.168311 0.985341 -0.0278245
-0.0458136 -0.000844177 0.440214 0.92935 0.16803 0.328746
-0.0669425 -0.26933 0.211503 0.168311 -0.985341 0.0278246
0.207114 -0.108679 -0.332383 -0.355438 0.166357 0.919777
0.0482127 -0.21132 0.0994737 -0.92935 -0.16803 -0.328746
-0.0373011 -0.232013 -0.0838665 0.168311 -0.985341 0.0278245
0.192564 -0.163978 -0.150286 0.92935 0.16803 0.328746
0.0605269 0.237376 0.0178343 0.92935 0.16803 0.328746
0.121686 -0.209859 -0.261045 -0.168311 0.985341 -0.0278245
-0.0759458 -0.271266 0.197397 0.168311 -0.985341 0.0278246
-0.0151628 -0.263478 0.10552 0.168311 -0.985341 0.0278246
-0.0868239 -0.0629531 0.405382 -0.92935 -0.168033 -0.328745
0.133083 -0.185561 0.0288944 0.92935 0.16803 0.328746
-0.024473 0.175449 0.10289 -0.328603 -0.0294727 0.944008
-0.0615004 -0.18828 -0.0401767 -0.92935 -0.16803 -0.328746
-0.0324812 -0.0440272 0.242084 -0.92935 -0.16803 -0.328746
-0.130674 -0.259842 0.204117 -0.92935 -0.16803 -0.328746
-0.0994546 -0.256785 0.48702 -0.328603 -0.0294729 0.944008
0.16005 0.0401885 -0.26375 -0.168311 0.985341 -0.0278246
0.00295118 0.168337 -0.188607 0.788763 -0.558334 0.257131
-0.0281759 0.0727598 0.0983951 -0.328603 -0.0294727 0.944008
0.213684 -0.214665 -0.184084 0.92935 0.16803 0.328746
-0.0385927 -0.0280918 -0.0425681 -0.168311 0.985341 -0.0278245
-0.0221272 0.245244 0.0406418 -0.322528 -0.0817221 -0.943026
0.0133771 -0.184736 0.184364 0.92935 0.16803 0.328746
0.0724251 -0.260495 -0.318644 0.168311 -0.985341 0.0278246
0.169067 0.0402208 -0.317151 -0.168311 0.985341 -0.0278246
-0.0509315 -0.030256 0.287204 -0.92935 -0.16803 -0.328746
-0.14287 -0.239642 0.284542 -0.168311 0.985341 -0.0278246
0.0938124 0.10059 -0.00634768 0.92935 0.16803 0.328746
0.00341186 0.21571 0.113854 -0.328603 -0.0294727 0.944008
-0.0720868 0.18474 0.0866061 -0.328603 -0.0294727 0.944008
-0.21165 -0.246862 0.444933 -0.168311 0.985341 -0.0278246
0.154899 -0.161738 -0.195428 -0.168311 0.985341 -0.0278245
-0.0517202 -0.271276 0.0505316 0.168311 -0.985341 0.0278246
0.0900372 0.022677 -0.460371 -0.168311 0.985341 -0.0278246
0.274241 -0.122131 -0.438008 0.328603 0.0294727 -0.944008
-0.023071 -0.0754834 0.376853 0.359913 -0.610784 -0.70527
0.255007 -0.193316 -0.311816 0.92935 0.16803 0.328746
-0.0812212 -0.00593298 -0.0654613 -0.92935 -0.16803 -0.328746
0.0700607 -0.146244 -0.01756 -0.34993 0.684796 0.639221
0.068796 -0.166089 0.171294 -0.168311 0.985341 -0.0278245
0.11046 0.0305313 -0.30577 -0.168311 0.985341 -0.0278245
-0.0492588 -0.117883 0.0307691 0.359973 -0.214578 -0.907951
0.0845179 -0.255097 -0.200633 0.168311 -0.985341 0.0278246
0.0295288 0.196985 0.12236 -0.328603 -0.0294727 0.944008
-0.0739469 -0.0271737 0.2038 0.168311 -0.985341 0.0278245
-0.0250242 0.02292 0.244239 -0.168311 0.985341 -0.0278245
-0.0159387 -0.197811 -0.164106 -0.92935 -0.16803 -0.328746
-0.0892293 -0.235909 0.0922676 -0.168311 0.985341 -0.0278246
-0.0689621 -0.273095 0.0903844 0.168311 -0.985341 0.0278246
0.146632 -0.0136172 -0.279805 -0.92935 -0.16803 -0.328746
0.00873283 -0.131496 0.170281 0.92935 0.16803 0.328746
0.0370741 -0.259684 -0.0760981 0.168311 -0.985341 0.0278246
0.0161794 0.197329 -0.20007 0.328601 0.0294703 -0.944009
0.1549 -0.242612 -0.184249 0.168311 -0.985341 0.0278246
0.0521529 -0.247849 0.251802 0.168311 -0.985341 0.0278246
0.0164589 -0.172923 0.245867 -0.168311 0.985341 -0.0278245
-0.0486572 -0.0927882 0.0165742 0.34993 -0.684794 -0.639223
-0.0699977 0.252898 0.0349372 -0.16831 0.985341 -0.0278217
-0.0963947 -0.268487 0.419526 0.168311 -0.985341 0.0278246
-0.0642209 -0.263773 0.391835 0.168311 -0.985341 0.0278246
0.0994858 -0.0456493 -0.0619847 0.168311 -0.985341 0.0278246
-0.08057 -0.0928694 0.402993 -0.92935 -0.168032 -0.328745
-0.0453877 -0.1739 -0.0493834 -0.319667 0.811723 0.488793
0.0148143 -0.0318822 0.284686 0.92935 0.16803 0.328746
0.0600968 -0.124492 -0.173644 0.328603 0.0294728 -0.944008
-0.0394802 -0.0270184 0.000812091 -0.168311 0.985341 -0.0278245
-0.0993396 0.0122339 0.31535 -0.168311 0.985341 -0.0278245
0.21052 -0.23933 -0.404477 0.168311 -0.985341 0.0278246
-0.00955643 0.119542 0.106337 -0.328603 -0.0294727 0.944008
0.18035 -0.159525 -0.118034 0.92935 0.16803 0.328746
-0.0146436 0.164364 -0.142688 0.831537 -0.482975 0.274373
-0.0943814 -0.0116847 -0.0253181 -0.92935 -0.16803 -0.328746
0.0384876 0.0848055 0.121976 -0.328603 -0.0294727 0.944008
0.280964 -0.167633 -0.437088 0.328603 0.0294727 -0.944008
-0.18732 -0.01611 0.463949 -0.328603 -0.0294722 0.944008
-0.0603484 0.204003 0.036846 0.527165 0.0661241 -0.847187
-0.0537241 -0.229449 0.106264 0.168311 -0.985341 0.0278245
0.0717147 0.0151717 -0.504219 0.328603 0.0294724 -0.944008
0.20063 0.043163 -0.403884 -0.168311 0.985341 -0.0278246
0.13353 -0.243243 -0.49077 0.328603 0.0294723 -0.944008
0.0755463 -0.0204749 -0.463261 0.168311 -0.985341 0.0278246
-0.173928 -0.0392176 0.38208 0.168311 -0.985341 0.0278245
0.0627033 -0.0479601 0.0786809 0.168311 -0.985341 0.0278245
0.0586591 -0.0122185 -0.0687297 -0.168311 0.985341 -0.0278245
0.163146 -0.159222 -0.156225 -0.168311 0.985341 -0.0278245
0.215214 0.0448967 -0.430706 -0.168311 0.985341 -0.0278246
0.000543253 -0.0278374 -0.270293 0.168311 -0.985341 0.0278246
-0.127989 0.215536 -0.0464498 -0.92935 -0.16803 -0.328746
0.0139965 -0.0617156 0.119735 0.92935 0.16803 0.328746
0.267922 -0.0780975 -0.407217 0.92935 0.16803 0.328746
0.0515013 -0.255322 -0.00890397 0.168311 -0.985341 0.0278246
0.0940901 0.156242 -0.174232 0.328603 0.0294727 -0.944008
0.0702318 -0.261821 -0.352335 0.168311 -0.985341 0.0278246
0.0420727 0.246737 -0.189514 0.328603 0.0294728 -0.944008
-0.0613996 -0.202895 0.162969 -0.328603 -0.0294727 0.944008
0.0430941 -0.164791 0.00468692 -0.192397 0.980383 0.0428001
0.125302 -0.0447184 -0.185178 0.168311 -0.985341 0.0278245
-0.0223823 -0.159951 0.455298 0.92935 0.16803 0.328746
0.195071 -0.0178329 -0.232073 0.92935 0.16803 0.328746
0.115539 -0.247307 -0.112429 0.168311 -0.985341 0.0278246
-0.0504141 0.102336 -0.20789 -0.92935 -0.16803 -0.328746
-0.0458939 -0.2222 0.315592 -0.168311 0.985341 -0.0278245
0.162132 -0.205706 -0.358636 -0.168311 0.985341 -0.0278245
0.0983621 0.257301 -0.0993077 0.92935 0.16803 0.328746
-0.0308655 0.0247124 0.343048 -0.168311 0.985341 -0.0278245
0.121614 -0.184411 -0.121784 -0.92935 -0.16803 -0.328746
0.0337086 -0.220889 -0.119492 -0.168311 0.985341 -0.0278246
0.149093 -0.207733 -0.351548 -0.168311 0.985341 -0.0278245
-0.13095 -0.0333042 0.331516 0.168311 -0.985341 0.0278245
-0.010014 0.116576 -0.148824 0.777878 0.558419 0.288226
0.0892341 -0.219318 -0.399729 -0.168311 0.985341 -0.0278246
-0.0510907 -0.030983 0.470537 0.92935 0.16803 0.328746
-0.133832 0.00923599 0.41783 -0.168311 0.985341 -0.0278245
0.121174 -0.241861 0.0463278 0.168311 -0.985341 0.0278246
-0.0351645 -0.264252 0.19911 0.168311 -0.985341 0.0278246
-0.0366788 0.178528 0.0449495 0.16223 -0.000153189 -0.986753
0.128818 -0.243232 -0.0484375 0.168311 -0.985341 0.0278246
0.0664893 -0.255292 -0.0985083 0.168311 -0.985341 0.0278246
0.146913 -0.00818595 -0.459771 0.168311 -0.985341 0.0278246
-0.169054 -0.0433337 0.206833 0.168311 -0.985341 0.0278246
0.11449 0.103351 -0.168783 0.328604 0.029474 -0.944008
-0.0370267 0.0238654 0.350322 -0.168311 0.985341 -0.0278245
0.265763 -0.229628 -0.395058 0.168311 -0.985341 0.0278246
0.167727 -0.0399347 -0.272406 0.168311 -0.985341 0.0278246
-0.0626256 0.176312 -0.0411911 0.65902 0.133472 0.740187
-0.00384553 -0.221388 0.0900109 0.168311 -0.985341 0.0278245
0.14062 0.0436972 -0.161549 0.328603 0.0294726 -0.944008
-0.120982 0.0852923 0.0664813 -0.328603 -0.0294727 0.944008
0.0342356 -0.0522848 0.0977335 0.168311 -0.985341 0.0278245
-0.0157512 -0.168124 0.35807 0.000134811 0.890276 -0.455422
0.0501546 -0.1675 0.234112 -0.168311 0.985341 -0.0278245
0.144604 -0.211883 -0.471373 -0.168311 0.985341 -0.0278245
-0.0772112 -0.108815 0.401648 -0.92935 -0.16803 -0.328746
0.120867 -0.214134 -0.407507 -0.168311 0.985341 -0.0278245
-0.00955945 -0.179304 0.42894 0.92935 0.168031 0.328747
0.0262889 -0.0256648 -0.349091 0.168311 -0.985341 0.0278246
0.0167781 -0.0266278 -0.325664 0.168311 -0.985341 0.0278246
0.00880795 0.0650156 -0.0478351 -0.351744 -0.0332197 0.935507
0.0709005 -0.0173388 -0.063812 -0.92935 -0.16803 -0.328746
-0.122303 0.129809 -0.018705 -0.92935 -0.16803 -0.328746
-0.0334627 0.253688 -0.158083 -0.168311 0.985341 -0.0278246
-0.0800386 -0.0349357 -0.0342228 -0.168311 0.985341 -0.0278245
-0.00212423 -0.260343 0.137668 0.168311 -0.985341 0.0278246
-0.105951 0.00466395 0.0872682 -0.168311 0.985341 -0.0278245
-0.0568848 -0.232317 0.0238193 -0.168311 0.985341 -0.0278246
0.240735 -0.147439 -0.294916 0.92935 0.168033 0.328745
0.0415653 -0.223256 -0.250824 -0.168311 0.985341 -0.0278246
-0.0872905 0.0185818 0.46726 -0.168311 0.985341 -0.0278245
0.042038 -0.255014 0.0592676 0.168311 -0.985341 0.0278246
0.0281379 -0.262671 -0.127808 0.168311 -0.985341 0.0278246
-0.0394704 -0.0840135 0.174314 -0.328603 -0.0294727 0.944008
0.151464 -0.00477073 -0.366359 0.168311 -0.985341 0.0278246
0.190768 -0.201075 -0.36786 -0.168311 0.985341 -0.0278245
0.074055 0.00398812 -0.503754 0.328603 0.0294724 -0.944008
-0.190269 0.000155386 0.437648 -0.168311 0.985341 -0.0278245
-0.0377253 0.158218 -0.220055 0.328603 0.0294727 -0.944008
0.0157997 0.211376 0.00336023 -0.967946 -0.170546 -0.184379
0.0269588 -0.254309 0.175429 0.168311 -0.985341 0.0278246
-0.0217576 -0.025516 -0.053189 -0.168311 0.985341 -0.0278245
0.0410727 -0.0162356 -0.104605 0.168311 -0.985341 0.0278245
-0.0860919 -0.0739008 0.408908 -0.92935 -0.168031 -0.328746
-0.0188494 -0.046443 0.204783 -0.92935 -0.16803 -0.328746
0.0945669 -0.103277 -0.0867908 0.92935 0.16803 0.328746
0.105527 0.0764634 -0.0271327 0.92935 0.16803 0.328746
-0.0978642 -0.0746262 0.442559 -0.92935 -0.16803 -0.328746
-0.0925205 -0.270979 0.307841 0.168311 -0.985341 0.0278246
0.0266465 0.0997257 -0.173902 0.205864 0.973235 0.102142
0.0619242 -0.0110432 -0.0468589 -0.168311 0.985341 -0.0278245
-0.102111 0.189149 -0.106117 -0.92935 -0.16803 -0.328746
-0.0542077 -0.229313 0.114012 -0.168311 0.985341 -0.0278246
-0.14316 0.00477971 0.316444 -0.168311 0.985341 -0.0278245
-0.0217613 0.170353 -0.107285 0.727255 -0.645611 0.232996
0.228808 -0.133274 -0.450951 -0.92935 -0.16803 -0.328746
-0.0616639 0.0892388 -0.169393 -0.92935 -0.16803 -0.328746
0.195384 -0.201591 -0.139033 0.92935 0.16803 0.328746
-0.0100542 -0.227712 -0.0963798 -0.168311 0.985341 -0.0278246
0.0828532 -0.227902 -0.415838 -0.92935 -0.16803 -0.328746
0.0879411 0.198001 -0.175069 0.3286 0.0294739 -0.944009
-0.0206078 -0.0275494 -0.132153 0.168311 -0.985341 0.0278246
-0.0202978 -0.177741 0.297607 -0.168311 0.985341 -0.0278245
0.11534 -0.0276597 -0.184166 -0.92935 -0.16803 -0.328746
0.0287513 0.15396 -0.0188712 -0.889907 -0.325143 -0.31992
0.236209 -0.234484 -0.388264 0.168311 -0.985341 0.0278246
0.0489823 0.271483 0.0330374 0.92935 0.16803 0.328746
-0.176974 -0.247981 0.328944 -0.92935 -0.16803 -0.328746
0.0448562 -0.261016 -0.170338 0.168311 -0.985341 0.0278246
-0.0671497 -0.273635 0.060321 0.168311 -0.985341 0.0278246
0.00353649 -0.0399796 -0.185222 0.113344 0.717582 -0.68719
0.161431 -0.227695 -0.0297085 0.92935 0.16803 0.328746
-0.188662 -0.0417182 0.382655 0.168311 -0.985341 0.0278245
-0.0677174 -0.149954 0.162423 -0.328603 -0.0294727 0.944008
0.0550278 0.185472 -0.172432 -0.34101 -0.928401 -0.147593
-0.0423551 -0.0282378 -0.0249816 -0.168311 0.985341 -0.0278245
0.230532 -0.0174473 -0.332514 0.92935 0.168029 0.328746
0.280127 -0.176241 -0.391556 0.92935 0.168028 0.328748
0.0852974 -0.243967 0.188777 0.168311 -0.985341 0.0278246
-0.0580033 -0.232555 0.0221399 -0.168311 0.985341 -0.0278246
0.108449 0.273583 -0.136146 0.92935 0.16803 0.328746
0.039669 -0.0653049 0.0255514 0.251018 -0.940532 -0.228889
0.095112 -0.0506875 -0.115211 0.92935 0.16803 0.328747
-0.094452 -0.0779683 0.434621 -0.92935 -0.16803 -0.328746
-0.0838698 0.0132781 0.258749 -0.168311 0.985341 -0.0278245
-0.0593573 -0.0856868 0.366989 0.363566 -0.571459 -0.7357
0.145256 -0.0368979 -0.0815033 0.92935 0.16803 0.328746
-0.0841709 -0.0445426 -0.0495558 -0.92935 -0.16803 -0.328746
0.119773 0.0282105 -0.042743 0.92935 0.16803 0.328746
-0.010387 0.265042 0.104398 -0.16831 0.985341 -0.0278246
-0.040622 -0.164979 0.50943 0.92935 0.16803 0.328746
0.0241622 0.264464 -0.12505 -0.168311 0.985341 -0.0278246
0.124527 0.042371 -0.0634182 0.92935 0.16803 0.328746
-0.209243 -0.00293112 0.443123 -0.168311 0.985341 -0.0278245
0.0784279 -0.10637 -0.039586 0.92935 0.16803 0.328746
-0.106753 -0.269485 0.446822 0.168311 -0.985341 0.0278246
-0.0550623 0.0696147 0.0213817 0.884142 0.138423 -0.446242
0.209332 -0.240889 -0.452486 0.168311 -0.985341 0.0278246
0.230423 -0.200466 -0.238661 0.92935 0.16803 0.328746
0.0905767 -0.0321017 -0.11189 -0.92935 -0.16803 -0.328746
0.0127399 -0.2248 -0.131142 -0.168311 0.985341 -0.0278246
0.0836665 0.272765 -0.065668 0.92935 0.16803 0.328746
0.133956 -0.254556 -0.48054 0.168311 -0.985341 0.0278246
-0.187228 -0.0435029 0.310781 0.168311 -0.985341 0.0278246
0.192269 -0.0282535 -0.401337 -0.92935 -0.16803 -0.328746
-0.0740885 -0.138838 0.408166 -0.92935 -0.16803 -0.328746
-0.142913 0.00342128 0.266849 -0.168311 0.985341 -0.0278245
0.0248059 0.105614 -0.0485109 -0.619508 0.761225 -0.191691
-0.0429799 -0.0943728 0.0212458 0.355363 -0.648596 -0.673083
0.218621 -0.167806 -0.404503 -0.92935 -0.168032 -0.328745
-0.103344 -0.224987 0.0968739 -0.92935 -0.16803 -0.328747
0.0192402 -0.264681 -0.145162 0.168311 -0.985341 0.0278246
-0.118047 0.0127939 0.488965 -0.328603 -0.0294722 0.944008
0.0174808 -0.222767 -0.0878095 -0.168311 0.985341 -0.0278246
0.113578 -0.219285 0.101273 0.92935 0.16803 0.328746
-0.08012 -0.0610312 0.385448 -0.92935 -0.168031 -0.328746
-0.149774 0.239483 0.0424495 -0.168312 0.985341 -0.0278273
0.189169 0.0412494 -0.402323 -0.168311 0.985341 -0.0278246
-0.116562 -0.0331176 0.251092 0.168311 -0.985341 0.0278245
-0.156213 -0.279228 0.400973 0.168311 -0.985341 0.0278246
0.0232035 0.064334 -0.201777 0.328603 0.0294726 -0.944008
0.0634908 -0.252253 0.0272543 0.168311 -0.985341 0.0278246
-0.24375 -0.0100059 0.401317 -0.168311 0.985341 -0.0278245
-0.121893 -0.238625 0.193685 -0.168311 0.985341 -0.0278246
-0.0111082 -0.22478 0.0138098 -0.168311 0.985341 -0.0278246
-0.053536 -0.0640293 0.339822 0.264201 -0.924646 -0.274278
-0.0863416 0.0137367 0.289944 -0.168311 0.985341 -0.0278245
0.0756111 0.258915 -0.0358166 0.92935 0.16803 0.328746
0.0644366 -0.0149184 -0.199287 0.168311 -0.985341 0.0278246
-0.00623123 -0.161001 -0.197872 0.328603 0.0294728 -0.944008
0.033151 -0.0856007 0.0777943 0.92935 0.168031 0.328746
-0.112529 -0.0341098 0.191559 0.168311 -0.985341 0.0278245
0.0383727 0.219499 0.0896007 0.92935 0.16803 0.328746
0.0640669 -0.220211 0.24171 0.92935 0.16803 0.328746
-0.0317877 -0.0242212 0.0533357 0.168311 -0.985341 0.0278245
-0.131502 0.0718998 0.0624013 -0.328603 -0.0294727 0.944008
0.0402246 -0.217452 -0.0371768 -0.168311 0.985341 -0.0278245
0.0506907 -0.250576 0.164092 0.168311 -0.985341 0.0278246
-0.0337304 0.0201811 0.199911 -0.168311 0.985341 -0.0278245
-0.00986896 -0.025561 -0.126697 -0.168311 0.985341 -0.0278245
0.0384453 -0.103842 -0.0411658 -0.276909 -0.271702 0.921683
0.123002 -0.0415956 -0.0606799 0.168311 -0.985341 0.0278246
-0.0837188 -0.0308599 0.132374 0.168311 -0.985341 0.0278245
-0.0620785 -0.267513 0.24643 0.168311 -0.985341 0.0278246
0.00668949 -0.226875 -0.168023 -0.168311 0.985341 -0.0278246
-0.123071 0.161442 -0.0327036 -0.92935 -0.16803 -0.328746
-0.11381 -0.196852 0.112082 -0.92935 -0.16803 -0.328746
0.202844 -0.235214 -0.212284 0.168311 -0.985341 0.0278246
-0.121479 -0.236614 0.262373 -0.168311 0.985341 -0.0278246
0.0777915 -0.061178 -0.0608853 0.92935 0.16803 0.328746
0.184431 -0.0370848 -0.272527 0.168311 -0.985341 0.0278246
0.120563 -0.241112 0.0765677 0.168311 -0.985341 0.0278246
-0.226285 -0.0485915 0.366829 0.168311 -0.985341 0.0278246
-0.101726 -0.152291 0.0551447 -0.92935 -0.16803 -0.328746
-0.0747026 -0.0287398 0.152912 0.168311 -0.985341 0.0278245
0.0784481 -0.0413065 -0.0728982 0.92935 0.168031 0.328747
-0.0670652 0.172791 -0.196829 -0.92935 -0.16803 -0.328746
0.186481 -0.23564 -0.128391 0.168311 -0.985341 0.0278246
0.10309 -0.0237828 0.030995 0.92935 0.16803 0.328746
0.00185325 -0.260496 0.108205 0.168311 -0.985341 0.0278246
-0.0415465 -0.118027 0.172529 -0.328603 -0.0294727 0.944008
0.00890443 0.233755 0.116329 -0.328603 -0.0294727 0.944008
-0.0217246 -0.133902 -0.064253 -0.350018 0.117714 0.929318
0.0189645 -0.019942 -0.102126 0.168311 -0.985341 0.0278246
0.141034 -0.248768 -0.318374 0.168311 -0.985341 0.0278246
-0.10282 -0.233591 0.256578 -0.168311 0.985341 -0.0278246
-0.0149521 -0.0541831 0.328047 0.168311 -0.985341 0.0278245
0.0280371 -0.219523 -0.036803 -0.168311 0.985341 -0.0278245
0.132293 -0.210554 0.0439027 0.92935 0.16803 0.328746
-0.0974449 0.237622 0.0794302 -0.328603 -0.0294727 0.944008
-0.0507837 -0.267537 0.177265 0.168311 -0.985341 0.0278246
-0.155339 -0.0367222 0.159804 -0.92935 -0.16803 -0.328746
0.0919727 0.0768367 0.0109942 0.92935 0.16803 0.328746
-0.0682268 -0.08707 -0.0447197 0.0366238 -0.927996 0.370786
0.0852497 -0.0388646 -0.0933741 -0.92935 -0.16803 -0.328746
-0.00541795 -0.217027 0.253941 -0.168311 0.985341 -0.0278245
-0.0991026 -0.0360309 0.0423091 0.168311 -0.985341 0.0278246
0.0598614 -0.0136315 -0.0344998 0.92935 0.16803 0.328746
-0.0873325 -0.2291 0.321924 -0.168311 0.985341 -0.0278246
-0.181292 -0.269867 0.352338 -0.92935 -0.16803 -0.328746
-0.00596809 0.208947 -0.207416 0.328601 0.0294703 -0.944009
0.267032 -0.099992 -0.393509 0.92935 0.16803 0.328746
0.16107 0.0371447 -0.37771 -0.168311 0.985341 -0.0278246
-0.244282 -0.0115726 0.398387 -0.92935 -0.168029 -0.328746
0.0236537 -0.216666 0.0908924 0.168311 -0.985341 0.0278245
-0.065998 0.204866 -0.21624 -0.92935 -0.16803 -0.328746
-0.0392298 -0.171145 0.508646 0.92935 0.16803 0.328746
-0.0746902 0.217654 -0.0371088 0.760916 0.147816 0.631789
0.0670663 -0.219091 -0.257583 -0.168311 0.985341 -0.0278245
0.133351 -0.249677 -0.304099 0.168311 -0.985341 0.0278246
-0.11665 -0.0358052 0.156447 0.168311 -0.985341 0.0278246
0.0294639 0.241425 0.103579 0.92935 0.16803 0.328746
-0.0319547 -0.157147 0.480926 0.92935 0.16803 0.328746
0.0738341 -0.168467 0.0566141 -0.168311 0.985341 -0.0278245
0.146584 -0.251807 -0.459558 0.168311 -0.985341 0.0278246
0.215999 -0.127088 -0.321084 -0.366317 0.53071 0.764303
-0.00896192 -0.0252085 -0.119698 -0.168311 0.985341 -0.0278245
0.0591295 -0.0284817 -0.0248406 0.92935 0.16803 0.328746
-0.121794 0.0515138 0.0198736 -0.92935 -0.16803 -0.328746
0.0854426 0.0965343 0.0193867 0.92935 0.16803 0.328746
