ply
format ascii 1.0
comment Created by Open3D
element vertex 512
property double x
property double y
property double z
property double nx
property double ny
property double nz
end_header
-0.00775619 0.0822039 -0.326189 0.674584 -0.619138 -0.402
-0.29571 -0.373941 0.0771006 0.735033 0.512987 0.443363
-0.00239417 0.0519594 0.102525 -0.674584 0.619138 0.402
-0.215609 0.163225 -0.426631 -0.674584 0.619138 0.402
0.214157 -0.126599 0.485997 -0.0682824 -0.594569 0.80114
0.379652 0.415059 -0.127857 0.159144 0.653738 -0.739797
0.146179 0.145928 0.207116 -0.674584 0.619138 0.402
0.0427259 -0.0880967 0.160545 0.744426 -0.564977 -0.355851
-0.248603 -0.289626 0.215461 -0.674584 0.619138 0.402
-0.201466 0.186169 -0.438235 -0.674584 0.619138 0.402
-0.0341093 -0.0568583 -0.0165611 0.776596 -0.535771 -0.331434
-0.203604 0.105019 -0.430901 -0.0682825 -0.594569 0.80114
-0.192832 0.044734 -0.268104 0.674584 -0.619138 -0.402
-0.349491 -0.280309 0.0318141 -0.674584 0.619138 0.402
-0.294766 -0.0488545 -0.232828 -0.674584 0.619138 0.402
0.364067 0.317718 -0.0649683 0.674584 -0.619138 -0.402
-0.0493306 -0.211511 0.163064 0.682568 0.557819 0.472164
-0.368734 -0.343435 0.0967451 -0.674584 0.619138 0.402
-0.224383 0.0608615 -0.459053 0.23544 -0.335679 0.912079
-0.27287 -0.0785975 -0.302488 0.735033 0.512987 0.443363
-0.0684123 -0.278194 0.174655 -0.0682825 -0.594569 0.80114
0.0687255 0.254921 -0.0907226 -0.674584 0.619138 0.402
-0.0834253 0.0326619 -0.18142 -0.735033 -0.512987 -0.443363
-0.114831 -0.258833 0.289606 0.0682825 0.594569 -0.80114
-0.0166313 -0.0426889 0.157616 0.606986 -0.206447 -0.767429
0.0629644 -0.0297528 0.0474755 -0.192336 0.795796 0.574209
-0.260558 -0.296227 0.143375 0.674578 -0.619138 -0.40201
0.118324 0.0350781 0.00491284 -0.0682826 -0.594569 0.80114
0.261376 0.32098 0.130819 -0.674584 0.619138 0.402
-0.271559 -0.0632009 -0.233979 0.674584 -0.619138 -0.402
0.0139611 0.172856 -0.429363 0.674584 -0.619138 -0.401999
-0.3621 0.0113021 -0.54051 -0.735033 -0.512987 -0.443363
0.327146 0.479189 -0.128907 0.274559 -0.295068 0.915179
-0.372679 -0.0680641 -0.333986 -0.674584 0.619138 0.402
0.353507 0.427817 0.0466811 0.735033 0.512987 0.443363
0.0240804 0.14954 -0.00333679 -0.674584 0.619138 0.402
0.385892 0.326455 -0.0418014 0.674584 -0.619138 -0.402
0.0988484 0.236684 -0.155793 0.735033 0.512987 0.443363
-0.331818 -0.193897 -0.210258 0.0796883 -0.714704 0.694873
0.322684 0.441169 0.0485891 -0.674584 0.619138 0.402
0.173596 0.0876076 0.342946 -0.674584 0.619138 0.402
-0.0235012 -0.236558 0.146192 0.0682824 0.594569 -0.80114
0.332813 0.0377792 0.313731 0.674584 -0.619138 -0.402
-0.0648167 0.0418281 -0.172637 -0.0682825 -0.594569 0.80114
-0.20854 -0.213651 0.103487 0.674586 -0.619139 -0.401996
0.193973 0.389579 -0.256039 0.0682826 0.594569 -0.80114
0.0925746 0.197904 0.0371132 -0.674584 0.619138 0.402
0.0272011 0.226774 -0.117052 -0.674584 0.619138 0.402
-0.311961 -0.418516 0.224507 -0.0682827 -0.594569 0.80114
-0.202497 -0.178045 -0.0344942 0.674584 -0.619138 -0.402
-0.233274 -0.142724 -0.293936 0.735033 0.512987 0.443363
-0.386947 0.00597455 -0.493153 -0.735033 -0.512987 -0.443363
0.422459 0.443455 -0.0857258 0.735033 0.512987 0.443363
0.178942 0.134807 0.217034 0.674584 -0.619138 -0.402
0.0485461 -0.00690461 -0.0944694 0.674584 -0.619138 -0.402
-0.0326412 -0.0386445 -0.0426496 0.806852 -0.505217 -0.306179
-0.0559815 0.0889674 -0.106586 0.674584 -0.619138 -0.402
0.350689 0.224129 0.056722 0.674584 -0.619138 -0.402
-0.235861 -0.205803 -0.220043 0.605876 0.153262 0.780657
-0.192436 -0.365052 0.204161 0.0682825 0.594569 -0.80114
0.3813 0.0278649 0.463361 0.735033 0.512987 0.443363
0.151461 -0.0319051 0.489869 -0.674584 0.619138 0.402
0.350992 0.404409 -0.220425 0.674584 -0.619138 -0.401999
0.177589 0.192662 0.125658 0.674584 -0.619138 -0.402
-0.412418 -0.295455 -0.0504565 -0.674584 0.619138 0.402
0.0779466 -0.102001 0.129098 0.0682802 0.594572 -0.801138
-0.132114 -0.118302 0.084773 0.677883 -0.569136 -0.465359
0.0586824 0.0253719 -0.0221102 0.645452 0.585989 0.489907
0.0553033 0.0794324 -0.134491 -0.0682825 -0.594569 0.80114
0.121888 0.237791 -0.348263 0.674584 -0.619138 -0.401999
0.0515909 -0.0528799 0.292394 0.674584 -0.619138 -0.402
-0.249849 -0.151488 -0.372517 0.674584 -0.619138 -0.402
0.131411 0.133886 0.138691 0.674584 -0.619138 -0.402
-0.34051 -0.0245765 -0.53479 -0.735033 -0.512987 -0.443363
-0.175159 -0.184539 0.0213806 0.674582 -0.619141 -0.401999
0.0787895 0.211616 -0.0697066 0.800052 -0.512345 -0.312121
0.171882 0.184215 0.129091 0.674584 -0.619138 -0.402
-0.257523 0.0506759 -0.546039 0.0682824 0.594569 -0.80114
0.0823721 0.0125066 -0.014903 -0.0682826 -0.594569 0.80114
-0.341041 -0.0128449 -0.365941 -0.674584 0.619138 0.402
-0.222605 -0.191257 -0.0478891 0.674584 -0.619138 -0.402
0.250742 0.41423 -0.232906 0.0682826 0.594569 -0.80114
-0.085146 0.0630436 -0.21372 -0.735033 -0.512987 -0.443363
0.0443484 -0.0636241 0.358978 -0.674584 0.619138 0.402
-0.0031982 0.0667238 -0.148908 -0.0682825 -0.594569 0.80114
-0.0696992 -0.0510319 0.148204 -0.674584 0.619138 0.402
0.187816 0.29075 0.0539387 -0.674584 0.619138 0.402
-0.0223794 0.217472 -0.402209 0.0682816 0.59457 -0.801139
-0.346202 -0.47922 0.000683608 -0.735033 -0.512987 -0.443363
0.237436 0.3803 -0.000715142 -0.674584 0.619138 0.402
-0.150921 0.0405717 -0.129176 -0.674584 0.619138 0.402
-0.147398 -0.14272 0.096842 0.674584 -0.619138 -0.402
-0.274185 -0.372666 0.0399399 0.735033 0.512987 0.443363
-0.301805 -0.000297063 -0.319426 -0.674584 0.619138 0.402
0.297846 0.219151 0.098456 -0.735033 -0.512987 -0.443363
0.297862 -0.107505 0.507301 -0.0682824 -0.594569 0.80114
-0.374467 -0.266694 -0.0310667 -0.674584 0.619138 0.402
-0.0338535 -0.187703 0.418849 -0.674584 0.619139 0.401999
0.016246 0.18427 -0.248807 0.0682825 0.594569 -0.80114
0.306087 0.111571 0.491203 0.735033 0.512987 0.443363
-0.29512 -0.13374 -0.102685 -0.674589 0.619133 0.402001
-0.0460427 -0.0470098 0.181706 -0.674584 0.619138 0.402
0.317281 0.131086 0.168131 -0.735033 -0.512987 -0.443363
-0.164962 -0.0912364 -0.0438574 0.735042 0.512979 0.443358
-0.246409 -0.0850396 -0.469087 0.674584 -0.619138 -0.402
-0.0533618 0.137141 -0.114195 -0.674584 0.619138 0.402
0.116552 0.0266799 0.0578401 0.735033 0.512987 0.443363
0.0706621 -0.230203 0.326664 0.0682826 0.594569 -0.80114
-0.201602 -0.107854 -0.141098 0.674584 -0.619138 -0.402
-0.0647773 -0.0477842 0.089272 0.674584 -0.619138 -0.402
-0.125487 0.080763 -0.148395 -0.674584 0.619138 0.402
-0.119211 0.0681204 -0.451092 -0.0682825 -0.594569 0.80114
0.0272758 0.280234 -0.261452 0.674584 -0.619138 -0.402
0.273829 0.237273 0.117306 -0.735033 -0.512987 -0.443363
0.264978 0.356561 -0.274492 0.0682826 0.594569 -0.80114
-0.157284 0.0614171 -0.529524 0.0682826 0.594569 -0.80114
-0.334227 -0.349199 -0.169607 -0.735033 -0.512987 -0.443363
-0.0246524 0.014382 -0.0850441 0.0682825 0.594569 -0.80114
0.113087 0.402473 -0.243532 -0.674584 0.619138 0.402
-0.064043 0.0969184 -0.07017 -0.674584 0.619138 0.402
0.257489 -0.146955 0.471851 0.674584 -0.619138 -0.401999
0.320331 0.107521 0.472274 0.735033 0.512987 0.443363
-0.343023 -0.0524232 -0.498406 -0.735033 -0.512987 -0.443363
0.0808076 -0.0806217 0.446337 -0.674584 0.619138 0.402
-0.022768 -0.052589 -0.0567904 0.0551771 0.799535 0.59808
0.284244 0.392824 -0.245937 0.0682826 0.594569 -0.80114
-0.266362 0.112437 -0.433578 -0.674584 0.619138 0.402
0.283702 0.0619499 0.567228 -0.674584 0.619139 0.402
0.0739058 -0.124465 0.129146 0.674584 -0.619138 -0.402
-0.0673316 -0.233506 0.122267 0.674584 -0.619138 -0.402
0.239947 0.229306 0.236052 -0.674584 0.619138 0.402
0.139797 0.136489 0.210944 -0.674584 0.619138 0.402
0.391964 0.00164248 0.468647 0.674584 -0.619138 -0.402
0.245195 0.179656 0.321325 -0.674584 0.619138 0.402
0.0931146 -0.127652 0.275263 0.735033 0.512987 0.443363
0.258579 0.196766 0.189456 -0.735033 -0.512987 -0.443363
-0.0869538 0.0915285 -0.243681 -0.735033 -0.512987 -0.443363
0.127832 0.0712138 -0.0123876 0.735033 0.512987 0.443363
-0.232916 -0.118342 -0.0220188 -0.674584 0.619138 0.402
-0.353975 0.011317 -0.424859 -0.674584 0.619138 0.402
0.0761266 0.308792 -0.223461 0.674584 -0.619138 -0.402
-0.210485 -0.108713 -0.154681 0.674584 -0.619138 -0.402
0.213046 0.439383 -0.217451 0.0682823 0.594569 -0.80114
0.151531 -0.19814 0.427564 -0.0682918 -0.594559 0.801147
0.187304 0.198764 0.194751 -0.674584 0.619138 0.402
-0.05973 -0.186999 0.312153 0.674584 -0.619138 -0.402
-0.0106754 -0.171861 0.359572 0.468853 0.0878178 -0.8789
0.307385 0.382905 0.112651 -0.674584 0.619138 0.402
-0.290353 -0.221581 -0.108067 0.735037 0.512983 0.443361
0.342022 0.192436 0.0909908 0.674584 -0.619138 -0.402
-0.409208 -0.305294 -0.0960995 -0.735027 -0.512994 -0.443366
0.184494 0.222724 0.0909449 0.674584 -0.619138 -0.402
0.0804805 0.237493 -0.0441541 -0.674584 0.619138 0.402
0.240062 0.0151568 0.532319 0.703843 0.703649 0.0973772
0.330569 0.227816 0.316115 0.735033 0.512987 0.443363
0.355644 0.342086 -0.116633 0.674584 -0.619138 -0.402
-0.329612 -0.40322 -0.114754 -0.735033 -0.512987 -0.443363
0.0179318 0.0497656 -0.222884 0.0682825 0.594569 -0.80114
0.152584 0.0314835 0.394124 -0.674584 0.619138 0.402
0.112399 0.28895 -0.132033 0.674584 -0.619138 -0.402
0.251031 0.42858 -0.14354 -0.340801 -0.805198 0.485295
-0.070452 0.0419812 -0.071412 0.45195 0.116764 -0.884368
0.107607 0.348579 -0.293829 0.0682823 0.594569 -0.80114
0.050792 0.066137 -0.203195 0.674584 -0.619138 -0.402
0.189393 0.131956 0.238962 0.674584 -0.619138 -0.402
-0.0426986 -0.00324135 -0.2042 -0.0682825 -0.594569 0.80114
0.315389 0.360668 -0.0943683 -0.735033 -0.512987 -0.443363
-0.228791 -0.183629 -0.287681 0.674585 -0.619138 -0.402
0.183202 0.0288577 0.38736 0.674584 -0.619138 -0.402
-0.335538 -0.212234 -0.325908 -0.735033 -0.512987 -0.443363
0.332478 0.351559 -0.11216 -0.735033 -0.512987 -0.443363
-0.253535 -0.089009 -0.322497 0.735033 0.512987 0.443363
-0.0689958 -0.170238 0.332979 -0.674584 0.619138 0.402
-0.319356 -0.474933 0.00899773 0.674584 -0.619138 -0.402
-0.333994 -0.2313 -0.306407 -0.735033 -0.512987 -0.443363
-0.259184 -0.351217 0.208097 0.245719 0.407912 -0.879335
-0.0715042 0.105263 -0.285185 -0.735033 -0.512987 -0.443363
-0.23704 -0.030591 -0.175029 0.714059 0.685404 0.142621
-0.0591959 0.047224 0.0145005 -0.674584 0.619138 0.402
0.374884 0.341136 -0.0828839 0.674584 -0.619138 -0.402
0.0871105 0.151107 0.100019 -0.674584 0.619138 0.402
-0.2885 -0.120983 -0.111226 -0.674584 0.619138 0.402
0.367665 0.454188 -0.193285 0.0682826 0.594569 -0.80114
-0.320542 -0.534934 0.0994167 0.67459 -0.619139 -0.401989
-0.268519 -0.499613 0.132316 0.674584 -0.619138 -0.401999
-0.311619 -0.190725 -0.390448 -0.735033 -0.512987 -0.443363
0.0308245 -0.124093 0.29748 -0.0682826 -0.594569 0.80114
0.226458 0.0377807 0.425143 -0.486328 -0.681309 -0.547086
-0.228533 -0.169393 0.0639625 -0.674584 0.619138 0.402
-0.286761 -0.0914037 -0.264642 0.73503 0.51299 0.443365
-0.0194959 -0.238697 0.382888 -0.0682827 -0.594569 0.80114
-0.356575 0.0104713 -0.427918 -0.674584 0.619138 0.402
0.184249 0.389658 -0.185308 0.21093 -0.794453 0.569519
-0.251729 -0.246446 -0.00236132 -0.735033 -0.512987 -0.443363
0.034402 0.194685 -0.239531 0.0682882 0.594566 -0.801141
0.364773 0.11662 0.388068 0.735033 0.512987 0.443363
0.0173296 -0.00814586 0.0890482 -0.0682826 -0.594569 0.80114
0.265871 0.206492 0.314692 -0.674584 0.619138 0.402
-0.104863 -0.0840679 -0.0108181 -0.735033 -0.512987 -0.443363
-0.0554947 -0.155279 0.332595 -0.674584 0.619138 0.402
-0.38768 -0.333986 0.0504002 -0.674584 0.619138 0.402
-0.233669 -0.0699038 -0.236568 -0.735033 -0.512987 -0.443363
-0.0654288 -0.0580267 -0.106325 -0.735033 -0.512987 -0.443363
0.00330164 0.327506 -0.312299 -0.674584 0.619138 0.402
0.291181 0.410322 0.0432347 -0.674584 0.619138 0.402
0.111145 0.237124 -0.0543171 0.674585 -0.619138 -0.401998
-0.36549 -0.426958 -0.0278067 -0.735033 -0.512987 -0.443363
0.104002 0.20074 0.051921 -0.674584 0.619138 0.402
-0.0015086 0.123522 -0.0683955 0.674584 -0.619138 -0.402
0.298347 0.366597 -0.250533 0.674584 -0.619138 -0.401999
-0.170633 -0.217218 0.172592 0.674584 -0.619138 -0.402
0.0438971 -0.127468 0.180958 0.437766 0.703724 0.559583
-0.327272 0.0462292 -0.468271 -0.464356 0.0674325 -0.883078
-0.199159 0.0537064 -0.466795 0.0944243 -0.467725 0.878816
-0.277374 0.105546 -0.441443 -0.674584 0.619138 0.402
-0.319933 -0.510082 0.0621616 0.674584 -0.619138 -0.402
0.094237 0.0868323 0.0252364 0.735033 0.512987 0.443363
0.200533 0.293275 0.0713893 -0.674584 0.619138 0.402
0.164774 -0.000336481 0.401398 0.674584 -0.619138 -0.402
0.206141 0.375649 -0.0460677 -0.674584 0.619138 0.402
-0.276102 -0.442103 0.0310174 0.674584 -0.619138 -0.402
0.0556009 -0.200318 0.215255 0.674584 -0.619138 -0.402
-0.128069 -0.107645 0.137447 -0.674588 0.61913 0.402006
-0.0727287 -0.0150963 -0.111019 0.0682825 0.594569 -0.80114
0.244599 0.399422 -0.0803367 0.674585 -0.619138 -0.402
0.108519 0.0253187 0.0727326 0.735033 0.512987 0.443363
0.144043 0.273484 -0.0551128 0.674586 -0.619139 -0.401996
-0.0365606 0.0788931 -0.0584801 0.674584 -0.619138 -0.402
-0.135275 0.0582942 -0.459754 -0.0682825 -0.594569 0.80114
0.0976931 -0.026615 0.329305 0.674584 -0.619138 -0.402
-0.21719 0.0120831 -0.569637 0.674584 -0.619138 -0.401999
0.0613833 0.00720798 0.0391636 0.0939098 -0.803279 -0.588153
-0.00503088 0.0303574 -0.0715156 0.0682825 0.594569 -0.80114
2.05527e-05 -0.140483 0.28269 -0.0682826 -0.594569 0.80114
-0.21713 -0.117931 0.00383854 -0.674585 0.619141 0.401993
-0.0972196 -0.0975778 0.17371 -0.674584 0.619138 0.402
-0.138466 -0.40874 0.24655 -0.0682821 -0.594569 0.80114
0.226441 0.365965 0.0029122 -0.674584 0.619138 0.402
-0.0548597 0.289322 -0.351089 -0.674584 0.619138 0.402
-0.366072 -0.219334 -0.176207 0.634916 -0.291678 -0.715406
-0.405274 -0.161651 -0.268821 -0.735033 -0.512987 -0.443363
-0.080931 0.100209 -0.103578 -0.674584 0.619138 0.402
-0.430921 -0.452016 0.159622 -0.674584 0.619138 0.402
-0.0844027 0.0772775 -0.0740852 -0.674584 0.619138 0.402
-0.055833 0.118746 -0.0900103 -0.674584 0.619138 0.402
-0.143751 -0.106318 0.046899 0.674584 -0.619138 -0.402
0.0417883 0.285775 -0.183444 -0.674584 0.619138 0.402
-0.191978 -0.170631 0.12721 -0.674584 0.619138 0.402
0.31219 0.300948 0.246941 -0.674585 0.619138 0.401999
-0.206994 -0.28372 0.276187 -0.674584 0.619138 0.402
-0.295586 -0.488481 0.173978 -0.0682826 -0.594569 0.80114
0.0379012 -0.113101 0.187786 0.926699 -0.335247 -0.169821
-0.00986715 -0.172635 0.257986 -0.0682826 -0.594569 0.80114
0.00398805 -0.166574 0.138063 -0.0682825 -0.594569 0.80114
0.286519 0.00864783 0.360795 -0.735033 -0.512987 -0.443363
0.373247 0.149646 0.209292 0.674593 -0.619132 -0.401995
0.286669 0.487703 -0.0835162 -0.674581 0.619132 0.402014
-0.122837 0.0376897 -0.139799 0.674584 -0.619138 -0.402
-0.179471 0.097524 -0.2648 -0.674584 0.619138 0.402
-0.355502 -0.193586 -0.111839 -0.674584 0.619138 0.402
0.0454721 -0.283504 0.326375 0.674584 -0.619138 -0.402
-0.33321 -0.458964 -0.038846 0.674584 -0.619138 -0.402
0.0639589 -0.204672 0.240502 -0.0682825 -0.594569 0.80114
-0.24959 0.030883 -0.560053 0.0682824 0.594569 -0.80114
-0.301795 0.106756 -0.484287 -0.674575 0.619128 0.402031
0.239753 0.354469 -0.0192328 0.674584 -0.619138 -0.402
0.147505 0.281478 -0.0616156 0.674583 -0.619138 -0.402003
-0.316064 -0.270983 0.073541 -0.674584 0.619138 0.402
0.0468815 -0.116295 0.205511 0.143315 -0.800531 -0.581902
-0.314235 -0.504766 0.0635364 0.674584 -0.619138 -0.402
0.175087 0.325815 -0.0836155 0.674583 -0.619138 -0.402002
-0.346105 -0.38765 0.202816 -0.674584 0.619138 0.402
0.143076 0.0573499 -0.0348019 0.674584 -0.619138 -0.402
-0.0483097 -0.0921593 0.125641 0.0682825 0.594569 -0.80114
0.202766 -0.00750771 0.538386 -0.674584 0.619138 0.401999
0.406885 0.172393 0.230705 0.674584 -0.619138 -0.402
-0.323944 -0.333885 0.0885198 0.981859 -0.182429 -0.051705
0.0545976 0.12711 0.0824176 -0.674584 0.619138 0.402
-0.0829894 0.0965403 -0.426913 -0.068278 -0.594572 0.801138
0.354409 0.109498 0.413491 0.735033 0.512987 0.443363
-0.039681 0.232713 -0.238432 -0.674584 0.619138 0.402
-0.0774336 0.0977663 -0.467081 0.674584 -0.619138 -0.402
-0.261944 -0.338441 -0.10488 0.674584 -0.619138 -0.402
0.371755 0.449938 -0.00916688 0.735033 0.512987 0.443363
0.00750212 0.109691 -0.251084 -0.983439 -0.0950145 -0.154336
0.0934951 -0.00168006 0.0351008 0.674584 -0.619138 -0.402
0.014567 -0.0933591 0.0255714 -0.0682826 -0.594569 0.80114
-0.177217 -0.160348 0.0678691 0.974769 -0.210813 -0.0733743
-0.203918 -0.161809 -0.0618859 0.674584 -0.619138 -0.402
-0.341584 -0.319984 0.106186 -0.674584 0.619138 0.402
-0.133981 0.0404791 -0.100606 -0.674584 0.619138 0.402
-0.359701 -0.251974 -0.178766 0.115169 0.549935 -0.827229
0.125414 0.104262 0.174253 0.674584 -0.619138 -0.402
-0.26383 -0.397172 0.173539 0.157743 0.652891 -0.740844
-0.338954 -0.335121 -0.17806 -0.735033 -0.512987 -0.443363
0.101719 0.38072 -0.270477 0.0682823 0.594569 -0.80114
0.0825013 0.168399 0.0656507 -0.674584 0.619138 0.402
0.121962 0.0786539 0.27009 -0.674584 0.619138 0.402
-0.0304431 -0.192584 0.121144 0.674584 -0.619138 -0.402
-0.243412 -0.365114 0.19977 0.0682825 0.594569 -0.80114
-0.256225 -0.134916 -0.109351 0.663317 -0.408556 -0.626971
0.0271808 -0.247065 0.310443 0.0682826 0.594569 -0.80114
-0.205125 0.0725978 -0.331647 0.674587 -0.619135 -0.402
0.396388 0.456212 -0.0572653 0.735033 0.512987 0.443363
-0.207329 -0.0487579 -0.445671 0.735033 0.512987 0.443363
-0.283766 -0.0901377 -0.212976 0.674584 -0.619138 -0.402
0.0419862 0.235082 -0.313442 -0.0682825 -0.594569 0.80114
-0.137355 0.124905 -0.298485 0.674584 -0.619138 -0.402
-0.204549 0.0970574 -0.368352 0.674584 -0.619138 -0.402
0.0286946 -0.0202403 0.184411 0.313483 0.322696 -0.893082
0.296294 0.224222 0.338436 -0.674585 0.619138 0.402
0.177322 0.361662 -0.278177 0.0682826 0.594569 -0.80114
0.159869 0.172365 -0.183762 0.674584 -0.619138 -0.402
-0.132614 -0.0186557 -0.069426 0.674584 -0.619138 -0.402
-0.307575 0.112923 -0.503484 -0.674584 0.619138 0.402
-0.0985348 0.125215 -0.263488 -0.713215 -0.532412 -0.455919
0.0561081 -0.141058 0.230767 -0.783385 -0.465289 -0.412085
0.0695474 0.00307997 -0.0746054 0.674584 -0.619138 -0.402
-0.278058 -0.487552 0.097733 0.674757 -0.619106 -0.40176
-0.329635 -0.375053 0.211052 -0.674584 0.619138 0.402
0.388734 0.514447 -0.111956 0.735033 0.512987 0.443363
-0.250932 -0.324392 -0.108039 0.674584 -0.619138 -0.402
0.291643 0.261515 0.273193 -0.674584 0.619138 0.402
-0.334936 -0.259007 -0.272181 -0.732138 -0.630773 -0.257098
0.153326 0.360601 -0.173708 0.674584 -0.619138 -0.402
0.184041 0.268766 0.0814618 -0.674584 0.619138 0.402
-0.299981 -0.169074 -0.118613 0.674584 -0.619138 -0.402
0.0025437 0.0862424 -0.315125 0.674584 -0.619138 -0.402
-0.263341 -0.0765482 -0.510577 0.674592 -0.619134 -0.401994
0.0963309 0.198041 0.0432056 -0.674584 0.619138 0.402
0.441995 0.458221 -0.150595 0.674584 -0.619138 -0.402
-0.220813 -0.143933 -0.0858397 0.302322 0.337338 -0.891518
0.0427919 0.192767 -0.411649 0.674584 -0.619138 -0.401999
0.355855 0.298086 -0.0485133 0.674584 -0.619138 -0.402
-0.108546 -0.200921 0.251678 0.674584 -0.619138 -0.402
-0.0882973 0.0386335 -0.180252 -0.735033 -0.512987 -0.443363
-0.109327 -0.352242 0.290964 -0.0682826 -0.594569 0.80114
0.298708 0.0119383 0.595746 0.0583013 -0.498184 0.865109
-0.219909 -0.0158683 -0.531151 0.674584 -0.61914 -0.401998
0.29728 0.000181525 0.352749 -0.735033 -0.512987 -0.443363
-0.028552 -0.179759 0.41551 -0.674584 0.619139 0.401999
0.191517 0.380526 -0.140309 0.674584 -0.619138 -0.402
0.265974 0.242129 0.259977 -0.674584 0.619138 0.402
0.0112162 0.243571 -0.309764 -0.0682825 -0.594569 0.80114
0.218662 0.111924 0.318928 0.674584 -0.619138 -0.402
-0.164147 0.0772895 -0.448117 -0.0682825 -0.594569 0.80114
-0.000633707 -0.0573659 -0.0992788 0.674584 -0.619138 -0.402
-0.0425515 0.0579068 -0.278392 -0.735033 -0.512987 -0.443363
-0.19189 0.079688 -0.258169 -0.674584 0.619138 0.402
0.144342 -0.0847217 0.511126 -0.0682825 -0.594569 0.80114
-0.132159 -0.0265211 0.00564109 -0.674584 0.619138 0.402
-0.408027 -0.482704 0.107213 -0.735033 -0.512987 -0.443363
0.0634522 0.175107 -0.251584 0.0682828 0.594569 -0.80114
-0.119076 -0.272914 0.349006 -0.0682826 -0.594569 0.80114
-0.264198 0.000808745 -0.32021 0.674584 -0.619138 -0.402
0.0825923 0.224353 -0.114575 0.735033 0.512987 0.443363
-0.208244 -0.418037 0.163491 0.0682825 0.594569 -0.80114
-0.259404 -0.335967 -0.104427 0.674584 -0.619138 -0.402
0.0836255 -0.205582 0.346041 0.0682948 0.594554 -0.80115
0.27037 -0.0285581 0.563549 -0.0682824 -0.594569 0.80114
0.141919 0.413833 -0.212646 -0.674584 0.619138 0.402
-0.347574 -0.44889 0.105398 -0.0131499 -0.554561 0.832039
-0.16706 -0.234573 0.267506 -0.674584 0.619138 0.402
-0.0482241 0.00778602 0.0936522 -0.674584 0.619138 0.402
-0.253435 -0.0578963 -0.149546 -0.674586 0.619138 0.401997
-0.0427732 0.076774 -0.144823 -0.0682826 -0.594569 0.80114
-0.301791 -0.421924 -0.0431705 0.674586 -0.619137 -0.401999
0.17844 0.264898 0.0780218 -0.674584 0.619138 0.402
-0.28408 -0.0257846 -0.312617 0.674584 -0.619138 -0.402
-0.235276 0.110086 -0.37779 -0.674584 0.619138 0.402
-0.247573 -0.374647 0.192341 0.0682825 0.594569 -0.80114
-0.272049 -0.20567 -0.326323 0.674584 -0.619138 -0.402
-0.287825 -0.215564 -0.145465 0.122177 0.6307 -0.766349
-0.0419126 0.235249 -0.310029 0.619117 -0.774396 -0.130404
0.27122 0.263814 0.235381 -0.674584 0.619138 0.402
-0.342678 -0.324579 0.111429 -0.674584 0.619138 0.402
-0.348855 -0.183522 -0.116186 -0.674584 0.619138 0.402
-0.409568 -0.330413 -0.0664388 -0.735033 -0.512987 -0.443363
-0.158302 -0.257592 0.255465 0.674584 -0.619138 -0.402
0.126193 0.0993652 -0.113655 -0.0682864 -0.594564 0.801143
0.411164 0.450269 -0.190084 0.674584 -0.619138 -0.401999
0.00286616 -0.119412 0.302398 0.383995 -0.85386 0.351385
-0.138311 -0.333306 0.232335 0.0682825 0.594569 -0.80114
0.393019 0.379848 0.036676 0.735033 0.512987 0.443363
-0.175747 -0.151783 0.0602692 0.916021 -0.355519 -0.185775
0.284687 0.0490507 0.588747 -0.674584 0.619139 0.402
0.231492 0.0240101 0.533834 0.73399 0.620621 0.275842
-0.277206 -0.275277 -0.0677335 0.735033 0.512987 0.443363
0.049901 0.0493662 -0.178861 0.674584 -0.619138 -0.402
0.0628933 -0.168617 0.203978 0.0682824 0.594569 -0.80114
0.00525208 0.272206 -0.359233 0.0682823 0.594569 -0.80114
-0.292225 -0.0728803 -0.254366 0.803027 -0.509265 -0.30951
-0.277509 -0.157959 -0.202974 0.735033 0.512987 0.443363
0.34386 0.24356 0.275865 0.735033 0.512987 0.443363
-0.0451304 -0.201411 0.146053 0.437781 0.703718 0.55958
0.421364 0.390253 -0.0805362 0.674584 -0.619138 -0.402
0.0365322 -0.0705314 0.148924 0.0682827 0.594569 -0.80114
-0.148729 -0.11693 0.0548894 0.674584 -0.619138 -0.402
0.0219718 -0.0426507 -0.0218197 0.674584 -0.619138 -0.402
0.253318 0.155339 0.24611 -0.735033 -0.512987 -0.443363
-0.24038 0.0253498 -0.255849 -0.674584 0.619138 0.402
-0.279449 -0.242837 0.0916368 -0.674584 0.619138 0.402
0.18559 -0.161766 0.457462 -0.0682824 -0.594569 0.80114
-0.264931 -0.319175 0.23357 -0.674584 0.619138 0.402
0.40754 0.146686 0.28238 0.735033 0.512987 0.443363
-0.284117 -0.153195 -0.19753 0.735035 0.512985 0.443362
0.389317 0.0013939 0.464587 0.674584 -0.619138 -0.402
-0.423178 -0.443059 0.15882 -0.674589 0.619146 0.40198
0.0751888 -0.193765 0.238031 0.674584 -0.619138 -0.402
0.328867 0.360337 -0.11633 -0.735033 -0.512987 -0.443363
-0.0102367 -0.00205564 0.0927665 0.242437 -0.809517 0.534703
0.10741 0.0534169 0.284539 -0.674584 0.619138 0.402
0.191777 -0.133125 0.409033 0.0682826 0.594569 -0.80114
0.217992 0.104445 0.391513 -0.674584 0.619138 0.402
0.344816 -0.0735863 0.536476 -0.0682824 -0.594569 0.80114
-0.17448 -0.206314 0.149342 0.674584 -0.619138 -0.402
0.0489269 -0.0501206 0.259534 0.864976 0.364876 0.344502
-0.275565 -0.0708533 -0.166726 -0.674584 0.619138 0.402
-0.146752 0.137124 -0.47244 0.0682824 0.594569 -0.80114
0.0110044 0.314691 -0.327213 0.0682823 0.594569 -0.80114
-0.0758536 -0.116532 0.238756 -0.674584 0.619138 0.402
-0.248333 -0.023237 -0.553135 0.0236267 -0.526182 0.850044
-0.209889 -0.116373 0.0135901 -0.674584 0.619136 0.402004
0.0624798 -0.0978803 0.147284 -0.806863 0.505205 0.30617
0.286881 0.509905 -0.117352 -0.674584 0.619138 0.402
0.134965 0.130893 -0.0932646 0.735033 0.512987 0.443363
-0.424095 -0.26845 -0.114048 -0.735032 -0.512987 -0.443364
0.0417452 0.112098 -0.226975 0.674584 -0.619138 -0.402
0.396068 0.356513 0.0586208 0.735033 0.512987 0.443363
-0.378145 -0.212486 -0.254979 -0.735033 -0.512987 -0.443363
-0.279107 -0.0952897 -0.197224 0.674584 -0.619138 -0.402
0.3078 0.125078 0.472736 0.735033 0.512987 0.443363
0.30388 0.122039 0.48275 0.735033 0.512987 0.443363
-0.0478975 -0.158448 0.105554 0.99527 0.0150282 0.0959818
0.4227 0.299102 0.0620935 0.674584 -0.619138 -0.402
0.0464739 0.0967862 0.115489 -0.674584 0.619138 0.402
-0.136228 -0.0201688 -0.0109702 -0.674584 0.619138 0.402
0.0451843 0.070249 -0.20536 0.0682825 0.594569 -0.80114
-0.259349 -0.139657 -0.254257 0.735033 0.512987 0.443363
-0.140272 -0.22221 0.231229 0.674584 -0.619138 -0.402
0.15185 0.0897279 0.303188 -0.674584 0.619138 0.402
-0.337017 0.00587525 -0.38802 -0.674584 0.619138 0.402
-0.193817 0.0258894 -0.479656 0.269482 -0.300445 0.914939
-0.200704 0.0249779 -0.188698 -0.674584 0.619138 0.402
0.116387 -0.168089 0.267619 0.674584 -0.619138 -0.402
-0.0103037 0.0240894 -0.0766168 0.0682825 0.594569 -0.80114
-0.0121532 -0.0239261 0.203023 -0.674584 0.619138 0.402
0.368443 0.270497 0.203944 0.735033 0.512987 0.443363
0.415248 0.415175 -0.0410502 0.735033 0.512987 0.443363
-0.341343 0.0304257 -0.43309 -0.674584 0.619138 0.402
0.270931 0.318343 0.0283097 -0.735033 -0.512987 -0.443363
-0.123822 -0.0317395 0.0276694 -0.674584 0.619138 0.402
0.350647 0.518828 -0.146763 0.0682826 0.594569 -0.80114
0.188618 0.0562684 0.41642 -0.674584 0.619138 0.402
0.0835367 0.105519 -0.175915 0.0682825 0.594569 -0.80114
-0.0570371 -0.03204 0.140201 -0.674584 0.619138 0.402
0.160859 0.289939 0.00995187 -0.674584 0.619138 0.402
-0.044269 -0.295328 0.268535 0.0682814 0.59457 -0.801139
-0.225996 -0.184057 0.00573137 0.364557 0.752941 -0.547885
0.293305 0.131528 0.207368 -0.735033 -0.512987 -0.443363
-0.32009 -0.208253 -0.220844 -0.0682826 -0.594569 0.80114
-0.322171 -0.515987 0.067503 0.674584 -0.619138 -0.402
-0.125577 -0.236466 0.277843 0.674584 -0.619138 -0.402
-0.309931 0.0393762 -0.558892 0.0682824 0.594569 -0.80114
-0.0680848 0.134098 -0.134214 -0.674584 0.619138 0.402
-0.268958 -0.138292 -0.424908 0.674584 -0.619138 -0.402
0.0789019 0.127915 -0.188983 0.674584 -0.619138 -0.402
0.165629 0.0977735 0.31392 -0.674584 0.619138 0.402
-0.0900242 -0.146635 0.0816568 0.0682825 0.594569 -0.80114
0.33177 0.197604 0.0671464 -0.735033 -0.512987 -0.443363
-0.21726 0.0593741 -0.536152 0.0682824 0.594569 -0.80114
0.052089 0.0142957 0.0111116 0.989231 -0.144549 -0.0229634
0.102687 0.0576305 -0.0420937 0.0682832 0.594566 -0.801142
-0.0277059 -0.029483 -0.117859 0.0682804 0.594569 -0.80114
-0.183222 -0.259826 0.279277 -0.674584 0.619138 0.402
-0.141761 -0.0316322 -0.0647896 0.674584 -0.619138 -0.402
0.0679741 -0.142487 0.209139 0.674584 -0.619138 -0.402
-0.327181 -0.223839 -0.326334 -0.735033 -0.512987 -0.443363
0.354921 0.509303 -0.0499467 0.735033 0.512987 0.443363
-0.222303 -0.00956047 -0.247279 0.441632 0.133903 -0.887148
0.0474309 0.226296 -0.38971 0.0682826 0.594569 -0.80114
0.163794 0.00196796 0.396205 0.674584 -0.619138 -0.402
-0.204803 -0.442063 0.1506 0.674584 -0.619138 -0.402
-0.155788 -0.367956 0.275341 -0.0682826 -0.594569 0.80114
0.435089 0.40193 -0.0586199 0.735033 0.512987 0.443363
-0.327715 -0.424844 0.218468 -0.0682827 -0.594569 0.80114
-0.163953 -0.0841191 -0.021191 0.674585 -0.619138 -0.402
-0.321203 -0.270264 -0.269369 -0.450905 -0.776766 0.439681
-0.327047 -0.0946288 -0.476057 -0.735033 -0.512987 -0.443363
-0.174976 -0.156463 0.0711871 0.790292 -0.522346 -0.320303
-0.347669 -0.217887 -0.299255 -0.735033 -0.512987 -0.443363
-0.357402 -0.45447 -0.00938442 -0.735033 -0.512987 -0.443363
0.233272 0.0353153 0.523624 -0.674584 0.619139 0.401999
-0.281083 -0.0600556 -0.310326 0.735035 0.512985 0.443362
-0.0533507 0.0180793 -0.214406 -0.735033 -0.512987 -0.443363
-0.191507 0.0675053 -0.45771 -0.0682825 -0.594569 0.80114
-0.265407 -0.406709 0.163407 0.295402 0.725474 -0.621631
-0.293379 -0.166884 -0.0487182 -0.674584 0.619138 0.402
-0.0765581 0.232841 -0.395421 0.0682823 0.594569 -0.80114
0.199438 0.288021 0.0154556 0.674584 -0.619138 -0.402
0.0859353 0.12712 0.13499 -0.674584 0.619138 0.402
0.240037 0.103752 0.327816 -0.735033 -0.512987 -0.443363
0.105699 0.30078 -0.0993085 -0.674584 0.619138 0.402
-0.154057 -0.00124426 -0.225508 0.674584 -0.619138 -0.402
-0.104265 0.147764 -0.287822 -0.0770222 -0.797476 -0.598414
0.0326042 0.0535077 0.15887 -0.674584 0.619138 0.402
-0.339335 -0.0591784 -0.291717 -0.674584 0.619138 0.402
0.113822 -0.247324 0.387848 -0.0682821 -0.594569 0.80114
-0.197302 -0.0348897 -0.246258 0.674584 -0.619138 -0.402
0.327897 0.151368 0.130539 0.674584 -0.619138 -0.402
0.00339616 0.0726571 -0.230582 0.674584 -0.619138 -0.402
0.0263475 -0.169965 0.137452 -0.0682825 -0.594569 0.80114
