ply
format ascii 1.0
comment Created by Open3D
element vertex 2096
property double x
property double y
property double z
property double nx
property double ny
property double nz
end_header
-0.302467 -0.101048 -0.312944 0.29197 0.399668 -0.868919
0.0280753 -0.322497 0.376434 0.651568 -0.748187 -0.125199
0.357309 0.0707021 0.336718 0.29197 0.399668 -0.868918
-0.147087 0.158787 -0.0174762 -0.651568 0.748187 0.125199
0.00944496 -0.145158 -0.636676 0.274697 0.386548 -0.88041
0.0414084 0.17128 0.460455 0.190018 0.00119207 0.98178
-0.111051 -0.185999 -0.451046 -0.29197 -0.399668 0.868918
0.0570843 0.0809391 0.59362 0.455707 0.517992 -0.723889
0.378253 0.249096 0.215603 0.700152 0.529605 0.478859
-0.0970018 -0.416926 0.289809 0.651568 -0.748187 -0.125199
0.590695 0.263687 -0.111442 0.707106 0.539254 0.457392
-0.11729 -0.419151 0.197517 0.651568 -0.748187 -0.125199
-0.0921059 -0.00260753 -0.530273 -0.746552 -0.661721 0.0691769
-0.178715 0.202425 -0.442852 -0.651568 0.748187 0.125199
0.303542 0.328289 -0.320206 0.29197 0.399668 -0.868918
0.520311 0.33663 -0.223567 0.599143 0.608788 -0.520005
-0.21441 0.110992 -0.594057 0.274702 0.386552 -0.880407
-0.178706 -0.125543 -0.612338 -0.49412 -0.293361 -0.818404
-0.115288 -0.397399 0.0779472 0.651568 -0.748187 -0.125199
0.260574 0.395408 0.146356 -0.700152 -0.529605 -0.478859
0.256198 0.279965 0.359922 0.700152 0.529605 0.478859
0.379011 0.184452 0.206498 -0.700152 -0.529605 -0.478859
-0.0511057 -0.0593042 -0.564651 -0.655496 -0.638367 0.403501
-0.270996 -0.0627571 -0.448104 -0.29197 -0.399668 0.868919
0.387985 0.318194 0.124951 0.700152 0.529605 0.478859
0.170588 0.16451 0.601038 0.57323 0.377509 0.727251
-0.341322 -0.399913 0.274567 -0.29197 -0.399668 0.868918
0.434432 0.128253 0.18762 -0.700152 -0.529605 -0.478859
-0.0240158 -0.0820784 -0.550133 -0.729441 -0.663251 0.167372
0.246499 0.36187 0.204028 -0.700152 -0.529605 -0.478859
0.382665 0.118239 0.274386 -0.700152 -0.529605 -0.478859
0.18115 0.310956 -0.0900659 0.700152 0.529605 0.478859
0.332627 0.420976 0.0922175 0.700152 0.529605 0.478859
0.32349 0.56139 -0.187208 0.599146 0.608789 -0.520001
-0.197948 -0.45317 0.146668 -0.747567 -0.605262 -0.2735
-0.49917 -0.228087 -0.0620421 -0.700152 -0.529605 -0.478859
0.483402 0.178436 0.0605182 -0.700152 -0.529605 -0.478859
-0.155884 -0.177264 -0.513438 0.705076 0.658189 -0.263922
-0.0380023 0.297676 -0.449051 0.29197 0.399668 -0.868919
0.366175 0.171846 0.239209 -0.700152 -0.529605 -0.478859
-0.173601 -0.141518 -0.574191 0.676373 0.498255 0.542459
0.431441 0.403228 -0.0326309 0.700152 0.529606 0.478859
0.151223 -0.119333 -0.196773 0.651568 -0.748187 -0.125199
0.40644 0.00123783 0.410911 0.651568 -0.748187 -0.1252
-0.250035 -0.453688 -0.176799 -0.700152 -0.529606 -0.478859
0.153116 -0.133922 -0.0997389 0.651568 -0.748187 -0.125199
0.430393 0.418032 -0.0474711 0.700152 0.529606 0.478859
0.123465 0.17597 0.143567 0.700152 0.529606 0.478859
0.101245 -0.130901 -0.387744 0.651568 -0.748187 -0.125199
-0.380256 -0.0389367 -0.0493541 -0.651568 0.748187 0.125199
-0.213113 0.0199526 0.468575 -0.651568 0.748187 0.125199
0.289057 0.206583 0.393037 0.700152 0.529605 0.478859
-0.412602 -0.361702 0.232756 0.110169 0.256621 -0.960213
-0.394697 -0.10569 0.274406 -0.651568 0.748187 0.125199
-0.204209 -0.0133288 -0.299696 -0.700152 -0.529605 -0.478859
-0.21247 -0.222038 -0.338354 0.29197 0.399668 -0.868919
-0.295961 -0.523597 0.232862 -0.309061 -0.412542 0.856907
-0.412054 -0.239565 -0.176721 -0.700152 -0.529605 -0.478859
-0.0474268 -0.143798 -0.64493 0.0204279 0.182288 -0.983033
0.173398 0.0154766 0.623224 0.0540017 -0.118876 0.991439
0.12405 -0.187927 0.0717287 0.651568 -0.748187 -0.125199
-0.336904 -0.0911135 -0.319945 0.29197 0.399668 -0.868919
-0.383076 -0.101883 0.312135 -0.651568 0.748187 0.125199
-0.264376 -0.221257 -0.412894 -0.700152 -0.529605 -0.478859
0.199181 0.489002 -0.188762 -0.651563 0.748192 0.1252
0.298618 -0.0449322 0.429422 -0.326506 -0.425569 0.84397
-0.181424 0.110804 0.0905725 -0.651568 0.748187 0.125199
0.287128 -0.00999337 -0.142903 0.651568 -0.748187 -0.125199
-0.421536 -0.43174 0.109156 0.707212 0.539403 0.457051
0.266241 0.372958 0.24239 0.700152 0.529605 0.478859
0.447084 0.380075 -0.029897 0.700152 0.529606 0.478859
0.176941 0.141376 0.308619 0.29197 0.399668 -0.868919
0.241371 0.00595304 -0.476326 0.651568 -0.748187 -0.125199
-0.000479489 0.21486 0.410414 -0.651569 0.748187 0.125199
-0.397334 -0.501669 0.102924 -0.752662 -0.617018 -0.229759
-0.25835 -0.0442743 -0.593264 -0.521769 -0.322211 -0.789897
-0.426438 -0.28686 0.297967 -0.29197 -0.399668 0.868918
0.350999 0.273462 0.149013 -0.700152 -0.529605 -0.478859
-0.283961 -0.0429793 -0.443363 -0.29197 -0.399668 0.868919
-0.0224279 0.197226 -0.490021 0.29197 0.399668 -0.868919
-0.193157 -0.272218 0.383087 -0.29197 -0.399668 0.868919
0.314074 0.254952 0.223473 -0.700152 -0.529605 -0.478859
-0.24375 0.0633531 0.0497765 -0.651568 0.748187 0.125199
-0.227184 -0.203384 0.403315 -0.29197 -0.399668 0.868919
-0.253638 -0.154406 -0.421693 0.700152 0.529606 0.478859
-0.383755 0.0192211 -0.423471 0.700152 0.529606 0.478859
0.297569 0.0593054 0.018033 0.700152 0.529605 0.478859
-0.539371 -0.341963 0.143962 -0.758404 -0.646132 -0.0856551
0.357465 0.139908 0.287267 -0.700152 -0.529605 -0.478859
0.154539 -0.136267 -0.0783196 0.651568 -0.748187 -0.125199
0.460189 0.39105 -0.121694 -0.731021 -0.57519 -0.367103
0.38825 0.40306 -0.257351 0.29197 0.399668 -0.868919
0.117339 -0.0246565 0.533891 0.729441 0.663251 -0.167372
-0.210591 -0.0662324 -0.429405 -0.29197 -0.399668 0.868919
-0.234813 -0.160828 -0.317707 0.29197 0.399668 -0.868919
0.161523 0.348877 0.342644 -0.700152 -0.529605 -0.478859
-0.28146 -0.134644 0.416695 -0.29197 -0.399668 0.868919
-0.0495092 -0.347395 0.396777 -0.29197 -0.399668 0.868919
0.36207 0.172169 -0.135495 -0.29197 -0.399668 0.868919
0.081791 -0.201755 -0.0655663 0.651568 -0.748187 -0.125199
0.0939162 -0.199596 -0.0153666 0.651568 -0.748187 -0.125199
0.472459 0.315203 -0.086328 -0.398051 -0.19671 -0.896025
0.387243 0.231208 0.222241 0.700152 0.529605 0.478859
0.281115 0.472433 -0.0245881 -0.29197 -0.399668 0.868919
0.124565 0.208966 0.322109 0.29197 0.399668 -0.868918
-0.215447 0.0813348 -0.434561 -0.489847 -0.28895 -0.822531
-0.352078 0.0111517 -0.202034 -0.651568 0.748187 0.125199
0.354427 0.278832 0.217551 0.700152 0.529605 0.478859
0.0620341 0.269073 0.130417 0.700152 0.529605 0.478859
-0.465584 -0.386774 0.12584 0.740214 0.59096 0.320702
-0.255076 0.0810996 -0.115223 -0.651568 0.748187 0.125199
0.483935 0.217123 0.0169529 -0.700152 -0.529605 -0.478859
0.197377 0.0891154 0.613153 0.435321 0.233617 0.869436
-0.0425309 0.175652 0.425877 -0.651568 0.748187 0.125199
0.296974 0.449731 -0.217303 0.153172 -0.031884 0.987685
-0.517699 -0.271219 0.27439 -0.309064 -0.412544 0.856905
-0.057729 -0.307421 -0.160207 0.651568 -0.748187 -0.125199
-0.00860495 -0.356657 0.389681 0.651568 -0.748187 -0.125199
0.0594724 -0.134667 -0.582633 0.651569 -0.748187 -0.125199
-0.166952 -0.417639 -0.0699704 0.651568 -0.748187 -0.125199
0.284654 0.213221 0.312643 -0.700152 -0.529605 -0.478859
-0.223785 -0.155552 -0.464074 0.700152 0.529606 0.478859
0.155398 0.294459 0.491275 0.700152 0.529606 0.478859
-0.056772 0.173783 0.362929 -0.651568 0.748187 0.125199
-0.160259 0.0667257 -0.479298 -0.731023 -0.575192 -0.367097
-0.485761 -0.168113 -0.147978 -0.700152 -0.529605 -0.478859
0.268317 0.287601 0.333757 0.700152 0.529605 0.478859
0.122905 0.162966 0.158767 0.700152 0.529606 0.478859
-0.361217 -0.387907 -0.08699 -0.700152 -0.529606 -0.478859
0.364356 0.332499 -0.0609815 -0.29197 -0.399668 0.868919
0.024326 0.358551 -0.319185 -0.651568 0.748187 0.125199
0.0095217 0.0144517 -0.563354 0.29197 0.399668 -0.868919
0.557084 0.23539 -0.0307127 0.700152 0.529605 0.478859
0.253897 0.185628 -0.402506 0.29197 0.399668 -0.868919
-0.562562 -0.265395 0.0719074 -0.700152 -0.529605 -0.478859
-0.17238 0.167488 -0.201106 -0.651568 0.748187 0.125199
0.0342705 0.364781 -0.304658 -0.651568 0.748187 0.125199
-0.161198 0.0733207 -0.489641 -0.75306 -0.618058 -0.22562
0.311543 0.46956 -0.0101781 -0.700152 -0.529605 -0.478859
0.113468 0.361979 -0.368577 0.29197 0.399668 -0.868918
0.22249 0.00746847 0.615876 0.236241 0.0432946 0.97073
0.220439 0.138872 -0.435254 0.29197 0.399668 -0.868919
-0.455698 -0.261102 0.2479 -0.190017 -0.00119023 -0.98178
0.324085 0.00409822 0.561513 0.639929 0.453481 0.62036
0.0520724 0.160474 0.26509 0.700152 0.529606 0.478859
-0.33069 -0.435598 0.0551661 0.153171 -0.0318855 0.987685
0.372356 0.385819 0.0730118 0.700152 0.529605 0.478859
-0.341068 -0.0548758 -0.403936 0.700152 0.529606 0.478859
0.455295 0.211217 0.14485 0.700152 0.529605 0.478859
0.150386 0.460394 -0.310905 0.29197 0.399668 -0.868918
0.120186 0.0876465 0.246045 0.700152 0.529606 0.478859
-0.264984 0.0538245 -0.586287 0.190023 0.00119581 0.981779
0.250246 -0.0532049 -0.0766149 0.651568 -0.748187 -0.125199
0.161662 0.157583 0.574116 -0.692655 -0.519478 -0.500371
-0.0332902 0.178866 0.454759 -0.651568 0.748187 0.125199
-0.418302 -0.123459 -0.295997 -0.700152 -0.529605 -0.478859
0.0645524 0.25352 0.493198 -0.513828 -0.556701 0.652736
-0.0548278 -0.322488 0.406446 -0.29197 -0.399668 0.868919
0.239218 0.269588 -0.129219 0.700152 0.529606 0.478858
-0.200099 -0.130569 -0.526247 0.752335 0.658485 -0.0197463
0.0558198 0.332059 0.00303298 -0.651568 0.748187 0.125199
-0.150565 0.12867 0.144399 -0.651568 0.748187 0.125199
-0.372046 -0.15171 0.378407 -0.29197 -0.399668 0.868919
0.583165 0.290501 -0.146458 0.758315 0.637957 0.134051
0.373065 0.366264 0.0936025 0.700152 0.529605 0.478859
-0.300838 0.0162819 0.0339694 -0.651568 0.748187 0.125199
0.389181 0.137618 -0.142277 -0.29197 -0.399668 0.868919
-0.429325 -0.25696 -0.132231 -0.700152 -0.529605 -0.478859
-0.399099 -0.103249 0.23691 -0.651568 0.748187 0.125199
0.456652 0.261615 0.0871271 0.700152 0.529605 0.478859
0.16546 0.139683 0.615227 0.465284 0.26381 0.844935
-0.0596284 -0.162503 -0.624576 0.0784405 -0.0977073 0.992119
0.518708 0.365318 -0.169073 0.740552 0.663129 -0.108825
-0.142826 0.223435 -0.381635 -0.651568 0.748187 0.125199
-0.289845 -0.168659 -0.433828 -0.700152 -0.529605 -0.478859
-0.333606 -0.192833 -0.343107 -0.700152 -0.529605 -0.478859
0.406037 0.067554 0.29627 -0.700152 -0.529605 -0.478859
0.00957473 -0.303185 0.164745 0.651568 -0.748187 -0.125199
-0.161908 0.0388501 -0.608913 0.204059 0.331826 -0.921006
-0.215809 -0.434585 0.154282 -0.740214 -0.59096 -0.3207
0.401365 0.072331 0.297817 -0.700152 -0.529605 -0.478859
0.296919 -0.0105091 0.558934 -0.638815 -0.452158 -0.62247
0.109134 -0.174855 -0.0840163 0.651568 -0.748187 -0.125199
-0.530173 -0.177806 0.00031701 -0.651568 0.748187 0.125199
-0.377853 -0.262695 0.113362 -0.59126 -0.604281 0.534094
-0.170193 -0.396694 -0.212002 0.651568 -0.748187 -0.125199
0.215567 0.511037 -0.235169 -0.651567 0.748189 0.125198
0.345767 0.27324 0.236398 0.700152 0.529605 0.478859
-0.440532 -0.0475247 -0.311724 -0.651568 0.748187 0.125199
-0.505516 -0.327957 0.0576908 -0.700152 -0.529605 -0.478859
0.263596 0.479755 0.128142 0.700152 0.529605 0.478859
0.200357 -0.127896 0.110106 0.651568 -0.748187 -0.125199
0.193137 0.261238 -0.388144 0.29197 0.399668 -0.868919
0.267898 -0.0997231 0.293244 0.651569 -0.748187 -0.125199
-0.368205 -0.0805322 -0.325596 0.29197 0.399668 -0.868919
0.4888 0.309925 -0.233487 -0.326509 -0.425571 0.843968
-0.323945 -0.549646 0.0373935 -0.700152 -0.529606 -0.478859
0.0768218 0.298826 -0.409939 0.29197 0.399668 -0.868919
-0.146555 -0.398507 -0.0781518 0.651568 -0.748187 -0.125199
0.301 0.187666 0.317006 -0.700152 -0.529605 -0.478859
-0.464938 -0.168293 -0.178224 -0.700152 -0.529605 -0.478859
-0.0184398 -0.347302 0.407259 -0.29197 -0.399668 0.868918
0.38508 0.00204766 0.47885 0.700152 0.529605 0.478859
0.340863 -0.0499466 0.577194 0.521765 0.322206 0.789901
0.136728 0.27749 0.0118965 0.700152 0.529605 0.478859
-0.430369 -0.0403366 -0.370285 -0.700152 -0.529605 -0.478859
0.486067 0.293574 -0.274842 0.29197 0.399668 -0.868919
-0.225701 -0.196339 -0.496999 -0.700152 -0.529605 -0.478859
0.513461 0.336253 -0.231372 0.575589 0.595108 -0.560842
-0.177295 0.0915111 0.227355 -0.651568 0.748187 0.125199
0.149642 -0.107749 -0.274226 0.651568 -0.748187 -0.125199
-0.457542 -0.264273 -0.082886 -0.700152 -0.529605 -0.478859
-0.509534 -0.320887 0.11606 0.658414 0.4758 0.583185
0.0624178 0.087554 -0.511956 0.29197 0.399668 -0.868919
-0.444764 -0.270567 0.299303 -0.29197 -0.399668 0.868918
0.302723 0.224348 0.353407 0.700152 0.529605 0.478859
0.329093 0.0448599 -0.252305 0.651568 -0.748187 -0.125199
-0.41932 -0.207382 0.203555 -0.720011 -0.55799 -0.412591
0.3093 0.0405334 -0.329458 0.651568 -0.748187 -0.125199
0.14894 -0.0337422 0.568567 0.513826 0.556699 -0.65274
-0.370539 -0.087118 0.289142 -0.651568 0.748187 0.125199
0.354441 0.541794 -0.075645 0.730627 0.574547 0.36889
-0.188781 -0.188866 -0.315136 0.29197 0.399668 -0.868919
-0.383177 -0.480823 0.108998 0.731021 0.57519 0.367103
-0.131791 -0.388899 -0.0587347 0.651568 -0.748187 -0.125199
-0.253077 -0.0457583 -0.434264 -0.29197 -0.399668 0.868919
0.124797 -0.120594 -0.326771 0.651568 -0.748187 -0.125199
-0.412631 -0.0244775 -0.332922 0.700152 0.529606 0.478859
0.160542 0.175397 0.541993 -0.758276 -0.647117 -0.0791086
-0.235336 0.0300813 0.292395 -0.651568 0.748187 0.125199
0.525719 0.236332 -0.0936166 -0.297345 -0.100058 -0.949513
0.144826 0.375566 -0.108414 0.700152 0.529605 0.478859
-0.154497 -0.188666 -0.600837 -0.59692 -0.403828 -0.69326
0.541767 0.260185 -0.270184 0.375484 0.461494 -0.803763
-0.292891 -0.397428 0.0687554 -0.326506 -0.425569 0.843969
-0.239095 0.00609363 0.416181 -0.651568 0.748187 0.125199
0.370464 0.00780925 0.493847 0.700152 0.529605 0.478859
-0.378248 -0.019142 -0.469933 -0.700152 -0.529606 -0.478858
-0.165633 -0.398453 0.334273 -0.29197 -0.399668 0.868919
-0.17811 -0.16401 -0.300118 0.29197 0.399668 -0.868919
0.044465 0.255792 0.399709 -0.651568 0.748187 0.125199
0.301609 0.0713103 0.524292 0.700152 0.529606 0.478859
0.371652 0.238061 0.157968 -0.700152 -0.529605 -0.478859
-0.358624 0.00273881 -0.441988 0.700152 0.529606 0.478859
0.257041 0.0197715 0.279601 0.29197 0.399668 -0.868919
0.219446 0.424539 -0.133441 0.756245 0.653614 0.0297128
0.0868957 0.373203 -0.0811164 -0.651568 0.748187 0.125199
0.295112 0.238553 0.348824 0.700152 0.529605 0.478859
0.00238089 0.257705 0.169263 -0.651568 0.748187 0.125199
0.0208824 0.346102 -0.406991 0.29197 0.399668 -0.868918
0.221949 0.441742 -0.0833768 0.591261 0.604281 -0.534093
0.503752 0.232004 -0.29722 0.29197 0.399668 -0.868918
0.218416 -0.0994717 0.566015 0.424916 0.496685 -0.756803
0.280367 0.52471 0.0203588 -0.651569 0.748186 0.125199
-0.39484 -0.503102 0.098602 -0.752661 -0.617018 -0.22976
-0.253667 0.0767884 -0.327049 -0.700152 -0.529605 -0.478859
0.277939 0.204179 0.33246 -0.700152 -0.529605 -0.478859
-0.0967518 0.276141 -0.456821 -0.651568 0.748187 0.125199
0.204777 0.105484 0.102634 0.700152 0.529605 0.478859
0.12803 0.152462 0.605887 -0.460363 -0.258816 -0.849164
0.0128748 -0.0529387 -0.593224 0.291969 0.399668 -0.868919
0.304962 0.145949 0.353739 0.29197 0.399668 -0.868918
0.479026 0.0943011 0.232525 0.651569 -0.748187 -0.125199
-0.339917 -0.567764 0.146361 -0.720868 -0.662074 0.204958
0.284293 -0.062236 0.251038 0.29197 0.399668 -0.868919
0.0734164 0.206911 0.182524 0.700152 0.529606 0.478859
-0.064216 0.17119 0.339686 -0.651568 0.748187 0.125199
0.319687 0.501036 0.0225931 0.700152 0.529605 0.478859
0.347003 0.341093 -0.220995 0.460362 0.258816 0.849165
0.493288 0.189516 -0.262254 0.651566 -0.748189 -0.125198
0.0300002 0.252913 0.310547 0.29197 0.399668 -0.868918
-0.215199 -0.00739682 -0.403892 -0.29197 -0.399668 0.868918
0.337055 0.304102 0.215003 0.700152 0.529605 0.478859
-0.0999903 0.236976 -0.239627 -0.651568 0.748187 0.125199
0.422977 0.0605635 0.279232 -0.700152 -0.529605 -0.478859
0.254412 -0.0407785 -0.129193 0.651568 -0.748187 -0.125199
0.207443 0.16498 0.0329355 0.700152 0.529605 0.478859
-0.39838 -0.175547 -0.267517 -0.700152 -0.529605 -0.478859
-0.152673 -0.437596 0.123607 0.651568 -0.748187 -0.125199
-0.438209 -0.181423 -0.202783 -0.700152 -0.529605 -0.478859
-0.379022 -0.493198 0.143504 0.746551 0.661721 -0.0691844
-0.25874 0.0877064 -0.173773 -0.651568 0.748187 0.125199
0.359459 0.343894 -0.0715794 0.184354 0.316268 -0.930585
0.355356 -0.0240536 0.296198 0.651569 -0.748187 -0.125199
0.289315 0.410277 -0.287275 0.29197 0.399668 -0.868918
0.0935355 -0.271051 0.409666 0.651568 -0.748187 -0.125199
-0.142929 0.0330504 0.540376 -0.29197 -0.399668 0.868919
0.157089 0.230451 0.342919 0.29197 0.399668 -0.868918
0.591314 0.27713 -0.135378 0.752662 0.617018 0.229759
0.0198095 0.133312 0.639416 -0.167977 -0.303246 0.93799
0.0523494 0.267943 0.36813 -0.651568 0.748187 0.125199
0.149426 -0.134941 -0.112853 0.651568 -0.748187 -0.125199
-0.0362038 0.115029 -0.532457 0.29197 0.399668 -0.868919
-0.279621 -0.0399316 0.460877 -0.29197 -0.399668 0.868919
-0.0976448 -0.106243 -0.449649 -0.190018 -0.00119165 -0.98178
-0.258735 -0.355954 0.322537 -0.29197 -0.399668 0.868919
-0.141943 0.222278 -0.370122 -0.651568 0.748187 0.125199
0.435854 0.0809862 0.237818 -0.700152 -0.529605 -0.478859
0.281262 0.385909 -0.301189 0.29197 0.399668 -0.868918
0.296674 -0.0497633 0.575831 -0.398044 -0.196703 -0.896029
-0.16526 -0.432514 0.0277277 0.651568 -0.748187 -0.125199
0.0742525 0.27289 0.452552 -0.651568 0.748187 0.125199
0.00468476 -0.276825 -0.0182288 0.651568 -0.748187 -0.125199
0.0232394 0.128053 -0.506492 0.29197 0.399668 -0.868919
-0.0126495 0.164518 0.609528 0.455713 0.517996 -0.723882
0.000133376 -0.262918 -0.125024 0.651568 -0.748187 -0.125199
0.156476 0.319057 0.383003 -0.700152 -0.529605 -0.478859
0.314043 -0.0325622 0.445603 -0.513828 -0.556701 0.652736
0.470993 0.27864 0.0473292 0.700152 0.529605 0.478859
0.325788 0.435336 -0.0266402 -0.29197 -0.399668 0.868919
0.38173 0.258386 0.120754 -0.700152 -0.529605 -0.478859
0.0726791 0.262127 0.508685 -0.651568 0.748187 0.1252
0.256155 0.394869 -0.172376 0.720012 0.557991 0.412587
0.284088 0.538728 -0.0440509 -0.651568 0.748188 0.125199
-0.39281 -0.505972 0.159887 -0.708406 -0.659152 0.25235
0.0262351 0.324277 -0.41523 0.29197 0.399668 -0.868919
-0.436416 -0.207364 0.331179 -0.29197 -0.399668 0.868919
0.241284 -0.0577277 0.229764 0.700152 0.529606 0.478859
-0.442689 -0.11661 -0.267915 -0.700152 -0.529605 -0.478859
0.409534 0.217099 -0.131603 0.655492 0.638366 -0.403508
-0.462113 -0.38934 0.062118 -0.700152 -0.529606 -0.478859
0.301275 0.226429 0.353222 0.700152 0.529605 0.478859
0.2858 0.066626 0.552536 0.692775 0.519637 0.500041
-0.12023 -0.353306 -0.211271 0.651568 -0.748187 -0.125199
0.154049 -0.115643 -0.204121 0.651568 -0.748187 -0.125199
0.163366 0.0441796 0.230983 0.700152 0.529606 0.478859
0.276754 -0.0291057 -0.0826769 0.651568 -0.748187 -0.125199
0.0609629 -0.255613 0.147894 0.651568 -0.748187 -0.125199
0.356829 0.109056 0.401808 0.700152 0.529605 0.478859
-0.198102 -0.439245 -0.102962 0.651568 -0.748187 -0.125199
0.132835 0.342788 -0.370897 0.29197 0.399668 -0.868918
-0.190611 0.134867 -0.10104 -0.651568 0.748187 0.125199
-0.0476018 -0.098616 -0.471826 -0.545082 -0.346978 -0.763211
0.363108 0.0574623 -0.150598 0.651568 -0.748187 -0.125199
-0.316696 -0.137875 -0.347777 0.700152 0.529606 0.478859
0.0836957 0.254844 0.516219 -0.673713 -0.646588 0.357818
-0.134131 -0.2628 -0.557382 -0.700152 -0.529606 -0.478859
-0.176904 -0.258817 -0.34332 0.29197 0.399668 -0.868919
-0.160737 -0.423203 0.324534 -0.29197 -0.399668 0.868919
-0.00968235 -0.142355 -0.640471 0.204059 0.331826 -0.921006
-0.486147 -0.269288 -0.0355156 -0.700152 -0.529606 -0.478859
0.315896 0.130136 0.438342 0.700152 0.529605 0.478859
0.24882 0.47482 0.154324 -0.651569 0.748186 0.125199
0.293162 0.425108 -0.279161 0.29197 0.399668 -0.868918
-0.18804 -0.0649756 -0.598721 0.365359 0.164872 0.916149
-0.184375 0.066207 -0.568459 -0.485375 -0.538018 0.689164
0.266573 0.40805 -0.0759877 0.455706 0.517991 -0.72389
-0.00816474 0.339434 -0.37403 -0.651568 0.748187 0.125199
0.111034 0.288815 0.0369393 0.700152 0.529605 0.478859
0.318744 0.0170912 -0.14022 0.651568 -0.748187 -0.125199
-0.38075 -0.464844 0.226347 -0.468129 -0.52644 0.709729
0.256821 0.397529 -0.0950608 0.614222 0.617189 -0.491741
0.557894 0.246732 -0.044441 0.700152 0.529606 0.478859
0.25051 0.425038 0.207791 0.700152 0.529605 0.478859
-0.468855 -0.121074 -0.0195948 -0.651568 0.748187 0.125199
-0.539286 -0.205371 0.0952035 0.226393 0.0342661 0.973433
0.473394 0.412315 -0.112127 0.752662 0.617018 0.229759
-0.0473061 -0.207982 -0.649567 -0.236234 -0.0432885 -0.970731
-0.0093388 -0.238679 -0.31917 0.651568 -0.748187 -0.125199
0.296555 0.513857 0.0422356 0.700152 0.529605 0.478859
-0.394494 -0.425007 0.244348 -0.375484 -0.461494 0.803763
0.352666 0.555984 -0.105999 0.758315 0.637956 0.134054
0.400623 0.39215 -0.258212 0.29197 0.399668 -0.868919
-0.318182 -0.55621 0.0978417 0.740214 0.59096 0.320702
-0.0181302 -0.304885 0.0307229 0.651568 -0.748187 -0.125199
0.0897534 -0.129758 -0.454377 0.651568 -0.748187 -0.125199
-0.0328565 -0.322093 0.41401 -0.29197 -0.399668 0.868919
-0.204696 -0.150338 -0.577272 -0.659148 -0.476701 -0.581618
0.422815 0.214235 -0.332589 0.29197 0.399668 -0.868918
0.0509747 0.0845498 0.628681 -0.23968 -0.359631 0.901787
0.117764 0.242648 0.335316 0.29197 0.399668 -0.868918
0.453236 0.30303 -0.243443 -0.0348966 -0.19443 0.980296
-0.0809589 0.0692562 0.577852 -0.29197 -0.399668 0.868918
-0.114662 -0.285015 -0.480442 0.700152 0.529606 0.478859
0.269971 0.15683 0.475968 0.700152 0.529605 0.478859
0.0710223 0.0962079 0.635947 -0.0946622 -0.243944 0.965158
0.413221 0.373771 -0.0730956 -0.365356 -0.16487 -0.916151
-0.325789 0.0141308 -0.49595 0.746552 0.661721 -0.0691794
0.0620483 -0.168043 -0.369774 0.651568 -0.748187 -0.125199
0.549759 0.19035 0.0266535 0.651568 -0.748187 -0.1252
-0.143053 0.103149 0.336009 -0.651568 0.748187 0.125199
-0.321804 -0.481997 0.24337 -0.29197 -0.399668 0.868918
-0.334431 -0.447661 0.25492 -0.29197 -0.399668 0.868918
0.0492736 -0.280024 0.232941 0.651568 -0.748187 -0.125199
-0.148191 0.135989 0.11302 -0.651568 0.748187 0.125199
-0.233676 0.0517424 0.17159 -0.651568 0.748187 0.125199
-0.107115 0.0214305 0.547065 -0.29197 -0.399668 0.868919
-0.140546 0.238239 -0.458238 -0.651568 0.748187 0.125199
-0.0518946 0.187964 -0.504182 0.29197 0.399668 -0.868919
0.197013 0.143777 0.590193 0.619166 0.429166 0.657609
-0.533942 -0.266736 0.237261 0.393061 0.474138 -0.787843
0.456711 0.177231 0.100877 -0.700152 -0.529605 -0.478859
-0.478521 -0.388554 0.210633 -0.62125 -0.620998 0.477923
-0.341534 0.00779768 -0.551803 -0.659148 -0.476701 -0.581618
0.498272 0.12783 0.132316 0.651569 -0.748187 -0.125199
-0.410552 -0.306187 -0.105236 -0.700152 -0.529606 -0.478859
0.347635 0.295344 0.209219 0.700152 0.529605 0.478859
-0.31991 -0.349888 -0.189433 -0.700152 -0.529605 -0.478859
0.116843 -0.0996288 -0.493448 0.651568 -0.748187 -0.125199
0.363125 0.44154 -0.065493 -0.398048 -0.196706 -0.896027
0.57958 0.296156 -0.154437 0.758404 0.646132 0.0856551
-0.0205673 0.152569 0.500579 0.676377 0.49826 0.542449
-0.139142 0.221437 -0.350524 -0.651568 0.748187 0.125199
-0.380924 -0.454708 0.199534 0.48537 0.538014 -0.689171
-0.222896 0.178544 -0.530073 -0.651567 0.748188 0.125202
0.0933176 0.132811 0.451985 0.04073 -0.1303 0.990638
0.354198 0.448403 -0.0630341 -0.398051 -0.19671 -0.896025
-0.166507 0.0720727 0.39966 -0.651568 0.748187 0.125199
0.270178 0.518853 -0.00421329 -0.700152 -0.529606 -0.478857
0.0572668 0.186867 -0.468007 0.29197 0.399668 -0.868919
-0.256124 -0.0134222 -0.603815 -0.404317 -0.202867 -0.891837
-0.267831 -0.196573 -0.354305 0.700152 0.529606 0.478859
-0.324471 -0.30733 0.130427 -0.718151 -0.661542 0.215918
-0.390542 -0.391173 0.262049 -0.29197 -0.399668 0.868918
-0.197363 -0.190263 -0.464317 0.700152 0.529606 0.478859
0.335071 0.524966 -0.0859163 -0.676373 -0.498254 -0.54246
-0.256475 0.0932009 -0.419728 -0.262196 -0.0672468 -0.962669
-0.374778 -0.324016 0.298235 -0.29197 -0.399668 0.868919
-0.356407 -0.0595198 -0.45721 -0.700152 -0.529605 -0.478859
-0.132425 -0.307009 -0.350541 0.29197 0.399668 -0.868919
-0.190297 -0.139113 -0.456108 -0.29197 -0.399668 0.868919
0.324337 0.331551 -0.0748645 -0.29197 -0.399668 0.868919
-0.315937 -0.0259756 0.20792 -0.651568 0.748187 0.125199
0.52446 0.21736 -0.266418 0.651569 -0.748187 -0.125199
0.162463 0.111177 0.289864 0.29197 0.399668 -0.868919
-0.404226 -0.495235 0.154172 -0.731591 -0.663401 0.157081
0.268178 0.289132 0.332266 0.700152 0.529605 0.478859
0.0919868 -0.261334 0.343539 0.651568 -0.748187 -0.125199
0.0715692 0.0382706 0.564558 0.635644 0.628558 -0.448187
0.355893 0.39691 -0.0605178 -0.115947 0.0648791 -0.991134
-0.123311 -0.0788807 -0.405896 -0.29197 -0.399668 0.868918
0.423367 0.440547 -0.160826 -0.729439 -0.663251 0.167382
0.173801 0.0679177 0.62503 0.236234 0.0432884 0.970731
-0.192431 -0.215798 -0.443288 0.700152 0.529606 0.478859
-0.150186 0.207723 -0.326044 -0.651568 0.748187 0.125199
-0.0784323 -0.340134 -0.07246 0.651568 -0.748187 -0.125199
0.121392 -0.250622 0.432553 0.651568 -0.748187 -0.125199
0.397075 0.256374 -0.219192 0.594906 0.401565 0.696299
-0.100604 -0.231201 -0.30498 0.29197 0.399668 -0.868919
0.288816 0.409717 -0.0642417 0.29197 0.399668 -0.868918
0.245619 0.00355231 -0.439875 0.651568 -0.748187 -0.125199
0.200199 0.428117 -0.309014 0.29197 0.399668 -0.868918
-0.0406996 0.221702 -0.484902 0.29197 0.399668 -0.868919
0.548824 0.276783 -0.0644162 0.700152 0.529605 0.478859
-0.515477 -0.369704 0.141666 -0.758404 -0.646132 -0.0856551
-0.104144 -0.106847 0.489061 -0.29197 -0.399668 0.868919
0.199191 0.410655 -0.0805308 -0.29197 -0.399668 0.868919
0.378479 0.166991 0.226588 -0.700152 -0.529605 -0.478859
-0.256924 -0.50279 -0.0293469 0.651564 -0.74819 -0.1252
-0.412768 -0.395586 -0.00312219 -0.700152 -0.529605 -0.478859
-0.548058 -0.281611 0.213852 0.614217 0.617187 -0.49175
0.427062 0.409861 -0.0957741 -0.638817 -0.45216 -0.622466
0.147869 -0.105173 0.574511 -0.291969 -0.399668 0.868919
-0.236994 -0.0392675 -0.580676 0.518106 0.318357 0.793861
-0.243364 0.144866 -0.588218 0.274702 0.386552 -0.880407
0.375619 0.114412 0.368411 0.700152 0.529605 0.478859
0.0664141 -0.055841 -0.576569 0.29197 0.399668 -0.868919
0.40477 0.333107 0.0839171 0.700152 0.529605 0.478859
0.377419 -0.0033601 0.496032 0.700152 0.529605 0.478859
0.124427 -0.204888 0.175044 0.651568 -0.748187 -0.125199
0.571189 0.302944 -0.139316 0.756399 0.628244 0.182125
0.13921 -0.145661 -0.101962 0.651568 -0.748187 -0.125199
0.409523 0.0123421 0.360597 0.651567 -0.748188 -0.1252
0.186032 0.0695097 0.444745 -0.220807 -0.344951 0.912279
0.0503604 0.286418 0.128303 0.700152 0.529605 0.478859
-0.502991 -0.141529 -0.0750085 -0.651568 0.748187 0.125199
0.432684 0.195508 -0.210231 0.692653 0.519474 0.500378
-0.426956 -0.14815 0.36026 -0.651568 0.748187 0.125199
-0.268882 -0.0194714 0.41394 -0.651568 0.748187 0.125199
-0.359234 -0.0794534 0.302174 -0.651568 0.748187 0.125199
-0.390934 -0.500008 0.177417 -0.678404 -0.648557 0.345171
0.302972 0.495193 -0.243628 0.29197 0.399668 -0.868919
-0.233956 -0.322097 -0.345845 -0.700152 -0.529605 -0.478859
-0.318587 -0.147933 -0.414726 -0.700152 -0.529605 -0.478859
0.0112947 0.294014 -0.00133008 -0.651568 0.748187 0.125199
-0.38345 -0.0587715 0.0525533 -0.651568 0.748187 0.125199
-0.34991 -0.545085 0.172992 -0.660928 -0.640907 0.390401
-0.203977 -0.436502 -0.149935 0.651568 -0.748187 -0.125199
-0.496859 -0.390761 0.162718 -0.740552 -0.663129 0.108825
-0.104712 -0.286367 -0.530537 0.651568 -0.748187 -0.125199
0.0523239 0.155197 0.270558 0.700152 0.529606 0.478859
-0.212408 -0.365322 -0.329546 -0.700152 -0.529605 -0.478859
0.160483 -0.148952 0.0284158 0.651568 -0.748187 -0.125199
0.230644 0.450104 -0.188722 0.570707 0.374741 0.730659
-0.171517 -0.354565 0.352482 -0.29197 -0.399668 0.868919
-0.252178 -0.0677599 -0.498011 0.718153 0.661543 -0.21591
-0.392189 -0.308258 0.233787 -0.331762 -0.132627 -0.933994
0.37432 0.192137 -0.359048 0.29197 0.399668 -0.868919
-0.193551 -0.0442172 -0.437951 0.110175 0.256626 -0.960211
-0.403307 -0.222044 0.134099 -0.673713 -0.646588 0.35782
-0.171908 0.16623 -0.191134 -0.651568 0.748187 0.125199
0.463696 0.159042 -0.107385 -0.29197 -0.399668 0.868919
0.46556 0.164206 0.102345 -0.700152 -0.529605 -0.478859
0.110243 0.161124 0.461086 -0.256708 -0.372773 0.891707
-0.248627 0.124107 -0.338667 -0.651568 0.748187 0.125199
0.560463 0.258831 -0.225296 -0.541004 -0.574 0.614686
0.257721 0.458431 0.160315 0.700152 0.529605 0.478859
0.0939849 -0.0216984 0.5948 -0.291969 -0.399668 0.868919
-0.332523 0.014921 -0.122793 -0.651568 0.748187 0.125199
0.134832 -0.0242409 0.564812 0.566841 0.589876 -0.575099
0.455182 0.351091 -0.009682 0.700152 0.529605 0.478859
-0.17451 -0.159207 -0.522226 0.738916 0.66331 -0.118414
-0.313716 -0.038295 0.293099 -0.651568 0.748187 0.125199
0.450882 0.117358 0.175617 -0.700152 -0.529605 -0.478859
-0.449218 -0.0695903 -0.310371 -0.700152 -0.529605 -0.478859
0.304342 0.0854018 0.504711 0.700152 0.529605 0.478859
-0.226868 -0.454058 -0.16415 0.651568 -0.748187 -0.125199
0.430621 0.217004 -0.225147 0.594906 0.401565 0.696299
0.492711 0.361092 -0.173468 -0.729439 -0.663251 0.167382
-0.348269 -0.054594 0.210679 -0.651568 0.748187 0.125199
0.436165 0.220499 -0.0883684 -0.29197 -0.399668 0.868919
-0.510927 -0.187944 0.0953141 -0.0726232 -0.225806 0.971461
-0.0028555 -0.230672 -0.333283 0.651568 -0.748187 -0.125199
0.100354 -0.153031 -0.260131 0.651568 -0.748187 -0.125199
0.3127 0.112244 0.462803 0.700152 0.529605 0.478859
0.247438 -0.051189 -0.103272 0.651568 -0.748187 -0.125199
0.121851 0.318778 -0.0120146 0.700152 0.529605 0.478859
-0.361147 -0.0648733 -0.444358 -0.700152 -0.529605 -0.478859
-0.262446 -0.129479 -0.51722 -0.700152 -0.529606 -0.478859
-0.21769 0.0610417 0.199213 -0.651568 0.748187 0.125199
0.0677947 -0.167349 -0.344013 0.651568 -0.748187 -0.125199
-0.267105 0.0498897 0.0086856 -0.651568 0.748187 0.125199
-0.213756 0.113077 -0.0912731 -0.651568 0.748187 0.125199
-0.41083 -0.041767 -0.397271 -0.700152 -0.529605 -0.478859
-0.0834395 0.181959 0.175286 -0.651568 0.748187 0.125199
0.09158 -0.261261 0.340983 0.651568 -0.748187 -0.125199
0.290707 -0.055685 0.148777 0.651568 -0.748187 -0.125199
0.587847 0.259104 -0.185998 0.65157 -0.748186 -0.125197
-0.0826408 -0.406561 0.302606 0.651568 -0.748187 -0.125199
-0.271223 0.0453039 0.0146579 -0.651568 0.748187 0.125199
-0.143661 -0.27979 -0.44382 0.700152 0.529606 0.478859
0.122237 -0.177135 0.532799 -0.29197 -0.399668 0.868918
0.040818 -0.0564896 -0.585468 0.29197 0.399668 -0.868919
0.360441 0.481361 -0.22722 0.43828 0.505994 -0.742886
-0.155273 -0.426268 0.32496 -0.29197 -0.399668 0.868919
-0.328637 0.0176133 -0.509605 0.758276 0.647117 0.0791086
0.119953 0.124601 0.205514 0.700152 0.529606 0.478859
0.220651 0.0643349 0.608159 0.435321 0.233617 0.869436
0.279737 0.0295893 0.0769709 0.700152 0.529605 0.478859
-0.300642 -0.106805 -0.314979 0.29197 0.399668 -0.868919
0.042329 0.250908 0.417781 -0.651568 0.748187 0.125199
-0.426132 -0.235592 0.0994004 -0.393059 -0.474136 0.787845
0.119631 -0.111264 -0.409408 0.651568 -0.748187 -0.125199
-0.0967503 0.226611 -0.160828 -0.651568 0.748187 0.125199
0.186674 -0.0726673 0.451245 0.61763 0.427395 0.660203
0.42489 0.223356 0.0963894 -0.700152 -0.529605 -0.478859
-0.176193 0.189685 -0.353594 -0.651568 0.748187 0.125199
0.340923 0.0557779 -0.255987 0.651568 -0.748187 -0.125199
0.472146 0.169825 -0.117175 0.485376 0.538018 -0.689164
-0.435136 -0.360573 -0.00914167 -0.700152 -0.529605 -0.478859
0.192926 0.491602 -0.282257 0.29197 0.399668 -0.868918
-0.264533 0.106879 -0.367906 -0.29197 -0.399668 0.868919
0.126113 -0.098405 -0.452518 0.651568 -0.748187 -0.125199
-0.097031 -0.0874657 -0.635515 0.0204279 0.182288 -0.983033
0.0787371 0.0253031 0.555333 0.673711 0.646587 -0.357826
-0.403641 -0.150563 -0.287457 -0.700152 -0.529605 -0.478859
-0.291106 -0.400789 0.291038 -0.29197 -0.399668 0.868919
0.0477929 0.383398 -0.380794 0.29197 0.399668 -0.868918
0.497218 0.192809 0.0244218 -0.700152 -0.529605 -0.478859
0.245996 -0.0541928 0.241869 0.29197 0.399668 -0.868918
0.466126 0.291568 -0.0456122 -0.29197 -0.399668 0.868919
-0.327274 0.0386301 -0.237162 -0.651568 0.748187 0.125199
0.158358 0.402431 -0.0980344 -0.291969 -0.399668 0.868919
0.00904076 -0.266439 -0.0576245 0.651568 -0.748187 -0.125199
0.401065 0.307667 0.0379791 -0.700152 -0.529605 -0.478859
-0.03388 0.317001 -0.438777 0.29197 0.399668 -0.868919
0.404068 0.33063 -0.0484977 -0.29197 -0.399668 0.868919
0.144231 -0.114403 -0.262623 0.651568 -0.748187 -0.125199
-0.0143865 0.276537 -0.450838 0.29197 0.399668 -0.868919
-0.347621 -0.10894 -0.415398 -0.700152 -0.529605 -0.478859
-0.227307 0.175204 -0.533067 -0.651568 0.748187 0.125199
0.285671 0.350248 -0.128429 0.729442 0.663251 -0.16737
-0.165895 -0.210666 -0.480821 -0.29197 -0.399668 0.868919
0.148059 0.432059 -0.114525 -0.651569 0.748187 0.125199
-0.506895 -0.371611 0.190163 -0.694241 -0.654643 0.299119
0.254357 -0.0551716 -0.0434676 0.651568 -0.748187 -0.125199
0.261303 0.0012926 0.579709 -0.460363 -0.258816 -0.849164
-0.0942054 0.260919 -0.352602 -0.651568 0.748187 0.125199
-0.322996 -0.0118282 -0.278804 0.29197 0.399668 -0.868919
0.370794 0.534573 -0.106647 0.758315 0.637956 0.134054
0.430617 0.258363 -0.24019 0.365363 0.164875 0.916148
0.17645 0.0566278 0.43943 -0.07262 -0.225804 0.971462
0.126961 -0.165638 -0.0463204 0.651568 -0.748187 -0.125199
-0.0605326 0.14279 0.528574 -0.651568 0.748187 0.125199
0.311796 -0.0581357 0.273173 0.651569 -0.748187 -0.125199
-0.38355 0.0263851 -0.456861 -0.651568 0.748188 0.125198
0.160106 -0.094244 -0.300479 0.651568 -0.748187 -0.125199
0.367628 0.456426 -0.238859 0.375483 0.461494 -0.803764
0.111552 -0.219487 0.195286 0.651568 -0.748187 -0.125199
0.40571 0.0575057 0.387351 0.700152 0.529605 0.478859
-0.349097 -0.3586 -0.137123 -0.700152 -0.529606 -0.478859
-0.178198 -0.252078 -0.423972 0.700152 0.529606 0.478859
0.274206 -0.025479 0.603581 0.33946 0.139975 0.930147
0.0646551 0.077141 -0.515994 0.29197 0.399668 -0.868919
0.17418 0.434473 -0.314833 0.29197 0.399668 -0.868918
-0.23961 0.134104 -0.441494 -0.61763 -0.427395 -0.660203
-0.596094 -0.273844 0.142372 -0.756399 -0.628244 -0.182125
-0.374425 -0.453701 0.00508935 -0.700152 -0.529606 -0.478859
0.469772 0.122066 0.142792 -0.700152 -0.529605 -0.478859
-0.276565 -0.388256 0.301688 -0.29197 -0.399668 0.868919
0.0321602 0.102755 -0.515131 0.29197 0.399668 -0.868919
0.442436 0.110482 0.195572 -0.700152 -0.529605 -0.478859
0.4027 0.105696 -0.232796 0.651568 -0.748187 -0.125199
0.440459 0.137312 0.248279 0.700152 0.529605 0.478859
-0.397189 -0.277141 0.228644 -0.489847 -0.28895 -0.822531
0.240153 -0.0849971 0.606462 -0.0576037 -0.213364 0.975273
-0.12605 0.146867 0.16324 -0.651568 0.748187 0.125199
-0.187989 -0.095728 -0.272031 0.29197 0.399668 -0.868919
0.0825414 0.259618 0.573738 -0.740215 -0.590961 -0.320697
0.305079 -0.00991911 0.584503 0.521765 0.322206 0.789901
0.0593955 -0.18881 -0.259476 0.651568 -0.748187 -0.125199
-0.520769 -0.288809 0.036695 -0.700152 -0.529605 -0.478859
-0.0999708 0.195547 0.00805388 -0.651568 0.748187 0.125199
0.0644107 0.113975 0.613795 0.184356 0.31627 -0.930584
0.22653 -0.139488 0.315587 0.651568 -0.748187 -0.125199
0.0527522 0.107311 0.636772 -0.131467 -0.273916 0.952726
0.30558 0.28116 0.286397 0.700152 0.529605 0.478859
-0.224455 0.0746667 0.0825809 -0.651568 0.748187 0.125199
-0.374909 -0.481591 0.217413 -0.49686 -0.545625 0.674851
0.288647 -0.0059322 -0.159266 0.651568 -0.748187 -0.125199
0.158953 -0.192933 0.283285 0.651568 -0.748187 -0.125199
-0.098337 -0.245243 -0.530279 0.72944 0.663251 -0.16738
0.287072 -0.0420997 0.427036 -0.256707 -0.372772 0.891707
-0.265939 -0.249151 0.369242 -0.29197 -0.399668 0.868919
0.330393 0.0357082 -0.190851 0.651568 -0.748187 -0.125199
0.331348 0.102541 -0.0791735 0.700152 0.529605 0.478859
0.358809 0.0764355 -0.286353 0.651568 -0.748187 -0.125199
0.105225 0.217564 0.124234 0.700152 0.529605 0.478859
0.243126 0.145794 0.33289 0.29197 0.399668 -0.868918
0.237723 0.470065 -0.200929 0.429739 0.228045 0.873682
0.0400258 0.171383 0.460722 0.190018 0.00119166 0.98178
0.3478 0.301886 0.201744 0.700152 0.529605 0.478859
-0.216602 0.0388141 0.337707 -0.651568 0.748187 0.125199
-0.116099 -0.329371 -0.332802 0.651569 -0.748187 -0.125199
0.504912 0.347442 -0.228273 0.57559 0.595109 -0.56084
0.121059 0.305372 0.502033 -0.651568 0.748187 0.125199
0.374928 0.369606 0.00769167 -0.700152 -0.529605 -0.478859
0.286486 0.545041 -0.193088 -0.360236 -0.450417 0.816918
0.401578 0.274745 -0.23036 0.460362 0.258816 0.849165
0.340865 0.380585 0.124844 0.700152 0.529605 0.478859
0.441527 0.171324 -0.158203 0.729441 0.663251 -0.167373
0.399002 0.363506 -0.0207594 -0.700152 -0.529605 -0.478859
-0.133949 -0.371335 -0.174923 0.651568 -0.748187 -0.125199
-0.096446 0.0237303 0.551708 -0.29197 -0.399668 0.868919
0.110497 0.380621 -0.361002 0.29197 0.399668 -0.868918
0.22239 -0.064157 -0.156136 0.651568 -0.748187 -0.125199
0.0651774 0.0825814 0.631139 -0.167977 -0.303246 0.93799
-0.187059 -0.411958 -0.208564 0.651568 -0.748187 -0.125199
0.239361 -0.168658 0.556681 0.651568 -0.748187 -0.125199
-0.104998 0.252286 -0.357185 -0.651568 0.748187 0.125199
-0.247083 0.142359 -0.43971 -0.651564 0.74819 0.125201
0.364492 0.0896557 0.412059 0.700152 0.529605 0.478859
-0.00450847 -0.183863 -0.403077 -0.700152 -0.529605 -0.478859
0.329035 0.548954 -0.0440705 0.700152 0.529606 0.478859
-0.0318813 0.237076 0.114233 -0.651568 0.748187 0.125199
0.175296 -0.218595 0.521693 0.651568 -0.748187 -0.125199
-0.124644 -0.210357 -0.613447 -0.548158 -0.350279 -0.759492
-0.14198 -0.0615802 -0.607937 0.0407246 -0.130305 0.990637
-0.146019 0.0507138 -0.598939 0.29197 0.399668 -0.868918
0.0795114 0.113433 0.453492 0.262196 0.0672469 0.962669
-0.375041 -0.0791255 -0.408282 -0.700152 -0.529605 -0.478859
-0.111581 -0.369567 -0.0690785 0.651568 -0.748187 -0.125199
0.113055 0.0733637 0.447155 0.262196 0.0672469 0.962669
0.189879 -0.0662391 -0.312886 0.651568 -0.748187 -0.125199
0.248033 -0.0798685 0.0712103 0.651568 -0.748187 -0.125199
0.134336 0.432027 -0.185751 -0.651568 0.748187 0.125199
-0.201239 -0.149307 -0.301127 0.29197 0.399668 -0.868919
0.159949 0.361731 -0.353074 0.29197 0.399668 -0.868918
0.387591 0.197253 -0.352236 0.29197 0.399668 -0.868919
-0.321282 -0.471661 0.0543946 0.297347 0.10006 0.949512
0.422197 0.405094 -0.0211794 0.700152 0.529606 0.478859
0.0975514 -0.221276 0.133112 0.651568 -0.748187 -0.125199
0.0914904 0.0879939 0.635498 -0.0204279 -0.182288 0.983033
0.523394 0.188614 -0.00921097 -0.700152 -0.529605 -0.478859
0.551978 0.193224 0.0210186 0.651568 -0.748187 -0.1252
0.301571 0.481092 -0.21345 -0.0726281 -0.22581 0.97146
0.262148 -0.0200171 -0.213004 0.651568 -0.748187 -0.125199
-0.295632 -0.356098 -0.218063 -0.700152 -0.529605 -0.478859
-0.372813 -0.375591 -0.0836556 -0.700152 -0.529606 -0.478859
-0.412586 -0.0383971 -0.220833 -0.651568 0.748187 0.125199
0.476677 0.156677 0.0944167 -0.700152 -0.529605 -0.478859
0.312201 0.323228 -0.123433 0.70508 0.65819 -0.263911
0.358924 0.251161 0.241579 0.700152 0.529605 0.478859
-0.278889 -0.206015 0.384731 -0.29197 -0.399668 0.868919
-0.0317351 -0.0783968 -0.562648 -0.690253 -0.653201 0.311254
-0.0798646 -0.219479 -0.29262 0.29197 0.399668 -0.868919
-0.0195249 0.217765 0.29394 -0.651568 0.748187 0.125199
0.306001 0.430545 0.120566 0.700152 0.529605 0.478859
-0.155616 -0.412294 -0.0429176 0.651568 -0.748187 -0.125199
0.0251062 0.0551233 -0.53941 0.29197 0.399668 -0.868919
0.204905 0.410987 0.210521 -0.700152 -0.529605 -0.478859
0.454391 0.398249 -0.182744 -0.673713 -0.646588 0.35782
-0.103774 0.141072 0.313801 -0.651568 0.748187 0.125199
0.0349864 -0.202372 -0.305462 0.651568 -0.748187 -0.125199
-0.0989975 0.130685 0.40073 -0.651568 0.748187 0.125199
0.0879556 0.409019 -0.289631 -0.651568 0.748187 0.125199
-0.00227998 -0.0210097 0.562771 -0.29197 -0.399668 0.868918
-0.109928 0.209747 -0.128625 -0.651568 0.748187 0.125199
0.175294 -0.0906603 0.590402 -0.291969 -0.399668 0.868919
