ply
format ascii 1.0
comment Created by Open3D
element vertex 2096
property double x
property double y
property double z
property double nx
property double ny
property double nz
end_header
0.124252 -0.0445201 0.141641 -0.224516 0.374931 -0.899455
0.147834 -0.138476 -0.0539642 0.96141 -0.0653867 -0.267237
0.0600307 0.0784326 0.0665741 0.159008 0.924744 0.345782
-0.12227 0.0832079 0.137634 0.159008 0.924744 0.345782
-0.231179 -0.399256 0.135603 0.224516 -0.374931 0.899455
-0.297435 -0.388707 -0.269681 -0.159008 -0.924744 -0.345782
0.114672 -0.0586274 -0.192806 0.96141 -0.0653867 -0.267237
-0.165819 -0.248602 0.182087 0.224516 -0.374931 0.899455
-0.380362 -0.112115 -0.173073 -0.96141 0.0653866 0.267237
-0.277126 -0.306951 0.185549 0.224516 -0.374931 0.899455
-0.282512 -0.0706087 -0.227993 -0.224516 0.374931 -0.899455
-0.00576556 -0.0783626 0.159988 -0.224516 0.374931 -0.899455
-0.201004 0.230704 0.299282 -0.985791 0.1295 0.106987
0.150876 0.162746 0.153076 -0.957958 0.229233 -0.172535
0.147168 0.112964 0.201567 -0.224516 0.374931 -0.899455
-0.275598 0.0747333 0.158108 -0.96141 0.0653866 0.267237
-0.265474 -0.407875 0.0874601 -0.224516 0.374931 -0.899455
-0.385084 -0.0816254 -0.197519 -0.96141 0.0653866 0.267237
0.170405 0.227348 0.186648 -0.968671 0.213805 -0.126345
-0.0630622 -0.292098 -0.375097 -0.224516 0.374931 -0.899455
0.110991 -0.239773 -0.161725 0.96141 -0.0653867 -0.267237
0.130239 0.0673207 0.0640059 0.159008 0.924744 0.345782
0.31643 -0.193526 0.0315588 -0.224516 0.374931 -0.899455
0.083378 -0.283447 0.10536 0.224516 -0.374931 0.899455
0.148452 0.0276109 0.165668 -0.224516 0.374931 -0.899455
-0.110389 0.128214 0.0118072 0.159008 0.924744 0.345782
-0.0511292 0.14334 0.302825 0.891643 -0.284888 0.351868
-0.259711 -0.439381 0.0374811 0.224516 -0.374931 0.899455
0.0084409 -0.171161 -0.342533 -0.224516 0.374931 -0.899455
-0.00575332 -0.45747 -0.03345 0.224516 -0.374931 0.899455
0.125609 -0.214228 -0.115386 0.96141 -0.0653867 -0.267237
-0.0416067 -0.130711 0.111706 0.224516 -0.374931 0.899455
0.252979 0.139185 0.137729 -0.159007 -0.924744 -0.345782
-0.0190716 -0.350086 0.0146365 0.224516 -0.374931 0.899455
0.085669 -0.0549745 0.111507 0.224516 -0.374931 0.899455
0.19493 -0.158924 0.129421 0.224516 -0.374931 0.899455
0.0904163 -0.510018 -0.123607 -0.159008 -0.924744 -0.345782
-0.19603 0.142613 0.0126837 0.159008 0.924744 0.345782
-0.171735 0.191712 0.196101 -0.454811 0.379472 -0.805697
-0.290712 0.185849 -0.0594072 0.159008 0.924744 0.345782
-0.215944 -0.43218 0.0854129 -0.159008 -0.924744 -0.345782
0.0629051 -0.125595 0.123159 -0.224516 0.374931 -0.899455
0.0674435 -0.307526 -0.301815 0.96141 -0.0653867 -0.267237
-0.0685533 -0.390472 0.0986712 0.224516 -0.374931 0.899455
-0.115722 0.0933697 0.312131 0.224516 -0.374931 0.899455
-0.0333881 0.169554 -0.134158 0.159008 0.924744 0.345782
0.293983 0.24449 0.28454 0.454812 -0.379472 0.805696
0.114359 0.134273 -0.107745 0.159008 0.924744 0.345782
0.122927 0.103556 -0.0295365 0.159008 0.924744 0.345782
-0.119163 0.119401 0.0394137 0.159008 0.924744 0.345782
0.212453 -0.035833 0.176357 0.224516 -0.374931 0.899455
-0.145418 -0.302762 0.154419 0.224516 -0.374931 0.899455
-0.111606 0.257862 0.391376 -0.0196707 -0.347201 0.937584
0.0189413 0.311368 0.332823 -0.783992 -0.094603 0.61352
-0.307145 -0.033371 0.0710676 -0.96141 0.0653866 0.267237
-0.0964527 0.397234 0.399076 0.0562177 0.646743 0.760634
0.319609 -0.216954 0.0741101 0.224516 -0.374931 0.899455
-0.346732 -0.188411 -0.0334174 -0.96141 0.0653867 0.267237
-0.0606292 0.140153 0.279354 0.159008 0.924744 0.345782
0.185147 -0.314621 0.0138514 -0.224516 0.374931 -0.899455
0.0416889 -0.0805505 -0.313062 -0.224516 0.374931 -0.899455
-0.187222 -0.469655 -0.103881 -0.159008 -0.924744 -0.345782
-0.178574 -0.0794823 -0.257636 -0.224516 0.374931 -0.899455
-0.0149734 0.233478 0.242935 -0.982852 0.181392 -0.0331425
-0.312534 0.107095 -0.146424 -0.224516 0.374931 -0.899455
-0.418638 -0.303238 -0.26401 -0.96141 0.0653866 0.267237
0.29752 -0.15109 0.0539682 -0.224516 0.374931 -0.899455
-0.104378 -0.153587 0.206357 0.224516 -0.374931 0.899455
0.0037324 -0.142013 -0.329208 -0.224516 0.374931 -0.899455
0.0712607 -0.453293 -0.252417 0.96141 -0.0653867 -0.267237
0.0751755 0.411195 0.298657 -0.0771556 0.9868 0.142384
-0.181786 -0.447072 -0.166775 -0.159008 -0.924744 -0.345782
0.0593028 0.112358 0.298535 -0.15901 -0.924743 -0.345782
-0.352418 -0.00819501 -0.0979674 -0.96141 0.0653866 0.267237
-0.00151586 0.131351 0.27571 0.159008 0.924744 0.345782
-0.221809 -0.265836 0.135769 -0.224516 0.374931 -0.899455
0.068363 -0.433212 0.0466792 0.224516 -0.374931 0.899455
-0.00862039 -0.199113 0.110367 -0.224516 0.374931 -0.899455
-0.107089 0.0866112 -0.206245 -0.224516 0.374931 -0.899455
0.294166 0.257771 0.290603 0.41057 -0.380453 0.828666
0.0518688 0.201531 0.154038 -0.0295633 0.354541 -0.934573
-0.256526 -0.024183 0.209759 0.224516 -0.374931 0.899455
0.0762161 0.101237 -0.00185649 0.159008 0.924744 0.345782
-0.324466 -0.388186 -0.258645 -0.159008 -0.924744 -0.345782
0.29494 0.240391 0.13735 0.572288 0.199061 -0.795526
-0.0102276 -0.116211 0.198436 0.224516 -0.374931 0.899455
0.232783 -0.382954 -0.0265236 -0.224516 0.374931 -0.899455
0.0566297 -0.151134 0.078672 0.224516 -0.374931 0.899455
0.0284613 0.217437 0.166043 -0.365295 0.380489 -0.849581
-0.158146 0.260525 0.376738 -0.572294 -0.199059 0.795522
0.0971847 0.000965491 0.220469 0.224516 -0.374931 0.899455
0.0703481 -0.429808 -0.261446 0.96141 -0.0653867 -0.267237
-0.298858 0.111982 0.0653172 -0.96141 0.0653866 0.267237
0.0461965 -0.476432 -0.0543218 0.224516 -0.374931 0.899455
0.139663 -0.299808 -0.0438879 0.96141 -0.0653867 -0.267237
-0.125403 0.162977 0.2481 -0.159009 -0.924743 -0.345783
-0.0332066 0.280434 0.301343 0.9755 -0.0932231 -0.199272
-0.131788 0.248859 0.218646 -0.127673 0.366558 -0.921594
-0.351414 -0.283445 -0.0270095 -0.96141 0.0653867 0.267237
-0.329759 -0.240294 0.0403383 -0.96141 0.0653867 0.267237
-0.0945806 -0.331839 0.0410908 0.224516 -0.374931 0.899455
-0.236495 -0.363163 0.0988646 -0.224516 0.374931 -0.899455
-0.0932381 0.0416003 0.231828 -0.224516 0.374931 -0.899455
-0.269029 -0.406295 -0.235706 -0.159008 -0.924744 -0.345782
0.267413 0.00693445 0.127355 -0.224516 0.374931 -0.899455
0.268121 -0.258598 0.0164926 -0.224516 0.374931 -0.899455
-0.129155 -0.102286 -0.279477 -0.224516 0.374931 -0.899455
0.276082 0.396658 0.217062 0.112967 0.960171 -0.255559
-0.160189 0.325983 0.267198 -0.656972 0.360544 -0.662114
0.18475 0.162433 0.106932 -0.159008 -0.924744 -0.345782
0.0204355 0.0862947 0.220961 0.96141 -0.0653867 -0.267237
-0.28391 -0.206152 0.176149 -0.224516 0.374931 -0.899455
-0.261802 -0.345359 0.0771957 0.224516 -0.374931 0.899455
-0.256142 -0.137687 0.250867 0.224516 -0.374931 0.899455
0.106183 -0.223482 -0.18301 0.96141 -0.0653867 -0.267237
-0.178838 -0.464239 0.00693251 0.224516 -0.374931 0.899455
0.261598 0.0965791 0.14847 -0.224516 0.374931 -0.899455
0.132999 -0.465744 0.0147129 -0.159008 -0.924744 -0.345783
-0.0281516 0.376106 0.348217 0.917971 0.385213 0.0945556
0.210496 0.0232313 0.201466 0.224516 -0.374931 0.899455
-0.218112 -0.134568 0.154157 0.224516 -0.374931 0.899455
-0.122011 0.0703336 0.236759 -0.96141 0.0653865 0.267237
-0.285627 -0.0630571 0.155745 -0.96141 0.0653867 0.267237
-0.143678 0.148252 -0.0264723 0.159008 0.924744 0.345782
-0.183992 -0.388364 -0.322767 -0.159008 -0.924744 -0.345782
-0.150405 -0.147367 -0.292965 -0.224516 0.374931 -0.899455
-0.0989947 -0.328785 -0.38142 -0.224516 0.374931 -0.899455
0.0914696 -0.0213809 -0.285392 0.96141 -0.0653867 -0.267237
-0.178706 -0.413532 0.116554 0.224516 -0.374931 0.899455
0.165235 -0.2084 0.0257462 0.96141 -0.0653867 -0.267237
0.243102 -0.460245 -0.00820669 0.224516 -0.374931 0.899455
0.230859 0.357464 0.176288 -0.431938 0.489785 -0.757324
0.0397859 -0.301575 -0.402772 0.96141 -0.0653867 -0.267237
0.272958 -0.329762 -0.0143789 -0.224516 0.374931 -0.899455
0.106703 -0.430109 -0.130582 0.96141 -0.0653867 -0.267237
0.0175896 -0.173364 0.0791507 0.224516 -0.374931 0.899455
0.306263 -0.338135 0.0166578 0.96141 -0.0653866 -0.267237
0.0963757 0.145371 -0.129157 0.159008 0.924744 0.345782
-0.106016 -0.0229157 0.208125 -0.224516 0.374931 -0.899455
0.00371525 0.282857 0.223543 -0.818507 0.319318 -0.47758
-0.0425999 0.261972 0.349621 0.869406 -0.297113 0.394788
-0.196658 0.15152 0.33146 -0.72035 -0.130838 0.681159
-0.0394756 0.255679 0.336595 0.911666 -0.271953 0.308068
0.0987646 -0.0893858 0.0938941 0.224516 -0.374931 0.899455
-0.268574 0.0456439 0.190497 -0.96141 0.0653866 0.267237
0.0299224 -0.0298817 -0.289004 -0.224516 0.374931 -0.899455
-0.298582 -0.0173259 0.0979456 -0.96141 0.0653866 0.267237
0.0490186 0.218566 0.327947 -0.214861 -0.309431 0.92633
0.0565568 -0.01587 -0.289812 -0.224516 0.374931 -0.899455
0.101136 -0.461827 0.0188884 -0.159008 -0.924744 -0.345783
-0.237973 0.0921194 0.289015 -0.224516 0.374931 -0.899455
0.301531 0.370807 0.186474 0.430162 0.647373 -0.629181
-0.369365 -0.143722 -0.125774 -0.96141 0.0653866 0.267237
0.112399 -0.00630536 0.160529 -0.224516 0.374931 -0.899455
-0.248698 -0.109445 0.260782 0.224516 -0.374931 0.899455
-0.0220516 -0.0709368 0.167149 -0.224516 0.374931 -0.899455
-0.0567218 0.0834436 0.106861 0.159008 0.924744 0.345782
0.261885 0.359814 0.305775 -0.051189 0.505443 0.86134
-0.115991 0.221393 0.377726 0.0295702 -0.354542 0.934572
-0.206661 -0.10618 0.163132 0.224516 -0.374931 0.899455
-0.0682664 -0.056385 0.237861 0.224516 -0.374931 0.899455
-0.388235 -0.318708 -0.305022 -0.224516 0.374931 -0.899455
0.121389 -0.420785 0.0386232 0.224516 -0.374931 0.899455
0.0645803 -0.248552 0.0360796 0.224516 -0.374931 0.899455
0.246159 0.0464909 0.149149 -0.224516 0.374931 -0.899455
-0.13099 -0.124901 0.171847 -0.224516 0.374931 -0.899455
-0.0632424 -0.0491417 0.239627 0.224516 -0.374931 0.899455
-0.353084 0.0341385 -0.110719 -0.96141 0.0653866 0.267237
-0.0339765 0.170712 0.239366 -0.981866 0.111499 0.153322
-0.362351 -0.388085 -0.0407522 -0.96141 0.0653867 0.267237
0.108123 -0.0642464 -0.214991 0.96141 -0.0653867 -0.267237
-0.0706537 0.169816 -0.117721 0.159008 0.924744 0.345782
0.0315081 0.176191 0.140606 -0.159011 -0.924744 -0.345782
0.00607213 -0.277423 -0.386236 -0.224516 0.374931 -0.899455
0.269257 -0.195137 0.0426622 -0.224516 0.374931 -0.899455
-0.0350629 0.118427 0.302442 0.224516 -0.374931 0.899455
0.101067 -0.0374832 0.114955 0.224516 -0.374931 0.899455
-0.0859914 -0.0368287 -0.262966 -0.224516 0.374931 -0.899455
0.0321318 0.35905 0.23246 -0.619418 0.366172 -0.694434
0.104555 0.1971 0.169693 0.611673 0.182646 -0.769738
-0.0161728 0.226504 0.246735 -0.987265 0.147177 0.060389
0.186617 -0.0156 0.0554949 0.96141 -0.0653867 -0.267237
-0.134825 -0.423623 0.0482838 -0.224516 0.374931 -0.899455
-0.368199 -0.274141 -0.089671 -0.96141 0.0653867 0.267237
-0.190184 0.193368 -0.141002 -0.224516 0.374931 -0.899455
-0.0820493 0.0599031 0.289776 0.224516 -0.374931 0.899455
-0.422047 -0.368234 -0.260371 -0.96141 0.0653867 0.267237
-0.298073 -0.11714 0.124201 -0.96141 0.0653867 0.267237
0.319057 -0.0487074 0.14438 0.224516 -0.374931 0.899455
-0.331286 0.183705 -0.068895 -0.96141 0.0653866 0.267237
0.352236 -0.0693505 0.116285 0.96141 -0.0653866 -0.267237
0.282608 -0.0961593 0.133699 0.224516 -0.374931 0.899455
-0.0486398 -0.2161 -0.347018 -0.224516 0.374931 -0.899455
-0.252116 -0.119526 0.257433 0.224516 -0.374931 0.899455
-0.285871 0.0205862 -0.189141 -0.224516 0.374931 -0.899455
0.155071 -0.0936868 -0.0388899 0.96141 -0.0653867 -0.267237
0.0803963 -0.0723291 -0.312764 0.96141 -0.0653867 -0.267237
-0.324733 0.103279 -0.0256423 -0.96141 0.0653866 0.267237
-0.214178 -0.239508 0.144838 -0.224516 0.374931 -0.899455
0.130764 0.130434 -0.181173 0.96141 -0.0653867 -0.267237
-0.101879 0.0919404 0.254969 -0.224516 0.374931 -0.899455
-0.292557 -0.202534 -0.280478 -0.224516 0.374931 -0.899455
-0.37869 -0.0474312 -0.182884 -0.96141 0.0653866 0.267237
-0.219165 -0.288295 0.178858 0.224516 -0.374931 0.899455
-0.220346 0.120441 0.0831593 0.159008 0.924744 0.345782
0.0759768 -0.0922999 -0.323777 0.96141 -0.0653867 -0.267237
-0.129233 0.35461 0.41281 -0.35892 0.103955 0.927561
-0.120447 -0.468637 -0.137309 -0.159008 -0.924744 -0.345782
-0.340882 0.0348134 -0.0669871 -0.96141 0.0653866 0.267237
0.04175 -0.321698 -0.390782 0.96141 -0.0653867 -0.267237
0.0168007 -0.395403 0.0221994 -0.224516 0.374931 -0.899455
-0.334067 0.0788702 -0.0532513 -0.96141 0.0653866 0.267237
-0.0456485 0.3499 0.281542 0.720347 0.130839 -0.681162
0.19334 -0.158436 0.130022 0.224516 -0.374931 0.899455
-0.310376 -0.0646796 0.0671048 -0.96141 0.0653866 0.267237
-0.343332 -0.376059 0.0247296 -0.96141 0.0653867 0.267237
0.0187855 -0.0153484 0.180127 -0.224516 0.374931 -0.899455
-0.102825 0.154546 -0.178991 -0.224516 0.374931 -0.899455
-0.271617 -0.146058 0.19813 -0.224516 0.374931 -0.899455
0.0971014 -0.102375 -0.245314 0.96141 -0.0653867 -0.267237
-0.109405 -0.213397 0.12957 -0.224516 0.374931 -0.899455
-0.35392 -0.346111 -0.020689 -0.96141 0.0653867 0.267237
-0.0271432 -0.420947 0.0756313 0.224516 -0.374931 0.899455
0.190374 0.0953794 0.236563 0.224516 -0.374931 0.899455
0.0458964 0.149879 -0.118 0.159008 0.924744 0.345782
0.0636349 0.143152 0.21419 -0.159008 -0.924744 -0.345782
0.0930948 0.131246 0.232483 0.159008 0.924744 0.345782
0.119432 0.171583 -0.227367 -0.224516 0.374931 -0.899455
-0.050732 0.130962 0.258468 -0.224516 0.374931 -0.899455
-0.0553135 0.102263 0.0558836 0.159008 0.924744 0.345782
0.274878 0.26931 0.301882 0.127672 -0.366558 0.921594
-0.104584 0.0702507 -0.21369 -0.224516 0.374931 -0.899455
0.0498466 -0.0901816 -0.319113 -0.224516 0.374931 -0.899455
-0.0104996 -0.040172 0.177089 -0.224516 0.374931 -0.899455
0.108875 -0.183891 0.0519765 0.224516 -0.374931 0.899455
0.186202 0.0645586 0.0343895 0.96141 -0.0653867 -0.267237
0.265446 -0.219012 0.0867723 0.224516 -0.374931 0.899455
-0.289863 -0.252942 0.186964 -0.96141 0.0653866 0.267237
0.167969 0.0754117 -0.0338595 0.96141 -0.0653867 -0.267237
-0.196208 0.232861 0.263545 -0.911667 0.271952 -0.308066
0.178363 0.277125 0.213632 -0.982852 0.181392 -0.0331416
-0.0538273 0.389654 0.292818 0.587639 0.55664 -0.587224
-0.110526 -0.0554859 0.195674 -0.224516 0.374931 -0.899455
-0.0977528 -0.150312 0.206069 0.224516 -0.374931 0.899455
0.270039 0.344874 0.161262 0.0688402 0.339001 -0.938264
-0.282568 -0.123243 -0.249919 -0.224516 0.374931 -0.899455
0.323747 0.24778 0.171302 0.887344 0.019684 -0.460687
-0.35468 0.0201327 -0.113036 -0.96141 0.0653866 0.267237
-0.0553735 -0.0411303 0.241002 0.224516 -0.374931 0.899455
-0.0430086 0.0230958 -0.248716 -0.224516 0.374931 -0.899455
-0.36137 -0.258685 -0.0688843 -0.96141 0.0653867 0.267237
0.0966755 -0.125123 -0.24128 0.96141 -0.0653867 -0.267237
-0.191343 -0.221258 -0.313547 -0.224516 0.374931 -0.899455
-0.364565 -0.38393 -0.251586 -0.159008 -0.924744 -0.345782
-0.186731 0.0969801 0.27825 -0.224516 0.374931 -0.899455
-0.137448 -0.361116 -0.385299 -0.224516 0.374931 -0.899455
0.317381 0.245453 0.265092 0.727083 -0.346617 0.592627
0.102053 0.307338 0.360914 0.235595 -0.305916 0.922448
-0.381631 -0.27405 -0.138014 -0.96141 0.0653867 0.267237
-0.276231 -0.221495 -0.292457 -0.224516 0.374931 -0.899455
0.127068 -0.372607 -0.0713882 0.96141 -0.0653867 -0.267237
-0.190478 -0.425035 0.02618 0.224516 -0.374931 0.899455
-0.374683 -0.218393 -0.126637 -0.96141 0.0653867 0.267237
-0.0713803 -0.0937952 0.169934 -0.224516 0.374931 -0.899455
-0.0878119 -0.363339 0.114788 0.224516 -0.374931 0.899455
0.0169283 -0.229947 -0.369156 -0.224516 0.374931 -0.899455
0.184147 0.0252271 0.208875 0.224516 -0.374931 0.899455
0.0895466 -0.454018 -0.0557995 0.224516 -0.374931 0.899455
0.303199 0.213201 0.138317 0.720346 0.13084 -0.681163
-0.0967832 -0.400748 -0.329749 -0.159008 -0.924744 -0.345782
-0.361855 -0.385128 -0.249629 -0.159008 -0.924744 -0.345782
-0.163799 -0.0222366 -0.237462 -0.224516 0.374931 -0.899455
0.34035 -0.0832905 0.12465 0.224516 -0.374931 0.899455
0.146759 0.235457 0.260616 0.982852 -0.181392 0.0331416
-0.203807 -0.0400543 0.225391 -0.224516 0.374931 -0.899455
-0.1804 -0.342361 0.146644 0.224516 -0.374931 0.899455
-0.393551 -0.256926 -0.277941 -0.224516 0.374931 -0.899455
-0.355783 -0.379971 -0.0191087 -0.96141 0.0653867 0.267237
0.0902538 -0.0648425 -0.279132 0.96141 -0.0653867 -0.267237
0.0337293 0.130651 0.261374 0.159008 0.924744 0.345782
0.0632354 -0.404242 0.0600348 0.224516 -0.374931 0.899455
0.027604 -0.174902 0.0760098 0.224516 -0.374931 0.899455
-0.364491 -0.0110206 -0.14071 -0.96141 0.0653866 0.267237
0.218337 -0.179578 0.0618584 -0.224516 0.374931 -0.899455
-0.0744091 -0.0805016 0.176231 -0.224516 0.374931 -0.899455
-0.315308 0.0314288 -0.177273 -0.224516 0.374931 -0.899455
0.0263798 -0.512578 -0.0644424 0.224516 -0.374931 0.899455
0.0837385 0.0517041 0.127153 0.159008 0.924744 0.345782
-0.113437 0.156259 0.260565 -0.159008 -0.924744 -0.345783
0.279704 -0.0903007 0.136866 0.224516 -0.374931 0.899455
-0.163804 0.182198 -0.108 0.159008 0.924744 0.345782
0.057539 0.0990746 0.0125159 0.159008 0.924744 0.345782
0.0902924 -0.216598 -0.241862 0.96141 -0.0653867 -0.267237
0.152459 -0.0372193 0.102236 0.224516 -0.374931 0.899455
-0.325639 -0.0714309 0.0138446 -0.96141 0.0653866 0.267237
0.28407 0.0809386 0.207156 0.224516 -0.374931 0.899455
0.0619362 0.405956 0.264927 -0.257138 0.928045 -0.269467
0.0367665 0.0334067 0.249073 0.224516 -0.374931 0.899455
-0.316909 -0.383691 -0.274141 -0.159008 -0.924744 -0.345782
-0.264911 -0.0818094 0.234858 -0.96141 0.0653867 0.267237
-0.334356 -0.310896 0.0410764 -0.96141 0.0653867 0.267237
0.0298892 -0.24459 -0.378495 -0.224516 0.374931 -0.899455
0.230836 -0.211474 0.0985536 0.224516 -0.374931 0.899455
0.08168 -0.0939224 0.131675 -0.224516 0.374931 -0.899455
0.147512 0.0762617 0.186182 -0.224516 0.374931 -0.899455
-0.0967245 0.101382 0.239915 -0.224516 0.374931 -0.899455
0.112151 -0.312571 -0.139741 0.96141 -0.0653867 -0.267237
-0.109045 -0.0946845 -0.281328 -0.224516 0.374931 -0.899455
0.0729536 -0.465442 -0.0564195 0.224516 -0.374931 0.899455
-0.126474 -0.0207134 0.178742 0.224516 -0.374931 0.899455
-0.0561461 0.120626 -0.204782 -0.224516 0.374931 -0.899455
-0.193324 -0.347224 0.0593252 0.224516 -0.374931 0.899455
-0.0609262 -0.409461 -0.322935 -0.159008 -0.924744 -0.345782
-0.153104 -0.285657 0.163468 0.224516 -0.374931 0.899455
-0.356419 -0.263061 -0.0500001 -0.96141 0.0653867 0.267237
0.0905076 -0.0363231 -0.285197 0.96141 -0.0653867 -0.267237
-0.0940481 0.134038 0.346281 0.410569 -0.380453 0.828667
0.294744 -0.230879 0.0214017 -0.224516 0.374931 -0.899455
-0.0532286 -0.0648267 0.230589 0.224516 -0.374931 0.899455
-0.0873152 -0.489689 -0.0962447 -0.159008 -0.924744 -0.345782
0.00135824 0.161828 -0.129474 0.159008 0.924744 0.345782
-0.13861 0.350009 0.408969 -0.46984 0.0393702 0.881873
0.184417 0.064561 0.154389 -0.224516 0.374932 -0.899455
0.152683 -0.248838 0.0493761 -0.224516 0.374931 -0.899455
0.0314657 -0.00209103 0.182488 -0.224516 0.374931 -0.899455
0.0113685 0.0974151 0.0381855 0.159008 0.924744 0.345782
-0.166551 -0.462741 -0.131876 -0.159008 -0.924744 -0.345782
-0.199149 0.23258 0.310227 -0.9755 0.0932229 0.199272
-0.0714678 0.205507 0.353749 0.619425 -0.366171 0.694428
-0.188607 0.293367 0.29608 -0.944862 0.244093 -0.218297
-0.32712 -0.227119 0.0466089 -0.96141 0.0653867 0.267237
-0.0776636 -0.336938 -0.390143 -0.224516 0.374931 -0.899455
0.0289508 0.388838 0.271147 -0.656928 0.724225 -0.209625
-0.251732 -0.167489 0.237344 0.224516 -0.374931 0.899455
-0.374207 -0.279559 -0.109959 -0.96141 0.0653867 0.267237
0.00476947 0.054298 -0.247636 -0.224516 0.374931 -0.899455
-0.410907 -0.239315 -0.266268 -0.224516 0.374931 -0.899455
0.108079 -0.0110772 -0.228158 0.96141 -0.0653867 -0.267237
0.232687 0.260224 0.294185 -0.356076 -0.27295 0.893705
-0.0519426 -0.0086255 -0.259709 -0.224516 0.374931 -0.899455
-0.374912 -0.440772 -0.0948123 -0.159008 -0.924744 -0.345782
-0.058992 -0.508767 -0.0582458 -0.159008 -0.924744 -0.345782
-0.301961 -0.368768 0.16598 0.224516 -0.374931 0.899455
-0.233369 -0.366634 0.06123 0.224516 -0.374931 0.899455
0.0891268 -0.111034 -0.271884 0.96141 -0.0653867 -0.267237
-0.359109 -0.442284 -0.098038 -0.159008 -0.924744 -0.345782
-0.353614 -0.0824196 -0.0841082 -0.96141 0.0653866 0.267237
0.0203411 -0.284835 0.0674053 -0.224516 0.374931 -0.899455
0.07839 -0.337864 0.0839213 0.224516 -0.374931 0.899455
-0.0829037 0.167928 0.215315 -0.15901 -0.924743 -0.345784
-0.21712 -0.367092 0.0923907 -0.224516 0.374931 -0.899455
0.0260834 0.261547 0.187802 -0.497925 0.377547 -0.780723
0.180988 0.118672 0.225692 -0.159008 -0.924744 -0.345782
-0.193332 -0.0497552 0.183325 0.224516 -0.374931 0.899455
0.114083 -0.46195 0.0232875 0.224516 -0.374931 0.899455
-0.0514732 -0.378444 -0.410233 -0.159008 -0.924744 -0.345782
0.0144293 0.139257 0.247234 0.159008 0.924744 0.345782
-0.159922 0.228893 0.218843 -0.410561 0.380454 -0.828671
-0.0456224 0.230855 0.26933 0.941944 -0.0371859 -0.333704
-0.159013 -0.272151 0.117462 -0.224516 0.374931 -0.899455
-0.0456865 0.0218285 0.17631 0.224516 -0.374931 0.899455
0.252341 0.380256 0.287168 -0.166412 0.759166 0.629264
0.221366 0.018172 0.196644 0.224516 -0.374931 0.899455
0.118848 -0.430198 -0.0868687 0.96141 -0.0653867 -0.267237
-0.00700012 -0.0981802 0.205146 0.224516 -0.374931 0.899455
0.068458 0.40988 0.274989 -0.180889 0.971772 -0.151454
-0.365503 -0.188389 -0.100952 -0.96141 0.0653866 0.267237
0.0277924 0.256238 0.329331 -0.572288 -0.199061 0.795526
-0.211181 -0.0181245 -0.22392 -0.224516 0.374931 -0.899455
-0.219412 0.070109 0.275207 -0.224516 0.374931 -0.899455
0.288472 -0.319337 0.0392049 0.224516 -0.374931 0.899455
0.0848457 -0.184746 -0.269251 0.96141 -0.0653867 -0.267237
-0.112447 -0.346538 -0.385462 -0.224516 0.374931 -0.899455
-0.218105 -0.388634 0.0482497 0.224516 -0.374931 0.899455
-0.00274115 -0.491243 -0.13098 -0.159008 -0.924744 -0.345782
-0.0760402 0.10441 0.0596735 0.159008 0.924744 0.345782
-0.160426 -0.0926239 0.24576 0.224516 -0.374931 0.899455
-0.325521 0.158242 -0.121862 -0.224516 0.374931 -0.899455
-0.297651 -0.303916 0.171419 -0.96141 0.0653866 0.267237
-0.100339 -0.290883 -0.365286 -0.224516 0.374931 -0.899455
0.00142997 0.298816 0.240547 -0.891641 0.284889 -0.351872
-0.285874 -0.410076 0.144746 0.224516 -0.374931 0.899455
-0.297032 0.180169 -0.0413091 0.159008 0.924744 0.345782
0.0142199 0.15012 0.218279 -0.159008 -0.924744 -0.345782
0.229597 0.0307111 0.146705 -0.224516 0.374931 -0.899455
0.152762 0.301393 0.311558 0.891643 -0.284888 0.351868
-0.0726423 -0.274167 0.148173 0.224516 -0.374931 0.899455
0.305345 -0.35112 0.0165332 0.96141 -0.0653866 -0.267237
0.117165 -0.156842 0.0611827 0.224516 -0.374931 0.899455
0.0813738 0.093041 0.0176913 0.159008 0.924744 0.345782
0.10392 -0.384568 -0.151738 0.96141 -0.0653867 -0.267237
-0.294888 -0.342411 0.122091 -0.224516 0.374931 -0.899455
-0.120898 0.142535 -0.0216589 0.159008 0.924744 0.345782
0.176699 -0.17914 0.0724344 -0.224516 0.374931 -0.899455
-0.235713 -0.0463028 0.195343 0.224516 -0.374931 0.899455
0.211339 0.126583 0.190581 -0.159008 -0.924744 -0.345783
-0.0794185 -0.100087 0.13391 0.224516 -0.374931 0.899455
-0.286405 0.019685 -0.189383 -0.224516 0.374931 -0.899455
-0.0483451 0.104151 -0.213597 -0.224516 0.374931 -0.899455
0.0237403 0.381898 0.267386 -0.753973 0.609934 -0.243938
0.119701 0.294998 0.205045 0.572288 0.199061 -0.795526
0.0858539 -0.0957628 -0.287395 0.96141 -0.0653867 -0.267237
-0.0708195 0.407922 0.300443 0.37856 0.78402 -0.49194
0.236841 0.153309 0.259273 -0.0688285 -0.339003 0.938264
-0.292076 0.0381332 -0.180277 -0.224516 0.374931 -0.899455
-0.297115 0.140037 0.0647229 -0.96141 0.0653866 0.267237
0.196315 -0.0605302 0.17009 0.224516 -0.374931 0.899455
-0.210974 -0.149405 -0.278695 -0.224516 0.374931 -0.899455
0.00885188 -0.494833 -0.0526704 0.224516 -0.374931 0.899455
0.12045 -0.333141 0.0222806 -0.224516 0.374931 -0.899455
-0.0416863 0.0318304 0.179481 0.224516 -0.374931 0.899455
0.0192785 -0.103621 0.107801 0.224516 -0.374931 0.899455
-0.0142746 -0.0472467 0.228193 0.224516 -0.374931 0.899455
0.0462097 -0.376072 -0.0124905 0.224516 -0.374931 0.899455
-0.386816 -0.144026 -0.232561 -0.224516 0.374931 -0.899455
-0.230342 0.110685 0.294849 -0.224516 0.374931 -0.899455
0.259923 0.378198 0.291003 -0.0780565 0.722345 0.687113
0.0940894 -0.390643 0.0580018 0.224516 -0.374931 0.899455
-0.132462 -0.178418 0.114499 0.224516 -0.374931 0.899455
0.0533458 -0.333423 0.00350618 0.224516 -0.374931 0.899455
0.13795 -0.281227 0.00414547 0.224516 -0.374931 0.899455
0.0998807 0.406811 0.26458 0.227825 0.925902 -0.301334
0.209477 -0.143627 0.132166 0.224516 -0.374931 0.899455
-0.313492 -0.0911119 -0.228806 -0.224516 0.374931 -0.899455
-0.160397 0.179418 -0.102133 0.159008 0.924744 0.345782
-0.0871541 -0.375397 -0.401975 -0.159008 -0.924744 -0.345782
0.230488 0.390709 0.22884 -0.449342 0.889863 -0.078969
-0.00274014 -0.295618 0.0332647 0.224516 -0.374931 0.899455
-0.17774 0.053083 0.257708 0.224516 -0.374931 0.899455
-0.0859658 -0.268241 0.100858 -0.224516 0.374931 -0.899455
-0.315008 -0.467378 0.039614 0.224516 -0.374931 0.899455
-0.201983 -0.495633 -0.0276183 -0.159008 -0.924744 -0.345782
-0.0910005 -0.426641 0.00067964 0.224516 -0.374931 0.899455
0.0338617 0.133741 0.25305 0.159008 0.924744 0.345782
0.311233 0.27548 0.158935 0.685801 0.14849 -0.71248
0.0992683 -0.301976 0.00515162 0.224516 -0.374931 0.899455
0.0910403 0.120179 -0.059331 0.159008 0.924744 0.345782
0.0998078 0.383269 0.347033 0.225266 0.621546 0.750291
-0.125901 -0.457469 -0.164667 -0.159008 -0.924744 -0.345782
0.0142691 0.330767 0.237543 -0.789971 0.329244 -0.517246
-0.285522 0.0501535 -0.176903 -0.224516 0.374931 -0.899455
0.179406 -0.282007 0.0819898 0.224516 -0.374931 0.899455
-0.0503301 0.270172 0.367424 0.727087 -0.346616 0.592623
0.0201327 0.102648 0.228977 0.224516 -0.374931 0.899455
-0.0501374 -0.150562 -0.319325 -0.224516 0.374931 -0.899455
-0.3453 -0.285974 -0.00439212 -0.96141 0.0653867 0.267237
-0.171493 -0.439948 0.0857452 -0.159008 -0.924744 -0.345782
-0.379526 -0.0887822 -0.175773 -0.96141 0.0653866 0.267237
-0.00094992 -0.134893 -0.325071 -0.224516 0.374931 -0.899455
0.245836 -0.324336 -0.00534727 -0.224516 0.374931 -0.899455
0.019966 0.121379 0.2925 -0.159007 -0.924744 -0.345782
-0.0861252 -0.0272188 0.254477 0.224516 -0.374931 0.899455
-0.134288 0.15923 -0.169185 -0.224516 0.374931 -0.899455
-0.00369887 -0.225987 0.151047 0.224516 -0.374931 0.899455
-0.289494 -0.118428 0.15538 -0.96141 0.0653867 0.267237
0.11276 -0.0422267 -0.203696 0.96141 -0.0653867 -0.267237
0.128536 0.0197206 0.16735 -0.224516 0.374931 -0.899455
0.0153665 -0.0609678 0.126557 0.224516 -0.374931 0.899455
0.0779104 -0.519053 -0.0936925 -0.159008 -0.924744 -0.345782
0.100816 -0.346295 0.0216982 -0.224516 0.374931 -0.899455
-0.195634 0.0728734 0.199009 0.159008 0.924744 0.345782
-0.217177 -0.371639 -0.352234 -0.159008 -0.924744 -0.345782
-0.0679386 -0.0771783 0.176001 -0.224516 0.374931 -0.899455
0.0154472 -0.150172 0.12476 -0.224516 0.374931 -0.899455
-0.0764455 0.0399584 0.191545 0.224516 -0.374931 0.899455
0.0312311 -0.207659 0.0968572 -0.224516 0.374931 -0.899455
0.222344 -0.128126 0.0823059 -0.224516 0.374931 -0.899455
0.0429759 -0.366849 -0.375325 0.96141 -0.0653867 -0.267237
-0.18531 -0.463155 0.00899986 0.224516 -0.374931 0.899455
0.36988 0.0613313 0.147788 0.96141 -0.0653866 -0.267237
-0.414863 -0.362941 -0.235821 -0.96141 0.0653867 0.267237
-0.121466 -0.254182 0.11558 -0.224516 0.374931 -0.899455
-0.13063 -0.0916387 0.185622 -0.224516 0.374931 -0.899455
0.0039882 0.28862 0.227081 -0.845008 0.308599 -0.436724
0.135376 -0.0735041 -0.114682 0.96141 -0.0653867 -0.267237
0.326476 -0.0368527 0.14747 0.224516 -0.374931 0.899455
-0.131388 0.0882295 0.313899 0.224516 -0.374931 0.899455
0.239088 -0.340129 -0.0102459 -0.224516 0.374931 -0.899455
0.0252302 -0.160522 -0.342289 -0.224516 0.374931 -0.899455
0.0794481 -0.0224682 0.162017 -0.224516 0.374931 -0.899455
0.315053 0.381128 0.253156 0.619266 0.758592 0.202605
0.292519 0.392748 0.217071 0.33507 0.913178 -0.232023
0.151099 0.00104734 -0.076359 0.96141 -0.0653867 -0.267237
0.317753 0.352183 0.288734 0.659748 0.392454 0.640869
-0.0801937 -0.0641091 0.184508 -0.224516 0.374931 -0.899455
-0.242273 0.0621004 0.281091 -0.96141 0.0653867 0.267237
0.287095 -0.076897 0.0874973 -0.224516 0.374931 -0.899455
-0.30547 -0.0968085 0.0926151 -0.96141 0.0653867 0.267237
-0.152056 -0.129277 0.139874 0.224516 -0.374931 0.899455
-0.310485 0.065788 0.0347875 -0.96141 0.0653866 0.267237
0.196521 0.125711 0.199725 0.159008 0.924744 0.345782
-0.130256 0.277378 0.395358 -0.262627 -0.298 0.917727
-0.106277 -0.306218 0.143208 0.224516 -0.374931 0.899455
0.00967407 0.13157 0.269978 0.159008 0.924744 0.345782
-0.308737 0.0952775 0.0338619 -0.96141 0.0653866 0.267237
0.0741732 0.0451841 0.191534 -0.224516 0.374931 -0.899455
0.117591 -0.103362 0.118776 -0.224516 0.374931 -0.899455
0.286439 -0.293049 -0.00244019 -0.224516 0.374931 -0.899455
-0.127782 0.127544 0.343954 -0.159009 -0.924744 -0.345782
-0.0479951 0.10302 0.299248 0.224516 -0.374931 0.899455
0.0694948 -0.427707 0.0486914 0.224516 -0.374931 0.899455
-0.0989631 0.177937 0.356882 0.319131 -0.379579 0.868375
-0.00767977 -0.232632 -0.364133 -0.224516 0.374931 -0.899455
-0.125118 -0.0832131 0.187759 -0.224516 0.374931 -0.899455
-0.134168 -0.435539 0.00774558 0.224516 -0.374931 0.899455
0.197957 0.180349 0.0991055 -0.454809 0.379472 -0.805698
0.272704 -0.113228 0.0759453 -0.224516 0.374931 -0.899455
0.296657 0.355283 0.301675 0.388606 0.451578 0.803158
0.258533 -0.312533 -0.00359646 -0.224516 0.374931 -0.899455
-0.0854676 -0.422464 -0.276878 -0.159008 -0.924744 -0.345782
-0.0431379 0.0641006 0.228702 -0.224516 0.374931 -0.899455
-0.371176 -0.263562 -0.10297 -0.96141 0.0653867 0.267237
-0.199301 0.0667079 0.268769 -0.224516 0.374931 -0.899455
-0.218401 -0.3879 -0.308183 -0.159008 -0.924744 -0.345782
0.121398 0.116818 -0.211535 0.96141 -0.0653867 -0.267237
0.104457 0.0182089 -0.248354 0.96141 -0.0653867 -0.267237
0.31021 0.175816 0.14232 0.86467 0.0386026 -0.500855
-0.213812 0.0487247 -0.195398 -0.224516 0.374931 -0.899455
0.074143 -0.105238 -0.327208 0.96141 -0.0653867 -0.267237
0.0226133 -0.0674182 0.12206 0.224516 -0.374931 0.899455
-0.358397 -0.236362 -0.278144 -0.224516 0.374931 -0.899455
-0.0205987 -0.117855 0.111822 0.224516 -0.374931 0.899455
0.104126 -0.209323 -0.193875 0.96141 -0.0653867 -0.267237
0.295144 0.361636 0.298543 0.366443 0.536872 0.759926
0.0834865 0.349954 0.209497 0.0196672 0.347202 -0.937584
0.31339 0.27573 0.161105 0.720345 0.13084 -0.681164
-0.0535468 0.185323 0.238187 0.159008 0.924744 0.345783
-0.0155628 -0.133092 0.104213 0.224516 -0.374931 0.899455
-0.00186375 0.164901 -0.13621 0.159008 0.924744 0.345782
-0.0700509 0.240206 0.370356 0.539796 -0.374684 0.753812
0.113348 0.151512 -0.153384 0.159008 0.924744 0.345782
-0.127417 -0.261757 0.167018 0.224516 -0.374931 0.899455
0.0472314 -0.100101 0.137698 -0.224516 0.374931 -0.899455
0.341317 -0.097437 0.0838752 0.96141 -0.0653866 -0.267237
0.085359 -0.444472 -0.203855 0.96141 -0.0653867 -0.267237
0.0409578 0.299824 0.349265 -0.48934 -0.230371 0.841116
-0.175896 -0.302184 0.0737496 0.224516 -0.374931 0.899455
0.15895 0.111642 -0.0677283 0.159008 0.924744 0.345782
-0.150803 0.0759424 0.170186 0.159008 0.924744 0.345782
0.0639337 0.105366 -0.00725032 0.159008 0.924744 0.345782
0.134765 0.0564636 -0.148678 0.96141 -0.0653867 -0.267237
-0.0594379 -0.135828 0.149432 -0.224516 0.374931 -0.899455
0.141534 -0.0980238 0.168135 0.224516 -0.374931 0.899455
-0.239849 -0.308961 -0.337997 -0.224516 0.374931 -0.899455
-0.0788659 0.0318792 0.224189 -0.224516 0.374931 -0.899455
-0.127317 -0.434905 -0.224361 -0.159008 -0.924744 -0.345782
-0.127434 0.103082 0.319103 0.224516 -0.374931 0.899455
-0.126049 -0.467783 -0.137018 -0.159008 -0.924744 -0.345782
-0.292857 -0.246647 0.126095 0.224516 -0.374931 0.899455
0.25886 0.11383 0.156345 -0.224516 0.374931 -0.899455
-0.0548249 -0.423274 0.0284603 -0.224516 0.374931 -0.899455
0.133634 -0.212638 -0.0869057 0.96141 -0.0653867 -0.267237
0.00910908 -0.232227 -0.368155 -0.224516 0.374931 -0.899455
0.161134 0.176976 0.179865 -0.986284 0.16449 0.0136382
-0.363866 -0.431841 -0.123779 -0.159008 -0.924744 -0.345782
-0.108553 -0.154733 0.118404 0.224516 -0.374931 0.899455
0.155504 -0.0230016 0.195921 0.224516 -0.374931 0.899455
-0.282939 -0.193438 0.197315 -0.96141 0.0653867 0.267237
0.052888 0.02654 -0.271218 -0.224516 0.374931 -0.899455
-0.225761 -0.391118 0.137643 0.224516 -0.374931 0.899455
0.0160071 -0.472652 -0.189321 -0.159008 -0.924744 -0.345782
0.0607933 -0.350242 -0.315288 0.96141 -0.0653867 -0.267237
-0.00590687 -0.204464 0.0720519 0.224516 -0.374931 0.899455
-0.0377553 -0.203843 -0.344625 -0.224516 0.374931 -0.899455
-0.00987422 -0.501716 -0.0508651 0.224516 -0.374931 0.899455
-0.280502 -0.422822 0.138092 0.224516 -0.374931 0.899455
0.0329974 0.13889 0.239677 -0.159008 -0.924744 -0.345783
-0.270454 -0.46009 -0.0911853 -0.159008 -0.924744 -0.345782
0.0640765 0.160379 0.167917 -0.159007 -0.924744 -0.345782
0.00643323 -0.162631 0.0864094 0.224516 -0.374931 0.899455
0.327882 -0.175642 0.0546754 0.96141 -0.0653866 -0.267237
0.0895585 -0.437466 -0.0489028 0.224516 -0.374931 0.899455
-0.249048 0.190353 -0.0906095 0.159008 0.924744 0.345782
0.104432 -0.033847 -0.235709 0.96141 -0.0653867 -0.267237
0.0677421 -0.317725 -0.298245 0.96141 -0.0653867 -0.267237
0.306164 0.28155 0.294885 0.497919 -0.377547 0.780727
0.0131856 -0.195949 0.159354 0.224516 -0.374931 0.899455
0.0673033 0.338278 0.365836 -0.18782 0.0546782 0.98068
0.0678154 -0.354262 -0.289042 0.96141 -0.0653867 -0.267237
-0.180849 -0.134263 0.18039 -0.224516 0.374931 -0.899455
-0.0720864 -0.328129 0.0370222 0.224516 -0.374931 0.899455
0.263474 0.0634104 0.15188 0.224516 -0.374931 0.899455
0.235342 -0.053798 0.163155 0.224516 -0.374931 0.899455
-0.204029 0.142537 0.301558 -0.224516 0.374931 -0.899455
-0.155476 -0.221655 0.137627 -0.224516 0.374931 -0.899455
0.0721084 0.0806706 0.206842 0.224516 -0.374931 0.899455
-0.0574808 0.2342 0.355157 0.727088 -0.346616 0.592622
-0.0176197 -0.156978 0.183288 0.224516 -0.374931 0.899455
0.0549576 -0.0018116 0.176741 -0.224516 0.374931 -0.899455
0.0312454 -0.473699 -0.193525 -0.159008 -0.924744 -0.345782
0.355035 -0.00622197 0.11091 0.96141 -0.0653866 -0.267237
-0.339145 0.0591576 -0.159764 -0.224516 0.374931 -0.899455
-0.28775 -0.0781555 0.1518 -0.96141 0.0653867 0.267237
-0.320463 -0.155477 0.0530317 -0.96141 0.0653867 0.267237
0.14184 0.243458 0.292327 0.891642 -0.284888 0.35187
-0.275205 0.0358161 0.169045 -0.96141 0.0653866 0.267237
-0.143497 -0.0455824 0.208032 -0.224516 0.374931 -0.899455
0.228643 -0.437723 -0.04832 -0.224516 0.374931 -0.899455
0.0255589 -0.0829555 0.114848 0.224516 -0.374931 0.899455
0.198508 0.231219 0.264631 -0.685799 -0.148491 0.712482
0.143039 0.0347394 0.134583 0.224516 -0.374931 0.899455
-0.339335 -0.108852 -0.0262697 -0.96141 0.0653866 0.267237
-0.153445 -0.323881 0.0945083 -0.224516 0.374931 -0.899455
0.214919 -0.253776 0.0317827 -0.224516 0.374931 -0.899455
0.345645 0.0466643 0.177499 0.224516 -0.374931 0.899455
0.134505 -0.252004 0.0171864 0.224516 -0.374931 0.899455
-0.00547393 -0.274191 0.0782859 -0.224516 0.374931 -0.899455
-0.155113 -0.440172 0.0788121 -0.159008 -0.924744 -0.345782
-0.155417 0.128238 0.0324492 0.159008 0.924744 0.345782
0.0963014 0.0752566 0.198546 -0.224516 0.374931 -0.899455
-0.142492 -0.310677 0.0618714 0.224516 -0.374931 0.899455
-0.330161 0.185546 -0.0652988 -0.96141 0.0653866 0.267237
0.112063 -0.233421 -0.159423 0.96141 -0.0653867 -0.267237
0.278601 0.0868908 0.211002 0.224516 -0.374931 0.899455
-0.247907 -0.460164 -0.101355 -0.159008 -0.924744 -0.345782
0.0837643 0.366304 0.360132 0.0242697 0.398545 0.916828
-0.0907199 -0.0310984 0.254007 0.224516 -0.374931 0.899455
0.0948544 0.110124 0.208764 0.96141 -0.0653866 -0.267237
0.171969 -0.359634 -0.00162271 -0.224516 0.374931 -0.899455
-0.238295 -0.306509 0.17604 0.224516 -0.374931 0.899455
0.1148 -0.105573 0.0831441 0.224516 -0.374931 0.899455
0.282025 0.382436 0.284035 0.187309 0.793425 0.579131
0.257211 0.0147667 0.133166 -0.224516 0.374931 -0.899455
0.25927 -0.297477 0.0556064 0.224516 -0.374931 0.899455
-0.201451 -0.186305 0.21695 0.224516 -0.374931 0.899455
0.119732 -0.0640674 0.187732 0.224516 -0.374931 0.899455
-0.133833 -0.384051 -0.357365 -0.159008 -0.924744 -0.345782
0.0395688 -0.181869 0.158637 0.224516 -0.374931 0.899455
-0.113394 0.414906 0.302764 -0.153805 0.868098 -0.471964
0.139416 -0.45123 0.0214326 0.224516 -0.374931 0.899455
0.315867 0.139641 0.130889 0.907817 0.000712995 -0.419367
-0.0265919 0.316282 0.316955 0.9755 -0.0932229 -0.199272
-0.0561286 0.0729284 0.13471 0.159008 0.924744 0.345782
-0.181925 0.256604 0.252594 -0.759477 0.33835 -0.555621
-0.0641845 -0.0444602 0.153295 0.224516 -0.374931 0.899455
-0.00637461 -0.22704 0.098165 -0.224516 0.374931 -0.899455
-0.158993 -0.0163045 0.277215 0.224516 -0.374931 0.899455
-0.118741 -0.125158 -0.291611 -0.224516 0.374931 -0.899455
-0.288118 -0.27577 0.148179 -0.224516 0.374931 -0.899455
0.302567 0.224451 0.268856 0.580333 -0.370889 0.725021
-0.00846724 -0.00827776 0.15447 0.224516 -0.374931 0.899455
-0.121383 0.180609 0.199098 -0.159007 -0.924744 -0.345782
-0.0795726 -0.0312415 0.162646 0.224516 -0.374931 0.899455
-0.0787397 0.404689 0.387027 0.279811 0.758677 0.588315
0.0359533 -0.151008 0.172404 0.224516 -0.374931 0.899455
-0.0120052 -0.383589 -0.00109275 0.224516 -0.374931 0.899455
-0.278941 -0.032651 -0.213062 -0.224516 0.374931 -0.899455
0.24674 -0.361364 0.0321031 0.224516 -0.374931 0.899455
0.0366759 0.0476424 0.201919 -0.224516 0.374931 -0.899455
-0.145693 -0.191679 0.112273 0.224516 -0.374931 0.899455
-0.0471672 0.303385 0.382917 0.692891 -0.35402 0.62815
-0.124209 -0.43701 0.0931645 0.224516 -0.374931 0.899455
-0.393036 -0.255479 -0.183589 -0.96141 0.0653866 0.267237
0.20592 -0.0837075 0.104921 -0.224516 0.374931 -0.899455
0.0358323 -0.00567604 0.144497 0.224516 -0.374931 0.899455
-0.130967 0.0844568 -0.201183 -0.224516 0.374931 -0.899455
0.298734 -0.312901 -0.0137847 -0.224516 0.374931 -0.899455
-0.345215 -0.0817324 -0.0540608 -0.96141 0.0653866 0.267237
-0.00104625 0.310882 0.263947 -0.968672 0.213804 -0.126345
-0.0891228 0.117349 0.262376 0.224516 -0.374931 0.899455
-0.0524151 0.0401332 -0.239266 -0.224516 0.374931 -0.899455
0.121646 0.378841 0.236058 0.472169 0.598815 -0.646898
0.138162 -0.100487 0.11484 -0.224516 0.374931 -0.899455
-0.163557 0.24543 0.368995 -0.611672 -0.182647 0.769738
-0.101426 -0.377618 -0.389472 -0.159008 -0.924744 -0.345782
-0.058159 0.392401 0.29131 0.550325 0.571202 -0.608992
0.228304 0.249997 0.289315 -0.356078 -0.272949 0.893704
0.0397374 -0.338382 -0.393941 0.96141 -0.0653867 -0.267237
0.192847 -0.152475 0.132629 0.224516 -0.374931 0.899455
-0.0733607 -0.0386313 0.193423 -0.224516 0.374931 -0.899455
-0.278486 0.0337722 0.157741 -0.96141 0.0653866 0.267237
0.0560646 -0.307823 0.0134987 0.224516 -0.374931 0.899455
0.258441 -0.440351 -0.0568535 -0.224516 0.374931 -0.899455
0.174702 -0.317201 0.0153828 -0.224516 0.374931 -0.899455
0.0343537 0.172792 -0.173968 0.159008 0.924744 0.345782
-0.263522 -0.390426 0.147357 0.224516 -0.374931 0.899455
0.00736523 -0.510938 -0.0590124 0.224516 -0.374931 0.899455
0.0688746 -0.32914 0.0368224 -0.224516 0.374931 -0.899455
0.241017 -0.127876 0.0777486 -0.224516 0.374931 -0.899455
0.016098 -0.145619 0.179606 0.224516 -0.374931 0.899455
-0.17869 -0.0400448 0.219125 -0.224516 0.374931 -0.899455
-0.0995476 -0.50566 -0.0301256 0.224516 -0.374931 0.899455
-0.290295 -0.00498451 0.12474 -0.96141 0.0653866 0.267237
0.0547269 0.170023 0.146425 -0.159009 -0.924744 -0.345782
0.173674 -0.00461513 0.00624206 0.96141 -0.0653867 -0.267237
0.179025 -0.00866225 0.026486 0.96141 -0.0653867 -0.267237
-0.338892 0.0764477 -0.0700172 -0.96141 0.0653866 0.267237
0.127077 0.0274299 -0.169234 0.96141 -0.0653867 -0.267237
-0.308987 0.152252 0.0190209 -0.96141 0.0653866 0.267237
-0.0742688 0.226656 0.366642 0.539796 -0.374684 0.753812
