ply
format ascii 1.0
comment Created by Open3D
element vertex 2096
property double x
property double y
property double z
property double nx
property double ny
property double nz
end_header
0.072044 0.284134 -0.111172 -0.0972903 0.994235 -0.0450801
0.30995 0.0104729 0.11769 0.0940046 0.0542849 0.994091
-0.51618 0.177383 0.0503307 -0.990806 -0.0924791 0.0987442
0.273107 0.153611 0.0603866 -0.94314 0.324623 0.0714596
-0.36697 0.00450716 0.112926 -0.0940047 -0.0542849 -0.994091
-0.244146 0.102769 0.135307 -0.835322 0.547565 0.0490898
-0.393639 0.106708 0.109867 -0.0940047 -0.0542849 -0.994091
0.464206 -0.231405 -0.0427086 -0.990806 -0.0924788 0.0987441
-0.491254 -0.162665 -0.0180295 -0.990806 -0.0924786 0.0987471
-0.237231 0.240647 0.145347 0.0940022 0.0542848 0.994091
-0.308134 -0.151191 0.0677826 -0.990806 -0.092479 0.0987442
0.3101 0.239558 0.0347109 0.990806 0.092479 -0.0987442
-0.305402 -0.175619 0.0723114 -0.990806 -0.092479 0.0987442
0.425829 0.112186 0.0320759 -0.0940047 -0.0542849 -0.994091
0.194682 0.240372 -0.0790974 0.982298 0.0886403 -0.165024
-0.197407 -0.248382 0.0749046 0.990806 0.092479 -0.0987441
-0.301226 0.0589135 0.0231187 -0.0940047 -0.0542849 -0.994091
-0.485398 -0.225406 -0.0180295 -0.990806 -0.0924788 0.0987455
0.496591 0.00145251 -0.0794006 0.990806 0.0924791 -0.0987442
-0.218435 -0.0836373 0.0230741 -0.0940046 -0.0542849 -0.994091
-0.483433 -0.109117 0.110591 -0.990806 -0.0924732 0.0987546
0.483496 -0.219495 -0.156629 -0.0940048 -0.0542849 -0.994091
-0.495352 -0.0010378 0.092221 -0.990806 -0.0924791 0.0987442
0.432331 0.271793 0.0803303 0.0940046 0.054285 0.994091
-0.44528 0.0735684 0.0847896 0.990806 0.092479 -0.098744
0.370348 -0.0866687 0.0481813 -0.0940047 -0.0542849 -0.994091
0.254226 -0.1749 0.0987926 -0.990806 -0.092479 0.0987442
0.467098 0.246458 -0.145871 0.990805 0.0924771 -0.098762
-0.225698 0.00254101 0.0260338 0.990806 0.092479 -0.0987441
-0.328277 -0.111974 0.18473 0.0940047 0.0542849 0.994091
-0.334957 0.106307 0.0397934 -0.990806 -0.092479 0.0987442
0.485193 0.129822 -0.0735445 0.990806 0.0924791 -0.0987442
0.0549394 0.227667 -0.130504 0.342235 0.935899 -0.0834702
0.444079 0.0313103 0.00138292 -0.990806 -0.092479 0.0987442
-0.112505 0.18457 -0.147012 -0.0940047 -0.0542849 -0.994091
-0.426923 -0.124026 0.0839289 0.990806 0.092479 -0.098744
-0.272269 0.255836 0.00779494 -0.0972808 0.994234 -0.0451047
-0.215863 0.176133 -0.0939676 0.0972902 -0.994234 0.0450979
0.299077 0.314318 0.0644934 -0.0972926 0.994234 -0.0450916
0.452327 -0.0499985 0.00799321 -0.990806 -0.092479 0.0987442
0.349333 -0.190544 0.0255625 0.990806 0.092479 -0.0987442
-0.502041 -0.0989304 -0.0665772 -0.990806 -0.0924791 0.0987435
-0.372862 0.251033 0.118927 -0.0972929 0.994234 -0.0450923
0.238497 0.108732 0.107564 0.0940043 0.0542848 0.994091
-0.459911 0.162759 0.170658 0.0940046 0.0542848 0.994091
0.233839 0.291271 0.0980368 0.0940047 0.0542849 0.994091
-0.456782 0.0129779 -0.0804074 -0.0940047 -0.0542849 -0.994091
-0.362152 0.136905 0.162825 0.0940047 0.0542849 0.994091
0.517973 -0.109695 0.0310569 0.990806 0.092479 -0.0987444
0.468655 0.112552 0.0855912 0.0940047 0.0542849 0.994091
-0.481117 -0.231763 -0.0647414 -0.0940046 -0.0542849 -0.994091
-0.451633 -0.308706 -0.0633279 -0.0940046 -0.0542849 -0.994091
0.383594 -0.216987 0.0540452 -0.0940047 -0.0542849 -0.994091
0.491815 0.159378 0.0205823 0.990806 0.092479 -0.0987444
-0.32733 0.252896 0.061777 -0.0972929 0.994234 -0.0450924
0.511528 -0.238857 -0.154583 0.990806 0.0924795 -0.0987444
-0.29888 -0.107831 0.181724 0.0940047 0.0542849 0.994091
-0.306501 0.254646 0.0554127 -0.0972929 0.994234 -0.0450924
-0.438004 0.164726 0.110894 -0.0940047 -0.0542849 -0.994091
0.236357 -0.0179821 0.0664588 -0.990806 -0.092479 0.0987442
-0.432859 -0.0722999 0.0728122 0.990806 0.092479 -0.098744
0.357396 -0.0783019 0.118051 0.0940046 0.0542849 0.994091
-0.481755 -0.250401 -0.00488953 -0.990807 -0.0924795 0.0987404
-0.362499 -0.310878 0.148194 0.0972929 -0.994234 0.0450922
0.456279 -0.111926 -0.0103464 -0.990806 -0.092479 0.0987442
0.340238 0.315799 0.0290509 -0.0940047 -0.0542849 -0.994091
-0.25558 -0.1214 0.0286488 -0.0940027 -0.0542846 -0.994091
-0.449651 0.0683219 0.0360197 0.990806 0.092479 -0.0987442
0.488232 0.155784 -0.0187375 0.990806 0.0924791 -0.0987442
-0.522377 0.15088 -0.0366737 -0.990806 -0.092477 0.0987477
0.38913 -0.157008 0.119348 0.0940047 0.0542848 0.994091
0.299128 0.0365029 0.11644 -0.990806 -0.092479 0.0987439
0.426184 -0.0857012 0.0428485 -0.0940047 -0.0542849 -0.994091
-0.478851 -0.213572 0.0587376 -0.990806 -0.092479 0.0987442
-0.342095 -0.23457 0.123629 -0.0940047 -0.0542849 -0.994091
0.410967 0.288039 -0.0904281 -0.990808 -0.0924673 0.0987406
0.13168 0.256373 -0.0304918 -0.584663 -0.0204305 0.811019
-0.485722 0.22627 0.169631 0.0940047 0.0542849 0.994091
0.456244 0.324303 -0.0544689 -0.0972927 0.994234 -0.0450924
-0.253312 -0.24615 0.070114 0.992927 0.0676222 -0.0975874
0.370371 0.199251 0.0901509 0.0940046 0.054285 0.994091
0.423541 0.254779 0.0245056 -0.0940047 -0.0542849 -0.994091
-0.346774 0.00301528 0.178812 -0.990806 -0.092479 0.0987436
-0.435394 0.0120097 0.118987 -0.0940047 -0.0542849 -0.994091
-0.39157 -0.146049 0.123474 -0.0940047 -0.0542849 -0.994091
0.214538 0.22704 0.0770014 -0.990806 -0.092479 0.0987441
-0.232005 -0.0456644 0.160488 0.0940043 0.0542849 0.994091
-0.249251 -0.260518 0.0427904 0.641355 0.760411 -0.102173
-0.459719 0.0181099 0.178539 0.0940047 0.0542849 0.994091
-0.200148 -0.131592 0.156788 0.990806 0.092479 -0.0987441
-0.438702 -0.121123 -0.0315472 0.990806 0.0924782 -0.0987495
0.0568686 0.204141 -0.0648849 0.0972927 -0.994234 0.0450923
-0.362621 -0.161593 0.17917 0.0940047 0.0542849 0.994091
0.316318 -0.246258 0.108361 0.0972928 -0.994234 0.0450924
-0.296157 -0.17181 0.18496 0.0940047 0.0542849 0.994091
0.31111 0.173985 -0.0165651 0.990806 0.092479 -0.0987442
-0.487576 0.212925 -0.0884141 -0.0940047 -0.0542849 -0.994091
0.3624 -0.165219 0.0532224 -0.0940047 -0.0542849 -0.994091
-0.501688 0.0366477 0.0639409 -0.990806 -0.0924791 0.0987442
-0.492576 -0.0243674 0.0982286 -0.990806 -0.0924791 0.0987442
0.499636 -0.113221 -0.156241 0.990806 0.0924789 -0.0987456
-0.249744 0.194812 -0.00552216 -0.881997 -0.107123 -0.458918
-0.445183 0.048172 0.061975 0.990806 0.092479 -0.0987442
-0.490155 0.00462867 0.149675 -0.990806 -0.0924791 0.0987442
-0.206646 -0.151052 0.0733544 0.990806 0.092479 -0.0987441
-0.135875 0.182589 -0.124221 0.0972905 -0.994234 0.0450892
0.138053 0.211868 -0.0696849 0.0972953 -0.994234 0.0450908
-0.467865 -0.20744 0.174717 -0.990806 -0.092479 0.0987442
-0.415798 -0.291641 0.1913 0.0940046 0.054285 0.994091
0.493411 -0.206883 0.100694 0.0940047 0.0542849 0.994091
0.366443 0.246038 0.0879674 0.0940046 0.0542851 0.994091
0.429527 0.188488 0.00257735 -0.990806 -0.092479 0.0987442
-0.475736 -0.086291 0.185754 0.0940047 0.0542849 0.994091
0.421048 0.231345 -0.0423684 -0.990806 -0.092479 0.0987441
-0.287339 -0.126241 0.0319164 -0.0940047 -0.0542849 -0.994091
-0.386161 -0.306166 0.131706 -0.0940047 -0.0542849 -0.994091
0.436049 0.321234 -0.078553 -0.0972927 0.994234 -0.0450924
-0.449724 -0.327578 -0.031829 0.0972928 -0.994234 0.0450923
0.256961 0.223891 0.0995298 0.0940047 0.0542849 0.994091
-0.235242 -0.0711851 0.162188 0.09401 0.054285 0.99409
-0.501095 -0.0741626 -0.0338919 -0.990807 -0.0924796 0.0987388
-0.46682 0.212993 -0.000764208 0.990807 0.092477 -0.0987437
0.320958 0.101279 0.0141562 0.990806 0.092479 -0.0987442
-0.324431 0.255086 0.103798 -0.0972928 0.994234 -0.0450925
-0.39225 -0.054933 0.176147 0.0940047 0.0542849 0.994091
0.456975 -0.22988 -0.113834 -0.990806 -0.0924788 0.0987441
0.135961 0.237074 -0.0744209 -0.35669 -0.0771307 -0.931033
0.224365 0.197937 0.104029 0.0940114 0.0542858 0.99409
-0.342416 -0.167301 0.119986 -0.0940047 -0.0542849 -0.994091
-0.237925 0.178813 0.0127271 0.0972926 -0.994234 0.0450923
0.42922 -0.0248539 0.0968237 0.0940046 0.0542849 0.994091
-0.496989 0.230198 -0.0726347 -0.0972928 0.994234 -0.0450923
0.444299 -0.201799 0.0474753 -0.0940047 -0.0542849 -0.994091
-0.132456 0.239905 -0.130919 0.146574 -0.988386 0.0401129
-0.381152 0.026892 0.113045 -0.0940047 -0.0542849 -0.994091
0.424511 0.0794995 -0.149829 -0.990806 -0.0924789 0.0987453
-0.310214 -0.230422 0.18949 0.0940047 0.0542849 0.994091
-0.415441 -0.27332 0.0593171 0.990806 0.092479 -0.098744
0.405227 -0.232614 0.110438 0.0940047 0.0542849 0.994091
0.253925 -0.204638 0.0679235 -0.990806 -0.092479 0.0987442
-0.498554 -0.137354 -0.0675788 -0.990806 -0.0924791 0.0987435
-0.317994 0.215587 0.154353 0.0940047 0.0542848 0.994091
-0.228062 0.256261 -0.0782166 -0.0972929 0.994234 -0.0450925
0.257842 -0.0049822 0.111945 0.0940027 0.0542846 0.994091
0.415618 0.185151 -0.140115 -0.990807 -0.0924795 0.0987333
-0.331225 0.134056 0.160056 0.0940047 0.0542849 0.994091
0.457434 -0.197344 -0.0787609 -0.990806 -0.0924801 0.0987437
-0.284574 -0.224197 0.186725 0.0940047 0.0542849 0.994091
-0.480822 -0.178305 0.071996 -0.990806 -0.092479 0.0987442
0.421485 -0.188742 0.0489197 -0.0940047 -0.0542849 -0.994091
0.439068 0.000638987 -0.0776228 -0.990806 -0.092479 0.0987441
-0.368443 -0.0491022 0.173578 0.0940046 0.0542848 0.994091
0.09299 0.221353 -0.11978 0.914242 0.107186 0.390735
0.500085 0.0919856 0.0404446 0.990806 0.092479 -0.0987444
0.417111 0.242517 -0.0714099 -0.990806 -0.092479 0.0987441
0.406805 -0.0914362 0.102579 0.0940046 0.0542849 0.994091
-0.305283 0.123182 0.0199928 -0.0940047 -0.0542849 -0.994091
0.0222939 0.213364 -0.0981603 0.094002 0.0542886 0.994091
0.445612 -0.0184276 -0.0298173 -0.990806 -0.092479 0.0987442
-0.260279 -0.112301 0.1668 0.0940056 0.054285 0.994091
0.223069 0.0774956 0.0225397 -0.990806 -0.092479 0.0987442
-0.401401 -0.236196 0.198428 0.0940047 0.0542849 0.994091
0.497955 0.0605087 -0.0104027 0.990806 0.092479 -0.0987444
0.366286 0.101086 0.0383127 -0.0940047 -0.0542849 -0.994091
-0.197546 -0.268259 0.0549017 0.990806 0.092479 -0.0987441
0.409844 -0.162509 0.0485879 -0.0940047 -0.0542849 -0.994091
-0.241246 -0.302894 0.0626089 0.097293 -0.994234 0.0450924
-0.485354 -0.246337 -0.0371988 -0.990809 -0.0924819 0.0987182
0.259023 0.0501087 0.108825 0.0939949 0.0542836 0.994092
0.286799 0.237928 -0.0422625 -0.0940047 -0.0542849 -0.994091
-0.139787 0.261939 -0.143503 -0.0972928 0.994234 -0.0450927
0.43502 0.0618885 -0.0608797 -0.990806 -0.092479 0.0987441
0.468439 0.219163 -0.157985 0.990806 0.0924789 -0.0987442
-0.168361 0.185388 -0.0053819 0.725699 0.101875 0.680428
-0.459958 0.0856454 -0.0511758 0.990805 0.0924764 -0.0987628
-0.509128 0.0953643 0.0442782 -0.990806 -0.0924791 0.0987442
0.442679 0.0573787 0.0117546 -0.990806 -0.092479 0.0987442
-0.436109 -0.165305 -0.0469041 0.990805 0.092477 -0.0987617
-0.451729 0.0947151 0.0398846 0.990806 0.092479 -0.0987442
0.0384749 0.283737 -0.0448767 -0.21785 0.975435 -0.0326654
-0.204567 -0.194197 0.0538122 0.990806 0.092479 -0.0987441
-0.499776 0.0117086 -0.0762724 -0.0940046 -0.0542849 -0.994091
0.219236 0.173184 0.0736966 -0.990806 -0.092479 0.0987441
0.441356 -0.0783296 -0.128627 -0.990805 -0.0924788 0.0987581
-0.507649 0.0440915 -0.0772963 -0.0940046 -0.0542849 -0.994091
0.0692529 0.227492 -0.0533777 -0.0972943 0.994234 -0.0450924
-0.180278 0.244949 -0.00159011 0.725699 0.101875 0.680428
0.159086 0.244324 -0.173306 0.31095 -0.0126729 -0.950342
0.393536 0.245699 0.0854239 0.0940046 0.054285 0.994091
-0.510171 -0.0151384 -0.0696854 -0.990806 -0.0924791 0.0987435
0.170064 0.264467 -0.166914 0.68157 0.0335435 -0.730984
0.515266 -0.236819 -0.11279 0.0972928 -0.994234 0.0450924
-0.22721 0.261158 0.0279033 -0.0972929 0.994234 -0.0450922
-0.256265 0.13307 0.149297 -0.150201 -0.98631 0.0680635
-0.30181 -0.169519 0.114067 -0.990806 -0.092479 0.0987442
0.0164626 0.272152 -0.163973 -0.650053 0.759626 0.0199897
0.118163 0.21107 -0.0443597 0.0972925 -0.994234 0.0450927
-0.252203 0.16584 0.150848 0.0939978 0.0542859 0.994091
0.156868 0.21982 -0.17327 0.170548 -0.027982 -0.984952
0.373803 0.0536839 0.0401903 -0.0940047 -0.0542849 -0.994091
-0.502339 0.00937943 0.0318677 -0.990806 -0.092479 0.0987442
-0.513933 0.0636511 -0.033643 -0.990806 -0.092479 0.0987442
0.475432 0.204903 -0.10117 0.990806 0.0924791 -0.0987442
-0.366406 -0.291269 0.129024 -0.0940047 -0.0542849 -0.994091
-0.112119 0.259635 -0.151148 -0.0940022 -0.054286 -0.994091
-0.151045 0.239209 -0.0203 0.0940047 0.0542849 0.994091
-0.450686 -0.25735 -0.0662219 -0.0940046 -0.0542849 -0.994091
-0.405855 -0.0946356 0.122017 -0.0940047 -0.0542849 -0.994091
0.305808 0.268146 0.092494 0.0940047 0.0542849 0.994091
-0.259581 0.0857379 0.15592 0.093999 0.0542846 0.994091
0.295732 0.310238 -0.0182429 -0.0972929 0.994234 -0.0450924
0.331492 -0.0135838 0.0122778 0.990806 0.092479 -0.0987442
0.265485 0.0355109 -0.0291934 -0.0940047 -0.0542849 -0.994091
0.478859 0.213805 -0.0584406 0.990806 0.0924791 -0.0987442
0.315541 -0.0143946 0.118519 0.0940046 0.0542849 0.994091
-0.275717 -0.20336 0.0350286 -0.0940047 -0.0542849 -0.994091
-0.080876 0.230183 -0.111129 0.990806 0.092479 -0.0987442
-0.449736 0.116984 0.172195 0.0940046 0.0542848 0.994091
-0.509601 0.0176412 -0.0332625 -0.990806 -0.092479 0.0987442
-0.208722 -0.0827941 0.116451 0.990806 0.092479 -0.0987442
-0.440033 -0.00823814 0.0608206 0.990806 0.092479 -0.098744
-0.249231 0.225187 -0.0237803 -0.994875 -0.0959035 0.0320222
0.0614668 0.225371 -0.164036 -0.243875 0.969346 -0.0298718
-0.41927 -0.323129 0.000564531 0.097293 -0.994234 0.0450923
0.430475 0.0665681 -0.102099 -0.990806 -0.092479 0.0987441
0.274869 -0.109163 -0.0221806 -0.0940072 -0.0542851 -0.99409
0.330739 0.0167952 0.0331731 0.990806 0.092479 -0.0987442
-0.426453 0.245928 0.122004 -0.0972929 0.994234 -0.0450923
0.415501 0.204744 -0.12294 -0.990806 -0.092479 0.0987435
-0.505986 -0.0181806 -0.0305407 -0.990806 -0.092479 0.0987442
-0.478453 -0.185833 -0.0675015 -0.0940046 -0.0542849 -0.994091
-0.504201 0.0806331 0.0799205 -0.990806 -0.0924791 0.0987442
-0.188886 -0.294045 0.144761 0.0972929 -0.994234 0.0450923
-0.496454 0.0735318 0.151002 -0.990806 -0.0924791 0.0987442
-0.265184 -0.0607389 0.164449 0.0940056 0.054285 0.994091
-0.386563 0.132836 0.165356 0.0940047 0.0542849 0.994091
-0.529327 0.228757 -0.0346455 -0.0972929 0.994234 -0.0450923
0.381845 0.0114925 0.0417338 -0.0940047 -0.0542849 -0.994091
0.355709 -0.0333475 0.115756 0.0940046 0.0542849 0.994091
-0.244251 -0.232296 0.150069 0.926065 -0.371314 -0.0672953
-0.201909 0.249172 -0.142086 -0.0940043 -0.0542824 -0.994091
0.187434 0.283512 0.0107841 -0.680335 -0.0333702 0.732141
-0.451995 0.24466 0.149156 -0.0972929 0.994234 -0.0450923
0.530271 -0.2058 0.0644423 0.990806 0.0924795 -0.0987441
-0.214331 -0.296584 0.143669 0.0972929 -0.994234 0.0450923
0.423082 0.115339 -0.130605 -0.990806 -0.092479 0.0987473
0.449833 -0.00444475 0.0256313 -0.990806 -0.092479 0.0987442
0.438325 -0.0651354 -0.146682 -0.990806 -0.0924791 0.0987435
0.0429009 0.200526 -0.114462 0.0972927 -0.994234 0.0450924
-0.15775 0.233568 -0.145409 -0.0940025 -0.0542773 -0.994091
0.247149 -0.187632 0.0158595 -0.990806 -0.092479 0.0987442
0.256582 0.139309 0.0213866 -0.291675 0.9562 -0.0246339
0.483004 0.306888 0.070328 0.990806 0.092479 -0.0987444
-0.222145 -0.00715473 0.0526092 0.990806 0.092479 -0.0987441
-0.287746 0.109549 0.0557421 0.995215 -0.0318582 -0.0923713
-0.25131 0.0351736 0.0196949 -0.0940015 -0.0542847 -0.994091
-0.526468 0.152337 -0.0763588 -0.990806 -0.0924792 0.0987431
0.430903 -0.00582208 0.0380402 -0.0940047 -0.0542849 -0.994091
-0.224636 0.0270795 0.0596791 0.990806 0.092479 -0.0987441
0.44624 -0.0907867 -0.0912838 -0.990806 -0.092479 0.0987441
-0.485738 -0.0634336 0.130247 -0.990806 -0.0924791 0.0987442
-0.382999 -0.083833 0.119266 -0.0940047 -0.0542849 -0.994091
0.378584 -0.0117033 0.0433089 -0.0940047 -0.0542849 -0.994091
-0.298261 0.181862 0.154329 0.0940047 0.0542848 0.994091
0.301312 -0.223163 -0.0184559 -0.0940063 -0.0542879 -0.99409
0.240663 -0.0789667 0.0525475 -0.990806 -0.092479 0.0987442
-0.331164 -0.193807 0.189471 0.0940047 0.0542849 0.994091
-0.349161 0.244242 0.0264518 -0.990806 -0.092479 0.0987442
0.189859 0.263531 -0.0953657 0.982298 0.0886403 -0.165024
-0.302933 0.253523 0.0229408 -0.0972928 0.994234 -0.045092
-0.332629 0.0783098 0.0369381 -0.990806 -0.092479 0.0987442
-0.357781 0.0881973 0.165072 0.0940046 0.0542848 0.994091
0.434516 0.0452124 -0.0815491 -0.990806 -0.092479 0.0987441
-0.416475 -0.269492 0.190155 0.0940046 0.054285 0.994091
0.317902 0.214047 0.0367194 -0.0940047 -0.0542849 -0.994091
0.432953 0.0851952 -0.0597874 -0.990806 -0.092479 0.0987441
-0.146525 0.193407 -0.0182262 0.0940054 0.0542839 0.994091
-0.487564 -0.207604 -0.0654511 -0.0940046 -0.0542849 -0.994091
0.169974 0.214283 -0.0853017 0.0972997 -0.994233 0.0450878
-0.333318 -0.0165044 0.179993 0.0940047 0.0542849 0.994091
-0.179581 0.203758 -0.0413563 -0.0715879 -0.0521809 -0.996068
-0.295124 -0.261544 0.0949706 -0.990806 -0.092479 0.0987442
-0.286299 0.140991 0.155429 0.0940047 0.0542848 0.994091
-0.471794 -0.286145 0.0615831 -0.990806 -0.092479 0.0987441
-0.148338 0.202281 -0.144591 -0.0940004 -0.054295 -0.994091
-0.268348 -0.22987 0.0357795 -0.0940047 -0.0542849 -0.994091
-0.102166 0.251946 -0.0256177 0.0940043 0.0542852 0.994091
0.450142 0.0179091 -0.166439 -0.0940048 -0.0542849 -0.994091
0.405514 0.185649 0.0875704 0.0940047 0.0542849 0.994091
0.296328 0.306591 -0.0406994 0.990806 0.092479 -0.0987442
0.446901 -0.137879 0.0437387 -0.0940047 -0.0542849 -0.994091
0.283742 0.182868 -0.0389668 -0.0940047 -0.0542849 -0.994091
0.237229 0.137684 -0.0308805 0.433619 0.896594 -0.0899655
0.238164 -0.122155 -0.0129731 -0.990806 -0.092479 0.0987442
-0.295911 -0.305148 0.13086 0.0972929 -0.994234 0.0450923
-0.475706 -0.261023 0.0458591 -0.990806 -0.092479 0.0987442
0.506796 -0.0127345 0.00971085 0.990806 0.092479 -0.0987444
-0.239672 -0.00133479 0.158792 0.0940159 0.0542851 0.99409
0.252446 0.307565 0.0162097 -0.0972929 0.994234 -0.0450924
0.262683 -0.165644 -0.0179439 -0.0940039 -0.0542848 -0.994091
0.306277 -0.251686 0.0103301 0.097293 -0.994234 0.0450925
0.444935 -0.0472817 -0.0636304 -0.990805 -0.0924811 0.0987537
-0.325749 0.00398557 0.0363599 -0.990806 -0.092479 0.0987442
-0.453903 0.0725469 -0.00268737 0.990806 0.092479 -0.0987442
0.491004 0.214733 0.0642936 0.990806 0.092479 -0.0987444
0.48922 0.0957634 -0.0650371 0.990806 0.0924791 -0.0987442
-0.484353 -0.0532617 0.153674 -0.990806 -0.0924791 0.0987442
0.222822 0.248946 0.10139 0.0939979 0.0542833 0.994091
0.345898 -0.169772 0.124134 0.0940047 0.0542848 0.994091
-0.489217 -0.210053 -0.0419753 -0.990807 -0.0924803 0.0987324
0.268629 0.312517 0.0904725 -0.0972929 0.994234 -0.0450925
0.153026 0.26422 -0.118294 -0.937732 -0.0763953 0.338854
-0.469573 0.167879 -0.0706412 0.990806 0.0924787 -0.0987459
-0.499101 0.0139496 0.0686418 -0.990807 -0.0924907 0.0987241
-0.217853 -0.299043 0.0970581 0.0972929 -0.994234 0.0450923
0.433374 0.129643 -0.170954 -0.0940048 -0.0542849 -0.994091
0.0175289 0.213334 -0.121547 -0.910277 -0.399691 0.107905
0.0312423 0.199668 -0.137987 -0.265827 -0.960892 0.0776093
0.288318 0.261417 -0.0436888 -0.0940047 -0.0542849 -0.994091
0.402706 -0.00190614 0.0404928 -0.0940047 -0.0542849 -0.994091
0.439588 0.0720969 -0.00548369 -0.990806 -0.092479 0.0987442
-0.401174 0.00697955 0.17361 0.0940046 0.0542848 0.994091
-0.0853434 0.192934 -0.0409395 0.447371 -0.894324 0.00653212
-0.433033 -0.19285 -0.0418374 0.990806 0.0924792 -0.0987431
-0.462942 -0.23065 0.202378 -0.990806 -0.092479 0.0987436
0.481859 0.156412 -0.0820969 0.990806 0.0924791 -0.0987442
0.428958 0.327597 0.077049 -0.0972929 0.994234 -0.0450925
-0.474849 -0.224269 0.0888849 -0.990806 -0.092479 0.0987442
0.492625 0.0340809 -0.0886401 0.990806 0.0924791 -0.0987442
0.231714 0.147697 0.106078 0.0940101 0.0542856 0.99409
-0.169998 0.259016 -0.142749 -0.0972928 0.994234 -0.0450927
-0.477425 -0.19987 0.0858862 -0.990806 -0.092479 0.0987442
0.388859 0.138564 0.0341314 -0.0940047 -0.0542849 -0.994091
0.50459 0.048897 0.0452977 0.990806 0.092479 -0.0987444
-0.259741 -0.179836 0.181955 0.0940047 0.0542849 0.994091
0.272702 0.305466 -0.0446175 -0.0940047 -0.0542849 -0.994091
0.437922 0.295725 -0.117355 0.0207976 -0.825323 -0.564277
0.492371 0.0626519 -0.0644256 0.990806 0.0924791 -0.0987442
-0.442381 -0.00737983 0.038064 0.990806 0.092479 -0.0987442
0.288421 0.0940541 0.103645 0.0939999 0.0542848 0.994091
-0.202543 -0.108466 0.154416 0.990806 0.092479 -0.0987441
-0.284227 -0.0702833 0.0285664 -0.0940077 -0.0542855 -0.99409
-0.332287 -0.091565 0.114892 -0.0940047 -0.0542849 -0.994091
0.498531 -0.0516231 -0.109639 0.990806 0.0924788 -0.0987481
-0.347183 -0.256309 0.182882 0.0940046 0.054285 0.994091
0.220117 0.151565 0.0622954 -0.990806 -0.092479 0.0987441
0.389544 -0.241036 0.065506 0.0972928 -0.994234 0.0450924
0.508463 0.0358027 0.0718926 0.990806 0.092479 -0.0987444
0.486599 0.141456 -0.0485426 0.990806 0.0924791 -0.0987442
-0.389319 0.0959214 0.167632 0.0940046 0.0542848 0.994091
0.509049 -0.235445 -0.0690796 0.0972928 -0.994234 0.0450924
-0.12183 0.240075 -0.108364 -0.388407 -0.917388 0.0868255
-0.454333 0.191783 0.104662 0.990806 0.092479 -0.098744
0.247276 -0.098373 -0.0201605 -0.0940046 -0.0542849 -0.994091
-0.235436 0.205385 0.118302 0.990806 0.092479 -0.0987441
-0.199488 -0.196218 0.102879 0.990806 0.092479 -0.0987441
-0.415851 0.231021 0.105179 -0.0940047 -0.0542849 -0.994091
0.346458 0.0971777 0.109503 0.0940048 0.0542849 0.994091
-0.0805695 0.211708 -0.125356 0.990806 0.092479 -0.0987442
-0.487122 0.236055 0.0352035 -0.0972928 0.994234 -0.0450923
-0.205231 -0.0763559 0.157513 0.990806 0.092479 -0.0987441
0.337477 -0.0113976 0.116281 0.0940046 0.0542849 0.994091
0.454302 0.325604 -0.0215836 -0.0972927 0.994234 -0.0450924
0.421686 -0.0514414 0.0414029 -0.0940047 -0.0542849 -0.994091
0.21581 0.175266 0.0412693 -0.990806 -0.092479 0.0987442
0.375661 -0.189631 0.0533014 -0.0940047 -0.0542849 -0.994091
-0.390552 -0.00810035 0.115844 -0.0940047 -0.0542849 -0.994091
0.432821 0.103093 -0.0443513 -0.990806 -0.092479 0.0987441
0.465753 0.301411 -0.107899 0.990806 0.0924792 -0.0987442
0.382586 0.0793889 0.037956 -0.0940047 -0.0542849 -0.994091
-0.234179 0.156235 0.084884 0.990806 0.092479 -0.0987442
0.284889 -0.162678 -0.0202057 -0.0940048 -0.0542849 -0.994091
0.527371 -0.180253 0.0960282 0.0940047 0.0542849 0.994091
-0.224927 -0.132754 0.0263702 -0.0940048 -0.0542849 -0.994091
-0.220595 0.0165445 0.090359 0.990806 0.092479 -0.0987442
-0.28027 0.258242 0.078105 -0.0972929 0.994234 -0.0450924
0.480683 -0.195859 -0.157653 -0.0940048 -0.0542849 -0.994091
0.466471 -0.228284 -0.0170607 -0.990803 -0.092518 0.0987404
-0.464172 0.14667 -0.0363092 0.990806 0.0924789 -0.0987449
-0.461401 0.238607 0.0775968 0.990806 0.0924794 -0.0987442
0.474535 0.243903 -0.0736433 0.990806 0.0924791 -0.0987442
-0.275964 0.0895475 0.0422743 0.34223 0.935901 -0.0834698
-0.388746 -0.274103 0.130199 -0.0940047 -0.0542849 -0.994091
-0.168388 0.233653 -0.106964 -0.500143 -0.00967117 0.865889
0.425601 0.236293 0.00795383 -0.990806 -0.092479 0.0987442
-0.366989 0.138681 0.105601 -0.0940047 -0.0542849 -0.994091
0.421839 0.249314 -0.148386 -0.0141067 0.796525 0.604441
-0.46686 0.242545 0.166958 0.0940047 0.0542848 0.994091
0.396037 -0.0984109 0.0463933 -0.0940047 -0.0542849 -0.994091
0.303566 -0.192056 0.0245063 -0.980762 -0.16654 0.101838
-0.467521 -0.301312 0.0902509 -0.990806 -0.092484 0.0987434
0.343276 0.189682 0.0356505 -0.0940047 -0.0542849 -0.994091
0.217287 0.200914 0.0801103 -0.990806 -0.092479 0.0987441
0.336113 -0.0526806 0.0220271 0.990806 0.092479 -0.0987442
0.22878 0.306269 0.0387031 -0.0972929 0.994234 -0.0450929
0.50575 0.0259264 0.0354283 0.990806 0.092479 -0.0987444
-0.224935 -0.193159 0.167874 0.0939937 0.0542846 0.994092
-0.353528 0.0616445 0.16612 0.0940046 0.0542848 0.994091
-0.214786 0.180062 -0.00967101 0.0972926 -0.994234 0.0450923
-0.448974 0.138084 0.108145 0.990806 0.092479 -0.098744
-0.293239 -0.0284823 0.0271359 -0.0940003 -0.054284 -0.994091
0.211204 0.216834 -0.0339621 -0.0940048 -0.0542849 -0.994091
0.243798 -0.0761118 0.0866748 -0.990806 -0.092479 0.0987442
0.333833 -0.0691417 0.119779 0.0940046 0.0542849 0.994091
0.0670353 0.211365 -0.0903453 -0.0940047 -0.0542849 -0.994091
-0.416044 0.0388026 0.115694 -0.0940047 -0.0542849 -0.994091
0.235917 0.0145974 0.0925528 -0.990806 -0.092479 0.0987441
0.269993 -0.228105 -0.0152244 -0.0940029 -0.054286 -0.994091
0.487281 0.203213 0.0161389 0.990806 0.0924791 -0.0987442
-0.208494 -0.0578125 0.142136 0.990806 0.092479 -0.0987441
-0.309511 -0.122034 0.08127 -0.990806 -0.092479 0.0987442
0.247455 -0.13051 0.0724255 -0.990806 -0.092479 0.0987442
-0.516892 0.06045 -0.0663275 -0.990808 -0.0924806 0.0987311
-0.332855 0.063567 0.175577 0.0940047 0.0542849 0.994091
-0.343119 0.19293 0.0390283 -0.990806 -0.092479 0.0987442
0.434047 0.122594 -0.0137822 -0.990806 -0.092479 0.0987442
-0.477767 -0.317716 -0.0279159 -0.990806 -0.092479 0.0987441
-0.195182 -0.293654 0.166965 0.0972929 -0.994234 0.0450923
-0.455237 0.105957 0.015219 0.990806 0.092479 -0.0987442
-0.439406 0.0288704 0.101871 0.990806 0.092479 -0.098744
0.469698 0.268948 -0.0987254 0.990806 0.0924797 -0.0987444
0.304937 0.165014 -0.0399961 -0.0940047 -0.0542849 -0.994091
-0.302925 -0.20232 0.0721654 -0.990806 -0.092479 0.0987442
0.281979 -0.050498 -0.0260565 -0.0940047 -0.0542849 -0.994091
0.344996 -0.0738497 0.0498787 -0.0940047 -0.0542849 -0.994091
0.317386 0.0816753 -0.0366223 -0.0940047 -0.0542849 -0.994091
-0.518215 0.154222 0.00821998 -0.990806 -0.0924791 0.0987442
0.504955 0.0843339 0.0821476 0.990806 0.092479 -0.0987444
0.101194 0.24106 -0.133578 0.614789 0.0956676 0.782868
-0.428059 0.246884 0.14655 -0.0972929 0.994234 -0.0450923
0.32335 0.0492544 -0.0105678 0.990806 0.092479 -0.0987442
-0.262248 0.0931686 0.127807 0.0514723 0.996912 -0.0593064
0.333536 -0.22778 0.116953 0.0940047 0.0542849 0.994091
-0.412139 -0.2773 0.0887187 0.990806 0.092479 -0.098744
-0.225947 0.203256 0.0537348 0.774603 0.104093 0.623823
-0.413584 0.0377831 0.173102 0.0940046 0.0542848 0.994091
0.156929 0.230363 -0.114784 -0.966275 -0.083509 0.243594
0.335655 0.015483 0.114986 0.0940046 0.0542849 0.994091
0.418437 0.315381 -0.169601 -0.0972927 0.994234 -0.0450924
-0.489726 -0.106739 0.049675 -0.990806 -0.092479 0.0987442
-0.238379 -0.0677876 0.0240945 -0.0940029 -0.0542847 -0.994091
-0.487673 -0.166768 0.0140573 -0.990806 -0.092479 0.0987442
-0.203289 -0.231069 0.0320983 0.990806 0.092479 -0.0987441
-0.424308 -0.0510775 0.121383 -0.0940047 -0.0542849 -0.994091
0.292765 0.0656775 -0.0334204 -0.0940034 -0.0542849 -0.994091
-0.221945 0.0403454 0.0991044 0.990806 0.092479 -0.0987442
-0.51771 0.119897 -0.0188638 -0.990806 -0.092477 0.0987477
0.434433 -0.00619558 -0.130531 -0.990805 -0.0924788 0.0987544
0.143028 0.226366 -0.134417 -0.546138 -0.0154573 0.837553
0.427722 0.135882 -0.0648043 -0.990806 -0.092479 0.0987441
0.413154 0.181749 -0.168026 -0.990806 -0.0924791 0.0987435
0.422346 0.102387 -0.150123 -0.990806 -0.0924789 0.0987453
0.394327 0.110892 0.0351255 -0.0940047 -0.0542849 -0.994091
0.334703 0.317758 0.0634691 -0.0972929 0.994234 -0.0450925
-0.114881 0.231811 -0.149367 -0.0940081 -0.054278 -0.994091
-0.456258 0.0708558 -0.0279061 0.990807 0.0924791 -0.0987425
-0.50393 -0.0715577 -0.0598936 -0.990806 -0.0924791 0.0987435
0.457923 -0.0803973 0.0395575 -0.0940047 -0.0542849 -0.994091
0.242018 0.308634 0.0622805 -0.0972928 0.994234 -0.0450919
-0.306166 0.15802 0.156378 0.0940047 0.0542848 0.994091
-0.22369 -0.29616 0.173215 0.0972929 -0.994234 0.0450922
0.460938 -0.214649 -0.0598004 -0.990806 -0.0924886 0.0987424
-0.250726 0.226004 -0.0677947 -0.994875 -0.0959035 0.0320222
0.400352 -0.179374 0.1133 0.0972929 -0.994234 0.045093
0.487194 0.0291649 -0.147738 0.990804 0.0924759 -0.0987676
0.479335 -0.0379974 0.0928024 0.0940046 0.0542849 0.994091
-0.432859 -0.0382677 0.104681 0.990806 0.092479 -0.098744
-0.242674 -0.256686 0.112595 0.641355 0.760411 -0.102173
0.365713 0.170027 0.0346021 -0.0940047 -0.0542849 -0.994091
0.434668 0.324353 -0.00679575 -0.0972931 0.994234 -0.0450923
-0.457432 -0.263634 -0.000589229 -0.00610462 -0.698578 -0.715508
-0.444783 -0.00636959 0.0149064 0.990806 0.092479 -0.0987442
-0.290745 0.155454 0.0168558 -0.0940047 -0.0542849 -0.994091
-0.405957 0.0798414 0.170084 0.0940046 0.0542848 0.994091
-0.10459 0.203955 -0.0737112 -0.0940025 -0.054283 -0.994091
-0.147467 0.266676 -0.0224706 -0.0972928 0.994234 -0.045092
-0.287537 0.0767843 0.17057 0.0940047 0.0542849 0.994091
0.0443812 0.202034 -0.0844563 0.0729529 -0.996204 0.0475018
0.499436 0.115119 0.0556064 0.990806 0.092479 -0.0987444
-0.24087 -0.228241 0.171296 0.0939849 0.0542848 0.994093
0.310413 0.210833 0.0109473 0.990806 0.092479 -0.0987442
0.362601 -0.108261 0.119195 0.0940046 0.0542849 0.994091
-0.384711 0.222914 0.160262 0.0940047 0.0542848 0.994091
0.415064 -0.238315 0.0704302 0.0972928 -0.994234 0.0450924
0.364234 0.103962 0.0965778 0.990806 0.092479 -0.0987438
0.429394 0.293199 -0.150709 0.134316 -0.759763 0.636175
-0.215529 -0.0226003 0.15767 0.0940046 0.0542849 0.994091
0.189445 0.240065 0.0108505 -0.643259 -0.0282459 0.765128
-0.395171 0.183021 0.105844 -0.0940047 -0.0542849 -0.994091
-0.208533 0.217462 0.0326605 0.725699 0.101875 0.680428
-0.49793 -0.073216 -0.00125026 -0.990806 -0.092479 0.0987442
-0.506938 0.19981 0.164068 -0.990806 -0.0924791 0.0987442
-0.297917 -0.267189 0.0406135 -0.0940047 -0.0542849 -0.994091
-0.244712 0.195881 -0.12009 -0.881991 -0.107123 -0.45893
0.230655 0.0591925 0.0815147 -0.990806 -0.092479 0.0987441
0.474495 0.136212 -0.174904 0.990806 0.0924789 -0.0987456
-0.44195 0.0147409 0.0631082 0.990806 0.092479 -0.098744
-0.39231 0.0503473 0.112819 -0.0940047 -0.0542849 -0.994091
-0.207603 -0.166214 0.0495562 0.990806 0.092479 -0.0987441
-0.225252 0.177925 -0.0342012 0.0972974 -0.994233 0.0450943
-0.125801 0.208283 -0.145539 -0.385024 0.9228 -0.0139827
-0.501458 0.109569 0.134542 -0.990806 -0.0924791 0.0987442
0.152875 0.292547 -0.100086 -0.09729 0.994234 -0.0450959
-0.236025 -0.280588 0.0354925 -0.0940047 -0.0542849 -0.994091
0.449128 -0.0378271 -0.0127006 -0.990806 -0.092479 0.0987442
-0.451783 -0.057659 -0.0770228 -0.0940047 -0.0542849 -0.994091
0.508786 -0.212152 -0.157082 0.990806 0.0924789 -0.0987456
-0.456907 0.0323038 -0.0705254 0.990807 0.0924798 -0.0987377
-0.46132 -0.0371104 0.181706 0.0940047 0.0542849 0.994091
-0.155012 0.179983 -0.142742 -0.0940047 -0.0542849 -0.994091
0.166314 0.244676 -0.00581847 -0.584663 -0.0204306 0.811019
0.273153 0.308646 -0.00464087 -0.0972929 0.994234 -0.0450924
-0.0755908 0.21494 -0.0690089 0.990806 0.092479 -0.0987441
0.420594 0.212906 -0.0641899 -0.990806 -0.092479 0.0987441
0.176724 0.220995 0.0010892 -0.584663 -0.0204305 0.811019
-0.214829 -0.0299093 0.104704 0.990806 0.092479 -0.0987442
0.237008 -0.0504587 0.0425718 -0.990806 -0.092479 0.0987442
0.43772 -0.0182885 -0.108879 -0.990805 -0.0924792 0.0987561
-0.216906 0.240056 -0.0922489 0.895452 0.107222 0.432052
0.441501 0.317139 -0.180602 -0.0972927 0.994234 -0.0450924
0.46022 -0.107094 0.0337171 -0.990806 -0.092479 0.0987442
0.492254 0.138219 0.00517417 0.990809 0.092473 -0.0987263
0.299322 0.154978 0.100589 -0.0972929 0.994234 -0.0450917
-0.385346 -0.199409 0.194901 0.0940046 0.0542851 0.994091
0.279972 0.124872 0.102761 0.0940042 0.0542849 0.994091
-0.239545 0.0333696 0.156885 0.0940341 0.0542853 0.994088
0.284714 -0.17508 0.044948 0.097295 -0.994234 0.0450921
-0.468844 0.145982 -0.0838303 0.990806 0.092479 -0.0987444
-0.236572 0.143445 0.0488905 0.990806 0.092479 -0.0987442
0.250457 -0.219827 0.018899 -0.990806 -0.092479 0.0987442
-0.475024 -0.160191 0.147132 -0.990806 -0.092479 0.0987442
0.253875 -0.248294 0.0265358 -0.990806 -0.092479 0.0987442
0.308242 0.207928 -0.0135541 0.990806 0.092479 -0.0987442
0.311683 0.109718 -0.0376144 -0.0940047 -0.0542849 -0.994091
-0.174703 0.203202 -0.142148 -0.0940048 -0.0542848 -0.994091
-0.51247 0.105814 0.0205278 -0.990806 -0.0924714 0.0987575
-0.516046 0.127574 0.0050247 -0.990806 -0.0924745 0.098752
0.0106055 0.248818 -0.145361 -0.990806 -0.092479 0.0987442
0.345782 -0.187827 -0.00752741 0.990806 0.092479 -0.0987442
0.464287 -0.150988 0.0334211 -0.990806 -0.092479 0.0987442
-0.509666 0.00181266 -0.0487382 -0.990806 -0.0924791 0.0987435
0.243858 -0.17044 -0.00106651 -0.990806 -0.092479 0.0987442
0.458545 0.299891 -0.181648 0.990807 0.0924803 -0.0987321
0.457577 -0.232607 0.104566 0.0972928 -0.994234 0.0450924
-0.320242 0.211533 0.0165828 -0.0940047 -0.0542849 -0.994091
-0.255928 0.128516 0.0961351 -0.433637 -0.896585 0.0899666
0.471419 0.319999 -0.0336447 0.990806 0.0924781 -0.0987441
-0.497331 -0.125278 -0.0439964 -0.990807 -0.0924799 0.098737
0.501191 0.0282038 -0.00819056 0.990806 0.092479 -0.0987444
0.440481 0.014039 -0.0508899 -0.990807 -0.0924777 0.0987382
0.221988 0.0404249 -0.0230243 -0.990806 -0.092479 0.0987442
-0.195227 -0.177178 0.16347 0.990806 0.092479 -0.0987441
-0.277004 0.16618 0.153175 0.0940047 0.0542848 0.994091
-0.495702 -0.0383031 0.0538022 -0.990806 -0.092479 0.0987442
0.522115 -0.089729 0.0913162 0.990806 0.092479 -0.0987444
0.508768 -0.122328 -0.0731396 0.990806 0.092479 -0.0987444
-0.360639 -0.0839831 0.174744 0.0940046 0.0542848 0.994091
-0.244655 0.0666201 0.0173484 -0.0940046 -0.0542849 -0.994091
-0.470601 -0.213575 0.141522 -0.990806 -0.092479 0.0987442
-0.118178 0.267512 -0.0672528 -0.0972928 0.994234 -0.0450923
-0.29641 -0.274024 0.0703786 -0.990806 -0.092479 0.0987442
0.333194 -0.0432039 0.00161783 0.990806 0.092479 -0.0987442
0.0887188 0.288062 -0.0605432 -0.0972927 0.994234 -0.045092
0.496601 -0.0603359 -0.137162 0.990807 0.0924798 -0.098738
-0.340983 -0.307848 0.168587 0.0972929 -0.994234 0.0450922
0.424192 0.132246 -0.103632 -0.990807 -0.092479 0.098741
-0.414662 -0.250415 0.0885891 0.990806 0.092479 -0.098744
0.447297 -0.0951757 -0.159994 -0.0940048 -0.0542849 -0.994091
0.232373 0.0328589 0.0740953 -0.990806 -0.092479 0.0987442
0.475308 0.0140435 -0.168607 -0.0940047 -0.0542849 -0.994091
0.353795 0.14919 0.036867 -0.0940047 -0.0542849 -0.994091
-0.519313 0.0879201 -0.0785867 -0.0940046 -0.0542849 -0.994091
-0.482436 -0.13145 0.0996831 -0.990806 -0.092479 0.0987442
0.48356 0.219906 -0.00556003 0.990806 0.0924791 -0.0987442
0.480712 0.285615 0.0274011 0.990806 0.0924791 -0.0987442
0.494096 0.0905727 -0.0209709 0.990806 0.0924791 -0.0987442
0.285163 0.0889173 -0.0339706 -0.0940047 -0.0542849 -0.994091
-0.492316 0.179469 -0.0674826 0.0756823 0.226103 0.971159
0.518293 -0.0674904 0.0737917 0.990806 0.092479 -0.0987444
0.222108 0.103457 0.0372123 -0.990806 -0.092479 0.0987442
-0.488788 -0.0580396 0.104696 -0.990806 -0.092479 0.0987442
-0.475563 0.0395887 0.178864 0.0940047 0.0542849 0.994091
-0.455048 -0.283612 -0.0643752 -0.0940046 -0.0542849 -0.994091
0.170954 0.269282 -0.00185353 -0.584663 -0.0204306 0.811019
0.342334 -0.117983 0.0232887 0.990806 0.092479 -0.0987442
-0.244441 -0.229872 0.125323 0.807275 -0.588518 -0.0442011
0.284335 -0.0756017 -0.0249084 -0.0940047 -0.0542849 -0.994091
0.187965 0.216809 -0.0684216 0.0972929 -0.994234 0.0450923
-0.227122 0.0746985 0.0793254 0.990806 0.092479 -0.0987442
-0.241312 -0.254458 0.137171 0.713998 0.692182 -0.105317
0.29273 0.290036 0.0925354 0.0940047 0.0542849 0.994091
-0.294673 -0.299541 0.0639062 -0.990806 -0.092479 0.0987442
0.270921 0.163915 0.0327781 -0.958857 -0.26373 0.105075
-0.433391 0.163799 0.168093 0.0940046 0.0542848 0.994091
0.402788 0.16079 0.0891857 0.0940047 0.0542849 0.994091
0.499375 0.010686 -0.0428155 0.990806 0.0924791 -0.0987442
-0.454072 -0.0733685 0.183 0.0940047 0.0542849 0.994091
0.440278 0.0483174 -0.0208238 -0.990806 -0.092479 0.0987442
-0.26125 0.213808 0.149084 0.0940047 0.0542848 0.994091
-0.328577 0.0273283 0.0298493 -0.990806 -0.092479 0.0987442
0.474618 0.262032 -0.0558315 0.990806 0.0924791 -0.0987442
0.0191699 0.242632 -0.0685824 -0.990806 -0.092479 0.0987442
0.420955 0.285567 0.0074836 -0.990806 -0.092479 0.0987441
-0.429872 -0.0956493 0.0809147 0.990806 0.092479 -0.098744
0.318377 0.315284 0.0441581 -0.0972926 0.994234 -0.0450916
-0.39731 -0.128507 0.180643 0.0940047 0.0542849 0.994091
0.0443429 0.248758 -0.150259 0.885092 -0.461727 -0.0584836
0.461326 -0.0915119 0.0974277 0.0940046 0.0542849 0.994091
-0.211991 -0.209584 0.0293424 -0.0940048 -0.0542849 -0.994091
-0.409739 -0.278153 0.112007 0.990806 0.092479 -0.098744
-0.391167 -0.0372057 0.117492 -0.0940047 -0.0542849 -0.994091
0.239839 -0.0284275 0.0916151 -0.990806 -0.092479 0.0987441
0.267503 0.165673 0.00872135 -0.908224 -0.404319 0.107964
0.352245 -0.196833 0.0488964 0.990806 0.092479 -0.0987442
-0.223367 -0.0252648 0.0233841 0.990806 0.092479 -0.0987441
-0.231591 -0.227504 0.0345067 -0.295202 -0.952087 0.0799065
-0.527627 0.227812 -0.05913 -0.0972929 0.994234 -0.0450923
-0.345929 -0.288572 0.184526 0.0940086 0.0542704 0.994091
0.252359 0.294366 -0.0420877 -0.0940047 -0.0542849 -0.994091
0.479244 0.106753 -0.154839 0.990809 0.092484 -0.0987089
-0.497229 0.232607 -0.0190021 -0.0972928 0.994234 -0.0450923
-0.478999 0.183356 -0.0876104 -0.0940047 -0.0542849 -0.994091
0.472283 0.237745 -0.102007 0.990806 0.0924791 -0.0987442
-0.467196 -0.325435 0.0531254 0.0972928 -0.994234 0.0450923
-0.300162 0.257821 0.111743 -0.0972928 0.994234 -0.0450925
0.113527 0.291251 -0.0437693 -0.0972934 0.994234 -0.045092
0.434104 -0.00447537 -0.1637 -0.0940048 -0.0542849 -0.994091
0.286556 -0.173486 0.0765455 0.14659 -0.988384 0.0401113
-0.313605 -0.0885694 0.0715319 -0.990806 -0.092479 0.0987442
0.470697 0.30669 -0.0533508 0.990804 0.0925002 -0.0987484
-0.435152 -0.14989 -0.02287 0.990807 0.0924805 -0.0987345
-0.516768 0.2018 0.0672984 -0.990806 -0.0924791 0.0987442
0.307887 -0.0500541 0.121191 0.0940046 0.0542849 0.994091
-0.462531 -0.267798 0.171717 -0.990806 -0.092479 0.0987441
-0.27322 -0.146967 0.181434 0.0940047 0.0542849 0.994091
-0.489256 -0.189006 -0.0226571 -0.990806 -0.0924786 0.0987469
-0.250805 0.234793 -0.0439289 -0.994875 -0.0959035 0.0320222
0.503298 0.0014804 -0.0120746 0.990806 0.092479 -0.0987444
-0.504546 -0.00667221 -0.00530945 -0.990806 -0.092479 0.0987442
-0.363184 0.0446684 0.110375 -0.0940047 -0.0542849 -0.994091
-0.249654 0.208055 -0.0882483 -0.994875 -0.0959034 0.0320224
0.134311 0.252617 -0.13885 -0.370446 0.00587555 0.928835
-0.449017 0.0473232 0.02271 0.990806 0.092479 -0.0987442
-0.205628 -0.131513 0.101873 0.990806 0.092479 -0.0987441
0.329414 0.14653 0.10842 0.0940048 0.0542849 0.994091
0.502197 -0.0744503 -0.0942382 0.990806 0.0924791 -0.0987442
0.323195 -0.249243 0.0277058 0.0972928 -0.994234 0.0450924
0.463131 -0.240564 -0.0828598 0.0972928 -0.994234 0.0450924
-0.319814 0.0414363 0.175552 0.0940047 0.0542849 0.994091
0.251203 -0.0159911 -0.0250305 -0.0940047 -0.0542849 -0.994091
0.509209 -0.0543125 -0.00501481 0.990806 0.092479 -0.0987444
0.245784 -0.163481 0.0247757 -0.990806 -0.092479 0.0987442
-0.198144 0.236491 -0.109131 0.360928 0.0774699 0.929371
0.51234 -0.159366 -0.071983 0.990806 0.092479 -0.0987444
-0.408108 0.0116366 0.116427 -0.0940047 -0.0542849 -0.994091
0.237172 -0.0953702 0.00215476 -0.990806 -0.092479 0.0987442
0.410406 0.285889 0.081634 0.0940047 0.0542849 0.994091
-0.444928 -0.031596 -0.0101684 0.990806 0.092479 -0.0987442
-0.259761 0.258528 0.0401527 -0.0972928 0.994234 -0.045092
0.330552 0.172704 0.095366 0.0940046 0.054285 0.994091
0.22942 0.221718 0.102253 0.0940051 0.054285 0.994091
-0.158013 0.249663 -0.0966606 -0.823961 -0.0550525 0.563966
0.260502 -0.245889 0.0952813 -0.990806 -0.092479 0.0987442
0.228908 0.0111384 0.0189864 -0.990806 -0.092479 0.0987442
0.41698 0.298733 -0.0200747 -0.990806 -0.092479 0.0987441
0.304728 0.22425 -0.0335297 0.990806 0.092479 -0.0987442
0.212905 0.159189 -0.00293621 -0.990806 -0.092479 0.0987442
-0.208092 -0.285186 0.0331021 -0.0940063 -0.0542861 -0.99409
0.472946 0.0886531 0.0864906 0.0940047 0.0542849 0.994091
0.259234 0.240993 -0.0398233 -0.0940047 -0.0542849 -0.994091
-0.320273 0.25651 0.126219 -0.0972929 0.994234 -0.0450923
0.429453 0.194182 0.0848407 0.0940047 0.0542849 0.994091
-0.233172 0.170684 0.108516 0.990806 0.092479 -0.0987441
