ply
format ascii 1.0
comment Created by Open3D
element vertex 512
property double x
property double y
property double z
property double nx
property double ny
property double nz
end_header
-0.312694 -0.413484 -0.0751433 -0.782249 -0.212491 0.585606
-0.0720008 0.0953785 -0.165355 -0.58929 0.557282 -0.584956
0.339679 0.128344 0.108832 0.58929 -0.557282 0.584956
0.0347778 0.131569 -0.238447 -0.58929 0.557282 -0.584956
0.124996 0.361219 -0.107261 0.58929 -0.557282 0.584956
-0.240387 0.347858 0.297701 -0.782249 -0.212491 0.585606
0.314482 0.394271 0.141858 -0.20205 -0.802673 -0.561152
0.190772 0.395733 -0.09416 0.782249 0.212491 -0.585606
-0.0992852 -0.447429 -0.000771986 -0.58929 0.557282 -0.584956
-0.137806 -0.0391921 -0.227267 -0.58929 0.557282 -0.584956
0.213784 0.000119204 0.113502 0.58929 -0.557282 0.584956
-0.0331615 0.0263597 0.387275 0.58929 -0.557282 0.584956
0.229434 0.0528311 -0.163657 -0.782249 -0.212491 0.585606
0.285473 0.185802 0.214891 -0.58929 0.557282 -0.584956
0.284705 -0.158057 -0.111925 -0.58929 0.557282 -0.584956
0.0113301 0.37949 0.0246541 0.58929 -0.557282 0.584956
-0.153131 -0.201282 0.211715 0.782249 0.212491 -0.585606
0.0382597 -0.0200969 0.271066 0.58929 -0.557282 0.584956
0.178375 0.265692 0.374784 -0.20205 -0.802673 -0.561152
0.16733 0.438378 0.135177 0.202049 0.802674 0.561152
0.249188 -0.0154023 0.0630475 0.58929 -0.557282 0.584956
0.114216 -0.0935825 0.121251 -0.58929 0.557282 -0.584956
0.185862 0.0449862 -0.224706 -0.782249 -0.212491 0.585606
-0.38579 -0.285038 -0.21166 -0.58929 0.557282 -0.584956
-0.0923999 0.291603 0.0454232 0.58929 -0.557282 0.584956
0.103272 -0.150521 0.0780305 -0.58929 0.557282 -0.584956
-0.261228 -0.216731 -0.27207 -0.58929 0.557282 -0.584956
0.0321922 0.0814853 0.370667 -0.58929 0.557282 -0.584956
-0.195811 -0.0647591 0.204241 0.782249 0.212491 -0.585606
-0.0387068 -0.286106 -0.3993 -0.202049 -0.802673 -0.561152
-0.0156562 -0.431239 -0.0663085 0.58929 -0.557282 0.584956
-0.378051 -0.166002 -0.106052 -0.58929 0.557282 -0.584956
-0.255328 -0.16575 -0.229443 -0.58929 0.557282 -0.584956
0.286976 0.326614 0.251965 0.20205 0.802673 0.561153
-0.178929 0.331385 0.167206 -0.58929 0.557282 -0.584956
0.116387 -0.284674 -0.440413 0.782249 0.212491 -0.585606
-0.248304 -0.0283343 0.147338 0.782249 0.212491 -0.585606
-0.0156556 0.103035 0.4394 -0.58929 0.557282 -0.584956
0.226719 0.287651 0.325967 -0.20205 -0.802673 -0.561152
-0.172467 0.0720322 -0.0830988 0.58929 -0.557282 0.584956
-0.187385 -0.176889 -0.305214 0.58929 -0.557282 0.584956
-0.250393 0.193055 0.107415 -0.58929 0.557282 -0.584956
-0.199585 -0.426709 -0.162299 -0.689012 -0.290694 0.663897
0.116882 0.490275 0.0238638 0.58929 -0.557282 0.584956
0.07518 0.0151793 0.26748 0.58929 -0.557282 0.584956
0.110414 -0.0965566 -0.376848 -0.782249 -0.212491 0.585606
0.0355648 -0.231657 -0.500499 0.202049 0.802673 0.561152
-0.189606 0.0151043 0.241509 0.782249 0.212491 -0.585606
-0.0216102 0.0251272 -0.283047 -0.58929 0.557282 -0.584956
0.240319 -0.0451694 -0.184676 -0.782249 -0.212491 0.585606
0.175669 -0.254543 -0.0907159 0.58929 -0.557282 0.584956
-0.0758356 -0.475048 -0.0507072 -0.58929 0.557282 -0.584956
-0.0512551 0.13865 0.47443 -0.782249 -0.212491 0.585606
-0.0895014 -0.124721 -0.357412 -0.58929 0.557282 -0.584956
-0.0586325 0.0209163 0.404462 -0.58929 0.557282 -0.584956
0.0635318 -0.330276 -0.369505 0.202049 0.802673 0.561152
0.024868 -0.32667 -0.364169 -0.202051 -0.802673 -0.561152
-0.128218 -0.389008 0.0873203 0.58929 -0.557282 0.584956
-0.166346 0.1086 0.306504 0.782249 0.212491 -0.585606
0.20518 0.101674 -0.178331 -0.782249 -0.212491 0.585606
-0.333069 -0.0927328 -0.0782771 0.58929 -0.557282 0.584956
0.0490633 -0.456985 -0.159323 -0.58929 0.557282 -0.584956
-0.208745 0.109791 0.250301 0.782249 0.212491 -0.585606
-0.202284 0.35212 0.350146 -0.782249 -0.212491 0.585606
-0.271528 -0.120036 0.0830407 0.782249 0.212491 -0.585606
0.256513 0.479581 0.0441294 0.20205 0.802673 0.561152
-0.0033268 -0.402243 -0.051106 0.58929 -0.557282 0.584956
-0.0740907 -0.471179 -0.0487798 -0.58929 0.557282 -0.584956
0.131488 -0.293002 -0.082846 0.58929 -0.557282 0.584956
-0.251429 -0.40686 0.00909727 -0.782249 -0.212491 0.585606
-0.165584 -0.0512548 0.249518 0.782249 0.212491 -0.585606
-0.403024 -0.318141 -0.16121 -0.782249 -0.212491 0.585606
0.225264 0.362294 -0.0602191 0.782249 0.212491 -0.585606
-0.146534 0.153079 0.349109 0.782249 0.212491 -0.585606
-0.0923096 0.266777 0.0183931 -0.58929 0.557282 -0.584956
-0.0355796 -0.0961578 -0.381233 0.58929 -0.557282 0.584956
0.414726 0.326671 0.183221 -0.782249 -0.212491 0.585606
-0.303057 0.106905 0.126556 -0.782249 -0.212491 0.585606
0.0168853 -0.254596 -0.460962 0.202047 0.802674 0.561152
-0.145983 0.173745 0.357344 0.782249 0.212491 -0.585606
-0.235918 -0.455644 0.00883109 0.782249 0.212491 -0.585606
-0.117056 0.107232 0.375134 -0.782249 -0.212491 0.585606
0.0690858 0.258416 0.42797 0.20205 0.802673 0.561152
0.318449 -0.103452 -0.101458 -0.782249 -0.212491 0.585606
0.136505 -0.336305 -0.132442 -0.58929 0.557282 -0.584956
0.0906779 -0.0278703 0.207567 -0.58929 0.557282 -0.584956
-0.0360559 0.192297 0.514199 -0.782249 -0.212491 0.585606
-0.132547 -0.108083 -0.294909 0.58929 -0.557282 0.584956
-0.0483218 0.217525 0.506969 -0.782249 -0.212491 0.585606
0.133789 -0.234963 -0.399129 0.782249 0.212491 -0.585606
-0.226683 0.0476089 0.207061 -0.782249 -0.212491 0.585606
-0.323327 -0.243423 -0.234939 -0.58929 0.557282 -0.584956
-0.331122 -0.325077 -0.0709645 0.782249 0.212491 -0.585606
-0.182442 0.0613343 0.267853 0.782249 0.212491 -0.585606
0.118432 0.463384 0.113588 -0.202049 -0.802674 -0.561152
0.0754175 -0.385808 -0.114776 0.58929 -0.557282 0.584956
-0.108446 -0.0569159 -0.270441 0.58929 -0.557282 0.584956
-0.0678621 -0.173854 -0.422732 0.58929 -0.557282 0.584956
-0.150302 0.20684 0.0197148 -0.58929 0.557282 -0.584956
-0.0123919 0.353892 0.0241649 0.58929 -0.557282 0.584956
-0.300092 -0.233452 0.00701519 -0.782249 -0.212491 0.585606
0.0185198 0.0870996 0.393077 0.58929 -0.557282 0.584956
0.0708047 0.328405 -0.0839296 0.58929 -0.557282 0.584956
-0.378832 -0.291924 -0.22523 -0.58929 0.557282 -0.584956
-0.283809 -0.306093 0.00240854 -0.782249 -0.212491 0.585606
0.208954 0.178768 -0.145315 -0.782249 -0.212491 0.585606
-0.340267 -0.0131529 0.00478981 0.58929 -0.557282 0.584956
0.187587 0.0849269 -0.211193 0.782249 0.212491 -0.585606
-0.242764 -0.360844 -0.232668 0.97587 -0.116571 -0.18463
0.0249749 -0.287088 0.03009 0.58929 -0.557282 0.584956
-0.277485 0.237412 0.180253 0.58929 -0.557282 0.584956
0.182684 -0.0557014 0.0883648 -0.58929 0.557282 -0.584956
-0.252883 0.312126 0.26476 0.782249 0.212491 -0.585606
0.0319069 0.012546 0.305277 -0.58929 0.557282 -0.584956
-0.102152 -0.268569 0.172514 -0.58929 0.557282 -0.584956
0.0793941 0.053539 0.299779 0.58929 -0.557282 0.584956
0.22966 -0.116278 -0.224716 -0.782249 -0.212491 0.585606
0.204054 0.187671 -0.151915 0.782249 0.212491 -0.585606
0.0911647 -0.232046 0.0125605 -0.58929 0.557282 -0.584956
-0.116274 0.0401883 -0.173333 -0.58929 0.557282 -0.584956
-0.183088 0.366821 0.208443 0.58929 -0.557282 0.584956
0.0768636 0.0667268 0.314893 0.58929 -0.557282 0.584956
-0.0910556 0.446245 0.213533 -0.20205 -0.802673 -0.561152
-0.131979 -0.171482 -0.359168 -0.58929 0.557282 -0.584956
0.115196 0.158189 -0.278024 -0.782249 -0.212491 0.585606
-0.316591 -0.0219316 0.0584448 0.782249 0.212491 -0.585606
-0.234948 0.329522 0.221865 -0.58929 0.557282 -0.584956
0.250339 0.313716 -0.0443507 0.782249 0.212491 -0.585606
0.361558 0.166422 0.11978 -0.58929 0.557282 -0.584956
0.270343 0.127592 -0.0818828 -0.782249 -0.212491 0.585606
-0.121616 -0.146013 -0.345344 -0.58929 0.557282 -0.584956
0.0380887 0.157759 -0.216831 -0.58929 0.557282 -0.584956
-0.137656 0.121902 -0.0706573 0.58929 -0.557282 0.584956
0.211733 -0.0563606 -0.230205 0.782249 0.212491 -0.585606
0.149668 -0.0735573 -0.319351 0.782249 0.212491 -0.585606
-0.116251 0.137154 -0.0776912 0.58929 -0.557282 0.584956
-0.173088 0.114185 -0.0423149 0.58929 -0.557282 0.584956
0.161627 0.453379 -0.0563631 0.58929 -0.557282 0.584956
-0.237718 -0.192595 0.101876 0.782249 0.212491 -0.585606
-0.111016 -0.0159431 0.335223 0.782249 0.212491 -0.585606
0.300597 0.0857439 -0.0566541 -0.782249 -0.212491 0.585606
0.13733 -0.379537 -0.329041 -0.202049 -0.802673 -0.561152
-0.0294504 -0.14444 -0.433406 0.58929 -0.557282 0.584956
-0.0715189 0.316769 0.0450752 -0.58929 0.557282 -0.584956
-0.196284 0.0903941 -0.0416127 0.58929 -0.557282 0.584956
0.127904 0.134646 0.324892 -0.58929 0.557282 -0.584956
0.0571906 0.0643294 -0.321797 0.58929 -0.557282 0.584956
0.00440217 -0.0945023 -0.419934 0.58929 -0.557282 0.584956
-0.0911264 -0.0536141 0.351406 -0.782249 -0.212491 0.585606
-0.357814 -0.234248 -0.191455 -0.58929 0.557282 -0.584956
0.197505 -0.00939175 0.117552 -0.58929 0.557282 -0.584956
0.220488 -0.279991 -0.296373 -0.782249 -0.212491 0.585606
-0.163917 0.230934 0.35414 0.782249 0.212491 -0.585606
-0.0396847 -0.224507 0.151561 -0.58929 0.557282 -0.584956
0.124758 0.0506795 -0.307546 0.782249 0.212491 -0.585606
-0.0478466 -0.487837 -0.104025 0.20205 0.802673 0.561152
0.350706 0.39574 0.122765 -0.782249 -0.212491 0.585606
0.0915488 0.0758753 0.305527 -0.58929 0.557282 -0.584956
0.0397419 0.171583 0.452185 0.58929 -0.557282 0.584956
-0.0998651 -0.402745 0.042382 -0.58929 0.557282 -0.584956
0.284898 -0.111561 -0.152502 0.782249 0.212491 -0.585606
-0.0404404 0.350565 0.0492511 0.58929 -0.557282 0.584956
-0.335887 -0.0791948 0.0151749 -0.782249 -0.212491 0.585606
0.0792153 -0.147038 0.105584 -0.58929 0.557282 -0.584956
-0.165702 0.115434 0.309845 0.782249 0.212491 -0.585606
0.208852 -0.1795 -0.052652 0.58929 -0.557282 0.584956
0.269932 -0.210135 -0.208262 0.782249 0.212491 -0.585606
-0.120989 -0.194821 -0.389187 0.58929 -0.557282 0.584956
0.236275 -0.108839 -0.216465 0.782249 0.212491 -0.585606
-0.125718 0.137642 -0.0709755 -0.58929 0.557282 -0.584956
0.171251 -0.253323 -0.355751 0.782249 0.212491 -0.585606
-0.13119 0.341384 0.381403 0.202049 0.802673 0.561152
0.146024 -0.428564 -0.226639 0.58929 -0.557282 0.584956
0.0763633 -0.0531575 -0.409869 0.782249 0.212491 -0.585606
-0.169488 0.392651 0.318433 -0.20205 -0.802674 -0.561151
0.0622944 0.472508 0.14739 -0.215918 0.595379 -0.773889
-0.01582 -0.240125 -0.469885 0.202049 0.802674 0.561152
-0.269439 -0.197076 -0.241785 0.58929 -0.557282 0.584956
0.108848 -0.36871 -0.330844 0.202049 0.802672 0.561154
-0.12281 -0.0183244 -0.222493 -0.58929 0.557282 -0.584956
-0.180305 0.201147 0.32144 0.782249 0.212491 -0.585606
0.311785 0.275842 0.274166 -0.58929 0.557282 -0.584956
0.170126 0.486742 -0.0364282 -0.58929 0.557282 -0.584956
0.211511 0.247557 -0.120224 0.782249 0.212491 -0.585606
-0.111566 -0.0596834 0.3219 -0.782249 -0.212491 0.585606
-0.131646 0.330585 0.11881 -0.58929 0.557282 -0.584956
0.251773 -0.188877 -0.221521 -0.782249 -0.212491 0.585606
-0.178498 -0.331902 0.133717 -0.782249 -0.212491 0.585606
0.095986 0.417396 -0.0245166 0.58929 -0.557282 0.584956
-0.309832 -0.0328869 0.0667812 -0.782249 -0.212491 0.585606
-0.315899 0.113432 0.108487 0.782249 0.212491 -0.585606
-0.0312565 0.328283 0.015484 -0.58929 0.557282 -0.584956
-0.252291 0.0314529 -0.0413432 0.58929 -0.557282 0.584956
0.135938 0.103115 0.28676 -0.58929 0.557282 -0.584956
-0.246196 -0.355956 -0.279582 0.962727 -0.267978 0.0366758
-0.171957 0.328837 0.382209 -0.782249 -0.212491 0.585606
0.399473 0.246156 0.13363 -0.782249 -0.212491 0.585606
-0.0909912 -0.200987 0.228943 0.58929 -0.557282 0.584956
-0.10461 0.127968 -0.101457 -0.58929 0.557282 -0.584956
0.0886371 0.243114 0.442818 0.20205 0.802673 0.561152
0.372561 0.133573 0.0774006 -0.58929 0.557282 -0.584956
0.342704 0.336726 0.217435 0.202049 0.802674 0.56115
0.218016 -0.0846694 0.0251733 -0.58929 0.557282 -0.584956
0.238256 -0.161471 -0.068385 -0.58929 0.557282 -0.584956
-0.301693 -0.32914 -0.0298433 -0.782249 -0.212491 0.585606
0.0828662 -0.17099 -0.443939 0.782249 0.212491 -0.585606
0.171998 0.360163 -0.128861 -0.782249 -0.212491 0.585606
-0.193213 0.355048 0.207426 0.58929 -0.557282 0.584956
-0.0319484 -0.178103 -0.466247 -0.58929 0.557282 -0.584956
-0.13117 0.375392 0.164306 0.58929 -0.557282 0.584956
0.243491 0.24069 0.309475 -0.58929 0.557282 -0.584956
-0.0934296 0.260527 0.459034 0.782249 0.212491 -0.585606
-0.021268 -0.212982 -0.510177 -0.20205 -0.802673 -0.561152
0.135776 0.0940252 -0.2771 0.782249 0.212491 -0.585606
-0.230701 0.367581 0.257133 0.58929 -0.557282 0.584956
0.196695 0.465117 -0.0610719 0.782249 0.212491 -0.585606
-0.231259 0.102975 0.00231972 -0.58929 0.557282 -0.584956
0.119467 -0.330019 -0.106002 0.58929 -0.557282 0.584956
-0.00938878 0.215716 -0.110499 0.58929 -0.557282 0.584956
-0.0953715 -0.157847 -0.379769 0.58929 -0.557282 0.584956
-0.144632 0.261337 0.394216 -0.782249 -0.212491 0.585606
-0.331489 -0.127264 0.000323644 0.782249 0.212491 -0.585606
0.196739 -0.359501 -0.360231 0.782249 0.212491 -0.585606
0.301668 0.239367 0.252895 0.58929 -0.557282 0.584956
-0.136488 0.038792 -0.1543 -0.58929 0.557282 -0.584956
-0.286084 0.242645 0.198483 -0.782249 -0.212491 0.585606
-0.0247345 -0.0735592 0.283594 0.58929 -0.557282 0.584956
-0.257494 -0.205606 0.0707378 0.782249 0.212491 -0.585606
-0.278869 -0.188159 -0.227078 -0.58929 0.557282 -0.584956
-0.0496014 0.00830519 0.383349 -0.58929 0.557282 -0.584956
0.174856 -0.298597 -0.131867 0.58929 -0.557282 0.584956
-0.352156 -0.32689 -0.0997196 0.782249 0.212491 -0.585606
0.11468 -0.138754 -0.389745 0.782249 0.212491 -0.585606
0.089058 -0.238782 -0.460267 0.782249 0.212491 -0.585606
0.0465525 -0.456045 -0.155899 -0.58929 0.557282 -0.584956
-0.341102 -0.204004 -0.0370803 -0.782249 -0.212491 0.585606
0.138697 -0.200018 -0.37661 -0.782249 -0.212491 0.585606
0.0229121 0.336757 -0.0310129 -0.58929 0.557282 -0.584956
-0.146897 0.248739 0.0562009 -0.58929 0.557282 -0.584956
0.0881005 0.483515 0.0464185 0.58929 -0.557282 0.584956
0.298926 -0.0436899 -0.105852 -0.782249 -0.212491 0.585606
-0.0654435 -0.128119 0.269339 -0.58929 0.557282 -0.584956
0.31091 -0.0294597 -0.0125238 0.58929 -0.557282 0.584956
0.202023 -0.151577 -0.0191704 0.58929 -0.557282 0.584956
0.236179 -0.371014 -0.265921 -0.58929 0.557282 -0.584956
-0.32741 -0.0249536 -0.0194054 0.58929 -0.557282 0.584956
0.0114964 0.0364452 0.351895 0.58929 -0.557282 0.584956
0.0157219 0.484449 0.186212 0.57159 -0.561909 0.597949
-0.328747 -0.276079 -0.257302 0.58929 -0.557282 0.584956
-0.264769 0.185903 0.11837 0.58929 -0.557282 0.584956
0.263592 0.428156 0.115139 0.20205 0.802673 0.561152
0.0444447 0.487747 0.105379 -0.20205 -0.802673 -0.561152
-0.248903 -0.275479 -0.338818 -0.20205 -0.802673 -0.561152
-0.112551 0.162981 0.398097 0.782249 0.212491 -0.585606
-0.338161 -0.27609 -0.247829 0.58929 -0.557282 0.584956
-0.333781 -0.295566 -0.270796 0.58929 -0.557282 0.584956
-0.387734 -0.242278 -0.116542 0.782249 0.212491 -0.585606
-0.0115102 -0.347194 0.00958287 0.58929 -0.557282 0.584956
-0.20369 0.384017 0.245581 0.58929 -0.557282 0.584956
0.1885 -0.0770248 0.0621909 -0.58929 0.557282 -0.584956
-0.0854664 -0.211492 -0.440854 0.58929 -0.557282 0.584956
-0.245844 -0.493459 -0.0281191 -0.20205 -0.802673 -0.561152
0.339689 0.372212 0.167761 0.20205 0.802673 0.561152
-0.223523 0.240462 0.125509 -0.58929 0.557282 -0.584956
0.0652944 -0.239493 0.0348146 0.58929 -0.557282 0.584956
0.0988945 0.440494 -0.00544172 0.58929 -0.557282 0.584956
-0.0360103 0.37607 0.342444 0.884555 0.0963878 -0.456368
-0.270002 0.139212 0.0758727 -0.58929 0.557282 -0.584956
0.284525 0.343755 0.0122144 0.782249 0.212491 -0.585606
0.24519 0.353668 0.240428 0.977884 -0.133738 -0.160799
-0.0448953 -0.0315618 0.343915 0.58929 -0.557282 0.584956
0.161042 -0.00801317 -0.277092 -0.782249 -0.212491 0.585606
-0.25127 0.0496424 0.174954 -0.782249 -0.212491 0.585606
-0.0316555 0.145351 -0.158391 -0.58929 0.557282 -0.584956
0.0559628 0.48445 0.161319 0.297861 -0.59619 0.745544
-0.103578 -0.0337743 -0.253299 0.58929 -0.557282 0.584956
-0.393953 -0.317063 -0.151986 0.782249 0.212491 -0.585606
-0.179572 0.0566697 0.273278 -0.782249 -0.212491 0.585606
0.23581 0.196353 0.274974 -0.58929 0.557282 -0.584956
-0.221097 0.251329 0.133418 -0.58929 0.557282 -0.584956
0.0388797 0.299264 -0.0795303 0.58929 -0.557282 0.584956
-0.189582 0.22966 0.322677 -0.782249 -0.212491 0.585606
0.073331 0.228016 -0.182114 0.58929 -0.557282 0.584956
0.0533814 0.0632993 0.335283 0.58929 -0.557282 0.584956
0.199966 0.479282 0.0614896 -0.202047 -0.802674 -0.561152
-0.41247 -0.295533 -0.191493 0.58929 -0.557282 0.584956
-0.147377 0.00355312 -0.173615 0.58929 -0.557282 0.584956
-0.0398236 0.0395906 0.403304 -0.58929 0.557282 -0.584956
0.155781 -0.15857 0.0207533 0.58929 -0.557282 0.584956
0.156004 0.0210028 0.188317 -0.58929 0.557282 -0.584956
0.00604214 0.107966 0.425527 0.58929 -0.557282 0.584956
-0.0635901 -0.269068 0.136479 0.58929 -0.557282 0.584956
-0.0989623 0.248162 0.450441 -0.782249 -0.212491 0.585606
-0.133946 0.204672 0.387928 -0.782249 -0.212491 0.585606
0.12654 -0.139175 -0.374056 0.782249 0.212491 -0.585606
-0.366784 -0.357261 -0.13028 0.782249 0.212491 -0.585606
0.0153592 -0.020392 0.290568 -0.58929 0.557282 -0.584956
0.114911 0.0977879 -0.303606 0.782249 0.212491 -0.585606
0.29552 -0.0918849 -0.0597791 -0.58929 0.557282 -0.584956
0.335418 0.0190677 -0.0376181 0.782249 0.212491 -0.585606
0.27652 -0.266459 -0.2199 0.782249 0.212491 -0.585606
0.254505 0.311573 -0.0362802 -0.782249 -0.212491 0.585606
-0.137703 -0.369096 0.112558 -0.58929 0.557282 -0.584956
0.250755 -0.251253 -0.245515 -0.782249 -0.212491 0.585606
0.171504 -0.306969 -0.136465 0.58929 -0.557282 0.584956
-0.374965 -0.110116 -0.0482457 -0.782249 -0.212491 0.585606
-0.0429411 0.369045 0.066089 -0.58929 0.557282 -0.584956
-0.28539 -0.449727 -0.0730082 0.20205 0.802673 0.561152
-0.103137 -0.13543 0.300346 -0.58929 0.557282 -0.584956
-0.227973 0.379555 0.262505 -0.58929 0.557282 -0.584956
-0.196917 0.207987 0.301731 0.782249 0.212491 -0.585606
0.158414 -0.0898939 -0.310313 -0.782249 -0.212491 0.585606
0.0315643 -0.438887 -0.202637 0.20205 0.802673 0.561153
0.0860036 0.252262 -0.17507 -0.58929 0.557282 -0.584956
-0.0510267 0.077766 -0.199977 0.58929 -0.557282 0.584956
-0.0565516 -0.467022 -0.147392 -0.255704 0.596331 -0.760924
0.0601409 -0.0214524 0.247732 0.58929 -0.557282 0.584956
0.281841 0.375461 0.0234172 -0.782249 -0.212491 0.585606
0.048978 0.152055 0.424276 0.58929 -0.557282 0.584956
0.281498 -0.11994 -0.0723806 -0.58929 0.557282 -0.584956
0.269975 -0.231856 -0.167394 -0.58929 0.557282 -0.584956
0.394663 0.355367 0.163549 0.782249 0.212491 -0.585606
0.0543382 -0.41908 -0.242596 -0.202049 -0.802673 -0.561152
0.0963096 -0.257707 -0.0137822 0.58929 -0.557282 0.584956
0.00289705 0.121065 -0.216337 -0.58929 0.557282 -0.584956
-0.0819122 0.207525 -0.0452423 0.58929 -0.557282 0.584956
0.355135 0.338863 0.108043 -0.782249 -0.212491 0.585606
-0.30485 -0.408103 -0.125541 0.20205 0.802673 0.561152
-0.335957 -0.256821 -0.0493716 -0.782249 -0.212491 0.585606
-0.13841 0.350438 0.367626 -0.20205 -0.802673 -0.561152
0.0220368 0.145917 -0.211942 -0.58929 0.557282 -0.584956
0.257324 -0.0757621 -0.00265296 0.58929 -0.557282 0.584956
0.321536 0.389294 0.0781774 0.782249 0.212491 -0.585606
-0.130415 0.0987167 0.350915 0.782249 0.212491 -0.585606
-0.263321 -0.366142 -0.203942 -0.20205 -0.802674 -0.56115
0.242329 0.256324 -0.0758758 0.782249 0.212491 -0.585606
-0.106586 0.411591 0.174026 0.58929 -0.557282 0.584956
-0.0556258 0.12629 0.460823 0.782249 0.212491 -0.585606
-0.164785 -0.35023 0.145384 -0.782249 -0.212491 0.585606
-0.0538821 0.458546 0.165665 0.58929 -0.557282 0.584956
0.0829357 0.00860076 -0.37868 0.782249 0.212491 -0.585606
-0.113412 -0.0473363 -0.256313 0.58929 -0.557282 0.584956
0.0234659 -0.168157 0.141627 -0.58929 0.557282 -0.584956
0.266666 -0.0339102 -0.145396 -0.782249 -0.212491 0.585606
-0.133001 -0.0247253 0.302669 0.782249 0.212491 -0.585606
0.282499 0.234464 0.264248 -0.58929 0.557282 -0.584956
-0.116292 0.298336 0.0759076 0.58929 -0.557282 0.584956
-0.237816 -0.175542 0.107933 0.782249 0.212491 -0.585606
-0.137178 -0.479033 -0.152837 -0.238127 -0.515512 0.82313
0.0306037 -0.238787 0.067148 -0.58929 0.557282 -0.584956
0.10814 -0.297319 -0.436136 -0.202049 -0.802673 -0.561152
0.151556 0.249328 0.407848 -0.20205 -0.802673 -0.561152
-0.159429 0.398037 0.310535 0.20205 0.802675 0.56115
0.124909 0.182703 -0.259439 0.782249 0.212491 -0.585606
0.282854 0.178571 -0.0466723 -0.782249 -0.212491 0.585606
-0.0716607 0.38854 0.113593 -0.58929 0.557282 -0.584956
-0.0942516 -0.26565 -0.408561 -0.202047 -0.802675 -0.561151
0.321994 0.150285 -0.00465347 -0.782249 -0.212491 0.585606
-0.196721 -0.417378 -0.158163 0.680432 0.297054 -0.669904
0.0650712 0.0238267 -0.368322 0.58929 -0.557282 0.584956
-0.145049 -0.0886237 0.266674 -0.782249 -0.212491 0.585606
0.144465 0.135356 -0.250497 0.782249 0.212491 -0.585606
-0.172183 0.400454 0.226211 -0.58929 0.557282 -0.584956
0.268797 0.218744 -0.050872 -0.782249 -0.212491 0.585606
0.0458493 -0.106467 -0.466689 -0.782249 -0.212491 0.585606
-0.149465 -0.0101329 0.285971 0.782249 0.212491 -0.585606
-0.149169 -0.17366 -0.343925 -0.58929 0.557282 -0.584956
-0.19595 0.0838753 0.257989 0.782249 0.212491 -0.585606
0.393015 0.183783 0.104629 -0.58929 0.557282 -0.584956
-0.289264 -0.224916 0.0212927 0.782249 0.212491 -0.585606
-0.168303 -0.197632 0.192772 0.782249 0.212491 -0.585606
-0.000247906 -0.373543 -0.0268655 0.58929 -0.557282 0.584956
-0.0614323 -0.493772 -0.083056 -0.58929 0.557282 -0.584956
-0.124056 -0.321338 0.144308 -0.58929 0.557282 -0.584956
-0.121814 0.0942855 -0.112927 0.58929 -0.557282 0.584956
-0.0371125 -0.194164 0.177877 -0.58929 0.557282 -0.584956
-0.311712 0.104472 0.0847957 -0.58929 0.557282 -0.584956
0.337621 0.244796 0.221848 0.58929 -0.557282 0.584956
-0.252406 -0.00648194 -0.0773674 0.58929 -0.557282 0.584956
-0.12206 0.379933 0.322976 0.20205 0.802675 0.561149
0.284853 -0.179267 -0.128994 0.58929 -0.557282 0.584956
0.0182937 0.184595 0.486188 0.58929 -0.557282 0.584956
-0.190233 -0.0705972 -0.20437 -0.58929 0.557282 -0.584956
-0.262745 -0.205215 -0.25957 -0.58929 0.557282 -0.584956
0.0854925 0.480315 0.10123 -0.202049 -0.802674 -0.561152
0.379747 0.146426 0.0824068 -0.58929 0.557282 -0.584956
0.0648882 0.273314 -0.130454 0.58929 -0.557282 0.584956
-0.15573 -0.305727 0.170344 0.782249 0.212491 -0.585606
0.172302 0.509436 -0.013712 0.58929 -0.557282 0.584956
-0.0587165 0.324801 0.0398303 -0.58929 0.557282 -0.584956
0.292253 0.167078 0.193511 0.58929 -0.557282 0.584956
-0.0854064 -0.246048 0.180387 0.58929 -0.557282 0.584956
-0.10373 -0.506095 -0.0521844 -0.58929 0.557282 -0.584956
0.283358 0.0433707 0.0813295 -0.58929 0.557282 -0.584956
0.161636 0.306408 -0.162208 -0.782249 -0.212491 0.585606
0.130358 -0.098752 -0.354288 0.782249 0.212491 -0.585606
0.225031 0.288335 -0.084084 -0.782249 -0.212491 0.585606
0.0744326 0.131712 0.379252 0.58929 -0.557282 0.584956
0.22677 0.507639 0.0112771 -0.20205 -0.802673 -0.561152
0.106168 0.17889 -0.265284 -0.58929 0.557282 -0.584956
0.29812 -0.125258 -0.13981 0.782249 0.212491 -0.585606
0.354927 0.212595 0.0619482 -0.782249 -0.212491 0.585606
0.0344794 -0.0777515 0.219948 0.58929 -0.557282 0.584956
-0.288857 -0.44972 -0.0751966 -0.20205 -0.802673 -0.561152
0.137804 0.163362 0.342277 -0.58929 0.557282 -0.584956
-0.304974 -0.414762 -0.0685798 0.782249 0.212491 -0.585606
-0.101135 0.109497 -0.119267 0.58929 -0.557282 0.584956
-0.00555707 -0.296533 -0.396321 -0.20205 -0.802673 -0.561152
-0.341187 -0.392934 -0.134154 0.20205 0.802673 0.561152
-0.244158 0.109865 0.021879 -0.58929 0.557282 -0.584956
0.216342 -0.208627 -0.087946 0.58929 -0.557282 0.584956
-0.0860331 -0.50316 -0.0672169 -0.58929 0.557282 -0.584956
-0.214084 -0.210159 -0.313302 -0.58929 0.557282 -0.584956
-0.329469 0.056964 0.0731542 -0.782249 -0.212491 0.585606
-0.094415 0.036346 -0.199015 -0.58929 0.557282 -0.584956
0.0856179 -0.429944 -0.238319 -0.202049 -0.802674 -0.561151
-0.356042 -0.350059 -0.193561 -0.202051 -0.802675 -0.561149
0.0996044 0.0905447 -0.326681 0.782249 0.212491 -0.585606
0.207054 -0.0335109 -0.224881 -0.782249 -0.212491 0.585606
-0.169144 0.114446 -0.0460399 0.58929 -0.557282 0.584956
-0.247842 -0.00322586 0.157067 0.782249 0.212491 -0.585606
0.32326 0.144133 -0.00519375 -0.782249 -0.212491 0.585606
-0.181104 -0.501914 0.0330341 0.58929 -0.557282 0.584956
0.148185 -0.391317 -0.316099 -0.20205 -0.802674 -0.56115
0.138997 -0.249165 -0.394042 -0.782249 -0.212491 0.585606
-0.323592 -0.333697 -0.0607495 -0.782249 -0.212491 0.585606
-0.0970807 0.347038 0.0996638 -0.58929 0.557282 -0.584956
0.364246 0.314549 0.108107 0.782249 0.212491 -0.585606
-0.174918 0.0118567 -0.137958 0.58929 -0.557282 0.584956
-0.125152 0.180349 -0.0275724 0.58929 -0.557282 0.584956
-0.344095 -0.0354045 0.0168165 0.782249 0.212491 -0.585606
0.0236582 -0.248458 -0.472181 0.202049 0.802673 0.561152
0.197117 0.374245 -0.0901974 -0.782249 -0.212491 0.585606
0.0885554 0.355479 -0.0793062 -0.58929 0.557282 -0.584956
0.254808 -0.235047 -0.155155 -0.58929 0.557282 -0.584956
-0.173825 -0.0268599 0.250645 -0.782249 -0.212491 0.585606
0.177437 -0.0854411 0.0653173 -0.58929 0.557282 -0.584956
-0.0372477 -0.100432 0.267311 -0.58929 0.557282 -0.584956
0.0698805 0.4707 0.120606 -0.202053 -0.802671 -0.561154
0.0821361 -0.301235 -0.0442596 -0.58929 0.557282 -0.584956
-0.264722 0.179529 0.108963 -0.58929 0.557282 -0.584956
-0.186135 -0.118469 -0.254105 -0.58929 0.557282 -0.584956
-0.10322 -0.400878 0.0508279 0.58929 -0.557282 0.584956
-0.227146 0.320325 0.305399 -0.782249 -0.212491 0.585606
0.23245 -0.387562 -0.27793 -0.58929 0.557282 -0.584956
-0.0630032 -0.248194 -0.444782 -0.202047 -0.802675 -0.561151
0.133236 -0.168513 0.0339918 0.58929 -0.557282 0.584956
-0.11422 0.0370163 -0.178424 -0.58929 0.557282 -0.584956
0.24847 0.0136814 -0.155718 0.782249 0.212491 -0.585606
-0.244073 -0.159493 -0.234821 -0.58929 0.557282 -0.584956
0.14378 -0.261237 -0.0649673 0.58929 -0.557282 0.584956
-0.143346 -0.47659 -0.155588 0.265388 0.506659 -0.820284
0.209467 -0.278011 -0.310376 -0.782249 -0.212491 0.585606
-0.207385 -0.293612 -0.324402 0.202048 0.802675 0.56115
-0.245731 0.335051 0.241283 0.58929 -0.557282 0.584956
-0.0891081 -0.477893 -0.103392 0.202048 0.802674 0.561151
0.0309782 -0.0982423 0.203953 0.58929 -0.557282 0.584956
0.107112 0.298859 -0.151942 -0.58929 0.557282 -0.584956
-0.059592 -0.254293 -0.437286 -0.202048 -0.802674 -0.561151
0.0225444 -0.130946 -0.472931 0.58929 -0.557282 0.584956
-0.11888 -0.0708352 -0.276479 -0.58929 0.557282 -0.584956
0.210274 -0.195079 -0.28249 0.782249 0.212491 -0.585606
-0.234518 -0.442198 -0.105521 -0.20205 -0.802673 -0.561152
0.164505 -0.346528 -0.17039 -0.58929 0.557282 -0.584956
-0.266261 -0.259234 -0.307491 -0.58929 0.557282 -0.584956
0.203151 0.133181 -0.16961 -0.782249 -0.212491 0.585606
0.249951 0.199206 0.266734 0.58929 -0.557282 0.584956
0.314008 -0.0199657 -0.0803812 0.782249 0.212491 -0.585606
-0.186994 0.00443123 -0.136154 -0.58929 0.557282 -0.584956
-0.0272519 -0.482917 -0.175463 -0.459665 0.583661 -0.669364
-0.115337 -0.436679 0.0289278 0.58929 -0.557282 0.584956
-0.0694426 0.00474707 0.398264 0.782249 0.212491 -0.585606
-0.0212282 -0.223665 -0.494909 -0.202053 -0.802671 -0.561154
0.110946 -0.109287 0.112871 0.58929 -0.557282 0.584956
-0.302903 -0.305863 -0.272487 0.202048 0.802675 0.56115
-0.0416073 0.43122 0.224293 0.898576 -0.379825 0.219759
-0.386435 -0.265715 -0.189313 0.58929 -0.557282 0.584956
-0.236076 -0.0547861 -0.139837 0.58929 -0.557282 0.584956
0.147138 -0.0612874 -0.314995 -0.782249 -0.212491 0.585606
0.258076 0.0385935 -0.130562 -0.782249 -0.212491 0.585606
-0.361078 -0.31927 -0.108872 0.782249 0.212491 -0.585606
0.0788369 0.151298 0.390187 -0.58929 0.557282 -0.584956
0.334579 0.187656 0.170475 0.58929 -0.557282 0.584956
-0.163123 0.297531 0.122318 0.58929 -0.557282 0.584956
0.350416 0.214069 0.053173 0.782249 0.212491 -0.585606
0.156325 -0.349284 -0.161487 0.58929 -0.557282 0.584956
-0.0257468 -0.274914 -0.416549 0.202048 0.802674 0.561152
-0.170086 -0.273991 -0.365897 0.20205 0.802673 0.561152
-0.324457 -0.392831 -0.0866464 0.782249 0.212491 -0.585606
0.158167 0.024854 0.189807 -0.58929 0.557282 -0.584956
0.203634 0.470807 -0.0464535 -0.782249 -0.212491 0.585606
0.263151 0.140961 -0.089922 0.782249 0.212491 -0.585606
-0.222778 0.285428 0.29857 -0.782249 -0.212491 0.585606
0.169655 0.00404572 0.161698 0.58929 -0.557282 0.584956
-0.113079 -0.496296 -0.068438 0.202047 0.802675 0.56115
0.231545 0.441377 0.104339 -0.20205 -0.802673 -0.561152
0.208725 -0.264425 -0.306437 -0.782249 -0.212491 0.585606
-0.286005 -0.0511767 0.088689 0.782249 0.212491 -0.585606
-0.132345 -0.331545 0.142934 -0.58929 0.557282 -0.584956
0.12566 -0.375285 -0.155366 0.58929 -0.557282 0.584956
-0.0439706 0.341411 0.0440866 0.58929 -0.557282 0.584956
0.279923 0.126233 -0.0695791 -0.782249 -0.212491 0.585606
-0.20395 -0.0108825 0.216203 -0.782249 -0.212491 0.585606
-0.07479 -0.462259 -0.136942 0.108381 -0.587775 0.801732
-0.189857 0.309728 0.351363 -0.782249 -0.212491 0.585606
-0.118205 -0.158203 -0.357106 0.58929 -0.557282 0.584956
0.0540762 0.435383 0.0348397 0.58929 -0.557282 0.584956
-0.0835539 0.0206386 -0.221633 0.58929 -0.557282 0.584956
-0.291814 -0.0781577 0.0744225 -0.782249 -0.212491 0.585606
-0.29394 0.107865 0.0701246 -0.58929 0.557282 -0.584956
0.0464069 -0.20288 -0.504213 0.782249 0.212491 -0.585606
-0.240778 0.125429 0.216469 -0.782249 -0.212491 0.585606
