ply
format ascii 1.0
comment Created by Open3D
element vertex 2096
property double x
property double y
property double z
property double nx
property double ny
property double nz
end_header
-0.159889 0.4747 0.0884842 0.447808 -0.753862 -0.480791
-0.303675 0.273468 0.328323 -0.447808 0.753862 0.480791
0.069661 -0.462523 0.133349 -0.377441 0.885854 -0.269818
0.0959326 -0.250133 -0.45313 0.255855 -0.180269 -0.949758
0.186605 -0.130682 -0.421895 -0.255855 0.180269 0.949759
0.189403 -0.422275 0.201759 0.377441 -0.885854 0.269818
-0.238375 0.0665357 0.03556 -0.157105 0.614028 -0.773491
-0.205095 -0.198837 0.485207 0.0859737 -0.498924 0.862371
0.102072 -0.0652457 0.499405 -0.0859737 0.498924 -0.862371
-0.12103 0.113535 -0.469577 0.0859737 -0.498924 0.862371
0.00299584 0.099597 -0.522474 -0.0859737 0.498924 -0.862371
-0.135143 -0.213335 0.357489 0.444279 -0.734678 -0.512703
0.185352 -0.332346 -0.287974 -0.447808 0.753863 0.48079
-0.308788 0.433515 0.00214878 -0.377441 0.885854 -0.269818
-0.27348 0.240257 -0.322271 -0.889987 -0.427512 -0.15861
0.103484 -0.435052 0.176227 -0.377438 0.885856 -0.269814
-0.11827 -0.183819 -0.0501405 -0.889987 -0.427512 -0.15861
-0.29275 0.123238 0.101266 -0.889987 -0.427512 -0.15861
-0.311812 0.359616 -0.236244 -0.37744 0.885854 -0.269818
0.275183 0.0449637 -0.456059 0.889987 0.427512 0.15861
-0.0363357 0.259375 -0.426114 -0.0859737 0.498924 -0.862371
0.21484 -0.123507 -0.445132 0.255855 -0.180269 -0.949759
0.211618 0.0538376 -0.45018 -0.255855 0.180269 0.949759
-0.192858 -0.200421 0.413134 -0.889986 -0.427513 -0.158609
-0.0555548 0.0115066 0.5093 -0.255855 0.180269 0.949759
0.0416449 0.399001 -0.353107 -0.0859737 0.498924 -0.862371
0.231924 -0.127374 -0.410315 -0.255855 0.180269 0.949759
0.314465 -0.351195 -0.196401 0.447808 -0.753862 -0.480791
0.269783 -0.367834 -0.153692 -0.447802 0.753869 0.480785
-0.16095 0.185536 0.418395 0.255855 -0.180269 -0.949759
0.341048 -0.152075 -0.40571 0.255855 -0.180269 -0.949759
-0.117935 -0.0798103 -0.0675666 0.889986 0.427513 0.15861
-0.159832 0.292099 0.427951 -0.255855 0.180268 0.949759
0.0360834 0.340508 -0.386394 -0.0859737 0.498924 -0.862371
-0.183579 0.402489 -0.171092 0.377441 -0.885854 0.269818
-0.150701 0.328026 -0.283547 0.221797 -0.709784 0.66859
-0.0638129 -0.18071 -0.099293 0.889987 0.427512 0.15861
0.0345 -0.489994 -0.0821053 -0.889987 -0.427512 -0.15861
-0.15446 0.0795075 0.440268 0.255855 -0.180269 -0.949759
-0.00566287 0.142314 -0.464429 0.0859737 -0.498924 0.862371
-0.0625609 0.513231 -0.0805696 -0.377441 0.885854 -0.269818
0.402608 -0.35106 -0.103635 0.889987 0.427512 0.15861
-0.141531 0.433427 -0.128339 0.37744 -0.885854 0.269818
0.270236 -0.271045 0.396043 0.0859737 -0.498924 0.862371
0.014801 -0.323989 -0.419015 -0.889987 -0.427512 -0.15861
-0.142948 -0.00677904 -0.124059 0.889987 0.427512 0.15861
0.0429686 -0.045374 -0.476782 -0.255855 0.180269 0.949759
0.225172 -0.0943384 -0.418404 -0.255855 0.180269 0.949759
0.238869 -0.436672 -0.0745497 -0.447808 0.753862 0.480791
0.0181344 -0.516994 0.130362 0.37744 -0.885854 0.269818
-0.0495009 -0.32583 0.363756 -0.0859736 0.498924 -0.862371
0.285042 -0.321384 -0.21231 -0.447808 0.753863 0.48079
-0.298214 0.184433 0.361156 -0.455812 0.824485 0.33535
0.173169 0.0594182 -0.491078 0.255855 -0.180269 -0.949759
0.144118 -0.43546 0.118045 -0.377442 0.885855 -0.269813
0.0829554 -0.297377 -0.363013 -0.205563 0.0656727 0.976438
0.333973 -0.351039 -0.120239 -0.447808 0.753862 0.480791
-0.0270633 0.499247 -0.17614 -0.377441 0.885854 -0.269818
-0.153355 0.518216 0.0628058 -0.377441 0.885854 -0.269818
-0.177303 0.211699 -0.407174 0.0859736 -0.498924 0.862371
-0.301606 0.17338 0.074141 0.154807 0.0438973 -0.986969
0.116458 -0.478267 -0.18158 0.447808 -0.753862 -0.480791
-0.114621 0.497821 0.15263 -0.447808 0.753862 0.480791
-0.155301 0.35791 -0.29602 0.0891584 0.177974 -0.979988
-0.0425986 0.0893822 0.468528 0.255855 -0.180269 -0.949759
0.0605048 0.0490971 0.50395 0.255855 -0.180269 -0.949759
0.0505155 -0.32438 -0.353566 0.889989 0.427508 0.158609
0.0703202 -0.355369 0.367188 0.0859737 -0.498924 0.862371
-0.251757 0.118923 0.436057 -0.255855 0.180269 0.949759
-0.0742346 0.0687957 -0.532595 -0.0859737 0.498924 -0.862371
-0.0819808 -0.38804 0.296687 -0.889987 -0.427512 -0.15861
0.0176991 -0.176018 -0.488272 0.255855 -0.180269 -0.949759
-0.00434675 0.496965 -0.215408 -0.377441 0.885854 -0.269818
0.0364662 -0.399419 -0.337272 -0.889987 -0.427512 -0.15861
-0.254776 0.250462 0.40994 -0.447808 0.753862 0.480791
-0.137603 0.48478 0.034768 0.37744 -0.885854 0.269818
0.340473 -0.134303 -0.364094 -0.403633 0.900437 -0.162154
-0.240459 0.282065 0.315486 0.447808 -0.753862 -0.480791
0.0920456 0.0321889 0.515656 0.255855 -0.180269 -0.949759
0.166631 0.0884032 -0.49834 0.255855 -0.180269 -0.949759
-0.362016 0.393003 -0.0563988 -0.377441 0.885854 -0.269818
-0.273798 0.310898 -0.246093 0.889986 0.427513 0.15861
0.353973 -0.331495 -0.19049 0.447808 -0.753862 -0.480791
0.234557 -0.378823 0.281251 0.377441 -0.885854 0.269818
-0.182284 0.012338 -0.219663 -0.889987 -0.427512 -0.158609
-0.393456 0.356347 0.0380285 -0.889983 -0.427515 -0.158622
-0.217913 -0.0112934 0.0439521 -0.889987 -0.427512 -0.158609
-0.137598 -0.0815545 0.0474699 0.889987 0.427512 0.15861
-0.0674686 -0.262401 -0.123389 -0.889987 -0.427512 -0.15861
-0.00201305 0.272183 0.474246 -0.255855 0.180269 0.949759
-0.0350676 -0.190649 -0.498593 -0.889987 -0.427512 -0.15861
-0.0382628 -0.290757 -0.210838 -0.889987 -0.427511 -0.15861
-0.150961 0.269723 0.377991 -0.176015 0.00121203 0.984387
-0.193436 0.48591 0.0128084 -0.377441 0.885854 -0.269818
0.103163 -0.267741 0.414611 0.0859737 -0.498924 0.862371
0.16342 -0.179718 -0.448315 0.255855 -0.180269 -0.949759
-0.163539 0.055479 -0.196278 -0.44428 0.73468 0.5127
-0.257897 0.26883 0.378233 -0.447808 0.753862 0.480791
0.17427 -0.38397 0.244916 -0.37744 0.885854 -0.269818
0.175128 0.128235 -0.503611 0.255855 -0.180269 -0.949759
0.0312907 0.167723 -0.453413 0.0859737 -0.498924 0.862371
0.125042 -0.0874761 0.484254 -0.0859737 0.498924 -0.862371
0.0148798 -0.408284 -0.104162 -0.355741 0.43337 0.828033
-0.343854 0.229705 0.359519 -0.447808 0.753862 0.480791
0.179557 0.114311 -0.470295 -0.255855 0.180269 0.949759
-0.362741 0.260746 0.293257 -0.447808 0.753863 0.480791
0.116797 -0.326725 -0.418876 0.447808 -0.753862 -0.480791
0.247438 0.102159 -0.454538 0.889987 0.427512 0.15861
-0.295561 0.171885 0.250715 0.889987 0.427512 0.15861
-0.108855 0.0802115 0.481901 -0.255855 0.180269 0.949759
-0.0289299 0.0459533 -0.513485 -0.255855 0.180269 0.949759
-0.227728 0.260258 -0.406521 -0.0859737 0.498924 -0.862371
0.217517 -0.438326 0.00595951 -0.37744 0.885854 -0.269818
0.36911 -0.392697 0.047478 0.377441 -0.885854 0.269818
-0.178972 0.0995527 -0.473322 -0.889985 -0.427515 -0.15861
-0.131643 0.051158 0.451796 0.255855 -0.180269 -0.949759
0.16121 -0.438083 0.0855234 -0.377441 0.885854 -0.269817
0.162128 -0.449714 0.144822 0.754936 0.125612 -0.643656
0.232429 0.082254 -0.479448 0.255855 -0.180269 -0.949759
0.126124 -0.0424227 -0.484421 0.255855 -0.180269 -0.949759
-0.285713 0.301094 -0.377115 -0.0859737 0.498924 -0.862371
0.124804 -0.415824 0.20953 -0.37744 0.885854 -0.269818
0.221795 -0.335902 -0.248455 -0.447809 0.753863 0.480789
-0.2791 0.384912 -0.0951797 0.377441 -0.885854 0.269818
-0.184055 0.482334 0.112243 -0.447808 0.753862 0.480791
0.385751 -0.311289 -0.192576 0.447808 -0.753862 -0.480791
-0.163641 -0.177611 0.460886 -0.0859737 0.498924 -0.862371
-0.162501 0.0168269 0.47948 -0.255855 0.180269 0.949759
-0.212166 0.197599 0.392978 0.367729 -0.878588 0.304727
0.114868 0.235321 -0.422636 0.0859737 -0.498924 0.862371
-0.104307 -0.360031 0.346469 -0.889987 -0.427512 -0.158611
-0.186108 0.244404 -0.419843 -0.0859737 0.498924 -0.862371
0.117661 0.34213 -0.373152 0.889987 0.427512 0.15861
-0.084357 0.341962 -0.373545 -0.0859737 0.498924 -0.862371
0.239182 0.04963 -0.471436 0.255855 -0.180269 -0.949759
-0.38112 0.278925 0.187994 0.455812 -0.82449 -0.335339
0.115044 -0.151864 0.480467 0.0859737 -0.498924 0.862371
0.0898328 0.0697949 0.517043 0.889987 0.427512 0.15861
-0.0667857 -0.123307 -0.502129 -0.889987 -0.427512 -0.15861
-0.110792 -0.105789 -0.0376246 0.889988 0.427509 0.158609
0.0747802 -0.535877 -0.010873 0.37744 -0.885854 0.269818
-0.0944309 -0.139829 -0.0376791 0.889987 0.427512 0.15861
-0.122234 0.0860355 0.447711 0.255855 -0.180269 -0.949759
0.0636511 -0.108241 -0.488758 0.255855 -0.180269 -0.949759
0.135504 -0.420814 0.178179 -0.37744 0.885854 -0.269818
0.206592 -0.417662 0.0890851 -0.377442 0.885852 -0.269821
0.0606631 -0.395744 -0.36294 0.447808 -0.753863 -0.480791
-0.373946 0.232958 0.261131 -0.889986 -0.427513 -0.15861
-0.219612 -0.0218777 0.44196 0.255855 -0.180269 -0.949759
-0.170742 0.0335931 -0.290662 0.439273 -0.897138 -0.0467177
-0.0288322 0.483845 -0.12046 0.37744 -0.885854 0.269818
-0.247967 0.336698 0.281067 -0.447808 0.753862 0.480791
0.064701 0.254998 -0.40625 0.0859737 -0.498924 0.862371
0.348651 -0.220668 -0.310985 -0.447808 0.753862 0.48079
-0.143327 -0.035 0.465001 0.255855 -0.180269 -0.949759
-0.110476 0.158663 0.466574 -0.255855 0.180269 0.949759
0.0633184 0.170775 -0.45484 0.0859737 -0.498924 0.862371
-0.0446794 0.390592 0.327668 0.447808 -0.753862 -0.480791
-0.172326 0.0480001 -0.371661 -0.889987 -0.427511 -0.15861
-0.0263242 0.431995 -0.299698 0.157092 -0.614009 0.773508
-0.300121 0.338728 0.171072 0.447808 -0.753862 -0.480791
0.195818 -0.472553 -0.116623 0.447808 -0.753862 -0.480791
-0.0976435 -0.221008 0.461668 0.0859737 -0.498924 0.862371
-0.201958 0.199812 -0.349781 0.889987 0.427511 0.158611
0.0753275 -0.398983 0.254408 0.149964 0.0540687 -0.987212
0.187586 -0.0623127 -0.464089 0.255855 -0.180269 -0.949759
-0.26574 0.0827753 0.058769 -0.889986 -0.427513 -0.15861
0.062527 0.134045 -0.476011 0.0859737 -0.498924 0.862371
-0.34879 0.290449 0.201394 0.449337 -0.763057 -0.464586
0.240661 -0.334129 0.319191 -0.454619 0.804994 0.381191
-0.153775 0.272219 -0.374507 0.0859736 -0.498924 0.862371
-0.360609 0.420449 0.0448337 -0.447808 0.753862 0.480791
-0.12223 -0.00219673 0.464458 0.255855 -0.180269 -0.949759
-0.214025 0.311839 0.293421 0.447808 -0.753862 -0.480791
-0.0708957 -0.0574588 0.488776 0.255855 -0.180269 -0.949759
0.328488 -0.0845839 -0.421904 0.255855 -0.180269 -0.949759
-0.0339063 0.519152 0.000181296 0.889987 0.427512 0.15861
0.123044 -0.334262 0.374143 0.0859737 -0.498924 0.862371
-0.0798918 0.525962 0.140854 -0.447808 0.753862 0.480791
-0.0879999 0.0104142 -0.552133 0.255855 -0.180269 -0.949758
-0.0822989 0.421032 0.244901 0.447808 -0.753862 -0.480791
-0.401398 0.373117 0.0810579 -0.447808 0.753863 0.480791
-0.293396 0.170217 0.185489 -0.383702 0.890073 -0.246056
-0.266854 0.161808 0.116793 0.889987 0.42751 0.158612
-0.358109 0.378944 0.0435776 0.889985 0.427515 0.158614
-0.334458 0.0956284 0.409712 -0.889987 -0.427512 -0.158609
-0.223744 0.333234 -0.337245 0.0239558 -0.391195 0.919996
-0.0320198 -0.295203 -0.129366 -0.0891534 -0.177983 0.979987
-0.100443 0.528538 0.117672 -0.447811 0.753863 0.480788
-0.0118306 -0.322892 -0.272538 -0.889987 -0.427512 -0.15861
0.341741 -0.378638 0.131923 0.377441 -0.885854 0.269818
0.187974 -0.390239 0.205163 -0.37744 0.885854 -0.269818
-0.0144857 -0.0737525 0.506104 -0.0859737 0.498924 -0.862371
-0.130205 -0.237619 0.185282 0.394283 -0.546775 -0.738633
-0.216958 0.361535 -0.258858 0.377441 -0.885854 0.269818
-0.137376 -0.126688 -0.0969216 -0.889987 -0.427512 -0.15861
0.318178 -0.220074 -0.398535 0.447808 -0.753862 -0.480791
-0.280005 0.37209 -0.136012 0.377441 -0.885854 0.269818
0.13553 0.0672612 -0.502706 0.255855 -0.180269 -0.949759
-0.307554 0.341463 -0.18508 0.327277 -0.841093 0.430643
-0.0426424 -0.152964 0.463083 -0.0859737 0.498924 -0.862371
0.0455031 -0.448453 -0.255814 -0.889987 -0.427512 -0.15861
0.321119 -0.394558 0.108504 0.377441 -0.885854 0.269818
0.295772 -0.341566 -0.170672 -0.447808 0.753862 0.480791
-0.232569 0.171158 -0.336341 0.43861 -0.70751 -0.554122
-0.137154 0.285089 0.354423 0.0771947 0.201559 -0.97643
0.193818 -0.368505 -0.281629 0.447808 -0.753862 -0.480791
-0.211414 0.419594 0.185135 -0.447808 0.753862 0.480791
0.213431 -0.366554 -0.254218 -0.20197 -0.609106 0.766941
-0.0570035 -0.355729 0.334238 0.889987 0.427512 0.15861
0.0365723 0.0971498 -0.527237 -0.0859737 0.498924 -0.862371
-0.145588 0.111654 -0.500686 -0.0859735 0.498924 -0.862371
0.0571775 -0.152906 0.453165 -0.0859737 0.498924 -0.862371
0.284493 -0.333653 -0.251821 0.447808 -0.753862 -0.48079
0.011569 -0.422097 -0.136442 -0.889988 -0.427511 -0.158607
0.268346 -0.311299 0.288794 0.191865 -0.0355457 -0.980777
0.278431 -0.450416 -0.0151739 0.377441 -0.885854 0.269818
-0.117363 -0.155027 0.131964 0.889987 0.427512 0.15861
-0.135218 -0.209111 0.156104 0.431851 -0.67858 -0.594167
-0.284613 0.386649 -0.185535 -0.37744 0.885854 -0.269818
0.336052 -0.417166 -0.0728531 0.447808 -0.753862 -0.480791
0.309502 -0.373499 -0.107814 -0.447808 0.753862 0.480791
0.11554 0.0121882 0.525781 0.255855 -0.180269 -0.949759
0.0635886 -0.487852 0.162457 0.37744 -0.885854 0.269818
0.19162 -0.412861 -0.214128 0.447806 -0.753862 -0.480792
-0.10559 0.332433 0.420364 -0.447808 0.753862 0.480791
-0.154144 0.484167 -0.047879 -0.377441 0.885854 -0.269818
-0.174566 0.354006 0.322295 -0.447808 0.753862 0.480791
0.218402 0.0174159 -0.47092 0.255855 -0.180269 -0.949759
-0.0442889 0.28634 -0.377252 0.0859736 -0.498924 0.862371
-0.118464 -0.00440207 -0.532647 -0.889987 -0.427512 -0.15861
-0.202382 0.188152 -0.315973 0.889987 0.427513 0.158609
0.180012 0.00898596 -0.479662 0.255855 -0.180269 -0.949759
-0.184892 0.170075 -0.462968 -0.0859737 0.498924 -0.862371
0.199458 -0.333657 0.277136 0.106584 0.143164 -0.983943
0.0301972 0.304426 -0.374214 0.0859736 -0.498924 0.862371
-0.0529507 0.399161 -0.343584 -0.0859737 0.498924 -0.862371
-0.318501 0.21955 0.237793 0.0667525 0.221941 -0.972772
-0.106465 -0.148429 0.47207 -0.0859737 0.498924 -0.862371
0.1836 -0.0960356 -0.429281 -0.255855 0.180269 0.949759
-0.0847564 0.151964 -0.450961 0.0859737 -0.498924 0.862371
0.303141 -0.0665954 -0.402666 -0.255855 0.180269 0.949759
-0.11568 0.479829 0.121618 0.447808 -0.753862 -0.480791
-0.194223 0.361496 0.292243 -0.447808 0.753862 0.480791
-0.348489 0.213605 0.234123 0.111332 0.133584 -0.984764
0.190393 0.223567 -0.461692 0.889987 0.427512 0.15861
-0.062365 0.490441 -0.0518955 0.37744 -0.885854 0.269818
-0.146841 0.26762 -0.410327 -0.0859737 0.498924 -0.862371
0.191711 -0.410425 0.237433 0.377441 -0.885854 0.269818
0.284524 -0.19023 -0.370252 0.416138 -0.903699 0.100781
-0.237109 0.197428 0.345252 0.398409 -0.559857 -0.72652
0.26479 -0.38588 -0.188282 0.447795 -0.753877 -0.48078
-0.31583 0.249884 0.353981 -0.447808 0.753862 0.480791
-0.118331 -0.0227981 -0.483809 -0.889987 -0.427512 -0.15861
-0.0381437 0.477014 -0.233632 -0.377441 0.885854 -0.269818
-0.091483 0.122947 0.478469 -0.255855 0.180269 0.949759
0.381724 -0.238855 -0.288884 0.889987 0.427512 0.15861
0.162672 -0.425365 0.229005 0.377441 -0.885854 0.269818
-0.224187 0.372745 -0.315712 -0.377441 0.885854 -0.269818
-0.167959 0.37829 -0.344193 -0.0859737 0.498924 -0.862371
-0.294995 0.00284691 0.44644 -0.255855 0.180269 0.949759
0.029013 0.0372732 0.49771 0.255855 -0.180269 -0.949759
0.0115796 0.0113123 0.527422 -0.255855 0.180269 0.949759
0.249092 -0.207361 -0.372314 0.44927 -0.881602 -0.144687
0.09752 -0.478731 0.0411633 -0.37744 0.885854 -0.269818
-0.125529 -0.222064 0.431369 -0.0859737 0.498924 -0.862371
-0.200579 0.100186 0.423919 0.255855 -0.180269 -0.949759
0.379284 -0.374528 0.0904992 0.889987 0.427512 0.15861
0.105077 0.1781 -0.454765 0.0859737 -0.498924 0.862371
-0.0693415 0.344019 0.377723 0.447808 -0.753862 -0.480791
0.00123192 -0.0422187 -0.488624 -0.255855 0.180269 0.949759
-0.213499 0.00305488 -0.0194886 -0.889987 -0.427512 -0.15861
-0.379991 0.347575 -0.0138794 -0.889987 -0.427512 -0.158609
-0.173472 0.115575 -0.30046 0.0441851 0.265347 -0.96314
-0.0659913 0.557926 0.0757054 0.889987 0.427511 0.15861
-0.171098 0.329136 0.364521 -0.447808 0.753862 0.480791
-0.0143766 0.43181 -0.27094 0.255859 -0.180278 -0.949756
-0.154988 0.489401 0.128234 -0.447808 0.753862 0.480791
0.077102 -0.0787689 0.526539 0.0859736 -0.498924 0.862371
-0.28149 0.206175 0.0793368 0.889986 0.427513 0.158609
0.278205 -0.337416 0.252368 -0.37744 0.885854 -0.269818
-0.15322 0.314076 -0.314697 0.432999 -0.901395 -3.96146e-05
0.259985 -0.154034 -0.427176 0.255855 -0.180269 -0.949759
0.247496 -0.41591 0.141391 0.377441 -0.885854 0.269818
0.254789 -0.298495 -0.334615 0.447808 -0.753862 -0.480791
-0.00674115 0.296188 0.448724 0.889987 0.427512 0.15861
0.032101 0.298592 -0.410247 -0.0859737 0.498924 -0.862371
-0.134768 0.203506 0.422037 0.255855 -0.180269 -0.949759
0.0616696 -0.414344 -0.268778 -0.405209 0.581975 0.705061
-0.0361503 -0.379553 0.281442 0.889987 0.42751 0.158616
-0.0837039 0.505146 0.169941 -0.447808 0.753862 0.480791
-0.234724 0.385545 0.216812 -0.447808 0.753862 0.480791
-0.0229146 -0.330998 -0.131986 -0.175995 0.00116772 0.98439
0.378405 -0.265438 -0.27131 0.447808 -0.753862 -0.48079
0.312004 -0.435903 -0.0658731 0.447808 -0.753862 -0.480791
-0.044181 -0.0569777 0.525362 -0.255855 0.180269 0.949758
-0.00414483 -0.291981 0.411285 0.0859737 -0.498924 0.862371
-0.159705 0.437075 -0.0909377 0.377437 -0.885855 0.26982
-0.189982 0.302609 -0.341439 0.444324 -0.734907 -0.512335
-0.207389 0.388683 0.179114 0.447808 -0.753862 -0.480791
-0.147747 -0.209489 0.184449 -0.889987 -0.427512 -0.15861
0.25608 -0.340135 0.274392 -0.37744 0.885854 -0.269818
-0.244858 0.387216 -0.135514 0.377438 -0.885852 0.269827
-0.0197135 0.229253 -0.445198 -0.0859735 0.498924 -0.862371
-0.25607 -0.0819509 0.473022 -0.255855 0.180269 0.949758
0.224345 -0.208319 0.40444 -0.0859737 0.498924 -0.862371
0.0575092 0.1621 -0.491748 -0.0859737 0.498924 -0.862371
0.0567582 -0.227811 0.442339 0.0859737 -0.498924 0.862371
0.196799 -0.23027 -0.345092 -0.299176 0.284961 0.910654
-0.00839604 -0.412454 0.214389 0.889986 0.427513 0.15861
-0.21075 0.156934 0.410408 0.255855 -0.180269 -0.949759
0.128053 -0.272716 -0.384102 0.355743 -0.433377 -0.828029
-0.0169412 0.411586 -0.339985 -0.0859737 0.498924 -0.862371
-0.185249 0.478831 -0.0218856 -0.377441 0.885854 -0.269818
-0.144392 0.0569435 -0.287712 0.889986 0.427512 0.158611
-0.220886 0.216759 -0.289254 0.889987 0.427513 0.158609
-0.0854944 0.0593097 -0.504492 0.0859737 -0.498924 0.862371
-0.124339 -0.11823 0.0719261 0.889987 0.427512 0.15861
0.0913061 -0.412914 0.331803 0.0859737 -0.498924 0.862371
-0.337985 0.337394 -0.167293 0.357264 -0.869905 0.34004
-0.199624 -0.0280408 -0.0135275 -0.889987 -0.427514 -0.158605
0.076748 -0.450225 0.163813 -0.377441 0.885854 -0.269818
-0.151439 -0.106892 -0.000442798 -0.21915 0.706056 -0.673394
-0.291111 0.125843 0.424142 -0.255855 0.180269 0.949758
-0.041428 -0.282124 0.420705 0.0859737 -0.498924 0.862371
0.134199 -0.182062 0.461086 0.0859737 -0.498924 0.862371
-0.00310173 -0.267159 -0.206941 0.889987 0.427512 0.158609
-0.365272 0.269957 0.112739 -0.889989 -0.427509 -0.158605
0.216013 -0.393991 0.257394 0.377441 -0.885854 0.269818
0.310326 -0.390514 -0.0803685 -0.447808 0.753862 0.480791
0.205029 -0.155772 0.469235 0.0859737 -0.498924 0.862371
-0.167043 0.326511 -0.374241 -0.0859737 0.498924 -0.862371
0.14228 -0.415856 0.288752 0.377441 -0.885854 0.269818
0.316594 -0.222135 -0.333933 0.167193 -0.629561 0.758748
0.0957663 -0.206758 -0.461407 0.255855 -0.180268 -0.949759
-0.181443 0.315935 0.317347 0.447808 -0.753862 -0.480791
0.00581086 -0.269257 0.390971 -0.0859736 0.498924 -0.862371
-0.318448 0.141525 0.413801 -0.255855 0.180269 0.949758
-0.100091 0.507753 0.0577154 0.37744 -0.885854 0.269818
-0.316049 0.409381 0.036845 0.37744 -0.885854 0.269818
-0.038803 0.154097 0.457268 0.255855 -0.180269 -0.949759
-0.359652 0.354183 -0.145815 -0.889987 -0.427512 -0.15861
0.192952 -0.429121 -0.129156 -0.447808 0.753862 0.480791
-0.0494798 0.539627 0.0323793 0.889987 0.427511 0.15861
0.00673218 -0.430078 0.330305 0.0859737 -0.498924 0.862371
0.0796723 0.0956401 0.500279 0.255855 -0.180269 -0.949759
0.022084 -0.488286 -0.0170391 -0.889987 -0.427512 -0.158609
0.347707 -0.279612 -0.219442 -0.447808 0.753862 0.48079
-0.233761 0.414552 -0.0612912 0.37744 -0.885854 0.269818
-0.195926 0.352418 0.246653 0.447813 -0.753855 -0.480797
-0.160547 -0.00742496 0.455128 0.255855 -0.180269 -0.949759
-0.15125 0.401066 -0.32476 -0.377441 0.885854 -0.269818
-0.196944 0.282696 -0.396609 -0.0859737 0.498924 -0.862371
-0.355661 0.412821 -0.00022317 -0.377441 0.885854 -0.269818
-0.241642 0.0349156 0.454727 -0.255855 0.180269 0.949759
-0.268901 0.432626 -0.0565675 -0.377441 0.885854 -0.269818
-0.142339 0.452594 0.139492 0.447808 -0.753862 -0.480791
0.150992 -0.353959 -0.344324 0.447808 -0.753862 -0.480791
-0.119591 0.254393 -0.388227 0.0859736 -0.498924 0.862371
0.133192 0.163639 -0.465934 0.0859737 -0.498924 0.862371
-0.180658 -0.215305 0.384797 -0.889988 -0.427509 -0.158611
0.0687439 -0.479297 -0.0382889 0.889987 0.427512 0.158609
-0.274336 0.329483 -0.283826 0.377441 -0.885854 0.269818
0.0131991 0.397721 -0.318544 0.0859736 -0.498924 0.862371
0.0104062 -0.0975038 0.489881 -0.0859737 0.498924 -0.862371
-0.284469 0.160879 0.21814 0.889987 0.427512 0.15861
0.217337 -0.457224 -0.0623792 -0.447808 0.753862 0.480791
0.047995 0.0745171 0.495755 0.255855 -0.180269 -0.949759
-0.323148 0.339366 0.206861 -0.447808 0.753863 0.480791
-0.243893 0.463521 0.00988338 -0.377441 0.885854 -0.269818
-0.342272 0.390944 0.108175 -0.447809 0.753861 0.480791
0.155209 -0.266895 0.409912 0.0859737 -0.498924 0.862371
-0.16039 -0.214324 0.323829 0.444824 -0.890477 -0.0958194
-0.133118 -0.000680833 -0.425262 0.219149 -0.706056 0.673393
0.259276 -0.254273 -0.399774 0.447808 -0.753862 -0.480791
-0.0683391 -0.20982 -0.0869752 0.178246 -0.646336 0.741942
0.310806 -0.406533 -0.113041 0.447808 -0.753862 -0.480791
-0.00280387 0.302342 0.410044 0.889987 0.427511 0.158614
-0.229204 0.11514 0.41337 0.255855 -0.180269 -0.949759
0.167596 -0.306767 -0.402856 0.447808 -0.753862 -0.480791
-0.213777 0.337103 0.312277 -0.447808 0.753862 0.480791
-0.153931 -0.0108289 -0.0515139 0.889983 0.427519 0.158613
0.0455561 0.187118 -0.476082 -0.0859737 0.498924 -0.862371
0.0310311 0.207921 0.465864 0.255855 -0.180269 -0.949759
-0.266006 0.14759 0.426777 -0.255855 0.180269 0.949758
-0.0844566 0.468525 0.226661 -0.447808 0.753862 0.480791
0.204049 -0.373861 0.236449 -0.37744 0.885854 -0.269818
-0.0842952 0.496375 0.124907 0.447808 -0.753862 -0.480791
0.26106 -0.120781 -0.433198 0.255855 -0.180269 -0.949759
0.226621 -0.0616821 -0.424212 -0.255855 0.180269 0.949759
-0.0781027 -0.017063 -0.544251 0.255855 -0.180269 -0.949758
-0.1576 0.379989 0.297356 -0.447808 0.753862 0.480791
-0.203478 -0.108732 0.492273 -0.255855 0.180269 0.949758
0.307373 -0.388665 0.147079 0.377441 -0.885854 0.269818
0.207498 -0.459224 0.0551353 0.377441 -0.885854 0.269818
-0.303872 0.151152 0.363987 0.430622 -0.902391 0.0159844
0.100015 -0.237079 0.432664 0.0859737 -0.498924 0.862371
-0.255372 0.318088 -0.370308 -0.0859737 0.498924 -0.862371
0.0327222 -0.498449 -0.0493389 -0.889987 -0.427512 -0.15861
-0.236235 0.359747 0.197619 0.447824 -0.753846 -0.4808
-0.173897 0.133422 -0.442611 -0.133236 -0.0888506 0.987094
-0.107836 -0.211489 0.176887 0.415129 -0.615736 -0.669729
-0.212841 0.295372 0.320345 0.447808 -0.753862 -0.480791
-0.100789 0.0534901 0.459665 0.255855 -0.180269 -0.949759
-0.110984 0.321318 -0.382834 -0.0859737 0.498924 -0.862371
-0.0837149 0.515351 -0.0440175 -0.377441 0.885854 -0.269818
0.253519 0.0758566 -0.443071 -0.255855 0.180269 0.949759
-0.131579 0.473879 -0.00944908 0.37744 -0.885854 0.269818
-0.100301 0.356528 0.329275 0.447811 -0.753857 -0.480795
0.369945 -0.405186 -0.0600702 0.447808 -0.753862 -0.480791
-0.181121 -0.0309224 0.454046 0.255855 -0.180269 -0.949759
-0.210018 0.384352 -0.193656 0.377434 -0.885855 0.269823
-0.012748 -0.338477 0.352775 -0.0859736 0.498924 -0.862371
-0.31695 0.200096 0.294689 0.88999 0.427507 0.158608
0.12538 -0.383558 0.263619 0.231889 -0.124833 -0.964699
-0.134801 0.363948 -0.322539 -0.274354 0.224208 0.935126
0.223656 -0.348564 -0.285105 0.447808 -0.753862 -0.480791
0.082035 -0.465727 -0.149446 0.889986 0.427513 0.158611
-0.213641 0.398444 -0.246091 -0.377441 0.885854 -0.269818
-0.331892 0.305385 0.0947401 0.889987 0.427511 0.158609
0.105772 -0.539441 -0.0659297 0.377441 -0.885854 0.269818
-0.175357 -0.125762 0.503081 -0.255855 0.180269 0.949758
0.398 -0.325395 -0.146954 0.889987 0.427512 0.15861
-0.237223 0.18324 0.377426 0.422656 -0.903962 0.0649126
-0.154825 -0.190218 0.237176 -0.439273 0.897138 0.0467166
-0.113542 0.464585 0.205748 -0.447808 0.753862 0.480791
0.00792875 -0.284987 -0.32687 -0.44927 0.881603 0.144684
0.287424 -0.372935 -0.129263 -0.447808 0.753862 0.480791
0.0326053 -0.276297 -0.38267 0.889987 0.427512 0.15861
-0.0665545 0.267197 0.428325 0.255855 -0.180269 -0.949759
0.278813 -0.280469 -0.282266 -0.447801 0.75386 0.480801
-0.40034 0.328653 0.151303 -0.889987 -0.427512 -0.15861
0.0711852 0.242936 -0.446344 -0.0859737 0.498924 -0.862371
0.234918 -0.317359 0.283348 0.106584 0.143164 -0.983943
-0.25663 0.203875 -0.318756 -0.889987 -0.427512 -0.158609
0.337863 -0.190821 -0.31916 -0.0548215 -0.244998 0.967972
-0.133038 -0.155485 -0.0436465 -0.889987 -0.427512 -0.15861
-0.174134 -0.0780209 0.0434818 -0.342698 0.856565 -0.385817
0.0181496 -0.502727 0.0439613 -0.889987 -0.427512 -0.15861
0.0512861 -0.488941 -0.179133 -0.889987 -0.427512 -0.15861
-0.0703029 -0.293883 0.41678 0.0859737 -0.498924 0.862371
0.378621 -0.357773 -0.126331 0.447808 -0.753862 -0.480791
0.111859 -0.453742 0.206921 0.377441 -0.885854 0.269818
0.136819 -0.47129 -0.115319 -0.447808 0.753862 0.480791
-0.332471 0.209737 0.0933485 -0.236724 0.135889 0.962027
0.0282464 -0.208905 0.456119 0.0859737 -0.498924 0.862371
0.0528673 -0.154604 -0.482863 0.255855 -0.180269 -0.949759
-0.0982945 0.291303 -0.401465 -0.0859737 0.498924 -0.862371
-0.0303484 0.0834734 -0.49601 0.0859737 -0.498924 0.862371
-0.0774194 -0.0136773 -0.473159 0.889987 0.427512 0.15861
-0.17998 0.436982 0.187148 -0.447816 0.753863 0.480782
-0.00799316 0.500486 -0.0949747 0.37744 -0.885854 0.269818
-0.0245159 -0.239369 -0.161686 0.889987 0.427512 0.15861
-0.172388 0.455712 -0.115779 -0.377441 0.885854 -0.269818
0.365652 -0.38783 -0.091282 0.447808 -0.753862 -0.480791
-0.243509 0.431838 -0.094672 -0.377435 0.885859 -0.269808
-0.197077 0.0865975 0.456922 -0.255855 0.180269 0.949759
0.0781898 -0.473657 -0.106496 0.889987 0.427512 0.15861
-0.183569 -0.0550203 -0.000535052 0.405211 -0.581981 -0.705055
-0.0720885 0.511227 0.0299499 0.37744 -0.885854 0.269818
-0.276742 0.26053 -0.35861 -0.889987 -0.427511 -0.158611
0.30689 -0.410818 0.0750242 0.377441 -0.885854 0.269818
0.117064 0.205656 -0.472485 -0.0859737 0.498924 -0.862371
-0.281156 0.405924 0.141612 -0.447808 0.753862 0.480791
0.165905 -0.367843 0.302671 -0.431853 0.678589 0.594154
-0.123156 0.411347 -0.329534 -0.0859737 0.498924 -0.862371
0.174391 -0.300082 -0.348772 -0.447808 0.753863 0.48079
0.126887 -0.209851 -0.452437 0.255855 -0.180268 -0.949759
-0.111549 0.437716 0.249734 -0.447808 0.753862 0.480791
0.257598 -0.233049 0.391959 0.889987 0.427512 0.15861
-0.0871474 0.36939 -0.357398 -0.0859737 0.498924 -0.862371
0.0821658 -0.26186 -0.420477 -0.339217 0.853185 -0.396242
-0.17194 0.0727563 -0.440552 -0.889987 -0.427512 -0.158609
-0.21947 0.169994 -0.42259 0.21915 -0.706057 0.673392
0.217646 -0.283129 0.326311 -0.432999 0.901395 4.11456e-05
0.139964 -0.0585414 0.531974 0.0859736 -0.498924 0.862371
0.268476 -0.322151 0.331227 -0.424911 0.903757 -0.0517094
-0.161491 0.392823 -0.233725 0.377441 -0.885854 0.269818
0.0648978 -0.241117 -0.433721 -0.255855 0.180269 0.949758
0.129852 -0.412529 -0.213943 -0.447808 0.753862 0.480791
0.29243 -0.270368 -0.343658 0.447808 -0.753862 -0.480791
0.103288 0.146504 -0.472866 0.0859737 -0.498924 0.862371
0.157708 -0.385785 -0.229932 -0.447808 0.753862 0.480791
9.91658e-05 -0.337253 -0.30077 -0.889986 -0.427513 -0.15861
-0.179663 0.39708 -0.298102 -0.377441 0.885854 -0.269818
0.183119 -0.464745 -0.0824562 -0.447808 0.753862 0.480791
0.256388 -0.316661 -0.304641 0.447808 -0.753862 -0.480791
0.0514375 -0.336734 -0.325441 0.889988 0.42751 0.158609
0.0399221 0.370068 -0.369675 -0.0859737 0.498924 -0.862371
-0.0515513 0.488077 0.182949 0.889987 0.427511 0.15861
-0.338634 0.380642 -0.12969 -0.377441 0.885854 -0.269818
-0.307224 0.388635 -0.147385 -0.377441 0.885854 -0.269818
-0.165758 0.33716 0.298676 0.447808 -0.753862 -0.480791
0.281407 -0.298584 -0.309683 0.447814 -0.753863 -0.480784
0.213187 -0.485489 -0.0390536 0.377441 -0.885854 0.269818
-0.303451 0.290497 0.243595 0.447808 -0.753862 -0.48079
0.0313103 0.13276 -0.473642 0.0859737 -0.498924 0.862371
-0.327665 0.109787 0.333436 -0.889987 -0.427512 -0.15861
-0.132857 -0.154402 0.161092 -0.448845 0.760024 0.470002
-0.0403805 -0.0320961 -0.531236 0.255855 -0.180269 -0.949758
-0.254794 0.133565 0.12525 0.889987 0.427512 0.158608
0.318254 -0.309038 -0.200735 -0.447808 0.753866 0.480784
0.141863 -0.104025 -0.439008 -0.255855 0.180269 0.949759
-0.193616 0.458516 0.0824477 0.447808 -0.753862 -0.480791
-0.189116 0.0344973 0.023744 0.889987 0.427512 0.158609
0.271093 -0.287369 0.330506 0.406317 -0.901392 0.149664
0.32669 -0.424689 0.00178366 0.377441 -0.885854 0.269818
0.134543 0.134628 -0.482853 0.0859737 -0.498924 0.862371
0.127804 -0.407753 0.331151 0.0859737 -0.498924 0.862371
0.0904618 -0.381278 0.31309 0.355744 -0.433378 -0.828028
0.2773 -0.42182 -0.023477 -0.37744 0.885854 -0.269818
-0.138462 -0.206655 0.298973 0.370944 -0.881084 0.293413
-0.134656 0.0819655 -0.409789 0.889987 0.427512 0.158609
0.0593443 -0.438169 -0.0964021 0.889987 0.427512 0.15861
0.127759 0.319683 -0.407581 -0.0859737 0.498924 -0.862371
-0.358886 0.272401 0.0703175 -0.889988 -0.427511 -0.158605
0.0817952 -0.458421 -0.244982 0.447808 -0.753862 -0.480791
0.0350448 0.404511 -0.280534 0.432999 -0.901395 -3.96146e-05
-0.0697949 0.398697 0.349805 -0.447808 0.753862 0.480791
-0.256209 0.0386496 0.420613 0.255855 -0.180269 -0.949759
0.219417 -0.179208 -0.433326 0.255855 -0.180269 -0.949759
-0.244133 0.129298 0.0769281 0.889986 0.427513 0.158608
-0.204735 -0.0938287 0.457271 0.889987 0.427512 0.158611
-0.102969 -0.0495816 0.478641 0.255855 -0.180269 -0.949759
0.0630037 -0.0700241 -0.496186 0.255855 -0.180269 -0.949759
0.282908 -0.421602 -0.0571609 -0.447808 0.753862 0.480791
-0.264177 0.444684 -0.0235851 -0.377441 0.885854 -0.269818
0.0796568 -0.0459051 0.512829 -0.0859737 0.498924 -0.862371
0.317835 -0.367131 0.203145 0.377441 -0.885854 0.269818
-0.101093 0.405051 0.310691 -0.447808 0.753862 0.480791
-0.282284 0.244037 0.336158 0.447808 -0.753862 -0.480791
-0.303012 0.400658 -0.113806 -0.37744 0.885854 -0.269818
-0.279962 0.0960297 0.102845 -0.889988 -0.42751 -0.158609
0.0412334 -0.00462066 0.538435 -0.255855 0.180269 0.949759
-0.0727376 0.0699044 0.464106 0.255855 -0.180269 -0.949759
-0.120503 0.156822 0.434741 0.255855 -0.180269 -0.949759
-0.142264 -0.148403 0.475653 -0.0859737 0.498924 -0.862371
0.0990137 -0.489574 -0.121862 -0.447808 0.753862 0.480791
-0.185653 -0.0330007 -0.0785515 -0.889988 -0.427509 -0.158609
0.244095 -0.392758 0.11839 -0.37744 0.885854 -0.269818
-0.305364 0.236701 0.3844 -0.447808 0.753862 0.480791
-0.203675 0.0511246 0.432397 0.255855 -0.180269 -0.949759
0.0680951 -0.257082 0.424274 0.0859737 -0.498924 0.862371
0.176173 0.235049 -0.428905 0.0859737 -0.498924 0.862371
-0.234112 -0.10233 0.411949 -0.0239498 0.391185 -0.920001
0.138519 -0.332548 -0.389515 0.447808 -0.753862 -0.480791
0.22849 -0.213725 -0.424331 0.255855 -0.180269 -0.949758
-0.244313 -0.108846 0.45503 -0.889987 -0.427512 -0.15861
-0.0398833 0.309083 0.405924 -0.454619 0.804999 0.38118
0.292842 -0.191097 -0.41129 0.255855 -0.180269 -0.949759
-0.0401973 -0.190658 -0.469785 -0.889987 -0.427512 -0.15861
-0.131483 0.045089 -0.3481 0.370944 -0.881084 0.293412
-0.234703 -0.129831 0.487866 -0.255855 0.180269 0.949758
0.00967451 -0.337352 -0.354231 -0.889987 -0.427512 -0.15861
-0.312538 0.182745 0.217213 -0.198945 0.677037 -0.708549
0.128118 -0.211453 -0.422321 -0.255855 0.180269 0.949758
-0.267449 0.35044 0.183138 0.447808 -0.753862 -0.480791
-0.0610205 -0.0357032 -0.505808 0.889987 0.427512 0.158609
-0.137243 0.377941 0.261292 0.447808 -0.753862 -0.480791
-0.0350347 -0.211566 0.460888 0.0859737 -0.498924 0.862371
0.0141238 -0.0736624 -0.479183 -0.255855 0.180269 0.949759
0.152093 0.286922 -0.428961 -0.0859737 0.498924 -0.862371
-0.153048 0.408843 -0.192941 0.377441 -0.885854 0.269818
-0.358563 0.345563 0.164158 -0.447808 0.753863 0.480791
-0.273608 0.269225 -0.266109 0.0691693 -0.470386 0.879746
0.0644391 -0.183933 0.466959 0.0859737 -0.498924 0.862371
0.028365 -0.385869 0.353725 0.0859737 -0.498924 0.862371
0.0852711 -0.243368 0.398028 -0.0859736 0.498924 -0.862371
-0.335359 0.348437 -0.0790426 0.449269 -0.881603 -0.144684
-0.0397147 0.149018 -0.457155 0.0859737 -0.498924 0.862371
0.342477 -0.192759 -0.36944 -0.431854 0.678593 0.594149
0.116256 -0.284908 -0.441055 0.255855 -0.180269 -0.949758
-0.114581 -0.291219 0.218642 -0.889986 -0.427512 -0.158616
-0.313146 0.0552326 0.431608 -0.255855 0.180269 0.949759
-0.085964 0.135061 0.448176 0.255855 -0.180269 -0.949759
0.2025 -0.235395 -0.427219 0.255855 -0.180269 -0.949758
0.0135117 -0.317923 0.362048 -0.0859736 0.498924 -0.862371
0.0705524 0.201993 -0.4375 0.0859737 -0.498924 0.862371
-0.159305 0.0682699 -0.234564 0.889987 0.427512 0.15861
-0.390938 0.340517 0.0665687 -0.889986 -0.427512 -0.158611
0.057334 -0.373178 -0.401424 0.447808 -0.753863 -0.480791
-0.125898 -0.0391497 -0.132477 0.889987 0.427512 0.15861
-0.303527 0.35644 -0.154487 0.377441 -0.885854 0.269818
-0.0300506 0.377106 -0.274922 0.34412 -0.857925 0.381506
-0.226552 0.264575 0.4141 -0.447808 0.753862 0.480791
-0.335232 0.331432 0.149808 0.447808 -0.753862 -0.480791
0.0634698 0.0640702 -0.521512 0.255855 -0.180269 -0.949758
0.09875 0.0334898 0.546695 -0.255855 0.180269 0.949759
-0.0126453 -0.0735055 -0.515904 0.255855 -0.180269 -0.949759
-0.0251446 0.202143 -0.460341 -0.0859735 0.498924 -0.862371
-0.126975 0.452046 -0.0875718 0.37744 -0.885854 0.269818
-0.0803735 -0.176901 0.452996 -0.0859737 0.498924 -0.862371
0.0349382 0.017895 -0.490954 -0.255855 0.180269 0.949759
0.252513 -0.416368 0.0290954 -0.37744 0.885854 -0.269818
0.12903 -0.329166 -0.345419 -0.447808 0.753863 0.48079
0.0684822 -0.410038 -0.333244 0.447808 -0.753863 -0.480791
-0.0831436 0.153713 -0.482577 -0.0859735 0.498924 -0.862371
0.00846919 -0.474488 0.283438 0.377441 -0.885854 0.269818
0.10377 -0.270071 -0.363641 -0.346883 0.408993 0.844036
0.0709636 -0.433246 0.227647 -0.37744 0.885854 -0.269818
-0.203535 0.371058 0.21034 0.447813 -0.753863 -0.480785
-0.215764 -0.0697846 0.424216 0.0215084 0.308093 -0.951113
0.0757561 -0.367303 0.267096 -0.181266 0.650874 -0.737228
-0.33562 0.10945 0.37898 -0.889987 -0.427512 -0.158609
-0.163279 0.479239 0.0524926 0.37744 -0.885854 0.269818
-0.291038 0.431633 -0.0288585 -0.377441 0.885854 -0.269818
0.332705 -0.380656 0.0341663 -0.37744 0.885854 -0.269818
0.232856 -0.0287458 -0.428784 -0.255855 0.180269 0.949759
0.238984 -0.385799 0.148385 -0.37744 0.885854 -0.269818
-0.137513 0.358168 0.292044 0.447806 -0.753865 -0.480788
0.183236 -0.383849 0.336544 0.377441 -0.885854 0.269818
-0.176878 0.02778 -0.156325 -0.455873 0.841944 0.288634
0.289363 -0.0133756 -0.416479 -0.255855 0.180269 0.949759
-0.0975902 0.404227 -0.300948 0.424908 -0.903758 0.0517279
-0.0671125 0.367545 -0.327996 0.0859736 -0.498924 0.862371
-0.308794 0.381858 0.0953676 0.447808 -0.753862 -0.480791
0.0822738 -0.494516 0.114438 0.37744 -0.885854 0.269818
0.0806643 -0.0521583 -0.465339 -0.255855 0.180269 0.949759
-0.153359 -0.0398661 -0.0542407 0.21915 -0.706056 0.673393
0.303759 -0.214266 -0.364028 -0.395505 0.896848 -0.198089
0.108283 -0.413946 0.238806 -0.37744 0.885854 -0.269818
0.19086 -0.391193 -0.24881 0.447808 -0.753862 -0.480791
0.143588 -0.0572315 0.499903 -0.0859737 0.498924 -0.862371
0.0465632 -0.370607 -0.288892 -0.175997 0.00117252 0.98439
0.341008 -0.332106 0.181949 -0.37744 0.885854 -0.269818
0.231704 -0.431574 0.112056 0.377441 -0.885854 0.269818
-0.386363 0.272789 0.22345 -0.889987 -0.427512 -0.15861
0.15789 -0.0768399 -0.43985 -0.255855 0.180269 0.949759
-0.202759 0.130345 -0.302665 0.196746 -0.0462296 -0.979364
-0.293596 0.112447 0.135101 -0.889987 -0.427511 -0.158609
-0.0935761 -0.349061 0.387177 0.0859737 -0.498924 0.862371
-0.242664 0.306643 0.274895 0.447808 -0.753862 -0.480791
-0.00533818 -0.103561 0.520414 0.0859736 -0.498924 0.862371
-0.0622904 -0.0597877 -0.472476 -0.0215084 -0.308093 0.951113
-0.0166014 -0.302398 -0.301007 -0.889986 -0.427513 -0.158609
-0.158636 0.0311765 0.448317 0.255855 -0.180269 -0.949759
-0.185141 0.135073 -0.269648 0.889987 0.427511 0.15861
-0.101483 -0.186012 -0.128504 0.0215084 0.308093 -0.951113
0.308697 -0.285126 -0.305366 0.447808 -0.753862 -0.48079
0.11758 -0.496365 -0.0447929 -0.37744 0.885854 -0.269818
-0.316174 0.439753 0.0559525 -0.447808 0.753862 0.480791
-0.0193467 0.116236 -0.478152 0.0859737 -0.498924 0.862371
-0.0553386 -0.423257 0.340439 0.0859737 -0.498924 0.862371
-0.373396 0.305502 0.0625161 -0.889989 -0.42751 -0.158604
-0.178615 -0.145197 0.449161 0.889986 0.427513 0.15861
-0.0515855 -0.335736 0.234808 0.133236 0.0888508 -0.987094
0.183903 -0.112782 -0.455501 0.255855 -0.180269 -0.949759
-0.142243 0.424592 -0.260119 -0.377441 0.885854 -0.269818
0.0688583 -0.388074 0.348412 0.0859737 -0.498924 0.862371
-0.0778594 -0.297992 0.228567 0.236723 -0.135888 -0.962027
-0.162168 0.0902437 -0.277725 0.889987 0.427512 0.15861
-0.381181 0.221408 0.337763 -0.447808 0.753863 0.480791
-0.241416 -0.0338561 0.467841 -0.255855 0.180268 0.949759
0.0217419 -0.0469056 0.511729 0.255855 -0.180269 -0.949759
0.241032 -0.402541 0.0905543 -0.37744 0.885854 -0.269818
-0.344281 0.143603 0.335527 -0.889987 -0.427511 -0.15861
-0.0325504 0.494665 -0.0797355 0.37744 -0.885854 0.269818
0.213784 -0.405038 0.120471 -0.37744 0.885854 -0.269818
0.381749 -0.226359 -0.329471 0.447808 -0.753862 -0.48079
-0.174515 0.0353705 -0.325337 -0.889988 -0.427509 -0.158612
0.195314 -0.0517919 -0.434523 -0.255855 0.180269 0.949759
-0.0302252 0.378179 -0.311071 0.452288 -0.783431 -0.426229
-0.105922 0.337276 -0.311739 0.449404 -0.881255 -0.146374
-0.140169 0.171935 -0.433882 0.0859737 -0.498924 0.862371
-0.0166057 0.207907 0.482514 -0.255855 0.180269 0.949759
-0.273122 0.315987 0.290113 -0.447796 0.753862 0.480802
-0.0998016 0.547324 0.0834582 -0.377441 0.885854 -0.269818
0.0195083 0.0492998 -0.530552 0.255855 -0.180269 -0.949758
-0.0670619 -0.130864 0.478303 -0.0859737 0.498924 -0.862371
0.162511 -0.229188 -0.362371 -0.426884 0.658881 0.619392
0.190141 -0.202603 -0.436773 0.255855 -0.180268 -0.949759
0.356616 -0.260233 -0.299765 0.447808 -0.753862 -0.48079
0.274334 -0.438811 -0.0963993 0.447808 -0.753862 -0.480791
0.0900078 -0.502759 -0.0943675 0.889986 0.427513 0.158611
0.146591 -0.28749 -0.432392 0.255855 -0.180269 -0.949758
0.298186 -0.355886 0.267551 0.377441 -0.885854 0.269818
-0.0255649 0.17146 0.487019 -0.255855 0.180269 0.949759
-0.0378739 0.279228 0.405417 0.448093 -0.884406 -0.130528
-0.0777082 0.262988 -0.38743 0.0859736 -0.498924 0.862371
-0.112467 0.00983695 0.494285 -0.255855 0.180269 0.949759
-0.168564 0.0239977 -0.087701 -0.416135 0.903699 -0.100796
-0.157776 -0.17502 0.412615 0.889987 0.427512 0.15861
0.036674 -0.484014 -0.110421 -0.889987 -0.427512 -0.15861
-0.0062342 -0.271928 -0.385112 -0.452294 0.783478 0.426136
0.0710037 0.28315 -0.423059 -0.0859737 0.498924 -0.862371
-0.0639271 0.319914 0.448507 -0.255855 0.180269 0.949759
-0.157412 -0.178943 0.15635 -0.889987 -0.427511 -0.158611
-0.146172 0.0446579 -0.509406 -0.889987 -0.427512 -0.15861
0.230997 -0.417464 0.0555963 -0.37744 0.885854 -0.269818
-0.189933 0.460925 0.140337 -0.447808 0.753862 0.480791
-0.0470914 0.214275 0.473093 -0.255855 0.180269 0.949759
0.0182115 0.431415 -0.332018 -0.0859737 0.498924 -0.862371
0.318438 -0.29126 -0.228439 -0.447808 0.753862 0.48079
