ply
format ascii 1.0
comment Created by Open3D
element vertex 2096
property double x
property double y
property double z
property double nx
property double ny
property double nz
end_header
-0.294531 -0.237426 -0.00419562 0.674585 -0.619138 -0.401999
0.131137 0.247524 0.0254013 -0.674584 0.619138 0.402
-0.102122 -0.222116 0.213401 -0.0682825 -0.594569 0.80114
0.211518 0.155151 0.240365 0.674584 -0.619138 -0.402
0.3171 0.382121 -0.132951 -0.699646 -0.709921 -0.0806743
-0.094013 0.244648 -0.347987 -0.674584 0.619138 0.402
0.085174 0.105686 0.166723 -0.674584 0.619138 0.402
0.294162 0.262163 0.0547963 -0.735033 -0.512987 -0.443363
-0.143709 0.0369261 -0.111459 -0.674584 0.619138 0.402
-0.304378 -0.28924 0.0590821 0.674585 -0.619138 -0.401999
-0.309072 -0.230476 -0.348678 -0.735033 -0.512987 -0.443363
0.181112 -0.125142 0.484261 -0.0682824 -0.594569 0.80114
0.292871 -0.0330308 0.506792 0.606968 0.77515 -0.175307
-0.290967 -0.31912 0.127606 0.674584 -0.619138 -0.402001
-0.0207615 0.22718 -0.324654 -0.0682825 -0.594569 0.80114
0.310999 0.302173 0.243056 -0.674585 0.619138 0.401999
0.12403 -0.136082 0.233335 0.0682824 0.594569 -0.80114
0.17986 0.209711 0.1654 -0.674584 0.619138 0.402
0.18367 0.133948 0.226291 0.674584 -0.619138 -0.402
-0.308851 -0.338272 -0.183852 0.67458 -0.619142 -0.402002
0.293795 0.327567 0.175076 -0.674584 0.619138 0.402
0.096332 0.0755168 0.0348556 0.735033 0.512987 0.443363
-0.395407 -0.303962 -0.120521 -0.735033 -0.512987 -0.443363
-0.168114 -0.382368 0.193382 0.0682825 0.594569 -0.80114
-0.0447023 -0.195739 0.339035 0.468853 0.0878178 -0.8789
0.0243459 -0.108218 0.394094 -0.674584 0.619138 0.402
-0.164427 -0.0617372 0.00573117 -0.674584 0.619138 0.402
-0.367232 -0.499615 0.0591468 -0.735033 -0.512987 -0.443363
-0.240806 -0.364371 -0.0294725 0.674584 -0.619138 -0.402
0.0594708 -0.0224065 0.0791817 -0.00545259 -0.80278 -0.596251
-0.330409 0.0604554 -0.544994 0.0682824 0.594569 -0.80114
-0.0304627 0.142244 -0.0836276 -0.674584 0.619138 0.402
-0.360966 -0.344354 0.111197 -0.674604 0.619136 0.40197
0.116567 -0.0198996 0.0396883 0.674584 -0.619138 -0.402
0.0364856 0.137813 0.0355405 -0.674584 0.619138 0.402
-0.30511 0.1029 -0.483909 -0.674586 0.61914 0.401995
-0.0524413 -0.171585 0.300644 0.674584 -0.619138 -0.402
-0.292366 -0.340918 0.15883 0.674586 -0.619138 -0.401996
0.224955 0.250823 0.115564 0.674584 -0.619138 -0.402
0.283033 0.462333 -0.0505442 -0.674584 0.619138 0.402
-0.234597 -0.222958 0.0740951 0.674584 -0.619138 -0.402
-0.0876721 -0.0878346 0.112195 0.676328 -0.508391 -0.533029
-0.194466 0.009338 -0.527278 0.674584 -0.619138 -0.402
0.421089 0.371082 -0.05147 0.674584 -0.619138 -0.402
-0.29008 -0.492324 0.105425 -0.716646 -0.418642 -0.557814
0.0541146 -0.10138 0.371326 0.674584 -0.619138 -0.402
-0.396086 -0.0334245 -0.432416 -0.735033 -0.512987 -0.443363
0.233034 -0.162099 0.461259 -0.0682821 -0.594569 0.80114
0.339422 0.105659 0.220277 0.674584 -0.619138 -0.402
0.0654345 0.117019 -0.256989 0.674584 -0.619138 -0.402
-0.284688 -0.386725 -0.0686817 0.674584 -0.619138 -0.402
0.265223 -0.0164257 0.425058 -0.733136 -0.498245 -0.462886
-0.0118443 -0.189956 0.419714 -0.0682827 -0.594569 0.80114
-0.124104 0.127536 -0.218111 -0.674584 0.619138 0.402
-0.422439 -0.258128 -0.128737 -0.735032 -0.512987 -0.443364
-0.215081 -0.315306 0.309362 -0.0682826 -0.594569 0.80114
-0.13406 -0.0495192 0.037871 -0.674584 0.619138 0.402
0.305489 0.402095 0.0799147 -0.674584 0.619138 0.402
0.248963 0.430818 -0.12413 0.401123 -0.884298 -0.238992
0.0229176 0.136372 -0.0471969 0.674584 -0.619138 -0.402
0.27135 0.419571 -0.0920091 -0.60979 -0.70395 -0.364156
0.124472 -0.102913 0.495931 -0.0682825 -0.594569 0.80114
0.352321 0.405876 0.0740324 0.735033 0.512987 0.443363
-0.322703 -0.119406 -0.454592 -0.735033 -0.512987 -0.443363
-0.357669 -0.192423 -0.117267 -0.674584 0.619138 0.402
0.277017 0.12218 0.245187 -0.735033 -0.512987 -0.443363
0.283847 0.0257148 0.523545 -0.678177 -0.734872 -0.00622002
0.362265 0.472045 -0.0190127 0.735033 0.512987 0.443363
-0.31373 -0.275336 -0.288972 0.674585 -0.619138 -0.402
0.322588 0.131252 0.441075 0.735033 0.512987 0.443363
0.202788 -0.183703 0.436655 0.674584 -0.619138 -0.401999
0.302511 0.462551 -0.0181926 -0.674584 0.619138 0.402
0.0582914 0.201479 -0.336991 -0.0682828 -0.594569 0.80114
-0.0011456 -0.134999 0.286661 -0.0682826 -0.594569 0.80114
0.117012 0.101603 0.16425 0.674584 -0.619138 -0.402
0.133138 0.0597676 0.317931 -0.674584 0.619138 0.402
0.333447 0.244392 0.292166 0.735033 0.512987 0.443363
0.0478488 0.0500544 0.18977 -0.674584 0.619138 0.402
0.0644168 -0.0650229 0.332619 0.674584 -0.619138 -0.402
0.0840326 0.35379 -0.217308 -0.674584 0.619138 0.402
0.113373 0.172792 -0.105947 0.735033 0.512987 0.443363
-0.261525 -0.489931 0.129139 0.67459 -0.619104 -0.402043
-0.0460042 0.0828792 -0.018277 -0.674584 0.619138 0.402
-0.287759 -0.257705 0.100589 -0.674584 0.619138 0.402
0.184578 0.266207 0.086305 -0.674584 0.619138 0.402
-0.0316626 -0.0455983 0.141474 0.674584 -0.619138 -0.402
0.184824 0.290717 -0.0132217 0.674584 -0.619138 -0.402
0.242226 0.39703 -0.0806329 0.674585 -0.619138 -0.402
-0.0418946 0.188146 -0.173508 -0.674584 0.619138 0.402
-0.249565 -0.499097 0.163327 0.674584 -0.619138 -0.401999
-0.0784177 -0.278992 0.277748 0.068283 0.594568 -0.80114
0.150706 0.408887 -0.190283 -0.674584 0.619138 0.402
0.300982 0.274738 0.0289398 -0.735033 -0.512987 -0.443363
0.350385 0.166039 0.145681 0.674584 -0.619138 -0.402
0.223871 0.399762 -0.0534522 -0.674584 0.619138 0.402
-0.334349 -0.213234 -0.0460829 -0.674584 0.619138 0.402
0.423481 0.351504 0.0189697 0.735033 0.512987 0.443363
0.13937 0.182845 0.138832 -0.674584 0.619138 0.402
-0.226003 -0.119573 -0.00852252 -0.674584 0.619138 0.402
0.231809 0.226988 0.225964 -0.674584 0.619138 0.402
-0.0182958 0.0991736 -0.235116 0.971425 -0.222584 -0.0823955
-0.237835 0.0563596 -0.299339 -0.674584 0.619138 0.402
-0.255148 -0.347988 -0.0787719 0.674584 -0.619138 -0.402
-0.043303 -0.0387097 0.17352 -0.674584 0.619138 0.402
0.0759651 0.241445 -0.057819 -0.674584 0.619138 0.402
-0.295284 -0.401486 0.11633 0.719354 0.6736 0.169686
0.132958 0.0294249 0.302173 0.674584 -0.619138 -0.402
-0.216241 -0.451553 0.208147 -0.0682826 -0.594569 0.80114
-0.352906 -0.427982 0.213992 -0.0682827 -0.594569 0.80114
0.105334 -0.00438569 0.37008 -0.674584 0.619138 0.402
-0.102672 0.0895943 -0.496846 0.674584 -0.619138 -0.401999
0.289082 0.100355 0.517107 -0.674584 0.619139 0.402
-0.208243 -0.0232693 -0.500175 0.674585 -0.619136 -0.402001
-0.0886212 -0.256781 0.16209 -0.735033 -0.512987 -0.443363
-0.290606 -0.489788 0.173433 -0.0682826 -0.594569 0.80114
0.344415 0.0974452 0.444005 0.735033 0.512987 0.443363
-0.113935 -0.365506 0.280727 -0.0682826 -0.594569 0.80114
-0.191768 0.0722551 -0.52442 0.0682824 0.594569 -0.80114
0.193069 0.35194 -0.0314875 -0.674584 0.619138 0.402
-0.0751894 0.186501 -0.289034 0.674584 -0.619138 -0.402
-0.0888102 -0.122862 0.0994034 0.0682825 0.594569 -0.80114
-0.18962 0.0993138 -0.504155 0.0682824 0.594569 -0.80114
-0.197195 0.146153 -0.470039 0.068277 0.594576 -0.801135
0.389351 0.514297 -0.112806 0.735033 0.512987 0.443363
-0.277209 -0.342936 0.249561 -0.674584 0.619138 0.402
0.282068 0.480912 -0.0807781 -0.674584 0.619138 0.402
-0.0716271 0.0700297 -0.152287 -0.0682826 -0.594569 0.80114
0.207491 0.396045 -0.137405 0.674584 -0.619138 -0.402
-0.301092 -0.367748 0.181584 0.732542 -0.181018 -0.656213
-0.271297 0.0945765 -0.514632 0.0682824 0.594569 -0.80114
-0.370362 -0.339414 -0.121023 -0.735033 -0.512987 -0.443363
-0.373737 -0.0538318 -0.445855 -0.735033 -0.512987 -0.443363
0.140118 0.154921 -0.134429 0.0682825 0.594569 -0.80114
0.161866 0.245401 0.0180469 0.674584 -0.619138 -0.402
-0.0961892 0.15001 -0.205882 -0.674584 0.619138 0.402
0.152817 0.129277 -0.129236 0.674584 -0.619138 -0.402
0.108506 -0.125434 0.477856 -0.0682825 -0.594569 0.80114
-0.0801879 0.0793183 -0.439455 -0.0682828 -0.594569 0.80114
0.319465 0.544709 -0.116279 -0.674584 0.619138 0.402
-0.120449 -0.00630475 -0.0805444 -0.174673 -0.783486 -0.596355
0.0347088 -0.0332515 -0.0771113 0.674584 -0.619138 -0.402
0.244922 0.0172249 0.519686 0.695452 0.350401 0.627349
0.161995 0.36199 -0.161299 0.674584 -0.619138 -0.402
0.413372 0.417544 -0.135979 0.674584 -0.619138 -0.402
0.0249167 -0.0330153 0.279228 -0.674584 0.619138 0.402
-0.198712 0.105536 -0.309427 -0.674584 0.619138 0.402
0.273455 0.414468 -0.145957 -0.47906 -0.781492 0.399714
-0.250871 -0.269783 -0.182596 0.0682826 0.594569 -0.80114
-0.201674 0.0195639 -0.555122 0.674584 -0.619138 -0.402
-0.00427874 -0.213585 0.164879 0.0682825 0.594569 -0.80114
-0.167586 -0.204923 0.158768 0.674584 -0.619138 -0.402
-0.0801569 -0.203787 0.228876 -0.0682826 -0.594569 0.80114
0.0952326 0.103708 0.124459 0.674585 -0.619138 -0.402
-0.196988 0.0236683 -0.242635 0.674584 -0.619138 -0.402
0.0200453 -0.0883758 0.356316 -0.674584 0.619138 0.402
-0.137994 -0.218794 0.291979 -0.674584 0.619138 0.402
0.258644 0.331388 -0.223502 -0.0682825 -0.594569 0.80114
-0.27411 -0.0134024 -0.314957 0.674584 -0.619138 -0.402
0.409615 0.386657 0.00128412 0.735033 0.512987 0.443363
-0.097147 -0.151101 0.0777352 0.0682825 0.594569 -0.80114
0.138252 0.298779 -0.257964 -0.0682825 -0.594569 0.80114
-0.115192 -0.0895909 0.0126953 -0.735033 -0.512987 -0.443363
-0.00378627 0.248359 -0.307489 -0.0682825 -0.594569 0.80114
-0.0803237 -0.133216 0.256951 -0.674584 0.619138 0.402
-0.149754 0.179997 -0.341953 -0.674584 0.619138 0.402
0.092205 0.256773 -0.116363 0.674584 -0.619138 -0.402
-0.252505 -0.0289793 -0.39366 0.735033 0.512987 0.443363
0.0687296 -0.210651 0.411222 -0.0682635 -0.59458 0.801133
-0.0240213 -0.155922 0.0920178 -0.835106 0.473402 0.280159
0.213462 0.42713 -0.11307 -0.674584 0.619138 0.402
-0.12698 -0.249772 0.358172 -0.674584 0.619139 0.401999
0.034651 -0.287485 0.314349 0.674584 -0.619138 -0.402
0.11006 0.22126 -0.156533 0.735033 0.512987 0.443363
-0.0855517 0.203803 -0.343636 0.3889 -0.854615 0.34408
-0.0105696 0.0334718 -0.237406 0.0682828 0.594569 -0.80114
0.0501857 -0.00229933 0.0324557 0.994455 -0.104936 0.00688023
0.241787 -0.0161567 0.452488 -0.644304 -0.228036 -0.72998
-0.0745582 0.064781 -0.100508 0.674584 -0.619138 -0.402
-0.109031 0.0146259 -0.0189207 -0.674584 0.619138 0.402
0.326544 0.0214092 0.561609 0.735033 0.512987 0.443363
-0.210434 -0.251401 0.158448 0.674584 -0.619138 -0.402
0.00313537 0.108267 -0.0371068 0.674584 -0.619138 -0.402
-0.221241 -0.257549 0.211971 -0.674584 0.619138 0.402
0.236055 0.436537 -0.0896457 -0.674584 0.619138 0.402
-0.38886 0.0278453 -0.508854 -0.674584 0.619138 0.402
-0.0332916 -0.129488 0.330132 -0.674584 0.619138 0.402
0.397533 0.433992 -0.156778 -0.364532 -0.752932 0.547914
-0.301204 -0.0375493 -0.261043 -0.674584 0.619138 0.402
-0.0489691 -0.0340159 0.0945941 0.674584 -0.619138 -0.402
0.0901929 0.162635 -0.207818 -0.598048 0.667138 0.444146
-0.433178 -0.343537 -0.0121116 -0.735032 -0.512987 -0.443364
0.29839 -0.0470377 0.405478 -0.733136 -0.498245 -0.462886
0.0486808 0.12282 0.0790967 -0.674584 0.619138 0.402
0.367352 0.0502159 0.352536 0.674584 -0.619139 -0.402
-0.270573 -0.446796 0.207047 -0.0682826 -0.594569 0.80114
0.255434 0.263848 0.20884 -0.674584 0.619138 0.402
-0.0298194 0.231938 -0.392108 0.0682796 0.594573 -0.801137
0.343496 -0.00655027 0.565855 0.735033 0.512987 0.443363
0.124982 0.133022 0.129234 0.674584 -0.619138 -0.402
-0.303261 0.0790933 -0.528848 0.0682824 0.594569 -0.80114
0.332873 0.457912 -0.100052 0.159155 0.653745 -0.739789
-0.177862 0.0675778 -0.215977 -0.674584 0.619138 0.402
-0.140023 -0.0487252 -0.0355461 0.674584 -0.619138 -0.402
-0.0150296 0.17035 -0.101017 -0.674584 0.619138 0.402
-0.424722 -0.287011 -0.0915327 -0.735032 -0.512987 -0.443364
-0.264515 0.000440875 -0.583917 0.0682824 0.594569 -0.80114
-0.0183693 -0.0659436 0.257305 -0.674584 0.619138 0.402
-0.301219 -0.170633 -0.11829 0.674584 -0.619138 -0.402
0.123077 0.0351042 0.0280884 0.674584 -0.619138 -0.402
0.119838 0.00491802 0.3179 0.674584 -0.619138 -0.402
-0.222819 -0.186541 -0.273172 0.674585 -0.619138 -0.402
-0.402265 -0.0796628 -0.368672 -0.735033 -0.512987 -0.443363
0.233076 0.122983 0.388274 -0.674584 0.619138 0.402
0.369723 0.122728 0.244835 0.674586 -0.619137 -0.401999
-0.186219 0.0517718 -0.267847 0.674585 -0.619138 -0.402
0.30851 -0.0166479 0.356774 0.674584 -0.619138 -0.402
-0.358233 -0.48461 0.171512 -0.0682826 -0.594569 0.80114
-0.402253 -0.351531 0.0529668 -0.674584 0.619138 0.402
-0.151041 -0.0569395 -0.106618 0.735032 0.512987 0.443364
0.100964 0.0479248 0.0591009 0.735033 0.512987 0.443363
0.320051 0.0469434 0.542829 0.735033 0.512987 0.443363
-0.109032 -0.0302215 0.0501499 -0.674584 0.619138 0.402
0.0932956 -0.065798 0.382273 0.674584 -0.619141 -0.401997
-0.25556 0.103504 -0.401692 -0.674584 0.619138 0.402
-0.208292 0.0467479 -0.297149 0.674584 -0.619138 -0.402
-0.418972 -0.484197 0.127086 -0.735033 -0.512987 -0.443363
-0.217909 -0.142247 -0.333153 0.674585 -0.619138 -0.402
-0.0269621 0.0511781 -0.0579326 0.0682825 0.594569 -0.80114
0.263572 0.0653779 0.528169 -0.674585 0.619138 0.401999
0.137154 0.29736 -0.0412567 -0.674584 0.619138 0.402
0.186592 0.101423 0.343476 -0.674584 0.619138 0.402
-0.022165 -0.267792 0.290855 0.0683068 0.594544 -0.801157
0.26235 0.477938 -0.109285 -0.674584 0.619138 0.402
0.318638 0.46275 0.0085624 -0.674585 0.619138 0.401999
-0.182553 -0.0727538 -0.0962527 0.484459 -0.854832 0.185906
0.0628327 0.149892 0.0611497 -0.674584 0.619138 0.402
-0.260979 -0.32005 0.24155 -0.674584 0.619138 0.402
-0.263534 -0.335916 -0.111437 0.674584 -0.619138 -0.402
-0.0212218 -0.0502959 0.228419 -0.674584 0.619138 0.402
-0.11952 0.225032 -0.360579 -0.674584 0.619138 0.402
0.127628 -0.0515871 0.480189 -0.674584 0.619138 0.402
-0.212993 0.0818519 -0.359103 0.674588 -0.619133 -0.402
-0.145856 0.20494 -0.373826 -0.674584 0.619138 0.402
0.0860373 -0.0662955 0.156287 0.0682826 0.594569 -0.80114
0.00299002 -0.139428 0.344135 0.674584 -0.619138 -0.402
-0.242678 -0.38513 0.00212639 0.735033 0.512987 0.443363
-0.313756 -0.340771 0.12271 0.674584 -0.619138 -0.402
-0.189299 -0.296188 0.325082 -0.674584 0.619139 0.401999
0.343681 0.347667 -0.126233 -0.736487 -0.527421 -0.423573
0.157006 0.106909 0.28538 -0.674584 0.619138 0.402
0.270986 -0.0622415 0.538603 -0.0682824 -0.594569 0.80114
-0.0700076 0.0543209 -0.0145727 -0.674587 0.619133 0.402004
-0.298479 -0.417389 -0.0445959 0.674584 -0.619138 -0.402
-0.31828 -0.520586 0.0811136 0.674584 -0.619138 -0.402
-0.312499 -0.538913 0.135108 -0.0682826 -0.594569 0.80114
-0.17124 -0.0878879 0.0345744 -0.674584 0.619138 0.402
-0.129791 -0.307893 0.322134 -0.0682826 -0.594569 0.80114
-0.190859 -0.226839 0.153469 0.674584 -0.619138 -0.402
0.092496 -0.0842221 0.226039 0.735033 0.512987 0.443363
-0.101249 -0.162983 0.267682 -0.674584 0.619138 0.402
-0.371743 -0.367155 0.128229 -0.674591 0.619137 0.40199
-0.283227 -0.133417 -0.221889 0.735035 0.512985 0.443362
-0.323247 -0.502997 0.111311 0.396103 0.763123 -0.510633
-0.42496 -0.407722 0.0485292 -0.735033 -0.512987 -0.443363
-0.160249 -0.0238096 -0.127806 0.926176 0.260723 0.272436
0.232209 0.0121394 0.446562 -0.728017 -0.467853 -0.501103
0.138717 0.246188 -0.332956 0.674584 -0.619139 -0.401999
0.0687074 0.0104519 -0.0800037 0.0682825 0.594569 -0.80114
-0.0739619 -0.0869235 0.196329 -0.674577 0.619155 0.401986
0.257953 0.0778525 0.499527 -0.674594 0.619134 0.401991
-0.159143 -0.148016 0.0121923 0.735033 0.512987 0.443363
-0.109544 0.173378 -0.326472 0.674584 -0.619138 -0.402
0.0572195 -0.0675946 0.386691 -0.674584 0.619138 0.402
0.1255 0.344233 -0.225305 -0.0517137 -0.609578 0.791037
-0.022531 -0.329584 0.283232 0.674588 -0.619118 -0.402025
-0.10243 0.0507925 -0.0635451 -0.674584 0.619138 0.402
0.0329566 -0.0574716 0.330386 -0.674584 0.619138 0.402
-0.392545 -0.373696 0.103394 -0.674584 0.619138 0.402
0.169849 0.162302 0.221617 -0.674584 0.619138 0.402
0.0171909 0.176171 -0.429049 0.674584 -0.619138 -0.401999
-0.144544 -0.0281083 -0.0126976 -0.674584 0.619138 0.402
0.359845 0.214784 0.282658 0.735033 0.512987 0.443363
0.262368 0.0389694 0.566822 -0.674593 0.619127 0.402002
-0.196203 -0.252527 0.246253 -0.674584 0.619138 0.402
0.0407246 0.183196 -0.0272423 -0.674584 0.619138 0.402
-0.393963 -0.484727 0.0862373 -0.735033 -0.512987 -0.443363
-0.266594 -0.269691 0.154568 -0.674584 0.619138 0.402
-0.330124 -0.0570051 -0.279609 -0.674584 0.619138 0.402
-0.0308735 -0.0343341 -0.0456066 0.71038 -0.592802 -0.379403
-0.244754 -0.403799 0.170946 0.0682825 0.594569 -0.80114
0.038682 0.266057 -0.360947 0.0682823 0.594569 -0.80114
-0.111082 -0.198238 0.242514 0.642767 -0.735325 -0.21482
0.00552029 -0.215439 0.22753 -0.0682806 -0.594572 0.801138
0.115236 0.329675 -0.127806 -0.674584 0.619138 0.402
-0.322728 -0.371606 0.217335 -0.674584 0.619138 0.402
0.0802938 0.161309 -0.168359 -0.00545259 -0.80278 -0.596251
0.0454612 -0.164098 0.204644 0.674584 -0.619138 -0.402
0.0141358 0.0339649 -0.171743 -0.0682825 -0.594569 0.80114
-0.138777 0.164197 -0.380178 0.210933 -0.794455 0.569516
0.264188 0.0739135 0.322301 -0.735033 -0.512987 -0.443363
0.00188084 0.166094 -0.36806 -0.0682828 -0.594569 0.80114
0.17076 -0.145908 0.397755 0.0682826 0.594569 -0.80114
-0.139914 0.0878304 -0.245679 0.674584 -0.619138 -0.402
-0.0830781 -0.230968 0.312902 0.150367 0.514286 -0.844334
0.374029 0.00387948 0.435106 0.674584 -0.619138 -0.402
0.0655062 0.277751 -0.131286 -0.674584 0.619138 0.402
0.350768 0.130229 0.201475 0.674584 -0.619138 -0.402
-0.400691 -0.471626 0.177529 -0.0682826 -0.594569 0.80114
-0.114229 0.156083 -0.245507 -0.674584 0.619138 0.402
-0.116149 0.107435 -0.236557 0.539009 -0.697716 -0.471871
0.130319 0.2755 -0.275916 -0.0682825 -0.594569 0.80114
-0.111046 0.127432 -0.47659 0.0682824 0.594569 -0.80114
0.321458 0.232768 0.325491 0.735033 0.512987 0.443363
0.0716321 0.0315133 0.258236 -0.674584 0.619138 0.402
-0.283069 0.000837777 -0.352079 0.75028 -0.559873 -0.351599
-0.408417 -0.335523 -0.0624336 -0.735033 -0.512987 -0.443363
0.209956 0.352387 -0.00383923 -0.674584 0.619138 0.402
0.180285 0.127575 0.292615 -0.674584 0.619138 0.402
-0.18466 -0.113749 0.0518853 -0.674584 0.619138 0.402
0.102634 -0.235072 0.347705 0.674584 -0.619138 -0.402
-0.0218669 0.0509402 0.0714177 -0.674584 0.619138 0.402
-0.250844 -0.393199 0.248506 -0.0682827 -0.594569 0.80114
0.170093 -0.192997 0.396105 0.674584 -0.619138 -0.402
-0.0713115 0.183627 -0.215911 -0.674584 0.619138 0.402
0.0372835 -0.00256581 0.253083 -0.674584 0.619138 0.402
0.2795 0.276192 0.230212 -0.674584 0.619138 0.402
0.157066 0.390467 -0.151241 -0.674584 0.619138 0.402
-0.443996 -0.457351 0.145898 -0.674585 0.619138 0.402
-0.191014 -0.0934981 -0.0677502 0.64092 -0.312308 -0.701202
0.103314 0.0820742 0.23353 -0.674584 0.619138 0.402
0.16625 0.0999617 0.311591 -0.674584 0.619138 0.402
0.303611 0.381209 0.108931 -0.674584 0.619138 0.402
0.268271 0.395608 -0.0576762 -0.528483 -0.659539 -0.534523
0.261942 0.44991 -0.0668019 -0.674584 0.619138 0.402
0.0600253 0.217437 -0.0475904 -0.674584 0.619138 0.402
0.17595 -0.0579933 0.463444 0.0682826 0.594569 -0.80114
-0.325861 -0.480973 0.17697 -0.0682826 -0.594569 0.80114
0.15736 0.183477 0.105858 0.674584 -0.619138 -0.402
-0.330965 -0.481938 0.0892637 0.464355 -0.0674326 0.883078
0.0963444 -0.0193962 0.315924 0.674584 -0.619138 -0.402
0.13772 0.261314 -0.0469799 0.674585 -0.619138 -0.402
-0.00549596 0.1415 -0.41372 0.674584 -0.619138 -0.402
0.18124 0.412876 -0.145189 -0.674584 0.619138 0.402
-0.257362 0.0521104 -0.387751 0.674584 -0.619139 -0.401999
-0.338023 -0.4304 -0.0693617 -0.735033 -0.512987 -0.443363
0.0526397 -0.18437 0.429356 -0.0682825 -0.594569 0.80114
0.337676 0.523301 -0.0527471 -0.674584 0.619138 0.402
0.296145 0.36761 -0.255788 0.674584 -0.619138 -0.401999
-0.308433 -0.207568 -0.0918059 0.9485 0.21029 0.236907
-0.151122 -0.173894 0.200795 -0.674584 0.619138 0.402
0.164969 0.37569 -0.268819 0.0682823 0.594569 -0.80114
-0.327464 -0.231084 -0.317482 -0.735033 -0.512987 -0.443363
-0.339613 -0.202451 -0.330471 -0.735033 -0.512987 -0.443363
-0.117543 -0.230379 0.179491 -0.735033 -0.512987 -0.443363
0.143472 0.363537 -0.132576 -0.674584 0.619138 0.402
0.157978 0.432751 -0.214834 -0.674584 0.619138 0.402
0.000109118 0.31995 -0.324238 0.0682823 0.594569 -0.80114
0.336761 0.417258 -0.223327 0.0682826 0.594569 -0.80114
-0.172692 0.0807476 -0.446279 -0.0682825 -0.594569 0.80114
0.233654 0.420723 -0.158987 -0.0386577 -0.701747 0.711377
0.158501 0.0787027 0.269141 0.674584 -0.619138 -0.402
-0.385953 -0.325847 0.0407623 -0.674584 0.619138 0.402
-0.102081 -0.368829 0.210184 0.674584 -0.619138 -0.402
0.08119 0.265391 -0.0859311 -0.674584 0.619138 0.402
0.23775 0.328646 0.0171775 0.674584 -0.619138 -0.402
0.0554899 0.182359 -0.00117607 -0.674584 0.619138 0.402
-0.333913 -0.283345 -0.199739 0.0682823 0.594569 -0.80114
-0.00199001 0.0658064 -0.180067 -0.682571 -0.557817 -0.472162
-0.415003 -0.437529 0.164022 -0.674584 0.619138 0.402
0.16213 0.280103 0.0272341 -0.674584 0.619138 0.402
0.250501 0.179196 0.223175 -0.735033 -0.512987 -0.443363
-0.0632494 -0.18909 0.371657 -0.674584 0.619138 0.402
-0.226158 0.00388003 -0.261107 0.674584 -0.619138 -0.402
-0.0191476 0.0570304 -0.306534 0.674584 -0.619138 -0.402
-0.235772 -0.171076 -0.0147244 0.667353 0.278701 0.690627
-0.173386 0.197108 -0.407963 -0.674584 0.619138 0.402
-0.31794 0.00926381 -0.512641 0.730714 0.482702 0.482759
-0.258818 -0.0958466 -0.473264 0.674575 -0.619144 -0.402007
0.201636 0.228401 0.173157 -0.674584 0.619138 0.402
0.217135 -0.119333 0.491643 -0.0682824 -0.594569 0.80114
-0.31173 -0.185555 -0.0507571 -0.674584 0.619138 0.402
-0.130535 0.0340371 -0.147091 0.674585 -0.619138 -0.402
0.37312 0.00914847 0.498579 0.735033 0.512987 0.443363
-0.046531 -0.000378171 0.109067 -0.674584 0.619138 0.402
0.235804 0.197808 0.27761 -0.674584 0.619138 0.402
-0.254979 -0.299234 0.15737 0.674589 -0.619138 -0.401994
0.0397547 -0.254621 0.305907 0.0682826 0.594569 -0.80114
0.154339 0.26043 -0.0177305 0.674584 -0.619138 -0.402
-0.092808 -0.261654 0.359602 -0.0682826 -0.594569 0.80114
0.034654 0.099606 -0.121279 -0.0682864 -0.594562 0.801145
-0.332784 -0.108745 -0.204385 -0.674584 0.619138 0.402
0.076749 -0.0130168 -0.0343246 -0.0682826 -0.594569 0.80114
-0.0291993 -0.165882 0.330862 0.674584 -0.619138 -0.402
-0.368621 -0.134274 -0.361262 -0.735033 -0.512987 -0.443363
-0.161573 -0.345562 0.221256 0.0682825 0.594569 -0.80114
0.191509 0.00914222 0.431663 0.674584 -0.619138 -0.402
-0.188649 -0.154129 -0.0480901 0.674584 -0.619138 -0.402
-0.183642 -0.143677 0.0996862 -0.674584 0.619138 0.402
0.0255552 0.238086 -0.312613 -0.0682825 -0.594569 0.80114
-0.149144 -0.362435 0.280005 -0.0682826 -0.594569 0.80114
-0.275139 -0.00485985 -0.384043 0.735033 0.512987 0.443363
-0.17903 0.0351214 -0.541084 0.674584 -0.619138 -0.402
-0.291557 0.0186702 -0.572693 0.0682824 0.594569 -0.80114
0.00648884 -0.106719 0.0149681 -0.0682826 -0.594569 0.80114
0.0904698 -0.0722449 0.44965 -0.674584 0.619138 0.402
-0.380039 -0.469315 0.0453207 -0.735033 -0.512987 -0.443363
0.0669332 0.115586 -0.112351 0.674581 -0.619141 -0.402002
-0.193212 0.0803918 -0.261472 -0.674584 0.619138 0.402
0.101416 0.344588 -0.297319 0.0682823 0.594569 -0.80114
-0.312682 -0.410689 -0.0787489 0.674584 -0.619139 -0.402
0.0723329 0.131095 -0.220299 -0.0682828 -0.594569 0.80114
-0.0819207 -0.197203 0.0820477 -0.735033 -0.512987 -0.443363
-0.345409 -0.151939 -0.379305 -0.735033 -0.512987 -0.443363
0.367668 0.523197 -0.0871555 0.735033 0.512987 0.443363
-0.326868 -0.295349 0.0929398 -0.674584 0.619138 0.402
-0.098501 -0.127537 0.2177 -0.674584 0.619138 0.402
0.0278275 -0.244291 0.341091 0.645438 0.585999 0.489913
0.079225 0.249105 -0.302278 0.958887 -0.260819 -0.11184
0.144911 0.0297489 0.383921 -0.674584 0.619138 0.402
-0.0731187 0.22731 -0.286222 -0.674584 0.619138 0.402
-0.193901 0.171179 -0.402454 -0.674584 0.619138 0.402
0.295037 0.0503888 0.580313 0.735033 0.512987 0.443363
-0.376704 -0.0219093 -0.411825 -0.674584 0.619138 0.402
-0.372377 -0.509536 0.151807 -0.0682826 -0.594569 0.80114
-0.0535731 -0.362551 0.281914 0.674584 -0.619138 -0.401999
-0.302398 -0.178829 -0.197459 -0.0546748 -0.60698 0.792834
0.324787 0.106438 0.19452 0.674584 -0.619138 -0.402
-0.153608 -0.178657 0.14177 0.674584 -0.619138 -0.402
0.179517 -0.169109 0.381283 0.0682826 0.594569 -0.80114
0.238732 0.166939 0.252825 -0.260079 -0.76464 -0.589648
-0.0278393 0.184349 -0.427257 0.068269 0.594579 -0.801133
0.311148 0.0435725 0.279554 -0.735033 -0.512987 -0.443363
-0.0923845 -0.199711 0.276935 0.674584 -0.619138 -0.402
-0.076833 -0.0462775 0.0664991 0.662254 -0.683377 -0.307269
-0.400827 -0.439104 0.0448291 -0.735033 -0.512987 -0.443363
-0.115722 -0.221682 0.3338 -0.674584 0.619138 0.402
-0.276163 -0.250506 0.046774 0.674584 -0.619138 -0.402
-0.160672 -0.276752 0.342612 -0.0682826 -0.594569 0.80114
-0.00791313 -0.0560165 0.155908 0.0682825 0.594569 -0.80114
-0.363071 0.00111818 -0.424414 -0.674584 0.619138 0.402
-0.341208 -0.235574 -0.289502 -0.735033 -0.512987 -0.443363
-0.215926 0.123798 -0.488226 0.0682824 0.594569 -0.80114
-0.178031 -0.227162 0.23768 -0.674584 0.619138 0.402
-0.162725 0.137116 -0.297675 -0.674584 0.619138 0.402
0.349506 0.0199876 0.525187 0.735033 0.512987 0.443363
-0.332636 -0.0529187 -0.515051 -0.735033 -0.512987 -0.443363
0.392482 0.214566 0.228805 0.735033 0.512987 0.443363
0.377613 0.438005 -0.117148 -0.464356 0.0674327 -0.883078
-0.209361 -0.194064 0.0719316 0.672705 -0.633548 -0.382211
-0.394724 -0.168609 -0.216125 -0.674584 0.619138 0.402
0.041318 -0.0213019 -0.0222356 0.674584 -0.619138 -0.402
-0.00736134 -0.195583 0.345707 0.0682825 0.594569 -0.80114
-0.338223 0.0724852 -0.492634 -0.674583 0.619136 0.402004
0.031067 0.248059 -0.143348 -0.674584 0.619138 0.402
-0.0296998 0.184778 -0.252346 0.0682825 0.594569 -0.80114
-0.0571342 -0.0898505 0.229075 -0.674584 0.619138 0.402
0.0421848 0.140501 -0.27908 0.0682826 0.594569 -0.80114
0.146805 0.365695 -0.192523 0.672706 -0.633537 -0.382227
0.210463 0.313595 0.0567559 -0.674584 0.619138 0.402
0.224384 0.37084 -0.0702372 0.674585 -0.619138 -0.402
-0.120479 0.0671383 -0.492142 0.674584 -0.619138 -0.402
0.0244211 0.18304 -0.0543613 -0.674584 0.619138 0.402
0.0983773 0.000445032 0.288777 0.674584 -0.619138 -0.402
-0.03475 -0.220771 0.173273 -0.557498 0.68868 0.46359
0.0786036 0.0867252 -0.127092 -0.0682825 -0.594569 0.80114
-0.222402 -0.352115 0.211208 0.0682825 0.594569 -0.80114
0.0572412 0.0383815 0.223509 -0.674584 0.619138 0.402
0.0874685 -0.0444021 0.0681185 -0.0682826 -0.594569 0.80114
0.226908 -0.0241437 0.563121 -0.0682825 -0.594569 0.80114
-0.310902 -0.0994625 -0.181962 -0.674584 0.619138 0.402
-0.0241317 0.161438 -0.443945 0.0682826 0.594569 -0.80114
0.145352 0.187998 -0.2322 0.674584 -0.619138 -0.402
-0.235275 -0.00761416 -0.446332 0.728018 0.467858 0.501097
-0.136195 -0.10869 0.125421 -0.674582 0.619143 0.401996
-0.298501 -0.0125459 -0.295017 -0.674584 0.619138 0.402
-0.025941 -0.0360624 0.198578 -0.674584 0.619138 0.402
-0.217577 0.0558984 -0.538759 0.0682824 0.594569 -0.80114
-0.252806 -0.00597711 -0.518508 -0.737524 -0.542003 -0.402854
-0.368591 -0.0779646 -0.426464 -0.735033 -0.512987 -0.443363
0.0462745 0.242539 -0.203003 0.0682825 0.594569 -0.80114
-0.214907 -0.209473 0.148557 -0.674584 0.619138 0.402
-0.0653288 -0.0624332 0.173097 -0.674584 0.619138 0.402
-0.253759 0.014621 -0.323967 0.674584 -0.619138 -0.402
-0.0129738 0.203517 -0.148649 -0.674584 0.619138 0.402
-0.381989 -0.214961 -0.245743 -0.735035 -0.512985 -0.443361
0.259684 0.138403 0.409176 -0.674584 0.619138 0.402
0.234876 0.0906971 0.44102 -0.674584 0.619138 0.402
-0.296509 -0.301015 0.0904215 0.674584 -0.619138 -0.402
0.408794 0.24755 0.163597 0.735033 0.512987 0.443363
-0.0612541 -0.26451 0.125662 -0.735033 -0.512987 -0.443363
-0.0418119 -0.254241 0.194699 -0.0682915 -0.594566 0.801142
0.0189519 0.054379 0.134618 -0.674584 0.619138 0.402
-0.0249833 -0.221096 0.325271 0.0682825 0.594569 -0.80114
-0.0781147 0.216581 -0.407621 0.0682697 0.594588 -0.801127
0.186732 0.304161 0.031465 -0.674584 0.619138 0.402
0.211431 0.309341 0.00274322 0.674584 -0.619138 -0.402
-0.294527 -0.456281 0.0219347 0.674584 -0.619138 -0.402
-0.173511 0.166324 -0.45305 0.0682827 0.594569 -0.80114
0.352289 0.559374 -0.104118 0.732135 0.630787 0.257071
0.403963 0.177905 0.252187 0.735033 0.512987 0.443363
0.0149208 0.0896197 0.073578 -0.674584 0.619138 0.402
-0.149117 -0.0437507 -0.151752 0.674584 -0.619138 -0.402
-0.274395 -0.161637 -0.20388 0.735033 0.512987 0.443363
0.328331 0.433634 0.0696706 -0.674584 0.619138 0.402
-0.395288 -0.216562 -0.218124 -0.373266 -0.859617 -0.3489
0.198963 -0.167679 0.405557 0.674584 -0.619138 -0.402
-0.118143 0.115381 -0.415926 -0.0682825 -0.594569 0.80114
0.431636 0.469831 -0.176224 0.0682826 0.594569 -0.80114
0.208221 0.469779 -0.187551 -0.674584 0.619138 0.402
0.109211 0.142571 -0.222883 0.674584 -0.619138 -0.402
-0.400981 -0.31147 -0.00659893 -0.674584 0.619138 0.402
-0.151074 0.0557459 -0.214991 0.674584 -0.619138 -0.402
-0.236185 -0.251755 0.177971 -0.674584 0.619138 0.402
-0.264161 0.0684425 -0.440493 0.730414 -0.372002 0.572808
-0.155639 -0.0465331 -0.0651273 0.6746 -0.61913 -0.401986
0.241705 0.022416 0.419159 -0.735033 -0.512987 -0.443363
0.187138 0.232064 0.143185 -0.674584 0.619138 0.402
-0.252585 -0.113185 -0.436101 0.674584 -0.619138 -0.402
0.262692 -0.12226 0.493353 -0.0682824 -0.594569 0.80114
0.240973 0.0509484 0.51247 -0.674584 0.619138 0.402
0.172631 0.4028 -0.248046 0.0682823 0.594569 -0.80114
0.307985 0.5204 -0.0981041 -0.67459 0.619138 0.401992
-0.298394 -0.380282 -0.101604 0.674584 -0.619138 -0.402
0.000836349 0.257036 -0.270091 0.674584 -0.619138 -0.402
-0.253934 -0.423073 0.0646889 0.735033 0.512987 0.443363
0.104134 -0.142427 0.274089 0.735033 0.512987 0.443363
0.270657 0.331926 0.0130467 -0.735033 -0.512987 -0.443363
0.424433 0.3905 -0.0277292 0.735033 0.512987 0.443363
-0.132536 -0.197991 0.166873 -0.735033 -0.512987 -0.443363
-0.179512 -0.380634 0.26391 -0.0682826 -0.594569 0.80114
0.0963012 0.123773 0.0953505 0.674584 -0.619138 -0.402
-0.148764 -0.155295 0.113918 0.674584 -0.619138 -0.402
-0.205145 -0.143114 -0.0811866 0.144869 0.519978 -0.841805
0.413997 0.210594 0.197731 0.735033 0.512987 0.443363
0.0768255 0.0201652 0.284429 -0.674584 0.619138 0.402
0.374385 0.291953 0.169267 0.735033 0.512987 0.443363
-0.368514 -0.0236065 -0.489487 -0.735033 -0.512987 -0.443363
0.0432392 0.016469 0.171572 0.674584 -0.619138 -0.402
0.0176263 -0.093011 -0.0137384 0.674584 -0.619138 -0.402
0.340472 0.21931 0.0469998 0.674584 -0.619138 -0.402
0.236021 0.156938 0.340921 -0.674584 0.619138 0.402
-0.318936 -0.0649841 -0.248545 -0.674584 0.619138 0.402
-0.403257 -0.508624 0.149153 -0.295405 -0.725476 0.621628
0.373651 0.457813 -0.139568 -0.456141 -0.777771 0.432444
-0.0716207 -0.244065 0.374462 -0.0682826 -0.594569 0.80114
-0.283335 -0.371278 0.0535036 0.735033 0.512987 0.443363
-0.3662 0.0580424 -0.517336 -0.674577 0.619148 0.401997
-0.00379811 -0.117597 -0.0118245 0.674584 -0.619138 -0.402
-0.294116 -0.20123 -0.128117 0.763416 0.645905 0.00162876
0.372746 0.0397159 0.463831 0.735033 0.512987 0.443363
-0.258416 -0.233751 0.023028 0.0109773 -0.662819 0.748699
-0.273319 -0.0686194 -0.166398 -0.674584 0.619138 0.402
-0.404456 -0.398924 0.122263 -0.674589 0.619133 0.401999
0.294803 0.0384851 0.312537 -0.735033 -0.512987 -0.443363
-0.103924 -0.0861864 0.144915 -0.674584 0.619138 0.402
0.0863823 -0.025982 0.371539 -0.674584 0.619138 0.402
-0.280598 -0.276116 0.0787732 0.674584 -0.619138 -0.402
-0.246063 -0.0529938 -0.144726 -0.674581 0.619138 0.402007
0.407084 0.316545 0.00902322 0.674584 -0.619138 -0.402
-0.00307037 0.234738 -0.180116 -0.674584 0.619138 0.402
-0.37887 0.015962 -0.473787 -0.674584 0.619138 0.402
-0.402297 -0.153842 -0.282791 -0.735033 -0.512987 -0.443363
-0.0611824 0.236346 -0.391509 0.0682823 0.594569 -0.80114
-0.387075 -0.292989 -0.147029 -0.735028 -0.512992 -0.443365
-0.263482 -0.0797949 -0.505814 0.674594 -0.619132 -0.401992
-0.238677 -0.088017 -0.451526 0.674585 -0.619138 -0.402
-0.131554 -0.0027257 -0.0299919 -0.674584 0.619138 0.402
0.322075 -0.0232147 0.389651 0.674584 -0.619138 -0.402
-0.11065 -0.0473561 -0.0437017 -0.735033 -0.512987 -0.443363
-0.304515 -0.203245 -0.384539 0.674585 -0.619138 -0.402
0.140934 0.121202 -0.0961928 -0.0682825 -0.594569 0.80114
0.270576 0.151996 0.221366 -0.735033 -0.512987 -0.443363
0.19644 0.290409 0.0689348 -0.674584 0.619138 0.402
-0.311165 -0.22229 -0.0634478 0.993426 -0.114472 -0.000269364
0.325723 0.491683 -0.0863482 -0.591594 -0.127701 -0.796059
0.079213 0.120727 0.0713657 0.674584 -0.619138 -0.402
0.227701 0.0507772 0.407846 -0.442983 -0.701446 -0.558337
0.235461 0.488998 -0.178719 0.0682823 0.594569 -0.80114
-0.109262 -0.197231 0.306982 -0.674584 0.619138 0.402
0.129996 -0.0719712 0.515556 -0.674584 0.619138 0.402
0.336714 -0.0312307 0.504651 -0.66735 -0.278693 -0.690633
0.160731 0.314571 -0.0282 -0.674584 0.619138 0.402
0.398373 0.0712809 0.384823 0.735033 0.512987 0.443363
0.0974608 0.220586 -0.319472 -0.0682828 -0.594569 0.80114
0.220096 0.312754 -0.240616 -0.0682825 -0.594569 0.80114
-0.213219 -0.376792 0.263889 -0.0682827 -0.594569 0.80114
-0.377146 -0.103416 -0.382833 -0.735033 -0.512987 -0.443363
-0.343552 -0.319223 -0.188831 -0.735033 -0.512987 -0.443363
-0.0448575 -0.0523589 0.050935 -0.0682826 -0.594569 0.80114
0.0279585 0.149692 -0.0843879 0.0552726 -0.697055 0.714884
0.27648 0.356599 -0.0251537 -0.735033 -0.512987 -0.443363
0.13723 0.412707 -0.218779 -0.674583 0.619144 0.401993
-0.231348 -0.0793347 -0.370473 0.735033 0.512987 0.443363
-0.241241 -0.171642 -0.1051 0.112007 0.553048 -0.825586
-0.225581 -0.0633267 -0.249915 0.674584 -0.619138 -0.402
0.369661 0.511816 -0.150347 0.0682826 0.594569 -0.80114
-0.353428 -0.380033 -0.1021 -0.735033 -0.512987 -0.443363
0.163939 0.0280288 0.356311 0.674584 -0.619138 -0.402
-0.0594602 0.282806 -0.356882 0.0682823 0.594569 -0.80114
-0.0423624 -0.039372 -0.126447 0.0682825 0.594569 -0.80114
0.163461 0.340535 -0.063608 -0.674584 0.619138 0.402
-0.182405 -0.196262 0.120562 0.674584 -0.619138 -0.402
-0.211329 0.0104751 -0.47413 0.511974 8.28514e-05 0.859001
-0.164641 -0.0692002 -0.0453719 0.703592 -0.59397 -0.390073
0.094283 0.287595 -0.160346 0.674584 -0.619138 -0.402
0.178828 0.435774 -0.184502 -0.674585 0.619135 0.402003
0.0860563 -0.131817 0.160859 0.674584 -0.619138 -0.402
0.0867608 0.219135 -0.216922 0.0682885 0.594569 -0.80114
-0.139268 0.19141 -0.431514 0.0682797 0.594573 -0.801137
-0.096998 -0.322541 0.314058 -0.0682826 -0.594569 0.80114
-0.00266459 0.124468 -0.25359 -0.10474 -0.794304 -0.598423
-0.0524611 0.021504 0.0654145 -0.674584 0.619138 0.402
-0.126385 -0.193157 0.271975 -0.674584 0.619138 0.402
0.318678 0.0623318 0.252197 0.674584 -0.619138 -0.402
0.164316 0.26498 -0.318942 0.674585 -0.619134 -0.402006
0.362319 0.159506 0.175767 0.674584 -0.619138 -0.402
-0.231412 -0.0861749 -0.221484 -0.735033 -0.512987 -0.443363
-0.367264 -0.119922 -0.245031 -0.674584 0.619138 0.402
-0.387095 -0.0817298 -0.337131 -0.674584 0.619138 0.402
-0.0117831 0.246904 -0.213473 -0.674584 0.619138 0.402
-0.0447396 -0.0944482 0.256955 -0.674584 0.619138 0.402
0.389996 -0.023347 0.503832 0.674584 -0.619138 -0.402
-0.078159 -0.0327841 -0.114427 -0.735033 -0.512987 -0.443363
0.140168 0.318357 -0.0685371 -0.674584 0.619138 0.402
0.0575884 0.32321 -0.214586 -0.674584 0.619138 0.402
0.347108 0.392308 -0.208307 0.674584 -0.619138 -0.401999
-0.23284 -0.305532 -0.106726 0.674584 -0.619138 -0.402
-0.0213103 -0.023066 0.124143 0.674584 -0.619138 -0.402
0.169968 0.205941 0.0924184 0.674584 -0.619138 -0.402
0.0996423 -0.194269 0.426015 -0.0682824 -0.594569 0.80114
-0.106885 0.161499 -0.450953 0.0682824 0.594569 -0.80114
-0.190973 0.186365 -0.439665 0.0682823 0.594569 -0.80114
0.0661269 0.273735 -0.35291 0.0682933 0.594553 -0.801151
0.188439 -0.0675709 0.527613 -0.0682825 -0.594569 0.80114
-0.283119 -0.181712 -0.0708532 0.674584 -0.619138 -0.402
-0.365517 -0.203374 -0.200228 0.565437 -0.824622 0.0167058
-0.132825 -0.365144 0.209173 0.0682825 0.594569 -0.80114
0.194154 0.378891 -0.0711763 -0.674584 0.619138 0.402
0.31432 0.0741285 0.520877 0.735033 0.512987 0.443363
0.279235 0.418032 0.0113127 -0.674584 0.619138 0.402
-0.0439163 -0.197919 0.0475261 0.0682825 0.594569 -0.80114
-0.0533117 -0.117646 -0.0574327 -0.735033 -0.512987 -0.443363
-0.121387 0.204543 -0.332156 -0.674584 0.619138 0.402
0.062679 0.27302 -0.191533 0.672974 -0.472283 -0.569258
0.274163 0.170168 0.194394 -0.735033 -0.512987 -0.443363
0.0203377 -0.01063 0.0874609 -0.0682826 -0.594569 0.80114
-0.280947 -0.067551 -0.243033 0.674584 -0.619138 -0.402
-0.314279 -0.277984 0.0251318 0.674584 -0.619138 -0.402
0.294233 0.410413 0.0482148 -0.674584 0.619138 0.402
-0.119753 -0.132658 0.0894959 0.0682825 0.594569 -0.80114
-0.0799897 -0.0143314 0.0744114 -0.674584 0.619138 0.402
-0.100276 -0.253883 0.29452 0.0682825 0.594569 -0.80114
-0.202276 -0.138766 0.0608539 -0.674582 0.619144 0.401995
-0.0398075 0.0957728 -0.0899257 0.674584 -0.619138 -0.402
-0.425406 -0.428671 0.132921 -0.674585 0.619138 0.402
-0.177411 -0.446405 0.215277 -0.0682821 -0.594569 0.80114
-0.0405057 -0.156884 0.124475 0.336107 -0.769782 -0.542649
-0.389335 -0.256086 -0.182291 -0.444051 -0.345067 -0.82689
0.23936 0.144087 0.281256 -0.528502 -0.659529 -0.534517
-0.217763 0.169033 -0.439189 -0.674584 0.619138 0.402
-0.218759 -0.117357 -0.148507 -0.0242679 -0.633575 0.773301
-0.170169 -0.0494447 -0.17831 0.674585 -0.619138 -0.402
-0.0898201 0.0910768 -0.104429 -0.674584 0.619138 0.402
0.21413 0.196789 0.24281 -0.674584 0.619138 0.402
-0.282211 -0.314212 -0.0143878 0.735033 0.512987 0.443363
-0.0618848 -0.304364 0.260328 0.0682749 0.594574 -0.801137
-0.282345 -0.188083 0.00244697 -0.674584 0.619138 0.402
-0.325479 -0.241186 -0.245745 -0.0682826 -0.594569 0.80114
0.122068 0.354005 -0.153813 -0.674584 0.619138 0.402
0.298221 0.248379 0.304464 -0.674585 0.619138 0.402
0.18628 -0.0950583 0.436816 0.0682826 0.594569 -0.80114
-0.341039 -0.241248 -0.0141644 -0.674584 0.619138 0.402
-0.295311 -0.257589 -0.177333 0.0682826 0.594569 -0.80114
0.270655 -0.0940355 0.43456 -0.302882 0.264479 -0.915594
0.0344673 -0.130764 0.104046 0.0682825 0.594569 -0.80114
0.0572678 0.242979 -0.376491 0.0682858 0.594566 -0.801142
-0.0694928 0.12094 -0.116312 -0.674584 0.619138 0.402
-0.0389158 0.126093 -0.446073 0.674584 -0.619138 -0.402
-0.235533 0.0581723 -0.360458 0.67458 -0.619145 -0.401997
-0.167353 0.104434 -0.317297 0.674584 -0.619138 -0.402
-0.39203 -0.0453969 -0.40137 -0.674584 0.619138 0.402
0.063627 0.0435686 -0.055859 0.0682856 0.594566 -0.801142
0.0829218 -0.0925295 0.406036 0.674584 -0.619138 -0.402
0.287415 0.00861245 0.35935 -0.735033 -0.512987 -0.443363
-0.273888 -0.344143 0.194806 0.674584 -0.619138 -0.402
0.0868711 0.298477 -0.189544 0.674584 -0.619138 -0.402
-0.00602623 -0.0441446 0.0603409 -0.0682826 -0.594569 0.80114
0.423687 0.273116 0.109327 0.735033 0.512987 0.443363
-0.158467 -0.161058 0.168702 -0.674584 0.619138 0.402
-0.0258046 0.0946393 -0.130118 -0.0682826 -0.594569 0.80114
0.0691302 0.109018 0.134669 -0.674584 0.619138 0.402
0.357502 0.242009 0.255043 0.735033 0.512987 0.443363
-0.322482 0.00102127 -0.356154 -0.674584 0.619138 0.402
0.213864 -0.00373159 0.470681 -0.261077 -0.356232 -0.897183
-0.153157 0.0750896 -0.18609 -0.674584 0.619138 0.402
0.105316 -0.160768 0.451361 -0.0682825 -0.594569 0.80114
0.00795099 0.293659 -0.252368 -0.674584 0.619138 0.402
-0.249437 -0.0565751 -0.227544 -0.445398 -0.700377 -0.557756
-0.0790303 -0.154648 0.29213 -0.674584 0.619138 0.402
-0.436869 -0.472371 0.173893 -0.0682826 -0.594569 0.80114
0.362926 0.121634 0.385328 0.735033 0.512987 0.443363
0.136223 0.147951 0.187293 -0.674584 0.619138 0.402
-0.131385 0.124016 -0.287098 0.674584 -0.619138 -0.402
0.277905 0.36489 0.0909271 -0.674584 0.619138 0.402
0.0802456 0.369355 -0.247635 -0.674584 0.619138 0.402
0.210019 0.123616 0.348608 -0.674584 0.619138 0.402
-0.402578 -0.277045 -0.0622982 -0.674584 0.619138 0.402
-0.189658 0.0932586 -0.337513 0.674584 -0.619138 -0.402
-0.221041 -0.197779 0.120254 -0.674584 0.619138 0.402
