ply
format ascii 1.0
comment Created by Open3D
element vertex 128
property double x
property double y
property double z
property double nx
property double ny
property double nz
end_header
-0.184459 0.454997 0.013737 0.369094 -0.92751 -0.059121
0.224138 -0.441457 0.0215586 -0.369094 0.92751 0.059121
-0.192187 0.443646 0.143571 -0.369093 0.92751 0.059122
0.22858 -0.285729 -0.0193234 -0.867244 -0.366586 0.3369
0.106737 -0.279175 -0.122664 0.334151 0.0730755 0.939682
-0.0659083 -0.0666937 0.0545931 0.867244 0.366586 -0.3369
-0.0541709 0.264845 0.105086 -0.334151 -0.0730755 -0.939682
-0.11333 0.0572361 0.0943555 -0.867244 -0.366586 0.3369
0.0409894 0.0316869 0.0893789 -0.334151 -0.0730755 -0.939682
0.119934 -0.288438 0.0862012 -0.334151 -0.0730755 -0.939682
-0.252766 0.318327 -0.0412905 0.334151 0.0730755 0.939682
0.0939197 -0.282459 -0.117851 0.334151 0.0730755 0.939682
0.0322135 0.150838 -0.0767554 0.867244 0.366586 -0.3369
0.130575 -0.489839 0.0427049 0.369094 -0.92751 -0.059121
-0.0178477 0.0979513 0.105148 -0.334151 -0.0730755 -0.939682
0.201405 -0.302857 0.0970493 0.334151 0.0730755 0.939682
0.0775638 -0.492952 -0.0856393 -0.369094 0.92751 0.0591206
-0.0417324 0.226399 -0.130919 0.867244 0.366586 -0.3369
0.0891067 -0.479538 0.00440831 0.867244 0.366586 -0.3369
0.00556168 -0.124819 0.148339 -0.867244 -0.366586 0.3369
0.0233991 -0.312988 0.01649 0.867244 0.366586 -0.3369
-0.115499 0.323747 -0.129222 -0.334151 -0.0730755 -0.939682
0.119018 -0.486763 0.0760648 -0.369094 0.92751 0.0591208
0.0833758 -0.204927 0.0927068 -0.334151 -0.0730755 -0.939682
0.00158679 -0.181045 -0.0929041 0.334151 0.0730755 0.939682
0.134515 -0.127062 0.107164 0.334151 0.0730755 0.939682
0.00203607 0.341751 0.107266 0.867244 0.366586 -0.3369
-0.18902 0.304329 0.141395 0.867244 0.366586 -0.3369
-0.0593512 -0.0904027 0.045674 0.867244 0.366586 -0.3369
0.0544015 -0.100655 0.0949013 -0.334151 -0.0730755 -0.939682
0.219403 -0.262506 -0.0176757 -0.867244 -0.366586 0.3369
-0.268069 0.381963 -0.0407973 0.334151 0.0730755 0.939682
-0.20879 0.443344 -0.0666504 0.334151 0.0730755 0.939682
-0.287196 0.380744 -0.00119376 -0.867244 -0.366586 0.3369
-0.00446368 0.0342119 0.105346 -0.334151 -0.0730755 -0.939682
0.0503927 -0.357095 0.0379836 0.867244 0.366586 -0.3369
-0.0581637 0.502998 0.0899778 0.867244 0.366586 -0.3369
-0.142181 0.105502 -0.064064 0.334151 0.0730755 0.939682
-0.0964313 0.133063 -0.0824757 0.334151 0.0730755 0.939682
0.191586 -0.142627 0.0880802 0.334151 0.0730755 0.939682
-0.0764941 0.424414 0.100615 -0.334151 -0.0730755 -0.939682
-0.0424053 0.238302 -0.119699 0.867244 0.366586 -0.3369
0.148744 -0.0458058 0.00924437 0.867244 0.366586 -0.3369
0.0169965 0.290596 0.0631301 -0.867244 -0.366586 0.3369
0.0481389 -0.184033 -0.109226 0.334151 0.0730755 0.939682
0.151251 -0.356239 0.119035 0.334151 0.0730755 0.939682
0.236492 -0.434256 -0.01429 -0.369077 0.927516 0.0591214
0.146443 -0.477647 -0.0495022 0.369109 -0.927506 -0.0590913
0.0018719 0.322359 0.0587581 -0.867244 -0.366586 0.3369
0.0225731 -0.380132 -0.0586956 0.867244 0.366586 -0.3369
-0.0139224 0.145397 -0.14747 0.867244 0.366586 -0.3369
0.017405 -0.340781 -0.0291818 0.867244 0.366586 -0.3369
0.205145 -0.225508 0.0897041 0.334151 0.0730755 0.939682
0.145575 -0.116173 0.102385 0.334151 0.0730755 0.939682
-0.0879458 -0.143672 -0.0589131 -0.867244 -0.366586 0.3369
-0.0392716 -0.0250354 -0.129205 -0.334151 -0.0730755 -0.939682
-0.0693179 0.0661262 -0.0869119 0.334151 0.0730755 0.939682
0.0894991 -0.497877 -0.0876268 0.369094 -0.92751 -0.0591218
0.013297 0.336449 0.0852007 0.334151 0.0730755 0.939682
0.0328567 0.0730651 -0.123785 0.334151 0.0730755 0.939682
-0.207278 0.423104 -0.0752885 -0.334151 -0.0730753 -0.939682
-0.00208458 0.313076 0.0114892 0.867244 0.366586 -0.3369
0.198784 -0.269133 -0.0779631 -0.867244 -0.366586 0.3369
-0.155158 0.483235 -0.0925672 -0.369094 0.92751 0.0591209
-0.0621751 0.28009 0.145445 0.334151 0.0730755 0.939682
0.245667 -0.344238 -0.0390021 -0.867244 -0.366586 0.3369
0.0612061 -0.4574 -0.130442 0.369094 -0.92751 -0.0591208
-0.03974 -0.107393 0.0776692 0.867244 0.366586 -0.3369
-0.210363 0.444206 0.0213083 0.369093 -0.92751 -0.0591206
0.0517732 0.133601 -0.0181768 -0.867244 -0.366586 0.3369
0.0558306 -0.142753 0.0976669 -0.334151 -0.0730755 -0.939682
-0.0487837 -0.21236 -0.0822315 -0.334151 -0.0730754 -0.939682
0.0582462 0.207613 0.0520361 0.867244 0.366586 -0.3369
-0.0268283 -0.162808 0.050609 0.867244 0.366586 -0.3369
-0.0248821 -0.210041 -0.0812367 0.334151 0.0730755 0.939682
-0.0992133 0.450846 -0.0886293 0.867244 0.366586 -0.3369
-0.0209943 0.107049 0.144257 0.334151 0.0730755 0.939682
-0.0435021 -0.0216919 0.123575 -0.334151 -0.0730755 -0.939682
0.296716 -0.412267 0.0167195 0.369092 -0.927511 -0.0591203
0.184685 -0.315075 -0.157265 -0.334151 -0.0730753 -0.939683
0.0290893 -0.370323 -0.0312494 0.867244 0.366586 -0.3369
0.104046 -0.363798 -0.115127 0.334151 0.0730755 0.939682
-0.204212 0.452741 -0.0741906 -0.369094 0.92751 0.0591191
0.253811 -0.398634 0.0568384 0.334151 0.0730755 0.939682
-0.0779137 0.445435 -0.0396879 0.867244 0.366586 -0.3369
0.0496798 -0.386783 -0.0940065 0.334151 0.0730755 0.939682
0.106893 -0.441919 0.112449 0.334151 0.0730755 0.939682
0.132252 -0.0917597 -0.083211 0.867244 0.366586 -0.3369
-0.107231 0.086232 -0.0749936 0.334151 0.0730755 0.939682
-0.104782 0.0795327 0.113635 0.867244 0.366586 -0.3369
-0.129173 0.316664 0.127727 -0.334151 -0.0730755 -0.939682
0.0942838 -0.279435 0.13332 0.334151 0.0730755 0.939682
0.0303486 0.113955 0.125463 0.334151 0.0730755 0.939682
-0.114528 0.46383 -0.111437 -0.334151 -0.0730755 -0.939682
-0.024001 0.207354 -0.114009 0.334151 0.0730755 0.939682
0.02448 0.0616025 -0.139793 0.867244 0.366586 -0.3369
-0.245194 0.42937 0.0366151 0.369094 -0.92751 -0.0591209
0.161539 -0.478284 0.0547421 0.369094 -0.92751 -0.0591208
-0.151368 0.290822 -0.0752085 0.334151 0.0730755 0.939682
-0.0389825 0.273832 -0.099212 -0.867244 -0.366586 0.3369
0.0901623 -0.301815 0.0978282 -0.334151 -0.0730755 -0.939682
-0.075954 0.505792 0.0480189 -0.369094 0.92751 0.059121
-0.127114 -0.01476 -0.0194678 -0.867244 -0.366586 0.3369
0.156467 -0.472339 0.0875112 -0.334151 -0.0730755 -0.939682
-0.0995984 0.418558 -0.113226 -0.334151 -0.0730755 -0.939682
0.12755 -0.0738267 -0.0758029 0.867244 0.366586 -0.3369
0.0407057 0.0895788 -0.121552 0.867244 0.366586 -0.3369
0.105295 -0.458983 0.0684476 0.867244 0.366586 -0.3369
0.0369973 0.204579 0.0210192 -0.867244 -0.366586 0.3369
-0.0986789 -0.0292805 0.0109453 0.867244 0.366586 -0.3369
0.0442185 -0.119687 0.100002 -0.334151 -0.0730755 -0.939682
-0.111513 0.497037 -0.0366277 -0.369094 0.92751 0.059121
-0.00457976 -0.115664 0.117042 -0.334151 -0.0730755 -0.939682
0.0261006 -0.355552 -0.126748 -0.334151 -0.0730755 -0.939682
-0.0451448 -0.100858 0.0708674 0.867244 0.366586 -0.3369
0.00616199 0.110773 -0.133444 0.867244 0.366586 -0.3369
-0.0375972 -0.142605 -0.120657 -0.334151 -0.0730755 -0.939682
-0.0291538 0.258052 -0.091081 -0.867244 -0.366586 0.3369
-0.0938743 0.441711 -0.0848256 0.867244 0.366586 -0.3369
-0.0116183 0.0316958 0.146783 0.334151 0.0730755 0.939682
-0.0471227 -0.0564857 -0.123967 -0.334151 -0.0730755 -0.939682
-0.135298 0.428852 -0.091657 0.334151 0.0730755 0.939682
0.0143365 0.124443 0.0916434 -0.334151 -0.0730755 -0.939682
0.0950142 -0.288745 -0.156449 -0.334151 -0.0730755 -0.939682
-0.0435759 -0.0995541 0.0763248 0.867244 0.366586 -0.3369
-0.138002 0.155214 0.137455 -0.867244 -0.366586 0.3369
-0.126622 -0.0245427 -0.0594834 0.334151 0.0730755 0.939682
0.161543 -0.379723 0.0785038 -0.334151 -0.0730755 -0.939682
