ply
format ascii 1.0
comment Created by Open3D
element vertex 2096
property double x
property double y
property double z
property double nx
property double ny
property double nz
end_header
-0.0421924 -0.23421 0.255827 0.107687 0.287619 -0.951672
-0.0549593 0.0272911 0.133206 -0.969669 0.241653 -0.0366896
0.0543794 0.0611244 0.178499 0.995669 -0.0751144 -0.0547902
-0.0302132 0.123235 0.111118 -0.969669 0.241653 -0.0366896
0.0771493 0.340014 -0.406939 0.22961 0.849123 -0.475678
-0.109892 -0.196483 0.111143 -0.969669 0.241653 -0.0366896
-0.127208 -0.266758 0.105943 -0.969669 0.241653 -0.0366895
0.0365397 0.0517266 0.0102613 -0.0837949 -0.469674 -0.878854
0.00284625 0.216121 -0.150827 -0.969669 0.241653 -0.0366896
0.0784446 0.186683 -0.109586 -0.22961 -0.849123 0.475678
-0.0447357 -0.13257 0.344071 0.0837949 0.469674 0.878854
-0.101862 -0.35244 0.21357 0.0781364 0.448701 0.89026
-0.0983596 -0.139998 0.178402 -0.969669 0.241653 -0.0366895
-0.138856 -0.321493 0.0532792 -0.969669 0.241653 -0.0366896
-0.0198368 0.169837 0.143821 -0.969669 0.241653 -0.0366897
0.0741943 0.147003 -0.354593 -0.0837949 -0.469674 -0.878854
-0.0177413 0.174582 0.119693 -0.969669 0.241653 -0.0366896
-0.0327029 -0.0385739 0.270968 0.646699 0.645364 -0.406554
-0.0455078 -0.180716 0.232642 -0.206596 -0.890534 -0.405298
-0.050036 -0.35509 0.210134 0.969669 -0.241654 0.03669
0.0109822 -0.0951694 0.309432 0.969669 -0.241653 0.0366896
-0.0455744 -0.150742 0.303577 -0.453861 -0.338931 -0.824097
-0.133328 -0.38699 0.0396183 0.0951369 0.51142 0.854048
-0.10524 -0.398047 -0.0462005 -0.0837949 -0.469674 -0.878854
0.111698 0.239432 0.123982 0.969669 -0.241653 0.0366896
-0.0616032 -0.00484461 0.0971383 -0.969669 0.241653 -0.0366895
0.128906 0.324337 -0.0441317 0.969669 -0.241652 0.0366888
-0.115135 -0.229508 0.0322151 -0.969669 0.241653 -0.0366896
-0.0748743 -0.0372892 0.234189 -0.969669 0.241653 -0.0366897
-0.0867482 -0.138677 0.329625 -0.229622 -0.849125 0.475669
-0.0914352 -0.108609 0.202136 -0.969669 0.241653 -0.0366896
-0.00230454 -0.170193 0.166455 0.969669 -0.241652 0.0366904
0.0813568 0.101832 0.0195906 0.969669 -0.241653 0.036691
-0.103706 -0.235548 0.316595 -0.229609 -0.849123 0.475678
0.0644934 0.0790828 0.0428825 0.969669 -0.241653 0.0366911
-0.0590126 -0.22288 0.0543515 0.22961 0.849123 -0.475678
-0.069695 -0.0186625 0.219985 -0.969669 0.241653 -0.0366897
-0.0207994 0.143371 -0.00505533 -0.969669 0.241653 -0.0366898
-0.156151 -0.447144 0.177569 -0.22961 -0.849123 0.475678
-0.075908 -0.259892 -0.0198742 0.22961 0.849123 -0.475678
0.00649595 -0.117811 0.278873 0.969669 -0.241653 0.0366896
0.0287249 0.298843 -0.289933 -0.969669 0.241653 -0.0366917
0.0302843 0.299256 -0.328425 -0.969669 0.241653 -0.0366896
-0.0425302 -0.0554396 0.198541 0.883025 -0.44371 0.152934
0.0898951 0.145193 -0.193032 0.969669 -0.241653 0.0366896
0.0410694 0.108729 -0.0206334 -0.083796 -0.469675 -0.878854
0.0273757 0.168583 0.0166756 0.718962 0.582184 -0.379679
0.129311 0.299423 -0.21893 0.969669 -0.241653 0.0366897
-0.0689607 -0.19395 0.262806 0.22961 0.849123 -0.475678
-0.111995 -0.214995 0.0447983 -0.969669 0.241653 -0.0366896
0.126245 0.381585 -0.0450288 0.22961 0.849123 -0.475678
-0.0797242 -0.0753921 0.111403 -0.969669 0.241653 -0.0366895
-0.0410011 -0.322461 0.186266 0.969669 -0.241653 0.0366896
-0.0148899 -0.076139 0.187453 -0.924616 0.36551 -0.107177
0.0575367 0.181016 -0.0608349 -0.0837949 -0.469675 -0.878854
-0.00992519 0.147212 -0.267153 -0.969669 0.241653 -0.0366896
0.107445 0.198534 -0.305524 0.969669 -0.241653 0.036688
-0.156642 -0.514201 0.020775 -0.0837949 -0.469674 -0.878854
-0.11863 -0.506473 0.0897736 -0.22961 -0.849123 0.475678
-0.010705 -0.00135839 0.0431355 -0.0837912 -0.469675 -0.878854
-0.0163223 -0.0353315 0.289396 0.083787 0.469674 0.878855
-0.0253998 0.123276 -0.0158264 -0.969669 0.241653 -0.0366898
0.0293184 0.308076 -0.244801 -0.969669 0.241653 -0.0366901
0.023917 0.330502 0.0456576 -0.969669 0.241653 -0.0366896
-0.0659068 -0.170926 0.139018 -0.0837949 -0.469675 -0.878854
-0.170916 -0.429236 0.190939 -0.969669 0.241653 -0.0366897
0.0478325 0.0236942 0.110842 0.995669 -0.0751144 -0.0547902
0.0253685 0.191075 -0.127366 -0.22961 -0.849123 0.475678
0.0436879 0.00549994 0.108104 0.969669 -0.241653 0.0366897
-0.00165482 0.174183 -0.308083 -0.969669 0.241653 -0.0366907
-0.142558 -0.389132 0.0736726 0.190967 0.655328 -0.730806
0.0315035 -0.0371967 0.148907 0.969669 -0.241653 0.0366897
-0.0682743 -0.266807 0.277898 -0.22961 -0.849123 0.475678
-0.104758 -0.270114 0.254385 -0.22961 -0.849123 0.475678
-0.105806 -0.422189 -0.033245 -0.0837949 -0.469674 -0.878854
-0.175389 -0.461881 0.0941504 -0.969669 0.241653 -0.0366897
-0.131739 -0.360483 -0.0637489 -0.0837949 -0.469674 -0.878854
0.150163 0.378986 -0.245994 0.969669 -0.241653 0.0366905
0.0993912 0.348225 0.0178686 -0.881657 -0.0255579 -0.471198
-0.104785 -0.193783 0.38251 0.0837949 0.469675 0.878854
0.0263913 0.305195 -0.186417 -0.96967 0.241647 -0.0366879
0.0615033 0.409874 0.0440505 0.0837948 0.469674 0.878854
0.102747 0.40252 -0.00224384 -0.320461 -0.395527 -0.860734
-0.117137 -0.194468 0.315912 -0.969668 0.241656 -0.0366896
-0.0176412 -0.242559 0.0951513 0.969669 -0.241653 0.0366896
0.0781671 0.172145 -0.058061 -0.0837949 -0.469674 -0.878854
-0.173039 -0.46148 0.034686 -0.969669 0.241652 -0.0366813
0.0562807 0.0729036 0.196902 0.995669 -0.0751144 -0.0547902
0.0472446 0.356181 -0.165995 0.213425 0.910265 0.354779
-0.117018 -0.247869 -0.0182553 0.22961 0.849123 -0.475678
0.0294758 0.28689 -0.388502 -0.969669 0.241653 -0.0366896
0.0528863 0.160813 -0.359942 -0.0837949 -0.469674 -0.878854
-0.0521299 0.0470774 0.188748 -0.969669 0.241653 -0.0366897
-0.0716571 -0.0225001 0.246567 -0.969669 0.241653 -0.0366897
-0.0542357 0.0186679 0.0572869 -0.969669 0.241653 -0.0366893
-0.00196401 0.216183 -0.0232854 -0.969669 0.241653 -0.0366895
-0.0580555 -0.076235 0.0876655 -0.083795 -0.469674 -0.878854
0.0101798 -0.110273 0.231157 0.969669 -0.241653 0.0366892
0.0768283 0.277087 -0.424363 -0.0837949 -0.469674 -0.878854
-0.0312734 -0.286841 0.163777 0.969669 -0.241652 0.0366883
-0.116201 -0.381705 -0.0538889 -0.0837949 -0.469674 -0.878854
-0.0187505 -0.0829552 0.251587 -0.22961 -0.849123 0.475678
0.037047 0.241069 0.104327 0.707673 -0.648972 0.279348
-0.0128501 -0.213677 0.158759 0.969669 -0.241653 0.0366896
-0.0103177 -0.186927 0.268011 0.969669 -0.241652 0.0366894
0.108168 0.419196 0.0133853 0.22961 0.849123 -0.475678
-0.109068 -0.188304 0.143255 -0.969669 0.241653 -0.0366895
0.0445806 0.245687 -0.312841 0.175121 0.791585 0.585427
0.0171939 0.242611 -0.355545 -0.969669 0.241653 -0.0366896
-0.0902268 -0.225619 0.177815 0.0605996 0.383107 0.921714
0.105241 0.208755 -0.179958 0.969669 -0.241653 0.0366896
0.0226868 0.322661 0.0265233 -0.969669 0.241653 -0.0366896
0.113492 0.272285 0.0203952 0.969669 -0.241653 0.0366897
-0.0966214 -0.221074 0.0394215 0.22961 0.849123 -0.475678
0.0482398 0.366554 -0.359716 -0.969669 0.241653 -0.0366896
0.141018 0.323719 -0.405198 0.22961 0.849123 -0.475678
-0.022932 -0.272359 0.038704 0.969669 -0.241653 0.0366896
0.028967 0.216696 -0.0798921 -0.22961 -0.849123 0.475678
0.0421114 0.00228981 0.128625 0.969669 -0.241653 0.0366897
0.0119312 -0.0962291 0.277372 0.969669 -0.241653 0.0366896
-0.119377 -0.262987 0.26005 -0.229617 -0.84912 0.47568
0.0323996 -0.0464622 0.0641987 0.969669 -0.241653 0.0366896
-0.113193 -0.184476 0.277491 -0.969669 0.241653 -0.0366896
-0.0696177 -0.161302 0.361798 0.0837949 0.469675 0.878854
-0.149676 -0.345717 0.17969 -0.969669 0.241651 -0.0366894
0.0291581 0.323094 -0.141652 -0.969669 0.241652 -0.0366894
0.0139776 -0.10576 0.160515 0.969669 -0.241653 0.0366897
0.0935908 0.329786 -0.0815534 -0.240404 -0.915819 0.321684
-0.0446935 -0.236885 0.342695 -0.22961 -0.849123 0.475678
-0.161287 -0.393044 0.174833 -0.96967 0.24165 -0.0366903
-0.021975 0.148444 0.0594246 -0.969669 0.241653 -0.0366896
0.0364744 0.321378 -0.346316 -0.969669 0.241653 -0.0366896
0.0935807 0.170948 0.151751 0.969669 -0.241653 0.0366896
0.108846 0.316711 -0.433237 0.22961 0.849123 -0.475678
0.135774 0.293697 -0.43886 -0.0837949 -0.469674 -0.878854
0.0665661 0.311842 -0.441958 -0.0837949 -0.469674 -0.878854
-0.089869 -0.089138 0.288985 -0.969669 0.241653 -0.0366897
0.0130221 0.254669 -0.165868 -0.969669 0.241653 -0.0366896
-0.0124793 0.14157 -0.236809 -0.969669 0.241653 -0.0366896
-0.106308 -0.163952 0.230701 -0.969669 0.241653 -0.0366897
0.105792 0.264601 -0.313801 -0.198334 -0.690187 0.695921
0.0892771 0.165857 -0.141533 -0.22961 -0.849123 0.475678
-0.120508 -0.205392 0.333056 -0.969668 0.241655 -0.0366901
0.07197 0.372105 -0.352155 0.22961 0.849123 -0.475678
-0.0420984 -0.0753947 0.253813 -0.229616 -0.849127 0.475667
-0.0455992 -0.0470273 0.298438 0.0837802 0.469683 0.878851
-0.0570267 0.0103537 0.0762894 -0.969669 0.241653 -0.0366895
0.0144349 0.28337 -0.0141742 -0.969669 0.241653 -0.0366896
-0.0961932 -0.192775 0.253426 -0.0460981 -0.328222 -0.943475
0.0895935 0.18564 0.0813407 0.969669 -0.241653 0.0366895
0.00973011 -0.126072 0.138984 0.969669 -0.241652 0.03669
-0.0425075 0.0604319 0.0223974 -0.969669 0.241653 -0.0366898
0.0141926 0.233908 -0.333546 -0.969669 0.241653 -0.0366896
0.106384 0.383597 -0.19964 0.0837949 0.469675 0.878854
-0.148765 -0.491312 0.102292 -0.22961 -0.849123 0.475678
0.0276956 0.342557 0.0251886 -0.969669 0.241653 -0.0366896
-0.151711 -0.481643 0.11813 -0.22961 -0.849123 0.475678
-0.00385208 0.162978 -0.323818 -0.969669 0.241653 -0.0366896
-0.0123287 0.187821 0.0638402 -0.969669 0.241653 -0.0366896
-0.06293 -0.03306 0.292626 0.0837876 0.469677 0.878853
0.00101458 0.199058 -0.214799 -0.969669 0.241653 -0.0366896
-0.0393381 -0.337775 0.0414467 0.969669 -0.241653 0.0366896
-0.0502078 0.0127518 0.0393612 -0.083795 -0.469674 -0.878854
-0.0313082 -0.302347 0.0625668 0.969669 -0.241653 0.0366896
-0.061565 -0.437504 -0.0279734 0.969669 -0.241653 0.0366896
-0.17105 -0.438993 0.13024 -0.969669 0.241653 -0.0366897
-0.116916 -0.227934 0.0896405 -0.969669 0.241653 -0.0366896
-0.173605 -0.466817 0.0144969 -0.969669 0.241653 -0.0366896
0.102372 0.393514 -0.0352585 0.229601 0.849123 -0.475682
0.084439 0.106013 -0.306885 0.969669 -0.241653 0.0366896
0.119316 0.293761 0.00792571 0.969669 -0.241652 0.0366893
-0.0588894 -0.00118673 0.0495092 -0.969669 0.241653 -0.0366898
-0.157317 -0.390495 0.0867013 -0.969667 0.24166 -0.0366871
0.0809437 0.301152 0.0225776 -0.518685 0.520305 0.678416
0.116958 0.397217 -0.285612 0.22961 0.849123 -0.475678
0.048614 0.25648 0.0523844 0.810364 0.103904 0.57664
-0.0602565 -0.189663 0.113046 0.22961 0.849123 -0.475678
0.04298 0.37748 -0.0925482 0.22961 0.849123 -0.475678
-0.0803919 -0.168269 0.303131 0.22961 0.849123 -0.475678
-0.137174 -0.318274 0.0300335 -0.969669 0.241653 -0.0366896
-0.0939488 -0.48859 0.00111064 -0.0837949 -0.469674 -0.878854
-0.120332 -0.254238 0.00668255 -0.969669 0.241653 -0.0366896
-0.0947169 -0.127373 0.165279 -0.969669 0.241653 -0.0366895
0.0813682 0.146943 0.0438555 0.969669 -0.241653 0.0366897
0.0579994 0.384227 -0.0732545 0.22961 0.849123 -0.475678
0.0841899 0.26262 -0.417334 -0.0837949 -0.469674 -0.878854
0.145572 0.39179 -0.281488 0.22961 0.849123 -0.475678
-0.100558 -0.256309 -0.0253763 0.22961 0.849123 -0.475678
0.0292009 0.0853763 -0.314196 -0.22961 -0.849123 0.475678
0.134902 0.346549 -0.0563015 0.969669 -0.241653 0.0366896
-0.11297 -0.349175 -0.0715815 -0.0837949 -0.469674 -0.878854
-0.00886249 -0.191971 0.196332 0.969669 -0.241652 0.0366901
-0.0450838 0.0262777 0.259213 0.083795 0.469674 0.878854
0.0758636 0.277026 -0.291359 -0.211784 -0.905607 -0.367454
0.0502283 0.0400535 0.0955374 0.969669 -0.241653 0.0366896
0.150647 0.377904 -0.265912 0.969669 -0.241653 0.0366896
0.0236272 0.334644 0.0805943 -0.969669 0.241653 -0.0366897
-0.0237391 -0.0339222 0.220406 -0.107247 -0.872582 0.476548
-0.0923993 -0.105613 0.24735 -0.969669 0.241653 -0.0366897
0.0908773 0.150688 0.0897601 0.969669 -0.241653 0.0366918
-0.0405375 -0.284169 0.260294 -0.22961 -0.849123 0.475678
0.0457646 0.38048 -0.202579 -0.969669 0.241653 -0.0366898
-0.0427449 0.0722686 0.106632 -0.969669 0.241653 -0.0366896
-0.0508673 -0.375583 0.0971324 0.969668 -0.241656 0.0366916
-0.0713527 -0.146527 0.354068 0.0837949 0.469675 0.878854
0.0449124 0.0210607 0.178231 0.969669 -0.241653 0.0366897
0.0371281 0.341488 -0.231136 -0.969668 0.241654 -0.0366914
-0.0998192 -0.243066 0.234778 0.227951 0.839909 -0.492535
0.0721406 0.176116 -0.131491 -0.22961 -0.849123 0.475678
-0.0997814 -0.50601 0.0109761 -0.0837949 -0.469674 -0.878854
-0.0429768 0.0774728 0.14704 -0.969669 0.241653 -0.0366896
-0.0473385 -0.190662 0.321493 -0.836221 -0.0779668 -0.542821
0.0517006 0.128834 -0.342738 -0.0837949 -0.469674 -0.878854
0.121439 0.411799 0.00658561 0.229621 0.849114 -0.475689
-0.0192575 0.103632 -0.307546 -0.969669 0.241653 -0.0366896
-0.118833 -0.232677 0.10907 -0.969668 0.241656 -0.0366986
-0.0146643 -0.0265622 0.240194 -0.56799 -0.702145 0.429394
0.080828 0.0894771 -0.320362 0.969669 -0.241653 0.0366896
0.0907962 0.192928 0.0975568 0.969669 -0.241653 0.0366895
-0.0376069 -0.196141 0.24969 -0.119347 -0.599103 -0.791727
-0.0117625 -0.181122 0.344434 0.969669 -0.241653 0.0366896
-0.0727529 -0.195584 0.178149 -0.126606 -0.368178 0.921095
0.0188649 0.301402 -0.0124873 -0.969669 0.241653 -0.0366896
-0.0749219 -0.457758 0.191633 0.969669 -0.241653 0.0366897
0.0510991 0.0410998 0.146708 0.969669 -0.241653 0.0366897
0.0407749 0.396165 0.0533527 0.0837948 0.469674 0.878854
-0.14455 -0.359505 -0.0466063 -0.969669 0.241653 -0.0366896
-0.0856758 -0.209594 0.256315 0.0384834 0.00270558 -0.999256
-0.0307209 -0.307299 0.0144293 0.969669 -0.241653 0.0366896
0.0565915 0.253447 0.0710204 0.229586 0.849126 -0.475684
0.0914348 0.357963 0.0689384 0.0837949 0.469674 0.878854
0.0309552 0.21511 0.0601222 0.804344 -0.5525 0.218575
-0.0161434 -0.240053 0.0720697 0.969669 -0.241653 0.0366896
0.0983264 0.184582 0.0626124 0.0837952 0.469674 0.878854
-0.0552474 -0.180965 0.13099 0.22961 0.849123 -0.475678
0.12559 0.323454 0.0376771 0.969669 -0.241652 0.0366893
0.0666682 0.155693 -0.17059 -0.22961 -0.849123 0.475678
-0.0690341 -0.414168 0.0613468 0.242551 0.969881 -0.0223375
-0.0266941 -0.202946 0.267149 0.229612 0.849124 -0.475676
-0.0755313 -0.468537 0.136743 0.969669 -0.241653 0.0366897
0.110316 0.205606 -0.334833 0.969669 -0.241653 0.0366896
0.045512 0.411485 0.0083111 -0.969669 0.241653 -0.0366897
0.0437837 0.198312 -0.0687668 -0.0837949 -0.469675 -0.878854
-0.0275919 -0.209639 0.0931537 0.22961 0.849123 -0.475678
0.0678848 0.351498 -0.390911 0.22961 0.849123 -0.475678
0.0950857 0.212789 -0.391742 -0.0837949 -0.469674 -0.878854
0.0704422 0.281433 0.111839 0.0837949 0.469674 0.878854
0.0880083 0.249371 -0.320302 0.0123983 0.198544 0.980014
-0.0126894 0.192948 0.10714 -0.969669 0.241653 -0.0366896
0.108185 0.344499 -0.383952 0.22961 0.849123 -0.475678
-0.0335263 0.103821 0.0708123 -0.969669 0.241653 -0.0366885
0.10344 0.173583 -0.364017 0.969669 -0.241653 0.0366896
0.015825 0.274312 -0.110573 -0.969668 0.241657 -0.0366897
0.0692372 0.114095 0.14811 0.969669 -0.241653 0.0366896
-0.120243 -0.398039 0.0475201 0.1834 0.818567 0.544347
-0.064914 -0.427906 0.123753 0.96967 -0.241649 0.0366909
-0.16919 -0.511902 0.0556778 -0.22961 -0.849123 0.475678
-0.0439633 -0.369895 -0.0478676 0.969669 -0.241653 0.0366896
0.0855561 0.161014 0.025847 0.969669 -0.241653 0.0366897
-0.0763766 -0.368289 0.0659443 -0.222878 -0.935801 -0.273133
-0.12592 -0.255638 0.145141 -0.969669 0.241654 -0.036691
0.021691 0.257609 -0.375616 -0.969669 0.241653 -0.0366896
-0.0601191 0.00887653 0.14829 -0.969669 0.241653 -0.0366896
0.0428551 -0.00244724 0.0777703 0.969669 -0.241653 0.0366897
-0.0150609 -0.196004 0.33359 0.969669 -0.241653 0.0366896
-0.152603 -0.396243 -0.0426487 -0.0837949 -0.469674 -0.878854
0.0317083 0.179402 0.0407838 0.567984 0.702149 -0.429395
0.127512 0.300817 -0.162195 0.969669 -0.241653 0.0366897
-0.0071322 0.158928 -0.200438 -0.22961 -0.849123 0.475678
0.0937151 0.150839 -0.256802 0.969669 -0.241653 0.0366896
0.114804 0.373353 -0.0652452 0.229618 0.849123 -0.475675
-0.0834366 -0.0694974 0.248342 -0.969669 0.241653 -0.0366897
-0.131958 -0.486081 0.119742 -0.22961 -0.849123 0.475678
-0.027174 -0.156489 0.326586 -0.229601 -0.849129 0.475671
0.112052 0.260381 0.119122 0.0837949 0.469675 0.878854
-0.042471 -0.331586 0.165007 0.969669 -0.241653 0.0366896
0.00725206 -0.131376 0.169542 0.969669 -0.241653 0.0366897
-0.0438984 -0.296711 0.236284 -0.22961 -0.849123 0.475678
-0.0399844 -0.066279 0.214685 0.784098 0.513199 -0.349023
0.115884 0.419945 0.0334832 0.0837949 0.469674 0.878854
-0.0572942 -0.372376 0.0630564 -0.238341 -0.968106 -0.0772327
-0.0422045 -0.2122 0.0815291 0.22961 0.849123 -0.475678
-0.0344429 0.0944733 0.0334679 -0.969669 0.241653 -0.0366895
0.0801457 0.137948 0.0169193 0.969669 -0.241651 0.0366898
-0.0827332 -0.0852228 0.126179 -0.969669 0.241653 -0.0366895
-0.0704052 -0.444894 0.156987 0.969669 -0.241653 0.0366897
-0.0102105 -0.157795 0.332443 -0.22961 -0.849123 0.475678
-0.132969 -0.293886 0.0795107 -0.969669 0.241654 -0.0366926
0.0573912 0.195699 0.0382462 -0.982715 -0.107153 0.150962
0.00895347 -0.000258151 0.268242 0.0837951 0.469674 0.878854
0.0763076 0.28353 0.0325476 -0.518694 0.520304 0.67841
-0.117487 -0.218572 0.166397 -0.969669 0.241652 -0.0366889
-0.0527044 -0.395494 0.0145452 0.969669 -0.241653 0.0366896
0.0893888 0.176718 -0.12209 -0.22961 -0.849123 0.475678
0.0635995 0.407952 -0.292205 0.22961 0.849123 -0.475678
0.026416 0.0335758 0.0209267 -0.0837949 -0.469674 -0.878854
0.0996124 0.414121 -0.262115 0.240555 0.916921 -0.318417
-0.0345218 -0.220782 0.376349 -0.229614 -0.849119 0.475682
0.00602247 -0.130487 0.207898 0.969669 -0.241653 0.0366897
-0.0797542 -0.330736 -0.0846028 -0.0837949 -0.469674 -0.878854
0.0206309 -0.0610029 0.279461 0.969669 -0.241653 0.0366896
-0.0357783 -0.337796 -0.052771 0.969668 -0.241655 0.0366886
0.00874695 0.278841 0.106324 -0.969669 0.241653 -0.0366897
0.0274446 0.193159 0.163114 0.0837875 0.469677 0.878853
0.00260177 -0.140489 0.232427 0.969669 -0.241653 0.0366893
-0.161386 -0.469575 0.135002 -0.22961 -0.849123 0.475678
0.0719664 0.143902 -0.18908 -0.22961 -0.849123 0.475678
-0.00513272 -0.0105541 0.275088 0.0838052 0.469669 0.878856
0.103439 0.193586 0.0403109 0.969669 -0.241653 0.0366896
-0.0535903 -0.175715 0.210265 -0.244386 -0.96112 0.128547
0.0425753 0.188091 -0.124387 -0.22961 -0.849123 0.475678
-0.0768 -0.285069 -0.0652473 0.22961 0.849123 -0.475678
0.0545547 0.257124 -0.0677513 0.243679 0.967464 -0.0680735
0.0429938 0.207021 -0.383693 -0.0837949 -0.469674 -0.878854
0.0415373 0.145781 -0.350826 -0.0837949 -0.469674 -0.878854
-0.122765 -0.249027 0.105302 -0.969669 0.241653 -0.036689
0.0535607 0.367057 -0.106046 0.22961 0.849123 -0.475678
0.138169 0.306883 -0.403902 0.969669 -0.241653 0.0366896
-0.012355 -0.129631 0.339413 0.0837949 0.469674 0.878854
0.00587337 0.234932 -0.10693 -0.969669 0.241653 -0.0366896
-0.0603937 -0.413621 0.0983736 0.96967 -0.24165 0.0366909
-0.0649482 -0.126662 0.115272 -0.0837917 -0.469677 -0.878853
-0.0941344 -0.486349 0.13752 -0.22961 -0.849123 0.475678
0.0489653 0.387713 -0.239528 -0.969669 0.241653 -0.0366901
-0.0556145 -0.394278 0.0994647 0.969669 -0.241651 0.0366896
-0.161976 -0.426144 -0.0249608 -0.969669 0.241653 -0.0366896
-0.0972668 -0.125293 0.246367 -0.969669 0.241653 -0.0366897
-0.100747 -0.182358 0.106541 0.22961 0.849123 -0.475678
0.0370663 0.182916 -0.0598989 -0.0837949 -0.469675 -0.878854
-0.0497016 -0.0109279 0.279537 0.0837949 0.469674 0.878854
0.0948558 0.210182 0.103909 0.969669 -0.241653 0.0366895
-0.0487388 0.0298532 0.0300818 -0.083795 -0.469674 -0.878854
0.0773794 0.0922559 0.0616391 0.969669 -0.241652 0.036691
-0.0323311 -0.0470424 0.0696117 -0.0837978 -0.469674 -0.878854
-0.105153 -0.25496 0.281244 -0.229616 -0.84912 0.47568
-0.0528687 -0.370017 0.186688 0.969669 -0.241651 0.0366894
0.0295682 0.342829 -0.0225048 -0.969669 0.241654 -0.0366904
-0.0172934 0.139891 0.195847 0.0837949 0.469674 0.878854
0.0577827 0.0620749 0.0953493 0.908005 -0.399304 0.12682
-0.0790963 -0.2526 0.298035 -0.22961 -0.849123 0.475678
-0.0703724 -0.0419147 0.0847409 -0.969669 0.241653 -0.0366893
0.0355349 0.35435 -0.104322 -0.969669 0.241653 -0.0366896
0.0443446 0.184343 0.0561946 -0.140517 0.878712 -0.456201
0.0845919 0.356891 -0.180193 0.15159 0.712323 0.685285
-0.0861251 -0.313237 -0.093347 -0.0837949 -0.469674 -0.878854
-0.128354 -0.2815 0.0391226 -0.969669 0.241653 -0.0366896
0.107236 0.213173 -0.203602 0.969669 -0.241653 0.0366896
-0.149216 -0.350648 0.135053 -0.969668 0.241657 -0.0366908
-0.0591758 -0.189058 0.276261 0.22961 0.849123 -0.475678
-0.11591 -0.237254 0.00167547 -0.969669 0.241653 -0.0366896
0.103366 0.184752 -0.0159322 0.969669 -0.241653 0.0366896
-0.128818 -0.279289 0.0659505 -0.969669 0.241653 -0.0366896
0.0554164 0.0389942 0.0187383 0.969669 -0.241653 0.0366897
-0.0481469 -0.382232 -0.018558 0.969669 -0.241653 0.0366896
0.0688157 0.309097 -0.108528 -0.105238 -0.277288 0.955006
0.119736 0.292662 -0.0276865 -0.0220533 -0.235994 -0.971504
0.0172286 0.305082 0.0549981 -0.969669 0.241653 -0.0366896
0.130939 0.386339 -0.203739 0.111272 0.570086 0.814015
-0.0749021 -0.243516 0.243538 0.206046 0.727416 -0.654531
-0.00356909 0.18356 -0.195736 -0.969669 0.241653 -0.0366896
-0.116384 -0.290259 0.21916 -0.184066 -0.623188 0.760103
0.0165203 -0.0760621 0.288915 0.969669 -0.241653 0.0366896
0.11354 0.249336 -0.132017 0.969669 -0.241653 0.0366897
0.0775524 0.370845 -0.19004 0.0894043 0.49037 0.866916
-0.0041936 0.176638 0.17496 0.0837949 0.469674 0.878854
-0.046528 -0.302547 -0.0818342 0.22961 0.849123 -0.475678
0.12652 0.271724 -0.426235 -0.0837949 -0.469674 -0.878854
0.107783 0.243024 -0.0214418 0.969669 -0.241653 0.0366897
0.0910123 0.156159 -0.048817 -0.0837953 -0.469674 -0.878854
0.121577 0.348889 0.0709139 0.0837949 0.469674 0.878854
-0.0291276 0.113514 0.018397 -0.969669 0.241653 -0.0366895
-0.0405042 -0.0670747 0.164405 0.595217 -0.730924 0.333867
-0.0163513 -0.246758 0.0334018 0.969669 -0.241653 0.0366896
0.0055826 0.253299 0.0217261 -0.969669 0.241653 -0.0366896
0.028677 0.161642 -0.178308 -0.22961 -0.849123 0.475678
-0.0597674 0.00520081 0.114784 -0.969669 0.241653 -0.0366884
0.116269 0.291321 0.0723979 0.969669 -0.241653 0.0366897
0.0365195 -0.0298204 0.0649229 0.969669 -0.241653 0.0366897
0.0263287 0.301915 -0.206364 -0.969669 0.241652 -0.0366894
-0.0146851 -0.0566681 0.300642 0.0838065 0.469675 0.878853
-0.04594 -0.346878 0.155974 0.969668 -0.241655 0.036691
-0.180358 -0.48559 0.0972558 -0.22961 -0.849123 0.475678
0.0560999 0.287809 -0.0302943 0.0966554 0.241233 -0.965642
0.0517492 0.153424 -0.181842 -0.22961 -0.849123 0.475678
-0.0723832 -0.199388 0.334558 0.390148 -0.52805 -0.754286
-0.124032 -0.359249 0.0466982 -0.222707 -0.811657 0.540014
0.0422092 0.332415 -0.425189 -0.969669 0.241653 -0.0366896
0.0643532 0.29212 0.0568702 0.205742 -0.520036 -0.828995
-0.0420207 0.0783026 0.127234 -0.969669 0.241653 -0.0366896
-0.0960034 -0.114034 0.287133 -0.969669 0.241653 -0.0366897
0.104954 0.234979 -0.404542 -0.0837949 -0.469674 -0.878854
-0.00510119 -0.175004 0.208675 0.969669 -0.241653 0.0366892
0.0891746 0.272772 -0.309173 -0.231628 -0.860571 0.453614
0.0167695 -0.0786688 0.265159 0.969669 -0.241653 0.0366896
-0.0312551 -0.18493 0.135492 0.22961 0.849123 -0.475678
0.035703 -0.0166856 0.173014 0.969669 -0.241653 0.0366897
0.0243861 0.321873 -0.023572 -0.969669 0.241652 -0.0366895
-0.0836525 -0.0625682 0.299689 -0.969669 0.241653 -0.0366897
-0.0488144 -0.191716 0.184909 -0.182435 -0.615657 0.766606
-0.00776634 0.0160019 0.0335777 -0.0837932 -0.469675 -0.878854
-0.173699 -0.443703 0.175241 -0.22961 -0.849123 0.475678
-0.0975205 -0.143634 0.132272 -0.969669 0.241653 -0.0366895
-0.060514 -0.269995 -0.0304784 0.22961 0.849123 -0.475678
0.0876348 0.31876 -0.100007 -0.182438 -0.615668 0.766596
-0.0738775 -0.464832 0.117439 0.969669 -0.241653 0.0366897
-0.169352 -0.419358 0.214681 -0.96967 0.241649 -0.0366908
-0.0209749 0.120504 0.206559 0.0837949 0.469674 0.878854
-0.0710494 -0.444223 0.178436 0.969669 -0.241651 0.0366902
0.0126257 0.230681 -0.313391 -0.969669 0.241653 -0.0366913
0.0915346 0.14974 0.0661487 0.969668 -0.241655 0.0366909
-0.0353325 -0.306944 0.138648 0.96967 -0.24165 0.0366866
0.000121773 -0.163324 0.147571 0.969669 -0.241653 0.0366896
-0.05907 -0.227309 0.344494 -0.752669 -0.154948 -0.639907
0.0627295 0.207247 -0.0753485 -0.0837949 -0.469675 -0.878854
0.10937 0.337598 -0.152214 0.235976 0.964674 0.117134
0.113093 0.241327 0.099593 0.969669 -0.241653 0.0366897
0.087657 0.211728 0.147449 0.0837947 0.469675 0.878854
-0.0547302 -0.178882 0.369774 0.0837949 0.469675 0.878854
-0.133224 -0.304796 0.014403 -0.969669 0.241653 -0.0366896
0.0183414 0.314917 0.0903633 -0.969669 0.241653 -0.0366897
0.128438 0.268303 -0.400831 0.969669 -0.241653 0.0366896
-0.0394527 -0.18993 0.284225 0.229621 0.849125 -0.47567
-0.00913564 -0.18599 0.242945 0.969669 -0.241653 0.0366896
-0.124556 -0.270082 0.0139633 -0.969669 0.241653 -0.0366896
0.0977924 0.19595 -0.083703 -0.22961 -0.849123 0.475678
0.0563847 0.336743 -0.0521077 -0.199855 -0.870296 -0.45016
0.134719 0.320592 -0.222436 0.969669 -0.241653 0.0366898
0.099791 0.353219 0.0363838 -0.229611 -0.849122 0.47568
0.066366 0.256531 -0.082805 0.217304 0.921039 0.323212
-0.103862 -0.168744 0.134476 -0.969669 0.241653 -0.0366896
0.0654876 0.102332 -0.32989 -0.0837949 -0.469674 -0.878854
-0.178053 -0.47991 0.0458182 -0.969669 0.241653 -0.0366897
0.0548196 0.0599771 0.114998 0.943182 -0.321964 0.0821348
0.0290037 0.0484354 0.240308 0.083795 0.469674 0.878854
0.0557121 0.335479 -0.0910464 -0.226955 -0.834446 0.502186
-0.0324142 -0.0927026 0.177941 0.0577603 0.878184 -0.474823
-0.0198836 0.1629 0.0993664 -0.969669 0.241653 -0.0366896
0.0144015 -0.108791 0.0981552 -0.0837949 -0.469674 -0.878854
0.0593915 0.0814575 -0.306618 -0.22961 -0.849123 0.475678
-0.0988605 -0.526351 0.0217588 -0.0837949 -0.469674 -0.878854
-0.0986352 -0.137578 0.201621 -0.969669 0.241653 -0.0366884
-0.0208149 0.012563 0.264229 0.0838098 0.46967 0.878855
0.0709504 0.397355 -0.307573 0.22961 0.849123 -0.475678
-0.0878829 -0.451037 0.203573 -0.22961 -0.849123 0.475678
-0.101882 -0.414129 0.230566 -0.0976391 -0.245353 0.964504
0.146101 0.348915 -0.336685 0.969669 -0.241653 0.0366896
-0.135669 -0.350908 0.21597 0.0837949 0.469675 0.878854
-0.156204 -0.382866 0.107531 -0.96967 0.241647 -0.0366913
0.0390023 0.00412385 0.222874 0.969669 -0.241653 0.0366885
-0.0222024 -0.229883 0.29919 0.969669 -0.241653 0.0366897
-0.0617579 -0.402592 0.207064 0.969669 -0.241651 0.0366898
0.00781029 0.0207854 0.0295361 -0.0837946 -0.469674 -0.878854
0.125814 0.273714 -0.295832 0.969669 -0.241653 0.036692
-0.00638569 0.209226 0.0477524 -0.969669 0.241653 -0.0366896
0.0245518 0.304044 -0.145386 -0.969668 0.241655 -0.0366902
-0.0638062 -0.439548 0.0177986 0.969669 -0.241653 0.0366896
-0.0967896 -0.210385 0.0584208 0.22961 0.849123 -0.475678
0.108126 0.382827 -0.000404442 -0.860008 -0.0518273 -0.507642
0.0904559 0.255068 -0.0458323 0.223289 0.814737 -0.535113
-0.142781 -0.381818 -0.0512944 -0.0837949 -0.469674 -0.878854
-0.0278374 -0.299474 -0.0102406 0.969669 -0.241653 0.0366896
-0.0344074 -0.308438 0.104361 0.969669 -0.241653 0.0366896
-0.0193236 -0.0908494 0.319352 0.0837949 0.469674 0.878854
0.0251886 0.269364 -0.390631 -0.969669 0.241653 -0.0366896
-0.0669545 -0.454263 0.00408371 0.969669 -0.241653 0.0366896
-0.113262 -0.200648 0.172795 -0.969669 0.241654 -0.0366912
0.0890528 0.396919 -0.299614 0.22961 0.849123 -0.475678
0.046494 0.196638 -0.107237 -0.22961 -0.849123 0.475678
0.0323383 0.190511 0.00289251 0.379605 -0.8305 0.40764
0.0624373 0.102501 0.194211 0.943182 -0.321964 0.0821348
-0.0484489 -0.389166 -0.0562432 0.969669 -0.241653 0.0366896
-0.00150348 -0.0927705 0.0911103 -0.0837946 -0.469674 -0.878854
0.0454334 0.0149068 0.0610461 0.979572 -0.200617 0.0138153
0.108146 0.222195 -0.168227 0.969668 -0.241658 0.0366883
-0.110145 -0.167804 0.306726 -0.969669 0.241653 -0.0366896
0.113598 0.228007 -0.274022 0.969668 -0.241657 0.0366891
0.0894321 0.150802 0.128708 0.969669 -0.241653 0.0366898
0.101107 0.177326 -0.277713 0.969669 -0.241653 0.0366896
0.0932767 0.306662 0.096179 0.0837949 0.469674 0.878854
0.105527 0.219514 -0.116661 0.969669 -0.241653 0.0366897
-0.0695332 -0.0324428 0.124948 -0.969669 0.241653 -0.0366895
0.110672 0.307393 -0.0169059 0.229594 0.84912 -0.47569
-0.0497142 -0.212265 0.32421 -0.972563 0.181377 -0.145683
-0.015298 0.111921 -0.288292 -0.22961 -0.849123 0.475678
-0.047203 0.0675026 0.193066 -0.969669 0.241653 -0.0366897
-0.161961 -0.497093 0.0856023 -0.22961 -0.849123 0.475678
-0.145382 -0.340995 0.097293 -0.969668 0.241655 -0.0366912
0.0777599 0.0855996 0.0077412 0.969669 -0.241653 0.0366896
-0.0549643 -0.146231 0.272946 0.496238 0.318304 0.807732
0.0909547 0.13697 -0.0385563 -0.0837953 -0.469674 -0.878854
0.0699931 0.166363 -0.149939 -0.22961 -0.849123 0.475678
-0.0856093 -0.0858969 0.197752 -0.969669 0.241653 -0.0366896
0.0709484 0.429069 0.0130425 0.229627 0.849128 -0.475661
0.0719157 0.257203 -0.0507198 0.232051 0.863011 -0.448736
-0.148689 -0.351451 0.115837 -0.969668 0.241655 -0.0366904
0.0553772 0.0442799 0.0545878 0.969669 -0.241653 0.0366896
0.0924357 0.240054 0.131855 0.0837949 0.469675 0.878854
-0.116902 -0.307862 0.209321 -0.108515 -0.291121 0.950512
0.114111 0.217823 -0.354659 0.969669 -0.241653 0.0366896
0.0440919 0.352601 0.076318 0.0837949 0.469674 0.878854
-0.061233 -0.182541 0.326595 0.0131701 -0.491402 -0.870834
-0.050541 -0.187203 0.260479 -0.22961 -0.849123 0.475678
-0.00231631 0.229992 0.0769797 -0.969669 0.241653 -0.0366896
-0.0304392 -0.269228 0.257734 0.969669 -0.241653 0.0366897
0.00449268 -0.14472 0.154586 0.969669 -0.241652 0.03669
0.0421779 0.402377 0.0364382 -0.969669 0.241653 -0.0366897
0.0223303 0.248752 -0.309166 0.211783 0.905604 0.367464
-0.132616 -0.281267 0.153293 -0.969669 0.241652 -0.0366887
-0.0434379 -0.0957731 0.324282 0.0837949 0.469674 0.878854
-0.0956643 -0.271752 -0.0505823 0.22961 0.849123 -0.475678
0.017747 -0.0860411 0.0856786 -0.0837949 -0.469674 -0.878854
0.039868 0.00497951 0.205631 0.969669 -0.241653 0.0366897
0.00550503 -0.116555 0.313332 0.969669 -0.241653 0.0366896
-0.104705 -0.198563 0.0757038 0.22961 0.849123 -0.475678
-0.0198148 -0.105817 0.123388 -0.987712 0.155909 0.0108535
0.103646 0.190668 -0.256945 0.969669 -0.241653 0.0366896
0.100167 0.186475 -0.19259 0.969669 -0.241653 0.0366896
0.141078 0.407529 0.00844413 0.22961 0.849123 -0.475678
-0.109275 -0.156412 0.358764 -0.969669 0.241653 -0.0366896
0.0370703 0.319096 -0.377094 -0.969669 0.241653 -0.0366896
-0.11346 -0.441009 0.20887 -0.222823 -0.812271 0.539041
-0.0676233 -0.00455516 0.258152 -0.969669 0.241653 -0.0366897
0.0982919 0.159281 -0.322157 0.969669 -0.241653 0.0366896
0.0136164 0.275286 -0.045782 -0.969669 0.241653 -0.0366899
0.0351187 -0.00557742 0.261619 0.969669 -0.241653 0.0366896
0.0242098 -0.0694699 0.129107 0.969669 -0.241653 0.0366897
-0.153473 -0.455386 -0.0109592 -0.0837949 -0.469674 -0.878854
-0.000576857 0.186856 -0.253106 -0.969669 0.241653 -0.0366896
0.0184255 -0.0916685 0.135772 0.969669 -0.241653 0.0366897
-0.11901 -0.372099 0.225689 0.0781339 0.448691 0.890265
-0.0161723 -0.197105 0.355709 0.969669 -0.241653 0.0366896
-0.122057 -0.251986 0.0670986 -0.969669 0.241653 -0.0366896
0.0814611 0.261788 -0.0967716 0.147545 0.698382 0.700352
-0.0343632 -0.0926489 0.272604 -0.132032 -0.457043 -0.87959
-0.101475 -0.139367 0.264879 -0.969669 0.241653 -0.0366897
0.00354028 -0.121844 0.330423 0.969669 -0.241653 0.0366896
-0.0648057 -0.448035 -0.0116874 0.969669 -0.241653 0.0366896
-0.143663 -0.343645 0.0344138 -0.969669 0.241653 -0.0366896
-0.0355831 -0.325437 0.0234659 0.969669 -0.241653 0.0366896
-0.0266833 -0.281962 0.0745988 0.969669 -0.241653 0.0366896
0.0660258 0.177106 0.168014 0.0837947 0.469675 0.878854
-0.0683642 -0.405255 0.0784128 0.174828 0.580813 -0.795042
0.0851405 0.117135 -0.252173 0.969669 -0.241653 0.0366896
0.124171 0.291578 -0.13475 0.969669 -0.241651 0.0366891
0.0850531 0.111547 -0.023771 -0.0997197 -0.528171 -0.843262
0.0537929 0.172206 0.0105056 -0.941989 0.324997 -0.0838695
0.124598 0.25669 -0.375826 0.969669 -0.241653 0.0366896
-0.0829606 -0.152081 0.307527 -0.22961 -0.849123 0.475678
-0.0803993 -0.219838 0.0494568 0.22961 0.849123 -0.475678
-0.0643837 -0.256225 0.208229 0.231514 0.956189 0.179175
0.0945535 0.415607 -0.23172 0.219014 0.925666 0.308505
0.0635007 0.353003 0.018481 -0.22963 -0.849124 0.475666
0.0693864 0.113779 -0.244096 -0.22961 -0.849123 0.475678
0.0152429 0.136744 -0.229238 -0.22961 -0.849123 0.475678
0.0978363 0.160232 -0.0312977 0.969669 -0.241653 0.0366896
-0.0956157 -0.121917 0.224968 -0.969669 0.241653 -0.0366897
-0.151035 -0.418373 0.221121 -0.167419 -0.54729 0.820027
0.0948792 0.297256 -0.436863 -0.0837949 -0.469674 -0.878854
-0.0583869 -0.166226 0.3174 0.229607 0.849122 -0.475681
-0.0459778 0.0528833 0.0643944 -0.969669 0.241653 -0.0366895
-0.0642366 -0.438268 0.0375975 0.969669 -0.241653 0.0366896
-0.144668 -0.344443 0.0557243 -0.969671 0.241648 -0.0366785
0.0200907 0.287178 -0.138568 -0.96967 0.24165 -0.0366894
-0.0298636 0.114041 0.0413241 -0.969669 0.241653 -0.0366895
-0.0871208 -0.239696 0.18716 0.147545 0.698381 0.700353
-0.109364 -0.162015 0.32423 -0.969669 0.241653 -0.0366896
-0.0536977 -0.0730367 0.31311 0.0837949 0.469674 0.878854
0.0617063 0.288887 -0.109814 0.0126518 0.19953 0.97981
0.0273879 0.290935 -0.306682 -0.969669 0.241653 -0.0366913
-0.0582715 -0.416554 0.0229689 0.969669 -0.241653 0.0366896
-0.0771782 -0.0433923 0.254879 -0.969669 0.241653 -0.0366897
0.0572286 0.249558 0.114927 -0.483642 -0.751943 0.447964
0.0608009 0.0765678 0.119372 0.908005 -0.399304 0.12682
0.130578 0.402063 -0.270388 0.22961 0.849123 -0.475678
-0.0380233 -0.249996 0.187162 0.137685 0.664058 0.734895
0.026807 0.282688 -0.284507 -0.127631 -0.628619 -0.767169
0.144118 0.357928 -0.224935 0.969669 -0.241653 0.0366901
0.0307546 -0.0483221 0.095423 0.969669 -0.241653 0.0366897
0.146036 0.396335 -0.216707 0.178082 0.801297 0.571149
0.0568062 0.417469 -0.250768 -0.969669 0.241653 -0.0366901
0.015751 -0.0764239 0.306864 0.969669 -0.241653 0.0366896
0.0360173 -0.0197522 0.14451 0.969669 -0.241653 0.0366897
-0.111982 -0.449853 0.194054 -0.22961 -0.849123 0.475678
-0.00687534 0.163782 -0.238617 -0.969669 0.241653 -0.0366896
0.0400208 0.141415 -0.0258577 -0.333221 0.844391 -0.419486
0.0324275 0.322175 -0.234107 -0.969668 0.241654 -0.036691
0.0504885 0.217844 0.147725 0.0837869 0.469677 0.878854
-0.0842863 -0.449443 -0.0207315 -0.0837949 -0.469674 -0.878854
-0.0354315 -0.0321339 0.232022 0.671836 -0.67799 0.298273
0.0754966 0.395728 0.0502757 0.0837948 0.469674 0.878854
-0.00701832 0.196534 -0.0191204 -0.969669 0.241653 -0.036689
-0.138803 -0.300892 0.187552 -0.969672 0.24164 -0.0366823
0.0372459 0.365305 -0.0773814 -0.969669 0.241653 -0.0366896
0.0966932 0.345724 -0.168191 0.20072 0.87293 0.44464
-0.00867452 -0.110331 0.101179 -0.0837946 -0.469674 -0.878854
-0.131352 -0.445614 -0.0182904 -0.0837949 -0.469674 -0.878854
-0.147151 -0.459338 0.160146 -0.22961 -0.849123 0.475678
-0.0613299 0.0167267 0.231995 -0.969669 0.241653 -0.0366897
-0.0810122 -0.494625 0.109771 0.969669 -0.241653 0.0366897
-0.0293602 0.123374 0.0894899 -0.969669 0.241653 -0.0366896
0.055977 0.0728158 0.159391 0.969669 -0.241652 0.0366895
0.000380722 0.200954 -0.185557 -0.969669 0.241653 -0.0366896
-0.119903 -0.245903 0.0502367 -0.969669 0.241653 -0.0366896
-0.0847071 -0.0955054 0.110621 -0.969669 0.241653 -0.0366895
-0.133164 -0.525893 0.0480921 -0.22961 -0.849123 0.475678
0.00914549 0.226046 -0.251938 -0.969669 0.241653 -0.0366896
0.0592969 0.0584473 0.0443067 0.969669 -0.241653 0.0366896
0.0658158 0.0944354 0.109051 0.969669 -0.241653 0.0366896
-0.00905543 -0.156783 0.12604 -0.0837946 -0.469674 -0.878854
0.0047807 0.200431 -0.305293 -0.969669 0.241653 -0.0366878
0.0965918 0.147233 -0.356584 0.969669 -0.241653 0.0366896
-0.104792 -0.208001 0.255502 0.0504231 0.0508927 -0.99743
0.0820286 0.101768 0.0014138 0.969669 -0.241652 0.0366893
0.0819412 0.102843 -0.26175 0.969669 -0.241653 0.0366896
-0.00326217 -0.154772 0.293329 0.969669 -0.241653 0.0366896
0.0409204 0.341798 0.0108402 0.229609 0.849123 -0.475678
-0.0167426 -0.0429099 0.0659169 -0.0837932 -0.469675 -0.878854
0.0247893 -0.064003 0.1498 0.969669 -0.241653 0.0366897
0.148318 0.402171 -0.259729 0.240555 0.916921 -0.318417
0.0618343 0.0854571 0.139961 0.908005 -0.399304 0.126821
-0.0849445 -0.515685 0.0749889 0.969669 -0.241653 0.0366897
-0.137577 -0.322762 0.0111286 -0.969669 0.241653 -0.0366896
-0.138868 -0.30989 0.13 -0.969668 0.241655 -0.0366919
-0.0528052 0.0513986 0.235058 -0.969669 0.241653 -0.0366897
-0.0603171 -0.219316 0.309689 -0.39015 0.52805 0.754285
-0.0289009 0.13194 0.133773 -0.969669 0.241653 -0.0366896
0.0189396 0.157512 -0.0353489 0.969668 -0.241654 0.0366906
-0.0502786 -0.113938 0.258272 0.752657 0.154957 0.639918
-0.0329255 -0.288072 0.199331 0.969668 -0.241655 0.0366912
0.0448643 0.082207 -0.00682158 -0.0837965 -0.469675 -0.878854
0.102908 0.181172 -0.299973 0.969669 -0.241653 0.0366924
0.0735106 0.133421 0.16246 0.969669 -0.241653 0.0366896
-0.0872861 -0.168345 0.22556 -0.223703 -0.9379 -0.265141
0.111274 0.270929 0.0700865 0.969669 -0.241653 0.0366897
0.0819676 0.154829 0.104651 0.237525 0.896229 -0.374641
0.0371244 0.178546 -0.144055 -0.22961 -0.849123 0.475678
0.0254746 0.331394 0.0103635 -0.969669 0.241653 -0.0366896
0.0651579 0.0988406 0.155452 0.969669 -0.241653 0.0366896
0.0331723 -0.0359838 0.11279 0.969669 -0.241653 0.0366897
0.0853541 0.156558 0.00184101 0.969669 -0.241653 0.0366898
0.102719 0.222743 -0.0211807 0.969669 -0.241653 0.0366897
-0.0137968 0.167739 -0.0296297 -0.969669 0.241653 -0.0366898
-0.0377572 -0.247821 0.0200895 0.22961 0.849123 -0.475678
-0.059765 -0.391386 0.228204 0.969669 -0.241653 0.0366896
0.115692 0.241762 -0.31911 0.0123983 0.198544 0.980014
0.0214885 0.231981 0.142935 0.0837949 0.469674 0.878854
0.0359524 0.321553 0.0936868 0.0837932 0.469674 0.878854
-0.0911357 -0.23223 0.328585 -0.229609 -0.849123 0.475678
-0.0443623 -0.257679 0.235398 0.232052 0.863017 -0.448724
0.0772861 0.3639 -0.0121256 0.720965 0.179933 0.669204
-0.0433166 -0.344868 0.0998744 0.969669 -0.241653 0.0366894
0.0275802 0.282886 -0.364775 -0.96967 0.241648 -0.0366921
0.00954752 -0.103218 0.294339 0.969669 -0.241653 0.0366896
0.00312686 0.229887 -0.0675712 -0.969669 0.241653 -0.0366898
-0.123271 -0.502698 0.0114457 -0.0837949 -0.469674 -0.878854
0.0130313 -0.115264 0.122926 0.969669 -0.241653 0.0366896
-0.0210187 -0.258558 0.00900222 0.22961 0.849123 -0.475678
-0.0195977 -0.0822699 0.0872238 -0.0837932 -0.469675 -0.878854
-0.0499024 -0.0923816 0.139053 0.979908 -0.199028 0.0129339
-0.00678887 0.0481728 0.243861 0.0837702 0.469681 0.878853
-0.0295421 0.0135193 0.0369806 -0.0837921 -0.469675 -0.878854
-0.0847009 -0.358714 0.215282 0.0837949 0.469675 0.878854
0.0383645 0.314764 -0.439833 -0.969669 0.241653 -0.0366896
0.0747815 0.145842 0.183888 0.0837954 0.469674 0.878854
-0.0848665 -0.203252 0.38334 -0.22961 -0.849123 0.475678
0.0973552 0.40458 -0.28193 0.22961 0.849123 -0.475678
-0.0389816 -0.191937 0.119255 0.22961 0.849123 -0.475678
0.0324768 0.347701 -0.0672867 -0.969669 0.241653 -0.0366901
0.0706762 0.271168 -0.0355376 0.16739 0.54716 -0.82012
0.0476065 0.0267297 0.0786477 0.979572 -0.200617 0.0138153
-0.0873066 -0.0874335 0.23249 -0.969669 0.241653 -0.0366897
-0.00937626 0.0308327 0.253374 0.0837972 0.469674 0.878854
0.0410812 0.382166 -0.0676968 -0.969669 0.241653 -0.0366896
0.0509039 0.184953 -0.372654 -0.0837949 -0.469674 -0.878854
0.0171115 -0.0998635 0.116524 0.969669 -0.241653 0.0366892
-0.0442551 -0.189231 0.302195 -0.872025 0.39654 0.286928
0.136074 0.304333 -0.365316 0.969669 -0.241653 0.0366896
-0.0468887 0.0585201 0.125595 -0.969669 0.241653 -0.0366896
0.00593787 -0.124451 0.249888 0.969669 -0.241653 0.0366896
-0.112591 -0.455771 -0.014651 -0.0837949 -0.469674 -0.878854
0.0943894 0.377561 -0.067588 0.22961 0.849123 -0.475678
