ply
format ascii 1.0
comment Created by Open3D
element vertex 128
property double x
property double y
property double z
property double nx
property double ny
property double nz
end_header
0.254661 0.0953543 0.278886 0.197827 -0.934129 -0.297099
0.226554 -0.136507 0.238149 0.72535 -0.0643688 0.685365
0.14602 0.10514 0.253975 -0.300315 -0.687687 -0.660983
-0.192238 0.0142942 -0.285945 -0.72535 0.0643687 -0.685365
-0.146913 -0.165222 -0.0835196 0.285127 -0.934984 -0.21097
0.0336581 0.134338 0.0381049 -0.197825 0.934129 0.297099
-0.108593 0.0977243 -0.163121 0.659343 0.351083 -0.664837
-0.336744 -0.112282 -0.352009 0.897566 0.0507941 0.437945
0.237115 0.117995 0.294685 -0.197825 0.934129 0.297099
0.206058 -0.00455298 0.326398 0.197825 -0.934129 -0.297101
0.153557 0.127274 0.206795 0.416274 -0.906838 -0.066043
-0.0990341 -0.0512126 -0.192517 -0.58404 0.79603 -0.158852
-0.343824 0.0989315 -0.128193 -0.659343 -0.351083 0.664837
-0.0846402 0.116024 0.0169165 -0.197825 0.934129 0.297099
-0.305534 0.0479242 -0.117155 -0.659343 -0.351083 0.664837
-0.356606 0.0791675 -0.151307 -0.659343 -0.351083 0.664837
0.0172778 0.0463797 0.0230945 -0.72535 0.0643688 -0.685365
-0.242953 0.121987 -0.160143 -0.197825 0.934129 0.297099
-0.00334103 -0.0406709 -0.046942 0.750794 -0.354139 0.557579
0.278359 -0.00664507 0.333216 0.197826 -0.93413 -0.297096
-0.276491 0.0860003 -0.279625 0.197825 -0.934129 -0.2971
-0.171755 0.0792298 -0.235528 0.659343 0.351083 -0.664837
0.112745 0.0496878 0.298599 -0.659343 -0.351082 0.664838
0.119948 0.0362574 0.092063 -0.72535 0.0643688 -0.685365
-0.319632 0.0501044 -0.195488 0.197825 -0.934129 -0.297099
-0.0862409 -0.140309 -0.0908831 0.44562 -0.894702 -0.0305306
0.205571 0.0835527 0.140964 0.65934 0.351084 -0.664839
-0.249222 0.106567 -0.0572884 -0.612493 -0.262007 -0.745791
0.0284202 0.0788561 0.0662648 0.72535 -0.0643688 0.685365
-0.266502 -0.00624619 -0.10764 0.533996 -0.841164 0.0853869
0.0557054 -0.136531 0.143693 -0.659342 -0.351084 0.664837
0.164334 0.107359 0.165682 0.67284 0.119048 0.730147
0.229264 0.0872605 0.287423 0.197825 -0.934129 -0.297099
-0.379526 0.133661 -0.315317 -0.72535 0.0643685 -0.685365
-0.3257 0.106309 -0.269759 -0.980131 -0.184039 -0.0739747
0.0912971 -0.00345778 -0.0183142 0.659343 0.351083 -0.664837
0.321492 0.0913254 0.312102 -0.197825 0.934129 0.297099
0.0520983 -0.00159362 0.118511 -0.197825 0.934129 0.297099
0.08606 0.00420575 0.248116 -0.659343 -0.351083 0.664837
-0.443184 0.117628 -0.216859 -0.659343 -0.351083 0.664836
-0.115279 0.148211 -0.106815 -0.197825 0.934129 0.297099
0.369705 -0.151217 0.283155 -0.979631 -0.199059 -0.0264162
0.0438703 0.0187181 0.0491688 -0.197825 0.934129 0.297099
0.388288 0.113962 0.285405 -0.197825 0.934129 0.297099
-0.00741688 -0.123531 0.0879575 -0.659343 -0.351082 0.664836
0.146992 0.123865 0.210118 0.476552 -0.879106 0.0083814
-0.151601 -0.154447 -0.123063 0.197825 -0.934129 -0.297099
0.363257 -0.152256 0.212869 0.197825 -0.934129 -0.297099
-0.292255 0.079121 -0.269109 0.31409 -0.910572 -0.268712
0.335661 0.121334 0.349804 -0.197825 0.93413 0.297098
0.108736 0.0595121 0.106113 -0.72535 0.0643688 -0.685365
-0.304862 0.108437 -0.134809 0.197825 -0.934129 -0.297099
-0.0303475 0.0932608 0.12464 -0.197825 0.934129 0.297099
0.241165 -0.0116943 0.165753 -0.567684 -0.347309 -0.746399
-0.169534 0.071771 -0.0294383 0.72535 -0.0643688 0.685365
-0.231302 0.136051 -0.196605 -0.197825 0.934129 0.297099
0.255813 -0.188068 0.253926 0.197824 -0.934132 -0.297092
0.218995 0.108059 0.215193 0.197825 -0.934129 -0.297099
-0.21006 0.109432 -0.158689 0.152971 0.803137 0.575822
-0.0729517 -0.00794598 0.0394371 0.72535 -0.0643688 0.685365
0.232919 0.00846363 0.245028 0.72535 -0.0643688 0.685365
0.347689 -0.158172 0.221106 0.197825 -0.934129 -0.297099
-0.282143 -0.060646 -0.197833 -0.72535 0.0643688 -0.685365
0.0746775 -0.151317 0.0631958 -0.113088 -0.827905 -0.549349
0.30932 0.0284174 0.286604 0.213978 -0.816103 -0.536833
-0.148453 0.161968 -0.168726 -0.659343 -0.351084 0.664836
0.180656 0.0399995 0.0932548 0.659343 0.351083 -0.664836
-0.357108 -0.122045 -0.361778 0.197825 -0.934129 -0.297099
-0.317777 0.152829 -0.306935 -0.197825 0.934129 0.297099
0.216934 -0.105875 0.0522009 0.659341 0.351085 -0.664837
0.268681 0.125509 0.225708 0.659344 0.351079 -0.664837
-0.275109 0.104823 -0.127586 -0.197825 0.934129 0.297099
-0.161193 -0.163058 -0.0854212 -0.659342 -0.351082 0.664838
0.162405 0.123392 0.224951 -0.0463583 -0.86361 -0.502025
-0.198706 0.0771301 -0.263365 0.659343 0.351083 -0.664837
-0.0619691 -0.119283 -0.0518451 0.623573 -0.749376 0.222695
-0.245943 -0.140864 -0.157751 -0.659344 -0.351081 0.664836
0.29185 -0.126482 0.216015 -0.197825 0.934129 0.297099
-0.108566 -0.0730432 -0.253272 0.659343 0.351083 -0.664837
-0.179943 -0.133415 -0.208062 0.197825 -0.934129 -0.297099
-0.271947 0.120233 -0.173933 -0.197825 0.934129 0.297099
-0.322012 0.0588856 -0.255559 0.581635 -0.753065 0.30756
-0.2502 0.113124 -0.295426 0.659343 0.351082 -0.664837
0.183818 -0.0914087 0.224205 -0.751434 0.336838 -0.56735
0.195832 0.0148545 0.157681 0.0314586 -0.896385 -0.442159
0.241334 -0.0839126 0.115123 -0.478646 0.877938 -0.0110751
0.298642 -0.0111852 0.412423 0.72535 -0.0643687 0.685365
-0.0509643 -0.118373 -0.0828774 0.579401 -0.800794 0.151735
-0.235396 0.14783 -0.0942926 0.0242887 0.873869 0.485555
-0.109233 -0.143955 -0.0238022 -0.659343 -0.351083 0.664836
-0.318848 -0.135167 -0.295045 0.197825 -0.934129 -0.297099
-0.37552 -0.100608 -0.34156 -0.725349 0.0643691 -0.685365
0.089735 -0.0554954 -0.0350187 -0.53361 -0.404424 -0.742766
0.249039 0.0337859 0.230346 0.72535 -0.0643688 0.685365
-0.141476 0.0712507 -0.209713 0.659342 0.351083 -0.664838
-0.251825 0.097295 -0.127311 0.395583 0.589984 0.70387
-0.254027 0.142735 -0.0864104 -0.161663 0.929796 0.330673
-0.274459 0.0589802 -0.0804986 -0.659347 -0.351081 0.664834
0.0586298 0.0392082 0.157236 -0.72535 0.0643688 -0.685365
0.431626 -0.138866 0.259689 0.725349 -0.0643687 0.685365
-0.102127 0.036173 -0.102926 -0.197825 0.934129 0.297099
0.174037 -0.0708742 0.240103 -0.702045 -0.0289722 -0.711543
0.147888 0.0686678 0.204411 0.120128 0.823723 0.554121
-0.129877 -1.87081e-06 -0.00766303 -0.197825 0.934129 0.297099
-0.0467748 0.093868 0.111793 -0.197825 0.934129 0.297099
-0.173677 0.0433703 -0.181702 0.386884 -0.916649 -0.100371
0.281872 -0.0058195 0.430675 0.72535 -0.0643687 0.685365
-0.063107 0.0645351 0.13204 -0.659343 -0.351083 0.664837
-0.427073 0.0458381 -0.253614 0.197825 -0.93413 -0.297097
-0.280608 0.168256 -0.330691 -0.197825 0.934129 0.297099
0.124704 0.0575226 0.311303 0.197825 -0.934129 -0.297099
-0.281033 0.110091 -0.105586 0.74636 -0.199055 0.635078
-0.13979 0.121546 -0.0562432 0.72535 -0.0643688 0.685365
0.289943 -0.168469 0.215029 0.197825 -0.934129 -0.297099
-0.257568 -0.0364081 -0.162052 0.741442 -0.157059 0.652377
-0.203934 0.156215 -0.241779 -0.197825 0.934129 0.297099
-0.164196 0.167128 -0.143151 0.412137 0.570805 0.710158
-0.362785 0.0493798 -0.221943 0.197824 -0.93413 -0.297098
0.209154 0.0147374 0.375755 -0.659343 -0.351083 0.664836
0.214775 -0.0835665 0.255587 0.72535 -0.0643688 0.685365
0.320261 0.102031 0.256536 0.197825 -0.934129 -0.297099
-0.0343159 -0.0324916 0.0702906 -0.72535 0.0643688 -0.685365
-0.075111 0.0909668 -0.000900402 -0.725349 0.0643664 -0.685365
-0.011987 -0.0710794 0.111123 -0.659343 -0.351083 0.664837
0.309052 -0.144843 0.15347 0.197822 -0.93413 -0.297098
-0.337634 0.145772 -0.244484 -0.897565 -0.0507939 -0.437945
0.219061 0.0736297 0.299536 -0.197825 0.934129 0.297099
0.171783 -0.106322 0.00718666 0.659343 0.351083 -0.664837
