ply
format ascii 1.0
comment Created by Open3D
element vertex 512
property double x
property double y
property double z
property double nx
property double ny
property double nz
end_header
0.18518 0.00118806 0.182463 -0.118005 -0.824992 -0.552687
0.0573431 -0.170735 0.0965573 -0.0764803 -0.84837 -0.52385
0.073179 0.0917811 0.280258 -0.492487 0.869834 -0.0290813
0.132694 -0.122334 0.00757258 -0.113088 -0.827905 -0.549349
0.0422354 0.0954623 0.0532032 0.72535 -0.0643713 0.685364
-0.355149 0.0472655 -0.258113 0.197826 -0.93413 -0.297098
0.202321 0.114078 0.209472 -0.673164 -0.118149 -0.729994
-0.350815 0.126259 -0.122774 -0.197825 0.934129 0.297099
0.279145 -0.0382802 0.191714 0.72535 -0.0643688 0.685365
-0.0523664 0.06997 0.145562 -0.659343 -0.351083 0.664837
0.217403 -0.0145384 0.259289 0.72535 -0.0643688 0.685365
-0.0508712 0.0820139 0.108403 0.147997 -0.957755 -0.246583
0.022831 -0.0328681 0.0125487 -0.680849 -0.0962827 -0.726068
-0.0973893 0.0994705 0.0604759 -0.197825 0.934129 0.297099
-0.0363878 0.0337058 -0.0513956 -0.197825 0.934129 0.297099
0.0263053 0.0462045 0.211034 -0.659343 -0.351083 0.664837
0.186685 0.117391 0.220529 -0.49019 -0.469747 -0.734201
-0.350577 -0.0752597 -0.35766 -0.536095 0.841335 -0.0689828
-0.0810148 0.0477011 -0.125114 -0.197825 0.934129 0.297099
-0.33621 0.039488 -0.173147 0.197826 -0.934129 -0.297099
0.183521 -0.0277364 0.293908 0.72535 -0.0643688 0.685365
0.164324 -0.0838693 0.102013 0.364856 0.62376 0.691233
-0.149608 -0.108433 -0.266412 0.197825 -0.934129 -0.297099
-0.0242797 0.101578 0.10253 -0.197825 0.934129 0.297099
0.207218 0.0815611 0.141546 0.659346 0.351081 -0.664834
0.330871 0.00022498 0.349739 -0.8017 0.0202177 -0.597384
0.203308 -0.108951 0.265339 0.72535 -0.0643688 0.685365
0.184303 0.116763 0.263395 -0.197825 0.934129 0.297099
0.0894194 0.0382449 0.018102 -0.197825 0.934129 0.297099
-0.134966 -0.054683 -0.12649 -0.73935 0.4633 -0.488584
-0.102291 -0.0743681 -0.247748 0.659343 0.351083 -0.664837
-0.0811833 -0.0415058 0.0449675 0.729986 -0.0872743 0.677867
-0.29164 -0.066739 -0.188354 -0.72535 0.0643688 -0.685365
0.0309386 0.131112 0.046438 -0.197825 0.934129 0.297099
-0.321062 0.188877 -0.299845 -0.197825 0.934129 0.297099
0.0963754 0.0502388 0.118324 -0.72535 0.0643688 -0.685365
-0.10403 0.0857499 0.0292159 -0.72535 0.0643714 -0.685364
-0.248229 -0.130922 -0.261371 0.197825 -0.934129 -0.297099
-0.29569 -0.0900852 -0.42137 0.197825 -0.934129 -0.297099
-0.137104 0.145121 -0.111634 -0.197825 0.934129 0.297099
0.00677 0.108787 -0.0428696 0.659343 0.351083 -0.664837
-0.188646 -0.157477 -0.138203 0.197825 -0.934129 -0.297099
0.334206 0.0128835 0.32676 -0.940835 -0.266011 0.209923
-0.0529192 0.120576 0.0237286 -0.197825 0.934129 0.297099
-0.181424 -0.112771 -0.0789297 -0.659344 -0.351084 0.664835
0.228376 0.135231 0.234673 -0.197825 0.934129 0.297099
0.181594 0.00585807 0.343733 -0.659343 -0.351083 0.664836
0.352527 0.131018 0.330585 -0.197825 0.934129 0.297099
-0.297548 -0.129725 -0.297974 0.197828 -0.934128 -0.2971
-0.18966 0.0311836 -0.200446 0.648082 -0.713657 0.265863
-0.0652962 -0.0466579 -0.196426 0.659343 0.351083 -0.664836
0.155972 0.0498765 0.332212 -0.197825 0.934129 0.297099
0.271313 0.00274522 0.317514 -0.445319 -0.754169 -0.482617
0.277525 0.0894617 0.331686 0.389995 -0.203063 0.898148
-0.280549 -0.149292 -0.242976 0.659343 0.351082 -0.664837
0.177531 -0.0622715 0.297004 0.72535 -0.0643688 0.685365
0.308236 0.0223064 0.405414 0.72535 -0.064366 0.685364
0.0434674 -0.0401445 0.182456 -0.659343 -0.351083 0.664836
0.301982 0.1112 0.215535 0.197825 -0.934129 -0.297099
0.205414 -0.112221 0.0374245 0.659343 0.351083 -0.664836
-0.142809 -0.0725687 -0.0194044 -0.659343 -0.351082 0.664837
-0.0070307 -0.0633412 0.0452359 -0.646313 -0.187106 -0.739778
-0.393983 0.124594 -0.244953 0.197824 -0.934128 -0.297104
-0.116143 0.0771107 -0.0854429 0.72535 -0.0643688 0.685365
0.181227 0.0966125 0.324702 -0.197825 0.934129 0.297099
-0.335359 0.148727 -0.183127 -0.197835 0.934126 0.297101
-0.282294 -0.0132646 -0.193224 -0.72535 0.0643688 -0.685365
0.270899 -0.0604677 0.198358 0.72535 -0.0643688 0.685365
-0.114731 -0.148334 -0.114869 0.285127 -0.934984 -0.210969
-0.358303 0.0999997 -0.167817 -0.197825 0.934129 0.297099
-0.362138 0.102508 -0.154305 0.197825 -0.934129 -0.297099
-0.0248177 -0.0939552 0.0863186 -0.659343 -0.351083 0.664837
-0.41059 0.0429141 -0.233445 0.197825 -0.934129 -0.297099
-0.407491 0.126799 -0.176618 -0.659343 -0.351083 0.664836
-0.333823 -0.113751 -0.372351 0.197825 -0.934129 -0.297099
-0.324659 0.100734 -0.277622 -0.963553 -0.240993 0.116136
0.281283 0.126062 0.29873 -0.197825 0.934129 0.297099
0.133946 -0.0875962 0.122673 0.458751 0.512722 0.725716
0.0489552 0.00496632 0.164259 -0.72535 0.0643688 -0.685365
0.262756 -0.079322 0.111666 0.659343 0.35108 -0.664838
-0.0490668 0.0577166 0.125477 0.648665 0.397199 -0.649205
0.350988 -0.192383 0.340005 0.72535 -0.0643693 0.685365
-0.326 -0.103557 -0.267462 -0.197824 0.93413 0.297098
0.262247 -0.138048 0.23267 -0.197825 0.934129 0.297099
0.160327 0.130242 0.205523 0.351842 -0.925557 -0.139827
0.310416 0.120636 0.212569 -0.197825 0.934129 0.297099
0.00106686 0.00930749 -0.0372793 0.72535 -0.0643688 0.685365
-0.33313 0.14097 -0.157253 -0.197825 0.934129 0.297099
-0.135032 -0.128742 -0.0413552 -0.659343 -0.351083 0.664836
-0.0961849 -0.145481 -0.0844489 0.445619 -0.894702 -0.030531
-0.0167598 0.00732317 -0.018599 0.72535 -0.0643688 0.685365
0.057483 0.00908353 0.0885255 -0.197825 0.934129 0.297099
0.353575 0.103122 0.275287 0.197825 -0.934129 -0.297099
-0.304446 0.174954 -0.370089 0.659343 0.351082 -0.664837
0.215194 0.0929258 0.236291 -0.197825 0.934129 0.297099
-0.340587 0.172398 -0.352891 -0.72535 0.0643696 -0.685364
0.191108 -0.0894049 0.215602 -0.749265 0.379989 -0.542412
0.147722 -0.186813 0.208397 -0.659343 -0.351083 0.664836
-0.00144316 -0.135679 0.0784143 -0.420028 -0.561406 -0.713021
0.0293732 -0.0082815 0.185304 -0.659343 -0.351083 0.664837
-0.246689 0.0783127 -0.0949312 -0.322664 0.930837 0.171552
-0.280655 -0.127967 -0.185365 -0.659343 -0.351082 0.664836
0.250649 0.104536 0.346014 -0.197825 0.93413 0.297098
0.220401 0.0534453 0.363892 -0.197825 0.934129 0.297099
0.0160621 -0.0547967 0.147539 -0.659344 -0.351082 0.664836
-0.231065 -0.144769 -0.145058 -0.659343 -0.351082 0.664837
0.210764 -0.099333 0.133089 -0.386883 0.91665 0.100372
-0.381938 0.131564 -0.160178 -0.197825 0.934129 0.297099
-0.413945 0.142109 -0.214644 -0.197825 0.934129 0.297099
-0.120993 0.0167985 0.0406927 -0.725346 0.0643695 -0.685368
-0.344443 0.144743 -0.299269 -0.197825 0.934129 0.297099
0.236302 0.0490327 0.412304 0.197825 -0.934129 -0.297099
0.295857 -0.0900705 0.169164 0.72535 -0.0643688 0.685365
0.15458 -0.149409 0.065081 0.179964 -0.932268 -0.313829
-0.150184 -0.0755148 -0.130566 -0.648083 0.713655 -0.265866
0.148245 -0.00337157 0.18844 0.179681 -0.932234 -0.314092
-0.188052 -0.0237175 -0.0384764 -0.659343 -0.351082 0.664837
-0.0908581 -0.105316 -0.237093 0.197825 -0.934129 -0.297099
0.321283 0.0785695 0.35207 -0.197823 0.934129 0.297101
-0.2982 -0.0901774 -0.360001 -0.459968 -0.35611 0.813397
0.339199 0.097599 0.304167 -0.197825 0.934129 0.297099
0.101733 -0.110162 0.00213656 -0.290303 -0.696816 -0.655874
0.104685 -0.00857611 -0.00773984 0.659343 0.351081 -0.664837
0.170474 -0.121619 0.188547 -0.478647 0.877937 -0.011077
-0.00573008 0.116841 0.0668925 -0.197825 0.934129 0.297099
-0.384586 0.10609 -0.258086 0.908761 0.288388 -0.301639
0.0907786 -0.131676 0.18104 -0.659343 -0.351082 0.664836
0.287678 0.0215587 0.290579 0.0613211 -0.794363 -0.60434
-0.136956 0.170914 -0.172346 0.549311 0.378821 0.744817
0.00972977 -0.010445 0.0257459 -0.72535 0.0643688 -0.685365
0.25003 -0.178688 0.314151 -0.659343 -0.351083 0.664836
0.31487 -0.17885 0.276342 0.979631 0.199059 0.0264162
0.140545 0.0952502 0.265441 -0.461139 -0.509573 -0.72642
0.261375 0.0722809 0.331952 -0.197825 0.934129 0.297099
-0.171708 0.00565878 -0.103524 -0.331627 -0.657802 -0.676255
0.328507 -0.176207 0.365317 0.725349 -0.0643692 0.685365
-0.373311 0.0627805 -0.176527 -0.659343 -0.351083 0.664836
0.229916 -0.094641 0.0710079 0.659344 0.351082 -0.664836
-0.125493 -0.143902 -0.0399001 -0.659343 -0.351083 0.664836
-0.158038 0.129399 -0.157351 -0.698487 0.613216 -0.368893
0.279504 0.0016932 0.311768 -0.507011 -0.562585 -0.653022
0.357486 0.125853 0.31396 0.659343 0.351082 -0.664837
-0.269671 0.165697 -0.286974 0.659343 0.351083 -0.664837
0.284993 -0.00462702 0.188687 0.72535 -0.0643688 0.685365
-0.236335 -0.000367422 -0.0740298 -0.659343 -0.351083 0.664837
-0.10514 0.0451642 0.0265783 -0.72535 0.0643688 -0.685365
-0.346834 0.117612 -0.296058 -0.325807 -0.348516 0.878855
-0.234804 -0.124907 -0.271343 0.197825 -0.934129 -0.297099
-0.0357681 -0.00691708 -0.146156 0.659343 0.351082 -0.664837
-0.332955 0.102309 -0.1582 -0.197825 0.934129 0.297099
-0.322108 0.122524 -0.214536 -0.197825 0.934129 0.297099
0.230575 0.0523595 0.416866 -0.659343 -0.351083 0.664836
-0.078301 -0.088892 -0.231627 0.659343 0.351083 -0.664837
-0.179331 0.108779 -0.0254858 -0.197825 0.934129 0.297099
0.0142335 -0.0365064 -0.0680233 0.747942 -0.396241 0.532518
-0.250966 -0.0349641 -0.169121 0.734309 -0.110852 0.669703
0.0873315 0.113347 0.13771 -0.197825 0.934129 0.297099
-0.105194 0.0874351 0.04437 -0.224263 -0.963398 0.146865
-0.100879 0.0674116 0.0241588 -0.725349 0.0643705 -0.685365
-0.393031 -0.128518 -0.297103 -0.659343 -0.351083 0.664837
0.22532 -0.15425 0.127293 0.197826 -0.934129 -0.297097
0.252325 0.0779828 0.331949 0.197825 -0.934129 -0.297099
0.0197651 0.0904643 0.0765151 0.72535 -0.0643715 0.685364
-0.21682 0.168476 -0.166293 -0.197825 0.934129 0.297099
-0.0324208 0.0605303 0.0770215 -0.725349 0.0643706 -0.685365
-0.2673 0.178878 -0.232608 -0.197825 0.934129 0.297099
-0.154565 -0.0260673 -0.00650649 -0.659343 -0.351083 0.664836
-0.266097 0.126522 -0.304116 0.659343 0.351083 -0.664836
-0.259297 0.0714565 -0.222448 0.197825 -0.934129 -0.297099
-0.0870806 0.0469515 0.00763359 -0.72535 0.0643688 -0.685365
0.242382 -0.0948003 0.083287 0.659343 0.351083 -0.664837
-0.20735 0.134118 -0.241843 0.659343 0.351083 -0.664836
-0.0671041 -0.0809166 -0.216311 0.659343 0.351083 -0.664837
-0.429294 0.109259 -0.264938 -0.72535 0.0643685 -0.685365
-0.107942 0.0541304 -0.0962806 0.72535 -0.0643688 0.685365
-0.213856 0.109858 -0.0927643 -0.750004 0.24534 -0.614249
0.122112 -0.0235872 0.137367 0.722086 -0.542019 0.429893
-0.307908 0.179839 -0.26267 -0.197825 0.934129 0.297099
-0.344422 0.0953899 -0.35438 0.197826 -0.934129 -0.297098
0.306292 -0.000844489 0.362465 -0.0100369 0.301142 -0.953526
-0.438078 0.129272 -0.205647 -0.659343 -0.351083 0.664836
0.231405 -0.186403 0.23244 0.197825 -0.934129 -0.297099
0.125553 -0.0223468 0.133152 0.722086 -0.542019 0.429893
-0.0389653 0.0883755 0.086563 -0.725352 0.0643858 -0.685361
-0.0866021 -0.13306 -0.144545 0.285127 -0.934984 -0.210969
0.236772 0.100554 0.250626 0.197825 -0.934129 -0.297099
0.225807 -0.00430072 0.382217 -0.659343 -0.351083 0.664836
-0.278967 0.00593921 -0.11298 -0.659353 -0.351079 0.664829
0.0946023 0.0260652 0.0598481 -0.197825 0.934129 0.297099
-0.085076 -0.0270961 -0.175897 -0.745235 0.422162 -0.516144
-0.126659 -0.102337 -0.0191071 -0.659343 -0.351082 0.664837
-0.35758 -0.0798516 -0.358596 -0.725349 0.0643732 -0.685365
0.271034 -0.107666 0.193782 0.72535 -0.0643688 0.685365
-0.11438 0.0708615 -0.183046 0.659345 0.351083 -0.664835
-0.21407 -0.0665117 -0.309411 -0.197825 0.934129 0.2971
0.140615 0.109162 0.251059 -0.120879 -0.823271 -0.554628
-0.236176 0.160391 -0.297467 0.197825 -0.934129 -0.297099
0.265403 0.0374511 0.213371 0.72535 -0.0643688 0.685365
-0.428917 0.0954076 -0.214444 -0.659343 -0.351083 0.664837
0.310372 0.0261533 0.309493 -0.232145 -0.339113 0.911653
-0.195445 0.0640059 -0.0027454 0.72535 -0.0643688 0.685365
-0.175301 -0.0829334 -0.0571012 -0.659343 -0.35108 0.664838
-0.327225 0.0721917 -0.304312 -0.659348 -0.351082 0.664832
0.352878 -0.139615 0.259679 -0.459976 -0.35611 0.813393
-0.310771 0.0671613 -0.277505 0.812362 -0.574438 -0.100441
0.136117 0.0644843 0.297013 0.197825 -0.934129 -0.297099
-0.00982822 0.054667 0.104473 0.72535 -0.0643636 0.685365
0.153902 -0.0895349 -0.00168217 0.659343 0.351083 -0.664837
0.259897 0.0952247 0.349981 0.897562 0.0507911 0.437953
-0.286139 0.109594 -0.0995242 0.751675 -0.289182 0.592755
-0.0841938 -0.0339885 0.0488892 0.72535 -0.0643688 0.685365
0.125563 -0.161464 0.0844635 0.143929 -0.926863 -0.346712
-0.201518 0.0886169 0.00599398 0.72535 -0.0643688 0.685365
0.20605 -0.00374894 0.181476 -0.29758 -0.690201 -0.659598
0.240675 0.13971 0.151918 0.725349 -0.064369 0.685365
0.145327 -0.174181 0.131941 -0.234422 0.24921 -0.939649
0.301163 0.095229 0.310243 0.197825 -0.934129 -0.297099
-0.167373 0.0272577 -0.0359059 0.72535 -0.0643688 0.685365
0.175007 -0.0959044 0.015885 0.659343 0.351082 -0.664836
-0.0443601 0.125043 -0.030245 -0.725351 0.0643737 -0.685363
0.0491242 -0.137832 0.136479 -0.659343 -0.351083 0.664836
-0.123098 0.0799229 -0.0778173 0.72535 -0.0643688 0.685365
0.346304 -0.13326 0.321486 -0.197817 0.934131 0.297099
-0.181547 0.168582 -0.136524 0.208742 0.764029 0.61048
0.158895 0.127388 0.141215 -0.197825 0.934129 0.297099
-0.457214 0.113638 -0.234977 -0.725349 0.0643686 -0.685365
0.160028 -0.055997 0.022104 0.659343 0.351082 -0.664837
0.17644 0.117888 0.254622 -0.197825 0.934129 0.297099
-0.228227 -0.131066 -0.135007 -0.659343 -0.351082 0.664837
-0.187614 -0.0954175 -0.332641 0.197825 -0.934129 -0.297099
-0.124173 -0.0504847 0.0107395 -0.659344 -0.351081 0.664837
0.272982 -0.152985 0.286783 -0.197825 0.934128 0.297101
0.366371 -0.156233 0.227448 0.197825 -0.934129 -0.297099
-0.360697 0.131973 -0.14732 -0.197825 0.934129 0.297099
-0.103773 -0.0456531 -0.166947 -0.710751 0.579396 -0.398914
0.184969 0.0889664 0.166197 0.120132 0.82372 0.554124
0.14818 0.101968 0.0937708 0.659343 0.351083 -0.664836
0.170657 -0.125337 0.010075 0.0340908 -0.897328 -0.440046
0.183093 -0.0393297 0.293272 0.72535 -0.0643688 0.685365
-0.313099 0.116452 -0.165494 0.197825 -0.934129 -0.297099
-0.34403 0.123907 -0.115209 -0.659344 -0.35108 0.664837
0.166656 0.14156 0.186153 -0.492487 0.869834 -0.0290815
0.133718 0.0531822 0.265313 -0.665406 0.684147 -0.298628
0.0358515 -0.0154693 0.176208 -0.72535 0.0643688 -0.685365
0.271313 -0.0178535 0.152612 0.659343 0.351083 -0.664836
0.176585 0.124099 0.235189 -0.197825 0.934129 0.297099
-0.350176 0.150131 -0.296075 0.197828 -0.934129 -0.297098
-0.290737 -0.114482 -0.209634 -0.197825 0.934129 0.297099
0.384357 -0.15671 0.240923 0.197825 -0.934129 -0.297099
0.245506 -0.133177 0.0712862 0.535801 0.356849 -0.765229
-0.0282257 0.0901147 0.127273 0.725349 -0.0643684 0.685365
0.260784 -0.190803 0.265837 0.197826 -0.934128 -0.297102
0.246077 0.129691 0.263878 -0.197826 0.934129 0.297099
0.165448 -0.113683 0.264594 -0.659343 -0.351083 0.664836
-0.212273 0.151444 -0.253418 0.197825 -0.934129 -0.297099
-0.151009 -0.0509036 -0.283674 0.659341 0.351087 -0.664836
0.377164 -0.159125 0.243729 0.197825 -0.934129 -0.297099
-0.402933 0.155453 -0.24927 -0.197826 0.93413 0.297096
0.216077 -0.159254 0.268602 -0.197825 0.934128 0.297103
-0.0454524 0.0861667 0.0932212 -0.725348 0.0643606 -0.685367
0.301363 0.100236 0.294634 0.197825 -0.934129 -0.297099
0.254121 0.101752 0.234461 -0.197825 0.934129 0.297099
0.302621 -0.00511825 0.39217 0.194451 -0.95433 -0.22681
0.174332 0.107519 0.122639 0.659343 0.351083 -0.664836
-0.243611 -0.0234404 -0.174463 0.750166 -0.248183 0.612908
0.247231 -0.178579 0.218376 0.197825 -0.934129 -0.297099
-0.241552 0.160239 -0.255529 0.197825 -0.934129 -0.297099
-0.191909 0.14766 -0.219379 0.659343 0.351083 -0.664837
-0.0802339 -0.102494 0.0135578 0.728624 -0.516439 0.449886
-0.0746272 0.0252955 -0.167684 0.659343 0.351083 -0.664836
0.167921 -0.0928917 0.243681 -0.750165 0.24818 -0.61291
0.245606 0.0870151 0.299076 0.197825 -0.934129 -0.297099
-0.188689 0.125665 -0.117452 -0.741039 0.1541 -0.65354
0.427912 -0.153729 0.262224 0.72535 -0.0643693 0.685365
0.228699 0.0685349 0.345924 0.197826 -0.934128 -0.297101
-0.196579 -0.0185737 -0.0442163 -0.659344 -0.351082 0.664837
-0.189226 0.0132976 -0.287672 0.659343 0.351083 -0.664837
-0.00563818 -0.00889688 0.0421558 -0.72535 0.0643688 -0.685365
0.245352 0.0714738 0.323821 -0.197825 0.934129 0.297099
0.257224 -0.0377825 0.214961 0.72535 -0.0643688 0.685365
-0.175137 -0.0679571 -0.205586 0.154874 0.801889 0.577051
-0.193522 -0.127604 -0.235375 0.197825 -0.934129 -0.297099
0.145621 0.0513586 0.32066 -0.197825 0.934129 0.297099
-0.121825 -0.115005 -0.227249 0.197825 -0.934129 -0.297099
0.252822 -0.111344 0.212711 0.72535 -0.0643688 0.685365
0.116115 -0.0147527 0.000333831 0.659343 0.351082 -0.664837
0.213971 0.0797656 0.300806 0.197825 -0.934129 -0.297099
0.210159 0.0151325 0.156272 -0.0808519 -0.846039 -0.526955
0.219867 0.0598746 0.343321 -0.197825 0.93413 0.297098
0.0119356 -0.0314515 0.022882 -0.695679 -0.0504614 -0.716578
-0.305458 0.163681 -0.332855 -0.197825 0.934129 0.297099
-0.266336 0.129421 -0.110333 0.684066 -0.647047 0.336725
0.127907 0.11815 0.0913306 -0.72535 0.0643688 -0.685365
0.128716 -0.163265 0.0914092 0.179964 -0.932268 -0.313829
0.312416 0.128952 0.310374 -0.197825 0.934129 0.297099
0.154276 0.0283676 0.328528 -0.659343 -0.351083 0.664836
0.195627 -0.0540215 0.278627 0.72535 -0.0643688 0.685365
0.0320937 0.0550219 0.186805 -0.72535 0.0643688 -0.685365
-0.0439368 0.0200486 -0.140018 0.659343 0.351083 -0.664837
0.336621 0.00168781 0.348706 0.810978 -0.552433 0.192698
-0.0852469 0.0612433 -0.159233 0.659343 0.351083 -0.664837
0.0474692 0.093269 -0.00445458 -0.72535 0.0643688 -0.685365
0.248084 -0.156465 0.281144 -0.197825 0.934128 0.297101
0.169334 0.0722087 0.294844 0.197825 -0.934129 -0.297099
0.154002 -0.127264 0.177955 -0.28648 0.934884 0.209574
-0.0157078 -0.00272997 -0.124051 0.659343 0.351082 -0.664837
-0.0376814 0.098628 0.102882 -0.197825 0.934129 0.297099
-0.142791 -0.11545 -0.23981 0.197825 -0.934129 -0.297099
0.162588 0.0843447 0.098754 0.659343 0.351083 -0.664836
-0.0773354 0.0122498 -0.174657 -0.67177 -0.122001 -0.730644
0.21331 -0.0343319 0.197121 -0.613942 -0.259012 -0.745646
0.234506 -0.135112 0.229864 0.72535 -0.0643688 0.685365
-0.314334 0.162157 -0.35506 0.197825 -0.934129 -0.297099
0.202278 -0.199699 0.254849 0.197825 -0.934129 -0.297099
-0.0153588 0.0366259 0.0567191 -0.72535 0.0643688 -0.685365
0.216777 -0.0770506 0.188784 -0.745236 0.42215 -0.516152
0.14115 -0.0663356 0.106306 0.613948 0.258998 0.745646
0.403204 -0.13229 0.222982 0.659343 0.351083 -0.664836
-0.0713905 0.0439524 -0.106919 -0.197825 0.934129 0.297099
-0.279473 0.133292 -0.0869873 -0.520447 0.851292 -0.0666021
-0.215017 0.1171 -0.0754095 -0.197825 0.934129 0.297099
0.206322 0.0107692 0.370851 -0.659343 -0.351083 0.664836
0.0920496 -0.0645524 -0.0312562 -0.479125 -0.485253 -0.731415
-0.101236 0.097685 0.0635281 -0.197825 0.934129 0.297099
0.148819 -0.186402 0.177447 0.197825 -0.934129 -0.297099
-0.0886532 -0.0762119 -0.235197 0.659343 0.351083 -0.664837
-0.370477 0.132758 -0.1563 -0.197825 0.934129 0.297099
0.128738 0.085751 0.323902 -0.197825 0.934129 0.297099
-0.238501 0.142626 -0.19812 0.197825 -0.934129 -0.297099
0.370489 -0.113196 0.226605 -0.197825 0.934129 0.297099
0.217091 -0.123663 0.042963 0.659343 0.351083 -0.664837
-0.279412 0.0672079 -0.222483 0.197825 -0.934129 -0.297099
0.00304839 -0.0890317 -0.151023 0.659343 0.351083 -0.664836
0.0149746 0.0601096 0.0268215 -0.72535 0.0643688 -0.685365
-0.0871627 -0.116224 0.0078878 0.706944 -0.590507 0.389271
0.23224 0.0820103 0.166597 0.659343 0.351083 -0.664836
0.354162 0.100986 0.282395 0.197825 -0.934129 -0.297099
0.310437 0.0944609 0.294883 -0.197825 0.934129 0.297099
-0.0671624 0.104858 -0.00800807 -0.725349 0.0643668 -0.685365
0.323763 0.0101151 0.35822 -0.637744 0.10752 -0.762707
0.105114 0.10269 0.183059 -0.197825 0.934129 0.297099
-0.159774 0.0495323 -0.221711 0.58404 -0.796029 0.158853
-0.244871 -0.108038 -0.139354 -0.659343 -0.351082 0.664836
0.319693 0.0746566 0.387265 0.197825 -0.934129 -0.297099
-0.425924 0.111778 -0.249876 -0.197825 0.93413 0.297098
-0.139873 0.158031 -0.154069 -0.197825 0.934129 0.297099
-0.424204 0.110402 -0.244404 -0.197824 0.934129 0.297102
-0.287505 -0.0993304 -0.255121 -0.197826 0.934129 0.297099
-0.324666 0.15848 -0.305341 0.197825 -0.934129 -0.297099
0.287721 -0.179028 0.35135 -0.659343 -0.351083 0.664836
0.130609 0.0278439 0.30478 -0.659342 -0.351081 0.664838
0.132478 0.0675928 0.210943 0.299601 0.688345 0.660622
0.263574 0.0734584 0.36821 0.889319 0.298512 -0.346413
-0.0302529 -0.067111 -0.172474 0.659343 0.351083 -0.664836
0.129714 -0.159106 0.0798832 0.143929 -0.926863 -0.346712
-0.344283 -0.0772123 -0.372421 -0.725349 0.0643709 -0.685365
-0.336687 0.160255 -0.220256 -0.197825 0.934129 0.297099
-0.192092 -0.0322595 -0.225039 0.59155 0.303534 0.746951
-0.000230698 0.119696 -0.0440515 0.659343 0.351083 -0.664837
-0.267097 0.168567 -0.336421 0.659343 0.351083 -0.664836
-0.0537456 0.0933607 0.108747 -0.197825 0.934129 0.297099
-0.327544 0.0639498 -0.260988 -0.674045 0.0904268 -0.733134
-0.14079 0.161588 -0.214843 0.659343 0.351083 -0.664836
0.219488 -0.131809 0.0528523 0.197827 -0.934129 -0.2971
-0.241606 0.153545 -0.12133 -0.463905 0.885851 0.00772323
0.15688 0.131419 0.176674 -0.690035 0.633689 -0.349699
-0.298817 0.142075 -0.328353 0.659343 0.351083 -0.664836
0.310373 0.062968 0.234029 0.659343 0.351083 -0.664836
-0.443513 0.0486469 -0.253612 -0.659343 -0.351083 0.664837
-0.390305 0.0701653 -0.189481 -0.659343 -0.351083 0.664837
-0.389667 0.129903 -0.25063 0.908761 0.288388 -0.301639
-0.26814 0.153002 -0.151811 -0.197825 0.934129 0.297099
0.212108 -0.00887261 0.18304 -0.397162 -0.588185 -0.704486
-0.347926 0.042841 -0.161881 -0.659343 -0.351083 0.664837
0.289182 -0.167381 0.2111 0.197825 -0.934129 -0.297099
-0.271017 0.120885 -0.0462385 0.208742 0.764029 0.61048
0.347963 0.0979861 0.332737 0.197824 -0.934127 -0.297106
-0.348502 0.144236 -0.300377 -0.197832 0.934129 0.297096
0.164242 -0.0568312 0.245198 -0.591556 -0.303523 -0.746951
-0.110897 -0.0612344 -0.249348 0.659343 0.351083 -0.664837
0.332934 0.114878 0.368285 -0.197819 0.934128 0.297108
0.0857236 0.0440667 0.129018 -0.72535 0.0643688 -0.685365
-0.241504 0.145121 -0.231915 -0.197825 0.934129 0.297099
-0.123443 0.0611312 0.0526407 0.590142 0.570725 -0.570969
-0.404676 0.136854 -0.191952 -0.197825 0.934129 0.297099
-0.337484 0.0510185 -0.210248 0.197825 -0.934129 -0.297099
-0.415049 0.0491951 -0.256163 0.197825 -0.934129 -0.297098
-0.274934 0.0187813 -0.198003 -0.72535 0.0643687 -0.685365
-0.0422231 -0.0655043 -0.183496 0.659343 0.351082 -0.664837
-0.171363 0.186912 -0.170217 -0.161663 0.929796 0.330673
0.16542 0.0993695 0.167237 0.569193 0.344641 0.746486
0.366019 -0.148598 0.296394 -0.897562 -0.0507902 -0.437953
-0.0252104 0.0527949 -0.103973 -0.197825 0.934129 0.297099
-0.270157 0.0691742 -0.0831092 -0.108095 0.919356 0.378285
-0.277187 0.127352 -0.0838527 0.480877 -0.876677 0.0139539
0.0225417 0.0269756 -0.0583477 0.72535 -0.0643688 0.685365
-0.0455126 0.0111951 0.0121949 0.72535 -0.0643688 0.685365
-0.246127 -0.153115 -0.164403 -0.659343 -0.351082 0.664837
-0.293457 -0.108021 -0.313725 -0.599837 0.124355 -0.790399
-0.113566 -0.00441026 0.0455903 -0.659343 -0.351083 0.664837
0.315068 0.0659698 0.24027 0.659343 0.351083 -0.664836
-0.156085 0.047759 -0.174902 0.215847 -0.935444 -0.27992
0.157203 -0.110354 -0.0094023 0.659343 0.351082 -0.664836
-0.0223051 -0.0700876 -0.0432695 0.736844 -0.477492 0.478605
-0.220273 0.137403 -0.167866 0.724507 -0.0604189 0.686615
-0.329157 0.0950238 -0.132764 -0.197825 0.934129 0.297099
-0.452725 0.132864 -0.218276 -0.659343 -0.351083 0.664836
-0.120292 -0.112868 -0.232946 0.197825 -0.934129 -0.297099
0.0874712 0.0461043 0.253879 0.366795 0.621696 0.692066
0.142801 -0.141065 0.0400064 0.0709054 -0.909372 -0.409896
0.296121 -0.0776499 0.170051 0.72535 -0.0643688 0.685365
0.386464 -0.174637 0.298692 0.197825 -0.934129 -0.297099
0.174585 -0.155515 0.251566 -0.659343 -0.351083 0.664836
0.12401 0.0992328 0.279731 0.279913 0.706079 0.650462
0.324676 -0.187212 0.29709 0.197829 -0.934129 -0.297098
-0.0465403 -0.0323699 0.0832397 -0.72535 0.0643688 -0.685365
0.178977 -0.183741 0.241016 -0.659343 -0.351083 0.664836
-0.347855 -0.126548 -0.34146 0.197825 -0.934129 -0.297098
0.34111 0.0459459 0.372844 0.725349 -0.0643686 0.685365
-0.331858 -0.126446 -0.325145 0.78999 0.331368 -0.515859
-0.110365 -0.0645068 -0.250549 0.659343 0.351083 -0.664837
-0.0558151 0.0838144 -0.0219938 -0.72535 0.0643688 -0.685365
0.190378 0.00234534 0.289476 0.72535 -0.0643688 0.685365
-0.123158 0.0937916 0.0611732 -0.197825 0.934129 0.297099
-0.216152 -0.00491445 -0.0564145 -0.659345 -0.351074 0.664839
-0.178245 0.0410765 -0.179016 0.418538 -0.905987 -0.0633486
0.265399 -0.0283343 0.207197 0.72535 -0.0643688 0.685365
-0.074469 -0.133267 -0.11629 0.415369 -0.907174 -0.0671175
0.103575 0.0629693 0.1119 -0.72535 0.0643688 -0.685365
0.157473 0.0580008 0.307668 -0.197825 0.934129 0.297099
-0.190618 0.14614 -0.218901 0.659343 0.351083 -0.664837
0.0360052 -0.16848 0.0973393 -0.14942 -0.805448 -0.573522
-0.184477 0.138402 -0.113208 0.643941 0.192737 0.7404
-0.37058 0.059304 -0.306239 0.197823 -0.934129 -0.297099
0.273354 0.11748 0.197813 -0.197825 0.934129 0.297099
0.174422 -0.163634 0.0989557 0.197824 -0.934131 -0.297095
0.0875696 -0.0304582 0.227533 0.354268 -0.925033 -0.137145
0.246562 0.0693348 0.174108 0.659343 0.351083 -0.664836
0.249986 0.0868463 0.302523 0.197825 -0.934129 -0.297099
0.0444908 0.0122862 0.211158 -0.659343 -0.351083 0.664837
0.254469 -0.0468105 0.156412 -0.750166 0.248183 -0.612908
-0.2797 0.112949 -0.324775 0.659343 0.351082 -0.664837
-0.0219507 -0.0321528 0.121798 -0.659343 -0.351083 0.664837
0.319069 0.0719993 0.367033 -0.897566 -0.0507937 -0.437945
0.372784 0.106851 0.321393 0.197825 -0.934129 -0.297099
-0.31373 0.164367 -0.217901 -0.197825 0.934129 0.297099
0.0129851 -0.119725 0.0574828 -0.45012 -0.52396 -0.72309
-0.30369 -0.0615176 -0.17312 -0.659343 -0.351083 0.664837
-0.241467 -0.0282019 -0.178375 0.741442 -0.157059 0.652377
0.351385 0.118529 0.304043 0.659343 0.351082 -0.664837
-0.406522 0.0802256 -0.291765 -0.725352 0.0643592 -0.685363
0.0998897 -0.0436877 -0.031037 0.659343 0.351082 -0.664837
0.0685297 0.00834481 0.232917 -0.659343 -0.351082 0.664836
0.223441 0.109299 0.214252 0.197825 -0.934129 -0.297099
-0.208834 0.166609 -0.226158 0.659343 0.351086 -0.664835
0.159164 0.0226557 0.0627816 0.659343 0.351083 -0.664836
0.300221 0.131916 0.292934 -0.197825 0.934129 0.297099
-0.0742149 0.0692699 -0.130553 0.72535 -0.0643688 0.685365
0.155087 -0.179158 0.134892 0.197825 -0.934129 -0.297099
0.147702 0.116033 0.100725 0.659343 0.351083 -0.664836
-0.136292 -0.099829 -0.284597 0.197825 -0.934129 -0.297099
-0.209591 -0.0889961 -0.167009 0.118009 0.82499 0.552689
0.22779 -0.16249 0.286575 -0.19782 0.934133 0.29709
0.0411746 0.0769536 0.0525876 0.72535 -0.0643688 0.685365
0.322382 -0.162186 0.348604 -0.197827 0.934129 0.297098
-0.333702 -0.130188 -0.239147 -0.659343 -0.351082 0.664837
0.315071 -0.209398 0.362436 -0.659343 -0.351083 0.664837
0.308075 -0.00482949 0.395196 0.197825 -0.934129 -0.297099
-0.138501 -0.0440558 -0.267653 0.659344 0.351081 -0.664837
0.134637 0.132009 0.0962044 0.659343 0.351083 -0.664836
-0.272056 0.165784 -0.289293 0.659342 0.351089 -0.664834
0.247128 0.0417809 0.418363 -0.197825 0.934129 0.297099
0.111462 0.0960698 0.208101 -0.197825 0.934129 0.297099
-0.215572 -0.158505 -0.1529 0.197825 -0.934129 -0.297099
0.132658 0.0687747 0.20965 0.333631 0.655819 0.677195
-0.274479 0.0222512 -0.0999145 -0.659346 -0.351081 0.664834
0.14031 0.0980264 0.293011 -0.197825 0.934129 0.297099
0.378925 0.114912 0.276184 -0.197825 0.934129 0.297099
0.191522 -0.200331 0.225724 0.197825 -0.934129 -0.297099
-0.286363 0.155447 -0.270301 0.197825 -0.934129 -0.297099
0.344393 -0.128383 0.166721 0.659343 0.351083 -0.664837
0.304972 0.0925318 0.297309 -0.197825 0.934129 0.297099
0.270279 0.0489896 0.363694 0.817941 0.324342 -0.475157
-0.318335 0.136392 -0.255628 -0.197825 0.934129 0.297099
-0.243931 0.146629 -0.0927412 -0.0878438 0.914193 0.395644
-0.243461 -0.0926607 -0.150557 0.297582 0.690199 0.659599
-0.335958 0.0873326 -0.126517 -0.659343 -0.351083 0.664837
0.174062 0.133146 0.150994 -0.747339 0.402682 -0.528518
-0.0176363 -0.0823262 -0.0669561 0.693534 -0.625452 0.357519
-0.322068 0.14797 -0.171897 -0.197825 0.934129 0.297099
-0.0709669 0.0455417 0.04236 0.72535 -0.0643688 0.685365
-0.259017 0.0218854 -0.0847729 -0.659345 -0.351083 0.664834
0.288446 -0.148429 0.135503 0.72535 -0.0643687 0.685365
-0.328135 0.117174 -0.264886 -0.978194 -0.168569 -0.121328
0.391604 -0.139372 0.301999 0.725347 -0.0643903 0.685366
0.277941 -0.067562 0.132935 0.659344 0.351084 -0.664835
-0.133453 0.0906929 0.0608193 -0.72535 0.0643694 -0.685364
-0.204896 0.102543 -0.145036 -0.181666 0.932469 0.312248
-0.197711 0.145045 -0.226514 0.659343 0.351083 -0.664837
-0.269562 0.124896 -0.163055 0.197825 -0.934129 -0.297099
-0.327973 0.135777 -0.137491 -0.197823 0.93413 0.297098
0.21474 0.12072 0.127511 0.197825 -0.934129 -0.297099
0.240036 0.00577645 0.237244 0.72535 -0.0643688 0.685365
0.0769462 -0.139862 0.0468439 -0.185401 -0.781045 -0.596318
-0.27147 0.169602 -0.340211 0.659343 0.351082 -0.664837
-0.153243 -0.0800716 -0.172332 -0.320776 0.931115 0.173572
-0.0408196 -0.052143 -0.175049 0.659343 0.351083 -0.664836
-0.183732 -0.139414 -0.191725 0.197825 -0.934129 -0.297099
-0.197714 0.139268 -0.229568 0.659343 0.351083 -0.664837
0.103169 0.0909598 0.286157 -0.0837263 -0.844489 -0.528987
-0.370051 0.144129 -0.324362 -0.72535 0.0643726 -0.685363
0.283952 -0.105997 0.180268 0.72535 -0.0643688 0.685365
