ply
format ascii 1.0
comment Created by Open3D
element vertex 2096
property double x
property double y
property double z
property double nx
property double ny
property double nz
end_header
0.21776 0.170097 0.0559957 -0.990806 -0.092479 0.0987442
-0.226965 -0.221098 0.137317 -0.0018244 -0.998501 0.0546983
-0.46395 -0.269343 0.156027 -0.990806 -0.092479 0.0987441
-0.259196 0.0578423 0.0192027 -0.0940047 -0.0542849 -0.994091
0.0824053 0.203606 -0.131788 0.0972906 -0.994234 0.0450958
0.465278 0.329458 0.0397032 -0.0972931 0.994234 -0.0450923
-0.499423 0.0713026 0.119123 -0.990806 -0.0924791 0.0987442
0.374884 -0.0027425 0.103503 0.990806 0.092479 -0.0987438
0.429961 0.126602 -0.0510343 -0.990806 -0.092479 0.0987441
0.0516412 0.226257 -0.159948 0.3884 0.917391 -0.086825
0.272052 0.251926 0.0965718 0.0940047 0.0542849 0.994091
0.453098 -0.114225 0.104758 -0.0972928 0.994234 -0.0450926
0.501001 -0.163325 0.109114 0.0940046 0.054285 0.994091
0.338463 -0.127298 -0.0242731 0.990806 0.092479 -0.0987442
-0.15533 0.262546 -0.0965832 -0.0972927 0.994234 -0.0450922
-0.503278 0.0197517 0.0321642 -0.990807 -0.0924846 0.0987346
-0.242379 -0.0651321 0.0243278 -0.0940034 -0.0542848 -0.994091
-0.486643 -0.253648 -0.0569735 -0.990806 -0.0924791 0.0987435
-0.0805169 0.246295 -0.0924367 0.990806 0.092479 -0.0987442
0.295868 -0.174205 0.0787479 -0.342257 -0.935891 0.0834719
-0.21559 -0.078884 0.0512013 0.990806 0.092479 -0.0987441
-0.488798 -0.0526256 0.10967 -0.990807 -0.0924842 0.0987349
0.468739 0.213443 -0.160326 0.990806 0.0924789 -0.0987442
-0.316519 -0.0762082 0.053872 -0.990806 -0.092479 0.0987442
-0.186429 -0.268883 0.165863 0.990806 0.092479 -0.0987441
0.121833 0.279483 -0.037008 -0.584663 -0.0204306 0.811019
0.378085 0.0203386 0.0991914 0.0940046 0.0542849 0.994091
-0.224887 0.188007 -0.135641 -0.306355 -0.0730251 -0.949112
0.436144 0.276852 0.0796936 0.0940046 0.054285 0.994091
-0.30739 -0.11224 0.182769 0.0940047 0.0542849 0.994091
0.292755 0.0939467 0.10629 -0.990806 -0.092479 0.0987438
0.427618 -0.116479 0.110022 -0.0972928 0.994234 -0.0450923
0.495525 -0.0453762 -0.133948 0.990806 0.0924789 -0.0987442
-0.36037 0.131415 0.105372 -0.0940047 -0.0542849 -0.994091
0.431295 0.127478 -0.0368304 -0.990806 -0.092479 0.0987441
0.233114 -0.0588486 -0.00436062 -0.990806 -0.092479 0.0987442
0.328004 -0.0197445 -0.0284924 0.990806 0.092479 -0.0987442
0.467562 0.230031 -0.156598 0.990809 0.0924832 -0.0987147
-0.32048 0.0137311 0.108026 -0.0940047 -0.0542849 -0.994091
-0.246167 0.258963 0.0204268 -0.0972929 0.994234 -0.0450922
-0.491728 0.125403 -0.083242 -0.0940047 -0.0542849 -0.994091
0.126266 0.291524 -0.0652235 -0.0972934 0.994234 -0.045092
0.102464 0.209081 -0.0543507 0.097293 -0.994234 0.0450927
-0.30989 0.253472 0.0368354 -0.0972944 0.994234 -0.0450893
-0.211217 -0.134722 0.0427814 0.990806 0.092479 -0.0987441
-0.422656 -0.30495 -0.0427016 0.990806 0.0924796 -0.0987447
0.491287 -0.238056 -0.0883155 0.0972928 -0.994234 0.0450924
0.0182156 0.272442 -0.125009 -0.720845 0.692431 0.0303538
-0.30979 -0.129716 0.0712703 -0.990806 -0.092479 0.0987442
0.524987 -0.227996 0.0607678 0.0972928 -0.994234 0.0450924
0.0657289 0.200503 -0.164219 0.0972928 -0.994234 0.0450926
-0.504471 0.238814 0.133487 -0.0972929 0.994234 -0.0450923
-0.285007 0.174073 0.0152964 -0.0940047 -0.0542849 -0.994091
-0.519908 0.103274 -0.0564848 -0.990806 -0.0924791 0.0987436
0.46185 0.304704 -0.143981 0.990804 0.0925159 -0.0987308
-0.267128 0.235945 0.148431 0.0940047 0.0542848 0.994091
0.305531 0.226763 -0.0231209 0.990806 0.092479 -0.0987442
0.494585 -0.2384 -0.10302 0.0972928 -0.994234 0.0450924
-0.225133 0.115559 0.137556 0.990806 0.092479 -0.0987441
0.214794 0.217027 0.0701933 -0.990806 -0.092479 0.0987441
0.515306 -0.23334 -0.036163 0.0972928 -0.994234 0.0450924
0.525027 -0.22928 -0.0101608 0.990806 0.0924795 -0.0987444
0.252408 -0.218364 0.0398499 -0.990806 -0.092479 0.0987442
-0.46225 0.166078 0.00114906 0.990806 0.092479 -0.0987442
-0.0895572 0.256186 -0.0270415 0.0940044 0.0542853 0.994091
-0.28046 0.177626 0.152877 0.0940047 0.0542848 0.994091
-0.38907 0.0430828 0.112909 -0.0940047 -0.0542849 -0.994091
-0.451739 -0.208108 0.201654 0.0940046 0.0542851 0.994091
-0.45653 0.0463574 -0.0535781 0.990805 0.0924769 -0.0987603
-0.24013 -0.300067 0.12254 0.0972929 -0.994234 0.0450923
-0.208155 0.186313 0.0369208 0.725699 0.101875 0.680428
0.224675 0.0955102 0.0555327 -0.990806 -0.092479 0.0987442
-0.404851 0.150999 0.108508 -0.0940047 -0.0542849 -0.994091
-0.209 -0.174137 0.0281186 0.990806 0.092479 -0.0987441
-0.222609 0.0594888 0.11037 0.990806 0.092479 -0.0987442
0.511065 -0.0135387 0.0517929 0.990806 0.092479 -0.0987444
-0.222407 0.257585 -0.061241 -0.0972935 0.994234 -0.0450931
0.437385 0.101654 9.45301e-05 -0.990806 -0.092479 0.0987442
-0.427321 0.23593 0.16358 0.0940047 0.0542848 0.994091
-0.172054 0.232598 -0.144004 -0.0940069 -0.0542904 -0.99409
0.433557 -0.0152323 -0.147785 -0.99081 -0.0924831 0.0987043
0.420131 0.276141 -0.103951 -0.0811771 -0.177493 -0.980768
0.212066 0.20343 0.0300795 -0.990806 -0.092479 0.0987442
0.354862 -0.231458 0.0427258 0.990806 0.092479 -0.0987442
-0.224894 0.0926297 0.118479 0.990806 0.092479 -0.0987441
0.487439 0.165246 -0.0178285 0.990806 0.0924791 -0.0987442
0.493704 0.0544807 -0.0587011 0.990806 0.0924791 -0.0987442
-0.518955 0.103405 -0.046796 -0.990806 -0.092479 0.0987442
-0.507772 0.166023 0.124057 -0.990806 -0.0924791 0.0987442
-0.140841 0.216541 -0.102176 0.809424 0.577196 -0.108061
-0.479827 -0.126302 -0.0706225 -0.0940046 -0.0542849 -0.994091
-0.200595 -0.294335 0.163629 0.0972929 -0.994234 0.0450923
0.377498 -0.165571 0.120916 0.0940046 0.054285 0.994091
0.0217698 0.24227 -0.0428342 -0.990806 -0.092479 0.0987442
0.227817 0.16305 0.105608 0.0940046 0.0542849 0.994091
0.360208 -0.164786 0.122508 0.0940047 0.0542848 0.994091
0.454899 0.294622 -0.181999 -0.0940047 -0.0542849 -0.994091
0.48549 0.0266229 -0.167217 0.990806 0.0924789 -0.0987456
0.424629 0.104391 0.0902001 0.0940047 0.0542849 0.994091
-0.483064 -0.24734 -0.0151587 -0.990807 -0.0924796 0.0987388
0.502393 -0.0747921 0.0926312 0.0940046 0.0542849 0.994091
-0.182816 0.177494 -0.135271 0.0972928 -0.994234 0.0450922
0.450233 -0.0759882 -0.037353 -0.990806 -0.092479 0.0987442
-0.349652 -0.21504 0.192379 0.0940047 0.0542849 0.994091
-0.157638 0.256708 -0.0605325 -0.847788 -0.106525 -0.519527
0.482044 0.239205 -0.00269624 0.990806 0.0924791 -0.0987442
-0.521762 0.11766 -0.0616108 -0.990806 -0.0924791 0.0987435
0.231882 -0.0190164 0.020584 -0.990806 -0.092479 0.0987442
-0.153107 0.24924 -0.0696203 -0.963798 -0.105422 -0.244908
-0.201235 -0.142363 0.135791 0.990806 0.092479 -0.0987442
0.21579 0.213766 0.0771314 -0.990806 -0.092479 0.0987441
-0.338618 0.0837193 0.175021 0.0940047 0.0542849 0.994091
-0.46018 0.141948 -0.000673808 0.990806 0.092479 -0.0987442
-0.349435 0.108622 0.163167 0.0940047 0.0542849 0.994091
0.441685 0.0467467 -0.00818296 -0.990806 -0.092479 0.0987442
-0.31457 -0.103808 0.0475747 -0.990806 -0.092479 0.0987442
0.507477 0.0511539 0.07638 0.990806 0.092479 -0.0987444
0.0811951 0.220065 -0.0921594 -0.0940032 -0.0542834 -0.994091
-0.315029 0.167427 0.0184984 -0.0940036 -0.0542844 -0.994091
0.289829 0.154102 0.101743 -0.0972928 0.994234 -0.045093
0.347 -0.00854077 0.115225 0.0940048 0.0542849 0.994091
0.472746 0.194802 -0.13758 0.990806 0.0924787 -0.0987477
0.177614 0.299362 -0.00320802 -0.0972917 0.994234 -0.0450929
-0.410638 0.0653053 0.113735 -0.0940047 -0.0542849 -0.994091
0.227446 0.0615269 0.0515025 -0.990806 -0.092479 0.0987442
0.265695 0.179399 0.0895099 -0.433613 -0.896597 0.089965
-0.492014 -0.128096 0.00671364 -0.990806 -0.092479 0.0987442
0.300991 -0.0455123 0.110078 0.0940051 0.0542849 0.994091
0.248389 -0.116958 0.0944914 -0.990806 -0.092479 0.0987442
-0.333888 0.119823 0.063179 -0.990806 -0.092479 0.0987442
0.247817 0.025443 -0.0269729 -0.0940043 -0.0542849 -0.994091
-0.493301 0.0263304 0.13843 -0.990806 -0.0924791 0.0987442
-0.434687 -0.0664147 0.180787 0.0940047 0.0542849 0.994091
-0.491119 -0.0272818 0.110115 -0.990806 -0.0924791 0.0987442
0.255569 -0.231072 0.0596583 -0.990806 -0.092479 0.0987442
-0.13751 0.263601 -0.111755 -0.0972932 0.994234 -0.0450926
-0.382705 -0.115476 0.120966 -0.0940047 -0.0542849 -0.994091
0.409059 -0.237458 0.10229 0.0972928 -0.994234 0.0450924
-0.190909 -0.226999 0.16014 0.990806 0.092479 -0.0987441
-0.489008 -0.0381038 0.121166 -0.990806 -0.0924791 0.0987442
-0.288904 -0.0160935 0.0260495 -0.0940047 -0.0542849 -0.994091
-0.321767 -0.121176 0.115515 -0.0940047 -0.0542849 -0.994091
0.451001 0.112643 0.0872556 0.0940047 0.0542849 0.994091
0.45732 -0.170837 -0.0550727 -0.990806 -0.092479 0.0987442
-0.48903 0.0113639 0.16727 -0.990806 -0.0924791 0.0987442
-0.501201 -0.0994437 -0.0586303 -0.990806 -0.0924791 0.0987435
-0.410884 -0.308151 0.0724216 0.990807 0.092465 -0.0987459
0.0828114 0.261041 -0.0442442 -0.713973 -0.692208 0.105316
-0.443717 0.15055 0.112208 -0.0940047 -0.0542849 -0.994091
0.494433 -0.232809 0.0205742 0.0972928 -0.994234 0.0450924
0.333377 -0.209203 -0.0222503 -0.0940047 -0.0542849 -0.994091
0.421503 0.232831 -0.0364127 -0.990806 -0.092479 0.0987441
0.419506 0.325627 0.0539945 -0.0972929 0.994234 -0.0450925
0.210944 0.199525 0.0151662 -0.990806 -0.092479 0.0987442
0.308734 0.19339 -0.0222401 0.990806 0.092479 -0.0987442
-0.464217 0.188551 0.00245861 0.990806 0.0924796 -0.0987444
-0.45378 -0.125656 0.185828 0.0940047 0.0542849 0.994091
0.373534 0.018756 0.110095 0.990806 0.092479 -0.0987438
-0.500088 -0.0402078 0.00801615 -0.990806 -0.092479 0.0987442
-0.486915 -0.256458 -0.0623369 -0.990806 -0.0924791 0.0987435
-0.289962 0.21687 0.151632 0.0940047 0.0542848 0.994091
0.326215 -0.222337 -0.0208558 -0.0940092 -0.0542889 -0.99409
0.438551 -0.0382254 -0.119212 -0.990804 -0.0924801 0.0987687
0.40931 0.285234 -0.177175 -0.0940047 -0.0542849 -0.994091
-0.204088 -0.15011 0.0999107 0.990806 0.092479 -0.0987441
-0.203332 -0.112129 0.143064 0.990806 0.092479 -0.0987441
-0.314282 -0.0976742 0.0562068 -0.990806 -0.092479 0.0987442
0.323496 0.0747016 0.0147263 0.990806 0.092479 -0.0987442
-0.331058 0.218234 0.155444 0.0940047 0.0542848 0.994091
-0.508669 0.191397 0.13882 -0.990806 -0.0924791 0.0987442
0.319875 0.261206 0.0915427 0.0940047 0.0542849 0.994091
0.449542 -0.104347 0.0992429 0.0940046 0.0542849 0.994091
0.300181 -0.114948 0.113946 0.0940057 0.0542849 0.994091
0.4838 0.0917778 -0.123151 0.990807 0.09248 -0.0987332
-0.378419 -0.163104 0.123161 -0.0940047 -0.0542849 -0.994091
0.38944 -0.159285 0.119443 0.0940047 0.0542848 0.994091
0.297338 0.206741 0.0966481 0.0940047 0.0542849 0.994091
-0.444059 0.067063 0.0909525 0.990806 0.092479 -0.098744
0.51776 -0.176123 -0.0332994 0.990806 0.0924785 -0.0987439
-0.435049 -0.101779 0.182753 0.0940047 0.0542849 0.994091
0.325271 -0.182438 0.126776 0.0940047 0.0542848 0.994091
0.102557 0.273232 -0.0461394 0.0940048 0.0542849 0.994091
-0.471327 -0.232931 0.116106 -0.990806 -0.092479 0.0987442
-0.206204 -0.0665446 0.15694 0.990806 0.092479 -0.0987441
-0.226009 -0.0850673 0.162073 0.0940013 0.0542848 0.994091
0.456725 0.324424 -0.0528271 -0.0972927 0.994234 -0.0450924
0.40276 0.309864 0.0234626 -0.0940047 -0.0542849 -0.994091
0.251913 -0.140486 0.107817 -0.990806 -0.092479 0.0987441
0.464316 0.317696 -0.107069 0.990806 0.0924781 -0.0987441
-0.50174 0.140442 0.160623 -0.990806 -0.0924791 0.0987442
-0.254446 0.255944 0.14614 0.0940047 0.0542848 0.994091
-0.250392 -0.141889 0.029277 -0.0940033 -0.0542848 -0.994091
0.299825 -0.175206 0.0866628 -0.477767 -0.873563 0.0928825
-0.475031 -0.273418 0.0410254 -0.990808 -0.0924633 0.0987429
-0.524113 0.149675 -0.0552246 -0.990806 -0.092479 0.0987442
0.248759 -0.105773 0.108677 -0.990806 -0.092479 0.0987441
0.513102 -0.0377672 0.049541 0.990806 0.092479 -0.0987444
-0.432097 -0.195801 -0.0352125 0.990807 0.0924803 -0.0987353
0.454315 0.327461 0.0193305 -0.0972931 0.994234 -0.0450923
-0.132738 0.23924 -0.145366 0.0972941 -0.994234 0.0450923
-0.243229 0.102657 0.152567 -0.807261 0.588537 0.0441988
-0.268119 0.0930506 0.112998 0.247463 0.965901 -0.0761465
0.478721 0.203473 -0.0695084 0.990806 0.0924791 -0.0987442
0.386894 0.260773 0.0852288 0.0940082 0.0542803 0.994091
0.501209 0.117613 0.0757299 0.990806 0.092479 -0.0987444
0.505037 -0.0297117 -0.0238405 0.990806 0.092479 -0.0987444
0.27312 -0.182987 0.0878305 0.885083 -0.461745 -0.0584818
0.034546 0.220427 -0.0997046 0.0940062 0.054283 0.994091
0.185538 0.220471 -0.144219 0.982298 0.0886405 -0.165024
-0.435413 -0.0630266 0.055873 0.990806 0.092479 -0.098744
-0.49215 0.0363629 0.159379 -0.990806 -0.0924791 0.0987442
0.447364 -0.171141 -0.155259 -0.990806 -0.0924791 0.0987435
-0.242349 0.183135 0.148972 0.0940173 0.0542842 0.99409
0.196903 0.268182 -0.0585424 0.905336 0.0695921 -0.418956
-0.3149 0.0263233 0.0261915 -0.0940047 -0.0542849 -0.994091
0.32641 -0.249339 0.0186467 0.0972928 -0.994234 0.0450924
-0.517271 0.132576 -0.00257696 -0.990806 -0.0924806 0.0987414
0.26645 0.187417 0.100624 0.0940047 0.0542849 0.994091
0.329693 -0.244772 0.112256 0.0972928 -0.994234 0.0450924
0.442907 -0.0962354 -0.12983 -0.990808 -0.0924796 0.0987254
0.281397 -0.222322 0.121586 0.0940122 0.0542803 0.99409
-0.317387 -0.0652207 0.0554533 -0.990806 -0.092479 0.0987442
-0.427423 0.111881 0.112779 -0.0940047 -0.0542849 -0.994091
-0.5192 0.169834 0.0129531 -0.990806 -0.0924791 0.0987442
0.431731 0.162954 0.000771923 -0.990806 -0.092479 0.0987442
0.228472 0.243446 -0.0375016 0.0747648 -0.037878 -0.996482
0.418606 -0.157952 0.116613 0.0940046 0.054285 0.994091
0.431789 0.089313 -0.0676161 -0.990806 -0.092479 0.0987441
0.0567194 0.281985 -0.12549 -0.0972926 0.994234 -0.0450922
0.21037 0.199283 0.009183 -0.990806 -0.092479 0.0987442
-0.208965 -0.248032 0.144409 -0.906731 0.416981 0.0629733
-0.284351 0.258044 0.0825351 -0.0972929 0.994234 -0.0450924
-0.167473 0.241371 -0.0147109 0.725699 0.101875 0.680428
0.47171 -0.114193 -0.161264 -0.0940048 -0.0542849 -0.994091
-0.460044 -0.304883 -0.0282818 -0.0404883 0.899125 0.435814
0.354693 -0.24214 0.115737 0.0940047 0.0542849 0.994091
0.250155 -0.135326 0.0950028 -0.990806 -0.092479 0.0987442
-0.471963 0.239939 0.0881342 -0.0972929 0.994234 -0.0450923
-0.482791 -0.16851 0.0614132 -0.990806 -0.092479 0.0987442
0.258778 0.169838 -0.0319389 -0.641352 -0.760413 0.102173
-0.475505 -0.12653 0.173838 -0.990806 -0.0924791 0.0987442
-0.364607 -0.309563 0.129853 -0.0940047 -0.0542849 -0.994091
-0.515621 0.113127 -0.00423608 -0.990807 -0.0924901 0.0987237
0.50547 0.0503846 0.0555234 0.990806 0.092479 -0.0987444
0.493356 0.162826 0.0392717 0.990806 0.092479 -0.0987444
0.0615817 0.200665 -0.151705 0.0972922 -0.994234 0.0450936
0.187337 0.295948 -0.0929685 0.982298 0.0886405 -0.165024
0.0545455 0.261569 -0.0735021 0.599655 -0.800153 -0.0130112
0.143447 0.273392 -0.0832154 -0.689601 -0.100012 -0.71725
-0.23243 -0.302748 0.0468157 0.097293 -0.994234 0.0450924
-0.126678 0.208306 -0.133514 -0.243876 0.969346 -0.0298719
-0.418977 -0.168375 0.122126 0.990806 0.092479 -0.098744
0.486169 0.219904 0.0206128 0.990806 0.0924791 -0.0987442
-0.199884 0.224092 -0.0460049 0.456558 0.00432696 -0.889683
-0.50544 -0.0169203 -0.0238772 -0.990806 -0.092479 0.0987442
-0.239267 0.143173 0.0215964 0.990806 0.092479 -0.0987441
0.100595 0.209376 -0.0437991 0.097293 -0.994234 0.0450927
-0.241813 0.243377 0.0859333 0.994803 0.0985151 0.0257194
-0.46114 0.204424 0.0482063 0.990806 0.092479 -0.0987442
0.521201 -0.139344 0.0356729 0.990806 0.0924785 -0.0987439
0.43305 0.120082 -0.0261439 -0.990807 -0.0924777 0.0987382
-0.333382 0.202613 0.0183124 -0.0940047 -0.0542849 -0.994091
0.468066 -0.243219 -0.152068 0.0972928 -0.994234 0.0450924
-0.334307 0.152344 0.0894374 -0.990806 -0.092479 0.0987442
-0.362684 0.166784 0.103659 -0.0940047 -0.0542849 -0.994091
0.242004 -0.0952239 0.0507808 -0.990806 -0.092479 0.0987442
0.492466 -0.0228256 -0.143528 0.990807 0.0924798 -0.0987375
-0.496361 -0.126757 -0.0356471 -0.990805 -0.0924771 0.0987636
-0.164375 0.198245 -0.105041 -0.500147 -0.00967156 0.865887
-0.359626 0.0377135 0.168003 0.0940046 0.0542848 0.994091
0.236427 -0.0862485 0.00322792 -0.990806 -0.092479 0.0987442
0.484676 0.151823 -0.0581278 0.990806 0.0924791 -0.0987442
-0.12109 0.241138 -0.0935857 -0.342219 -0.935906 0.083469
0.0471775 0.204174 -0.0438823 0.0241454 -0.998343 0.052234
-0.485103 0.0490468 -0.0796989 -0.0940047 -0.0542849 -0.994091
0.353149 0.279569 0.0873935 0.0940047 0.0542849 0.994091
0.241239 -0.133037 -0.0176967 -0.0940046 -0.0542849 -0.994091
-0.497297 0.191001 -0.0673544 0.113297 -0.168313 0.979201
-0.508782 0.129875 0.0800687 -0.990806 -0.0924791 0.0987442
-0.290678 0.106507 0.0249019 0.995306 0.0179448 -0.0950996
-0.247365 -0.22993 0.0594772 0.638538 -0.769371 -0.018369
-0.445205 -0.0853428 -0.0632819 0.990806 0.092479 -0.0987444
-0.51946 0.118152 -0.0380534 -0.990806 -0.092479 0.0987442
0.319022 0.0842384 -0.0212348 0.990806 0.092479 -0.0987442
-0.454073 0.105086 0.0260789 0.990806 0.092479 -0.0987442
-0.226801 0.110783 0.11634 0.990806 0.092479 -0.0987441
0.241445 -0.0382615 0.0985121 -0.990806 -0.092479 0.0987441
0.485597 0.228973 0.0233732 0.990806 0.0924791 -0.0987442
-0.424079 -0.141737 0.0958812 0.990806 0.092479 -0.098744
0.450041 -0.0117693 0.0208617 -0.990806 -0.092479 0.0987442
0.460889 -0.170731 -0.0191652 -0.990806 -0.092479 0.0987442
-0.201251 -0.222481 0.060599 0.990806 0.092479 -0.0987441
0.166349 0.293784 -0.101888 -0.0972927 0.994234 -0.0450923
0.342446 0.318951 0.0730665 -0.0972929 0.994234 -0.0450925
-0.495611 -0.121374 -0.0693989 -0.0940046 -0.0542849 -0.994091
-0.436826 -0.073184 0.0321818 0.990806 0.092479 -0.0987442
-0.296086 -0.303172 0.0424053 -0.0940047 -0.0542849 -0.994091
0.443096 -0.095226 -0.126985 -0.990806 -0.092479 0.0987435
0.220081 0.0998802 0.0135262 -0.990806 -0.092479 0.0987442
0.429465 0.119655 -0.0625187 -0.990806 -0.092479 0.0987441
-0.13102 0.253841 -0.0739361 -0.0940048 -0.054285 -0.994091
0.352444 0.238759 0.0896887 0.0940037 0.0542863 0.994091
-0.327555 0.0699966 0.0800576 -0.990806 -0.092479 0.0987442
0.389402 0.322644 0.0531784 -0.0972929 0.994234 -0.0450925
0.236907 -0.0951914 -0.000335509 -0.990806 -0.092479 0.0987442
-0.235562 0.228838 0.138995 0.990806 0.092479 -0.0987441
0.248869 0.108507 0.106596 0.0940019 0.0542845 0.994091
0.50708 -0.0753625 0.0922192 0.0940047 0.0542849 0.994091
0.298478 -0.206631 -0.00711787 -0.885095 0.461721 0.0584841
0.427347 0.207513 -0.00148181 -0.990806 -0.092479 0.0987442
0.25278 -0.042547 -0.0237295 -0.0940047 -0.0542849 -0.994091
0.112909 0.254429 -0.172143 -0.0940047 -0.054285 -0.994091
-0.502975 -0.090068 -0.0676561 -0.990806 -0.0924791 0.0987435
0.43402 0.0984868 -0.0366351 -0.990806 -0.092479 0.0987441
0.506754 -0.0388308 -0.0151499 0.990806 0.092479 -0.0987444
0.0688799 0.205302 -0.102125 0.0940046 0.054285 0.994091
0.0361682 0.231373 -0.0375756 0.0940054 0.0542836 0.994091
-0.263944 0.166229 0.151937 0.0940047 0.0542848 0.994091
0.415393 -0.117796 0.107373 -0.0972928 0.994234 -0.0450923
0.414225 0.26605 -0.176592 -0.0940047 -0.0542849 -0.994091
-0.204371 -0.126661 0.119025 0.990806 0.092479 -0.0987442
-0.496752 0.0228785 0.100574 -0.990806 -0.0924791 0.0987442
0.421568 0.216994 -0.0505914 -0.990806 -0.092479 0.0987441
0.472118 -0.172653 0.106629 0.0972927 -0.994234 0.0450915
0.309692 0.165545 -0.0387066 0.990806 0.092479 -0.0987442
-0.48537 -0.0138276 0.1804 -0.990806 -0.0924791 0.0987442
-0.40003 -0.0267314 0.175343 0.0940047 0.0542849 0.994091
-0.518141 0.161613 0.015882 -0.990806 -0.0924791 0.0987442
0.275445 0.307458 -0.0357854 -0.0972928 0.994234 -0.0450921
0.295759 0.0923138 0.114563 0.0940046 0.0542849 0.994091
-0.461179 0.0839928 -0.064974 0.990806 0.0924787 -0.0987459
0.521311 -0.192112 -0.0126408 0.990806 0.0924795 -0.0987441
0.254336 0.180053 0.0699136 0.0477734 -0.997608 0.0499594
-0.104915 0.238698 -0.0423033 -0.863118 -0.493197 0.108552
0.491467 -0.06765 0.0932745 0.0940046 0.0542849 0.994091
0.513521 -0.0297015 0.0612979 0.990806 0.092479 -0.0987444
0.273019 0.308663 -0.00397563 -0.0972929 0.994234 -0.0450924
0.0129459 0.242068 -0.128199 -0.990806 -0.092479 0.0987442
0.459959 -0.114284 0.0243645 -0.990806 -0.092479 0.0987442
-0.286385 -0.213362 0.0365836 -0.0940047 -0.0542849 -0.994091
0.269392 0.281469 -0.0429941 -0.0940047 -0.0542849 -0.994091
0.464188 -0.184737 0.000814961 -0.990806 -0.092479 0.0987442
-0.431675 -0.182968 -0.0189525 0.990806 0.0924778 -0.0987523
0.458698 -0.175019 -0.0451635 -0.990806 -0.092479 0.0987442
-0.234582 0.0900657 0.0188669 0.990806 0.092479 -0.0987441
-0.452277 -0.304809 -0.0274825 -0.0531371 0.937246 0.344597
-0.106585 0.233836 -0.150262 -0.0940025 -0.0542895 -0.994091
-0.322612 -0.0336519 0.0325829 -0.990806 -0.092479 0.0987442
-0.495756 0.193379 -0.0669858 0.120096 -0.265188 0.956688
-0.348949 0.0939933 0.106335 -0.0940047 -0.0542849 -0.994091
0.0803343 0.257603 -0.0829167 -0.779524 -0.617094 0.107413
0.225644 0.0441535 0.017154 -0.990806 -0.092479 0.0987442
-0.211376 -0.0315378 0.137823 0.990806 0.092479 -0.0987441
0.481231 0.289441 0.0361918 0.990806 0.0924791 -0.0987442
-0.435927 -0.141223 0.18499 0.0940047 0.0542849 0.994091
0.11883 0.205486 -0.168917 0.0972928 -0.994234 0.0450926
0.428587 0.122379 -0.0687746 -0.990806 -0.092479 0.0987441
0.381822 -0.0760885 0.104431 0.990806 0.092479 -0.0987438
0.480992 0.218193 -0.0329316 0.990806 0.0924791 -0.0987442
-0.517326 0.196766 0.0569844 -0.990806 -0.0924791 0.0987442
0.262665 -0.204706 -0.0118008 0.927429 0.358286 -0.107266
-0.313251 0.0577677 0.17404 0.0940047 0.0542849 0.994091
-0.507811 0.00970281 -0.0227333 -0.990806 -0.092479 0.0987442
-0.451974 0.160272 0.0988255 0.990806 0.092479 -0.098744
-0.465438 0.174205 0.170556 0.0940046 0.0542848 0.994091
-0.462434 0.133906 -0.0308224 0.990806 0.092479 -0.0987436
0.499353 0.0794041 0.0844985 0.0940047 0.0542849 0.994091
-0.241269 0.177752 -0.00345361 0.0972926 -0.994234 0.0450924
0.240759 -0.152914 -0.0157448 -0.990806 -0.092479 0.0987442
-0.13558 0.186335 -0.144926 -0.0940047 -0.0542849 -0.994091
-0.202537 -0.2263 0.0441151 0.990806 0.092479 -0.0987441
0.379913 -0.129955 0.118743 0.0940047 0.0542848 0.994091
-0.377973 -0.163763 0.123155 -0.0940047 -0.0542849 -0.994091
0.131993 0.241227 -0.0306475 -0.584663 -0.0204305 0.811019
-0.25517 0.0605403 0.0186747 -0.0940034 -0.0542848 -0.994091
0.436563 0.276036 -0.10533 -0.086471 -0.128435 -0.987941
-0.304005 -0.174169 0.0876852 -0.990806 -0.092479 0.0987442
-0.484202 -0.000166751 -0.0770967 -0.0940047 -0.0542849 -0.994091
-0.508651 0.211862 -0.0335424 0.0710873 -0.976883 -0.201607
-0.508613 0.0846993 -0.0794226 -0.0940046 -0.0542849 -0.994091
-0.277606 0.108774 0.156367 0.093994 0.0542928 0.994091
-0.223734 0.232128 -0.139001 -0.165795 -0.0608652 -0.98428
0.477464 0.116102 -0.163941 0.990805 0.0924773 -0.09876
0.372834 0.0105885 0.111737 0.0940048 0.0542849 0.994091
-0.425025 -0.252446 -0.0172952 0.990808 0.0924811 -0.0987279
0.430545 -0.0309864 0.0970334 0.0940046 0.0542849 0.994091
0.224325 0.122446 0.0772421 -0.990806 -0.092479 0.0987441
-0.514405 0.200058 0.0893747 -0.990806 -0.0924791 0.0987442
-0.447546 0.0719592 0.174447 0.0940047 0.0542849 0.994091
-0.225778 -0.187649 0.0294483 -0.0940029 -0.0542847 -0.994091
0.516206 -0.0486564 0.0704908 0.990806 0.092479 -0.0987444
0.347594 -0.157031 0.0395003 0.990806 0.092479 -0.0987442
0.0522253 0.258687 -0.0560656 0.777216 -0.628012 -0.0392021
-0.322497 -0.0351219 0.0323627 -0.990806 -0.092479 0.0987442
-0.489515 -0.00496494 0.147113 -0.990806 -0.0924791 0.0987442
0.127186 0.268204 -0.141296 -0.22863 0.0217686 0.97327
0.461902 -0.238999 -0.0729385 -0.990806 -0.0924788 0.0987441
0.393176 -0.24095 0.0544476 -0.0940047 -0.0542849 -0.994091
-0.436746 0.231661 0.10712 -0.0940047 -0.0542849 -0.994091
0.0531497 0.21726 -0.0384107 0.0940029 0.0542859 0.994091
-0.212105 0.17579 -0.109649 0.097291 -0.994234 0.0450941
0.114215 0.272896 -0.173275 -0.0939978 -0.0542972 -0.994091
0.32669 0.0482817 0.114043 0.0940048 0.0542849 0.994091
0.2357 0.150302 0.0438199 0.886772 0.449318 -0.108392
-0.496501 -0.130318 -0.0403838 -0.990806 -0.0924791 0.0987435
0.430631 0.0234644 -0.140903 -0.990803 -0.0924763 0.0987832
-0.4873 -0.149915 0.0335823 -0.990806 -0.092479 0.0987442
-0.506771 -0.0350428 -0.054212 -0.990807 -0.0924799 0.098737
0.336814 -0.0477461 0.0336797 0.990806 0.092479 -0.0987442
0.521728 -0.194443 -0.0106362 0.990806 0.0924795 -0.0987441
-0.524933 0.222596 0.00484978 -0.990806 -0.092478 0.0987441
0.461005 0.306488 -0.150792 0.990807 0.0924653 -0.098749
0.192509 0.24239 0.0136256 -0.680335 -0.0333702 0.732141
-0.222577 0.177372 -0.0521725 0.0972968 -0.994233 0.0450936
-0.262496 0.131129 0.109527 -0.0514663 -0.996912 0.0593058
0.478752 0.139168 -0.129417 0.990805 0.0924778 -0.0987575
0.466089 -0.0414453 -0.164705 -0.0940048 -0.0542849 -0.994091
0.015806 0.21868 -0.122236 -0.980965 -0.165367 0.101794
-0.184032 0.238786 -0.042879 -0.0220103 -0.0474456 -0.998631
0.485169 0.126095 -0.0772728 0.990806 0.0924791 -0.0987442
0.256475 0.178744 0.0487263 -0.150202 -0.98631 0.0680636
-0.512376 0.0344708 -0.0453436 -0.990805 -0.092477 0.0987603
-0.498111 0.0829306 0.143174 -0.990806 -0.0924791 0.0987442
0.470801 0.319908 -0.0399278 0.990806 0.0924781 -0.0987441
-0.438799 -0.0918137 -0.00506545 0.990806 0.092479 -0.0987442
0.144081 0.221058 -0.133825 -0.586936 -0.0207281 0.809368
0.195302 0.230183 -0.0808845 0.982298 0.0886403 -0.165024
-0.419097 -0.312155 -0.01374 0.990806 0.0924787 -0.0987441
0.49165 0.182301 0.0404009 0.990806 0.092479 -0.0987444
0.262521 -0.0288159 -0.0254004 -0.0940038 -0.0542848 -0.994091
-0.281621 -0.189612 0.0348363 -0.0940047 -0.0542849 -0.994091
0.319199 -0.0048392 0.117652 0.0940046 0.0542849 0.994091
-0.397713 0.089871 0.168757 0.0940046 0.0542848 0.994091
0.341803 0.0995109 0.0407139 -0.0940047 -0.0542849 -0.994091
0.2409 0.173789 0.0609217 0.711411 -0.70218 -0.0289291
0.428577 0.0666678 -0.121049 -0.990806 -0.0924792 0.0987494
0.305879 0.180278 0.0972856 0.0940046 0.054285 0.994091
0.412033 0.193409 0.0289451 -0.0940047 -0.0542849 -0.994091
0.105997 0.258491 -0.0456596 0.0940048 0.0542849 0.994091
-0.342059 -0.200732 0.19088 0.0940047 0.0542849 0.994091
-0.226131 0.23153 0.0493701 0.74247 0.102679 0.661963
0.441204 -0.015305 -0.0711211 -0.990806 -0.092479 0.0987441
0.501899 -0.0702528 -0.0932909 0.990806 0.0924791 -0.0987442
0.448679 0.328244 0.0487487 -0.0972929 0.994234 -0.0450925
-0.25077 0.225896 -0.0694688 -0.994875 -0.0959035 0.0320222
-0.528427 0.170971 -0.0785575 -0.990808 -0.0924806 0.0987311
-0.449895 0.0305204 -0.00183409 0.990806 0.092479 -0.0987442
0.411939 -0.188008 0.107367 0.0940047 0.0542849 0.994091
-0.412287 -0.0267153 0.176501 0.0940047 0.0542849 0.994091
-0.271943 0.0977829 0.141212 0.602586 0.791737 -0.100217
0.31623 0.25834 0.0344588 -0.0940047 -0.0542849 -0.994091
-0.448296 0.198476 0.167609 0.0940047 0.0542849 0.994091
0.290841 -0.254377 -0.0156853 0.097293 -0.994234 0.0450925
-0.501178 0.109049 0.136864 -0.990806 -0.0924791 0.0987442
-0.499997 0.0538311 0.0969995 -0.990806 -0.0924791 0.0987442
0.303598 0.0588268 -0.0340708 -0.0940047 -0.0542849 -0.994091
0.213042 0.268629 0.100942 -0.990806 -0.092479 0.0987441
-0.271529 0.0918253 0.0858756 0.295209 0.952085 -0.0799071
0.508188 -0.216525 -0.110375 -0.106171 0.983886 -0.143865
-0.518691 0.136581 -0.0130781 -0.990806 -0.0924759 0.09875
-0.229256 0.189216 0.0614374 0.859137 0.106771 0.500483
-0.506583 0.000773463 -0.0187814 -0.990806 -0.092479 0.0987442
-0.253323 -0.299968 0.153179 0.0972929 -0.994234 0.0450923
0.417167 0.316006 -0.153079 -0.0972927 0.994234 -0.0450924
0.519287 -0.0963044 0.0567783 0.990806 0.092479 -0.0987444
0.298261 0.312105 0.0174691 -0.0972929 0.994234 -0.0450924
0.154975 0.209085 -0.167554 0.097294 -0.994234 0.045093
0.252886 -0.0237099 -0.0247681 -0.0940047 -0.0542849 -0.994091
-0.302455 -0.0882071 0.0312689 -0.0940047 -0.0542849 -0.994091
-0.164423 0.196454 -0.105089 -0.500147 -0.00967156 0.865887
-0.214791 0.00225266 0.135209 0.990806 0.092479 -0.0987441
0.469019 0.302745 -0.0738833 0.990804 0.0925002 -0.0987484
-0.242005 -0.157507 0.0293369 -0.0940034 -0.0542848 -0.994091
0.50086 -0.230794 -0.157654 -0.0940048 -0.0542849 -0.994091
0.346255 -0.143403 0.038826 0.990806 0.092479 -0.0987442
0.457556 0.320077 -0.150474 -0.0972927 0.994234 -0.0450924
0.0540775 0.230966 -0.0684789 0.641354 0.760412 -0.102173
0.126525 0.207019 -0.15172 0.0972928 -0.994234 0.0450926
-0.446335 0.0225724 0.026443 0.990806 0.092479 -0.0987442
0.365293 0.0789672 0.0396144 -0.0940047 -0.0542849 -0.994091
0.465674 -0.174043 0.0257445 -0.990806 -0.092479 0.0987442
-0.47252 0.193033 -0.0766556 0.990806 0.0924787 -0.0987459
0.337025 0.11673 0.0402254 -0.0940047 -0.0542849 -0.994091
-0.351645 -0.240083 0.124833 -0.0940047 -0.0542849 -0.994091
-0.241775 0.165927 0.0177395 0.990806 0.092479 -0.0987442
0.111729 0.210176 -0.0501834 0.097293 -0.994234 0.0450927
0.430979 0.194517 0.0227878 -0.990806 -0.092479 0.0987442
-0.278191 0.200123 0.0132293 -0.0940047 -0.0542849 -0.994091
-0.243788 0.112402 0.107563 -0.995307 -0.0178837 0.0950963
0.416805 0.293173 -0.0270333 -0.990806 -0.092479 0.0987441
0.498951 -0.231949 0.029785 0.0972928 -0.994234 0.0450924
0.47009 0.221252 -0.139454 0.990806 0.0924787 -0.0987482
0.491562 -0.20856 -0.157988 -0.0940048 -0.0542849 -0.994091
0.302936 -0.195739 0.0145967 -0.995306 -0.017945 0.0950994
0.0873448 0.215609 -0.0924976 -0.0940038 -0.0542843 -0.994091
0.456322 -0.233604 0.085293 0.0972928 -0.994234 0.0450924
0.50474 -0.114813 -0.106519 0.990808 0.0924801 -0.0987239
0.243021 -0.0873798 -0.0203584 -0.0940046 -0.0542849 -0.994091
-0.224092 -0.26083 0.0442385 -0.638547 0.769363 0.0183703
0.432124 0.0308977 -0.118963 -0.990805 -0.0924794 0.0987547
-0.198875 -0.223218 0.0837477 0.990806 0.092479 -0.0987441
0.200628 0.225845 -0.0575323 0.924317 0.0734665 -0.374486
0.241015 0.147839 0.071559 0.747675 0.65547 -0.106496
-0.240799 0.178253 0.0390728 0.990806 0.092479 -0.0987442
0.246594 -0.127663 0.0664557 -0.990806 -0.092479 0.0987442
-0.0856574 0.195858 -0.145771 0.866091 -0.496877 -0.0547673
0.489544 -0.0939203 -0.164058 -0.0940047 -0.0542849 -0.994091
0.271375 0.148982 0.0725158 -0.807271 0.588524 0.0442005
0.264968 -0.0703052 -0.0233662 -0.0940079 -0.0542852 -0.99409
-0.284075 -0.303207 0.148127 0.0972929 -0.994234 0.0450923
-0.498225 -0.000452593 0.0639413 -0.990806 -0.092479 0.0987442
0.367559 0.0750556 0.102869 0.990806 0.092479 -0.0987438
0.0647845 0.22665 -0.16336 -0.474507 0.880246 -0.00319683
-0.484106 -0.145289 0.0699609 -0.990806 -0.092479 0.0987442
-0.21608 -0.237037 0.0664242 -0.927417 -0.358318 0.107267
-0.483223 -0.11506 0.107136 -0.990806 -0.092479 0.0987442
-0.433312 -0.25411 -0.0213568 0.0961107 -0.994834 0.0326679
-0.299853 -0.234573 0.0727785 -0.990806 -0.092479 0.0987442
0.393082 -0.14623 0.049284 -0.0940047 -0.0542849 -0.994091
0.387366 -0.240693 0.0777677 0.0972928 -0.994234 0.0450924
-0.420611 -0.315435 0.173115 0.0972929 -0.994234 0.0450922
0.46084 -0.211803 -0.0581196 -0.990806 -0.0924827 0.0987434
0.308126 0.292007 0.0909718 0.0940047 0.0542849 0.994091
0.372367 0.163618 0.091908 0.0940047 0.0542849 0.994091
-0.381394 0.110625 0.16608 0.0940046 0.0542848 0.994091
0.329264 -0.244916 0.110022 0.0972928 -0.994234 0.0450924
0.500315 -0.0261044 -0.0678393 0.990806 0.0924791 -0.0987442
-0.445153 0.03772 0.0524935 0.990806 0.092479 -0.0987442
0.422419 0.0781482 0.0342571 -0.0940047 -0.0542849 -0.994091
-0.44847 0.13544 0.110726 0.990806 0.092479 -0.098744
-0.423302 -0.205628 0.043842 0.990806 0.092479 -0.098744
0.419245 0.22497 -0.0664281 -0.990806 -0.092479 0.0987441
0.492644 0.109983 -0.0173619 0.990806 0.0924791 -0.0987442
0.432442 0.0402437 -0.10702 -0.990807 -0.092479 0.098742
-0.203624 -0.2003 0.0575551 0.990806 0.092479 -0.0987441
0.234311 0.193806 -0.0348897 -0.0940048 -0.0542849 -0.994091
-0.343676 0.202399 0.0999167 -0.0940047 -0.0542849 -0.994091
0.0453924 0.238351 -0.127753 0.958866 0.263696 -0.105074
-0.238952 0.0654167 0.0168748 -0.0940046 -0.0542849 -0.994091
0.323887 0.064419 0.00901756 0.990806 0.092479 -0.0987442
-0.422257 -0.263609 2.5141e-05 0.990808 0.0924761 -0.0987299
0.234208 -0.0604689 -0.0209946 -0.0940046 -0.0542849 -0.994091
-0.421851 -0.123844 0.125125 -0.0940047 -0.0542849 -0.994091
-0.516762 0.163866 0.0318339 -0.990806 -0.0924791 0.0987442
0.440652 0.112266 -0.170694 -0.0940047 -0.0542849 -0.994091
-0.326519 0.0671233 0.0877604 -0.990806 -0.092479 0.0987442
0.259958 -0.248703 0.087187 -0.990806 -0.092479 0.0987442
0.336914 -0.161999 0.124559 0.0940046 0.0542849 0.994091
0.448717 -0.0975166 -0.0727358 -0.990807 -0.0924771 0.0987352
-0.518172 0.208388 0.0593837 -0.990806 -0.092479 0.0987442
-0.523762 0.217336 0.0116667 -0.990806 -0.092478 0.0987441
0.269427 0.177955 0.0959833 -0.562355 -0.821067 0.0980148
-0.495916 -0.160705 -0.0672223 -0.0940046 -0.0542849 -0.994091
0.501749 0.0105573 -0.0191204 0.990806 0.092479 -0.0987444
0.502076 -0.101501 -0.120786 0.990806 0.092479 -0.0987447
0.399456 0.324205 0.0659064 -0.0972929 0.994234 -0.0450925
0.456941 0.320756 -0.134178 -0.0972927 0.994234 -0.0450924
0.510513 -0.125082 -0.0582095 0.990806 0.092479 -0.0987444
0.335775 -0.062434 0.00949877 0.990806 0.092479 -0.0987442
0.480719 0.171122 -0.0797579 0.990806 0.0924791 -0.0987442
0.359021 -0.221106 0.114179 0.0940047 0.0542849 0.994091
0.267083 0.308987 0.0159716 -0.0972929 0.994234 -0.0450924
-0.244197 -0.261455 0.0645624 0.477768 0.873562 -0.0928825
0.0405478 0.267191 -0.165997 -0.0940009 -0.0542808 -0.994091
0.331344 0.00946221 0.0323725 0.990806 0.092479 -0.0987442
0.461795 -0.18432 -0.0227976 -0.990806 -0.092479 0.0987442
-0.259212 -0.245282 0.0357572 -0.0940047 -0.0542849 -0.994091
-0.231201 0.106221 0.0679174 0.990806 0.092479 -0.0987442
-0.341479 -0.0562543 0.17643 -0.990806 -0.092479 0.0987438
0.486034 0.164184 -0.0329237 0.990806 0.0924791 -0.0987442
0.138693 0.256552 -0.136657 -0.503992 -0.0101494 0.863648
0.12782 0.211084 -0.0648972 0.0972925 -0.994234 0.0450927
0.50618 -0.159946 -0.134339 0.99081 0.0924834 -0.0987047
-0.197298 -0.297199 0.0933621 0.0972929 -0.994234 0.0450923
-0.514443 0.232214 0.00947156 -0.0972929 0.994234 -0.0450923
0.515818 -0.0875786 0.0301415 0.990806 0.092479 -0.0987444
-0.226004 0.12846 0.140897 0.990806 0.092479 -0.0987441
-0.279591 0.1246 0.0329882 0.474515 -0.880242 0.00319612
0.35309 0.161027 0.0362872 -0.0940047 -0.0542849 -0.994091
-0.331699 0.0642827 0.0331269 -0.990806 -0.092479 0.0987442
0.516062 -0.0862693 0.0338236 0.990806 0.092479 -0.0987444
0.47782 0.187488 -0.093515 0.990806 0.0924791 -0.0987442
0.411295 -0.178099 0.117794 0.0972927 -0.994234 0.0450915
-0.149591 0.262966 -0.0996917 -0.0972932 0.994234 -0.0450926
-0.401748 -0.278474 0.189253 0.0940046 0.054285 0.994091
-0.331831 0.11044 0.075036 -0.990806 -0.092479 0.0987442
-0.0899572 0.193607 -0.0235864 0.0940047 0.0542849 0.994091
0.350582 0.275975 0.0878325 0.0940047 0.0542849 0.994091
0.188735 0.293697 -0.0858559 0.982298 0.0886405 -0.165024
0.322687 0.235723 0.0350833 -0.0940047 -0.0542849 -0.994091
-0.201569 -0.126441 0.147354 0.990806 0.092479 -0.0987441
-0.479613 0.0418675 -0.079826 -0.0940047 -0.0542849 -0.994091
-0.411581 0.0928007 0.112323 -0.0940047 -0.0542849 -0.994091
-0.429275 -0.252045 0.201929 0.0940047 0.0542849 0.994091
0.433937 0.306034 0.0783087 0.0940047 0.0542849 0.994091
-0.481873 0.147139 -0.0853609 -0.0940047 -0.0542849 -0.994091
-0.469745 -0.200647 0.162215 -0.990807 -0.0924901 0.0987237
-0.37825 -0.291148 0.187723 0.0940037 0.0542878 0.994091
0.428178 0.298488 -0.123786 0.0592732 -0.952839 -0.297631
-0.481693 -0.195898 0.0467749 -0.990806 -0.092479 0.0987442
-0.296973 -0.240117 0.0964884 -0.990806 -0.092479 0.0987442
-0.407305 -0.287303 0.127862 0.990806 0.092479 -0.098744
-0.464317 0.208823 0.0204491 0.990806 0.092479 -0.0987442
-0.299767 -0.262557 0.0474376 -0.990806 -0.092479 0.0987442
0.436082 -0.0162163 -0.123373 -0.990806 -0.0924792 0.0987494
-0.341543 0.190708 0.0527599 -0.990806 -0.092479 0.0987442
-0.220342 -0.035546 0.0441048 0.990806 0.092479 -0.0987441
-0.468276 -0.184965 -0.0685113 -0.0940046 -0.0542849 -0.994091
-0.353217 0.131489 0.162276 0.0940047 0.0542849 0.994091
0.295438 -0.250325 0.0637341 0.097293 -0.994234 0.0450925
-0.244485 -0.233588 0.153524 0.943145 -0.324608 -0.0714612
-0.310515 0.126444 0.158514 0.0940047 0.0542849 0.994091
-0.190927 0.181422 -0.0311641 0.0972951 -0.994234 0.0450932
0.465556 -0.216662 -0.123851 -0.0207944 0.825311 0.564295
0.444766 0.0272256 -0.166439 -0.0940048 -0.0542849 -0.994091
0.453106 0.247391 -0.127065 -0.11399 0.963766 -0.241166
0.176626 0.220187 0.000998517 -0.584663 -0.0204305 0.811019
0.260339 0.141276 0.0527068 -0.338786 0.940665 -0.0193308
-0.249798 -0.246519 0.173139 0.0940066 0.0542794 0.994091
-0.426913 -0.159281 0.185123 0.0940047 0.0542849 0.994091
0.336749 -0.168098 -0.0248138 -0.0940047 -0.0542849 -0.994091
0.489882 0.0564277 -0.0952256 0.990806 0.0924791 -0.0987442
-0.468165 0.2319 0.167663 0.0940047 0.0542848 0.994091
0.49396 0.0608868 -0.0501324 0.990806 0.0924791 -0.0987442
-0.4832 -0.0561775 0.162512 -0.990806 -0.0924791 0.0987442
0.418034 0.310418 0.0219881 -0.0940047 -0.0542849 -0.994091
0.206161 0.235823 0.0320746 -0.909184 -0.0703565 0.410408
0.450508 -0.193853 -0.144985 -0.990806 -0.0924791 0.0987435
-0.249374 0.107722 0.0155502 -0.0940046 -0.0542849 -0.994091
-0.242257 -0.0480995 0.16159 0.0940093 0.0542849 0.99409
-0.415649 0.168822 0.166141 0.0940047 0.0542849 0.994091
0.297219 0.137524 0.111956 0.0940048 0.0542849 0.994091
0.253022 -0.198777 -0.015221 -0.0940046 -0.0542849 -0.994091
-0.433929 -0.11583 0.0213031 0.990806 0.092479 -0.0987442
-0.447989 -0.209586 -0.0690852 -0.0940046 -0.0542849 -0.994091
0.335239 -0.016267 0.0473579 0.990806 0.092479 -0.0987442
-0.454554 0.161349 0.0739507 0.990806 0.092479 -0.0987442
0.400813 -0.0132969 0.0412938 -0.0940047 -0.0542849 -0.994091
-0.329308 0.146641 0.159188 0.0940037 0.054283 0.994091
-0.110714 0.230509 -0.0891531 -0.958857 -0.263727 0.105074
-0.241927 0.138624 0.0131585 -0.0940046 -0.0542849 -0.994091
0.156847 0.253459 -0.012422 -0.584663 -0.0204306 0.811019
-0.225899 -0.135105 0.164795 0.0940182 0.0542852 0.994089
-0.198282 0.242438 0.0179875 0.725699 0.101875 0.680428
0.215899 0.219003 0.0831244 -0.990806 -0.092479 0.0987441
-0.351538 -0.050755 0.114484 -0.0940047 -0.0542849 -0.994091
-0.487546 -0.0608051 0.114566 -0.990808 -0.0924926 0.0987198
-0.512084 0.000313588 -0.0744095 -0.990806 -0.0924791 0.0987435
-0.251559 0.0966911 0.0845986 -0.711415 0.702176 0.0289298
-0.441584 0.0348597 0.0856257 0.990806 0.092479 -0.098744
-0.310811 -0.29041 0.181305 0.0940047 0.0542847 0.994091
0.208248 0.269334 0.0534926 -0.990806 -0.0924791 0.0987442
-0.235973 0.208591 0.115911 0.990806 0.092479 -0.0987441
0.524952 -0.141885 0.0709361 0.990806 0.0924785 -0.0987439
0.215698 0.18342 0.0477836 -0.990806 -0.092479 0.0987442
0.128572 0.243735 -0.140389 -0.180061 0.0269756 0.983285
-0.438841 0.11264 0.171402 0.0940046 0.0542848 0.994091
-0.342051 -0.255264 0.124755 -0.0940047 -0.0542849 -0.994091
0.469743 -0.0794764 -0.162974 -0.0940048 -0.0542849 -0.994091
-0.174931 0.257597 -0.0460141 -0.361012 -0.0774767 -0.929337
0.436137 0.0834539 -0.0294671 -0.990806 -0.092479 0.0987442
0.382633 0.0606397 0.0389755 -0.0940047 -0.0542849 -0.994091
0.410141 0.248535 0.0261137 -0.0940047 -0.0542849 -0.994091
0.283509 0.275181 0.0942184 0.0940047 0.0542849 0.994091
0.510215 0.00571732 0.0612954 0.990806 0.092479 -0.0987444
-0.436767 -0.101842 0.00592808 0.990806 0.092479 -0.0987442
0.125007 0.28066 -0.0744728 -0.165504 -0.060839 -0.984331
-0.218206 -0.0281707 0.0724504 0.990806 0.092479 -0.0987441
0.511575 -0.11601 -0.0390532 0.990806 0.092479 -0.0987444
-0.31637 -0.268063 0.123025 -0.0940047 -0.0542849 -0.994091
-0.375576 -0.312344 0.144091 0.0972929 -0.994234 0.0450922
-0.410967 0.230441 0.162334 0.0940047 0.0542848 0.994091
0.472253 0.0496951 0.0886835 0.0940047 0.0542849 0.994091
0.420154 0.186363 -0.0934703 -0.990806 -0.092479 0.0987441
-0.276104 -0.302047 0.156508 0.0972929 -0.994234 0.0450922
