ply
format ascii 1.0
comment Created by Open3D
element vertex 128
property double x
property double y
property double z
property double nx
property double ny
property double nz
end_header
-0.289206 -0.343467 -0.185706 -0.548953 -0.598802 -0.58317
-0.0761534 -0.0390869 0.479299 -0.3576 0.560049 0.747307
-0.267303 0.00817816 -0.107497 -0.969901 -0.23691 -0.0562691
-0.375865 -0.455061 0.0416311 0.548953 0.598802 0.58317
-0.328441 0.0065745 0.0126129 -0.147736 0.756219 -0.637422
0.0363363 -0.179788 0.562693 0.147735 -0.756218 0.637423
0.0277127 0.245068 -0.239343 -0.94795 0.0755424 0.309328
-0.490074 -0.0228065 0.113941 0.822694 -0.26376 -0.503593
-0.0477722 -0.468416 0.175367 0.569294 0.592039 0.570433
0.0147653 0.0707691 -0.395174 0.193564 -0.609923 -0.768458
-0.283587 0.0415946 0.453643 -0.822694 0.26376 0.503593
-0.151621 0.424867 -0.0326836 -0.193564 0.609923 0.768458
-0.12224 -0.63368 -0.0448829 -0.548953 -0.598802 -0.58317
0.37074 -0.103584 -0.278798 0.822694 -0.26376 -0.503593
0.0527738 -0.406485 0.0845632 0.147734 -0.756219 0.637422
0.389471 -0.140491 -0.228867 0.822694 -0.26376 -0.503593
0.399302 -0.0473082 0.316055 0.822694 -0.26376 -0.503593
0.361563 0.0607236 0.197821 0.822694 -0.26376 -0.503593
-0.488367 -0.0509332 0.167565 -0.822694 0.26376 0.503593
-0.0117793 0.318825 -0.176278 -0.485937 -0.616838 -0.619174
-0.474431 -0.0559373 0.192954 -0.822694 0.26376 0.503593
0.445461 -0.109334 -0.153719 0.822694 -0.26376 -0.503593
0.144463 -0.151419 -0.284431 -0.147735 0.756219 -0.637422
0.461436 -0.099072 0.477982 0.548953 0.598802 0.58317
0.242398 -0.243303 0.330091 -0.863819 -0.412527 -0.289202
-0.484434 0.0152363 0.10323 0.822694 -0.26376 -0.503593
-0.20559 0.183706 0.23776 -0.55577 0.469634 0.685977
0.159279 0.0766035 -0.302895 0.822694 -0.26376 -0.503593
0.13537 0.416811 -0.103795 0.548953 0.598802 0.58317
0.17202 -0.110099 -0.241797 -0.147736 0.756219 -0.637422
-0.338096 -0.165344 0.0800217 -0.981572 -0.191089 0.000797347
0.307861 -0.0969086 0.598087 0.147736 -0.756219 0.637422
-0.359528 -0.354437 -0.0406613 -0.822694 0.26376 0.503593
0.356294 -0.43363 0.187386 0.147736 -0.756219 0.637422
0.0210989 0.234502 -0.123766 -0.718257 -0.525096 -0.456488
0.259673 0.116637 0.00688013 -0.147736 0.756219 -0.637422
0.211777 0.306279 -0.25937 0.969901 0.23691 0.0562691
-0.260301 0.375286 -0.228922 0.932712 -0.107844 -0.344119
-0.307405 0.170414 -0.0993338 -0.969901 -0.236911 -0.0562692
0.0544248 -0.27233 0.1236 -0.132774 0.623495 0.77047
-0.0566791 0.469292 -0.128353 -0.0640614 -0.650457 -0.756836
-0.0330992 0.146765 -0.467548 0.193564 -0.609923 -0.768458
0.0253141 -0.00437178 0.109048 -0.162006 -0.654292 -0.738685
-0.276396 0.109865 0.123091 -0.147736 0.756219 -0.637422
-0.356246 -0.250101 0.280373 -0.548953 -0.598802 -0.58317
0.111191 0.0469368 -0.35197 0.193564 -0.609923 -0.768458
0.262643 0.0616992 -0.106388 0.969901 0.23691 0.0562691
-0.138094 -0.449448 -0.21913 -0.548953 -0.598802 -0.58317
-0.218278 -0.613701 0.0250048 -0.548953 -0.598802 -0.58317
-0.350223 -0.323148 0.373951 -0.424153 -0.874792 -0.234164
0.019703 0.179911 -0.0630018 -0.569292 -0.59204 -0.570434
-0.291563 0.185401 0.365293 -0.822694 0.26376 0.503593
-0.4387 -0.363724 0.412303 -0.548953 -0.598802 -0.58317
0.076753 0.0301932 -0.0260463 -0.988978 -0.119388 0.0875773
0.051128 0.228416 -0.511138 0.193564 -0.609923 -0.768458
-0.353153 -0.277083 0.506905 -0.822694 0.26376 0.503593
0.136226 0.327461 -0.0128562 0.548953 0.598802 0.58317
-0.129016 -0.404684 0.293674 0.97646 0.21394 0.0274972
-0.0296641 0.469708 -0.0375543 -0.193564 0.609923 0.768458
-0.180165 0.323862 -0.15306 -0.147737 0.756218 -0.637423
0.515241 -0.397017 0.110952 0.822694 -0.26376 -0.503593
-0.268362 0.200455 0.395311 -0.822694 0.26376 0.503593
0.443384 -0.186342 -0.116779 0.822694 -0.26376 -0.503593
-0.266726 0.235006 0.343783 0.822693 -0.26376 -0.503594
0.348196 -0.372418 -0.174823 0.822694 -0.26376 -0.503593
-0.393617 -0.22723 0.414691 -0.822694 0.26376 0.503593
0.207997 0.297646 -0.157872 0.969901 0.23691 0.0562691
0.0706766 -0.216957 0.510637 0.147736 -0.756219 0.637422
0.429094 -0.123766 0.439757 0.788633 -0.602234 -0.123985
0.1324 0.359611 -0.332861 -0.985046 -0.0547399 0.163363
0.413733 -0.229181 0.209854 0.988742 0.128405 -0.0768259
0.0280179 -0.0617333 0.158757 -0.0640625 -0.650457 -0.756836
0.137273 0.297096 -0.258387 -0.147736 0.75622 -0.637421
0.00154328 0.163822 -0.472361 0.193564 -0.609923 -0.768458
-0.289525 0.432119 -0.204653 -0.147736 0.756219 -0.637422
-0.479612 -0.136186 0.226521 -0.822694 0.26376 0.503593
-0.0556587 0.160129 -0.483838 0.193564 -0.609923 -0.768458
0.143541 0.234487 0.0757246 0.548953 0.598802 0.58317
0.0808863 -0.465323 0.125547 -0.0837508 0.632614 0.769926
-0.342755 -0.266164 0.518172 -0.822694 0.26376 0.503593
0.220087 -0.440816 0.189551 -0.731688 0.35006 0.584885
-0.340522 0.0871769 0.336756 -0.822694 0.26376 0.503593
0.0525596 0.235578 0.195992 -0.147737 0.756219 -0.637422
-0.0406836 0.199101 -0.3334 -0.147736 0.756219 -0.637422
-0.296188 0.11955 -0.0785207 -0.969901 -0.236911 -0.0562692
-0.0465443 -0.262987 -0.268444 0.642998 0.143243 -0.752353
0.154755 0.0674151 -0.305474 0.822694 -0.26376 -0.503593
-0.343215 -0.516917 0.0744116 0.548962 0.598796 0.583167
0.0821396 -0.210702 0.310028 0.147737 -0.756219 0.637421
0.409269 0.247159 0.140399 -0.548953 -0.598802 -0.58317
-0.111559 0.328571 -0.163373 -0.147737 0.756218 -0.637423
-0.333321 -0.296587 -0.0281487 -0.822694 0.26376 0.503593
0.33664 -0.308875 0.339946 0.147736 -0.756219 0.637422
-0.0717842 -0.0399171 -0.0105387 0.907484 0.359907 0.216656
-0.209701 0.341305 0.00164124 -0.822694 0.26376 0.503593
-0.15603 -0.623223 -0.0238133 -0.548953 -0.598802 -0.58317
0.157064 0.0650059 -0.300439 0.822694 -0.26376 -0.503593
0.03137 -0.32502 -0.201192 0.0237499 -0.641596 -0.766675
0.145979 0.0569291 0.569703 -0.822694 0.26376 0.503593
0.351861 0.247505 0.225262 0.548953 0.598802 0.58317
-0.0069123 -0.144394 -0.241013 -0.147736 0.756219 -0.637422
-0.230916 -0.242193 -0.305121 -0.147736 0.756219 -0.637422
-0.194235 0.507493 -0.137316 -0.147736 0.756219 -0.637422
-0.38548 -0.249387 -0.160505 0.548952 0.598801 0.583171
-0.0674061 0.391981 -0.0983796 -0.147735 0.756219 -0.637422
0.307038 -0.225447 -0.319038 0.822694 -0.26376 -0.503593
-0.326639 -0.171049 -0.0237245 -0.922115 -0.338346 -0.187684
-0.279489 0.031289 0.00524597 -0.969901 -0.23691 -0.0562691
0.185492 0.402576 -0.211745 0.969901 0.23691 0.0562691
0.205846 0.318587 -0.208958 0.969901 0.23691 0.0562691
-0.277015 0.0132147 0.00857148 -0.147736 0.756219 -0.637422
0.34228 -0.307167 -0.218663 0.822694 -0.26376 -0.503593
-0.0239286 -0.610594 -0.129954 0.548953 0.598802 0.58317
-0.277457 0.0853586 -0.257425 -0.969901 -0.23691 -0.0562691
-0.0850396 0.173409 -0.0704873 0.697609 -0.37718 -0.609161
0.422527 -0.0215444 -0.0901842 0.404819 0.893748 0.193225
-0.336972 -0.327462 0.366074 -0.419237 -0.879785 -0.224093
0.545563 -0.222641 0.0891871 0.548953 0.598802 0.58317
-0.0951153 0.0470853 0.405646 -0.3576 0.560049 0.747307
-0.106589 -0.0715365 0.48742 -0.431472 0.530649 0.72955
0.340051 0.132509 0.139741 0.729877 -0.00339112 -0.68357
-0.264301 -0.470205 0.210053 -0.903324 -0.365599 -0.224372
0.0674189 -0.120396 0.198696 -0.397754 -0.635506 -0.661758
0.41149 -0.0655302 0.490558 0.548953 0.598802 0.58317
0.112128 0.278409 -0.480102 -0.147736 0.756219 -0.637422
-0.0562382 0.424664 -0.0905077 -0.0147842 -0.646111 -0.763101
-0.0163537 0.0407744 0.436107 -0.121202 0.625793 0.770515
-0.14782 -0.11074 0.552698 0.567153 0.320203 0.758819
