ply
format ascii 1.0
comment Created by Open3D
element vertex 128
property double x
property double y
property double z
property double nx
property double ny
property double nz
end_header
0.205621 -0.0069496 0.333642 0.197826 -0.934128 -0.297101
-0.136399 0.0441411 -0.0671013 0.72535 -0.0643688 0.685365
0.136176 -0.145688 0.218664 -0.659343 -0.351083 0.664837
0.291133 0.0340447 0.261688 0.197825 -0.934129 -0.297099
-0.304503 0.174557 -0.370355 0.659343 0.351082 -0.664837
0.18489 -0.0139862 0.201735 -0.29758 -0.690201 -0.659598
-0.300344 0.0513838 -0.110181 -0.659343 -0.351083 0.664837
0.307822 -0.00386001 0.376951 0.201275 -0.956897 0.209373
0.129202 0.135472 0.0926426 0.659343 0.351083 -0.664836
0.186881 -0.0563404 0.0485539 0.659344 0.351082 -0.664836
-0.0638666 0.0762196 0.137457 -0.659343 -0.351083 0.664837
-0.295739 -0.0925708 -0.279804 -0.128632 0.885997 0.445491
-0.259918 -0.074924 -0.153761 0.542407 0.390222 0.743991
-0.350346 0.121386 -0.122804 -0.659343 -0.351083 0.664836
-0.218558 0.0930456 -0.12176 -0.356128 0.924622 0.135083
-0.014424 -0.0146606 -0.129078 0.659343 0.351083 -0.664836
-0.301647 -0.152054 -0.218904 -0.659343 -0.351082 0.664837
-0.353933 0.1924 -0.332811 -0.197825 0.934129 0.297099
0.417445 -0.155428 0.258925 0.197823 -0.934128 -0.297103
0.154851 0.0095976 0.0516087 0.659343 0.351082 -0.664837
-0.0339073 -0.0826452 -0.0387256 0.718651 -0.554137 0.420088
0.166659 0.138613 0.206825 -0.197633 0.934112 0.297281
-0.390857 -0.144274 -0.303268 -0.659343 -0.351082 0.664837
0.0817561 0.0175278 0.130724 -0.72535 0.0643688 -0.685365
0.275269 -0.0380411 0.19584 0.72535 -0.0643688 0.685365
-0.397409 0.155064 -0.244369 -0.197826 0.93413 0.297097
0.180865 0.0785417 0.258659 -0.197825 0.934129 0.297099
0.391216 0.112323 0.286751 0.659343 0.351082 -0.664837
-0.0245346 -0.00960162 -0.136433 0.659343 0.351082 -0.664837
-0.339302 -0.0675305 -0.35755 -0.52858 0.775964 -0.344213
0.131131 -0.175283 0.130708 0.197825 -0.93413 -0.297098
0.115367 0.00257483 0.27632 -0.659346 -0.351083 0.664833
-0.156773 -0.0780421 -0.0361427 -0.659343 -0.351082 0.664837
0.0387995 -0.164284 0.0907178 -0.149421 -0.805447 -0.573522
-0.114447 -0.131669 -0.169941 0.197825 -0.934129 -0.297099
0.261324 -0.134558 0.0835124 0.642122 0.352498 -0.680753
0.30539 0.10975 0.222365 0.197825 -0.934129 -0.297099
-0.0364508 -0.0743562 0.0851314 -0.659343 -0.351083 0.664837
-0.203842 -0.133535 -0.233951 0.725349 -0.064368 0.685365
0.175242 -0.0985975 0.282274 -0.659343 -0.351083 0.664836
0.225594 -0.179934 0.18428 0.197825 -0.934129 -0.297099
0.114465 0.0828681 0.317826 -0.659344 -0.35108 0.664837
0.216103 0.145641 0.13068 0.659343 0.351083 -0.664836
0.0866491 -0.00494705 -0.0237103 0.659343 0.351083 -0.664837
0.246363 0.0746312 0.338517 0.197824 -0.934131 -0.297094
0.00325543 0.0654422 -0.0692442 0.659343 0.351083 -0.664837
-0.0600708 0.071005 0.138468 -0.659343 -0.351083 0.664837
0.283502 0.0350179 0.253547 0.197826 -0.934129 -0.297099
-0.105288 -0.149026 -0.03912 0.555193 -0.82364 0.115664
0.0879267 -0.129347 0.0298495 -0.220928 -0.754765 -0.617674
0.0281332 0.0333644 0.062296 0.72535 -0.0643688 0.685365
-0.263892 -0.0595284 -0.400178 0.659343 0.351083 -0.664837
0.306753 -0.140374 0.287446 0.979631 0.199059 0.0264162
0.219783 0.0349172 0.129375 0.659342 0.351083 -0.664838
0.0702833 -0.045545 0.198528 0.682809 -0.649756 0.334048
-0.22329 -0.00937223 -0.255304 -0.72535 0.0643687 -0.685365
-0.138526 0.179112 -0.203344 0.659344 0.351078 -0.664838
0.201325 -0.10511 0.151117 -0.449151 0.893073 0.0261688
-0.197223 0.0772374 0.000379887 0.72535 -0.0643688 0.685365
-0.276911 0.101298 -0.328002 0.197825 -0.934129 -0.297099
0.108096 -0.0893687 0.141919 0.567685 0.347308 0.746399
-0.246956 0.162844 -0.168651 -0.197825 0.934129 0.297099
-0.258703 0.0563465 -0.211653 -0.72535 0.0643687 -0.685365
0.0809043 0.0772606 0.252376 0.751348 -0.339748 0.565728
-0.185558 -0.133544 -0.0939996 -0.659343 -0.351082 0.664837
0.24053 0.139122 0.230532 -0.197826 0.934129 0.297099
0.337209 -0.192284 0.354598 0.72535 -0.0643693 0.685365
-0.27397 0.118457 -0.0530742 -0.115338 -0.826577 -0.550878
-0.348359 0.0535311 -0.226064 0.197574 -0.963845 -0.178797
-0.198703 0.0811606 0.00231459 0.72535 -0.0643688 0.685365
-0.207246 -0.0182023 -0.0545988 -0.659343 -0.351083 0.664837
0.217322 -0.0811799 0.253115 0.72535 -0.0643688 0.685365
0.314127 -0.155288 0.189691 0.197822 -0.93413 -0.297098
0.0384522 -0.064505 0.00774076 -0.582955 -0.319702 -0.746964
0.286652 0.0812942 0.433798 0.72535 -0.064369 0.685365
-0.280816 0.101657 -0.331733 0.197825 -0.934129 -0.297099
-0.416132 0.157107 -0.274374 -0.725349 0.0643686 -0.685365
0.117647 -0.0749683 -0.029945 0.659343 0.351082 -0.664837
-0.0953647 -0.086181 0.0204599 -0.659343 -0.351083 0.664836
-0.107165 -0.0136728 0.0470472 -0.659343 -0.351083 0.664837
0.389478 0.0372332 0.320835 0.72535 -0.0643688 0.685364
0.389615 -0.121353 0.265138 -0.132227 0.953467 0.270957
-0.0309236 0.137097 -0.0433333 -0.725349 0.0643685 -0.685365
0.033048 -0.0988266 0.141134 -0.659343 -0.351083 0.664837
-0.193422 -0.156934 -0.14309 0.197825 -0.934129 -0.297099
0.230291 0.148022 0.146008 0.659343 0.351083 -0.664836
0.00438842 -0.0218408 0.150404 -0.197825 0.934129 0.297099
0.170254 -0.140786 0.0484525 0.179964 -0.932268 -0.31383
-0.312186 0.128481 -0.202709 0.197825 -0.934129 -0.297099
-0.125995 -0.128956 -0.186161 0.197825 -0.934129 -0.297099
-0.200557 0.154925 -0.256564 0.197825 -0.934129 -0.297099
-0.19866 0.0758085 -0.264017 0.659343 0.351083 -0.664837
0.214935 -0.196147 0.270126 -0.659343 -0.351083 0.664837
-0.0814206 0.0811148 -0.144944 0.659343 0.351083 -0.664837
0.258706 -0.00681818 0.413514 -0.659343 -0.351083 0.664836
-0.014718 0.114063 0.0696401 -0.197825 0.934129 0.297099
-0.393543 0.0678587 -0.305771 -0.0857511 -0.897731 -0.432118
0.0685268 0.0988824 0.17067 -0.197825 0.934129 0.297099
-0.079218 -0.0551607 -0.214723 0.659344 0.351083 -0.664836
-0.279161 -0.162218 -0.201971 -0.659343 -0.351083 0.664836
0.31954 -0.149417 0.174833 0.197828 -0.934128 -0.2971
-0.134537 0.164762 -0.206965 0.659343 0.351083 -0.664836
-0.00190309 -0.0934715 -0.158278 0.659343 0.351082 -0.664837
-0.371502 -0.144632 -0.300344 0.197825 -0.934129 -0.297099
0.0246303 0.0362999 0.192946 -0.72535 0.0643688 -0.685365
-0.433805 0.0798175 -0.227524 -0.659343 -0.351083 0.664837
-0.119493 -0.0379338 -0.136142 -0.751735 0.292882 -0.59086
0.134454 0.119133 0.089223 0.659343 0.351083 -0.664836
-0.065263 0.05187 -0.0149949 -0.72535 0.0643688 -0.685365
-0.0805733 -0.137355 -0.0836291 0.474794 -0.880076 0.00612641
-0.339655 -0.0669919 -0.346992 0.708688 -0.0731008 0.701725
-0.289049 -0.0704695 -0.430245 -0.725349 0.0643681 -0.685365
-0.162097 0.0466815 -0.176451 0.251478 -0.936328 -0.24505
0.251069 -0.141509 0.0804285 0.197823 -0.934129 -0.2971
-0.134024 0.0597201 0.0585153 -0.72535 0.0643687 -0.685364
0.314263 -0.205285 0.346978 0.197825 -0.934129 -0.297099
-0.308579 -0.0165362 -0.165712 -0.72535 0.0643688 -0.685365
0.201388 -0.00291124 0.318127 0.197825 -0.934128 -0.297102
0.0655251 0.104293 0.0293842 0.725349 -0.0643688 0.685365
0.272445 -0.0290072 0.147845 0.659343 0.351083 -0.664836
0.226074 -0.200095 0.279088 -0.659343 -0.351083 0.664837
-0.147958 -0.106483 -0.271444 0.197825 -0.934129 -0.297099
0.340882 0.0982168 0.377994 0.72535 -0.064369 0.685365
-0.277772 0.180797 -0.287034 0.659343 0.351083 -0.664837
-0.230594 0.0123669 -0.147404 0.559715 -0.819614 0.122274
-0.121583 0.147109 -0.10755 -0.197825 0.934129 0.297099
0.291168 0.125784 0.306185 -0.197825 0.934129 0.297099
0.187206 0.0805714 0.379119 -0.197825 0.934129 0.297099
