ply
format ascii 1.0
comment Created by Open3D
element vertex 2096
property double x
property double y
property double z
property double nx
property double ny
property double nz
end_header
-0.0783381 0.466057 0.00864224 -0.867244 -0.366586 0.3369
-0.0615383 0.127547 -0.0944548 0.334151 0.0730755 0.939682
0.0530124 0.194026 0.0237783 0.867244 0.366586 -0.3369
0.233522 -0.268397 -0.0147242 0.867244 0.366586 -0.3369
-0.18275 0.466496 -0.0022303 -0.369094 0.92751 0.0591209
0.0607875 -0.378716 -0.0985837 0.334151 0.0730755 0.939682
-0.0403079 -0.192501 0.0105842 -0.867244 -0.366586 0.3369
-0.144874 -0.0130651 -0.0633415 -0.867244 -0.366586 0.3369
-0.203335 0.415011 -0.0918563 -0.369094 0.92751 0.0591209
-0.127719 0.334377 -0.0870053 0.334151 0.0730755 0.939682
0.0203406 0.309152 0.0649453 0.867244 0.366586 -0.3369
-0.0769478 0.381049 0.104149 -0.334151 -0.0730755 -0.939682
-0.100504 0.490761 -0.023206 0.369094 -0.92751 -0.059121
-0.00406037 0.170797 0.133278 0.334151 0.0730755 0.939682
-0.0132401 -0.153889 -0.128441 -0.334151 -0.0730755 -0.939682
0.0732519 -0.307841 0.123438 -0.867244 -0.366586 0.3369
0.149281 -0.365097 -0.131111 0.334151 0.0730755 0.939682
0.015737 -0.0426138 0.104137 -0.334151 -0.0730755 -0.939682
-0.0925645 0.49241 0.000482568 -0.369095 0.927509 0.0591214
0.194831 -0.245653 0.0949383 0.334151 0.0730755 0.939682
-0.086745 -0.123496 -0.033868 -0.867244 -0.366586 0.3369
-0.199935 0.259255 0.0642522 0.867244 0.366586 -0.3369
-0.165689 0.107925 -0.0945907 -0.334151 -0.0730755 -0.939682
-0.20759 0.217426 -0.000966481 0.867244 0.366586 -0.3369
-0.122318 -0.0498866 -0.0453439 -0.867244 -0.366586 0.3369
-0.171806 0.467518 0.0500616 -0.369094 0.92751 0.0591209
0.179374 -0.327645 -0.164612 0.867244 0.366586 -0.3369
0.0082948 0.109757 -0.129059 0.867244 0.366586 -0.3369
0.00387219 0.212514 -0.0556165 -0.867244 -0.366586 0.3369
0.181832 -0.374698 0.0708983 -0.334151 -0.0730755 -0.939682
0.140364 -0.020832 0.0688169 0.867244 0.366586 -0.3369
0.123104 -0.390683 -0.158511 -0.334151 -0.0730755 -0.939682
-0.0757895 -0.0755977 0.0194685 0.867244 0.366586 -0.3369
-0.197253 0.24807 0.0859708 -0.867244 -0.366586 0.3369
0.0727593 0.0479377 -0.08435 0.867244 0.366586 -0.3369
0.0464199 -0.482752 -0.0819887 -0.867244 -0.366586 0.3369
-0.060445 0.431604 0.0172137 -0.867244 -0.366586 0.3369
0.0114916 -0.369888 -0.103059 -0.867244 -0.366586 0.3369
0.0505002 0.160543 0.0759762 -0.334151 -0.0730755 -0.939682
-0.173468 0.288899 -0.0672003 0.334151 0.0730755 0.939682
0.0592278 -0.255778 0.105248 -0.334151 -0.0730755 -0.939682
-0.057714 0.016126 0.13882 -0.867244 -0.366586 0.3369
0.0848148 -0.462436 0.011969 0.867244 0.366586 -0.3369
0.0550456 0.0528059 -0.0976671 -0.867244 -0.366586 0.3369
-0.108832 0.147708 0.15041 -0.867244 -0.366586 0.3369
-0.0228693 0.0242639 0.112664 -0.334151 -0.0730755 -0.939682
0.0582433 -0.207514 -0.14969 -0.334151 -0.0730755 -0.939682
0.061163 0.198943 0.0501099 0.867244 0.366586 -0.3369
0.125878 -0.479862 0.0106342 -0.369094 0.92751 0.0591208
0.147371 -0.00580267 0.0492393 0.867244 0.366586 -0.3369
-0.113989 0.415081 -0.111614 0.867244 0.366586 -0.3369
0.100046 -0.0219437 -0.0901478 0.867244 0.366586 -0.3369
0.0546484 0.0731092 -0.103581 0.867244 0.366586 -0.3369
0.0778127 -0.504383 -0.0585209 0.369094 -0.92751 -0.059121
0.199016 -0.29993 0.0976711 0.334151 0.0730755 0.939682
0.00489006 -0.10574 0.112903 -0.334151 -0.0730755 -0.939682
-0.0994733 0.473988 0.114606 0.334151 0.0730756 0.939682
0.144933 -0.421995 -0.163176 0.369094 -0.92751 -0.0591208
-0.0434715 0.428553 0.0885505 -0.334151 -0.0730755 -0.939682
-0.0904232 0.0410546 0.135714 -0.867244 -0.366586 0.3369
0.184586 -0.118338 0.0596574 0.334151 0.0730756 0.939682
-0.119179 0.451661 0.113675 -0.334151 -0.0730755 -0.939682
0.103704 0.011823 -0.0170066 -0.867244 -0.366586 0.3369
0.197885 -0.443543 -0.109611 -0.369094 0.92751 0.0591208
0.132567 -0.135349 0.108501 0.334151 0.0730755 0.939682
-0.0582782 0.386514 -0.0532555 0.867244 0.366586 -0.3369
0.233357 -0.281873 -0.00283044 -0.867244 -0.366586 0.3369
0.151051 -0.371009 0.081557 -0.334151 -0.0730755 -0.939682
-0.0419676 0.343249 -0.0583454 0.867244 0.366586 -0.3369
-0.026983 0.43393 0.0788983 0.867244 0.366586 -0.3369
0.26086 -0.298462 0.0465417 0.334151 0.0730756 0.939682
0.0339696 -0.335134 0.0465876 -0.867244 -0.366586 0.3369
0.231734 -0.33107 -0.0605402 -0.867244 -0.366586 0.3369
0.262632 -0.368836 0.0804078 0.334151 0.0730755 0.939682
0.230348 -0.309997 0.0486143 -0.334151 -0.0730755 -0.939682
-0.275347 0.42619 0.0520245 -0.369094 0.92751 0.0591209
0.0821355 -0.348757 0.114007 0.334151 0.0730755 0.939682
-0.100049 0.138286 -0.120293 -0.334151 -0.0730755 -0.939682
-0.0890861 0.136582 0.166174 0.334151 0.0730755 0.939682
-0.124012 0.0699407 0.0806798 -0.867244 -0.366586 0.3369
-0.0895818 0.340828 -0.129581 0.867244 0.366586 -0.3369
0.158851 -0.181996 -0.112926 0.867244 0.366586 -0.3369
-0.0239534 -0.201013 0.0434216 -0.867244 -0.366586 0.3369
-0.0716028 0.385037 -0.0891618 0.867244 0.366586 -0.3369
0.0844877 -0.0546445 0.0806246 -0.334151 -0.0730755 -0.939682
0.13726 -0.05677 -0.00526221 -0.867244 -0.366586 0.3369
-0.0211929 -0.0397613 -0.134488 -0.334151 -0.0730755 -0.939682
-0.0657107 0.344281 -0.0913581 -0.867244 -0.366586 0.3369
-0.20985 0.425536 -0.074563 -0.334151 -0.0730753 -0.939682
-0.174513 0.153056 0.0411216 -0.867244 -0.366586 0.3369
-0.0253123 0.059826 -0.140768 -0.334151 -0.0730755 -0.939682
-0.206724 0.339328 0.133904 0.867244 0.366586 -0.3369
-0.0185373 0.251709 -0.0976383 0.867244 0.366586 -0.3369
-0.116885 0.491003 -0.0742342 0.867244 0.366586 -0.3369
-0.0816095 0.244264 -0.135092 -0.334151 -0.0730755 -0.939682
-0.225492 0.361662 0.136878 -0.867244 -0.366586 0.3369
0.0347652 0.202386 0.0128874 -0.867244 -0.366586 0.3369
-0.19654 0.459052 0.0284631 -0.369094 0.92751 0.0591209
0.11523 0.0456832 0.0495093 -0.867244 -0.366586 0.3369
-0.0558122 -0.141515 -0.000831909 0.867244 0.366586 -0.3369
0.182323 -0.337331 -0.14502 0.334151 0.0730755 0.939682
0.215523 -0.260627 -0.0256206 -0.867244 -0.366586 0.3369
0.0635997 -0.310837 0.107975 -0.334151 -0.0730755 -0.939682
-0.163812 0.46717 -0.0941717 -0.334151 -0.0730756 -0.939682
-0.145386 0.472833 -0.0221463 0.369094 -0.92751 -0.059121
0.131743 0.0460586 0.06544 0.867244 0.366586 -0.3369
0.121909 -0.108677 0.0715195 -0.334151 -0.0730755 -0.939682
0.220265 -0.287906 -0.0430947 -0.867244 -0.366586 0.3369
0.209116 -0.438302 -0.121726 -0.369094 0.92751 0.0591208
0.0625387 -0.397818 0.0249387 0.867244 0.366586 -0.3369
0.091882 0.0960655 0.104973 0.334151 0.0730755 0.939682
0.0496773 -0.236392 0.140497 -0.867244 -0.366586 0.3369
0.10707 0.0372341 0.0193105 -0.867244 -0.366586 0.3369
-0.144328 0.169287 0.109499 0.867244 0.366586 -0.3369
0.0277912 0.151852 -0.0870355 0.867244 0.366586 -0.3369
-0.170756 0.11632 -0.0547437 0.334151 0.0730755 0.939682
-0.0387567 0.381235 -0.00874704 0.867244 0.366586 -0.3369
-0.0367861 -0.00435263 -0.131697 -0.334151 -0.0730755 -0.939682
-0.156864 0.126641 0.0308268 0.867244 0.366586 -0.3369
-0.23191 0.307892 0.0618501 -0.867244 -0.366586 0.3369
-0.209112 0.341355 -0.0586046 0.334151 0.0730755 0.939682
-0.287222 0.388639 0.00732912 -0.867244 -0.366586 0.3369
-0.201058 0.440101 0.143794 -0.369093 0.92751 0.059122
0.215133 -0.451415 -0.0322019 0.369094 -0.92751 -0.0591211
0.224328 -0.261466 -0.030851 0.867244 0.366586 -0.3369
-0.112802 0.0986701 0.113815 0.867244 0.366586 -0.3369
0.0209638 -0.0256317 -0.150578 -0.334151 -0.0730755 -0.939682
-0.0621139 0.388137 -0.0613628 0.867244 0.366586 -0.3369
0.154518 -0.280269 0.111965 0.334151 0.0730755 0.939682
0.0327288 -0.446426 -0.0930149 -0.334151 -0.0730754 -0.939682
0.0210091 0.146284 -0.0835683 -0.867244 -0.366586 0.3369
-0.145255 0.376699 0.128777 -0.334151 -0.0730755 -0.939682
-0.0632937 0.336919 -0.119787 -0.334151 -0.0730753 -0.939683
0.0231854 0.283366 0.0981788 0.867244 0.366586 -0.3369
0.246518 -0.322352 -0.0129961 -0.867244 -0.366586 0.3369
-0.187267 0.360944 0.144942 -0.334151 -0.0730755 -0.939682
-0.0556892 0.08819 0.158062 0.334151 0.0730755 0.939682
-0.0516216 0.40395 0.0933619 -0.334151 -0.0730755 -0.939682
-0.0560381 0.308891 0.141023 0.334151 0.0730755 0.939682
0.159486 -0.118207 0.0975959 0.334151 0.0730755 0.939682
0.125381 -0.0223293 -0.0253492 0.867244 0.366586 -0.3369
0.0534484 -0.399809 -0.000628836 0.867244 0.366586 -0.3369
-0.0300382 0.248208 -0.104069 -0.867244 -0.366586 0.3369
0.231219 -0.368612 0.0915609 0.334151 0.0730755 0.939682
-0.128963 0.331137 0.126527 -0.334151 -0.0730755 -0.939682
-0.0601893 0.242166 -0.103848 0.334151 0.0730755 0.939682
-0.0578136 0.218436 0.148688 0.334151 0.0730755 0.939682
0.219887 -0.271406 -0.0261143 -0.867244 -0.366586 0.3369
-0.0147005 0.273124 0.0904066 -0.334151 -0.0730755 -0.939682
-0.0698061 0.219078 -0.137331 -0.334151 -0.0730755 -0.939682
-0.0377264 -0.24001 -0.113037 -0.334151 -0.0730755 -0.939682
-0.302476 0.393146 -0.0270346 -0.867244 -0.366586 0.3369
0.133993 -0.300852 -0.169368 -0.334151 -0.0730755 -0.939682
0.0167946 -0.233948 0.0854937 0.867244 0.366586 -0.3369
0.0360941 -0.0854178 -0.151309 -0.334151 -0.0730755 -0.939682
-0.255667 0.375038 0.0467744 0.867244 0.366586 -0.3369
0.246166 -0.428533 -0.0436688 -0.369094 0.92751 0.0591209
0.0685878 -0.380926 0.0858743 -0.867244 -0.366586 0.3369
0.274904 -0.374686 -0.0238542 0.867244 0.366586 -0.3369
-0.272967 0.391675 -0.0398109 0.334151 0.0730755 0.939682
-0.149339 0.100872 0.0491413 -0.867244 -0.366586 0.3369
-0.153266 0.142842 -0.101724 -0.334151 -0.0730755 -0.939682
-0.0896573 -0.136397 -0.0554022 -0.867244 -0.366586 0.3369
0.148493 -0.479542 -0.00697139 0.369064 -0.927522 -0.0591096
-0.0611631 -0.190632 -0.0680511 0.867244 0.366586 -0.3369
0.0482861 -0.187578 -0.1477 -0.334151 -0.0730755 -0.939682
0.247733 -0.41646 0.0603861 0.334151 0.0730754 0.939682
0.18504 -0.458542 -0.108268 0.369094 -0.92751 -0.059121
-0.221468 0.180105 -0.0513455 -0.334151 -0.0730756 -0.939682
-0.0128143 0.0419079 0.107717 -0.334151 -0.0730755 -0.939682
-0.238222 0.445658 -0.0216342 -0.369094 0.92751 0.0591213
-0.114755 -0.00387767 0.0241884 -0.867244 -0.366586 0.3369
0.0589235 0.186124 0.0806661 0.334151 0.0730756 0.939682
-0.223325 0.210729 -0.0217742 -0.867244 -0.366586 0.3369
-0.02055 0.262946 -0.0905921 0.867244 0.366586 -0.3369
0.113892 -0.128112 0.0758816 -0.334151 -0.0730755 -0.939682
0.0922358 0.0580736 0.00379927 -0.867244 -0.366586 0.3369
0.182151 -0.192513 -0.0643926 0.867244 0.366586 -0.3369
0.00776436 -0.0755682 0.109535 -0.334151 -0.0730755 -0.939682
0.106247 -0.479811 -0.11273 0.369094 -0.92751 -0.0591194
-0.00784889 0.314703 0.0847368 -0.334151 -0.0730755 -0.939682
-0.237076 0.443089 0.0258309 -0.369109 0.927504 0.0591201
0.126765 -0.409424 0.131878 0.334151 0.0730755 0.939682
0.00654114 -0.160775 -0.13494 -0.334151 -0.0730755 -0.939682
-0.11835 -0.0672158 -0.053987 -0.867244 -0.366586 0.3369
0.0954154 0.103957 0.061911 -0.867244 -0.366586 0.3369
-0.0606653 0.359269 -0.089046 0.867244 0.366586 -0.3369
0.218412 -0.261621 -0.0192645 -0.867244 -0.366586 0.3369
-0.10671 0.388255 -0.122064 0.867244 0.366586 -0.3369
-0.172417 0.328363 0.142195 -0.334151 -0.0730755 -0.939682
0.0671208 -0.14875 -0.157417 -0.334151 -0.0730755 -0.939682
0.179679 -0.402734 0.0738442 -0.334151 -0.0730755 -0.939682
-0.227435 0.225472 -0.0702797 -0.867245 -0.366586 0.3369
0.236767 -0.431924 0.0558137 -0.334151 -0.0730755 -0.939682
0.0850272 -0.489016 -0.100798 -0.369094 0.92751 0.0591206
-0.0590283 -0.0871128 0.0770692 -0.867244 -0.366586 0.3369
0.0817911 -0.4381 0.0576506 -0.867244 -0.366586 0.3369
0.103054 -0.0602387 0.0744575 -0.334151 -0.0730755 -0.939682
0.0143226 0.169112 -0.102925 0.867244 0.366586 -0.3369
0.0741618 0.0899101 0.111753 0.334151 0.0730755 0.939682
-0.0182613 0.164825 0.100095 -0.334151 -0.0730755 -0.939682
0.0375269 -0.220582 0.126423 -0.867244 -0.366586 0.3369
-0.0885191 0.372814 -0.103934 0.334151 0.0730755 0.939682
0.172934 -0.0692545 0.0599837 0.334151 0.0730755 0.939682
-0.00877552 -0.231467 0.0223715 0.867244 0.366586 -0.3369
-0.174697 0.471107 -0.0242962 -0.369094 0.927508 0.0591445
-0.00738907 -0.106345 0.135104 -0.867244 -0.366586 0.3369
0.0862494 -0.316351 0.10035 -0.334151 -0.0730755 -0.939682
-0.168157 0.221506 -0.102546 -0.334151 -0.0730755 -0.939682
0.082393 0.0124128 -0.0712221 -0.867244 -0.366586 0.3369
-0.0448312 -0.0679703 -0.0851912 0.334151 0.0730755 0.939682
0.085458 0.129191 0.104681 0.334151 0.0730755 0.939682
0.0898655 -0.458713 0.0560058 -0.867244 -0.366586 0.3369
0.22075 -0.312284 -0.095357 0.867244 0.366586 -0.3369
-0.0267234 -0.0913648 0.123027 -0.334151 -0.0730755 -0.939682
-0.00446377 -0.260949 -0.123236 -0.334151 -0.0730755 -0.939682
-0.180049 0.221855 0.0747464 0.867244 0.366586 -0.3369
-0.00550805 0.214103 -0.105018 0.867244 0.366586 -0.3369
0.193646 -0.152418 0.0590858 0.334151 0.0730756 0.939682
0.041084 0.159096 0.0794372 -0.334151 -0.0730755 -0.939682
-0.195995 0.351956 -0.0640934 0.334151 0.0730755 0.939682
0.0918726 -0.12032 -0.164265 0.867244 0.366586 -0.3369
0.0257009 0.190536 -0.0503238 0.867244 0.366586 -0.3369
0.0223507 0.31042 0.0840053 0.334151 0.0730755 0.939682
0.019705 -0.220304 0.126218 0.334151 0.0730755 0.939682
0.0871445 0.114264 0.0248505 0.867244 0.366586 -0.3369
-0.127841 0.000762654 -0.0314342 0.867244 0.366586 -0.3369
0.266844 -0.313442 0.0220369 0.867244 0.366586 -0.3369
0.174792 -0.34982 0.110165 0.334151 0.0730755 0.939682
0.0263196 -0.375442 -0.125279 -0.334151 -0.0730755 -0.939682
0.0869012 -0.447716 -0.121943 0.369094 -0.92751 -0.0591208
0.237831 -0.309896 0.0459456 -0.334151 -0.0730755 -0.939682
0.170566 -0.319944 -0.178907 0.867244 0.366586 -0.3369
-0.215437 0.353809 0.154218 -0.867244 -0.366586 0.3369
-0.166905 0.458646 0.0660845 0.369092 -0.92751 -0.0591262
-0.0665344 -0.138453 0.00188341 -0.867244 -0.366586 0.3369
0.157479 -0.436329 0.0940254 0.334151 0.0730755 0.939682
-0.116877 0.469795 -0.0864955 -0.867244 -0.366586 0.3369
-0.123972 0.179821 -0.0763183 0.334151 0.0730755 0.939682
-0.00920179 -0.242538 0.00922731 0.867244 0.366586 -0.3369
-0.043757 0.412863 0.12857 0.334151 0.0730755 0.939682
0.0653863 0.0661812 -0.0834784 0.867244 0.366586 -0.3369
0.0214357 -0.237613 0.120437 -0.867244 -0.366586 0.3369
-0.0573763 -0.209139 -0.105425 -0.867245 -0.366586 0.3369
0.106108 -0.48287 0.0445469 0.867244 0.366586 -0.3369
0.0187275 -0.215096 0.110983 0.867244 0.366586 -0.3369
0.0980694 -0.403702 0.10294 -0.334151 -0.0730755 -0.939682
-0.0903719 0.139359 -0.123818 -0.334151 -0.0730755 -0.939682
-0.219221 0.213587 -0.00810079 -0.867244 -0.366586 0.3369
-0.234482 0.265115 -0.0183024 0.867244 0.366586 -0.3369
0.190116 -0.242203 -0.0979582 0.867244 0.366586 -0.3369
0.148721 -0.0333205 0.0497558 -0.867244 -0.366586 0.3369
0.0640066 0.120545 -0.0278763 0.867244 0.366586 -0.3369
0.13668 -0.0818671 -0.0340636 -0.867244 -0.366586 0.3369
0.14458 -0.161843 -0.10075 -0.867244 -0.366586 0.3369
-0.0744296 0.266052 0.112196 -0.334151 -0.0730755 -0.939682
0.213037 -0.32942 0.0562808 -0.334151 -0.0730755 -0.939682
0.0662494 0.0267296 -0.0972005 -0.867244 -0.366586 0.3369
0.0805979 -0.41593 0.0517188 0.867244 0.366586 -0.3369
-0.010186 0.328586 0.0075107 0.867244 0.366586 -0.3369
-0.090832 0.329577 0.113089 -0.334151 -0.0730755 -0.939682
-0.0153879 0.129241 0.140538 0.334151 0.0730755 0.939682
0.118315 -0.0555275 -0.0796638 0.867244 0.366586 -0.3369
-0.0619304 -0.180409 -0.0589029 0.867244 0.366586 -0.3369
-0.19933 0.441754 0.128668 0.369094 -0.92751 -0.0591208
0.0645486 -0.506095 -0.0769124 -0.867244 -0.366588 0.3369
-0.145401 0.0225773 -0.0259161 -0.867244 -0.366586 0.3369
-0.0188143 -0.222143 -0.0824534 0.334151 0.0730755 0.939682
0.0727292 0.143558 0.0466024 -0.867244 -0.366586 0.3369
-0.0951346 0.443087 -0.0865721 0.867244 0.366586 -0.3369
0.145767 -0.122344 -0.0816991 0.867244 0.366586 -0.3369
0.000698816 -0.308867 -0.082648 0.334151 0.0730755 0.939682
-0.161088 0.216048 0.117239 0.867244 0.366586 -0.3369
0.0870055 -0.414096 0.0702078 0.867244 0.366586 -0.3369
0.082149 0.0321043 -0.0774076 0.867244 0.366586 -0.3369
0.14543 -0.0251667 0.095359 0.334151 0.0730755 0.939682
-0.107576 0.439842 -0.0951468 -0.867244 -0.366586 0.3369
0.0485086 0.0625327 -0.130895 0.867244 0.366586 -0.3369
0.1762 -0.113295 0.0334708 -0.867244 -0.366586 0.3369
-0.128973 0.488018 -0.0041349 -0.369094 0.92751 0.059121
-0.189961 0.193009 0.017844 0.867244 0.366586 -0.3369
0.181913 -0.244218 0.0607224 -0.334151 -0.0730755 -0.939682
0.258491 -0.429914 -0.0988314 0.369094 -0.92751 -0.0591209
0.00880418 0.0856582 -0.15397 0.867244 0.366586 -0.3369
-0.18063 0.10928 -0.0893829 -0.334151 -0.0730755 -0.939682
0.0934958 -0.135028 0.0836724 -0.334151 -0.0730755 -0.939682
-0.160638 0.453838 0.128248 -0.334151 -0.0730755 -0.939682
0.130717 -0.445314 0.113904 0.369094 -0.92751 -0.0591209
-0.137805 0.478885 0.0840024 -0.369094 0.92751 0.0591218
-0.0130529 0.318263 -0.0111019 0.867244 0.366586 -0.3369
0.124577 -0.0798955 0.10703 0.334151 0.0730755 0.939682
-0.227453 0.250599 -0.0450246 0.334151 0.0730755 0.939682
-0.0406401 0.440205 0.104539 0.867244 0.366586 -0.3369
-0.199288 0.433255 0.143593 -0.334151 -0.0730755 -0.939682
-0.082072 0.193179 -0.130955 -0.334151 -0.0730755 -0.939682
-0.152664 0.0420704 -0.0650777 -0.334151 -0.0730754 -0.939682
0.246712 -0.24549 0.0474536 0.334151 0.0730755 0.939682
-0.236629 0.43735 -0.0351045 0.369094 -0.92751 -0.0591209
0.0866914 -0.251774 -0.117667 0.334151 0.0730755 0.939682
-0.0523301 0.457836 0.0666465 -0.867244 -0.366586 0.3369
0.250212 -0.287407 0.0784917 0.334151 0.0730755 0.939682
0.130808 -0.0929834 -0.061277 -0.867244 -0.366586 0.3369
-0.14144 0.451066 0.121637 -0.334151 -0.0730755 -0.939682
-0.111175 0.00342553 0.0143649 0.867244 0.366586 -0.3369
-0.124818 0.267515 0.130001 -0.334151 -0.0730755 -0.939682
0.234876 -0.411368 -0.139824 -0.867244 -0.366586 0.3369
0.190155 -0.143491 0.0499584 -0.334151 -0.0730755 -0.939682
0.0377974 0.222757 0.0756552 -0.334151 -0.0730755 -0.939682
0.229125 -0.293863 -0.0267695 -0.867244 -0.366586 0.3369
0.280424 -0.416639 -0.0164074 -0.369094 0.92751 0.0591209
0.00300705 0.245443 -0.0489969 0.867244 0.366586 -0.3369
-0.0626886 -0.108926 -0.114354 -0.334151 -0.0730755 -0.939682
-0.0471485 0.361098 -0.052261 0.867244 0.366586 -0.3369
0.0596552 -0.325911 0.095759 0.867244 0.366586 -0.3369
0.0387285 0.0393748 -0.123253 0.334151 0.0730755 0.939682
0.0484796 0.194105 0.0121964 0.867244 0.366586 -0.3369
-0.034763 0.367365 0.0134247 -0.867244 -0.366586 0.3369
0.273509 -0.349731 0.0266927 -0.867244 -0.366586 0.3369
0.193382 -0.445728 -0.103454 -0.369094 0.92751 0.0591208
0.0110728 -0.290323 -0.0877791 0.334151 0.0730755 0.939682
-0.00908251 0.335445 0.0178144 0.867244 0.366586 -0.3369
-0.170488 0.057796 -0.0521707 -0.867244 -0.366586 0.3369
0.0145538 -0.162121 -0.137685 -0.334151 -0.0730755 -0.939682
0.00138459 -0.141303 -0.0959227 0.334151 0.0730755 0.939682
0.143062 -0.352888 -0.129849 0.334151 0.0730755 0.939682
-0.135335 0.437688 -0.131029 -0.334151 -0.0730755 -0.939682
0.199988 -0.208631 -0.0360148 0.867244 0.366586 -0.3369
-0.0223947 0.334962 0.127032 0.334151 0.0730755 0.939682
0.242629 -0.377842 -0.0833859 -0.867244 -0.366586 0.3369
-0.228919 0.238788 -0.00564408 -0.867244 -0.366586 0.3369
-0.0197324 -0.236626 0.0155364 -0.867244 -0.366586 0.3369
0.0473026 -0.456519 -0.0781557 0.867244 0.366586 -0.3369
-0.0758877 0.491199 0.0153239 0.867244 0.366586 -0.3369
0.140584 -0.112685 -0.0845327 0.867244 0.366586 -0.3369
0.0663671 -0.481919 -0.0925421 0.334151 0.0730755 0.939682
0.263425 -0.392122 -0.0723768 0.867244 0.366586 -0.3369
-0.216367 0.255443 0.0178067 0.867244 0.366586 -0.3369
0.295112 -0.404598 0.0226021 -0.867244 -0.366586 0.3369
0.0892266 0.0855953 0.106731 0.334151 0.0730755 0.939682
-0.0739279 0.477221 0.00515897 0.867244 0.366586 -0.3369
0.0830931 0.144156 0.100915 0.867244 0.366586 -0.3369
0.0541451 0.195623 0.0284325 0.867244 0.366586 -0.3369
-0.00726849 0.341814 0.0563992 -0.867244 -0.366586 0.3369
0.0652784 0.0731126 0.0775203 -0.334151 -0.0730755 -0.939682
-0.0319801 -0.251122 -0.0851924 -0.334151 -0.0730754 -0.939682
-0.15935 0.115912 0.012753 0.867244 0.366586 -0.3369
-0.115151 0.119126 0.130026 0.867244 0.366586 -0.3369
0.0377611 0.244953 0.0399335 0.867244 0.366586 -0.3369
0.0776267 -0.494045 -0.0680993 -0.369094 0.92751 0.0591212
0.146799 -0.0156334 0.0941306 0.334151 0.0730755 0.939682
-0.101549 0.144231 0.165372 -0.867244 -0.366586 0.3369
0.132713 -0.306092 0.0830297 -0.334151 -0.0730755 -0.939682
-0.217653 0.239633 -0.0863546 -0.334151 -0.0730755 -0.939682
-0.0516844 0.384034 -0.0119962 -0.867244 -0.366586 0.3369
0.180127 -0.141397 0.0533618 -0.334151 -0.0730755 -0.939682
0.0725627 0.0685896 -0.0354003 -0.867244 -0.366586 0.3369
0.044845 -0.344632 0.0372636 0.867244 0.366586 -0.3369
-0.036437 -0.0830241 -0.0870055 0.334151 0.0730755 0.939682
-0.100543 0.318757 0.117384 -0.334151 -0.0730755 -0.939682
-0.0124021 0.387865 0.0663087 0.867244 0.366586 -0.3369
0.239891 -0.29318 0.00168793 -0.867244 -0.366586 0.3369
-0.0178873 -0.152119 0.11224 -0.867244 -0.366586 0.3369
0.165329 -0.470795 -0.0390964 0.369094 -0.92751 -0.0591209
0.0639263 -0.378965 0.0760088 -0.867244 -0.366586 0.3369
0.0949832 -0.449322 0.0524144 0.867244 0.366586 -0.3369
-0.0276411 0.236904 0.097825 -0.334151 -0.0730755 -0.939682
0.14379 -0.106263 0.102249 0.334151 0.0730755 0.939682
-0.0991123 0.363526 0.152091 0.334151 0.0730755 0.939682
-0.0732951 0.236739 0.15277 0.334151 0.0730755 0.939682
-0.209224 0.220566 -0.087869 -0.334151 -0.0730755 -0.939682
0.161003 -0.332909 -0.137783 0.334151 0.0730755 0.939682
-0.120575 0.470207 -0.0955674 -0.867244 -0.366586 0.3369
-0.0857187 -0.129924 -0.0652041 0.867244 0.366586 -0.3369
0.12702 -0.477345 0.108046 0.334151 0.0730755 0.939682
-0.133741 0.04735 0.0310557 -0.867244 -0.366586 0.3369
0.275435 -0.38365 0.0479838 0.334151 0.0730755 0.939682
-0.0399562 -0.185573 -0.00795625 0.867244 0.366586 -0.3369
0.17183 -0.326489 -0.142132 0.334151 0.0730755 0.939682
-0.0962591 -0.0760066 -0.0336691 0.867244 0.366586 -0.3369
-0.23566 0.288697 0.00432557 0.867244 0.366586 -0.3369
-0.00373687 0.322611 0.121357 0.334151 0.0730755 0.939682
-0.0769057 0.263909 -0.0995945 0.334151 0.0730755 0.939682
0.208719 -0.243391 0.051126 -0.334151 -0.0730755 -0.939682
-0.0988827 0.496814 0.0457194 -0.369103 0.927506 0.0591296
0.00541503 0.208324 0.0882928 -0.334151 -0.0730755 -0.939682
0.0423411 0.18663 0.015245 -0.867244 -0.366586 0.3369
-0.209068 0.377746 -0.100148 -0.334151 -0.0730755 -0.939682
-0.169785 0.124395 -0.0944149 -0.334151 -0.0730755 -0.939682
-0.268724 0.369464 0.0340808 -0.867244 -0.366586 0.3369
-0.164337 0.464136 -0.00400593 0.369094 -0.92751 -0.059121
-0.0678961 -0.111708 0.0274795 -0.867244 -0.366586 0.3369
-0.0556753 0.43057 0.00138379 0.867244 0.366586 -0.3369
-0.205624 0.324574 -0.0972378 -0.334151 -0.0730755 -0.939682
0.0114763 0.0859097 -0.146818 0.867244 0.366586 -0.3369
-0.0330787 0.352861 -0.0250053 0.867244 0.366586 -0.3369
0.048288 0.113696 -0.0757911 0.867244 0.366586 -0.3369
0.232526 -0.432402 -0.068135 -0.369071 0.927519 0.0591226
0.0122907 0.298215 0.0593072 -0.867244 -0.366586 0.3369
-0.0132968 0.377315 0.106494 0.867244 0.366586 -0.3369
-0.0481376 0.453969 0.100215 0.867244 0.366586 -0.3369
-0.121332 0.487059 -0.0951587 -0.369092 0.927511 0.0591202
0.193979 -0.262741 -0.110361 0.867244 0.366586 -0.3369
-0.253825 0.337742 -0.0811214 -0.334151 -0.0730755 -0.939682
0.00556916 -0.00830584 0.105084 -0.334151 -0.0730755 -0.939682
0.0287403 -0.28662 -0.0943496 0.334151 0.0730755 0.939682
0.100903 -0.042241 -0.083043 -0.867244 -0.366586 0.3369
0.0526163 0.0585921 -0.124609 0.867244 0.366586 -0.3369
0.087052 0.00704983 -0.0650644 -0.867244 -0.366586 0.3369
-0.0362032 0.440239 0.0947316 0.334151 0.0730755 0.939682
0.0170236 -0.34363 -0.0332636 0.867244 0.366586 -0.3369
0.0050328 -0.156524 0.126476 0.334151 0.0730754 0.939682
0.063692 0.034619 -0.0951992 -0.867244 -0.366586 0.3369
0.0439492 -0.449689 -0.10634 -0.867244 -0.366586 0.3369
-0.00884817 -0.269746 0.00751667 -0.867244 -0.366586 0.3369
-0.0259607 -0.196725 -0.120587 -0.334151 -0.0730755 -0.939682
-0.117392 0.361167 0.158775 0.334151 0.0730755 0.939682
0.0862383 -0.478525 0.0251116 -0.867244 -0.366586 0.3369
-0.165964 0.0720487 -0.0917028 -0.334151 -0.0730755 -0.939682
0.137947 -0.136895 -0.0906787 -0.867244 -0.366586 0.3369
0.0144409 0.172365 -0.0990813 0.867244 0.366586 -0.3369
0.0792848 -0.204516 -0.118708 0.334151 0.0730755 0.939682
-0.0937343 0.278031 0.118129 -0.334151 -0.0730755 -0.939682
0.118704 -0.295975 -0.125613 0.334151 0.0730755 0.939682
-0.186742 0.327082 -0.104147 -0.334151 -0.0730755 -0.939682
0.190827 -0.24329 0.0574806 -0.334151 -0.0730755 -0.939682
-0.174113 0.210458 0.0776262 0.867244 0.366586 -0.3369
0.168978 -0.461055 0.0918592 0.334151 0.0730754 0.939682
0.0596303 -0.474536 -0.0660258 0.867244 0.366586 -0.3369
0.0898636 -0.338837 0.132473 -0.867244 -0.366586 0.3369
0.0953157 -0.0447433 -0.100149 -0.867244 -0.366586 0.3369
-0.106121 -0.0377211 0.00958842 -0.867244 -0.366586 0.3369
0.00219115 -0.196446 0.115693 -0.867244 -0.366586 0.3369
-0.180624 0.29783 0.147488 -0.334151 -0.0730755 -0.939682
0.00895266 0.205682 -0.0769568 0.867244 0.366586 -0.3369
-0.0310185 -0.0213206 -0.132429 -0.334151 -0.0730755 -0.939682
0.300168 -0.416038 0.0359026 0.334151 0.073075 0.939682
-0.212639 0.322408 0.127254 -0.867244 -0.366586 0.3369
-0.0450792 -0.231603 -0.0982137 -0.867244 -0.366586 0.3369
-0.00841403 0.300848 0.00887367 -0.867244 -0.366586 0.3369
0.0880861 -0.236808 0.0935112 -0.334151 -0.0730755 -0.939682
-0.184529 0.139277 0.000345519 -0.867244 -0.366586 0.3369
0.24814 -0.406114 0.0594368 0.334151 0.0730754 0.939682
0.162557 -0.42768 -0.130965 0.334151 0.0730755 0.939682
-0.173769 0.43453 -0.0784183 0.334151 0.0730755 0.939682
-0.209493 0.217007 -0.00632235 0.867244 0.366586 -0.3369
0.046406 0.229839 0.0817177 0.334151 0.0730755 0.939682
0.053807 -0.339105 0.0933318 -0.867244 -0.366586 0.3369
-0.0664463 0.432663 0.0029175 -0.867244 -0.366586 0.3369
-0.241163 0.275357 -0.0243557 0.867244 0.366586 -0.3369
-0.00441613 0.213474 -0.075908 -0.867244 -0.366586 0.3369
0.0713661 -0.0474768 -0.13779 0.867244 0.366586 -0.3369
0.154246 -0.164892 -0.106171 0.867244 0.366586 -0.3369
0.17904 -0.191863 -0.071694 0.867244 0.366586 -0.3369
0.240663 -0.427511 -0.0940672 -0.369094 0.92751 0.0591209
0.188838 -0.355514 0.105613 0.334151 0.0730755 0.939682
0.224411 -0.31325 -0.0600004 -0.867244 -0.366586 0.3369
0.262135 -0.428049 0.0484278 0.369094 -0.92751 -0.0591195
-0.0176453 -0.20926 0.0237031 0.867244 0.366586 -0.3369
0.0662874 -0.502065 -0.0680505 -0.867244 -0.366588 0.3369
0.137391 -0.143935 -0.126756 0.867244 0.366586 -0.3369
0.0796426 0.151596 0.0461606 0.867244 0.366586 -0.3369
-0.147194 0.099125 0.0527628 -0.867244 -0.366586 0.3369
0.251516 -0.276818 0.0764006 0.867244 0.366586 -0.3369
-0.0625757 0.229529 -0.102017 0.334151 0.0730755 0.939682
0.19968 -0.208767 -0.00997331 -0.867244 -0.366586 0.3369
0.245949 -0.423043 0.0615323 0.334151 0.0730754 0.939682
-0.0832598 0.449239 0.120785 -0.369094 0.92751 0.0591208
-0.053025 0.0439092 -0.0909779 0.334151 0.0730755 0.939682
-0.00207079 0.213358 -0.0969804 0.867244 0.366586 -0.3369
-0.00755313 0.371657 0.0898769 0.334151 0.0730755 0.939682
-0.0505028 0.351308 -0.0715481 0.867244 0.366586 -0.3369
0.305616 -0.415869 0.0265819 0.867245 0.366585 -0.3369
0.0160991 -0.378317 -0.10037 -0.867244 -0.366586 0.3369
-0.0957732 -0.11743 -0.0729043 -0.334151 -0.0730756 -0.939682
-0.0645567 0.432382 -0.0195072 0.867244 0.366586 -0.3369
0.265239 -0.425027 0.0204031 -0.369094 0.92751 0.059121
0.237264 -0.240926 0.0787673 0.867244 0.366586 -0.3369
-0.251425 0.392153 0.1033 -0.867244 -0.366586 0.3369
0.252725 -0.259693 0.0464196 0.334151 0.0730755 0.939682
0.177224 -0.358581 -0.180252 -0.334151 -0.0730755 -0.939682
-0.125904 0.319896 -0.125222 -0.334151 -0.0730755 -0.939682
0.310081 -0.40553 0.0373653 0.334151 0.0730754 0.939682
-0.021581 0.0400172 -0.140555 -0.334151 -0.0730755 -0.939682
-0.247587 0.377041 -0.047698 0.334151 0.0730755 0.939682
0.197089 -0.458717 -0.0302905 0.369094 -0.92751 -0.0591211
-0.016323 -0.266739 -0.0354378 0.867244 0.366586 -0.3369
0.0221139 0.0108134 0.0977143 -0.334151 -0.0730755 -0.939682
-0.169309 0.47067 0.0162067 -0.369094 0.92751 0.0591209
0.00640705 -0.131303 -0.137184 -0.334151 -0.0730755 -0.939682
-0.135751 0.0916663 -0.103972 -0.334151 -0.0730755 -0.939682
0.0578809 0.026359 -0.119146 -0.867244 -0.366586 0.3369
0.0493655 0.0800355 -0.0826598 -0.867244 -0.366586 0.3369
-0.133154 0.492367 -0.0984736 -0.369094 0.92751 0.0591209
-0.150038 0.484503 -0.0805054 -0.369094 0.92751 0.0591209
-0.255285 0.324995 0.0202877 -0.867244 -0.366586 0.3369
-0.0138424 -0.0754767 -0.095627 0.334151 0.0730755 0.939682
0.123891 -0.0164231 0.0636404 -0.334151 -0.0730755 -0.939682
0.228834 -0.233156 0.0115543 0.867244 0.366586 -0.3369
-0.0404531 0.150076 0.109133 -0.334151 -0.0730755 -0.939682
0.0502311 -0.390244 -0.132631 -0.334151 -0.0730755 -0.939682
-0.200721 0.436908 -0.0786937 -0.334151 -0.0730756 -0.939682
-0.118485 0.316243 -0.127577 -0.334151 -0.0730755 -0.939682
-0.0567462 0.348563 -0.0906061 0.867244 0.366586 -0.3369
-0.235225 0.277705 -0.0443691 0.334151 0.0730755 0.939682
-0.120246 0.450025 -0.108331 -0.334151 -0.0730755 -0.939682
-0.153843 0.380757 -0.0813226 0.334151 0.0730755 0.939682
0.109696 -0.45752 0.108351 -0.867244 -0.366586 0.3369
-0.205177 0.251621 0.0424514 0.867244 0.366586 -0.3369
-0.225626 0.443251 0.0947793 -0.369094 0.92751 0.0591209
-0.0640888 0.373544 -0.0553421 -0.867244 -0.366586 0.3369
-0.0622025 -0.0724081 0.0579145 0.867244 0.366586 -0.3369
0.000430289 -0.20981 -0.128954 -0.334151 -0.0730755 -0.939682
-0.127039 0.476673 0.0321514 0.369093 -0.92751 -0.0591205
0.169327 -0.339131 -0.140259 0.334151 0.0730755 0.939682
-0.00813808 -0.179113 -0.0895961 0.334151 0.0730755 0.939682
-0.0951017 -0.0661314 0.00703953 -0.867244 -0.366586 0.3369
0.0259912 -0.0825695 0.103598 -0.334151 -0.0730755 -0.939682
-0.154047 0.09626 -0.0591256 0.334151 0.0730755 0.939682
0.0099798 -0.291896 -0.0872681 0.334151 0.0730755 0.939682
0.176587 -0.430349 0.0867656 0.334151 0.0730755 0.939682
-0.0768887 0.397606 -0.0621082 -0.867244 -0.366586 0.3369
0.242286 -0.42561 -0.113753 -0.369094 0.92751 0.0591209
-0.066514 0.0714605 0.163212 0.334151 0.0730755 0.939682
0.220803 -0.196266 0.0528387 0.334151 0.0730756 0.939682
0.122573 -0.474359 -0.0963311 -0.369094 0.92751 0.0591206
-0.146717 0.240276 -0.0729318 0.334151 0.0730755 0.939682
-0.0327124 0.282788 -0.073326 -0.867244 -0.366586 0.3369
0.0994854 -0.384205 0.10092 -0.334151 -0.0730755 -0.939682
0.0300595 0.220975 0.117243 0.334151 0.0730755 0.939682
0.00232508 0.194277 -0.106427 0.867244 0.366586 -0.3369
0.0581091 0.0644996 -0.104041 0.867244 0.366586 -0.3369
0.0709084 0.121593 0.110446 0.334151 0.0730755 0.939682
-0.0404143 -0.179577 -0.00261069 0.867244 0.366586 -0.3369
0.0748603 -0.0638856 -0.14665 0.867244 0.366586 -0.3369
0.0272762 -0.321644 0.017052 0.867244 0.366586 -0.3369
-0.0391104 0.327046 -0.0686213 0.867244 0.366586 -0.3369
0.0948663 -0.49325 0.0270626 0.369095 -0.927509 -0.0591214
-0.0770053 0.435963 -0.0476555 0.867244 0.366586 -0.3369
-0.196478 0.16579 -0.0494443 0.334151 0.0730755 0.939682
0.104653 -0.291533 0.130573 0.334151 0.0730755 0.939682
-0.151972 0.0449649 -0.0184702 -0.867244 -0.366586 0.3369
0.256971 -0.402377 -0.100149 0.867244 0.366586 -0.3369
0.00742778 0.0138147 0.141401 0.334151 0.0730755 0.939682
-0.12184 0.0265266 0.0390335 -0.867244 -0.366586 0.3369
-0.126883 0.425669 0.157134 0.334151 0.0730755 0.939682
0.0736996 0.0353312 0.0774638 -0.334151 -0.0730755 -0.939682
0.0914149 0.116702 0.0384961 0.867244 0.366586 -0.3369
0.132564 -0.492629 0.0988952 0.369094 -0.92751 -0.0591208
0.233174 -0.29133 -0.0405749 0.867244 0.366586 -0.3369
0.184055 -0.264908 0.100268 0.334151 0.0730755 0.939682
-0.255296 0.429392 -0.0267977 0.369094 -0.92751 -0.0591214
-0.0936187 0.0162912 -0.074395 0.334151 0.0730755 0.939682
0.284426 -0.40757 -0.0351238 0.867244 0.366586 -0.3369
-0.0538811 0.418953 0.0203456 -0.867244 -0.366586 0.3369
-0.0877859 0.361043 0.109559 -0.334151 -0.0730755 -0.939682
0.157913 -0.28211 -0.170309 0.867244 0.366586 -0.3369
-0.0992028 0.37941 -0.100648 0.334151 0.0730755 0.939682
-0.0152323 -0.304906 -0.0471761 -0.867244 -0.366586 0.3369
0.0614712 -0.35497 0.0957979 -0.867244 -0.366586 0.3369
-0.0851717 0.0207555 0.127144 -0.867244 -0.366586 0.3369
0.0172317 0.273467 0.0450977 -0.867244 -0.366586 0.3369
-0.261454 0.432266 0.043434 -0.369094 0.92751 0.0591209
0.0923316 0.131288 0.0567273 0.867244 0.366586 -0.3369
-0.0895577 -0.117144 -0.0881647 -0.867244 -0.366586 0.3369
0.187836 -0.217017 -0.0764226 0.867244 0.366586 -0.3369
-0.0963891 -0.0982592 -0.0852012 -0.867244 -0.366586 0.3369
-0.0199699 -0.252377 -0.118389 -0.334151 -0.0730755 -0.939682
0.235332 -0.265586 0.0199772 -0.867244 -0.366586 0.3369
-0.0620732 0.16583 -0.0972417 0.334151 0.0730755 0.939682
0.186409 -0.267278 0.0996148 0.334151 0.0730755 0.939682
-0.0257287 -0.203381 0.00929142 0.867244 0.366586 -0.3369
-0.111313 0.100033 -0.113313 -0.334151 -0.0730755 -0.939682
0.109528 -0.200457 -0.129778 0.334151 0.0730755 0.939682
0.0600724 0.161137 0.0331495 -0.867244 -0.366586 0.3369
0.0268903 -0.425864 -0.0703609 -0.867244 -0.366586 0.3369
-0.00376783 0.0673941 -0.11032 0.334151 0.0730755 0.939682
0.109336 -0.403026 0.112752 -0.867244 -0.366586 0.3369
0.137781 -0.480578 0.0961777 0.369093 -0.92751 -0.0591219
-0.0662873 0.496656 0.0979311 -0.369094 0.92751 0.0591196
-0.103345 0.313916 -0.0940814 0.334151 0.0730755 0.939682
-0.119504 0.428636 0.115581 -0.334151 -0.0730755 -0.939682
0.0491749 0.0548392 -0.137551 0.867244 0.366586 -0.3369
0.190109 -0.446767 -0.107589 -0.369094 0.92751 0.0591208
-0.102333 0.449475 -0.0981528 0.867244 0.366586 -0.3369
0.0551117 -0.214118 0.14217 0.334151 0.0730755 0.939682
-0.175885 0.0916511 -0.0606761 -0.334151 -0.0730756 -0.939682
0.0546972 -0.444243 -0.0457628 0.867244 0.366586 -0.3369
-0.24059 0.432335 0.0188489 0.369094 -0.92751 -0.0591209
0.075685 0.0129208 0.0785005 -0.334151 -0.0730755 -0.939682
0.186908 -0.460585 -0.0645588 0.369094 -0.92751 -0.0591209
-0.248956 0.255846 -0.0474608 -0.334151 -0.0730756 -0.939682
0.258346 -0.408403 -0.0761822 -0.867244 -0.366586 0.3369
-0.188712 0.463149 0.0130558 -0.369094 0.92751 0.0591209
-0.107978 0.0491897 -0.110545 -0.334151 -0.0730755 -0.939682
-0.0615331 -0.0843787 0.0735963 -0.867244 -0.366586 0.3369
-0.0610972 0.361758 0.100013 -0.334151 -0.0730755 -0.939682
-0.20266 0.16388 -0.0857951 -0.334151 -0.0730755 -0.939682
-0.0113353 -0.317538 -0.0508892 -0.867244 -0.366586 0.3369
0.208187 -0.3085 -0.0965946 -0.867244 -0.366586 0.3369
0.040355 -0.291378 0.110636 -0.867244 -0.366586 0.3369
0.0920415 -0.0744924 0.079482 -0.334151 -0.0730755 -0.939682
0.0664027 0.165945 0.0546768 -0.867244 -0.366586 0.3369
0.204775 -0.138366 0.0527631 0.867244 0.366586 -0.3369
0.0824799 -0.438393 0.0591047 -0.867244 -0.366586 0.3369
0.0125561 -0.206655 0.127699 0.334151 0.0730755 0.939682
0.144569 -0.186647 0.0695252 -0.334151 -0.0730755 -0.939682
-0.228135 0.451267 -0.0466428 -0.369094 0.92751 0.0591209
-0.12573 0.1897 0.136376 -0.334151 -0.0730755 -0.939682
-0.0165925 -0.0773486 -0.133201 -0.334151 -0.0730755 -0.939682
-0.00685322 0.316275 0.00269393 0.867244 0.366586 -0.3369
-0.104293 0.451144 -0.0743977 -0.867244 -0.366586 0.3369
0.129379 0.00860517 0.0725705 0.867244 0.366586 -0.3369
0.0772681 -0.406095 0.0808318 -0.867244 -0.366586 0.3369
0.230156 -0.248211 0.0255607 -0.867244 -0.366586 0.3369
0.0985213 -0.466214 0.0701258 -0.867244 -0.366586 0.3369
-0.184011 0.288583 -0.0634265 0.334151 0.0730755 0.939682
-0.102529 -0.0588137 -0.0311018 0.867244 0.366586 -0.3369
-0.000812276 0.0281769 0.104517 -0.334151 -0.0730755 -0.939682
0.163896 -0.0673683 0.0533765 -0.334151 -0.0730755 -0.939682
-0.0861956 -0.114809 -0.0499847 0.867244 0.366586 -0.3369
0.0639216 -0.39017 0.0638036 -0.867244 -0.366586 0.3369
0.0788921 -0.0614266 0.0831418 -0.334151 -0.0730755 -0.939682
0.0507402 -0.114139 -0.154284 -0.334151 -0.0730755 -0.939682
0.191447 -0.391915 0.107516 0.334151 0.0730755 0.939682
0.28971 -0.367963 0.021573 0.867244 0.366586 -0.3369
0.0639766 -0.0713084 0.127912 0.334151 0.0730755 0.939682
-0.0694311 0.0313874 0.128668 -0.334151 -0.0730755 -0.939682
-0.169491 0.109935 -0.093395 -0.334151 -0.0730755 -0.939682
0.255861 -0.420541 -0.10853 0.369092 -0.927511 -0.0591203
0.0146444 0.300612 0.0679739 -0.867244 -0.366586 0.3369
0.0419757 0.0622574 -0.121027 -0.867244 -0.366586 0.3369
-0.00655622 -0.242204 0.0164005 0.867244 0.366586 -0.3369
0.0510979 0.203727 0.05639 -0.867244 -0.366586 0.3369
-0.244671 0.241986 -0.0479069 -0.334151 -0.0730756 -0.939682
0.0611881 -0.358459 -0.138999 -0.334151 -0.0730755 -0.939682
-0.157374 0.274992 0.140996 -0.334151 -0.0730755 -0.939682
-0.0691662 0.219602 0.152635 0.334151 0.0730755 0.939682
0.275045 -0.375899 -0.0248107 0.867244 0.366586 -0.3369
0.135876 -0.486403 0.0218916 0.369094 -0.92751 -0.059121
-0.0766033 0.336109 -0.105317 0.334151 0.0730755 0.939682
-0.281493 0.353648 -0.0159991 -0.867244 -0.366586 0.3369
-0.146106 0.148937 0.109765 -0.867244 -0.366586 0.3369
-0.214368 0.199529 -0.0109047 -0.867244 -0.366586 0.3369
-0.102137 0.36738 -0.133007 0.867244 0.366586 -0.3369
-0.0376532 -0.121558 0.0946121 -0.867244 -0.366586 0.3369
0.185292 -0.460499 -0.0759834 0.369092 -0.92751 -0.0591263
0.00753733 -0.245864 0.0486977 0.867244 0.366586 -0.3369
0.110626 -0.127367 0.115683 0.334151 0.0730755 0.939682
-0.000454949 -0.011748 -0.105344 0.334151 0.0730755 0.939682
0.075132 -0.142827 -0.122029 0.334151 0.0730755 0.939682
-0.00596726 0.352106 0.0979316 0.867244 0.366586 -0.3369
-0.126808 -0.0144962 -0.0723607 -0.867244 -0.366586 0.3369
-0.141609 0.0351223 -0.00250326 -0.867244 -0.366586 0.3369
0.0772641 -0.140417 0.0898635 -0.334151 -0.0730755 -0.939682
-0.00424182 0.225814 -0.089015 0.867244 0.366586 -0.3369
0.0626257 -0.500309 -0.0936513 -0.334151 -0.0730758 -0.939682
-0.0706982 0.41508 -0.0271595 -0.867244 -0.366586 0.3369
-0.0619549 -0.196479 -0.107806 -0.334151 -0.0730755 -0.939682
0.00392079 0.0348044 0.102318 -0.334151 -0.0730755 -0.939682
0.0460043 0.0982939 -0.0714449 -0.867244 -0.366586 0.3369
-0.209313 0.313979 0.126641 -0.867244 -0.366586 0.3369
-0.15849 0.433375 0.129076 -0.334151 -0.0730755 -0.939682
-0.00839847 -0.218464 -0.125141 -0.334151 -0.0730755 -0.939682
-0.0730081 0.440987 -0.004916 -0.867244 -0.366586 0.3369
0.0441533 -0.449677 -0.0871502 0.334151 0.0730755 0.939682
0.210859 -0.440761 -0.0722693 -0.369067 0.927521 0.0591115
-0.0442081 -0.0109639 -0.128544 -0.334151 -0.0730755 -0.939682
0.231779 -0.309635 0.0480773 -0.334151 -0.0730755 -0.939682
-0.145258 0.477066 0.0535401 0.927931 0.364201 0.0793896
-0.25443 0.425466 0.0401906 0.369094 -0.92751 -0.0591209
0.0894238 -0.110485 -0.159867 0.867244 0.366586 -0.3369
0.0476767 0.251637 0.0795707 0.334151 0.0730755 0.939682
0.0412128 0.242323 0.0459565 0.867244 0.366586 -0.3369
-0.253178 0.33245 -0.0809398 -0.334151 -0.0730755 -0.939682
-0.0862089 0.397932 -0.0857455 -0.867244 -0.366586 0.3369
-0.0908042 0.435321 -0.0568915 -0.867244 -0.366586 0.3369
-0.120469 0.10636 0.129429 -0.867244 -0.366586 0.3369
-0.120398 0.348369 0.122141 -0.334151 -0.0730755 -0.939682
-0.23631 0.390382 0.113299 0.867244 0.366586 -0.3369
0.0560849 -0.431893 -0.0927761 0.334151 0.0730755 0.939682
-0.138246 0.012051 -0.0729193 -0.867244 -0.366586 0.3369
0.12325 -0.478854 -0.0215965 -0.369094 0.92751 0.0591212
-0.204489 0.435745 0.154923 0.334151 0.0730756 0.939682
-0.0605279 0.149997 0.116278 -0.334151 -0.0730755 -0.939682
-0.187843 0.158495 -0.0519476 0.334151 0.0730755 0.939682
0.0652417 -0.481142 -0.101877 -0.334151 -0.0730754 -0.939682
0.222701 -0.444724 -0.00934292 0.854143 0.313448 0.414957
-0.177263 0.381396 0.178492 0.334151 0.0730755 0.939682
-0.213979 0.33783 0.113599 0.867244 0.366586 -0.3369
-0.0570374 0.140456 -0.135757 -0.334151 -0.0730755 -0.939682
-0.052002 0.438924 0.129475 0.334151 0.0730755 0.939682
