ply
format ascii 1.0
comment Created by Open3D
element vertex 512
property double x
property double y
property double z
property double nx
property double ny
property double nz
end_header
0.0122473 0.0521239 0.199864 0.96141 -0.0653867 -0.267237
-0.428056 -0.321842 -0.293341 -0.96141 0.0653866 0.267237
-0.0812065 -0.0431436 0.1935 -0.224516 0.374931 -0.899455
0.127572 0.0348451 -0.169268 0.96141 -0.0653867 -0.267237
0.347222 -0.0667586 0.0976117 0.96141 -0.0653866 -0.267237
-0.331452 0.0488896 -0.0365088 -0.96141 0.0653866 0.267237
0.122738 0.211505 0.302338 0.69289 -0.35402 0.62815
-0.29446 -0.284335 0.110785 0.224516 -0.374931 0.899455
0.301474 0.144489 0.109411 0.753104 0.112862 -0.648148
0.195452 0.00699891 0.0817493 0.96141 -0.0653867 -0.267237
0.108473 -0.364204 -0.14034 0.96141 -0.0653867 -0.267237
-0.351765 -0.197397 -0.049325 -0.96141 0.0653867 0.267237
-0.103228 0.00623195 0.219579 -0.224516 0.374931 -0.899455
-0.0538782 0.00626908 0.171869 0.224516 -0.374931 0.899455
0.070438 0.173797 0.135804 0.214855 0.309432 -0.926331
0.0554147 -0.182208 0.15454 0.224516 -0.374931 0.899455
-0.415945 -0.375842 -0.249591 -0.159008 -0.924744 -0.345782
-0.0210788 -0.293284 0.0742222 -0.224516 0.374931 -0.899455
-0.0185455 -0.264114 0.13886 0.224516 -0.374931 0.899455
0.139412 -0.337136 -0.0356551 0.96141 -0.0653867 -0.267237
-0.220708 0.026294 -0.203027 -0.224516 0.374931 -0.899455
0.22611 0.206908 0.275181 -0.309734 -0.285831 0.906844
-0.064743 -0.251887 0.0669705 0.224516 -0.374931 0.899455
0.232683 0.289892 0.144451 -0.272162 0.377725 -0.885015
0.181165 0.261543 0.179492 -0.891643 0.284888 -0.35187
-0.0650589 -0.216609 -0.343131 -0.224516 0.374931 -0.899455
-0.0306987 -0.447362 -0.235477 -0.159008 -0.924744 -0.345782
0.349102 0.108296 0.149216 -0.224516 0.374931 -0.899455
0.339257 -0.156605 0.0909428 0.96141 -0.0653866 -0.267237
-0.0171174 -0.0471122 -0.284445 -0.224516 0.374931 -0.899455
-0.170186 0.156202 -0.0355446 0.159008 0.924744 0.345782
0.191261 0.343399 0.225482 -0.943671 0.296617 -0.146638
0.27334 -0.181832 0.1003 0.224516 -0.374931 0.899455
-0.000901255 0.299054 0.248175 -0.929419 0.258344 -0.26351
0.272331 -0.354301 -0.0244512 -0.224516 0.374931 -0.899455
-0.361409 0.0575899 -0.146408 -0.96141 0.0653866 0.267237
0.203649 0.300726 0.283289 -0.753105 -0.112862 0.648148
0.0979919 -0.0548734 -0.253732 0.96141 -0.0653867 -0.267237
-0.383067 -0.301533 -0.136456 -0.96141 0.0653867 0.267237
-0.147025 -0.120765 -0.28272 -0.224516 0.374931 -0.899455
-0.151143 -0.0357535 0.214038 -0.224516 0.374931 -0.899455
-0.127752 -0.392921 0.0593165 -0.224516 0.374931 -0.899455
-0.0225599 0.185583 0.18377 -0.845007 0.308599 -0.436726
-0.150852 -0.445976 0.0960774 0.224516 -0.374931 0.899455
-0.274557 -0.00639728 0.181705 -0.96141 0.0653867 0.267237
0.0295325 0.283897 0.19641 -0.497924 0.377547 -0.780724
-0.0913478 0.146211 0.350532 0.410569 -0.380453 0.828667
-0.142202 0.19463 -0.151183 0.159008 0.924744 0.345782
0.158518 -0.0825435 -0.029214 0.96141 -0.0653867 -0.267237
0.046213 -0.498911 -0.0636962 0.224516 -0.374931 0.899455
-0.261703 -0.369725 -0.336878 -0.159008 -0.924744 -0.345782
0.205687 -0.396064 0.0278862 0.224516 -0.374931 0.899455
-0.373557 -0.368516 -0.0858551 -0.96141 0.0653867 0.267237
0.10007 -0.0174597 0.212068 0.224516 -0.374931 0.899455
-0.293701 -0.493682 0.0233306 0.224516 -0.374931 0.899455
0.165962 0.07901 -0.0419608 0.96141 -0.0653867 -0.267237
0.298951 0.0511815 0.137927 -0.224516 0.374931 -0.899455
0.0368109 0.309247 0.349083 -0.572288 -0.199061 0.795526
0.051378 -0.426517 -0.328965 -0.159008 -0.924744 -0.345782
-0.0674548 0.297501 0.25113 0.572288 0.199061 -0.795526
0.00570039 0.230544 0.188748 -0.692892 0.35402 -0.628148
-0.35777 -0.120752 -0.0896808 -0.96141 0.0653866 0.267237
-0.177885 0.231125 0.352545 -0.753103 -0.112863 0.648149
-0.355705 -0.368228 -0.0217017 -0.96141 0.0653867 0.267237
0.0397213 -0.322461 -0.397894 0.96141 -0.0653867 -0.267237
0.0098436 -0.0906121 0.115579 0.224516 -0.374931 0.899455
0.00538317 -0.0202211 0.181441 -0.224516 0.374931 -0.899455
-0.126493 0.274267 0.395345 -0.214862 -0.309431 0.92633
-0.0157714 -0.244047 -0.366871 -0.224516 0.374931 -0.899455
-0.342295 -0.249426 -0.00252568 -0.96141 0.0653867 0.267237
0.0439448 -0.271897 0.0314995 0.224516 -0.374931 0.899455
-0.280732 -0.235388 0.163169 -0.224516 0.374931 -0.899455
0.0425136 0.0630039 0.115891 0.159008 0.924744 0.345782
-0.0155992 -0.189305 0.169308 0.224516 -0.374931 0.899455
-0.0447729 0.166042 0.251225 0.966709 -0.074714 -0.244729
-0.175805 -0.207238 0.148712 -0.224516 0.374931 -0.899455
0.107988 -0.443007 -0.122804 0.96141 -0.0653867 -0.267237
-0.0142988 -0.41447 0.0751251 0.224516 -0.374931 0.899455
-0.188528 0.148803 -0.159992 -0.224516 0.374931 -0.899455
0.0358614 -0.449348 -0.260772 -0.159008 -0.924744 -0.345782
-0.1185 0.337087 0.251898 -0.127665 0.366557 -0.921595
0.232117 -0.0326125 0.11968 -0.224516 0.374931 -0.899455
-0.0184151 -0.0683991 0.167299 -0.224516 0.374931 -0.899455
-0.133137 0.383962 0.400611 -0.415518 0.491455 0.765387
-0.213378 -0.220585 0.205638 0.224516 -0.374931 0.899455
-0.0872386 -0.459462 -0.177116 -0.159008 -0.924744 -0.345782
0.0239128 -0.291375 0.116898 0.224516 -0.374931 0.899455
-0.165962 -0.319282 0.152661 0.224516 -0.374931 0.899455
-0.322606 -0.125045 0.0378754 -0.96141 0.0653867 0.267237
0.0480221 0.12586 0.30571 -0.0688378 -0.339002 0.938264
0.0756214 -0.395818 -0.250792 0.96141 -0.0653867 -0.267237
-0.221795 0.0911278 -0.17573 -0.224516 0.374931 -0.899455
-0.134702 -0.0634782 0.16297 0.224516 -0.374931 0.899455
0.135512 0.389667 0.270445 0.655135 0.719301 -0.231094
-0.255682 -0.0271315 0.254684 -0.96141 0.0653867 0.267237
-0.164172 0.17398 -0.0858529 0.159008 0.924744 0.345782
0.041084 0.109473 -0.00772647 0.159008 0.924744 0.345782
-0.106202 0.32634 0.416189 -0.0488638 -0.223297 0.973525
-0.244789 -0.123475 0.16544 0.224516 -0.374931 0.899455
0.321351 -0.195232 0.0359742 0.96141 -0.0653866 -0.267237
-0.0560404 -0.212788 0.116503 -0.224516 0.374931 -0.899455
-0.0659643 0.361801 0.408586 0.427247 0.22127 0.876641
0.173912 -0.0110908 0.196291 0.224516 -0.374931 0.899455
-0.36492 -0.450774 -0.0726588 -0.159008 -0.924744 -0.345782
0.0674404 0.250125 0.341853 -0.0688365 -0.339002 0.938264
-0.0323532 -0.00376419 0.250831 0.224516 -0.374931 0.899455
0.229999 -0.310912 0.0573124 0.224516 -0.374931 0.899455
-0.384302 -0.0715179 -0.19718 -0.96141 0.0653866 0.267237
0.244306 0.255942 0.296227 -0.214863 -0.30943 0.92633
-0.141685 0.0505773 -0.21263 -0.224516 0.374931 -0.899455
-0.313891 -0.00266209 0.0392854 -0.96141 0.0653866 0.267237
0.0442384 -0.0228969 0.223738 0.224516 -0.374931 0.899455
-0.213232 -0.0997794 0.255958 0.224516 -0.374931 0.899455
-0.156004 -0.326182 0.0941883 -0.224516 0.374931 -0.899455
-0.41059 -0.31384 -0.232462 -0.96141 0.0653867 0.267237
-0.33152 0.197443 -0.0730979 -0.96141 0.0653866 0.267237
-0.123705 -0.456426 -0.00357258 0.224516 -0.374931 0.899455
-0.342524 0.0873009 -0.0857391 -0.96141 0.0653866 0.267237
0.360958 -0.0349261 0.13924 0.96141 -0.0653866 -0.267237
0.293782 -0.121188 0.0673659 -0.224516 0.374931 -0.899455
0.110773 -0.50723 -0.0970719 0.96141 -0.0653867 -0.267237
-0.388356 -0.408671 -0.129272 -0.96141 0.0653867 0.267237
-0.0140173 0.238653 0.252366 -0.987265 0.147177 0.060389
0.193836 0.159907 0.109507 -0.159008 -0.924744 -0.345783
0.121366 -0.259153 0.0528933 -0.224516 0.374931 -0.899455
0.0927069 0.155695 -0.155079 0.159008 0.924744 0.345782
-0.296219 -0.136554 0.135621 -0.96141 0.0653867 0.267237
0.113575 0.0556488 -0.224714 0.96141 -0.0653867 -0.267237
-0.0520911 -0.331064 0.0308077 0.224516 -0.374931 0.899455
0.197549 -0.18432 0.118182 0.224516 -0.374931 0.899455
0.0360908 -0.418422 0.00778893 -0.224516 0.374931 -0.899455
0.288761 0.370127 0.294756 0.272515 0.618332 0.737157
0.0384582 -0.390849 -0.385705 0.96141 -0.0653867 -0.267237
0.0884731 -0.31564 -0.224174 0.96141 -0.0653867 -0.267237
0.265674 0.228725 0.120248 0.262619 0.298002 -0.917729
-0.253451 -0.401892 0.086953 -0.224516 0.374931 -0.899455
0.352344 0.0350502 0.117875 -0.224516 0.374931 -0.899455
-0.269842 -0.297034 -0.325539 -0.224516 0.374931 -0.899455
-0.0996922 0.0661444 0.172885 0.159008 0.924744 0.345782
-0.0161711 0.113004 0.295466 0.224516 -0.374931 0.899455
-0.21343 0.0949205 0.14823 0.159008 0.924744 0.345782
-0.17286 -0.299721 -0.350867 -0.224516 0.374931 -0.899455
-0.0234164 -0.423723 -0.302044 -0.159008 -0.924744 -0.345782
0.0764365 0.0422959 -0.270528 -0.224516 0.374931 -0.899455
-0.212427 -0.354832 0.14944 0.224516 -0.374931 0.899455
-0.316305 0.15653 -0.00835258 -0.96141 0.0653866 0.267237
0.124571 -0.0446512 -0.160611 0.96141 -0.0653867 -0.267237
-0.213682 -0.24502 -0.317876 -0.224516 0.374931 -0.899455
-0.266594 0.0539158 -0.180059 -0.224516 0.374931 -0.899455
-0.0311732 -0.0541809 0.229521 0.224516 -0.374931 0.899455
0.280587 -0.472815 -0.0342457 -0.159008 -0.924744 -0.345783
0.126168 0.0317228 0.172944 -0.224516 0.374931 -0.899455
-0.338342 -0.479388 -0.00835678 -0.159008 -0.924744 -0.345782
0.193665 -0.446656 -0.0433128 -0.224516 0.374931 -0.899455
-0.104 -0.256505 -0.350041 -0.224516 0.374931 -0.899455
-0.105489 0.0913888 0.237937 -0.224516 0.374931 -0.899455
-0.178315 -0.412897 0.0282036 0.224516 -0.374931 0.899455
0.145206 -0.0696165 0.17906 0.224516 -0.374931 0.899455
-0.235146 -0.218732 0.123325 0.224516 -0.374931 0.899455
-0.123538 0.130491 0.0117664 0.159008 0.924744 0.345782
0.0868197 -0.182704 -0.262648 0.96141 -0.0653867 -0.267237
-0.0395265 0.170694 -0.134385 0.159008 0.924744 0.345782
0.0637193 -0.070178 0.199166 0.224516 -0.374931 0.899455
0.163536 -0.45214 0.0150327 0.224516 -0.374931 0.899455
0.168735 -0.303254 0.0226863 -0.224516 0.374931 -0.899455
-0.244488 -0.187377 -0.286158 -0.224516 0.374931 -0.899455
0.0478333 -0.267252 -0.382219 0.96141 -0.0653867 -0.267237
-0.337375 0.00423149 -0.183102 -0.224516 0.374931 -0.899455
0.0129645 0.172919 0.297815 -0.572288 -0.199061 0.795526
0.247185 0.0521549 0.151254 -0.224516 0.374931 -0.899455
0.271436 0.168308 0.260371 0.319129 -0.379579 0.868376
-0.154642 -0.396809 -0.313678 -0.159008 -0.924744 -0.345782
0.0460475 -0.390874 0.0698975 0.224516 -0.374931 0.899455
-0.379916 -0.122354 -0.16896 -0.96141 0.0653866 0.267237
-0.12271 -0.367228 -0.391525 -0.224516 0.374931 -0.899455
-0.0564344 -0.155374 0.105127 0.224516 -0.374931 0.899455
0.152249 0.295477 0.249648 0.941943 -0.0371845 -0.333707
-0.114878 -0.332068 0.13458 0.224516 -0.374931 0.899455
-0.18058 -0.0375722 0.273738 0.224516 -0.374931 0.899455
0.0896944 -0.425361 -0.192934 0.96141 -0.0653867 -0.267237
0.15025 -0.251634 -0.0175875 0.96141 -0.0653867 -0.267237
-0.0456297 0.0450505 0.221383 -0.224516 0.374931 -0.899455
0.168295 -0.355639 0.0540706 0.224516 -0.374931 0.899455
-0.242477 -0.325834 0.0805107 0.224516 -0.374931 0.899455
0.369632 0.0707232 0.18154 0.224516 -0.374931 0.899455
0.0828625 -0.300372 0.098433 0.224516 -0.374931 0.899455
0.141571 0.292221 0.326254 0.759471 -0.338351 0.555628
-0.284975 0.0476864 0.130992 -0.96141 0.0653866 0.267237
-0.138922 0.186909 0.190314 -0.159009 -0.924744 -0.345782
-0.0878588 0.380024 0.26869 0.184769 0.430848 -0.883307
-0.213105 -0.390589 -0.303427 -0.159008 -0.924744 -0.345782
-0.183238 0.0181561 0.297632 0.224516 -0.374931 0.899455
-0.112341 0.421616 0.358027 -0.140633 0.959109 0.245628
-0.368106 -0.17021 -0.114763 -0.96141 0.0653866 0.267237
0.285242 -0.296881 0.0493717 0.224516 -0.374931 0.899455
-0.236522 -0.453074 -0.125552 -0.159008 -0.924744 -0.345782
0.00218108 -0.113023 -0.316736 -0.224516 0.374931 -0.899455
-0.141098 -0.442687 -0.197212 -0.159008 -0.924744 -0.345782
0.0325283 0.1764 -0.203667 -0.224516 0.374931 -0.899455
0.145884 -0.176686 -0.0516315 0.96141 -0.0653867 -0.267237
-0.328615 -0.278518 0.053807 -0.96141 0.0653867 0.267237
-0.392216 -0.20699 -0.192503 -0.96141 0.0653866 0.267237
0.0316403 0.160168 0.183395 -0.159009 -0.924744 -0.345782
-0.291066 0.097945 0.0967833 -0.96141 0.0653866 0.267237
0.0605032 -0.134378 0.08469 0.224516 -0.374931 0.899455
0.248286 -0.127943 0.129017 0.224516 -0.374931 0.899455
0.0192523 0.00285579 -0.272694 -0.224516 0.374931 -0.899455
0.155186 0.108803 0.197831 -0.224516 0.374931 -0.899455
0.267031 -0.411752 0.00603435 0.224516 -0.374931 0.899455
-0.0446024 0.395428 0.36434 0.692651 0.642038 0.328667
0.0376376 -0.449078 0.0477351 0.224516 -0.374931 0.899455
-0.329349 -0.367929 -0.310574 -0.159008 -0.924744 -0.345782
0.186088 -0.129781 0.143776 0.224516 -0.374931 0.899455
-0.317275 -0.373576 0.117864 -0.96141 0.0653867 0.267237
0.0259318 -0.0357311 0.13444 0.224516 -0.374931 0.899455
-0.0477842 0.0469204 -0.237593 -0.224516 0.374931 -0.899455
-0.0161569 0.132534 -0.2098 -0.224516 0.374931 -0.899455
0.200064 -0.0597711 0.169471 0.224516 -0.374931 0.899455
-0.10665 -0.12153 0.167176 -0.224516 0.374931 -0.899455
-0.0691017 0.0361121 0.276627 0.224516 -0.374931 0.899455
-0.107596 -0.192977 0.102223 0.224516 -0.374931 0.899455
-0.342551 -0.311554 0.0117553 -0.96141 0.0653867 0.267237
0.0203345 0.355164 0.243809 -0.789971 0.329244 -0.517246
0.111586 -0.364172 0.0646686 0.224516 -0.374931 0.899455
0.160768 0.012343 -0.0443362 0.96141 -0.0653867 -0.267237
-0.348882 -0.0397229 -0.0775317 -0.96141 0.0653866 0.267237
-0.124682 -0.506173 -0.0349756 -0.159008 -0.924744 -0.345782
0.0621564 -0.125136 0.176648 0.224516 -0.374931 0.899455
-0.227267 -0.485662 0.0100913 0.224516 -0.374931 0.899455
-0.226073 0.122208 0.0810687 0.159008 0.924744 0.345782
0.157332 0.036554 0.22029 0.224516 -0.374931 0.899455
-0.0481249 0.102324 0.24588 -0.224516 0.374931 -0.899455
0.040419 0.116084 -0.230779 -0.224516 0.374931 -0.899455
0.0270411 -0.469364 -0.203186 -0.159008 -0.924744 -0.345782
-0.148673 0.0827992 0.150869 0.159008 0.924744 0.345782
0.303678 -0.00922251 0.111568 -0.224516 0.374931 -0.899455
0.0327518 -0.213534 -0.366265 -0.224516 0.374931 -0.899455
-0.157588 -0.108656 0.238368 0.224516 -0.374931 0.899455
-0.114346 0.101882 0.0840504 0.159008 0.924744 0.345782
-0.137192 0.0989559 0.319819 0.224516 -0.374931 0.899455
0.132576 -0.393467 -0.046466 0.96141 -0.0653867 -0.267237
0.184758 0.0784604 0.160098 -0.224516 0.374931 -0.899455
0.16782 0.205742 0.171486 -0.944863 0.244093 -0.218296
0.0111902 0.0618784 -0.246079 -0.224516 0.374931 -0.899455
0.0708341 0.39453 0.239348 -0.15846 0.784377 -0.599703
-0.2209 -0.128963 -0.267697 -0.224516 0.374931 -0.899455
-0.0220402 -0.514192 -0.0530287 0.224516 -0.374931 0.899455
-0.11397 -0.011237 -0.245315 -0.224516 0.374931 -0.899455
0.338866 0.278965 0.241709 0.957957 -0.229234 0.172537
0.219588 -0.260684 0.0808483 0.224516 -0.374931 0.899455
-0.126003 0.407839 0.296907 -0.3174 0.785897 -0.530682
-0.296513 -0.427517 0.0516134 0.224516 -0.374931 0.899455
-0.274304 0.18692 -0.0698155 0.159008 0.924744 0.345782
-0.0767968 -0.0703955 -0.279253 -0.224516 0.374931 -0.899455
0.0976219 0.0535479 0.115838 0.159008 0.924744 0.345782
-0.329983 -0.0496616 -0.00710861 -0.96141 0.0653866 0.267237
-0.076749 0.214976 0.362612 0.539796 -0.374684 0.753812
-0.0286283 -0.39991 -0.363331 -0.159008 -0.924744 -0.345782
0.000826188 -0.165555 0.0865901 0.224516 -0.374931 0.899455
0.304501 -0.343542 0.0251141 0.224516 -0.374931 0.899455
0.23137 -0.266414 0.022408 -0.224516 0.374931 -0.899455
0.14309 0.0623122 0.0714906 0.159008 0.924744 0.345782
0.254214 0.176123 0.0897055 0.214856 0.309432 -0.926331
-0.0966049 -0.257734 0.107893 -0.224516 0.374931 -0.899455
-0.054547 -0.326615 0.121793 0.224516 -0.374931 0.899455
-0.260332 -0.427865 -0.182021 -0.159008 -0.924744 -0.345782
-0.0525567 -0.496002 -0.095343 -0.159008 -0.924744 -0.345782
0.145653 0.100924 0.250037 0.224516 -0.374931 0.899455
0.173218 -0.354475 0.000215922 -0.224516 0.374931 -0.899455
-0.352036 0.0188809 -0.103217 -0.96141 0.0653866 0.267237
0.0227993 0.137885 -0.0753008 0.159008 0.924744 0.345782
0.226052 0.378847 0.272348 -0.503847 0.736724 0.450973
0.0934443 -0.481881 -0.165614 0.96141 -0.0653867 -0.267237
0.202933 0.0175474 0.147874 -0.224516 0.374931 -0.899455
0.137854 0.354576 0.341153 0.686056 0.24894 0.683634
-0.409783 -0.237338 -0.248279 -0.96141 0.0653866 0.267237
-0.219634 0.195425 -0.117702 0.159008 0.924744 0.345782
0.0992114 0.177797 -0.217177 0.159008 0.924744 0.345782
0.271415 -0.22022 0.0316681 -0.224516 0.374931 -0.899455
-0.130583 -0.0690168 -0.265253 -0.224516 0.374931 -0.899455
-0.222825 -0.173038 0.174705 -0.224516 0.374931 -0.899455
-0.154953 -0.249017 0.0906844 0.224516 -0.374931 0.899455
-0.0611379 -0.376315 -0.410682 -0.224516 0.374931 -0.899455
0.0607495 -0.436471 -0.0412969 0.224516 -0.374931 0.899455
-0.214695 0.183132 0.243352 -0.911666 0.271953 -0.308069
-0.182762 -0.503007 -0.0167345 -0.159008 -0.924744 -0.345782
0.314337 0.227812 0.154226 0.812927 0.0761104 -0.57737
-0.292936 -0.15385 -0.26009 -0.224516 0.374931 -0.899455
0.134228 -0.237796 -0.0786141 0.96141 -0.0653867 -0.267237
-0.060499 0.17866 0.325107 0.818506 -0.319319 0.477581
-0.0731028 0.223812 0.229007 0.649547 0.165773 -0.74203
-0.20338 -0.0645182 -0.245206 -0.224516 0.374931 -0.899455
-0.0804101 -0.375101 0.108038 0.224516 -0.374931 0.899455
-0.290308 -0.348568 0.171491 0.224516 -0.374931 0.899455
0.269347 0.3997 0.239509 0.033457 0.99939 0.00999731
0.0842507 0.0795907 0.203361 0.224516 -0.374931 0.899455
-0.0702213 0.126127 -0.198975 -0.224516 0.374931 -0.899455
-0.177444 -0.466141 -0.117775 -0.159008 -0.924744 -0.345782
0.0280699 0.13904 0.241543 -0.15901 -0.924743 -0.345784
0.0930466 -0.368609 -0.19476 0.96141 -0.0653867 -0.267237
0.0918315 -0.322268 -0.00145081 0.224516 -0.374931 0.899455
0.203348 0.214621 0.124196 -0.497926 0.377547 -0.780722
0.118333 0.119764 -0.223282 0.96141 -0.0653867 -0.267237
0.0232818 -0.228748 0.143162 0.224516 -0.374931 0.899455
-0.364259 -0.386348 -0.245262 -0.159008 -0.924744 -0.345782
0.317521 -0.112702 0.118088 0.224516 -0.374931 0.899455
0.304822 -0.235313 0.0701487 0.224516 -0.374931 0.899455
0.0595568 0.0193891 0.149023 0.224516 -0.374931 0.899455
-0.0919103 0.0792676 -0.213095 -0.224516 0.374931 -0.899455
0.0821268 0.129137 -0.0791885 0.159008 0.924744 0.345782
0.13874 -0.0710212 0.0915708 0.224516 -0.374931 0.899455
0.232512 0.383354 0.202408 -0.405285 0.808003 -0.42764
-0.185158 0.226178 0.238499 -0.727083 0.346617 -0.592627
0.137767 0.184917 0.246092 0.976976 -0.197846 0.079847
-0.0741737 -0.0842648 0.139196 0.224516 -0.374931 0.899455
-0.213883 -0.47844 -0.0681256 -0.159008 -0.924744 -0.345782
-0.367553 -0.287425 -0.297144 -0.224516 0.374931 -0.899455
0.260777 -0.0264562 0.168203 0.224516 -0.374931 0.899455
0.109249 -0.291039 -0.155448 0.96141 -0.0653867 -0.267237
-0.16941 -0.0031013 -0.228085 -0.224516 0.374931 -0.899455
-0.225183 -0.285743 0.128313 -0.224516 0.374931 -0.899455
-0.245386 0.145835 -0.147037 -0.224516 0.374931 -0.899455
0.0811625 -0.0643214 0.144143 -0.224516 0.374931 -0.899455
-0.306376 -0.0910506 0.0879467 -0.96141 0.0653867 0.267237
-0.0178557 -0.45673 -0.0301209 0.224516 -0.374931 0.899455
-0.249932 0.0682522 0.236336 0.159008 0.924744 0.345782
0.0292525 0.38823 0.307529 -0.680589 0.684864 0.260307
-0.0766909 -0.434707 0.0822631 0.224516 -0.374931 0.899455
0.209899 0.129965 0.182196 -0.159008 -0.924744 -0.345783
-0.187991 -0.361137 0.0521944 0.224516 -0.374931 0.899455
-0.124452 -0.200695 -0.321672 -0.224516 0.374931 -0.899455
-0.26315 -0.086428 -0.23942 -0.224516 0.374931 -0.899455
-0.0590026 0.407339 0.31236 0.52416 0.781738 -0.337849
-0.154058 -0.390037 0.120195 0.224516 -0.374931 0.899455
0.149359 0.0130204 0.123952 0.224516 -0.374931 0.899455
-0.308116 -0.405378 -0.220187 -0.159008 -0.924744 -0.345782
0.125503 0.342054 0.220995 0.531478 0.214982 -0.819337
-0.206254 -0.0734289 0.176682 0.224516 -0.374931 0.899455
0.170986 0.080881 0.00900362 0.159008 0.924744 0.345782
0.0700862 -0.177061 -0.32423 0.96141 -0.0653867 -0.267237
0.116702 0.272152 0.197171 0.572288 0.199061 -0.795526
0.32032 0.163547 0.18173 0.986285 -0.164489 -0.0136417
-0.0301057 0.0679184 0.136142 0.159008 0.924744 0.345782
-0.178763 -0.262587 0.179489 0.224516 -0.374931 0.899455
-0.191595 -0.168188 -0.291362 -0.224516 0.374931 -0.899455
0.122306 -0.170611 0.0541599 0.224516 -0.374931 0.899455
-0.330786 -0.180789 0.0220875 -0.96141 0.0653867 0.267237
-0.159866 0.152661 0.277051 -0.224516 0.374931 -0.899455
0.0823424 0.0784833 0.0561784 0.159008 0.924744 0.345782
-0.126188 0.0456729 0.294862 0.224516 -0.374931 0.899455
-0.27315 -0.0680655 0.195616 0.224516 -0.374931 0.899455
-0.342863 -0.139502 -0.0314658 -0.96141 0.0653866 0.267237
0.131872 0.0988101 -0.169449 0.96141 -0.0653867 -0.267237
-0.275926 -0.213015 0.224406 0.224516 -0.374931 0.899455
0.0807118 -0.193541 0.0903909 -0.224516 0.374931 -0.899455
-0.13839 0.272043 0.229423 -0.224519 0.374932 -0.899454
-0.151738 -0.167491 0.212383 0.224516 -0.374931 0.899455
0.162783 -0.18271 0.0106364 0.96141 -0.0653867 -0.267237
0.123344 -0.361599 -0.0874762 0.96141 -0.0653867 -0.267237
-0.366056 -0.0459467 -0.137794 -0.96141 0.0653866 0.267237
0.331417 0.228261 0.21042 0.982852 -0.181393 0.0331451
-0.205607 -0.407375 0.125836 0.224516 -0.374931 0.899455
-0.154273 0.164531 0.351648 -0.309731 -0.285832 0.906844
-0.22074 0.0757644 0.331006 0.224516 -0.374931 0.899455
-0.173149 -0.139126 0.141033 0.224516 -0.374931 0.899455
0.106579 -0.190621 -0.189624 0.96141 -0.0653867 -0.267237
0.264872 0.350823 0.163493 -0.0256551 0.377125 -0.925807
0.075569 -0.119868 -0.318498 0.96141 -0.0653867 -0.267237
-0.33594 -0.109865 -0.23102 -0.224516 0.374931 -0.899455
-0.175373 -0.415915 -0.253047 -0.159008 -0.924744 -0.345782
-0.000202049 -0.361505 -0.419719 -0.224516 0.374931 -0.899455
-0.237189 -0.407165 -0.248022 -0.159008 -0.924744 -0.345782
-0.160396 0.0433661 0.213921 0.224516 -0.374931 0.899455
-0.326699 -0.32571 0.072249 -0.96141 0.0653867 0.267237
-0.276356 -0.0243944 -0.210265 -0.224516 0.374931 -0.899455
0.0921431 0.406341 0.316675 0.135801 0.925415 0.353786
-0.223689 0.00418415 0.213387 0.224516 -0.374931 0.899455
0.0994066 -0.39525 0.00164347 -0.224516 0.374931 -0.899455
0.142374 -0.0362815 -0.0986111 0.96141 -0.0653867 -0.267237
0.00156699 0.326641 0.290766 -0.985791 0.1295 0.106988
-0.266898 -0.116772 0.236267 -0.96141 0.0653867 0.267237
0.097718 -0.464019 0.0263231 -0.159008 -0.924744 -0.345783
0.0433856 -0.359437 -0.00485158 0.224516 -0.374931 0.899455
-0.231511 -0.418581 0.0391126 0.224516 -0.374931 0.899455
0.325951 0.372609 0.244152 0.751934 0.651313 0.101915
0.0846801 -0.25891 -0.2517 0.96141 -0.0653867 -0.267237
0.17523 -0.0828159 0.0309768 0.96141 -0.0653867 -0.267237
-0.327218 -0.425232 -0.158306 -0.159008 -0.924744 -0.345782
-0.272596 0.0999327 0.162033 0.159008 0.924744 0.345782
0.0602494 0.239319 0.168108 -0.0295633 0.354541 -0.934573
-0.403269 -0.374492 -0.191284 -0.96141 0.0653867 0.267237
-0.099874 -0.429498 -0.251441 -0.159008 -0.924744 -0.345782
0.00596729 -0.350542 0.0967144 0.224516 -0.374931 0.899455
-0.0763395 -0.145822 -0.310808 -0.224516 0.374931 -0.899455
0.011261 0.0912494 0.054724 0.159008 0.924744 0.345782
-0.292492 0.109007 -0.15063 -0.224516 0.374931 -0.899455
0.0269296 -0.340888 0.0423953 -0.224516 0.374931 -0.899455
0.119288 -0.234913 -0.133068 0.96141 -0.0653867 -0.267237
-0.0589387 -0.141153 0.200198 0.224516 -0.374931 0.899455
0.106772 -0.120573 0.114302 -0.224516 0.374931 -0.899455
0.085072 0.312737 0.364996 0.0488046 -0.238713 0.969863
0.0520714 -0.216058 0.052747 0.224516 -0.374931 0.899455
-0.0979232 -0.401375 -0.327548 -0.159008 -0.924744 -0.345782
-0.0843777 -0.0498747 0.244597 0.224516 -0.374931 0.899455
-0.313186 -0.160027 0.0803232 -0.96141 0.0653867 0.267237
-0.0764117 0.0860007 0.299247 0.224516 -0.374931 0.899455
-0.257447 0.146538 0.030429 0.159008 0.924744 0.345782
-0.26736 -0.407943 0.141013 0.224516 -0.374931 0.899455
0.0554182 0.065279 0.257703 0.224516 -0.374931 0.899455
0.140118 -0.187192 0.13132 0.224516 -0.374931 0.899455
0.108779 0.193063 0.172265 0.649547 0.165773 -0.742029
-0.334238 -0.381257 0.0587155 -0.96141 0.0653867 0.267237
0.107233 0.133353 0.220347 0.159008 0.924744 0.345782
0.0366204 -0.493593 -0.142795 -0.159008 -0.924744 -0.345782
-0.395219 -0.273758 -0.186969 -0.96141 0.0653867 0.267237
-0.190993 0.140699 0.0154838 0.159008 0.924744 0.345782
-0.279204 -0.45761 -0.0937948 -0.159008 -0.924744 -0.345782
-0.0826282 0.173526 0.200218 -0.159007 -0.924744 -0.345782
-0.399564 -0.169912 -0.240169 -0.224516 0.374931 -0.899455
-0.0421347 0.0980576 0.0610705 0.159008 0.924744 0.345782
-0.279672 -0.479663 -0.0346014 -0.159008 -0.924744 -0.345782
-0.351221 -0.214904 -0.270991 -0.224516 0.374931 -0.899455
0.133179 -0.240925 0.110654 0.224516 -0.374931 0.899455
0.151168 0.119654 -0.0855768 0.159008 0.924744 0.345782
-0.323333 0.155806 -0.123424 -0.224516 0.374931 -0.899455
-0.0123339 -0.139553 0.136121 -0.224516 0.374931 -0.899455
-0.241244 0.0384283 0.290584 -0.96141 0.0653867 0.267237
-0.0457756 0.122386 -0.0023192 0.159008 0.924744 0.345782
-0.0842956 -0.403092 0.0088222 0.224516 -0.374931 0.899455
0.327258 0.32364 0.185345 0.783986 0.0946067 -0.613527
-0.0701766 -0.477846 -0.0258627 0.224516 -0.374931 0.899455
-0.221357 0.173921 -0.0593996 0.159008 0.924744 0.345782
-0.0105585 -0.238058 0.0592097 0.224516 -0.374931 0.899455
-0.310451 0.0695953 0.0339808 -0.96141 0.0653866 0.267237
0.180436 0.0299224 0.022121 0.96141 -0.0653867 -0.267237
0.29325 -0.0733681 0.140543 0.224516 -0.374931 0.899455
0.0993455 0.138777 0.29236 0.159007 0.924744 0.345783
0.288524 0.0606396 0.197583 0.224516 -0.374931 0.899455
0.147639 0.240568 0.254504 0.987265 -0.147177 -0.0603908
0.325592 0.0101395 0.167279 0.224516 -0.374931 0.899455
0.0536944 -0.0442587 -0.300931 -0.224516 0.374931 -0.899455
-0.186142 -0.358429 -0.372024 -0.224516 0.374931 -0.899455
-0.0252244 -0.441684 0.0231262 -0.159008 -0.924744 -0.345782
0.145941 0.0409221 -0.104671 0.96141 -0.0653867 -0.267237
-0.181099 0.31282 0.354763 -0.926032 0.0182591 0.377004
-0.0118828 -0.381549 -0.000272894 0.224516 -0.374931 0.899455
0.068266 -0.286974 -0.303885 0.96141 -0.0653867 -0.267237
0.230044 -0.147322 0.0723819 -0.224516 0.374931 -0.899455
0.138135 -0.0988596 -0.0985506 0.96141 -0.0653867 -0.267237
0.12696 -0.290416 -0.0918867 0.96141 -0.0653867 -0.267237
-0.185053 0.102137 0.276273 -0.96141 0.0653865 0.267237
-0.000285772 0.0370059 0.259822 0.224516 -0.374931 0.899455
0.268394 0.0982399 0.240142 -0.159006 -0.924744 -0.345783
-0.123041 -0.221728 0.182612 0.224516 -0.374931 0.899455
0.248431 0.328844 0.313923 -0.218755 0.113331 0.969176
-0.291146 -0.014661 0.124046 -0.96141 0.0653866 0.267237
-0.0267365 -0.480562 -0.14851 -0.159008 -0.924744 -0.345782
-0.326981 0.113294 -0.0361817 -0.96141 0.0653866 0.267237
0.122745 -0.170776 -0.136323 0.96141 -0.0653867 -0.267237
0.187705 -0.211609 0.0561528 -0.224516 0.374931 -0.899455
-0.224209 -0.153474 0.236316 0.224516 -0.374931 0.899455
-0.094273 0.144864 0.282226 0.159008 0.924744 0.345782
0.108623 -0.13499 -0.195885 0.96141 -0.0653867 -0.267237
0.208851 -0.0789485 0.106173 -0.224516 0.374931 -0.899455
-0.086241 -0.3133 -0.378149 -0.224516 0.374931 -0.899455
0.0932274 -0.124589 -0.253816 0.96141 -0.0653867 -0.267237
-0.268921 -0.285834 0.192303 0.224516 -0.374931 0.899455
-0.378684 -0.230168 -0.138148 -0.96141 0.0653867 0.267237
0.272957 -0.40626 -0.0462661 -0.224516 0.374931 -0.899455
-0.112915 -0.309207 0.0551011 0.224516 -0.374931 0.899455
0.269693 0.119378 0.155953 -0.224516 0.374931 -0.899455
0.238673 -0.321124 -0.00222036 -0.224516 0.374931 -0.899455
-0.0384639 0.238806 0.306534 0.982852 -0.181392 0.0331419
0.172484 -0.0300925 0.00819799 0.96141 -0.0653867 -0.267237
-0.309087 -0.224064 0.110737 -0.96141 0.0653867 0.267237
0.08445 0.367077 0.359732 0.033871 0.442092 0.89633
-0.0232596 -0.306245 -0.390929 -0.224516 0.374931 -0.899455
-0.165513 0.391132 0.332019 -0.824373 0.56047 -0.0792604
-0.118702 -0.283441 0.155804 0.224516 -0.374931 0.899455
-0.169343 0.33808 0.285162 -0.78997 0.329244 -0.517248
0.110675 -0.0101407 -0.219049 0.96141 -0.0653867 -0.267237
0.172456 -0.144478 0.0525351 0.224516 -0.374931 0.899455
-0.191931 0.267601 0.281973 -0.92942 0.258344 -0.263509
-0.0691029 -0.241811 0.160776 0.224516 -0.374931 0.899455
0.0123447 0.164387 -0.14137 0.159008 0.924744 0.345782
-0.362228 -0.277633 -0.0673344 -0.96141 0.0653867 0.267237
-0.280497 -0.2305 -0.295145 -0.224516 0.374931 -0.899455
-0.216468 0.155456 0.310048 -0.224516 0.374931 -0.899455
0.208299 0.10901 0.238974 -0.159009 -0.924744 -0.345783
0.0609167 -0.353795 -0.313975 0.96141 -0.0653867 -0.267237
0.106119 0.0374653 0.233453 0.224516 -0.374931 0.899455
-0.0349451 0.289286 0.352835 0.891642 -0.284888 0.35187
0.175006 -0.289263 0.0800637 0.224516 -0.374931 0.899455
0.00786919 0.274979 0.312712 -0.83984 -0.05743 0.539788
0.300001 0.273967 0.295026 0.454812 -0.379472 0.805697
-0.0793524 0.190589 -0.169276 0.159008 0.924744 0.345782
-0.040494 0.144053 -0.0626905 0.159008 0.924744 0.345782
0.064764 0.326826 0.201783 -0.127672 0.366558 -0.921594
-0.278641 -0.166338 0.19143 -0.224516 0.374931 -0.899455
-0.0215102 0.350402 0.339617 0.998119 0.058948 0.0168161
-0.107469 0.150767 -0.0498492 0.159008 0.924744 0.345782
-0.14292 0.116073 -0.18502 -0.224516 0.374931 -0.899455
0.161861 0.34132 0.284443 0.992852 0.0937589 -0.0738587
-0.0220234 -0.172095 -0.335318 -0.224516 0.374931 -0.899455
0.126793 -0.121709 0.161942 0.224516 -0.374931 0.899455
-0.111744 -0.479436 -0.112429 -0.159008 -0.924744 -0.345782
0.152986 0.151134 0.151756 -0.159008 -0.924744 -0.345781
0.105077 0.105834 -0.0274217 0.159008 0.924744 0.345782
0.223967 0.0397292 0.20498 0.224516 -0.374931 0.899455
0.304916 -0.277761 -0.000679833 -0.224516 0.374931 -0.899455
-0.347978 -0.427339 0.0205593 -0.96141 0.0653867 0.267237
0.123601 -0.446157 -0.0658617 0.96141 -0.0653867 -0.267237
