ply
format ascii 1.0
comment Created by Open3D
element vertex 128
property double x
property double y
property double z
property double nx
property double ny
property double nz
end_header
0.0772413 -0.211087 0.0953674 -0.334151 -0.0730755 -0.939682
0.0321923 -0.0162613 0.0962359 -0.334151 -0.0730755 -0.939682
0.0398855 -0.130704 0.141098 0.334151 0.0730755 0.939682
0.00695184 0.288276 0.00776489 0.867244 0.366586 -0.3369
0.210178 -0.273919 -0.0808255 0.867244 0.366586 -0.3369
-0.168229 0.0832695 -0.0186394 -0.867244 -0.366586 0.3369
0.195852 -0.266147 -0.0822632 -0.867244 -0.366586 0.3369
0.00602687 -0.338472 -0.0559581 0.867244 0.366586 -0.3369
0.0597816 -0.295137 -0.143423 -0.334151 -0.0730755 -0.939682
0.0445148 0.222765 0.111964 0.334151 0.0730755 0.939682
-0.0865327 0.240674 0.118474 -0.334151 -0.0730755 -0.939682
0.0935395 0.0597857 0.00901831 -0.867244 -0.366586 0.3369
0.0767149 0.111428 0.109172 0.334151 0.0730755 0.939682
0.16756 -0.265223 0.106158 0.334151 0.0730755 0.939682
-0.176444 0.301087 -0.06709 0.334151 0.0730755 0.939682
0.0433165 0.226416 0.0830826 0.334151 0.0730756 0.939682
0.266166 -0.338076 -0.00651205 0.867244 0.366586 -0.3369
-0.104779 0.346682 0.155416 0.334151 0.0730755 0.939682
-0.0637396 0.0554173 -0.0880627 0.334151 0.0730755 0.939682
0.0194935 0.0589865 -0.155476 0.867244 0.366586 -0.3369
-0.0948629 0.0417002 0.124987 -0.867244 -0.366586 0.3369
-0.0447003 -0.11092 0.0610635 0.867244 0.366586 -0.3369
0.138046 -0.000627585 0.0848335 0.867244 0.366586 -0.3369
0.0468079 -0.322313 -0.136697 -0.334151 -0.0730755 -0.939682
-0.169543 0.279307 -0.106548 -0.334151 -0.0730755 -0.939682
-0.110337 -0.0488751 -0.10208 -0.334151 -0.0730755 -0.939682
0.00564852 0.323952 0.0971974 0.867244 0.366586 -0.3369
-0.13368 0.171799 -0.11094 -0.334151 -0.0730755 -0.939682
-0.229898 0.449872 -0.035774 -0.369094 0.92751 0.0591209
-0.0456019 -0.261668 -0.0783048 -0.867244 -0.366586 0.3369
-0.138238 0.14791 -0.107462 -0.334151 -0.0730755 -0.939682
0.0673928 -0.286142 0.131967 -0.867244 -0.366586 0.3369
-0.251575 0.425621 0.0555978 0.369094 -0.92751 -0.0591209
0.092946 -0.501013 -0.0169114 0.369094 -0.92751 -0.059121
-0.00158686 0.0397303 0.142591 0.334151 0.0730755 0.939682
-0.125101 -0.00840536 -0.00737119 -0.867244 -0.366586 0.3369
0.13374 -0.456972 -0.128114 -0.334151 -0.0730754 -0.939682
-0.259936 0.438162 -0.0395917 -0.369094 0.92751 0.0591209
-0.00929628 -0.195879 0.0597549 0.867244 0.366586 -0.3369
0.247073 -0.3083 0.0812329 0.334151 0.0730755 0.939682
0.0696251 0.157843 0.0271717 0.867244 0.366586 -0.3369
0.141106 -0.463186 0.0922619 -0.334151 -0.0730755 -0.939682
-0.158011 0.461258 0.0806376 0.369094 -0.92751 -0.0591206
-0.273459 0.343638 -0.0455748 -0.334151 -0.0730756 -0.939682
-0.0397454 -0.239038 -0.0386057 -0.867244 -0.366586 0.3369
0.168789 -0.35934 -0.138496 0.334151 0.0730755 0.939682
0.0558187 -0.400379 0.0318373 -0.867244 -0.366586 0.3369
-0.0155984 0.414873 0.0874688 0.867244 0.366586 -0.3369
0.0135617 0.194134 -0.0776577 0.867244 0.366586 -0.3369
-0.266529 0.396829 0.0695079 -0.867244 -0.366586 0.3369
0.144581 -0.139722 0.104569 0.334151 0.0730755 0.939682
-0.0487962 0.248555 0.14314 0.334151 0.0730755 0.939682
0.13313 -0.491936 0.0915571 0.369089 -0.927511 -0.0591229
-0.122277 -0.0482722 -0.0974501 -0.867245 -0.366586 0.3369
-0.0181196 0.159835 0.100433 -0.334151 -0.0730755 -0.939682
0.168608 -0.260408 0.105411 0.334151 0.0730755 0.939682
0.247123 -0.422462 -0.132947 0.369092 -0.927511 -0.0591203
0.0598665 0.102503 0.115857 0.334151 0.0730755 0.939682
0.134668 -0.044456 0.00146359 -0.867244 -0.366586 0.3369
0.0135215 -0.151355 -0.0994569 0.334151 0.0730755 0.939682
-0.000744937 -0.172556 -0.131433 -0.334151 -0.0730755 -0.939682
0.015429 -0.278203 0.0338238 0.867244 0.366586 -0.3369
-0.104874 0.0432684 0.0739389 0.867244 0.366586 -0.3369
-0.110052 0.436901 0.147085 -0.369094 0.92751 0.0591209
-0.123753 0.481327 -0.0203552 0.369094 -0.92751 -0.059121
0.0842479 -0.00227477 -0.109413 0.867244 0.366586 -0.3369
-0.00448964 0.289909 0.00707308 -0.867244 -0.366586 0.3369
0.0918361 -0.499305 -0.0506282 0.369094 -0.92751 -0.059121
-0.0616366 0.496451 0.0847077 -0.867244 -0.366586 0.3369
-0.00762243 -0.0453869 -0.138877 -0.334151 -0.0730755 -0.939682
0.0832395 -0.294862 0.138447 0.334151 0.0730755 0.939682
-0.158199 0.0514817 -0.0928648 -0.334151 -0.0730755 -0.939682
-0.00223053 0.323533 0.12075 0.334151 0.0730755 0.939682
0.141086 -0.21723 -0.139696 0.334151 0.0730755 0.939682
-0.0897478 0.138117 0.16629 0.334151 0.0730755 0.939682
-0.206822 0.253387 0.0401406 0.867244 0.366586 -0.3369
0.260969 -0.423601 0.0465603 -0.334151 -0.0730755 -0.939682
-0.0422433 0.291295 -0.0886035 -0.867244 -0.366586 0.3369
0.149406 -0.461636 -0.128421 0.369094 -0.92751 -0.0591192
0.179876 -0.455223 -0.0388075 -0.369094 0.92751 0.0591209
-0.0924759 -0.05783 -0.00415222 0.867244 0.366586 -0.3369
-0.218231 0.181856 -0.0400787 -0.867244 -0.366586 0.3369
0.270054 -0.339657 0.00177636 0.867244 0.366586 -0.3369
-0.0616677 0.391615 -0.0564296 0.867244 0.366586 -0.3369
-0.0284793 0.401578 0.039844 0.867244 0.366586 -0.3369
-0.208265 0.306769 0.121494 -0.867244 -0.366586 0.3369
-0.21489 0.427538 0.15926 0.334151 0.0730756 0.939682
-0.217709 0.184876 -0.0354509 -0.867244 -0.366586 0.3369
0.0823825 0.0503658 -0.029952 -0.867244 -0.366586 0.3369
-0.0154307 -0.0530052 -0.0968098 0.334151 0.0730755 0.939682
0.180307 -0.330906 -0.165759 0.867244 0.366586 -0.3369
-0.207284 0.382548 -0.101156 -0.334151 -0.0730755 -0.939682
-0.0481779 -0.0466371 0.136852 0.334151 0.0730755 0.939682
-0.102546 0.154799 0.169544 0.334151 0.0730755 0.939682
-0.0578296 0.277003 -0.117293 0.867244 0.366586 -0.3369
-0.173127 0.215736 0.112892 -0.867244 -0.366586 0.3369
0.106614 -0.377378 0.133655 -0.867244 -0.366586 0.3369
0.0424529 -0.103453 0.138066 0.334151 0.0730755 0.939682
0.185705 -0.117205 0.0266982 0.867244 0.366586 -0.3369
-0.0953788 0.339747 0.152613 0.334151 0.0730755 0.939682
0.024751 -0.417362 -0.121462 -0.334151 -0.0730755 -0.939682
0.073295 -0.0742198 -0.161924 0.867244 0.366586 -0.3369
0.134758 -0.0495726 -0.00387184 -0.867244 -0.366586 0.3369
0.227555 -0.222752 0.019581 0.867244 0.366586 -0.3369
0.190511 -0.392087 0.107862 0.334151 0.0730755 0.939682
0.226931 -0.230936 0.00907105 0.867244 0.366586 -0.3369
0.117505 -0.00487305 0.103711 0.334151 0.0730755 0.939682
-0.0663236 0.50773 0.0741223 0.867244 0.366586 -0.3369
0.167752 -0.17677 -0.0573452 -0.867244 -0.366586 0.3369
-0.27616 0.335019 -0.0225406 -0.867244 -0.366586 0.3369
0.0779672 -0.110251 -0.164268 -0.334151 -0.0730755 -0.939682
0.280071 -0.421763 -0.0455877 0.867245 0.366585 -0.3369
-0.0101391 0.194901 -0.127645 -0.334151 -0.0730753 -0.939683
0.22513 -0.427609 -0.162896 -0.334151 -0.0730754 -0.939682
0.128056 -0.0846439 -0.0862711 0.867244 0.366586 -0.3369
0.0341944 0.11035 -0.088728 -0.867244 -0.366586 0.3369
-0.195962 0.318091 0.138499 0.867244 0.366586 -0.3369
-0.109643 0.495841 -0.00619306 -0.369094 0.92751 0.059121
-0.082607 -0.152692 -0.0748441 -0.334151 -0.0730756 -0.939682
-0.124617 0.454191 -0.1071 -0.334151 -0.0730755 -0.939682
-0.0669625 0.394048 -0.040428 -0.867244 -0.366586 0.3369
0.0508767 -0.370945 0.0511432 -0.867244 -0.366586 0.3369
-0.121152 0.357469 -0.129834 -0.334151 -0.0730755 -0.939682
0.0313574 -0.434586 -0.12232 -0.867245 -0.366586 0.3369
-0.204859 0.40693 0.147621 -0.334151 -0.0730755 -0.939682
-0.0544494 0.0712022 -0.0925938 0.334151 0.0730755 0.939682
-0.151862 0.124602 0.0684686 -0.867244 -0.366586 0.3369
0.0124464 -0.364384 -0.0406446 -0.867244 -0.366586 0.3369
