ply
format ascii 1.0
comment Created by Open3D
element vertex 128
property double x
property double y
property double z
property double nx
property double ny
property double nz
end_header
0.320494 -0.00990408 0.0372736 -0.128068 -0.991159 -0.0346679
0.105566 0.494574 -0.27437 0.304922 -0.0726134 0.949605
0.0503639 0.0722105 -0.288941 0.304922 -0.0726135 0.949605
-0.279077 -0.11965 -0.136568 0.279067 -0.238126 0.930278
-0.237691 0.367501 -0.345034 -0.304922 0.0726134 -0.949605
0.30882 0.473232 -0.248018 0.128068 0.991159 0.0346679
0.26726 0.126087 -0.0120568 -0.30802 0.0478802 -0.950174
0.0574513 -0.498852 -0.372571 -0.128068 -0.991159 -0.0346681
-0.372436 -0.00914981 -0.244953 -0.304922 0.0726135 -0.949605
0.133931 -0.0640567 -0.0557689 0.0171273 -0.924276 0.381341
-0.00622375 0.509951 -0.134009 0.128068 0.991159 0.0346678
-0.0591676 0.52101 -0.254611 0.128068 0.991159 0.0346678
0.412968 -0.00223656 0.224615 0.0893233 -0.821364 0.563367
-0.142586 -0.201282 -0.198408 0.279067 -0.238127 0.930278
-0.292554 -0.443055 -0.215308 0.279067 -0.238127 0.930278
-0.0905333 0.0549796 -0.271626 -0.325615 -0.47691 -0.816414
0.249025 0.48699 -0.420468 0.128068 0.991159 0.0346679
-0.043394 0.173342 0.339076 -0.0679632 -0.98696 0.145914
0.260592 0.0767222 0.32383 0.253225 -0.363286 0.896605
-0.229017 0.083016 -0.0964249 0.245194 -0.397207 0.884368
0.275399 0.34082 0.38707 0.304922 -0.0726134 0.949605
0.246609 0.47081 -0.464654 0.943727 -0.111043 -0.311526
-0.229178 0.223192 0.0516226 0.00439588 -0.937654 0.347542
0.0289396 -0.373973 -0.31618 0.304922 -0.0726135 0.949605
-0.400965 0.309381 -0.281047 -0.943727 0.111043 0.311526
0.0616317 0.262354 0.245029 0.128068 0.991159 0.034668
0.125088 0.0363251 -0.0118214 -0.158549 0.674749 -0.720816
-0.21506 -0.103258 -0.302683 -0.304922 0.0726135 -0.949605
-0.19398 0.237491 0.371615 -0.943727 0.111043 0.311526
0.0264938 0.460909 -0.422722 -0.304922 0.0726134 -0.949605
-0.00482526 0.49994 0.147051 0.128068 0.991159 0.0346679
-0.0559721 -0.116165 -0.354754 -0.304922 0.0726135 -0.949605
-0.128687 0.272918 -0.226145 -0.943727 0.111043 0.311525
0.194626 -0.0680599 -0.265494 -0.236367 -0.885293 -0.400483
-0.223601 0.532136 0.0347553 0.128068 0.991159 0.0346679
0.292488 -0.0876937 -0.121699 -0.0158536 -0.956055 0.292758
0.377205 0.419314 -0.0506732 0.943727 -0.111043 -0.311526
0.252941 0.245165 -0.365042 0.943727 -0.111043 -0.311526
0.245688 0.23889 -0.384777 0.943727 -0.111043 -0.311526
0.330045 0.308054 -0.153882 0.943727 -0.111043 -0.311526
0.459659 0.26981 0.322484 0.305214 -0.0703437 0.949682
-0.0377553 -0.0477784 -0.00970103 0.000637605 -0.941336 0.337469
0.293757 -0.0429524 -0.138696 0.943727 -0.111042 -0.311527
-0.156779 0.511417 -0.360011 -0.304922 0.0726134 -0.949605
-0.0899061 -0.342895 -0.25046 0.279067 -0.238127 0.930278
0.0957295 0.00426368 -0.472438 -0.319177 -0.552528 -0.76996
0.213556 0.292822 0.177198 0.943727 -0.111043 -0.311526
-0.329862 0.545859 -0.301799 -0.304922 0.0726134 -0.949605
0.13947 0.341889 -0.4681 -0.304922 0.0726134 -0.949605
-0.169987 0.111815 -0.386326 -0.304922 0.0726134 -0.949605
0.232843 0.0790589 -0.366716 0.943727 -0.111044 -0.311525
-0.315983 -0.0677736 -0.112218 0.279067 -0.238126 0.930278
0.14069 0.477627 0.247426 0.128068 0.991159 0.0346679
-0.373747 -0.44759 -0.245245 -0.128068 -0.991159 -0.034668
0.185745 -0.275003 -0.315772 0.279067 -0.238127 0.930278
0.228814 0.0630137 0.326045 0.218677 -0.497143 0.83966
-0.233092 0.239433 0.230249 -0.128068 -0.991159 -0.0346678
-0.136972 0.500548 0.450547 -0.943727 0.111043 0.311526
-0.41206 -0.153025 -0.243231 -0.304922 0.0726135 -0.949605
-0.323278 0.377328 -0.0699226 -0.943727 0.111043 0.311526
-0.435619 -0.321319 -0.161215 -0.943727 0.111043 0.311526
-0.337479 0.219476 -0.0566752 -0.943727 0.111043 0.311526
-0.447275 -0.298134 -0.204789 -0.943727 0.111043 0.311526
0.440079 0.14449 0.237755 0.943728 -0.111045 -0.311524
0.232925 -0.00346177 0.176579 -0.128068 -0.991159 -0.0346679
-0.051336 0.239603 0.455125 0.18207 -0.611921 0.769677
0.0902367 0.199851 0.251898 -0.0651084 -0.985895 0.154183
-0.0304783 0.0456482 0.152375 -0.943727 0.111044 0.311525
-0.182317 0.376739 0.357311 -0.943727 0.111043 0.311526
-0.331392 0.409252 -0.105883 -0.943727 0.111043 0.311526
-0.136664 0.339352 0.508937 -0.943727 0.111043 0.311526
-0.0333738 0.110665 -0.131615 0.18494 -0.603722 0.775447
0.204076 -0.268783 -0.319679 0.279067 -0.238127 0.930278
0.215352 0.41751 -0.122784 -0.943727 0.111043 0.311526
0.324545 0.23154 0.274294 -0.943727 0.111042 0.311526
-6.8828e-05 0.434658 0.482699 0.304922 -0.0726134 0.949605
-0.390179 0.158709 -0.194663 -0.943727 0.111043 0.311526
-0.0508188 -0.116264 -0.356416 -0.304922 0.0726135 -0.949605
0.143396 0.317124 -0.283649 -0.0978081 0.806106 -0.583632
0.152042 0.152747 -0.220196 -0.943727 0.111043 0.311525
0.302875 0.137749 -0.169864 0.0678635 -0.856886 0.51102
-0.17805 0.519134 0.238192 0.128068 0.991159 0.0346679
-0.28563 -0.281642 -0.176067 0.279067 -0.238126 0.930278
0.371323 0.129157 0.105592 0.237056 -0.429705 0.871297
0.00726596 0.200246 -0.0126727 -0.0115907 -0.952475 0.304396
0.320531 0.458889 -0.236467 0.943727 -0.111043 -0.311526
-0.0106242 0.497283 0.244429 0.128068 0.991159 0.0346679
-0.259352 -0.321655 -0.305161 -0.304922 0.0726135 -0.949605
-0.0704141 0.513502 0.00160205 0.128068 0.991159 0.0346678
0.206672 0.222101 0.379284 0.208403 -0.531737 0.820868
-0.260031 0.22262 -0.348939 -0.304922 0.0726134 -0.949605
-0.111524 -0.477671 -0.353911 -0.128068 -0.991159 -0.0346681
0.0997964 -0.145149 -0.406988 -0.304922 0.0726135 -0.949605
-0.353899 0.461762 -0.300511 -0.304922 0.0726134 -0.949605
-0.0803053 0.219602 0.208643 -0.294093 -0.712655 -0.636893
0.371105 0.230434 -0.0018261 0.943727 -0.111042 -0.311526
0.421736 0.278014 0.134593 0.943727 -0.111043 -0.311526
0.473433 0.434533 0.250288 0.128068 0.991159 0.0346679
0.127976 0.379323 0.437352 0.304922 -0.0726134 0.949605
0.194609 0.452878 0.062748 0.943727 -0.111043 -0.311526
0.31869 0.445752 0.180199 -0.943727 0.111043 0.311526
0.0724877 0.202272 -0.345765 -0.27804 0.243678 -0.929147
0.0118834 0.471236 -0.417241 -0.304922 0.0726134 -0.949605
-0.0277556 0.0903472 -0.433638 -0.304922 0.0726134 -0.949605
0.00468249 -0.241431 -0.265124 0.943727 -0.111043 -0.311526
0.199884 0.261912 -0.0471222 -0.2862 -0.746242 -0.60101
0.101635 0.274836 -0.155443 0.943728 -0.111043 -0.311525
-0.361399 0.128735 -0.323569 -0.304922 0.0726134 -0.949605
0.0364728 -0.0785251 -0.2207 0.279067 -0.238127 0.930278
0.393343 0.40665 0.354231 0.304922 -0.0726134 0.949605
-0.0459663 0.386632 -0.0325719 0.172238 0.969147 0.176321
-0.25762 0.541586 -0.109774 0.128068 0.991159 0.0346679
0.191279 0.470763 0.256798 0.128068 0.991159 0.0346678
-0.188628 0.522211 0.189305 0.128068 0.991159 0.0346679
-0.129669 0.255293 -0.22284 -0.943727 0.111043 0.311525
0.0734374 0.495235 -0.00756324 0.128068 0.991159 0.0346678
-0.180531 -0.465049 -0.341436 -0.304922 0.0726135 -0.949605
-0.0624912 0.262927 -0.409288 -0.304922 0.0726134 -0.949605
0.183792 0.140376 -0.497742 -0.304922 0.0726134 -0.949605
0.401382 -0.0207012 0.17941 0.943726 -0.111043 -0.311528
0.040707 0.021855 0.302589 -0.0414244 -0.974219 0.221769
-0.135806 -0.0203952 -0.14316 -0.943727 0.111043 0.311526
0.0810398 0.327668 0.0292193 0.277707 0.777604 0.564102
0.0022015 0.359554 -0.194408 -0.0332466 0.905324 -0.423418
-0.0407251 0.0979151 0.102703 -0.943727 0.111043 0.311526
-0.23805 0.378396 0.187883 -0.943727 0.111043 0.311526
0.132473 -0.36112 -0.433995 -0.304922 0.0726135 -0.949605
0.143876 0.195434 0.0956348 -0.128068 -0.991159 -0.0346678
