ply
format ascii 1.0
comment Created by Open3D
element vertex 128
property double x
property double y
property double z
property double nx
property double ny
property double nz
end_header
0.199184 -0.201398 -0.430215 -0.168311 0.985341 -0.0278245
-0.12711 -0.274446 0.394295 0.168311 -0.985341 0.0278246
-0.0312571 0.158259 -0.217802 0.328603 0.0294727 -0.944008
-0.125141 0.197866 0.068548 -0.328603 -0.0294727 0.944008
0.262097 -0.00860228 -0.42627 0.92935 0.16803 0.328746
-0.00952212 -0.0418766 0.358592 0.92935 0.16803 0.328746
-0.1355 0.00815487 0.482744 -0.328603 -0.0294722 0.944008
-0.0131854 -0.0288996 -0.224864 0.168311 -0.985341 0.0278246
-0.11058 -0.181977 0.0953472 -0.92935 -0.16803 -0.328746
0.212533 -0.153729 -0.260452 -0.168311 0.985341 -0.0278245
-0.0511993 -0.159976 0.16786 -0.328603 -0.0294727 0.944008
-0.0968315 -0.276008 0.15583 0.168311 -0.985341 0.0278246
-0.0413165 0.0923417 0.0944323 -0.328603 -0.0294727 0.944008
0.219055 0.0475262 -0.360825 -0.168311 0.985341 -0.0278246
0.00416236 0.0604749 -0.0399698 -0.168311 0.985341 -0.0278246
0.206632 -0.218048 -0.464537 0.328603 0.029473 -0.944008
-0.113358 0.0189802 0.0126543 -0.92935 -0.16803 -0.328746
-0.128699 0.240494 -0.0492183 -0.168311 0.985341 -0.0278246
0.152889 -0.238663 -0.0322342 0.168311 -0.985341 0.0278246
0.251268 -0.114358 -0.341601 0.929351 0.168032 0.328744
0.123914 -0.161361 0.00534564 -0.168311 0.985341 -0.0278245
0.0534006 -0.25452 0.0080012 0.168311 -0.985341 0.0278246
-0.0518106 0.247241 0.0423421 0.210494 0.00835059 -0.97756
0.109718 0.0311856 -0.27811 -0.168311 0.985341 -0.0278245
0.169923 -0.0293379 -0.155101 0.92935 0.16803 0.328746
-0.0318278 -0.164411 0.3626 0.0732892 0.788748 -0.610332
0.0574149 -0.215679 -0.0783943 0.168311 -0.985341 0.0278245
0.114571 -0.257405 -0.464185 0.168311 -0.985341 0.0278246
0.0547164 0.0413356 -0.191526 0.328603 0.0294726 -0.944008
-0.021912 -0.0213166 0.0964588 0.168311 -0.985341 0.0278245
-0.0671039 -0.0816603 -0.0788315 -0.92935 -0.168031 -0.328747
0.162277 -0.15767 -0.0960078 -0.168311 0.985341 -0.0278245
0.0323173 0.263765 -0.192378 0.328603 0.0294728 -0.944008
0.0913691 0.186906 -0.0435585 0.92935 0.16803 0.328746
0.0851266 -0.0195688 -0.489124 0.168311 -0.985341 0.0278246
0.0756739 0.00968724 0.0913916 0.92935 0.16803 0.328746
0.026015 0.192889 0.121009 -0.328603 -0.0294727 0.944008
0.144536 0.0633754 -0.13072 0.92935 0.16803 0.328746
-0.152939 -0.27144 0.272989 -0.92935 -0.16803 -0.328746
0.097415 0.194614 -0.0645895 0.92935 0.16803 0.328746
0.0972501 -0.0826935 -0.104897 0.92935 0.16803 0.328746
0.0400781 0.0154277 -0.414887 -0.168311 0.985341 -0.0278245
0.0184092 0.149062 0.0247453 -0.819527 -0.155561 -0.551522
-0.100811 0.00659098 0.124416 -0.168311 0.985341 -0.0278245
0.00789839 0.00131929 -0.321105 -0.92935 -0.16803 -0.328746
-0.0523642 -0.258321 -0.0180372 -0.92935 -0.16803 -0.328746
0.0158346 0.155553 0.0265739 -0.791204 -0.151877 -0.592393
-0.0496137 0.257463 0.0733028 -0.16831 0.985341 -0.0278246
-0.0369618 -0.0913575 -0.159086 -0.92935 -0.16803 -0.328746
0.160747 -0.0416508 -0.287714 0.143283 -0.984788 0.0982932
-0.0856794 -0.0897944 0.415866 -0.92935 -0.16803 -0.328746
0.0281802 -0.103693 0.101094 0.92935 0.16803 0.328746
0.208392 -0.154183 -0.251486 -0.168311 0.985341 -0.0278245
-0.123837 0.240922 -0.0634857 -0.168311 0.985341 -0.0278246
0.0631496 -0.157358 -0.173607 0.328603 0.0294728 -0.944008
0.101295 0.0927545 -0.0234967 0.92935 0.16803 0.328746
0.0804282 -0.247809 0.0821903 0.168311 -0.985341 0.0278246
-0.056231 0.249982 -0.151591 -0.168316 0.98534 -0.0278236
-0.0733917 -0.0407698 0.502836 -0.328603 -0.0294728 0.944008
0.0316014 0.266839 -0.0859397 -0.16831 0.985341 -0.0278235
0.177193 0.0217014 -0.467299 0.328603 0.0294731 -0.944008
-0.130011 -0.0809005 0.0986157 -0.92935 -0.16803 -0.328746
-0.0251023 -0.253749 0.510193 0.168311 -0.985341 0.0278246
0.128197 -0.245661 -0.130707 0.168311 -0.985341 0.0278246
0.29522 -0.212777 -0.415547 0.92935 0.168033 0.328744
-0.122985 -0.239491 0.171981 -0.92935 -0.16803 -0.328746
-0.033787 -0.183771 -0.120826 -0.92935 -0.16803 -0.328746
0.211283 -0.0876968 -0.424705 -0.92935 -0.16803 -0.328746
-0.16363 -0.0414451 0.185656 -0.92935 -0.16803 -0.328746
0.0370475 -0.118086 -0.0437332 -0.336584 0.0196803 0.941448
-0.0811891 -0.102399 0.00875251 0.359912 -0.610788 -0.705267
-0.0682811 0.00407298 -0.107157 -0.92935 -0.16803 -0.328746
0.0353971 -0.169787 0.242391 -0.168311 0.985341 -0.0278245
0.0440182 -0.251627 0.167234 0.168311 -0.985341 0.0278246
0.0774089 -0.260791 -0.359292 0.168311 -0.985341 0.0278246
-0.0524085 0.0168851 0.196175 -0.168311 0.985341 -0.0278245
0.11885 0.247555 -0.152245 0.92935 0.16803 0.328746
-0.101248 -0.228718 0.487272 -0.328603 -0.0294724 0.944008
0.0420359 -0.262457 -0.204319 0.168311 -0.985341 0.0278246
0.185442 0.0314518 -0.23004 0.92935 0.16803 0.328746
0.179961 0.0379301 -0.464165 -0.168311 0.985341 -0.0278246
-0.0600742 -0.0741938 0.167448 -0.328603 -0.0294727 0.944008
-0.0200683 -0.170946 0.454376 0.92935 0.16803 0.328746
-0.199561 -0.0449012 0.335861 0.168311 -0.985341 0.0278246
0.188836 -0.237632 -0.213191 0.168311 -0.985341 0.0278246
0.287435 -0.226044 -0.399242 0.168311 -0.985341 0.0278246
0.0844264 -0.0128563 -0.50067 0.328603 0.0294724 -0.944008
0.0220068 -0.26245 -0.22617 -0.92935 -0.16803 -0.328746
0.235667 -0.23239 -0.310839 0.168311 -0.985341 0.0278246
0.0612245 0.114333 -0.135368 -0.727255 0.64561 -0.232996
-0.211165 -0.272022 0.437887 -0.92935 -0.16803 -0.328746
0.0324431 -0.0499256 0.192121 0.168311 -0.985341 0.0278245
-0.116168 0.0107117 0.363237 -0.168311 0.985341 -0.0278245
-0.0238039 -0.0572786 0.271971 0.168311 -0.985341 0.0278245
0.0162662 -0.25139 0.3435 0.168311 -0.985341 0.0278246
-0.0271703 -0.261632 0.243544 0.168311 -0.985341 0.0278246
0.0719541 0.0112802 0.101093 0.92935 0.16803 0.328746
-0.0926115 -0.136481 0.493158 -0.328603 -0.0294726 0.944008
0.0540199 0.108939 0.101877 0.92935 0.16803 0.328746
-0.0116131 -0.222655 0.0921253 -0.168311 0.985341 -0.0278246
-0.138939 0.114794 0.0359965 -0.92935 -0.16803 -0.328746
0.0437372 -0.0161369 -0.117228 -0.168311 0.985341 -0.0278245
-0.142997 0.00323507 0.260761 -0.168311 0.985341 -0.0278245
-0.224737 -0.024709 0.349847 -0.92935 -0.168029 -0.328746
-0.0819147 0.240318 -0.189365 -0.92935 -0.16803 -0.328746
0.118535 -0.0104649 -0.368817 0.168311 -0.985341 0.0278246
-0.0665647 0.0797265 -0.150677 -0.92935 -0.16803 -0.328746
0.258929 -0.12796 -0.356308 0.92935 0.16803 0.328746
-0.0309086 -0.0261499 -0.0202812 0.168311 -0.985341 0.0278246
0.000622183 0.0837856 -0.0499741 -0.273744 -0.0184404 0.961626
0.0954975 0.0924066 -0.00692843 0.92935 0.16803 0.328746
-0.067107 -0.210117 -0.0131654 -0.92935 -0.16803 -0.328746
-0.102448 0.13512 -0.0775509 -0.92935 -0.16803 -0.328746
0.0488184 0.262906 0.037885 0.92935 0.16803 0.328746
0.0913092 -0.165483 0.136725 0.92935 0.16803 0.328746
0.148583 -0.0404623 -0.175285 0.168311 -0.985341 0.0278246
-0.0464389 0.0187304 0.431977 0.92935 0.16803 0.328746
-0.112833 0.000695841 0.0205167 -0.92935 -0.16803 -0.328746
0.114729 -0.0205299 -0.00357178 0.92935 0.16803 0.328746
0.129262 -0.209454 -0.292547 -0.168311 0.985341 -0.0278245
-0.221783 -0.00492202 0.448474 -0.168311 0.985341 -0.0278245
-0.00608062 0.184506 -0.076567 0.202892 -0.978372 0.040277
0.135766 0.151483 -0.159874 0.328603 0.0294727 -0.944008
0.184046 -0.170593 -0.122826 0.92935 0.16803 0.328746
0.013793 -0.162747 0.025979 0.0185403 0.868067 -0.496101
0.0436902 -0.0631219 0.0365109 0.92935 0.16803 0.328746
-0.0876698 -0.229178 0.321202 -0.168311 0.985341 -0.0278246
-0.0163913 -0.266586 -0.115507 -0.92935 -0.16803 -0.328746
