ply
format ascii 1.0
comment Created by Open3D
element vertex 512
property double x
property double y
property double z
property double nx
property double ny
property double nz
end_header
-0.0035217 -0.0336234 0.0683627 -0.0682826 -0.594569 0.80114
-0.278965 -0.40323 0.159819 0.391468 0.761727 -0.51626
0.196246 0.401708 -0.246844 0.0682967 0.594561 -0.801145
0.00928081 0.0414538 -0.22979 0.0682825 0.594569 -0.80114
0.0100438 -0.0542351 -0.0706002 -0.0682826 -0.594569 0.80114
0.024369 0.258537 -0.170724 -0.674584 0.619138 0.402
0.0252285 -0.268206 0.294587 0.0682826 0.594569 -0.80114
0.0773041 -0.157367 0.381285 0.0682825 0.594569 -0.80114
-0.0603749 -0.237368 0.310178 0.0682825 0.594569 -0.80114
-0.265833 -0.0123196 -0.5935 0.0682824 0.594569 -0.80114
-0.31458 -0.268811 -0.187304 0.0682823 0.594569 -0.80114
-0.324825 -0.2386 -0.313161 -0.735033 -0.512987 -0.443363
-0.244485 -0.0249677 -0.185243 -0.674584 0.619138 0.402
-0.0873814 0.0854111 -0.235894 -0.735033 -0.512987 -0.443363
-0.156278 -0.107213 -0.0397668 0.735034 0.512986 0.443363
0.249468 0.208016 0.284816 -0.674584 0.619138 0.402
0.287027 0.0997398 0.514605 -0.674584 0.619139 0.402
-0.0253057 -0.231025 0.388087 -0.0682827 -0.594569 0.80114
-0.137406 -0.251623 0.343526 -0.674584 0.619139 0.401999
-0.301456 -0.0538697 -0.565644 -0.735033 -0.512987 -0.443363
-0.346928 -0.303924 0.0724847 -0.674584 0.619138 0.402
-0.256909 -0.194659 -0.207791 0.335573 -0.227852 0.914043
-0.149601 -0.328313 0.30529 -0.0682826 -0.594569 0.80114
-0.335449 -0.368036 0.190489 -0.674584 0.619138 0.402
0.0451879 -0.10381 0.313757 -0.0682655 -0.59457 0.801141
0.396225 0.252258 0.178987 0.735033 0.512987 0.443363
-0.247004 -0.493023 0.174748 -0.0682821 -0.594569 0.80114
-0.052937 -0.33742 0.244276 0.674584 -0.619138 -0.402
0.224348 0.465749 -0.196921 0.0682823 0.594569 -0.80114
-0.230535 -0.173548 -0.262813 0.735033 0.512987 0.443363
0.370768 0.530785 -0.101074 0.735033 0.512987 0.443363
-0.292752 -0.144576 -0.455158 0.674585 -0.619138 -0.402
0.0486241 0.271188 -0.356292 0.0682823 0.594569 -0.80114
-0.429134 -0.379507 0.0509452 -0.674585 0.619138 0.402
-0.282057 -0.355328 -0.112623 0.674584 -0.619138 -0.402
0.0284633 0.218118 -0.101602 -0.674584 0.619138 0.402
0.131058 0.00941136 0.0537706 0.735033 0.512987 0.443364
0.215332 0.30419 0.0172238 0.674584 -0.619138 -0.402
0.207913 0.233508 0.175824 -0.674584 0.619138 0.402
0.0920965 0.0682392 0.0502979 0.735033 0.512987 0.443363
0.145228 0.195852 0.128629 -0.674584 0.619138 0.402
-0.358949 -0.234631 -0.245304 -0.391468 -0.761727 0.51626
-0.239387 -0.215761 0.117162 -0.674584 0.619138 0.402
-0.0343018 -0.0443646 -0.03854 0.907126 -0.371259 -0.198215
0.306885 0.46681 -0.189098 0.0682826 0.594569 -0.80114
0.0395958 -0.229239 0.394944 -0.0682825 -0.594569 0.80114
0.26286 0.282535 0.0831211 -0.735033 -0.512987 -0.443363
0.360816 0.487193 -0.0341384 0.735033 0.512987 0.443363
-0.0364046 0.055751 0.0396131 -0.674584 0.619138 0.402
-0.16495 0.0280401 -0.133416 -0.674584 0.619138 0.402
-0.281254 -0.31538 0.200335 -0.674584 0.619138 0.402
-0.310987 -0.170246 -0.0730874 -0.674584 0.619138 0.402
-0.204631 0.0526379 -0.466625 0.13023 -0.436214 0.890369
-0.104908 -0.114975 0.187602 -0.674584 0.619138 0.402
0.154886 0.0319929 0.397204 -0.674584 0.619138 0.402
0.397967 0.398538 0.00684854 0.735033 0.512987 0.443363
0.102865 0.249942 -0.367437 0.0682826 0.594569 -0.80114
0.287231 0.372292 -0.0611364 -0.735033 -0.512987 -0.443363
-0.244247 0.141446 -0.441144 -0.674584 0.619138 0.402
0.396362 0.424734 -0.165783 -0.0131499 -0.554561 0.832039
-0.3355 0.0869302 -0.525779 0.0682827 0.594569 -0.80114
0.122746 0.170068 -0.24252 0.674584 -0.619138 -0.402
-0.0935863 0.183574 -0.363223 -0.0682825 -0.594569 0.80114
0.359389 0.135766 0.374841 0.735033 0.512987 0.443363
0.184304 -0.143002 0.401066 0.0682826 0.594569 -0.80114
0.378197 0.0924065 0.305755 0.674584 -0.619138 -0.402
0.146052 0.235638 -0.304399 0.674582 -0.619158 -0.401973
0.368318 0.122898 0.242216 0.674599 -0.619128 -0.401991
0.0943567 -0.0110271 0.299699 0.674584 -0.619138 -0.402
0.121237 -0.0678794 0.159481 0.735033 0.512987 0.443363
0.18888 0.0543161 0.357677 0.674584 -0.619138 -0.402
0.0433326 0.126316 -0.289509 0.0682826 0.594569 -0.80114
-0.416994 -0.218324 -0.183819 -0.735032 -0.512987 -0.443364
0.222031 0.345405 -0.0350111 0.674584 -0.619138 -0.402
0.280896 0.355338 0.110658 -0.674584 0.619138 0.402
-0.207264 -0.0766629 -0.416299 0.674585 -0.619138 -0.402
-0.351153 -0.119861 -0.218089 -0.674584 0.619138 0.402
0.0346362 0.336448 -0.27349 -0.674584 0.619138 0.402
0.0816206 -0.188059 0.254336 -0.0682825 -0.594569 0.80114
0.408616 0.471988 -0.0957914 0.735033 0.512987 0.443363
0.0704107 -0.0805108 0.42872 -0.674584 0.619138 0.402
0.193956 0.376691 -0.195394 -0.0682825 -0.594569 0.80114
0.0728074 -0.0770924 0.25043 0.735033 0.512987 0.443363
0.395752 0.180143 0.200087 0.674584 -0.619138 -0.402
0.161726 -0.11998 0.48644 -0.0682824 -0.594569 0.80114
-0.0692684 0.184113 -0.213231 -0.674584 0.619138 0.402
-0.286872 -0.110355 -0.242529 0.735031 0.512988 0.443364
-0.091549 0.202931 -0.279602 -0.674584 0.619138 0.402
0.0825133 0.122687 -0.23706 0.674584 -0.619138 -0.402
-0.299784 -0.406022 -0.0642929 0.674584 -0.619138 -0.402
0.0483076 0.234436 -0.313382 -0.0682423 -0.594619 0.801106
-0.0109285 0.145264 -0.0554994 -0.674584 0.619138 0.402
-0.267032 0.0235639 -0.42909 0.721146 0.436347 0.538098
0.104204 -0.223703 0.404559 -0.068268 -0.594585 0.80113
0.133868 0.243985 -0.0267539 0.674585 -0.619138 -0.402
-0.21458 -0.0327986 -0.122998 -0.674584 0.619138 0.402
-0.0633039 -0.0602261 0.173096 -0.674584 0.619138 0.402
-0.398689 -0.405682 0.00261435 -0.735033 -0.512987 -0.443363
-0.394957 -0.116428 -0.296883 -0.674584 0.619138 0.402
0.0918928 -0.0351469 0.0217667 0.674584 -0.619138 -0.402
-0.345992 -0.375995 -0.119098 -0.735033 -0.512987 -0.443363
0.0912773 0.0479591 -0.0502439 0.0682825 0.594569 -0.80114
0.0860089 -0.0597695 0.360761 0.674584 -0.619138 -0.402
0.213275 0.105182 0.320274 0.674584 -0.619138 -0.402
0.243468 0.286523 0.153836 -0.674584 0.619138 0.402
0.384718 -0.0219534 0.515336 0.735033 0.512987 0.443363
0.275966 0.168791 0.192998 -0.735033 -0.512987 -0.443363
-0.353083 -0.0113447 -0.388459 -0.674584 0.619138 0.402
0.0622787 0.159759 0.0450232 -0.674584 0.619138 0.402
-0.25654 0.0765221 -0.443141 0.58008 -0.459174 0.672805
0.0234911 -0.135317 0.372206 0.674584 -0.619138 -0.402
-0.1385 -0.174849 0.223447 -0.674584 0.619138 0.402
0.0330294 -0.164417 0.184273 0.674584 -0.619138 -0.402
-0.181498 -0.0713136 -0.0839668 0.604196 -0.792294 -0.0849579
0.0800097 -0.0319416 0.181269 0.0682826 0.594569 -0.80114
-0.379715 -0.278645 -0.175828 -0.735033 -0.512987 -0.443363
0.0698118 0.166428 -0.190175 0.958888 -0.260817 -0.111839
-0.0174883 0.220216 -0.244133 0.674584 -0.619138 -0.402
-0.402735 -0.437669 0.0463322 -0.735033 -0.512987 -0.443363
-0.319546 -0.374266 0.118118 0.737864 0.581908 0.341966
0.11445 0.0462209 0.245246 0.674584 -0.619138 -0.402
0.0255456 -0.16126 0.269446 -0.0682826 -0.594569 0.80114
0.434988 0.475595 -0.171657 0.0862781 0.606964 -0.790032
0.339864 0.1893 0.345271 0.735033 0.512987 0.443363
-0.0506466 -0.156007 0.278788 0.642767 -0.735325 -0.21482
0.4002 0.0651886 0.388843 0.735033 0.512987 0.443363
-0.240007 -0.451286 0.109991 0.601173 0.776795 -0.187567
0.185813 0.181054 0.219524 -0.674584 0.619138 0.402
0.147362 0.0877645 0.298682 -0.674584 0.619138 0.402
0.106331 -0.150819 0.458831 -0.0682825 -0.594569 0.80114
0.0180085 0.0558144 0.130825 -0.674584 0.619138 0.402
0.244926 0.0168558 0.519903 0.706932 0.385014 0.593305
-0.0800202 -0.227889 0.114402 -0.735033 -0.512987 -0.443363
-0.185345 -0.454325 0.202137 0.674584 -0.619138 -0.401999
-0.234824 -0.162022 0.0420521 -0.674584 0.619138 0.402
0.244445 0.353202 0.0527809 -0.674584 0.619138 0.402
-0.055111 0.288698 -0.35055 -0.674584 0.619138 0.402
-0.0666445 0.114707 -0.101932 -0.674584 0.619138 0.402
0.363338 0.229082 0.260325 0.735033 0.512987 0.443363
-0.247438 -0.199304 -0.0640213 -0.735033 -0.512987 -0.443363
0.0957794 0.234849 -0.076599 0.674584 -0.619138 -0.402
-0.371623 0.0216688 -0.536717 -0.735033 -0.512987 -0.443363
-0.0794476 -0.232025 0.118238 -0.735033 -0.512987 -0.443363
-0.236302 -0.099543 -0.19791 -0.735033 -0.512987 -0.443363
-0.386501 -0.300386 0.000629635 -0.674584 0.619138 0.402
-0.083302 0.0388023 -0.188729 -0.735033 -0.512987 -0.443363
0.300805 0.2673 0.0378405 -0.735033 -0.512987 -0.443363
0.0704692 0.0996244 0.0891945 0.674584 -0.619138 -0.402
-0.0988 -0.00850594 -0.108298 -0.735033 -0.512987 -0.443363
0.134497 0.37843 -0.170574 -0.674584 0.619138 0.402
-0.379786 -0.320967 -0.126742 -0.735033 -0.512987 -0.443363
-0.0988239 0.0478852 -0.0530165 -0.674584 0.619138 0.402
-0.103595 -0.0171836 -0.0903083 -0.735033 -0.512987 -0.443363
-0.225009 -0.280575 0.178923 0.674584 -0.619138 -0.402
0.316199 0.0992336 0.206777 -0.735033 -0.512987 -0.443363
-0.424616 -0.271522 -0.107785 -0.674584 0.619138 0.402
0.0275893 -0.231672 0.216538 0.674584 -0.619138 -0.402
0.170444 0.110368 0.240412 0.674584 -0.619138 -0.402
-0.170203 -0.170125 0.162971 -0.674584 0.619138 0.402
0.0687808 0.153767 -0.0781741 -0.0682826 -0.594569 0.80114
-0.223683 -0.0117937 -0.543759 0.674584 -0.619138 -0.402
-0.33433 -0.253478 0.0159298 -0.674584 0.619138 0.402
0.245292 -0.0563422 0.540792 -0.0682824 -0.594569 0.80114
0.236204 0.311735 -0.24 -0.0682794 -0.594573 0.801137
-0.0909364 -0.16584 0.067326 0.0682825 0.594569 -0.80114
-0.0937649 0.131958 -0.174012 -0.674584 0.619138 0.402
-0.0450867 0.0861174 -0.0217249 -0.674584 0.619138 0.402
-0.303795 -0.126261 -0.128763 -0.674584 0.619138 0.402
-0.00486906 0.198217 -0.344795 -0.0682826 -0.594569 0.80114
0.104898 -0.0954154 0.499827 -0.0682825 -0.594569 0.80114
0.354029 0.500824 -0.159836 0.0682826 0.594569 -0.80114
0.428906 0.333219 0.0311319 0.735033 0.512987 0.443363
-0.206809 -0.0849386 -0.0296561 -0.674584 0.619138 0.402
-0.00996886 0.118962 -0.248019 0.427951 -0.74284 -0.514826
0.035294 -0.0875693 0.00752807 0.674584 -0.619138 -0.402
-0.271795 -0.292114 0.118185 0.674581 -0.619137 -0.402007
0.176958 -0.00682939 0.431845 0.674584 -0.619138 -0.401999
0.258893 -0.0506327 0.445683 -0.537454 -0.0386182 -0.842408
-0.14969 0.179032 -0.34036 -0.674584 0.619138 0.402
0.341835 0.043584 0.319931 0.674584 -0.619138 -0.402
-0.345494 -0.0418982 -0.506487 -0.735033 -0.512987 -0.443363
0.300525 0.0118011 0.59546 0.13023 -0.436214 0.890369
0.00631662 0.102485 -0.121557 -0.0682826 -0.594569 0.80114
-0.277531 -0.194741 -0.352355 0.674584 -0.619138 -0.402
0.211432 0.241168 0.107742 0.674584 -0.619138 -0.402
-0.276636 -0.309871 -0.173536 0.674584 -0.619138 -0.402
0.197599 0.423626 -0.134294 -0.674584 0.619138 0.402
-0.253834 -0.242191 -0.160862 0.391476 0.76173 -0.516251
0.0732501 0.287719 -0.271712 -0.0682825 -0.594569 0.80114
0.281613 0.0601029 0.566567 -0.674584 0.619139 0.402
-0.0271374 -0.287657 0.345901 -0.0683018 -0.59455 0.801153
-0.035947 -0.0862034 0.0257361 0.637107 -0.643939 -0.4236
0.0143277 0.0959198 0.0628797 -0.674584 0.619138 0.402
0.268624 0.0757426 0.312831 -0.735033 -0.512987 -0.443363
0.259297 -0.0630514 0.537006 -0.0682824 -0.594569 0.80114
-0.123031 -0.100822 0.135393 -0.674584 0.619139 0.401999
0.0339902 -0.077371 0.362768 -0.674584 0.619138 0.402
-0.0599124 0.21878 -0.333212 0.179078 -0.777556 0.602775
-0.333948 -0.227757 -0.236501 -0.0682826 -0.594569 0.80114
0.00586867 0.049581 -0.0563197 0.0682825 0.594569 -0.80114
0.388138 0.16746 0.290509 0.735033 0.512987 0.443363
-0.267869 -0.0275457 -0.369847 0.735033 0.512987 0.443363
-0.0933117 -0.223387 0.374032 -0.674584 0.619139 0.401999
-0.245775 -0.391665 0.250076 -0.0682827 -0.594569 0.80114
0.209372 0.23196 0.180655 -0.674584 0.619138 0.402
-0.216613 0.0312226 -0.287202 0.674584 -0.619138 -0.402
-0.30388 -0.170902 -0.189464 0.170717 -0.772898 0.611134
0.234794 0.00268229 0.576438 -0.674584 0.619138 0.402
0.0979082 0.224709 -0.140378 0.735033 0.512987 0.443363
-0.180483 0.00252051 -0.493313 0.674585 -0.619137 -0.402001
-0.266288 -0.0790286 -0.312901 0.735033 0.512987 0.443363
0.00968214 -0.033135 0.253847 -0.674584 0.619138 0.402
-0.401417 -0.123309 -0.297124 -0.674584 0.619138 0.402
0.168053 -0.171563 0.448697 -0.0682824 -0.594569 0.80114
-0.361088 -0.207187 -0.100265 -0.674584 0.619138 0.402
-0.0220529 0.0616971 -0.181138 0.907126 -0.371259 -0.198216
-0.446475 -0.472708 0.159776 -0.735885 -0.607088 -0.299863
-0.173007 -0.126722 0.025712 0.936815 -0.314366 -0.153462
-0.246127 0.00939043 -0.240915 -0.674584 0.619138 0.402
0.0782073 0.193133 -0.341487 -0.0682828 -0.594569 0.80114
-0.295773 0.0170429 -0.33601 -0.674584 0.619138 0.402
-0.244857 0.101223 -0.380218 -0.674584 0.619138 0.402
-0.29258 0.0577963 -0.393418 -0.674584 0.619138 0.402
0.134498 0.388111 -0.262198 0.0682823 0.594569 -0.80114
0.107357 -0.119793 0.178083 0.674584 -0.619138 -0.402
-0.267066 -0.418451 0.0097519 0.674584 -0.619138 -0.402
-0.29287 -0.240937 -0.0814995 0.735033 0.512987 0.443363
-0.297537 -0.10571 -0.512159 -0.735033 -0.512987 -0.443363
0.181031 0.260084 0.027593 0.674584 -0.619138 -0.402
-0.139663 0.174559 -0.444054 0.0682827 0.594569 -0.80114
0.3952 0.0188173 0.450787 0.735033 0.512987 0.443363
-0.0391748 -0.0692829 0.227535 -0.674584 0.619138 0.402
0.135831 0.0305642 -0.0057067 0.674584 -0.619138 -0.402
-0.20919 -0.263375 0.241168 -0.674584 0.619138 0.402
0.078846 0.377616 -0.27473 0.0682823 0.594569 -0.80114
-0.144163 -0.0143038 -0.188792 0.674584 -0.619138 -0.402
0.230741 0.326907 -0.299418 0.0682826 0.594569 -0.80114
-0.0909872 -0.0161978 0.0588312 -0.674584 0.619138 0.402
0.0728531 0.036762 0.118621 0.735033 0.512987 0.443363
0.300815 0.36117 -0.238033 0.674584 -0.619138 -0.401999
-0.386813 -0.48861 0.0788767 -0.735033 -0.512987 -0.443363
0.11474 -0.120983 0.411478 0.0682819 0.594569 -0.80114
-0.261317 -0.0743346 -0.137455 -0.674584 0.619138 0.402
0.158059 0.237609 0.0858499 -0.674584 0.619138 0.402
-0.0924216 -0.135005 0.239405 -0.674584 0.619138 0.402
0.00516321 0.0748498 -0.293183 0.674584 -0.619138 -0.402
-0.186157 0.0471744 -0.542555 0.0682752 0.594575 -0.801136
-0.187074 -0.182367 0.0913267 0.674584 -0.619138 -0.402
-0.264926 -0.0169087 -0.294144 0.674584 -0.619138 -0.402
0.249845 0.37066 -0.195106 -0.0682825 -0.594569 0.80114
0.307935 0.00345068 0.5113 -0.703844 -0.703649 -0.0973785
-0.203453 -0.223463 0.033852 0.674584 -0.619138 -0.402
-0.299115 -0.277806 -0.0284865 0.735033 0.512987 0.443363
0.0507144 -0.00825769 -0.0265578 0.674584 -0.619138 -0.402
-0.225308 -0.0199668 -0.449105 0.733136 0.498242 0.46289
-0.0795116 -0.0409743 0.116248 -0.674584 0.619138 0.402
-0.392451 -0.521534 0.126352 -0.736484 -0.527382 -0.423628
0.261829 0.438117 -0.0488293 -0.674584 0.619138 0.402
0.0956713 0.197115 -0.0186646 0.674585 -0.619138 -0.402
0.342606 0.0949699 0.449868 0.735033 0.512987 0.443363
-0.317875 -0.314003 0.136762 -0.674584 0.619138 0.402
-0.240335 -0.348428 -0.0532381 0.674584 -0.619138 -0.402
0.318657 0.381034 -0.136914 -0.687248 -0.725539 -0.0358154
0.303298 0.464713 -0.0202023 -0.674584 0.619138 0.402
-0.250137 -0.132583 -0.0289833 -0.674584 0.619138 0.402
-0.268606 -0.243557 -0.262193 0.674584 -0.619138 -0.402
-0.257333 0.0519157 -0.325214 -0.674584 0.619138 0.402
0.250559 0.395724 -0.00244934 -0.674584 0.619138 0.402
0.243486 0.0905905 0.455632 -0.674584 0.619138 0.402
-0.259346 -0.410228 0.0100419 0.674584 -0.619138 -0.402
-0.00436341 -0.0620191 0.151756 0.0682825 0.594569 -0.80114
0.0427679 0.187762 -0.243955 0.0682825 0.594569 -0.80114
-0.275697 -0.403405 0.0780127 0.735033 0.512987 0.443363
0.105633 0.335768 -0.215493 0.674584 -0.619138 -0.402
-0.361017 -0.410504 -0.0542599 -0.735033 -0.512987 -0.443363
-0.148977 -0.329556 0.234208 0.0682825 0.594569 -0.80114
-0.348748 -0.533617 0.0678452 -0.735033 -0.512987 -0.443363
-0.029949 0.270636 -0.280509 -0.674584 0.619138 0.402
-0.33098 0.0548365 -0.453298 -0.674574 0.61915 0.401999
-0.0261396 -0.178648 0.124323 -0.885294 0.406354 0.226122
-0.189916 0.155635 -0.462381 0.0682827 0.594569 -0.80114
0.156312 0.294642 -0.00492138 -0.674584 0.619138 0.402
-0.138289 -0.00927342 -0.0312099 -0.674584 0.619138 0.402
0.40373 0.320388 0.0877165 0.735033 0.512987 0.443363
-0.331765 -0.15363 -0.39997 -0.735033 -0.512987 -0.443363
0.396088 0.332359 -0.0337843 0.674603 -0.619125 -0.401989
-0.304675 -0.488393 0.0543638 0.674567 -0.619152 -0.402007
0.0367147 -0.0378651 0.306495 -0.674584 0.619138 0.402
-0.182293 0.0791921 -0.241301 -0.674584 0.619138 0.402
-0.256127 -0.143544 -0.395287 0.674584 -0.619138 -0.402
-0.0590758 0.101292 -0.301195 -0.735033 -0.512987 -0.443363
-0.30321 -0.37664 0.256332 -0.0682826 -0.594569 0.80114
-0.269577 0.0116089 -0.520862 -0.606962 -0.775151 0.17532
-0.156351 0.135048 -0.404587 -0.0682825 -0.594569 0.80114
-0.100372 -0.101463 0.00186391 -0.735033 -0.512987 -0.443363
-0.400196 -0.381834 0.103089 -0.674584 0.619138 0.402
-0.443102 -0.429584 0.104633 -0.674585 0.619138 0.402
-0.168407 0.124155 -0.287248 -0.674584 0.619138 0.402
-0.0217853 0.182545 -0.131135 -0.674584 0.619138 0.402
0.290387 0.405073 0.0499874 -0.674584 0.619138 0.402
0.0527847 -0.0910291 0.171523 -0.104749 -0.794303 -0.598423
0.213116 0.301751 0.079451 -0.674584 0.619138 0.402
0.125319 0.286837 -0.107099 0.674584 -0.619138 -0.402
0.0543577 0.0192658 0.248111 -0.674584 0.619138 0.402
-0.207982 -0.0952489 -0.124279 0.299721 -0.832369 0.466186
0.154561 0.33019 -0.0626086 -0.674584 0.619138 0.402
-0.037442 -0.100995 0.279285 -0.674584 0.619138 0.402
-0.103155 0.140763 -0.278846 -0.221702 -0.773893 -0.593244
0.297444 -0.102556 0.470516 0.674584 -0.619138 -0.402
-0.0891213 -0.357345 0.288899 -0.0682967 -0.594558 0.801147
-0.379646 0.0117661 -0.468627 -0.674584 0.619138 0.402
0.414354 0.394521 -0.0988724 0.674584 -0.619138 -0.402
-0.0972295 -0.374947 0.227748 0.674584 -0.619138 -0.402
-0.291893 -0.521735 0.127163 0.674584 -0.619138 -0.401999
0.067185 -0.0197761 0.084666 -0.0682826 -0.594569 0.80114
0.0332675 0.166235 -0.013633 -0.674584 0.619138 0.402
0.113981 -0.128781 0.241975 0.735033 0.512987 0.443363
0.351095 0.452118 0.0225621 0.735033 0.512987 0.443363
-0.20109 -0.220557 0.0333408 0.674584 -0.619138 -0.402
-0.254441 -0.101475 -0.0841168 -0.674584 0.619138 0.402
-0.330271 -0.422213 0.220203 -0.0682827 -0.594569 0.80114
-0.209894 -0.144444 -0.0829183 0.177378 0.485642 -0.855972
-0.094919 0.118968 -0.411285 -0.0682825 -0.594569 0.80114
-0.232092 -0.0557761 -0.25553 -0.735033 -0.512987 -0.443363
0.0881725 -0.240241 0.331398 0.674585 -0.619135 -0.402004
-0.378073 -0.254165 -0.0564139 -0.674584 0.619138 0.402
-0.34111 -0.497387 0.0132631 -0.735033 -0.512987 -0.443363
0.150462 -0.0731156 0.450048 0.0682825 0.594569 -0.80114
-0.218558 -0.406646 0.171065 0.0682825 0.594569 -0.80114
-0.0873195 -0.297718 0.333304 -0.0682826 -0.594569 0.80114
-0.0841465 0.0253258 0.00635796 -0.674584 0.619138 0.402
0.304839 0.173935 0.421115 0.735033 0.512987 0.443363
0.380268 0.206933 0.132843 0.674586 -0.619137 -0.401999
-0.36047 -0.157538 -0.347859 -0.735033 -0.512987 -0.443363
0.26765 0.116392 0.267412 -0.735033 -0.512987 -0.443363
0.343657 0.0534523 0.496163 0.735033 0.512987 0.443363
-0.194367 0.0764194 -0.31948 0.674584 -0.619138 -0.402
-0.188699 -0.363386 0.205716 0.0682825 0.594569 -0.80114
-0.411506 -0.172759 -0.245637 -0.735033 -0.512987 -0.443363
0.145103 0.111717 -0.115135 0.674584 -0.619138 -0.402
-0.0624486 -0.289606 0.271232 0.0682778 0.594577 -0.801135
-0.243457 -0.294497 -0.101447 0.735033 0.512987 0.443363
-0.089381 0.0724101 -0.448077 0.674583 -0.619153 -0.40198
0.0256981 0.0240973 0.192577 -0.674584 0.619138 0.402
-0.151206 -0.409638 0.1906 0.674584 -0.619143 -0.401994
-0.300195 -0.316258 0.0177938 0.735033 0.512987 0.443363
-0.363334 -0.129554 -0.223601 -0.674584 0.619138 0.402
-0.112899 -0.0829297 0.0626491 0.674584 -0.619138 -0.402
0.346125 0.288763 -0.0504807 0.674584 -0.619138 -0.402
-0.342351 -0.069793 -0.280432 -0.674584 0.619138 0.402
-0.371486 -0.178279 -0.162237 -0.674584 0.619138 0.402
0.246051 -0.152144 0.460648 0.674584 -0.619138 -0.401999
-0.386986 -0.0851196 -0.38769 -0.735033 -0.512987 -0.443363
-0.315329 0.106252 -0.50972 0.0682827 0.594569 -0.80114
-0.0700137 -0.0857598 -0.0666361 -0.735033 -0.512987 -0.443363
0.248771 -0.150636 0.46289 0.674584 -0.619138 -0.401999
0.355733 -0.0247706 0.564281 0.644318 0.228064 0.72996
0.402054 0.434973 -0.0420834 0.735033 0.512987 0.443363
-0.142185 0.0867976 -0.18571 -0.674584 0.619138 0.402
0.103646 0.226779 -0.20981 0.0682827 0.594569 -0.80114
0.0968003 0.142137 0.130094 -0.674584 0.619138 0.402
0.359114 0.379392 0.0934142 0.735033 0.512987 0.443363
0.272753 0.182169 0.182846 -0.735033 -0.512987 -0.443363
0.336622 0.13974 0.163088 0.674584 -0.619138 -0.402
-0.0281163 -0.169246 0.40005 -0.674584 0.619138 0.402
0.355416 0.409981 -0.221584 0.674584 -0.619138 -0.401999
0.246908 0.466008 -0.116823 -0.674584 0.619138 0.402
0.198457 0.276774 -0.279815 0.674584 -0.619138 -0.402
-0.313242 -0.478349 0.179993 -0.0682826 -0.594569 0.80114
-0.160604 -0.116563 0.0965863 -0.674584 0.619139 0.401999
-0.105031 0.244121 -0.365664 -0.674584 0.619138 0.402
0.329108 0.420919 0.0905581 -0.674585 0.619138 0.401999
0.182492 0.00275155 0.488564 -0.674584 0.619138 0.402
-0.0290329 -0.194448 0.240164 -0.0682907 -0.594552 0.801152
-0.275081 -0.340209 0.186745 0.674584 -0.619138 -0.402
-0.0360081 0.155451 -0.379188 -0.0682825 -0.594569 0.80114
-0.0362341 -0.132127 -0.00753047 -0.068279 -0.59457 0.801139
-0.171181 0.19905 -0.407252 -0.674584 0.619138 0.402
-0.011716 0.251873 -0.37577 0.0682823 0.594569 -0.80114
0.260493 0.259614 0.223849 -0.674584 0.619138 0.402
0.0446065 -0.00252774 -0.0916907 0.0682825 0.594569 -0.80114
0.0532461 -0.273323 0.363391 -0.0682821 -0.594569 0.80114
-0.291691 -0.356378 0.0501153 0.735033 0.512987 0.443363
-0.288576 -0.19976 -0.363159 0.674584 -0.619138 -0.402
-0.124202 0.111648 -0.489425 0.0682824 0.594569 -0.80114
-0.126321 -0.268931 0.281132 0.0682825 0.594569 -0.80114
-0.176457 0.0457677 -0.542773 0.0682826 0.594569 -0.80114
0.0799602 0.051284 0.179572 0.674584 -0.619138 -0.402
0.123779 0.234883 0.0325234 -0.674584 0.619138 0.402
0.204062 -0.0884525 0.443234 0.0682826 0.594569 -0.80114
-0.234409 -0.215268 0.124757 -0.674584 0.619138 0.402
0.107319 0.183666 0.0837846 -0.674584 0.619138 0.402
-0.392623 -0.347802 -0.0744108 -0.735033 -0.512987 -0.443363
0.0572148 -0.129384 0.108714 0.674584 -0.619138 -0.402
0.35589 0.012927 0.390733 0.67458 -0.619141 -0.402002
-0.0160928 -0.11179 0.331735 -0.674584 0.619138 0.402
-0.325225 -0.321707 -0.215542 -0.702228 -0.370298 -0.608075
-0.0560094 -0.112658 0.109772 0.0682825 0.594569 -0.80114
-0.421947 -0.259804 -0.127613 -0.735032 -0.512987 -0.443364
-0.0302841 -0.185957 0.0575651 0.0682825 0.594569 -0.80114
0.241821 0.0110773 0.432086 -0.735033 -0.512987 -0.443363
0.357161 0.331584 0.151967 0.735033 0.512987 0.443363
0.0113073 -0.209782 0.33676 0.0682825 0.594569 -0.80114
-0.030511 -0.214739 0.172124 -0.861262 0.440436 0.253465
-0.177286 0.0209261 -0.14316 -0.674584 0.619138 0.402
-0.0446521 -0.00187823 -0.203355 -0.0682825 -0.594569 0.80114
-0.187349 -0.00576711 -0.238687 0.0682824 0.594569 -0.80114
-0.0971175 0.0570945 -0.126526 0.674584 -0.619138 -0.402
0.0693883 0.0237607 0.015446 -0.392546 -0.722231 -0.569464
-0.299615 -0.0875633 -0.181348 -0.674584 0.619138 0.402
-0.199336 -0.298284 0.311467 -0.674584 0.619139 0.401999
-0.151206 0.0790784 -0.445686 -0.0682825 -0.594569 0.80114
-0.393929 -0.0350627 -0.420472 -0.674584 0.619138 0.402
-0.0190197 -0.0180554 0.182459 -0.674584 0.619138 0.402
0.117722 0.0224988 0.349461 -0.674584 0.619138 0.402
-0.340439 -0.0331979 -0.333584 -0.674584 0.619138 0.402
-0.0467226 -0.185721 0.332012 0.674584 -0.619138 -0.402
0.155555 0.14458 0.162737 0.674584 -0.619138 -0.402
0.0187589 -0.276066 0.288203 0.0682826 0.594569 -0.80114
-0.377856 -0.442475 0.117254 0.568849 0.0889196 0.817621
-0.0605831 -0.291661 0.165328 -0.0682825 -0.594569 0.80114
-0.255545 -0.339503 -0.0293338 0.735033 0.512987 0.443363
-0.0296069 -0.340657 0.306356 -0.0682821 -0.594569 0.80114
0.308947 0.246006 0.326118 -0.674584 0.619138 0.402
0.302353 0.492283 -0.0772729 -0.0604095 0.496442 -0.865965
-0.000633965 0.197439 -0.415224 0.0682418 0.594601 -0.801119
0.291433 0.324582 0.17571 -0.674584 0.619138 0.402
0.340748 -0.0859581 0.526948 -0.0682787 -0.594573 0.801137
-0.319841 -0.217743 -0.151068 0.23896 0.41595 -0.87743
-0.121285 -0.220034 0.173725 -0.735033 -0.512987 -0.443363
-0.154397 -0.235884 0.228584 0.674584 -0.619138 -0.402
-0.193323 0.133725 -0.343799 -0.674584 0.619138 0.402
0.343993 0.328934 -0.105072 -0.735033 -0.512987 -0.443363
0.0984812 0.0854849 -0.152968 0.674584 -0.619138 -0.402
-0.387493 -0.431355 0.200677 -0.674584 0.619139 0.401999
0.306481 0.221577 0.0813324 -0.735033 -0.512987 -0.443363
-0.0335062 0.111948 -0.415209 0.674583 -0.619154 -0.401979
0.15423 0.339106 -0.296886 0.0682826 0.594569 -0.80114
0.172006 0.346436 -0.120545 0.674584 -0.619138 -0.402
0.357336 0.259557 0.0133133 0.674584 -0.619138 -0.402
-0.286766 -0.197747 0.00991242 -0.674584 0.619138 0.402
0.260014 0.0398123 0.368677 -0.735033 -0.512987 -0.443363
0.342494 -0.0420913 0.466058 -0.0499416 -0.581599 0.811941
-0.200641 -0.221488 0.191001 -0.674584 0.619138 0.402
0.156173 -0.192751 0.372368 0.674584 -0.61914 -0.401997
-0.00506336 0.0986985 -0.125337 -0.0682826 -0.594569 0.80114
0.17835 0.331137 -0.230532 -0.0682825 -0.594569 0.80114
-0.0745324 0.149374 -0.457194 0.0682824 0.594569 -0.80114
-0.04117 0.0431223 -0.259879 0.674584 -0.619138 -0.402
-0.367632 -0.48452 0.170778 -0.0682826 -0.594569 0.80114
0.103931 0.29806 -0.331635 0.0682823 0.594569 -0.80114
0.332322 0.316247 0.210891 0.735033 0.512987 0.443363
-0.416533 -0.302421 -0.046634 -0.674584 0.619138 0.402
0.268902 0.179531 0.3613 -0.674584 0.619138 0.402
-0.223811 -0.145872 -0.337475 0.674585 -0.619138 -0.402
0.13958 0.295131 -0.260558 -0.0682825 -0.594569 0.80114
0.153791 -0.0703006 0.522634 -0.0682825 -0.594569 0.80114
0.217414 0.165356 0.296731 -0.674584 0.619138 0.402
0.202515 0.0714364 0.41638 -0.674584 0.619138 0.402
0.170335 0.439823 -0.20499 -0.674584 0.619138 0.402
-0.0886041 -0.208795 0.224439 -0.0682826 -0.594569 0.80114
-0.337648 -0.562674 0.113436 0.674612 -0.619138 -0.401954
0.0434441 0.084751 -0.194745 0.0682828 0.594569 -0.80114
-0.209841 -0.0739202 -0.412392 0.735033 0.512987 0.443363
-0.130085 -0.170355 0.130833 -0.735033 -0.512987 -0.443363
-0.183276 -0.377971 0.265566 -0.0682826 -0.594569 0.80114
-0.272296 -0.258169 0.0650637 0.674584 -0.619138 -0.402
-0.0358253 -0.0813264 -0.12143 0.674584 -0.619138 -0.402
-0.290497 -0.0452697 -0.231185 -0.674584 0.619138 0.402
-0.00373099 0.318549 -0.310305 -0.674584 0.619138 0.402
0.340563 0.440355 -0.12474 0.678168 0.734881 0.00618944
-0.0297103 0.0236032 0.100359 -0.674584 0.619138 0.402
-0.254523 -0.0916063 -0.472588 0.674584 -0.619138 -0.402
0.0286528 -0.173067 0.435699 -0.0682825 -0.594569 0.80114
0.311279 0.533204 -0.139449 0.0682823 0.594569 -0.80114
0.306155 0.282233 0.265638 -0.674585 0.619138 0.402
-0.250686 -0.060908 -0.51343 0.674589 -0.619136 -0.401996
-0.372727 -0.18883 -0.291333 -0.735033 -0.512987 -0.443363
0.360716 0.24345 0.248048 0.735033 0.512987 0.443363
-0.386049 -0.330334 0.0475119 -0.674584 0.619138 0.402
0.0793126 0.310474 -0.158515 -0.674584 0.619138 0.402
0.200701 0.390336 -0.0778171 -0.674584 0.619138 0.402
-0.321703 0.0101342 -0.494582 0.56211 0.783818 -0.263935
-0.254138 -0.326548 0.263036 -0.674584 0.619138 0.402
0.293251 -0.0131214 0.374821 -0.735033 -0.512987 -0.443363
0.401141 0.255436 0.0931673 0.674584 -0.619138 -0.402
0.400232 0.0724257 0.373504 0.674584 -0.619138 -0.402
0.257078 0.506509 -0.163881 0.0682823 0.594569 -0.80114
0.278347 0.417477 -0.126241 -0.64027 -0.761767 0.0988135
0.0599596 0.202146 -0.397285 0.674584 -0.619138 -0.401999
-0.346075 -0.0868309 -0.453535 -0.735033 -0.512987 -0.443363
-0.122213 -0.204943 0.297128 -0.674584 0.619138 0.402
0.335242 0.0734324 0.262896 0.674584 -0.619138 -0.402
-0.249288 -0.444595 0.210495 -0.0682826 -0.594569 0.80114
0.0951237 0.107648 -0.00561769 0.0682825 0.594569 -0.80114
0.069413 0.134805 -0.137793 0.637117 -0.643933 -0.423594
0.127394 0.236386 -0.305194 -0.0682828 -0.594569 0.80114
0.005305 -0.14564 0.09052 0.0682825 0.594569 -0.80114
-0.0795139 0.20207 -0.41851 0.0682827 0.594569 -0.80114
0.11345 -0.0269549 0.418459 -0.674584 0.619138 0.402
-0.186793 -0.105862 0.0361594 -0.674584 0.619138 0.402
-0.243486 0.105905 -0.503854 0.0682824 0.594569 -0.80114
-0.0309274 -0.0105608 -0.0876016 0.971426 -0.222583 -0.0823946
-0.431117 -0.352899 -0.00469587 -0.735029 -0.512991 -0.443364
-0.307092 0.0173288 -0.575013 0.0682824 0.594569 -0.80114
0.313774 -0.0470819 0.412481 0.674584 -0.619138 -0.402
0.268866 0.415865 -0.230148 0.0682826 0.594569 -0.80114
0.0201874 0.292577 -0.230168 -0.674584 0.619138 0.402
-0.187335 -0.069572 -0.176115 0.674584 -0.619138 -0.402
0.112852 0.1125 0.202675 -0.674584 0.619138 0.402
0.143626 0.185936 -0.173523 -0.0682828 -0.594569 0.80114
-0.187478 -0.167234 -0.025943 0.674589 -0.619138 -0.401993
