ply
format ascii 1.0
comment Created by Open3D
element vertex 128
property double x
property double y
property double z
property double nx
property double ny
property double nz
end_header
-0.159978 0.0574145 0.521232 -0.651568 0.748187 0.125199
0.235691 0.456346 -0.0472503 -0.29197 -0.399668 0.868919
-0.0637841 0.219864 0.0510586 -0.651568 0.748187 0.125199
0.355481 0.54781 -0.155396 0.708406 0.659152 -0.25235
-0.274092 -0.178413 -0.446071 -0.700152 -0.529605 -0.478859
-0.190494 -0.439592 -0.061298 0.651568 -0.748187 -0.125199
-0.276081 -0.367088 0.169021 -0.740215 -0.590961 -0.320697
-0.116615 -0.183883 -0.288595 0.29197 0.399668 -0.868919
-0.0170938 -0.109365 0.517153 -0.29197 -0.399668 0.868918
-0.229653 0.0172811 0.398464 -0.651568 0.748187 0.125199
-0.169661 0.207886 -0.428369 -0.651568 0.748187 0.125199
0.104959 0.258587 -0.418993 0.29197 0.399668 -0.868919
-0.146508 0.105941 -0.573701 0.291969 0.399668 -0.868919
-0.263419 -0.313461 -0.312318 -0.700152 -0.529605 -0.478859
0.149868 0.441772 -0.163158 -0.651568 0.748187 0.125199
-0.26695 -0.176486 -0.458646 -0.700152 -0.529605 -0.478859
0.347444 0.135372 -0.139018 0.700152 0.529605 0.478859
-0.210601 -0.431317 -0.215392 0.651568 -0.748187 -0.125199
-0.000765706 -0.299592 0.0894572 0.651568 -0.748187 -0.125199
-0.354189 -0.0881031 0.380118 -0.651568 0.748187 0.125199
-0.0893638 0.142564 0.379875 -0.651568 0.748187 0.125199
-0.309412 0.0285317 -0.0838566 -0.651568 0.748187 0.125199
-0.478844 -0.183975 0.304311 -0.651568 0.748187 0.125199
-0.468198 -0.147467 -0.19649 -0.700152 -0.529605 -0.478859
0.225697 0.367295 0.228443 -0.700152 -0.529605 -0.478859
-0.423877 -0.441375 0.136387 0.758421 0.639011 0.128305
-0.320158 -0.584482 0.157687 -0.694241 -0.654643 0.299119
0.302291 -0.00685735 -0.0827297 0.651568 -0.748187 -0.125199
0.206874 -0.118138 0.0857039 0.651568 -0.748187 -0.125199
0.114425 -0.215973 0.189233 0.651568 -0.748187 -0.125199
-0.405952 -0.104382 0.208018 -0.651568 0.748187 0.125199
-0.162161 -0.445192 0.119619 0.651568 -0.748187 -0.125199
0.322879 0.244213 -0.35238 0.29197 0.399668 -0.868918
0.247448 0.31467 -0.345318 0.29197 0.399668 -0.868918
-0.197342 -0.438477 0.305209 -0.29197 -0.399668 0.868919
0.217101 0.380022 0.226936 -0.700152 -0.529605 -0.478859
-0.363776 -0.276451 0.113432 -0.61422 -0.617188 0.491744
-0.584313 -0.267877 0.229917 -0.62125 -0.620998 0.477923
0.256742 0.492082 -0.260593 0.29197 0.399668 -0.868919
0.0172801 -0.242185 0.467612 -0.29197 -0.399668 0.868918
-0.172268 -0.0921586 0.472927 -0.29197 -0.399668 0.868919
-0.106085 0.156115 0.211878 -0.651568 0.748187 0.125199
0.0529328 0.363039 -0.197126 -0.651568 0.748187 0.125199
0.356897 -0.0299876 0.339681 0.651569 -0.748187 -0.125199
0.485622 0.367988 -0.138848 -0.753059 -0.618055 -0.225633
0.383423 -0.0339229 0.501242 0.651568 -0.748187 -0.125199
0.270451 -0.0659138 0.606811 0.164444 -0.0218102 0.986145
0.39578 0.453854 -0.0364816 0.700152 0.529606 0.478859
-0.197924 0.124032 -0.0743492 -0.651568 0.748187 0.125199
0.239907 0.203733 0.358458 0.29197 0.399668 -0.868918
-0.0951928 -0.320026 -0.279847 0.651569 -0.748187 -0.125199
0.0283236 0.0976633 0.490052 0.658414 0.4758 0.583185
-0.226276 -0.493891 0.269998 -0.29197 -0.399668 0.868919
-0.130502 -0.0773193 -0.610479 0.0407246 -0.130305 0.990637
-0.0599717 -0.314013 -0.132486 0.651568 -0.748187 -0.125199
-0.40537 -0.394901 0.255352 -0.29197 -0.399668 0.868918
0.0065626 0.18177 -0.487389 0.29197 0.399668 -0.868919
-0.466062 -0.244621 -0.0921641 -0.700152 -0.529605 -0.478859
-0.415141 -0.0260466 -0.307936 -0.651568 0.748187 0.125199
-0.0544134 -0.182344 -0.460121 -0.00291921 0.162568 -0.986693
0.491108 0.191317 -0.0973792 0.220808 0.344951 -0.912279
0.311889 0.0445579 -0.340034 0.651568 -0.748187 -0.125199
0.167422 0.15502 0.102465 0.700152 0.529605 0.478859
0.571286 0.282434 -0.227937 0.62125 0.620998 -0.477923
-0.262908 0.0141414 -0.410016 -0.29197 -0.399668 0.868919
-0.139718 -0.332794 -0.435272 0.651568 -0.748187 -0.125199
0.156356 0.331828 0.369053 -0.700152 -0.529605 -0.478859
0.249668 0.129807 0.53554 0.700152 0.529606 0.478859
0.476725 0.0927318 0.244559 0.700152 0.529605 0.478859
0.305332 0.455279 0.0941883 0.700152 0.529605 0.478859
-0.118907 -0.0397922 -0.450185 -0.42974 -0.228046 -0.873681
0.1585 -0.0886851 -0.342055 0.651568 -0.748187 -0.125199
-0.493714 -0.165646 0.107987 -0.360233 -0.450415 0.81692
0.368679 0.234058 0.246233 0.700152 0.529605 0.478859
-0.357643 -0.261947 0.332542 -0.29197 -0.399668 0.868919
0.168332 0.30966 -0.0698922 0.700152 0.529605 0.478859
0.199874 -0.0811659 -0.171667 0.651568 -0.748187 -0.125199
0.130019 0.281041 0.543221 0.700152 0.529606 0.478859
-0.181659 -0.230568 0.406108 -0.29197 -0.399668 0.868919
-0.267222 0.0977873 -0.278159 -0.651568 0.748187 0.125199
-0.388639 0.000211539 -0.476144 -0.700152 -0.529606 -0.478859
0.212193 0.146034 -0.43473 0.29197 0.399668 -0.868919
0.355145 0.284032 -0.0863695 -0.29197 -0.399668 0.868919
0.383338 0.266613 0.109304 -0.700152 -0.529605 -0.478859
0.486231 0.14993 0.0879089 -0.700152 -0.529605 -0.478859
0.201268 -0.121558 0.0769666 0.651568 -0.748187 -0.125199
0.148144 0.0520787 0.244504 0.700152 0.529606 0.478859
-0.359371 -0.209358 -0.287159 -0.700152 -0.529605 -0.478859
0.119006 0.442331 -0.327112 -0.651568 0.748187 0.125199
0.0242149 0.241209 0.38147 -0.651568 0.748187 0.125199
0.258437 -0.0995149 0.242762 0.651568 -0.748187 -0.125199
0.0444086 0.309895 0.0761008 -0.651568 0.748187 0.125199
-0.0521464 0.312857 -0.444096 -0.651568 0.748187 0.125199
0.0783665 0.410296 -0.347169 -0.651568 0.748187 0.125199
0.0455526 0.200072 0.230829 0.700152 0.529606 0.478859
0.141499 0.0576253 0.248085 0.700152 0.529606 0.478859
0.096856 -0.118955 -0.481975 0.651568 -0.748187 -0.125199
-0.451868 -0.358491 0.0130202 -0.700152 -0.529605 -0.478859
-0.552459 -0.272983 0.0655273 -0.700152 -0.529605 -0.478859
-0.311548 -0.000676146 0.0795725 -0.651568 0.748187 0.125199
0.0685013 -0.220878 -0.0204489 0.651568 -0.748187 -0.125199
0.188594 -0.183175 0.379227 0.651568 -0.748187 -0.125199
-0.356764 -0.394603 -0.0860954 -0.700152 -0.529606 -0.478859
-0.0772576 0.242579 -0.154805 -0.651568 0.748187 0.125199
-0.0124586 -0.186333 -0.648228 0.651568 -0.748187 -0.125199
0.126518 -0.0148405 0.56626 0.566841 0.589876 -0.575099
-0.18351 -0.0441805 -0.295839 -0.700152 -0.529605 -0.478859
0.511251 0.195115 -0.0748137 -0.29197 -0.399668 0.868919
0.0378174 -0.200525 -0.301768 0.651568 -0.748187 -0.125199
0.299078 0.0323096 -0.333514 0.651568 -0.748187 -0.125199
0.368053 0.122681 0.370328 0.700152 0.529605 0.478859
0.252097 0.00140515 0.435154 -0.256707 -0.372772 0.891707
-0.0772863 -0.347483 0.387403 -0.29197 -0.399668 0.868919
-0.268776 -0.00184704 -0.57494 0.518106 0.318357 0.793861
-0.116812 -0.283582 -0.559721 -0.700152 -0.529606 -0.478859
-0.078505 0.269611 -0.322837 -0.651568 0.748187 0.125199
0.33587 0.361387 -0.220778 0.398042 0.196701 0.896031
0.0743719 0.070879 -0.515609 0.29197 0.399668 -0.868919
0.16554 -0.205777 0.534175 -0.29197 -0.399668 0.868918
-0.234106 0.0450079 0.209595 -0.651568 0.748187 0.125199
0.293082 0.0364427 0.0498791 0.700152 0.529605 0.478859
-0.0139791 0.164194 0.642937 -0.651566 0.748191 0.125186
-0.286272 -0.536297 0.0181559 0.651568 -0.748187 -0.1252
0.466098 0.168727 -0.279521 0.651569 -0.748187 -0.125199
0.208839 -0.0123392 -0.508703 0.29197 0.399668 -0.868919
-0.0224818 -0.339704 0.21615 0.651568 -0.748187 -0.125199
0.0418114 -0.0667724 -0.589864 0.29197 0.399668 -0.868919
-0.429852 -0.0814089 -0.0536517 -0.651568 0.748187 0.125199
