ply
format ascii 1.0
comment Created by Open3D
element vertex 2096
property double x
property double y
property double z
property double nx
property double ny
property double nz
end_header
0.238452 0.285256 -0.361871 0.29197 0.399668 -0.868918
0.448511 0.0558498 0.303501 0.651569 -0.748187 -0.125199
-0.135499 -0.433892 0.190848 0.651568 -0.748187 -0.125199
-0.125487 0.1253 0.295056 -0.651568 0.748187 0.125199
0.555341 0.240551 -0.242344 -0.393061 -0.474138 0.787843
-0.253601 0.0533232 -0.609821 -0.127904 0.0543262 -0.990297
-0.244031 -0.182913 -0.330963 0.29197 0.399668 -0.868919
0.0121172 0.266342 0.168317 -0.651568 0.748187 0.125199
-0.082501 -0.382086 0.157072 0.651568 -0.748187 -0.125199
0.376424 0.245359 -0.148729 0.738915 0.66331 -0.118426
0.31929 0.0230359 -0.172905 0.651568 -0.748187 -0.125199
-0.260732 0.0193852 -0.429244 0.184358 0.316272 -0.930583
0.0350424 0.353682 -0.234315 -0.651568 0.748187 0.125199
0.354541 0.321992 0.0901609 -0.700152 -0.529605 -0.478859
-0.000750836 -0.173389 -0.473431 -0.42974 -0.228046 -0.873681
0.260968 0.320215 0.308433 0.700152 0.529605 0.478859
0.00736006 0.271786 0.111027 -0.651568 0.748187 0.125199
-0.255882 0.00512023 0.334638 -0.651568 0.748187 0.125199
0.209974 0.474989 -0.0637193 0.455709 0.517993 -0.723887
0.116791 0.0180366 0.459045 0.545082 0.346978 0.763211
-0.21356 0.0329714 0.38845 -0.651568 0.748187 0.125199
0.430468 0.264978 -0.0698239 -0.29197 -0.399668 0.868919
0.163975 -0.0967609 -0.265301 0.651568 -0.748187 -0.125199
0.23169 0.038771 0.137067 0.700152 0.529606 0.478859
-0.0319843 0.180707 -0.50083 0.29197 0.399668 -0.868919
0.537993 0.280654 -0.115803 -0.617629 -0.427394 -0.660204
-0.408144 -0.234502 0.328197 -0.29197 -0.399668 0.868919
-0.492238 -0.164221 -0.142812 -0.700152 -0.529605 -0.478859
-0.00220968 -0.105789 -0.533764 -0.758276 -0.647117 -0.0791086
0.0225568 -0.138972 -0.629543 0.29197 0.399668 -0.868918
-0.120124 -0.310214 0.390151 -0.29197 -0.399668 0.868919
0.252375 -0.105402 0.246397 0.651568 -0.748187 -0.125199
0.523846 0.219504 -0.282433 0.651569 -0.748187 -0.125199
-0.258563 -0.0949898 0.442628 -0.29197 -0.399668 0.868919
-0.0425163 -0.243672 -0.461997 0.651569 -0.748186 -0.125201
-0.441127 -0.167442 -0.21398 -0.700152 -0.529605 -0.478859
0.259432 0.0245524 -0.474734 0.29197 0.399668 -0.868919
0.234521 0.107672 0.312464 0.29197 0.399668 -0.868919
-0.0372442 0.144068 0.626951 -0.29197 -0.399668 0.868918
-0.0408155 -0.293303 -0.156554 0.651568 -0.748187 -0.125199
-0.14676 -0.191554 -0.531383 0.746551 0.661721 -0.0691833
0.404195 0.359911 -0.0243766 -0.700152 -0.529605 -0.478859
-0.0910876 0.135722 0.411792 -0.651568 0.748187 0.125199
0.460567 0.136219 0.140597 -0.700152 -0.529605 -0.478859
-0.0605721 0.285339 -0.3235 -0.651568 0.748187 0.125199
0.302501 -0.0403783 0.12107 0.700152 0.529606 0.478859
0.250332 0.404472 0.230797 0.700152 0.529605 0.478859
-0.482686 -0.386428 0.0891748 -0.707106 -0.539254 -0.457392
-0.187713 0.0327503 0.524289 -0.651568 0.748187 0.125198
0.335981 0.26921 0.175674 -0.700152 -0.529605 -0.478859
-0.0973806 -0.312867 -0.334015 0.651569 -0.748187 -0.125199
-0.0511308 -0.382938 0.325417 0.651568 -0.748187 -0.125199
0.00361746 0.275134 0.0715419 -0.651568 0.748187 0.125199
0.165337 0.122897 0.463163 -0.393061 -0.474138 0.787843
-0.482559 -0.230615 0.30498 -0.29197 -0.399668 0.868918
0.0487113 0.0555796 0.511987 0.75306 0.618058 0.22562
0.188302 0.4021 0.273942 -0.651568 0.748187 0.125199
0.487688 0.396632 -0.179143 0.708408 0.659152 -0.252343
0.292245 0.15858 0.355276 0.29197 0.399668 -0.868918
-0.334633 0.0361301 -0.26052 -0.651568 0.748187 0.125199
0.13365 0.443403 -0.257305 -0.651568 0.748187 0.125199
-0.369842 -0.430277 0.218068 0.220801 0.344946 -0.912283
0.191877 -0.161563 0.267163 0.651568 -0.748187 -0.125199
0.419319 0.330161 0.0659034 0.700152 0.529605 0.478859
0.11368 -0.254536 0.415812 0.651568 -0.748187 -0.125199
-0.125351 0.206498 -0.189474 -0.651568 0.748187 0.125199
-0.173075 0.025387 -0.440554 -0.429741 -0.228047 -0.87368
0.388167 0.159544 0.300149 0.700152 0.529605 0.478859
0.464996 0.307871 -0.275347 0.29197 0.399668 -0.868919
0.25649 0.35966 -0.0847333 -0.29197 -0.399668 0.868919
-0.143333 -0.279838 -0.341709 0.29197 0.399668 -0.868919
-0.173013 0.183465 -0.29988 -0.651568 0.748187 0.125199
-0.178195 -0.0912474 -0.430026 -0.29197 -0.399668 0.868918
0.131528 -0.0852798 -0.502774 0.651568 -0.748187 -0.125199
-0.352828 -0.482535 0.230644 -0.40737 -0.484326 0.77426
-0.0496582 -0.349544 0.13352 0.651568 -0.748187 -0.125199
0.441898 0.416533 -0.126335 -0.747567 -0.605263 -0.273496
-0.309119 -0.397411 -0.152652 -0.700152 -0.529606 -0.478859
0.383129 0.325276 -0.232905 0.297353 0.100066 0.949509
-0.281505 -0.113876 -0.425772 0.700152 0.529606 0.478859
-0.3838 -0.070329 0.119802 -0.651568 0.748187 0.125199
0.158713 -0.185634 0.238418 0.651568 -0.748187 -0.125199
-0.120358 -0.353665 -0.20979 0.651568 -0.748187 -0.125199
0.0841333 0.408151 -0.30434 -0.651568 0.748187 0.125199
-0.279659 0.078271 -0.226253 -0.651568 0.748187 0.125199
0.436807 0.137646 -0.246221 0.651568 -0.748187 -0.125199
-0.241322 -0.487775 -0.0378809 0.651568 -0.748187 -0.125199
0.250348 -0.119557 0.320431 0.651568 -0.748187 -0.125199
0.336532 -0.0494295 0.546317 -0.658412 -0.475797 -0.583191
-0.5141 -0.316659 0.117808 0.676373 0.498254 0.54246
0.0150685 -0.133905 -0.514078 -0.731022 -0.57519 -0.367101
-0.394169 -0.231323 0.134536 -0.67371 -0.646587 0.357826
0.0423359 -0.271661 0.462473 -0.29197 -0.399668 0.868918
0.507937 0.174565 -0.0966688 0.65157 -0.748185 -0.125203
-0.281574 -0.00399886 -0.5639 0.617629 0.427393 0.660204
-0.334341 -0.303181 0.321406 -0.29197 -0.399668 0.868919
-0.0722191 -0.348157 0.00782316 0.651568 -0.748187 -0.125199
-0.0533725 -0.359659 0.174641 0.651568 -0.748187 -0.125199
0.213461 0.0876439 0.469069 -0.541004 -0.574 0.614686
-0.207606 0.188353 -0.509116 -0.651568 0.748187 0.125199
0.345407 0.228592 0.206813 -0.700152 -0.529605 -0.478859
0.275097 -0.0514461 0.173378 0.700152 0.529606 0.478859
0.226214 -0.144234 0.58287 -0.291969 -0.399668 0.868919
-0.260103 0.0410433 0.0979931 -0.651568 0.748187 0.125199
-0.0391818 0.25858 -0.0522684 -0.651568 0.748187 0.125199
0.300511 -0.0705818 0.419741 -0.147446 -0.286803 0.946575
-0.231387 -0.473378 0.277716 -0.29197 -0.399668 0.868919
-0.273438 0.109502 -0.380515 -0.651569 0.748187 0.1252
0.460335 0.164197 0.189483 0.700152 0.529605 0.478859
-0.210954 0.0483497 0.310115 -0.651568 0.748187 0.125199
-0.0591829 -0.340685 0.396613 -0.29197 -0.399668 0.868919
0.133412 0.150358 0.464003 -0.360234 -0.450415 0.81692
-0.435816 -0.189383 0.207888 -0.707214 -0.539406 -0.457045
0.376311 -0.000118668 0.494067 0.700152 0.529605 0.478859
0.250735 -0.0699904 0.0262425 0.651568 -0.748187 -0.125199
-0.175288 0.0496163 0.488157 -0.651568 0.748187 0.125199
-0.386968 -0.455333 0.0876575 0.638815 0.452158 0.62247
-0.406663 -0.405197 0.217198 0.360232 0.450414 -0.816921
-0.300019 0.0905695 -0.405705 -0.651569 0.748187 0.1252
-0.0653744 0.0668024 -0.564441 0.29197 0.399668 -0.868919
0.0556341 0.274208 -0.428382 0.29197 0.399668 -0.868919
-0.426046 -0.204675 -0.194852 -0.700152 -0.529605 -0.478859
-0.559066 -0.312929 0.126374 -0.747111 -0.604306 -0.276838
-0.255729 0.0302413 0.185309 -0.651568 0.748187 0.125199
-0.120378 0.249806 -0.4224 -0.651568 0.748187 0.125199
-0.138283 0.176798 -0.538346 0.29197 0.399668 -0.868919
0.172144 0.037208 0.436269 0.078435 -0.097712 0.992119
-0.375324 -0.0729221 -0.333891 0.700152 0.529606 0.478859
0.428039 0.0259784 0.375466 0.651568 -0.748187 -0.125199
0.0473974 -0.199817 -0.256142 0.651568 -0.748187 -0.125199
0.149758 0.177537 0.568862 -0.720014 -0.557994 -0.41258
0.0813628 0.246446 0.12718 0.700152 0.529605 0.478859
0.280148 0.0507409 0.30161 0.29197 0.399668 -0.868919
0.214265 0.110135 -0.450546 0.29197 0.399668 -0.868919
0.164926 0.292146 -0.383407 0.29197 0.399668 -0.868918
-0.290414 0.0701262 -0.602807 -0.236241 -0.0432945 -0.97073
0.0435469 0.0626282 0.555482 0.705081 0.65819 -0.263908
-0.233031 0.0642047 0.100471 -0.651568 0.748187 0.125199
-0.190065 0.126769 -0.0498018 -0.651568 0.748187 0.125199
-0.183563 -0.278307 -0.38712 0.700152 0.529606 0.478859
0.221881 0.103494 0.506995 -0.72944 -0.663251 0.16738
0.397096 0.215438 -0.103823 -0.29197 -0.399668 0.868919
0.501826 0.336055 -0.203266 -0.614217 -0.617187 0.49175
-0.56623 -0.281956 0.095586 -0.700152 -0.529606 -0.478859
-0.281566 -0.139792 -0.323741 0.29197 0.399668 -0.868919
-0.330937 -0.166384 0.385471 -0.29197 -0.399668 0.868919
0.293594 0.227363 0.36342 0.700152 0.529605 0.478859
0.240942 0.001073 -0.449396 0.651568 -0.748187 -0.125199
0.2455 -0.0268053 -0.259078 0.651568 -0.748187 -0.125199
0.411432 0.145574 0.202092 -0.700152 -0.529605 -0.478859
0.417469 0.437514 -0.109817 -0.720017 -0.557998 -0.41257
-0.338801 -0.0209206 -0.444805 0.700152 0.529606 0.478859
-0.146461 0.223012 -0.398024 -0.651568 0.748187 0.125199
-0.299734 -0.0962222 -0.309806 0.29197 0.399668 -0.868919
0.210818 0.330236 -0.113614 -0.29197 -0.399668 0.868918
0.113253 -0.174945 -0.0620445 0.651568 -0.748187 -0.125199
0.0961947 0.413714 -0.350586 0.29197 0.399668 -0.868918
0.374451 0.253238 -0.186277 0.740214 0.59096 0.3207
-0.12031 0.243111 -0.38204 -0.651568 0.748187 0.125199
0.206221 0.0728294 -0.470409 0.29197 0.399668 -0.868919
-0.0188985 0.130206 0.536358 0.758276 0.647117 0.0791086
0.451488 0.244821 0.0337606 -0.700152 -0.529605 -0.478859
-0.107956 0.132424 0.343714 -0.651568 0.748187 0.125199
-0.0680493 0.150816 0.441491 -0.651568 0.748187 0.125199
0.204491 -0.170628 0.386979 0.651568 -0.748187 -0.125199
0.394503 0.439507 -0.235632 0.43828 0.505994 -0.742886
-0.437029 -0.055428 -0.246266 -0.651568 0.748187 0.125199
0.373778 0.225631 0.168606 -0.700152 -0.529605 -0.478859
-0.124946 -0.408154 0.343482 -0.29197 -0.399668 0.868919
-0.444628 -0.149387 0.275682 -0.651568 0.748187 0.125199
-0.377869 -0.39037 0.266676 -0.29197 -0.399668 0.868918
0.184746 -0.0829245 0.597125 -0.274702 -0.386552 0.880407
-0.39784 -0.253852 0.218391 -0.594906 -0.401565 -0.696299
-0.0358144 0.224166 0.170912 -0.651568 0.748187 0.125199
-0.330581 -0.035052 0.18595 -0.651568 0.748187 0.125199
0.141938 0.219637 0.591597 0.659148 0.476701 0.581618
0.368317 0.0683234 -0.188392 0.651568 -0.748187 -0.125199
-0.126461 -0.379609 -0.0865136 0.651568 -0.748187 -0.125199
-0.48708 -0.191971 0.309239 -0.651568 0.748187 0.125199
0.358833 -0.040465 0.412367 0.651568 -0.748187 -0.125201
-0.321004 -0.300032 -0.242974 -0.700152 -0.529605 -0.478859
0.0420863 0.213377 0.221181 0.700152 0.529606 0.478859
-0.225943 -0.0796989 -0.440758 -0.29197 -0.399668 0.868919
-0.507662 -0.308156 0.258259 -0.40737 -0.484326 0.77426
0.370269 0.125955 0.363465 0.700152 0.529605 0.478859
-0.277684 -0.00878631 0.304279 -0.651568 0.748187 0.125199
-0.322915 -0.0160609 0.112355 -0.651568 0.748187 0.125199
0.600647 0.26181 -0.13556 0.651568 -0.748187 -0.125198
-0.232777 0.0704731 0.0643334 -0.651568 0.748187 0.125199
0.125243 0.0669881 -0.500305 0.29197 0.399668 -0.868919
0.286315 -0.0869223 0.31259 0.651568 -0.748187 -0.125199
0.0012781 -0.237546 -0.270688 0.651568 -0.748187 -0.125199
0.4731 0.180628 0.152647 0.700152 0.529605 0.478859
0.268211 0.0516133 0.504231 -0.738916 -0.66331 0.118419
0.351762 0.306344 -0.209277 0.617627 0.427391 0.660208
-0.214262 0.131635 -0.204814 -0.651568 0.748187 0.125199
0.149926 -0.156048 0.0158797 0.651568 -0.748187 -0.125199
0.214985 0.17477 0.536523 0.700152 0.529606 0.478859
-0.246215 0.100885 -0.187345 -0.651568 0.748187 0.125199
0.0825803 -0.188508 -0.140621 0.651568 -0.748187 -0.125199
0.068125 0.181184 0.218714 0.700152 0.529606 0.478859
0.0460377 0.237087 0.189181 0.700152 0.529606 0.478859
0.332278 -0.0553408 0.584256 0.465285 0.263811 0.844934
-0.258839 0.0529404 -0.293112 -0.700152 -0.529605 -0.478859
-0.160635 -0.41053 0.330397 -0.29197 -0.399668 0.868919
0.254373 0.224924 -0.101979 0.700152 0.529605 0.478859
0.239651 -0.0692378 -0.0359395 0.651568 -0.748187 -0.125199
-0.53244 -0.237559 -0.00291999 -0.700152 -0.529605 -0.478859
0.195331 0.396117 0.320455 0.700152 0.529605 0.478859
0.377869 -0.0446588 0.536496 0.651568 -0.748188 -0.125197
-0.176358 -0.0116123 -0.43453 -0.190018 -0.00119208 -0.98178
0.464874 0.162967 -0.251474 0.651569 -0.748187 -0.125199
-0.553184 -0.314891 0.206353 -0.678404 -0.648557 0.345171
-0.402143 -0.0993079 0.197513 -0.651568 0.748187 0.125199
-0.0469425 0.276761 -0.201308 -0.651568 0.748187 0.125199
-0.118781 -0.410422 0.137596 0.651568 -0.748187 -0.125199
-0.524131 -0.193929 -0.0633237 -0.700152 -0.529605 -0.478859
0.0935869 -0.255016 0.314108 0.651568 -0.748187 -0.125199
-0.239566 -0.0699598 -0.477463 0.61422 0.617188 -0.491744
0.190692 0.140347 0.597734 0.57323 0.377509 0.727251
0.331088 0.131445 0.335192 -0.700152 -0.529605 -0.478859
-0.132238 -0.23767 0.419448 -0.29197 -0.399668 0.868919
-0.195748 -0.337259 0.352301 -0.29197 -0.399668 0.868919
-0.154628 -0.114618 -0.454422 0.256708 0.372773 -0.891707
0.547474 0.201923 0.020352 0.700152 0.529605 0.478859
-0.172043 -0.15973 -0.549694 0.75306 0.618056 0.225629
0.216653 0.392942 0.213302 -0.700152 -0.529605 -0.478859
-0.0638477 -0.17059 0.473282 -0.29197 -0.399668 0.868919
-0.182833 0.168803 -0.26336 -0.651568 0.748187 0.125199
0.153059 0.383843 -0.345218 0.29197 0.399668 -0.868918
-0.268542 -0.178609 -0.453971 -0.700152 -0.529605 -0.478859
0.276136 0.0104604 0.452456 -0.513828 -0.556701 0.652736
-0.0836017 -0.196434 -0.283275 0.29197 0.399668 -0.868918
0.331268 0.486885 -0.237802 0.309064 0.412544 -0.856905
0.344944 0.318964 0.187032 0.700152 0.529605 0.478859
-0.0633684 -0.297479 -0.24897 0.651569 -0.748187 -0.125199
-0.202429 -0.449871 0.15157 -0.740215 -0.590961 -0.320697
0.218636 0.417111 -0.307881 0.29197 0.399668 -0.868918
0.103147 -0.159513 -0.206857 0.651568 -0.748187 -0.125199
0.427617 0.189446 -0.190803 0.747567 0.605262 0.2735
-0.363148 0.0566531 -0.531563 -0.651569 0.748186 0.125201
0.328861 0.386042 -0.222314 0.297353 0.100066 0.949509
-0.261907 0.0998183 -0.262633 -0.651568 0.748187 0.125199
0.442321 0.321238 -0.0373507 -0.70015 -0.529604 -0.478862
-0.103999 -0.29087 -0.489556 0.700152 0.529606 0.478859
-0.418726 -0.330625 -0.0662567 -0.700152 -0.529606 -0.478859
-0.201674 -0.41339 0.315292 -0.29197 -0.399668 0.868919
-0.257498 -0.033305 -0.567451 0.617629 0.427393 0.660204
0.121718 0.284696 -0.401353 0.29197 0.399668 -0.868919
-0.374824 -0.0311865 -0.067402 -0.651568 0.748187 0.125199
0.314157 -0.0601498 0.297496 0.651568 -0.748187 -0.125199
-0.0704541 0.270597 -0.286831 -0.651568 0.748187 0.125199
-0.359898 -0.405467 -0.0694971 -0.700152 -0.529606 -0.478859
-0.434752 -0.0827005 -0.0714341 -0.651568 0.748187 0.125199
-0.274941 0.0965192 -0.310749 -0.651568 0.748187 0.125199
-0.0490395 0.183657 0.344167 -0.651568 0.748187 0.125199
-0.292017 -0.17983 0.392364 -0.29197 -0.399668 0.868919
0.4591 0.406931 -0.21179 0.599143 0.608788 -0.520005
0.191252 0.0305637 0.205269 0.700152 0.529606 0.478859
0.362364 0.14612 0.273232 -0.700152 -0.529605 -0.478859
0.264747 -0.100059 0.278848 0.651568 -0.748187 -0.125199
0.153712 0.0947308 0.18919 0.700152 0.529606 0.478859
0.15389 -0.060143 -0.536612 0.651568 -0.748187 -0.125199
-0.0652655 -0.290353 -0.301426 0.651569 -0.748187 -0.125199
-0.175656 0.15956 -0.558832 0.291969 0.399668 -0.868919
-0.150271 -0.173996 -0.295357 0.29197 0.399668 -0.868919
-0.35514 -0.0681805 0.256113 -0.651568 0.748187 0.125199
0.0873628 0.034777 0.474812 0.638813 0.452156 0.622473
-0.407208 -0.192215 -0.236175 -0.700152 -0.529605 -0.478859
0.251761 0.0446491 0.101219 0.700152 0.529605 0.478859
0.125409 0.0323114 0.597488 0.256712 0.372776 -0.891705
0.0146097 -0.0964354 0.533753 -0.29197 -0.399668 0.868918
0.453185 0.291335 -0.0201628 -0.700152 -0.529605 -0.478859
-0.33868 -0.49357 -0.00308169 -0.700152 -0.529606 -0.478859
-0.174209 0.200672 -0.408927 -0.651568 0.748187 0.125199
0.263142 0.374378 -0.14216 0.756245 0.653614 0.0297105
0.179109 0.301902 0.368883 -0.700152 -0.529605 -0.478859
0.344313 -0.0359058 0.48887 -0.738916 -0.66331 0.118419
-0.248827 -0.00116883 0.408936 -0.651568 0.748187 0.125199
-0.534391 -0.34745 0.141571 -0.758315 -0.637957 -0.134051
0.482215 0.282644 0.0264937 0.700152 0.529605 0.478859
0.203146 -0.0153501 0.617908 0.0540015 -0.118877 0.991439
-0.232426 -0.211742 0.397709 -0.29197 -0.399668 0.868919
-0.112358 0.224736 -0.230848 -0.651568 0.748187 0.125199
0.254522 0.0930996 -0.444855 0.29197 0.399668 -0.868919
-0.344033 0.0616812 -0.579632 -0.494119 -0.293361 -0.818404
0.147814 -0.017115 0.45287 0.545082 0.346978 0.763211
-0.327092 0.0366188 -0.546428 0.676373 0.498255 0.542459
-0.064337 0.0322041 -0.580006 0.291969 0.399668 -0.868919
0.321133 0.259917 -0.345744 0.29197 0.399668 -0.868918
0.434264 0.176455 0.214046 0.700152 0.529605 0.478859
-0.386587 -0.409895 0.0689748 0.365356 0.16487 0.916151
0.0293689 0.149841 0.618895 0.220799 0.344945 -0.912283
0.0440388 0.197149 -0.467722 0.29197 0.399668 -0.868919
-0.158746 -0.314691 -0.383164 0.700152 0.529606 0.478859
-0.0398065 -0.319179 0.00333283 0.651568 -0.748187 -0.125199
0.0881688 0.120602 0.256409 0.700152 0.529606 0.478859
-0.457306 -0.240432 -0.1096 -0.700152 -0.529605 -0.478859
-0.0650248 0.240393 -0.078081 -0.651568 0.748187 0.125199
-0.186181 -0.0510709 -0.284313 -0.700152 -0.529605 -0.478859
-0.458236 -0.122225 0.042544 -0.651568 0.748187 0.125199
0.136561 -0.0556462 0.593492 -0.291969 -0.399668 0.868919
0.319019 0.363728 -0.298705 0.29197 0.399668 -0.868918
0.399624 0.020924 0.436707 0.700152 0.529605 0.478859
-0.378677 -0.0906332 0.267798 -0.651568 0.748187 0.125199
-0.202028 -0.156651 0.433262 -0.29197 -0.399668 0.868919
0.437082 0.460459 -0.137885 0.753105 0.657798 -0.0116307
-0.497166 -0.208803 0.0914945 -0.0726232 -0.225806 0.971461
-0.400727 -0.279067 -0.149595 -0.700152 -0.529605 -0.478859
-0.193352 -0.364331 -0.358503 -0.700152 -0.529605 -0.478859
0.477162 0.326281 -0.0143798 0.700152 0.529605 0.478859
-0.24383 0.0711728 0.00262626 -0.651568 0.748187 0.125199
0.223879 0.0544738 0.583137 -0.518112 -0.318363 -0.793855
-0.27415 -0.0939419 -0.458573 0.700152 0.529606 0.478859
-0.22434 0.156451 -0.405562 -0.651568 0.748187 0.125199
0.50881 0.236976 -0.041375 -0.700152 -0.529605 -0.478859
0.323698 -0.0996565 0.583241 0.651569 -0.748186 -0.1252
0.309856 0.560636 -0.0408651 -0.651569 0.748187 0.125199
0.399899 0.114817 -0.301874 0.651568 -0.748187 -0.125199
0.290937 0.0221624 0.48743 -0.705077 -0.658189 0.26392
0.0640571 -0.225979 -0.0130966 0.651568 -0.748187 -0.125199
0.146282 -0.0959437 0.578223 -0.291969 -0.399668 0.868919
0.195714 -0.0788329 -0.207262 0.651568 -0.748187 -0.125199
0.038882 -0.186578 -0.379569 0.651568 -0.748187 -0.125199
0.355466 0.433066 -0.254566 0.29197 0.399668 -0.868919
-0.168832 -0.158256 -0.50198 0.673713 0.646588 -0.357818
-0.293176 -0.0377699 0.39686 -0.651568 0.748187 0.125199
-0.345691 -0.525853 0.105394 0.740215 0.590962 0.320696
-0.168268 0.220185 -0.494616 -0.651568 0.748187 0.125199
0.426317 0.440541 -0.210148 0.57559 0.595109 -0.56084
-0.0957319 0.244091 -0.259986 -0.651569 0.748187 0.1252
-0.25333 -0.505118 0.00327041 0.651563 -0.748192 -0.1252
0.169483 0.184723 0.0666013 0.700152 0.529605 0.478859
-0.138964 -0.0605048 -0.342917 -0.700152 -0.529605 -0.478859
-0.0600372 -0.343337 0.0424135 0.651568 -0.748187 -0.125199
-0.272385 0.0222066 0.146644 -0.651568 0.748187 0.125199
0.0305543 -0.164371 0.507863 -0.29197 -0.399668 0.868918
-0.404902 -0.11095 -0.329423 -0.700152 -0.529605 -0.478859
-0.370655 -0.335315 0.0722769 -0.184354 -0.316268 0.930585
-0.201256 0.159102 -0.301266 -0.651568 0.748187 0.125199
-0.2983 -0.334255 0.138951 -0.746553 -0.661721 0.0691743
0.116365 -0.0916566 -0.543577 0.651568 -0.748187 -0.125199
0.137559 0.0623404 0.248631 0.700152 0.529606 0.478859
-0.0770907 0.236089 -0.115151 -0.651568 0.748187 0.125199
-0.447244 -0.271878 0.0807481 -0.0348966 -0.19443 0.980296
0.0351814 -0.131661 0.524463 -0.29197 -0.399668 0.868918
-0.125601 -0.227481 -0.602804 -0.619166 -0.429166 -0.657609
0.314434 0.324328 0.225708 0.700152 0.529605 0.478859
-0.0152804 -0.325615 0.169434 0.651568 -0.748187 -0.125199
0.407773 0.202914 0.144027 -0.700152 -0.529605 -0.478859
-0.262566 0.0933512 -0.418131 -0.226388 -0.0342616 -0.973434
0.2493 0.195497 0.463427 0.700152 0.529605 0.478859
0.0604251 0.390749 -0.323726 -0.651568 0.748187 0.125199
0.298365 0.188376 0.399563 0.700152 0.529605 0.478859
0.213179 0.0429749 0.275535 0.29197 0.399668 -0.868919
-0.155741 0.190113 -0.249717 -0.651568 0.748187 0.125199
-0.0513724 -0.0691328 0.52414 -0.29197 -0.399668 0.868918
-0.255411 0.153659 -0.550578 -0.651568 0.748187 0.125201
-0.379742 -0.218145 0.345264 -0.29197 -0.399668 0.868919
-0.474362 -0.0871799 -0.254154 -0.700152 -0.529605 -0.478859
0.336955 0.397755 -0.277027 0.29197 0.399668 -0.868918
0.0846748 -0.138983 -0.425678 0.651568 -0.748187 -0.125199
-0.209865 -0.448454 0.296412 -0.29197 -0.399668 0.868919
-0.103806 0.177917 0.0934498 -0.651568 0.748187 0.125199
-0.248094 0.00718179 -0.258215 -0.700152 -0.529605 -0.478859
0.225232 0.436919 0.231611 0.700152 0.529605 0.478859
0.256528 0.383747 -0.310495 0.29197 0.399668 -0.868918
-0.335067 -0.210905 -0.320983 -0.700152 -0.529605 -0.478859
-0.447436 -0.228379 0.31781 -0.29197 -0.399668 0.868919
0.292599 0.465454 -0.21582 0.0784375 -0.0977098 0.992119
0.00469543 -0.186556 0.48897 -0.29197 -0.399668 0.868918
0.0701143 0.155021 0.244741 0.700152 0.529606 0.478859
-0.13378 -0.448779 0.288759 0.651568 -0.748187 -0.125199
0.108472 -0.185613 -0.0231784 0.651568 -0.748187 -0.125199
-0.0693796 0.214063 -0.498053 0.29197 0.399668 -0.868919
0.353763 0.0783816 -0.324243 0.651568 -0.748187 -0.125199
0.309252 -0.0719667 0.342589 0.651568 -0.748187 -0.125199
-0.371 -0.106107 -0.384349 -0.700152 -0.529605 -0.478859
0.0761149 -0.278876 0.365765 0.651568 -0.748187 -0.125199
-0.311188 -0.380761 0.0700814 -0.326506 -0.425569 0.84397
0.54018 0.210238 -0.0576693 -0.70015 -0.529604 -0.478862
-0.245905 -0.397691 -0.244769 -0.700152 -0.529605 -0.478859
-0.266151 -0.499489 0.210377 -0.0784375 0.0977098 -0.992119
0.106895 0.23156 0.326564 0.29197 0.399668 -0.868918
0.56593 0.253731 -0.124941 -0.658414 -0.4758 -0.583185
0.0192504 0.20731 0.285959 0.291969 0.399667 -0.868919
0.24301 0.129414 -0.43202 0.29197 0.399668 -0.868919
0.575166 0.230223 -0.0794051 0.651569 -0.748187 -0.125199
-0.362275 -0.435012 -0.0333451 -0.700152 -0.529605 -0.478859
0.29852 -0.0362693 0.0734109 0.651568 -0.748187 -0.125199
0.522348 0.153537 0.10399 0.651568 -0.748187 -0.1252
-0.167004 -0.374813 0.344686 -0.29197 -0.399668 0.868919
0.372878 0.392508 0.0648516 0.700152 0.529605 0.478859
0.228274 0.460197 0.134779 -0.651568 0.748187 0.125199
0.532796 0.324868 -0.222831 0.62125 0.620998 -0.477923
0.176449 0.208078 0.0305862 0.700152 0.529605 0.478859
-0.458924 -0.339758 0.262592 -0.309061 -0.412542 0.856907
0.0282646 -0.0527714 0.558425 -0.29197 -0.399668 0.868918
0.0091088 0.0976828 0.54403 0.746552 0.661721 -0.0691766
0.141269 -0.187004 0.155824 0.651568 -0.748187 -0.125199
0.219931 -0.142526 0.299399 0.651568 -0.748187 -0.125199
-0.286096 0.0387793 -0.578119 0.398052 0.196711 0.896024
-0.238153 -0.122475 -0.464536 -0.29197 -0.399668 0.868919
0.495082 0.205453 0.0135615 -0.700152 -0.529605 -0.478859
0.166087 0.473682 -0.269447 -0.651568 0.748187 0.125199
-0.0562588 0.183756 0.306 -0.651568 0.748187 0.125199
-0.121966 0.16846 0.0554515 -0.651568 0.748187 0.125199
0.0549558 0.190385 0.626641 -0.190013 -0.00118676 -0.981781
0.140985 -0.132144 -0.173499 0.651568 -0.748187 -0.125199
0.364606 0.180209 0.232254 -0.700152 -0.529605 -0.478859
0.377877 0.069074 -0.110192 0.700152 0.529605 0.478859
-0.414157 -0.012978 -0.380912 -0.651569 0.748187 0.125199
0.382782 0.282268 0.0928028 -0.700152 -0.529605 -0.478859
0.178301 -0.04791 0.577228 0.393059 0.474136 -0.787845
-0.461646 -0.104346 -0.0820471 -0.651568 0.748187 0.125199
-0.0541162 0.0456151 0.575998 -0.29197 -0.399668 0.868918
0.304146 0.0124675 0.292069 0.29197 0.399668 -0.868919
0.415055 0.23176 -0.327135 0.29197 0.399668 -0.868918
-0.399885 -0.0354817 -0.339388 0.700152 0.529606 0.478859
-0.332709 -0.0182211 -0.537535 -0.700152 -0.529605 -0.478859
0.0607775 -0.258543 0.164439 0.651568 -0.748187 -0.125199
-0.483433 -0.355307 0.0556521 -0.700152 -0.529606 -0.478859
0.409395 0.244396 0.0957773 -0.700152 -0.529605 -0.478859
-0.313845 -0.104713 -0.388622 0.700152 0.529606 0.478859
-0.47049 -0.376851 0.231434 -0.524386 -0.563489 0.638357
-0.00012601 -0.119335 -0.576808 -0.655496 -0.638367 0.403501
0.0482345 0.261466 0.159007 0.700152 0.529606 0.478859
-0.0625451 -0.269791 0.428091 -0.29197 -0.399668 0.868919
0.298481 -0.120314 0.600083 0.0910661 -0.0867028 0.992063
0.346942 0.282845 -0.176985 0.747567 0.605262 0.2735
0.55281 0.263991 -0.0560951 0.700152 0.529605 0.478859
-0.305332 -0.410067 0.28199 -0.29197 -0.399668 0.868919
-0.183666 0.00722981 -0.619692 -0.0168106 0.150761 -0.988427
-0.00882559 -0.206348 -0.371897 -0.700152 -0.529605 -0.478859
-0.0810299 -0.0215792 -0.552729 -0.690253 -0.653201 0.311254
-0.163333 -0.462543 0.217214 0.651568 -0.748187 -0.125199
0.0871582 0.395353 -0.212117 -0.651568 0.748187 0.125199
-0.42113 -0.129951 -0.284683 -0.700152 -0.529605 -0.478859
-0.0506483 0.194912 0.268534 -0.651568 0.748187 0.125199
0.492908 0.21439 -0.308965 0.29197 0.399668 -0.868918
0.285437 0.354425 -0.314268 0.29197 0.399668 -0.868918
-0.301774 -0.00637124 0.164477 -0.651568 0.748187 0.125199
0.214061 0.224127 -0.0421559 0.700152 0.529605 0.478859
-0.23785 0.0248545 -0.396669 -0.29197 -0.399668 0.868919
-0.269654 -0.422409 0.0652218 -0.360229 -0.450412 0.816923
0.146919 -0.0454123 0.554013 0.614223 0.61719 -0.491739
0.495692 0.166571 0.0556714 -0.700152 -0.529605 -0.478859
-0.423481 -0.366466 0.262345 -0.29197 -0.399668 0.868918
-0.0218933 -0.252662 -0.300947 0.651568 -0.748187 -0.125199
0.500691 0.291527 -0.0103454 0.700152 0.529605 0.478859
0.497939 0.338304 -0.0580561 0.700152 0.529605 0.478859
0.17702 0.0648466 0.273445 0.29197 0.399668 -0.868919
0.0790304 -0.124997 -0.538632 0.651568 -0.748187 -0.125199
0.0171177 0.292723 0.0366871 -0.651568 0.748187 0.125199
-0.241628 0.0116724 0.369663 -0.651568 0.748187 0.125199
-0.150425 -0.162702 -0.453561 -0.29197 -0.399668 0.868918
0.163667 0.158859 0.49446 -0.635645 -0.628558 0.448185
0.0256026 0.0951094 0.496056 0.692654 0.519475 0.500376
-0.0776377 0.221178 -0.0288934 -0.651568 0.748187 0.125199
-0.263287 -0.229361 -0.405524 -0.700152 -0.529605 -0.478859
-0.321184 -0.540814 0.171777 0.59127 0.604286 -0.534078
-0.0478011 0.232916 0.0562406 -0.651568 0.748187 0.125199
-0.119593 -0.124305 -0.300679 -0.700152 -0.529605 -0.478859
-0.300859 -0.143305 -0.445764 -0.700152 -0.529605 -0.478859
0.521101 0.220176 -0.0916781 -0.190016 -0.00118973 -0.98178
0.247681 -0.0855668 0.103431 0.651568 -0.748187 -0.125199
0.285928 0.0895399 0.321398 0.29197 0.399668 -0.868919
0.439277 0.120662 0.268421 0.700152 0.529605 0.478859
-0.257602 0.016603 -0.585644 0.331759 0.132625 0.933995
-0.0818566 -0.138873 0.481819 -0.29197 -0.399668 0.868919
0.217161 -0.105729 0.596968 -0.239674 -0.359626 0.90179
0.413221 0.0697238 0.283366 -0.700152 -0.529605 -0.478859
-0.0936673 0.120414 0.489851 -0.651568 0.748187 0.125199
-0.37853 0.0284933 -0.443333 -0.651568 0.748187 0.125199
0.294125 0.39156 -0.294268 0.29197 0.399668 -0.868918
-0.168162 -0.365045 -0.390564 0.651568 -0.748187 -0.125199
0.287781 0.0273517 -0.362676 0.651568 -0.748187 -0.125199
0.350038 0.0383324 -0.104297 0.651568 -0.748187 -0.125199
0.0272832 -0.202127 -0.347012 0.651568 -0.748187 -0.125199
0.421973 0.290143 0.0267913 -0.700152 -0.529605 -0.478859
0.291662 0.223367 0.291174 -0.700152 -0.529605 -0.478859
0.281607 0.0131365 -0.30986 0.651568 -0.748187 -0.125199
0.222185 0.352506 -0.336404 0.29197 0.399668 -0.868918
-0.359198 -0.0348587 0.0358658 -0.651568 0.748187 0.125199
0.0852729 -0.197237 -0.074446 0.651568 -0.748187 -0.125199
-0.325564 -0.477575 -0.0399483 -0.700152 -0.529605 -0.478859
-0.325221 -0.108877 -0.44822 -0.700152 -0.529605 -0.478859
0.0131548 -0.220889 -0.308422 0.651568 -0.748187 -0.125199
-0.176247 -0.189717 0.426716 -0.29197 -0.399668 0.868919
0.15978 0.0522507 0.6058 -0.0784405 0.0977073 -0.992119
0.0499613 0.0427453 0.609649 -0.291969 -0.399668 0.868919
0.00335952 0.177054 0.649745 -0.0946622 -0.243944 0.965158
-0.443581 -0.418412 0.0671745 -0.700152 -0.529606 -0.478859
0.182663 -0.100994 0.496146 0.758421 0.639011 0.128302
0.413479 0.258823 0.153339 0.700152 0.529605 0.478859
0.166627 0.306045 0.462042 0.700152 0.529605 0.478859
-0.149063 0.0883449 0.393201 -0.651568 0.748187 0.125199
0.392739 0.510548 -0.141327 0.740551 0.663129 -0.108825
0.341748 0.533238 -0.111317 -0.753059 -0.618054 -0.225637
-0.458846 -0.361576 0.0266354 -0.700152 -0.529605 -0.478859
-0.301556 0.034559 -0.0789899 -0.651568 0.748187 0.125199
0.409628 0.447732 -0.0499574 0.700152 0.529606 0.478859
0.178269 -0.0494753 -0.473487 0.651568 -0.748187 -0.125199
0.44408 0.343668 -0.26591 0.29197 0.399668 -0.868919
-0.437719 -0.0784956 -0.112003 -0.651568 0.748187 0.125199
-0.117022 -0.211188 0.436742 -0.29197 -0.399668 0.868919
0.161448 0.193112 0.32721 0.29197 0.399668 -0.868918
-0.159776 0.113331 0.188134 -0.651568 0.748187 0.125199
0.404768 0.373238 -0.070167 -0.297345 -0.100058 -0.949513
0.211709 -0.0445239 0.42859 0.297352 0.100064 0.94951
0.207839 -0.0922968 -0.0636983 0.651568 -0.748187 -0.125199
0.161494 0.281879 0.496273 0.700152 0.529606 0.478859
-0.458037 -0.134589 0.117468 -0.651567 0.748188 0.125203
-0.158153 0.0664712 -0.595768 0.29197 0.399668 -0.868918
-0.254748 0.131932 -0.417285 -0.651568 0.748187 0.125199
0.479958 0.255573 -0.294374 0.29197 0.399668 -0.868918
0.333216 0.0517956 -0.272298 0.651568 -0.748187 -0.125199
-0.171086 -0.390744 -0.252206 0.651568 -0.748187 -0.125199
0.369538 0.274595 -0.085874 -0.29197 -0.399668 0.868919
0.0535616 -0.193218 0.502325 -0.29197 -0.399668 0.868918
0.527174 0.172883 0.0134974 0.651569 -0.748187 -0.125199
0.189981 0.44485 -0.0678975 -0.29197 -0.399668 0.868919
0.339788 0.0467898 -0.0298548 0.700152 0.529605 0.478859
-0.311472 0.0539274 -0.408034 -0.29197 -0.399668 0.868919
-0.172154 -0.270968 -0.492755 -0.700152 -0.529605 -0.478859
-0.00791899 0.313805 -0.219595 -0.651568 0.748187 0.125199
-0.519345 -0.165296 -0.0180907 -0.651568 0.748187 0.125199
-0.371098 -0.285115 -0.186227 -0.700152 -0.529605 -0.478859
0.0112085 -0.330825 0.338422 0.651568 -0.748187 -0.125199
0.0231309 -0.251019 -0.0764493 0.651568 -0.748187 -0.125199
-0.207023 -0.369164 0.333837 -0.29197 -0.399668 0.868919
-0.210082 -0.463386 -0.0210482 0.651568 -0.748187 -0.125199
-0.23498 -0.423453 0.0898051 -0.614222 -0.617189 0.491741
0.282457 0.281534 0.319793 0.700152 0.529605 0.478859
-0.212199 -0.0436824 -0.419574 -0.29197 -0.399668 0.868919
-0.282304 -0.538123 0.0497146 0.651574 -0.748183 -0.125196
-0.362271 -0.317073 0.305631 -0.29197 -0.399668 0.868919
-0.409173 -0.28166 0.30616 -0.29197 -0.399668 0.868919
0.246714 -0.113294 0.427346 0.460363 0.258817 0.849164
-0.258753 -0.490629 0.260586 -0.29197 -0.399668 0.868918
0.494087 0.360399 -0.148108 -0.758421 -0.639011 -0.128305
0.218125 0.0229535 0.174395 0.700152 0.529606 0.478859
-0.213849 -0.0731041 -0.270314 0.29197 0.399668 -0.868919
-0.271867 -0.217183 0.381953 -0.29197 -0.399668 0.868919
-0.0296745 -0.34412 0.205107 0.651568 -0.748187 -0.125199
0.0936471 -0.0514317 0.581011 -0.29197 -0.399668 0.868918
0.214418 -0.137205 0.510659 0.738915 0.66331 -0.118421
-0.0305059 0.130903 -0.523241 0.29197 0.399668 -0.868919
-0.340688 0.0101345 -0.136681 -0.651567 0.748188 0.1252
-0.233755 0.0967718 -0.097919 -0.651568 0.748187 0.125199
-0.271493 -0.0467503 -0.498354 0.72944 0.663251 -0.167376
0.113119 0.176074 0.15858 0.700152 0.529606 0.478859
0.130733 -0.0421664 0.517379 0.752334 0.658486 -0.0197591
-0.447746 -0.328973 0.0789934 0.33177 0.132635 0.93399
0.0631084 0.294533 0.100688 0.700152 0.529605 0.478859
-0.00105097 -0.306043 0.43208 -0.29197 -0.399668 0.868918
0.282498 -0.106834 0.411719 0.651569 -0.748187 -0.125199
0.330967 0.203707 -0.368294 0.29197 0.399668 -0.868919
-0.143623 -0.0622546 -0.607958 0.0407246 -0.130305 0.990637
0.200379 0.228405 -0.400813 0.29197 0.399668 -0.868919
0.219204 -0.179376 0.515832 0.651569 -0.748187 -0.125197
-0.228868 -0.450575 -0.195374 0.651568 -0.748187 -0.125199
0.259556 0.245452 0.393182 0.700152 0.529605 0.478859
-0.0213456 0.214587 0.303452 -0.651568 0.748187 0.125199
-0.119059 -0.126449 -0.635741 -0.236234 -0.0432885 -0.970731
0.380505 0.194979 0.272162 0.700152 0.529605 0.478859
-0.329649 -0.0575683 -0.417655 0.700152 0.529606 0.478859
0.391325 0.441155 -0.0827939 -0.594911 -0.401571 -0.696292
-0.058626 0.0999052 -0.546947 0.29197 0.399668 -0.868919
-0.17316 -0.215276 -0.472041 0.700152 0.529606 0.478859
-0.268607 -0.146361 -0.408704 0.700152 0.529606 0.478859
0.0858921 -0.234186 0.149587 0.651568 -0.748187 -0.125199
0.269325 0.00233528 0.122337 0.700152 0.529606 0.478859
0.252122 0.265903 -0.129325 -0.29197 -0.399668 0.868918
0.0302475 0.320427 -0.0605367 -0.651568 0.748187 0.125199
-0.0956422 -0.179682 0.458417 -0.29197 -0.399668 0.868919
0.349279 0.480183 -0.200935 -0.393061 -0.474138 0.787843
-0.348937 -0.0404722 0.12281 -0.651568 0.748187 0.125199
-0.126774 -0.101986 -0.417687 -0.29197 -0.399668 0.868918
-0.434917 -0.134001 0.234272 -0.651568 0.748187 0.125199
0.017515 0.252818 0.213487 0.700152 0.529606 0.478859
0.102794 0.18262 0.468407 -0.326506 -0.425569 0.84397
-0.19482 0.077611 -0.447113 -0.594905 -0.401565 -0.6963
-0.20856 -0.246504 -0.466581 -0.700152 -0.529605 -0.478859
-0.162015 0.093077 0.297516 -0.651568 0.748187 0.125199
0.130341 0.172001 0.307047 0.29197 0.399668 -0.868919
-0.0966432 0.260136 -0.360611 -0.651568 0.748187 0.125199
0.320754 0.373636 0.161934 0.700152 0.529605 0.478859
-0.102871 0.0700714 -0.575536 0.291969 0.399668 -0.868919
0.288146 0.479084 0.0929889 0.700152 0.529605 0.478859
-0.117697 -0.096671 -0.334013 -0.700152 -0.529605 -0.478859
-0.0110143 -0.0579065 0.542865 -0.29197 -0.399668 0.868918
-0.316878 -0.250961 -0.303277 -0.700152 -0.529605 -0.478859
-0.0661169 0.267592 -0.246305 -0.651568 0.748187 0.125199
0.17261 -0.0668744 -0.398962 0.651568 -0.748187 -0.125199
-0.306927 -0.0974175 0.42526 -0.29197 -0.399668 0.868919
0.294383 0.420189 0.149005 0.700152 0.529605 0.478859
0.372305 0.372583 -0.231268 0.115946 -0.0648804 0.991134
-0.218534 0.0965747 -0.0175262 -0.651568 0.748187 0.125199
0.174828 0.335513 0.33797 -0.700152 -0.529605 -0.478859
-0.303111 -0.237835 -0.337922 -0.700152 -0.529605 -0.478859
-0.430795 -0.254912 0.239572 -0.398043 -0.196702 -0.89603
-0.423968 -0.453706 0.0777174 -0.707105 -0.539253 -0.457394
-0.291761 -0.46383 0.215872 -0.115949 0.0648775 -0.991134
-0.15318 0.143201 0.0439534 -0.651568 0.748187 0.125199
-0.379754 -0.0988885 0.311527 -0.651568 0.748187 0.125199
-0.18157 -0.295407 -0.451959 -0.700152 -0.529605 -0.478859
0.243484 -0.0690563 0.585852 0.072626 0.225809 -0.971461
0.443674 0.176454 -0.140475 0.67371 0.646587 -0.357826
0.336052 0.0719236 -0.377824 0.651568 -0.748187 -0.125199
-0.292762 0.0229681 0.0360435 -0.651568 0.748187 0.125199
0.0394851 -0.000712984 0.58614 -0.29197 -0.399668 0.868918
0.291384 0.284041 0.224477 -0.700152 -0.529605 -0.478859
-0.00907639 0.08651 -0.536459 0.29197 0.399668 -0.868919
0.196631 -0.0636508 -0.293215 0.651568 -0.748187 -0.125199
-0.205074 -0.49957 0.221251 0.651575 -0.748182 -0.125196
0.386848 0.0921551 -0.234368 0.651568 -0.748187 -0.125199
-0.371647 -0.0661561 0.158112 -0.651568 0.748187 0.125199
0.0633131 -0.263458 0.207007 0.651568 -0.748187 -0.125199
0.117495 -0.0250189 0.601173 -0.291969 -0.399668 0.868919
-0.254667 -0.196454 -0.373684 0.700152 0.529606 0.478859
0.058432 0.0618038 -0.525139 0.29197 0.399668 -0.868919
-0.345755 -0.0162441 -0.288483 0.29197 0.399668 -0.868919
0.377732 0.45352 -0.202452 -0.455714 -0.517997 0.723881
-0.0225947 -0.213157 -0.465461 -0.04073 0.1303 -0.990638
0.302945 0.442789 0.111493 0.700152 0.529605 0.478859
0.304051 0.243529 0.330252 0.700152 0.529605 0.478859
0.100028 0.413403 -0.253004 -0.651568 0.748187 0.125199
-0.171148 0.209538 -0.445985 -0.651568 0.748187 0.125199
0.270976 -0.147099 0.59374 -0.16797 -0.30324 0.937993
0.244964 0.328945 -0.102734 -0.29197 -0.399668 0.868919
0.097007 -0.234413 0.208783 0.651568 -0.748187 -0.125199
-0.234048 0.134324 -0.323854 -0.651568 0.748187 0.125199
0.1114 0.0789468 0.610379 0.0726261 0.225809 -0.971461
0.541634 0.257093 -0.272022 0.375484 0.461494 -0.803763
0.124101 0.137473 0.185213 0.700152 0.529606 0.478859
-0.0882336 -0.268578 -0.551086 0.651568 -0.748187 -0.125199
-0.357529 -0.171764 -0.331431 -0.700152 -0.529605 -0.478859
-0.335496 -0.377876 -0.135691 -0.700152 -0.529606 -0.478859
0.116396 -0.241312 0.350917 0.651568 -0.748187 -0.125199
0.194443 -0.0991079 0.54598 0.614223 0.61719 -0.491739
-0.0228025 0.0857686 0.604989 -0.29197 -0.399668 0.868918
-0.407617 -0.0576989 -0.0796282 -0.651568 0.748187 0.125199
-0.175023 -0.42134 -0.0898585 0.651568 -0.748187 -0.125199
-0.122927 -0.406854 0.0946979 0.651568 -0.748187 -0.125199
-0.214474 -0.0204626 -0.617248 -0.236241 -0.0432945 -0.97073
0.0859761 -0.128015 0.543208 -0.29197 -0.399668 0.868918
-0.347487 -0.562714 0.131205 -0.747728 -0.661261 0.0603062
0.517139 0.227071 0.0368916 0.700152 0.529605 0.478859
0.380539 0.393752 -0.027216 -0.700152 -0.529606 -0.478857
0.190826 0.131134 0.559938 -0.731021 -0.575189 -0.367105
0.00271902 -0.262741 -0.112623 0.651568 -0.748187 -0.125199
0.147179 0.463398 -0.306386 -0.651568 0.748187 0.125199
0.196254 0.16841 0.570823 0.692775 0.519637 0.500041
0.320881 0.0159276 -0.122147 0.651568 -0.748187 -0.125199
0.119525 -0.160359 0.539604 -0.29197 -0.399668 0.868918
0.0298988 -0.237941 -0.119381 0.651568 -0.748187 -0.125199
-0.417029 -0.1279 0.290909 -0.651568 0.748187 0.125199
0.0816206 0.373441 -0.109987 -0.651568 0.748187 0.125199
-0.527404 -0.293351 0.222095 0.513827 0.5567 -0.652738
0.0828483 0.0270985 -0.532898 0.29197 0.399668 -0.868919
-0.154648 -0.122865 0.464723 -0.29197 -0.399668 0.868919
0.339182 -0.0457022 0.341396 0.651568 -0.748187 -0.125199
-0.236147 0.124899 -0.278453 -0.651568 0.748187 0.125199
-0.143366 -0.301501 -0.501078 -0.700152 -0.529605 -0.478859
0.453187 0.274744 -0.247134 0.115949 -0.0648776 0.991134
0.366335 0.0547721 0.447946 0.700152 0.529605 0.478859
0.187129 -0.113865 -0.0425894 0.651568 -0.748187 -0.125199
-0.240983 -0.160793 -0.433132 0.700152 0.529606 0.478859
0.238571 0.403419 -0.143876 0.758421 0.639011 0.128307
-0.269185 -0.435402 0.207357 -0.429739 -0.228045 -0.873682
0.164528 0.454737 -0.164338 -0.651569 0.748187 0.125199
-0.160293 -0.0248996 -0.35111 -0.700152 -0.529605 -0.478859
0.189058 -0.208075 0.530447 0.651568 -0.748187 -0.125199
-0.253925 -0.0172423 0.478455 -0.651568 0.748187 0.125198
0.366383 0.368707 0.100671 0.700152 0.529605 0.478859
-0.151989 -0.235137 -0.324056 0.29197 0.399668 -0.868919
0.0878591 0.297993 -0.406614 0.29197 0.399668 -0.868919
-0.2548 -0.511974 0.0411787 0.0784366 -0.0977106 0.992119
-0.416653 -0.0928595 0.0834673 -0.651568 0.748187 0.125199
-0.240443 -0.178439 -0.495241 -0.700151 -0.529605 -0.47886
-0.0583061 -0.028073 0.540696 -0.29197 -0.399668 0.868918
0.331645 0.300684 -0.127709 0.70508 0.65819 -0.263911
-0.241538 -0.424178 0.296935 -0.29197 -0.399668 0.868919
-0.448752 -0.413246 0.15578 0.746551 0.661721 -0.0691844
-0.0434098 -0.0962068 -0.476232 -0.594905 -0.401565 -0.6963
0.432018 0.327157 -0.0745664 -0.190016 -0.00118941 -0.98178
0.320384 0.327817 -0.314764 0.29197 0.399668 -0.868918
0.22821 -0.0700255 -0.0907765 0.651568 -0.748187 -0.125199
-0.101019 -0.226869 -0.501345 0.61422 0.617188 -0.491744
0.375206 0.407964 -0.0645688 -0.297347 -0.10006 -0.949512
-0.114215 -0.250461 -0.318412 0.29197 0.399668 -0.868919
0.0374108 -0.258255 0.0411115 0.651568 -0.748187 -0.125199
0.182383 -0.138326 0.570859 -0.291969 -0.399668 0.868919
0.239874 0.173931 0.50106 0.700152 0.529606 0.478859
-0.0250876 -0.317205 0.0681372 0.651568 -0.748187 -0.125199
0.5651 0.211118 -0.0176196 0.651568 -0.748187 -0.1252
