ply
format ascii 1.0
comment Created by Open3D
element vertex 128
property double x
property double y
property double z
property double nx
property double ny
property double nz
end_header
-0.0894558 -0.306993 -0.327879 0.651569 -0.748187 -0.125199
-0.235973 -0.144524 -0.539287 -0.700152 -0.529605 -0.478859
-0.37882 -0.227823 0.341122 -0.29197 -0.399668 0.868919
0.159412 -0.146224 0.00654033 0.651568 -0.748187 -0.125199
0.407893 0.205298 -0.10486 -0.29197 -0.399668 0.868919
0.0957437 -0.10891 -0.54779 0.651568 -0.748187 -0.125199
-0.36642 -0.540959 0.13499 -0.747728 -0.661261 0.0603062
0.448318 0.388221 -0.238615 0.468128 0.52644 -0.709731
0.306531 0.117594 -0.416113 0.29197 0.399668 -0.868919
-0.280494 0.0429891 -0.0197555 -0.651568 0.748187 0.125199
0.174243 -0.160614 0.169719 0.651568 -0.748187 -0.125199
0.0498377 -0.290438 0.298106 0.651568 -0.748187 -0.125199
-0.440235 -0.0557641 -0.260941 -0.651568 0.748187 0.125199
-0.275403 -0.00900295 -0.42486 -0.29197 -0.399668 0.868919
-0.253435 -0.0845195 -0.288866 0.29197 0.399668 -0.868919
-0.458572 -0.085475 -0.178819 -0.651568 0.748187 0.125199
0.390596 0.145712 0.311895 0.700152 0.529605 0.478859
-0.324192 -0.502594 0.199864 0.360236 0.450417 -0.816918
-0.365129 0.0223743 -0.535031 -0.700152 -0.529605 -0.478859
0.133871 -0.191764 0.145766 0.651568 -0.748187 -0.125199
-0.0886254 -0.331592 -0.176555 0.651568 -0.748187 -0.125199
-0.079651 -0.185038 -0.440054 -0.29197 -0.399668 0.868918
0.15921 0.12449 0.148238 0.700152 0.529606 0.478859
-0.113238 -0.434342 0.335371 -0.29197 -0.399668 0.868919
0.419319 0.0377098 0.389346 0.700152 0.529605 0.478859
0.141338 0.323802 -0.376773 0.29197 0.399668 -0.868918
0.251606 -0.0532189 0.421081 0.078435 -0.097712 0.992119
-0.161355 -0.21312 -0.572523 -0.700152 -0.529605 -0.478859
-0.0567247 -0.370455 0.221711 0.651568 -0.748187 -0.125199
0.459692 0.413195 -0.202987 0.641864 0.631714 -0.434682
0.238486 0.113934 0.568578 0.676775 0.498767 0.541486
-0.286449 -0.370261 -0.215825 -0.700152 -0.529605 -0.478859
-0.108578 -0.403001 0.146346 0.651568 -0.748187 -0.125199
-0.195215 -0.0400055 -0.283343 -0.700152 -0.529605 -0.478859
0.258745 0.0459968 0.5923 0.521765 0.322206 0.789901
-0.388085 -0.413024 0.252823 -0.29197 -0.399668 0.868918
-0.0866173 0.147904 0.362261 -0.651568 0.748187 0.125199
-0.21345 -0.281101 0.372183 -0.29197 -0.399668 0.868919
0.233122 -0.073211 -0.0461738 0.651568 -0.748187 -0.125199
-0.350434 -0.477357 -0.00382651 -0.700152 -0.529606 -0.478859
0.261332 0.427157 0.189624 0.700152 0.529605 0.478859
0.0530787 0.369522 -0.235112 -0.651568 0.748187 0.125199
0.412215 0.322247 0.00555217 -0.700152 -0.529605 -0.478859
0.255197 0.208053 0.361428 -0.700152 -0.529605 -0.478859
-0.327428 -0.504108 -0.0078787 -0.700152 -0.529606 -0.478859
0.189784 0.394482 0.327179 -0.651568 0.748187 0.125199
-0.266245 -0.311759 -0.310068 -0.700152 -0.529605 -0.478859
-0.229812 0.0597324 0.14395 -0.651568 0.748187 0.125199
-0.0350999 -0.182198 -0.360189 -0.700152 -0.529605 -0.478859
-0.0172711 0.274951 -0.0360729 -0.651568 0.748187 0.125199
0.0134688 -0.330999 0.351225 0.651568 -0.748187 -0.125199
-0.108834 0.170966 0.108817 -0.651568 0.748187 0.125199
-0.305699 -0.00507003 -0.484241 0.705077 0.658189 -0.26392
-0.408794 -0.109751 0.225312 -0.651568 0.748187 0.125199
0.499502 0.354266 -0.149576 -0.758421 -0.639011 -0.128305
0.383995 -0.00476544 0.329976 0.651569 -0.748187 -0.125199
-0.310131 -0.548666 0.0161113 -0.700152 -0.529606 -0.478859
0.33212 0.399539 -0.277831 0.29197 0.399668 -0.868918
-0.249236 -0.416291 0.297976 -0.29197 -0.399668 0.868919
-0.231832 -0.137453 0.432079 -0.29197 -0.399668 0.868919
-0.227727 -0.0963046 -0.504144 0.718154 0.661543 -0.215907
-0.091178 0.231671 -0.162065 -0.651568 0.748187 0.125199
-0.118713 -0.103534 -0.324938 -0.700152 -0.529605 -0.478859
-0.456248 -0.388701 0.0528357 -0.700152 -0.529606 -0.478859
0.263422 0.165932 -0.049965 0.700152 0.529605 0.478859
-0.249062 -0.0707239 -0.496729 0.718153 0.661543 -0.21591
0.282736 0.136702 0.479566 0.700152 0.529605 0.478859
-0.0530361 0.309312 -0.427546 -0.651568 0.748187 0.125199
-0.14433 -0.430118 0.122334 0.651568 -0.748187 -0.125199
-0.215859 0.0307656 -0.331429 -0.700152 -0.529605 -0.478859
-0.192125 0.106312 0.0617228 -0.651568 0.748187 0.125199
-0.424264 -0.240226 -0.158138 -0.700152 -0.529605 -0.478859
0.163003 -0.214148 0.431143 0.651568 -0.748187 -0.125199
-0.119629 -0.200516 0.440774 -0.29197 -0.399668 0.868919
-0.389913 -0.473969 0.16725 0.690253 0.6532 -0.311255
-0.461727 -0.0776896 -0.241767 -0.651568 0.748187 0.125199
-0.0305817 -0.314087 0.0209099 0.651568 -0.748187 -0.125199
0.0590406 0.371131 -0.213695 -0.651568 0.748187 0.125199
0.339283 0.324775 0.188883 0.700152 0.529605 0.478859
0.193988 -0.0223654 -0.518305 0.29197 0.399668 -0.868919
0.176776 0.451232 -0.0796567 -0.651569 0.748186 0.125201
-0.321281 0.103436 -0.593249 -0.651568 0.748187 0.125199
-0.113586 -0.160113 0.461388 -0.29197 -0.399668 0.868919
-0.0734427 0.177893 0.251609 -0.651568 0.748187 0.125199
-0.480312 -0.249417 -0.066024 -0.700152 -0.529606 -0.478859
-0.169906 -0.263793 -0.503978 -0.700152 -0.529605 -0.478859
-0.235634 -0.100947 -0.581781 -0.619166 -0.429167 -0.657608
-0.226357 -0.407081 -0.262966 -0.700152 -0.529605 -0.478859
-0.522524 -0.163515 -0.0452777 -0.651568 0.748187 0.125199
-0.288529 -0.380435 -0.201533 -0.700152 -0.529606 -0.478859
0.109107 0.116422 0.274348 0.291969 0.399667 -0.868919
0.292705 0.27859 0.308064 0.700152 0.529605 0.478859
0.143462 -0.142046 -0.101432 0.651568 -0.748187 -0.125199
0.242948 0.50166 -0.0366329 -0.651571 0.748184 0.125205
-0.210096 0.0392417 0.369008 -0.651568 0.748187 0.125199
-0.118911 0.182881 -0.0148273 -0.651568 0.748187 0.125199
0.4239 0.13396 -0.291368 0.651568 -0.748187 -0.125199
-0.350043 -0.469842 0.066743 0.489846 0.288948 0.822533
0.403701 0.00595291 0.368477 0.651569 -0.748187 -0.125199
0.045036 -0.207948 -0.219836 0.651568 -0.748187 -0.125199
0.227513 -0.146706 0.363841 0.651568 -0.748187 -0.125199
0.333963 0.284649 -0.0932033 -0.29197 -0.399668 0.868919
-0.0796469 -0.170137 -0.308396 -0.700152 -0.529605 -0.478859
0.308899 0.402413 -0.0617074 0.184354 0.316268 -0.930585
0.304534 0.322831 0.16235 -0.700152 -0.529605 -0.478859
-0.388092 -0.45246 0.0236995 -0.700152 -0.529606 -0.478859
-0.201598 -0.0830552 -0.612668 -0.435317 -0.233612 -0.869439
0.0818549 0.377875 -0.135269 -0.651568 0.748188 0.125198
-0.0614563 0.151286 0.47299 -0.651568 0.748187 0.125199
0.352747 0.548489 -0.0837767 0.747111 0.604306 0.27684
-0.270945 0.0320679 -0.252327 -0.700152 -0.529605 -0.478859
-0.345892 -0.00295101 -0.445762 -0.29197 -0.399668 0.868919
0.157809 -0.0907952 -0.333043 0.651568 -0.748187 -0.125199
-0.258699 -0.385638 -0.239393 -0.700152 -0.529605 -0.478859
0.115491 0.0679737 0.446868 0.262196 0.0672469 0.962669
0.350542 -0.0605022 0.539066 -0.692657 -0.519479 -0.500368
0.364537 0.36602 0.106341 0.700152 0.529605 0.478859
-0.428607 -0.454778 0.0870119 -0.730627 -0.574547 -0.36889
0.293921 0.224427 0.286698 -0.700152 -0.529605 -0.478859
0.263643 0.437842 -0.205268 0.429739 0.228045 0.873682
0.329112 0.550853 -0.124675 -0.756245 -0.653614 -0.0297126
0.177946 -0.0758625 -0.317479 0.651568 -0.748187 -0.125199
-0.286742 -0.0292936 0.379685 -0.651568 0.748187 0.125199
-0.0676059 -0.151421 -0.346701 -0.700152 -0.529605 -0.478859
-0.249983 -0.397893 0.16535 -0.731022 -0.575191 -0.367098
-0.0641532 0.236077 -0.0477495 -0.651568 0.748187 0.125199
-0.0987161 -0.240258 0.429521 -0.29197 -0.399668 0.868919
-0.33773 0.00609604 -0.438858 -0.29197 -0.399668 0.868919
