ply
format ascii 1.0
comment Created by Open3D
element vertex 512
property double x
property double y
property double z
property double nx
property double ny
property double nz
end_header
0.220689 -0.366869 -0.154907 0.867244 0.366586 -0.3369
0.0703318 -0.322672 0.116176 0.334151 0.0730755 0.939682
-0.0475538 0.313358 -0.0782664 -0.867244 -0.366586 0.3369
0.082865 -0.478063 -0.108383 -0.334151 -0.0730754 -0.939682
-0.108188 0.488001 -0.0278779 0.369094 -0.92751 -0.059121
0.170284 -0.221489 -0.0994856 -0.867244 -0.366586 0.3369
-0.132717 0.360992 0.12554 -0.334151 -0.0730755 -0.939682
-0.0538415 0.18459 0.11121 -0.334151 -0.0730755 -0.939682
-0.22844 0.204025 -0.0422355 -0.867244 -0.366586 0.3369
0.0957496 0.0485617 0.0024945 -0.867244 -0.366586 0.3369
0.0922612 -0.113 -0.155299 0.867244 0.366586 -0.3369
-0.101078 -0.0346386 0.0259232 -0.867244 -0.366586 0.3369
0.092689 -0.126287 -0.129558 0.334151 0.0730755 0.939682
-0.160883 0.292367 0.173825 -0.867244 -0.366586 0.3369
0.0267255 -0.364229 -0.0307023 0.867244 0.366586 -0.3369
0.129228 -0.0358524 0.0632536 -0.334151 -0.0730755 -0.939682
0.0522796 -0.0786779 0.0939468 -0.334151 -0.0730755 -0.939682
-0.226271 0.439299 0.152744 -0.369094 0.92751 0.0591211
0.181924 -0.348212 -0.144032 0.334151 0.0730755 0.939682
0.14119 0.0118744 0.0525613 0.867244 0.366586 -0.3369
0.0282682 0.29915 0.0744701 0.867244 0.366586 -0.3369
0.055363 0.208379 0.0802015 0.334151 0.0730755 0.939682
-0.0569867 -0.0473911 0.0985624 0.867244 0.366586 -0.3369
-0.216553 0.321919 0.116646 -0.867244 -0.366586 0.3369
-0.22363 0.324892 -0.0908597 -0.334151 -0.0730755 -0.939682
-0.243108 0.294936 0.0189269 -0.867244 -0.366586 0.3369
0.119352 -0.00145861 0.00882401 -0.867244 -0.366586 0.3369
0.00196186 0.150065 0.0940513 -0.334151 -0.0730755 -0.939682
0.218272 -0.375597 -0.143643 -0.867244 -0.366586 0.3369
-0.175705 0.234778 -0.062196 0.334151 0.0730755 0.939682
-0.168906 0.472139 -0.0144096 0.583989 0.280938 -0.761597
0.0760794 -0.484582 -0.034614 0.867244 0.366586 -0.3369
0.0365328 -0.0996468 -0.150359 -0.334151 -0.0730755 -0.939682
-0.0764699 0.473368 0.106474 0.334151 0.0730755 0.939682
-0.091149 0.333717 -0.138656 -0.334151 -0.0730755 -0.939682
-0.151872 0.0522393 -0.0951733 -0.334151 -0.0730755 -0.939682
-0.105125 0.340506 -0.134214 -0.334151 -0.0730755 -0.939682
0.141927 -0.0443635 -0.0067341 0.867244 0.366586 -0.3369
0.216945 -0.232446 0.0087048 -0.867244 -0.366586 0.3369
0.0284732 0.0560525 0.0919349 -0.334151 -0.0730755 -0.939682
0.133364 -0.0194272 0.0992034 0.334151 0.0730755 0.939682
0.11915 -0.474347 0.0873941 0.867244 0.366586 -0.3369
-0.257634 0.424145 0.0409166 0.369094 -0.92751 -0.0591209
0.0559229 -0.40636 0.0255976 -0.867244 -0.366586 0.3369
0.0511174 -0.369508 -0.0958611 0.334151 0.0730755 0.939682
-0.102004 0.486057 0.0412276 0.369125 -0.927495 -0.0591536
-0.0277376 -0.124508 0.116927 -0.867244 -0.366586 0.3369
-0.00216983 0.0692315 0.101807 -0.334151 -0.0730755 -0.939682
0.283194 -0.351683 0.0225144 0.867244 0.366586 -0.3369
0.0273267 0.127527 -0.0877152 -0.867244 -0.366586 0.3369
-0.0408415 0.418691 0.0266424 0.867244 0.366586 -0.3369
0.143236 -0.0474203 0.020293 -0.867244 -0.366586 0.3369
0.0963879 -0.0140064 -0.0639438 -0.867244 -0.366586 0.3369
-0.0441768 -0.196682 -0.00392448 -0.867244 -0.366586 0.3369
-0.0435159 -0.131055 -0.080753 0.334151 0.0730755 0.939682
-0.103586 0.486309 0.027391 0.369094 -0.92751 -0.059121
-0.13802 0.439525 -0.0915193 0.334151 0.0730755 0.939682
0.0253445 -0.332475 0.0272785 -0.867244 -0.366586 0.3369
-0.0110477 -0.00407533 0.110664 -0.334151 -0.0730755 -0.939682
0.0595139 0.160827 0.0313744 -0.867244 -0.366586 0.3369
0.187169 -0.28836 -0.128784 -0.867244 -0.366586 0.3369
-0.139236 0.475849 0.1227 -0.369094 0.92751 0.0591211
0.148044 -0.0820674 -0.00503019 -0.867244 -0.366586 0.3369
-0.0583726 0.484852 0.0894711 -0.334151 -0.0730755 -0.939682
0.0485585 -0.401739 0.0116686 -0.867244 -0.366586 0.3369
0.158025 -0.176034 -0.0815829 -0.867244 -0.366586 0.3369
0.240433 -0.28981 -0.0202337 0.867244 0.366586 -0.3369
0.173197 -0.179314 -0.0730812 0.867244 0.366586 -0.3369
0.203955 -0.177541 0.0619943 0.867244 0.366586 -0.3369
0.0707513 0.0338619 -0.077851 -0.867244 -0.366586 0.3369
0.0470922 -0.393925 -0.131229 -0.334151 -0.0730755 -0.939682
-0.100006 0.0134854 0.0540627 0.867244 0.366586 -0.3369
-0.133753 0.327115 -0.0842947 0.334151 0.0730755 0.939682
-0.0159579 -0.0601058 0.116768 -0.334151 -0.0730755 -0.939682
-0.0185893 -0.24545 -0.0181067 0.867244 0.366586 -0.3369
0.0388866 0.251091 0.0495094 0.867244 0.366586 -0.3369
0.243551 -0.434929 -0.113435 0.369094 -0.92751 -0.0591209
0.198252 -0.331823 -0.147547 -0.867244 -0.366586 0.3369
0.216709 -0.306223 0.0531708 -0.334151 -0.0730755 -0.939682
-0.10723 0.167106 -0.119981 -0.334151 -0.0730755 -0.939682
0.0364999 0.266159 0.0597619 0.867244 0.366586 -0.3369
0.126613 -0.481737 0.0446259 -0.369094 0.92751 0.0591208
-0.0872266 0.450101 -0.0315999 -0.867244 -0.366586 0.3369
-0.115876 0.1102 0.145432 -0.867244 -0.366586 0.3369
0.0974515 -0.0859055 -0.134392 0.334151 0.0730755 0.939682
-0.0207906 0.198863 -0.124165 -0.334151 -0.0730755 -0.939682
0.239566 -0.433292 -0.0102155 -0.369094 0.92751 0.0591209
0.124591 -0.253857 -0.16968 -0.334151 -0.0730755 -0.939682
-0.119468 0.0866812 0.0836111 0.867244 0.366586 -0.3369
-0.0658426 -0.118532 -0.00164438 0.867244 0.366586 -0.3369
0.112424 -0.208352 0.121341 0.334151 0.0730755 0.939682
0.153327 -0.159768 -0.0759773 -0.867244 -0.366586 0.3369
0.0603044 0.0530311 -0.0838851 -0.867244 -0.366586 0.3369
-0.286445 0.344428 -0.0387779 -0.867244 -0.366586 0.3369
-0.0545891 0.383141 -0.0474284 0.867244 0.366586 -0.3369
0.012707 -0.128358 -0.100956 0.334151 0.0730755 0.939682
0.108749 0.0124471 -0.00334043 -0.867244 -0.366586 0.3369
0.0754142 -0.495059 -0.065997 -0.369094 0.92751 0.0591208
-0.109945 0.477546 0.118053 0.334151 0.0730756 0.939682
-0.043086 0.353045 0.132983 0.334151 0.0730755 0.939682
-0.202283 0.353042 -0.0619418 0.334151 0.0730755 0.939682
0.129127 -0.406769 0.0921343 -0.334151 -0.0730755 -0.939682
0.0234658 -0.146286 0.148148 0.334151 0.0730755 0.939682
-0.0605097 -0.020277 0.118997 0.867244 0.366586 -0.3369
0.109249 -0.122557 0.0771006 -0.334151 -0.0730755 -0.939682
0.16266 -0.468521 -0.0914309 0.369093 -0.92751 -0.0591278
0.237669 -0.331452 -0.0726607 0.867244 0.366586 -0.3369
-0.00816187 0.29702 0.0862232 -0.334151 -0.0730755 -0.939682
-0.128894 0.226261 -0.116878 -0.334151 -0.0730755 -0.939682
0.0723474 -0.454266 -0.110044 0.369094 -0.92751 -0.0591209
-0.00905181 0.203249 0.13253 0.334151 0.0730755 0.939682
-0.0613475 0.45882 0.107277 -0.369094 0.92751 0.0591208
-0.150672 0.195757 -0.0680633 0.334151 0.0730755 0.939682
-0.241032 0.439624 0.0554939 -0.369075 0.927517 0.0591211
-0.0801402 -0.0529715 0.0328887 0.867244 0.366586 -0.3369
-0.0830751 0.165074 -0.0897146 0.334151 0.0730755 0.939682
0.225875 -0.261836 0.0851577 0.334151 0.0730755 0.939682
0.117893 -0.492891 0.0747744 -0.867244 -0.366586 0.3369
0.252614 -0.265411 0.0469038 0.334151 0.0730756 0.939682
-0.1504 0.45511 -0.0980034 -0.334151 -0.0730756 -0.939682
-0.167785 0.229368 0.114491 0.867244 0.366586 -0.3369
0.0202695 -0.296396 0.0264889 0.867244 0.366586 -0.3369
0.256647 -0.436685 0.0529842 0.334151 0.073075 0.939682
0.100438 0.0547042 -0.00573709 0.867244 0.366586 -0.3369
-0.225388 0.376475 0.153264 -0.867244 -0.366586 0.3369
-0.0628767 -0.149378 -0.000589017 -0.867244 -0.366586 0.3369
0.145106 -0.186105 -0.152782 0.867244 0.366586 -0.3369
0.132069 -0.327813 0.123646 0.334151 0.0730755 0.939682
0.0865846 -0.0186368 -0.0942177 -0.867244 -0.366586 0.3369
-0.267748 0.384205 0.0526318 -0.867244 -0.366586 0.3369
0.189624 -0.419835 0.0819407 0.369094 -0.92751 -0.0591209
-0.027402 -0.0740945 -0.129611 -0.334151 -0.0730755 -0.939682
-0.173461 0.182978 -0.0589657 0.334151 0.0730755 0.939682
-0.107332 0.393332 -0.118143 0.867244 0.366586 -0.3369
0.208817 -0.31055 0.0950118 0.334151 0.0730755 0.939682
0.0939248 -0.0637305 0.0779753 -0.334151 -0.0730755 -0.939682
0.0574895 -0.376411 0.0352344 0.867244 0.366586 -0.3369
0.223452 -0.220608 0.0537896 0.334151 0.0730756 0.939682
0.25537 -0.437883 0.00670987 0.369089 -0.927513 -0.0591092
0.0307404 0.22735 0.00270694 0.867244 0.366586 -0.3369
-0.0910661 0.391615 -0.114165 -0.334151 -0.0730755 -0.939682
0.0702333 -0.398523 0.0709622 -0.867244 -0.366586 0.3369
-0.187874 0.463637 0.010637 -0.369094 0.92751 0.0591209
-0.172362 0.251162 0.15341 -0.867244 -0.366586 0.3369
0.110088 -0.0909118 -0.112359 -0.867244 -0.366586 0.3369
-0.126064 0.481598 0.114747 -0.369094 0.92751 0.0591211
-0.246571 0.379322 -0.0869344 -0.334151 -0.0730755 -0.939682
-0.168921 0.465759 0.0956776 -0.369094 0.92751 0.0591211
0.022026 0.00496453 -0.114637 0.334151 0.0730755 0.939682
0.170086 -0.465213 0.0211113 -0.912093 -0.373705 0.168613
-0.14284 0.402403 -0.125616 -0.334151 -0.0730755 -0.939682
0.254701 -0.343147 -0.0145596 -0.867244 -0.366586 0.3369
0.0941413 -0.323427 0.136792 0.334151 0.0730755 0.939682
0.102772 -0.435637 -0.109087 0.334151 0.0730755 0.939682
-0.115702 0.00242121 0.00161853 0.867244 0.366586 -0.3369
0.0135906 -0.321875 0.00855581 -0.867244 -0.366586 0.3369
-0.215967 0.445128 -0.028133 0.369094 -0.92751 -0.0591214
-0.0397969 -0.27514 -0.0780205 -0.867244 -0.366586 0.3369
0.221588 -0.354072 -0.13867 0.867244 0.366586 -0.3369
0.0969327 -0.048356 -0.126902 0.867244 0.366586 -0.3369
0.104648 -0.0208599 -0.0771226 0.867244 0.366586 -0.3369
0.183495 -0.453501 -0.0432326 -0.369094 0.92751 0.0591209
-0.0147209 0.307328 -0.0272937 0.867244 0.366586 -0.3369
-0.197344 0.296071 -0.0979656 -0.334151 -0.0730755 -0.939682
-0.290176 0.357732 -0.0407264 -0.334151 -0.0730756 -0.939682
0.208428 -0.427843 0.0655735 -0.334151 -0.0730755 -0.939682
-0.0283579 0.41279 0.0844019 -0.334151 -0.0730755 -0.939682
0.088501 -0.224752 0.0924261 -0.334151 -0.0730755 -0.939682
0.0176739 -0.0560819 -0.108342 0.334151 0.0730755 0.939682
0.0236659 0.278297 0.0669155 -0.867244 -0.366586 0.3369
-0.216096 0.270178 -0.0892839 -0.334151 -0.0730755 -0.939682
-0.0699181 0.203101 -0.0973504 0.334151 0.0730755 0.939682
0.0155397 -0.116165 -0.102911 0.334151 0.0730755 0.939682
-0.0286588 -0.259375 -0.0591795 0.867244 0.366586 -0.3369
0.232847 -0.432229 -0.0688418 -0.369112 0.927503 0.0591196
-0.0586891 -0.0327898 0.137052 -0.867244 -0.366586 0.3369
0.261359 -0.387335 -0.0455006 -0.867244 -0.366586 0.3369
-0.219302 0.225963 0.00515706 -0.867244 -0.366586 0.3369
-0.228884 0.440157 -0.0592572 0.334151 0.0730755 0.939682
0.00553307 -0.322002 -0.0393085 0.867244 0.366586 -0.3369
-0.0280471 -0.284101 -0.0840264 -0.334151 -0.0730754 -0.939682
0.0911818 -0.447973 0.0710804 -0.867244 -0.366586 0.3369
-0.113156 0.0741635 0.0862371 0.867244 0.366586 -0.3369
-0.13232 0.48428 0.033607 -0.369093 0.92751 0.0591202
-0.0304703 0.44896 0.0862766 0.867244 0.366586 -0.3369
0.0351307 -0.106062 -0.149361 -0.334151 -0.0730755 -0.939682
-0.00675771 0.23075 -0.0901205 0.867244 0.366586 -0.3369
0.0781137 -0.359179 0.116248 0.334151 0.0730755 0.939682
-0.123239 0.131306 0.149443 -0.867244 -0.366586 0.3369
0.0354171 -0.237425 -0.10055 0.334151 0.0730755 0.939682
-0.0432785 0.116207 -0.100066 0.334151 0.0730755 0.939682
-0.0946714 -0.0701241 0.00380254 -0.867244 -0.366586 0.3369
-0.0831522 0.470789 -0.0255844 0.867244 0.366586 -0.3369
0.051277 0.1501 -0.0284853 0.867244 0.366586 -0.3369
0.264531 -0.310964 0.0727487 0.867244 0.366586 -0.3369
-0.0305149 0.0623489 0.112421 -0.334151 -0.0730755 -0.939682
-0.0888994 0.366548 0.109527 -0.334151 -0.0730755 -0.939682
0.0310744 0.13485 -0.0701003 -0.867244 -0.366586 0.3369
0.0352555 -0.109815 -0.149114 -0.334151 -0.0730755 -0.939682
0.26005 -0.318347 0.0261956 -0.867244 -0.366586 0.3369
0.192122 -0.356623 -0.147004 0.334151 0.0730755 0.939682
0.061447 -0.305783 -0.10449 0.334151 0.0730755 0.939682
0.169079 -0.475033 0.0508136 0.369094 -0.92751 -0.0591208
0.130832 -0.161995 -0.15002 -0.334151 -0.0730753 -0.939683
0.128284 -0.11891 0.0700484 -0.334151 -0.0730755 -0.939682
0.0457658 -0.356204 0.0270429 0.867244 0.366586 -0.3369
-0.212996 0.44523 -0.0111873 0.369075 -0.927514 -0.0591727
0.0194346 0.215162 -0.012675 -0.867244 -0.366586 0.3369
0.0222972 -0.131215 -0.104144 0.334151 0.0730755 0.939682
0.11884 -0.0897779 -0.115581 0.867244 0.366586 -0.3369
0.12282 -0.0720247 -0.0590324 -0.867244 -0.366586 0.3369
-0.0912728 0.486148 0.106801 -0.369094 0.92751 0.0591196
0.13485 -0.109572 -0.0689219 -0.867244 -0.366586 0.3369
-0.0634518 -0.160324 -0.0409637 0.867244 0.366586 -0.3369
-0.250993 0.373972 -0.0462481 0.334151 0.0730755 0.939682
0.0306375 -0.413267 -0.0739919 0.867244 0.366586 -0.3369
-0.0883455 0.302312 -0.0985129 0.334151 0.0730755 0.939682
-0.0230422 0.400771 0.10693 0.867244 0.366586 -0.3369
0.204558 -0.291261 0.0563282 -0.334151 -0.0730755 -0.939682
0.136002 -0.159736 0.0704785 -0.334151 -0.0730755 -0.939682
-0.214372 0.43571 0.152636 0.334151 0.0730762 0.939682
-0.145147 0.326747 -0.118912 -0.334151 -0.0730755 -0.939682
-0.0513761 0.438085 0.0206279 0.867244 0.366586 -0.3369
-0.0615352 0.15529 0.154922 0.334151 0.0730755 0.939682
-0.289039 0.382392 -0.0430481 -0.334151 -0.0730756 -0.939682
0.241371 -0.433116 -0.00171162 -0.369109 0.927502 0.0591535
-0.176029 0.408932 0.173971 -0.369094 0.92751 0.0591209
0.0826864 0.163969 0.0674598 0.867244 0.366586 -0.3369
0.0471059 -0.10101 -0.154012 -0.334151 -0.0730755 -0.939682
0.0757961 0.0402859 0.115031 0.334151 0.0730755 0.939682
-0.155809 0.256673 -0.109672 -0.334151 -0.0730755 -0.939682
-0.0939979 0.260392 -0.131941 -0.334151 -0.0730755 -0.939682
-0.106637 0.446496 -0.112472 0.867244 0.366586 -0.3369
0.139121 -0.205216 0.111604 0.334151 0.0730755 0.939682
-0.0291473 -0.149714 0.0588877 0.867244 0.366586 -0.3369
0.0209509 0.0427846 0.134339 0.334151 0.0730755 0.939682
-0.109129 0.0780707 0.12784 -0.867244 -0.366586 0.3369
0.217578 -0.27638 -0.0374701 -0.867244 -0.366586 0.3369
0.223511 -0.37601 -0.130608 -0.867244 -0.366586 0.3369
0.0579857 -0.481557 -0.0778998 0.867244 0.366586 -0.3369
-0.043777 -0.163304 0.00643982 0.867244 0.366586 -0.3369
-0.047835 0.262902 -0.119528 -0.334151 -0.0730755 -0.939682
-0.196773 0.189652 -0.051195 0.334151 0.0730755 0.939682
0.200099 -0.27003 0.0949606 0.334151 0.0730755 0.939682
0.0762011 -0.453466 -0.107926 -0.334151 -0.0730757 -0.939682
0.0492805 -0.00376604 -0.14708 0.867244 0.366586 -0.3369
-0.124841 -0.030129 -0.0303395 -0.867244 -0.366586 0.3369
0.0956562 -0.28292 0.133103 0.334151 0.0730755 0.939682
0.0822372 -0.274927 0.137253 0.334151 0.0730755 0.939682
0.204073 -0.456356 -0.0237386 0.369094 -0.92751 -0.0591211
0.140265 -0.229326 0.0743745 -0.334151 -0.0730755 -0.939682
0.0320467 0.103911 -0.101262 -0.867244 -0.366586 0.3369
0.0103329 0.0687029 0.1361 0.334151 0.0730755 0.939682
-0.146255 0.082748 0.0373583 -0.867244 -0.366586 0.3369
-0.0618945 -0.00400389 -0.122796 -0.334151 -0.0730755 -0.939682
-0.0399242 0.386362 0.0208104 -0.867244 -0.366586 0.3369
0.0132002 -0.408323 -0.0865151 -0.867244 -0.366586 0.3369
-0.160836 0.464067 0.0189184 0.369094 -0.92751 -0.059121
-0.0587964 0.093715 0.158737 0.334151 0.0730755 0.939682
0.152821 -0.27096 0.111845 0.334151 0.0730755 0.939682
0.0667333 0.186555 0.0509698 0.867244 0.366586 -0.3369
-0.187324 0.464654 -0.00188159 -0.369094 0.92751 0.0591209
-0.214122 0.420752 -0.072672 -0.334151 -0.0730753 -0.939682
-0.173017 0.466238 0.062581 -0.369091 0.92751 0.0591293
0.0684508 -0.430555 0.0315199 -0.867244 -0.366586 0.3369
-0.16309 0.312057 -0.111389 -0.334151 -0.0730755 -0.939682
0.122845 -0.0305955 0.0651145 -0.334151 -0.0730755 -0.939682
-0.027679 0.280884 -0.0894244 0.867244 0.366586 -0.3369
0.060305 0.178725 0.052886 -0.867244 -0.366586 0.3369
0.0439348 -0.383378 0.0197453 -0.867244 -0.366586 0.3369
0.00481061 -0.0845924 -0.140249 -0.334151 -0.0730755 -0.939682
0.0397423 0.0944254 -0.118758 0.867244 0.366586 -0.3369
-0.106159 0.368946 0.154175 0.334151 0.0730755 0.939682
0.136812 -0.303965 -0.170129 -0.334151 -0.0730755 -0.939682
-0.05647 -0.146891 -0.0749151 0.334151 0.0730755 0.939682
-0.0612541 -0.0692026 0.0908278 -0.867244 -0.366586 0.3369
-0.0662233 0.242195 0.111133 -0.334151 -0.0730755 -0.939682
0.0792669 0.0482896 -0.0402313 -0.867244 -0.366586 0.3369
-0.0130968 -0.250542 0.0174761 -0.867244 -0.366586 0.3369
0.149972 -0.444693 -0.134841 -0.334151 -0.0730754 -0.939682
-0.0515135 -0.184794 -0.112428 -0.334151 -0.0730755 -0.939682
-0.266916 0.431573 0.0202054 -0.369094 0.92751 0.0591209
-0.135221 0.0460544 0.0258367 -0.867244 -0.366586 0.3369
-0.0174681 0.382573 0.0475091 0.867244 0.366586 -0.3369
-0.137619 0.371712 -0.125086 -0.334151 -0.0730755 -0.939682
-0.00281468 0.117602 -0.114563 0.334151 0.0730755 0.939682
0.00336375 0.330079 0.0440146 0.867244 0.366586 -0.3369
-0.114522 -0.0447737 -0.0466975 0.867244 0.366586 -0.3369
0.0931404 -0.112944 0.120779 0.334151 0.0730755 0.939682
0.0988584 -0.0625133 -0.110365 -0.867244 -0.366586 0.3369
-0.228641 0.334534 0.0722693 0.867244 0.366586 -0.3369
0.139719 -0.266636 0.0774702 -0.334151 -0.0730755 -0.939682
-0.166058 0.404311 0.172725 0.334151 0.0730755 0.939682
0.147715 -0.260491 0.0741488 -0.334151 -0.0730755 -0.939682
0.0534851 0.158605 0.0750656 -0.334151 -0.0730755 -0.939682
0.00136049 -0.0236958 0.146476 0.334151 0.0730755 0.939682
0.127094 -0.0348501 -0.00758133 -0.867244 -0.366586 0.3369
0.111739 0.0481477 0.0432031 -0.867244 -0.366586 0.3369
-0.0305697 0.285471 -0.0918752 0.867244 0.366586 -0.3369
-0.022839 -0.108671 0.119786 0.867244 0.366586 -0.3369
0.0609693 -0.392488 0.0536824 -0.867244 -0.366586 0.3369
0.121399 -0.0945652 -0.114201 0.867244 0.366586 -0.3369
0.189802 -0.216649 -0.0439773 -0.867244 -0.366586 0.3369
-0.0222583 0.385432 0.123058 0.334151 0.0730755 0.939682
-0.249737 0.281863 -0.0393468 0.867244 0.366586 -0.3369
0.11861 -0.485405 0.100956 -0.867244 -0.366586 0.3369
0.0881743 0.00708011 -0.0891266 0.867244 0.366586 -0.3369
0.145687 -0.362926 -0.130002 0.334151 0.0730755 0.939682
-0.131521 0.309757 -0.122436 -0.334151 -0.0730755 -0.939682
0.0184621 -0.153106 -0.139775 -0.334151 -0.0730755 -0.939682
0.0545716 0.208055 0.0970256 0.867244 0.366586 -0.3369
0.210028 -0.304612 -0.0876264 -0.867244 -0.366586 0.3369
-0.0273636 0.304783 -0.0356241 -0.867244 -0.366586 0.3369
-0.0319032 -0.187289 0.0378906 -0.867244 -0.366586 0.3369
0.179463 -0.269033 -0.127591 -0.867244 -0.366586 0.3369
-0.237776 0.265761 0.000906673 -0.867244 -0.366586 0.3369
-0.0509058 -0.00790255 -0.1264 -0.334151 -0.0730755 -0.939682
0.0644441 -0.0429781 -0.150714 0.867244 0.366586 -0.3369
0.116303 -0.491102 -0.0265806 0.369093 -0.92751 -0.0591208
-0.0178824 0.316415 0.00143911 -0.867244 -0.366586 0.3369
-0.205657 0.283124 0.0754953 0.867244 0.366586 -0.3369
-0.186384 0.186123 0.0195591 0.867244 0.366586 -0.3369
-0.0353948 0.199393 -0.14399 0.867244 0.366586 -0.3369
0.268652 -0.319286 0.020333 0.867244 0.366586 -0.3369
0.085975 -0.323922 0.138691 -0.867244 -0.366586 0.3369
-0.0229406 -0.10137 0.132134 0.334151 0.0730755 0.939682
0.215052 -0.353596 -0.127993 -0.867244 -0.366586 0.3369
0.0337818 -0.0248274 0.0963369 -0.334151 -0.0730755 -0.939682
0.165767 -0.361185 0.114258 0.334151 0.0730755 0.939682
0.0971582 -0.387989 0.102042 -0.334151 -0.0730755 -0.939682
-0.170741 0.283527 -0.10645 -0.334151 -0.0730755 -0.939682
0.0813835 -0.277977 0.0990962 -0.334151 -0.0730755 -0.939682
-0.0432965 0.188761 -0.105702 0.334151 0.0730755 0.939682
-0.114443 0.478671 -0.070572 -0.867244 -0.366586 0.3369
-0.0157996 -0.289983 -0.0593821 0.867244 0.366586 -0.3369
0.0285382 0.264059 0.0369813 0.867244 0.366586 -0.3369
0.156592 -0.482529 0.0904475 0.369094 -0.92751 -0.0591209
-0.193815 0.21118 0.0546788 -0.867244 -0.366586 0.3369
-0.122175 0.068536 0.083881 -0.867244 -0.366586 0.3369
-0.108555 0.106561 0.133334 0.867244 0.366586 -0.3369
-0.0228936 0.287647 -0.0697473 0.867244 0.366586 -0.3369
0.00169784 0.309881 0.0447332 -0.867244 -0.366586 0.3369
0.0750538 -0.218652 -0.116104 0.334151 0.0730755 0.939682
-0.0929057 -1.88868e-05 0.0846305 -0.867244 -0.366586 0.3369
0.163458 -0.120747 0.0576834 -0.334151 -0.0730755 -0.939682
-0.109168 0.310497 -0.130443 -0.334151 -0.0730755 -0.939682
-0.122817 0.478687 0.0269087 0.369093 -0.92751 -0.0591205
-0.0266489 -0.269494 -0.0920005 -0.867244 -0.366586 0.3369
-0.124859 -0.0275321 -0.0275599 -0.867244 -0.366586 0.3369
-0.0603146 -0.218132 -0.0688062 -0.867244 -0.366586 0.3369
0.0959187 -0.445024 0.0864835 -0.867244 -0.366586 0.3369
0.0156705 -0.254541 -0.130894 -0.334151 -0.0730755 -0.939682
-0.25716 0.376748 0.0717741 -0.867244 -0.366586 0.3369
0.0718575 -0.310519 -0.146521 -0.334151 -0.0730755 -0.939682
0.0411183 -0.422117 -0.0566419 0.867244 0.366586 -0.3369
0.0419858 -0.150537 -0.14834 -0.334151 -0.0730755 -0.939682
-0.0920402 -0.0344188 0.0494273 -0.867244 -0.366586 0.3369
0.117145 -0.386833 0.0948448 -0.334151 -0.0730755 -0.939682
-0.201179 0.419557 -0.0771814 -0.334151 -0.0730753 -0.939682
0.132884 -0.177386 0.07296 -0.334151 -0.0730755 -0.939682
-0.19571 0.145805 -0.0578375 -0.334151 -0.0730756 -0.939682
-0.184651 0.224592 0.0658785 0.867244 0.366586 -0.3369
0.203567 -0.462471 0.0690355 0.369094 -0.92751 -0.0591209
0.0810519 -0.396445 0.101073 -0.867244 -0.366586 0.3369
-0.14062 0.47469 -0.0215314 0.369094 -0.92751 -0.059121
0.204643 -0.162598 0.0800258 0.867244 0.366586 -0.3369
0.125887 -0.460225 -0.125069 -0.334151 -0.0730754 -0.939682
-0.0308729 0.407819 0.0856828 -0.334151 -0.0730755 -0.939682
-0.000631677 0.228581 -0.0497276 -0.867244 -0.366586 0.3369
-0.0698071 0.0635716 0.159316 -0.867244 -0.366586 0.3369
0.143452 -0.475232 -0.106067 0.369094 -0.92751 -0.059121
-0.014136 -0.284795 -0.0792448 0.334151 0.0730755 0.939682
0.0336697 -0.402371 -0.0273465 -0.867244 -0.366586 0.3369
0.231464 -0.364814 0.0911785 0.334151 0.0730755 0.939682
0.184037 -0.211364 0.0574122 -0.334151 -0.0730755 -0.939682
-0.139965 0.411519 -0.127348 -0.334151 -0.0730755 -0.939682
0.167357 -0.413775 -0.152145 0.369094 -0.92751 -0.0591209
-0.147634 0.050699 -0.0280463 0.867244 0.366586 -0.3369
-0.0685335 0.303283 -0.116252 0.867244 0.366586 -0.3369
-0.130089 0.489631 -0.036407 -0.369094 0.92751 0.059121
0.139333 -0.0911185 -0.037303 -0.867244 -0.366586 0.3369
-0.123811 0.335344 0.163065 0.334151 0.0730755 0.939682
-0.0147747 0.111495 -0.109836 0.334151 0.0730755 0.939682
-0.0359246 0.361069 0.0911148 -0.334151 -0.0730755 -0.939682
-0.020647 -0.131357 -0.12756 -0.334151 -0.0730755 -0.939682
0.00650766 -0.23664 0.0830685 -0.867244 -0.366586 0.3369
0.108554 -0.374914 0.0969727 -0.334151 -0.0730755 -0.939682
0.158978 -0.40746 0.081573 -0.334151 -0.0730755 -0.939682
-0.115511 0.425876 0.114376 -0.334151 -0.0730755 -0.939682
-0.114551 0.0955838 0.105954 0.867244 0.366586 -0.3369
-0.0567218 -0.141628 0.023688 -0.867244 -0.366586 0.3369
-0.196034 0.198041 0.0076866 0.867244 0.366586 -0.3369
-0.0788503 0.272339 -0.138256 -0.334151 -0.0730755 -0.939682
0.0311596 0.267852 0.0478566 0.867244 0.366586 -0.3369
0.195192 -0.455739 -0.0888597 0.369094 -0.927508 -0.0591449
0.0485252 -0.0139234 -0.160077 0.867244 0.366586 -0.3369
-0.124724 0.305681 0.126999 -0.334151 -0.0730755 -0.939682
-0.0783171 0.212297 -0.133777 -0.334151 -0.0730755 -0.939682
0.18097 -0.395706 0.111536 0.334151 0.0730755 0.939682
0.0872733 -0.501117 -0.0506893 0.369094 -0.92751 -0.059121
0.15914 -0.373097 -0.172693 -0.334151 -0.0730755 -0.939682
-0.0202097 0.320346 -0.027258 0.867244 0.366586 -0.3369
0.0998191 -0.487009 -0.039932 -0.369094 0.92751 0.0591212
-0.125648 0.176445 -0.0754599 0.334151 0.0730755 0.939682
-0.224225 0.411592 -0.0586926 0.334151 0.0730755 0.939682
-0.130479 0.206595 -0.0760867 0.334151 0.0730755 0.939682
0.00181519 -0.254151 0.0249504 0.867244 0.366586 -0.3369
0.00783777 0.20845 -0.0498298 -0.867244 -0.366586 0.3369
0.00726003 0.00186905 -0.109146 0.334151 0.0730755 0.939682
-0.00876091 -0.29345 -0.018052 -0.867244 -0.366586 0.3369
0.199678 -0.222555 0.0914183 0.334151 0.0730755 0.939682
0.0669656 -0.307351 0.106507 -0.334151 -0.0730755 -0.939682
0.152488 -0.161644 0.0647648 -0.334151 -0.0730755 -0.939682
0.131659 -0.491844 0.0809327 0.369094 -0.92751 -0.059121
-0.068179 -0.143672 -0.109699 -0.334151 -0.0730755 -0.939682
-0.148018 0.42401 0.12608 -0.334151 -0.0730755 -0.939682
-0.232566 0.419139 0.166199 0.334151 0.0730756 0.939682
-0.154146 0.476561 -0.0156931 -0.708227 -0.239501 -0.664119
0.122807 -0.491732 0.0239105 0.369094 -0.92751 -0.059121
0.199578 -0.452911 -0.105841 0.369094 -0.92751 -0.059121
0.214155 -0.347216 -0.123359 -0.867244 -0.366586 0.3369
0.127177 -0.480099 0.0224577 -0.369094 0.92751 0.0591208
-0.0113658 -0.260254 0.0113637 -0.867244 -0.366586 0.3369
0.162307 -0.219185 -0.144499 0.867244 0.366586 -0.3369
-0.0958132 0.3827 0.149427 0.334151 0.0730755 0.939682
0.289955 -0.388412 0.0269385 -0.867244 -0.366586 0.3369
0.27557 -0.42691 0.0454953 0.334151 0.073075 0.939682
0.0173316 -0.374689 -0.0931184 -0.334151 -0.0730754 -0.939682
0.109046 -0.333572 0.0935829 -0.334151 -0.0730755 -0.939682
-0.0967397 0.213246 0.162934 0.334151 0.0730755 0.939682
-0.122599 0.478699 0.0280877 0.369093 -0.92751 -0.0591205
0.243239 -0.323088 -0.0222364 -0.867244 -0.366586 0.3369
-0.0242641 0.362394 0.00805839 0.867244 0.366586 -0.3369
0.107488 -0.0130077 0.0692077 -0.334151 -0.0730755 -0.939682
-0.0783432 0.347428 -0.105578 0.334151 0.0730755 0.939682
-0.127663 -0.0203654 -0.0539659 0.867244 0.366586 -0.3369
-0.0534048 -0.0990155 0.0516096 0.867244 0.366586 -0.3369
0.207823 -0.28029 -0.0668365 -0.867244 -0.366586 0.3369
-0.0442529 0.442633 0.0439121 0.867244 0.366586 -0.3369
-0.0198398 -0.145753 0.0871564 0.867244 0.366586 -0.3369
0.0839907 -0.39423 -0.105628 0.334151 0.0730755 0.939682
-0.0250209 0.105279 0.145827 0.334151 0.0730755 0.939682
-0.0617474 0.409323 0.0965448 -0.334151 -0.0730755 -0.939682
-0.178224 0.0955478 -0.0891707 -0.334151 -0.0730755 -0.939682
-0.0168389 0.18759 0.0978187 -0.334151 -0.0730755 -0.939682
0.0997199 0.0339187 -0.00321852 -0.867244 -0.366586 0.3369
0.17354 -0.168479 -0.0334252 -0.867244 -0.366586 0.3369
-0.255951 0.433013 0.0660805 -0.369094 0.92751 0.0591209
0.0301398 0.128379 -0.0795469 -0.867244 -0.366586 0.3369
0.113845 -0.0484935 -0.0835166 0.867244 0.366586 -0.3369
0.152863 -0.138893 -0.08144 0.867244 0.366586 -0.3369
-0.183292 0.361024 0.18222 0.334151 0.0730755 0.939682
-0.0711073 0.492786 0.0563405 -0.867244 -0.366586 0.3369
-0.0248074 -0.176114 0.0683168 -0.867244 -0.366586 0.3369
0.0500558 -0.340991 0.054639 0.867244 0.366586 -0.3369
0.0958177 -0.345085 0.0991821 -0.334151 -0.0730755 -0.939682
0.0996679 -0.090941 -0.134789 0.334151 0.0730755 0.939682
-0.200384 0.169487 -0.0870404 -0.334151 -0.0730755 -0.939682
0.101995 -0.082468 -0.145949 -0.334151 -0.0730753 -0.939683
-0.215716 0.391969 0.16232 0.334151 0.0730754 0.939682
-0.0812224 0.310917 -0.101715 0.334151 0.0730755 0.939682
0.251359 -0.341116 -0.0479357 0.867244 0.366586 -0.3369
0.0519565 0.149139 -0.00079714 -0.867244 -0.366586 0.3369
0.220491 -0.28205 -0.0361413 -0.867244 -0.366586 0.3369
0.0867194 -0.448923 -0.11202 -0.334151 -0.0730757 -0.939682
-0.155276 0.405815 0.130076 -0.334151 -0.0730755 -0.939682
0.0184124 -0.0875499 -0.106158 0.334151 0.0730755 0.939682
-0.200226 0.293274 0.100521 0.867244 0.366586 -0.3369
-0.0580623 -0.152413 -0.0184819 0.867244 0.366586 -0.3369
-0.273898 0.427212 0.0450327 -0.369094 0.92751 0.0591209
0.170387 -0.137996 -0.0353548 0.867244 0.366586 -0.3369
-0.246715 0.433304 0.119162 -0.369094 0.92751 0.0591209
-0.148116 0.481585 -0.0950696 -0.334151 -0.0730755 -0.939682
0.0313792 0.108357 -0.125127 0.867244 0.366586 -0.3369
0.0658467 -0.500795 -0.0678035 -0.867244 -0.366588 0.3369
0.175371 -0.315162 -0.161334 0.867244 0.366586 -0.3369
-0.20067 0.177665 0.000564285 -0.867244 -0.366586 0.3369
0.119133 -0.0753116 0.10861 0.334151 0.0730755 0.939682
0.24289 -0.28911 0.0138358 -0.867244 -0.366586 0.3369
-0.14869 0.0987358 0.0484869 -0.867244 -0.366586 0.3369
0.207234 -0.253302 0.0524249 -0.334151 -0.0730755 -0.939682
-0.0140113 0.207443 -0.10717 -0.867244 -0.366586 0.3369
-0.0371333 -0.0732099 -0.126219 -0.334151 -0.0730755 -0.939682
0.237861 -0.435132 -0.145775 0.369094 -0.92751 -0.0591208
0.0936625 -0.27869 -0.15675 -0.334151 -0.0730755 -0.939682
0.263332 -0.373348 -0.0252045 -0.867244 -0.366586 0.3369
0.232584 -0.285984 -0.00929282 -0.867244 -0.366586 0.3369
-0.0652559 0.148464 -0.133457 -0.334151 -0.0730755 -0.939682
0.00204775 -0.191691 0.0935131 0.867244 0.366586 -0.3369
0.268715 -0.321573 0.0180068 0.867244 0.366586 -0.3369
-0.0275523 0.255807 -0.0894017 -0.867244 -0.366586 0.3369
0.19929 -0.350045 0.0627731 -0.334151 -0.0730755 -0.939682
-0.085902 0.379906 0.14612 0.334151 0.0730755 0.939682
0.0117432 -0.0686193 0.107579 -0.334151 -0.0730755 -0.939682
0.0977693 -0.0192479 -0.0660911 -0.867244 -0.366586 0.3369
-0.0974201 0.0039524 0.0773309 -0.867244 -0.366586 0.3369
-0.0613712 0.386529 0.136881 0.334151 0.0730755 0.939682
-0.144691 0.2997 0.134564 -0.334151 -0.0730755 -0.939682
-0.173412 0.173345 -0.0582341 0.334151 0.0730755 0.939682
0.0202754 -0.281978 0.0421918 0.867244 0.366586 -0.3369
-0.0828054 -0.1078 -0.00664788 -0.867244 -0.366586 0.3369
0.139538 -0.432042 0.129095 0.334151 0.0730755 0.939682
0.000384033 0.151942 0.0944664 -0.334151 -0.0730755 -0.939682
0.0227492 0.0704488 -0.119987 0.334151 0.0730755 0.939682
-0.00666484 0.200263 -0.0960708 -0.867244 -0.366586 0.3369
0.130106 -0.217883 -0.135741 0.334151 0.0730755 0.939682
0.121255 0.0464726 0.0693611 0.334151 0.0730756 0.939682
0.0720608 0.00448767 -0.133427 0.867244 0.366586 -0.3369
-0.00476858 -0.144636 0.119362 -0.334151 -0.0730755 -0.939682
0.0540584 0.0755449 -0.0754658 -0.867244 -0.366586 0.3369
-0.00325369 0.117117 -0.150778 0.867244 0.366586 -0.3369
-0.0285077 -0.270605 -0.0710104 0.867244 0.366586 -0.3369
