ply
format ascii 1.0
comment Created by Open3D
element vertex 128
property double x
property double y
property double z
property double nx
property double ny
property double nz
end_header
0.0327188 0.194873 0.118171 0.92935 0.16803 0.328746
0.0288193 0.137804 0.00221239 -0.981697 -0.170106 -0.0856383
0.00491604 0.0143763 -0.239425 -0.168311 0.985341 -0.0278245
-0.0344007 -0.264438 0.187895 0.168311 -0.985341 0.0278246
0.107939 -0.246676 -0.0441039 0.168311 -0.985341 0.0278246
-0.0423565 -0.228591 0.0678884 0.168311 -0.985341 0.0278245
0.0259446 0.244825 -0.195188 0.328603 0.0294728 -0.944008
0.0350871 -0.00632773 0.214314 0.92935 0.16803 0.328746
0.0789248 0.0303425 0.0716443 0.92935 0.16803 0.328746
-0.0161357 0.262239 0.0399085 -0.168312 0.985341 -0.027824
0.0979533 -0.124848 -0.0853385 0.92935 0.16803 0.328746
-0.10037 -0.237139 0.11611 -0.168311 0.985341 -0.0278246
-0.00677815 -0.265958 -0.0330286 0.168311 -0.985341 0.0278246
-0.0224582 -0.112135 -0.189466 -0.92935 -0.16803 -0.328746
-0.0184521 -0.267296 -0.00978543 0.168311 -0.985341 0.0278246
-0.111512 0.00979709 0.302687 -0.168311 0.985341 -0.0278245
-0.235631 -0.014563 0.375458 -0.92935 -0.168029 -0.328746
-0.0304242 -0.270503 -0.0509428 0.168311 -0.985341 0.0278246
0.0237425 -0.053231 0.0878466 -0.92935 -0.16803 -0.328746
-0.0243482 -0.118691 -0.0642879 -0.288737 -0.22413 0.930804
0.214376 -0.125213 -0.414274 -0.92935 -0.16803 -0.328746
0.247945 -0.231495 -0.450576 0.328603 0.0294723 -0.944008
0.0304027 -0.215506 -0.173434 0.351371 -0.675901 -0.64784
0.0100584 -0.0204327 -0.0656302 0.168311 -0.985341 0.0278245
0.0212247 -0.171827 0.255869 -0.168311 0.985341 -0.0278245
0.0945048 -0.206987 -0.0336067 -0.92935 -0.16803 -0.328746
-0.0829583 0.200064 -0.00432032 0.985692 0.167977 -0.0139481
-0.15706 0.00509066 0.411536 -0.168311 0.985341 -0.0278245
0.278227 -0.227276 -0.387175 0.168311 -0.985341 0.0278246
-0.129151 0.135354 -0.00218046 -0.92935 -0.16803 -0.328746
-0.0387683 -0.0621484 0.451631 0.92935 0.16803 0.328746
0.0357246 -0.0238076 -0.340398 0.168311 -0.985341 0.0278246
-0.112634 -0.233665 0.313321 -0.168311 0.985341 -0.0278246
-0.00634974 -0.0175576 0.135437 -0.168311 0.985341 -0.0278245
-0.0790484 -0.0282947 0.194963 0.168311 -0.985341 0.0278245
0.0631149 0.101889 -0.186712 0.328603 0.029473 -0.944008
-0.0430642 0.251266 -0.185758 -0.168311 0.985341 -0.0278246
0.284918 -0.161486 -0.41264 0.92935 0.16803 0.328746
-0.00136108 0.169543 -0.172669 0.782811 -0.567715 0.254767
0.0352711 -0.116106 -0.0442965 -0.328603 -0.0294726 0.944008
0.103104 -0.205669 -0.0585908 0.92935 0.16803 0.328746
-0.0637698 0.0905864 0.00493554 0.973331 0.161663 -0.162763
0.0251878 -0.0217711 -0.204544 0.168311 -0.985341 0.0278246
0.168929 -0.161113 -0.258166 -0.168311 0.985341 -0.0278245
-0.0810035 0.000616812 0.501479 -0.328603 -0.0294728 0.944008
0.0166359 0.0976858 -0.132521 0.103058 0.992414 0.0670383
-0.0578509 0.117198 0.0282234 0.780251 0.115922 -0.614631
0.178263 -0.201989 -0.324593 -0.168311 0.985341 -0.0278245
0.180582 -0.238715 -0.201611 0.168311 -0.985341 0.0278246
0.0707626 0.00167183 -0.498999 -0.92935 -0.16803 -0.328746
0.100998 -0.219105 -0.463341 -0.168311 0.985341 -0.0278246
-0.0396839 -0.230818 -0.0271309 -0.168311 0.985341 -0.0278246
-0.167248 -0.0409108 0.281711 0.168311 -0.985341 0.0278245
-0.0704901 -0.229259 0.214409 -0.168311 0.985341 -0.0278246
0.0941718 0.0268688 -0.336941 -0.168311 0.985341 -0.0278245
0.0166961 -0.215339 0.179965 -0.168311 0.985341 -0.0278245
0.0883992 0.0261153 -0.328703 -0.168311 0.985341 -0.0278245
-0.253943 -0.0395558 0.44 -0.92935 -0.168029 -0.328746
-0.0386215 -0.0590387 0.449627 0.92935 0.16803 0.328746
-0.00256895 -0.201089 0.420313 0.92935 0.168031 0.328747
0.148764 -0.211211 -0.47271 -0.168311 0.985341 -0.0278245
0.0299661 -0.0393922 0.245691 0.92935 0.16803 0.328746
-0.0895366 -0.0327518 0.100567 -0.168311 0.985341 -0.0278245
-0.0516207 -0.112127 -0.10703 -0.92935 -0.16803 -0.328747
-0.0542232 -0.026171 0.12 -0.168311 0.985341 -0.0278245
-0.0217752 -0.229814 -0.0999159 -0.168311 0.985341 -0.0278246
-0.048415 0.174603 -0.223264 0.328603 0.0294727 -0.944008
0.182122 -0.156665 -0.180472 -0.168311 0.985341 -0.0278245
0.111921 -0.136557 -0.118839 0.92935 0.16803 0.328746
-0.00158308 0.0594932 -0.0399793 -0.168311 0.985341 -0.0278246
-0.0892719 -0.223696 0.1427 -0.113344 -0.717582 0.68719
0.0358891 0.00438904 -0.401802 -0.92935 -0.16803 -0.328746
0.264401 -0.00728222 -0.437847 0.328603 0.0294727 -0.944008
-0.0621074 0.249583 -0.130196 -0.16831 0.985341 -0.0278245
0.0978951 0.029356 -0.271383 -0.168311 0.985341 -0.0278245
0.131668 -0.254327 -0.458592 0.168311 -0.985341 0.0278246
0.0480955 -0.196557 0.0922592 -0.92935 -0.16803 -0.328746
-0.0388192 -0.121551 -0.138402 -0.92935 -0.16803 -0.328746
-0.0666222 -0.150847 0.501756 -0.328603 -0.0294728 0.944008
-0.0455492 -0.271883 -0.00831012 0.168311 -0.985341 0.0278246
0.0575643 0.197289 0.0466988 0.92935 0.16803 0.328746
-0.0602196 0.226258 -0.0501496 0.457755 0.10313 0.883077
0.0311206 -0.0183752 -0.120173 -0.168311 0.985341 -0.0278245
-0.102079 -0.0401495 -0.00117536 -0.92935 -0.16803 -0.328746
-0.110172 0.093589 -0.0344879 -0.92935 -0.16803 -0.328746
0.0228132 -0.00894262 0.250349 0.92935 0.16803 0.328746
-0.0276083 -0.0499846 0.231354 -0.92935 -0.16803 -0.328746
-0.0615915 -0.0957906 -0.0871925 -0.92935 -0.168029 -0.328746
0.0832798 -0.0148961 -0.31248 0.168311 -0.985341 0.0278246
0.181857 -0.076591 -0.347195 -0.92935 -0.168029 -0.328746
0.0122035 -0.0183957 -0.00647195 -0.168311 0.985341 -0.0278245
-0.113899 -0.0332079 0.231786 0.168311 -0.985341 0.0278245
-0.117332 -0.0357197 0.1636 0.168311 -0.985341 0.0278246
-0.0474035 0.126251 0.0388323 0.527165 0.0661241 -0.847187
-0.0498517 -0.157601 0.507383 -0.328603 -0.0294728 0.944008
-0.12098 -0.0313404 0.485781 -0.92935 -0.16803 -0.328746
0.104984 -0.258942 -0.460617 0.168311 -0.985341 0.0278246
-0.177748 -0.265406 0.340039 -0.92935 -0.16803 -0.328746
0.10557 -0.216498 -0.398662 -0.168311 0.985341 -0.0278245
-0.00489863 0.107276 -0.137849 0.585444 0.777969 0.228078
0.117185 0.0342882 -0.213403 -0.168311 0.985341 -0.0278245
-0.0795669 -0.179181 0.00624562 -0.92935 -0.168031 -0.328747
-0.100781 -0.100067 0.463809 -0.92935 -0.16803 -0.328746
0.0878359 0.0258798 -0.333638 -0.168311 0.985341 -0.0278245
0.113933 -0.0110365 -0.361222 0.168311 -0.985341 0.0278246
0.0883467 -0.082451 -0.162498 0.328603 0.0294728 -0.944008
0.0850198 0.189854 -0.17634 0.3286 0.0294739 -0.944009
0.119889 0.125826 -0.0929631 0.92935 0.16803 0.328746
-0.00686784 -0.0223136 -0.267282 -0.92935 -0.16803 -0.328746
0.0199162 -0.0203556 -0.122529 0.168311 -0.985341 0.0278246
0.128711 -0.245545 -0.129718 0.168311 -0.985341 0.0278246
0.00869805 -0.143562 -0.192131 0.328603 0.0294728 -0.944008
0.00770272 -0.0871628 0.040921 0.359912 -0.61079 -0.705265
0.0501691 -0.243047 0.292671 0.92935 0.16803 0.328746
0.163193 -0.243308 -0.480446 0.328603 0.0294723 -0.944008
-0.0391207 -0.0291323 -0.0762228 -0.168311 0.985341 -0.0278245
0.0384705 0.10643 -0.0894161 -0.602992 0.775838 -0.185675
-0.0572493 -0.272778 0.0307812 0.168311 -0.985341 0.0278246
-0.038826 -0.266696 0.134713 0.168311 -0.985341 0.0278246
0.261675 -0.193081 -0.330786 0.92935 0.16803 0.328746
-0.086754 0.0734587 0.0780263 -0.328603 -0.0294727 0.944008
-0.0776673 -0.255724 0.0521658 -0.92935 -0.16803 -0.328746
-0.0712715 -0.0341579 -0.0597122 0.168311 -0.985341 0.0278246
-0.0432571 0.154179 -0.222106 0.328603 0.0294727 -0.944008
0.00578763 -0.11734 0.171372 0.92935 0.16803 0.328746
-0.0132145 -0.177091 0.277783 -0.168311 0.985341 -0.0278245
0.202476 -0.201552 -0.455573 -0.168311 0.985341 -0.0278245
-0.119204 0.224598 -0.0759142 -0.92935 -0.16803 -0.328746
