ply
format ascii 1.0
comment Created by Open3D
element vertex 512
property double x
property double y
property double z
property double nx
property double ny
property double nz
end_header
-0.169414 -0.00922077 -0.190911 0.431851 -0.67858 -0.594167
0.070228 -0.320103 -0.36704 -0.0548158 -0.245009 0.96797
-0.110371 0.415985 0.284905 -0.447808 0.753862 0.480791
-0.0808097 -0.393565 0.305007 -0.889987 -0.427512 -0.15861
0.0638037 -0.232615 0.438857 0.0859737 -0.498924 0.862371
-0.0360342 -0.0436668 -0.498388 -0.255855 0.180269 0.949759
-0.163043 0.414671 0.237906 -0.447808 0.753862 0.480791
0.307062 -0.391789 -0.0814086 -0.447808 0.753862 0.480791
0.0915481 -0.145167 -0.444754 -0.255855 0.180269 0.949759
-0.123127 -0.0993932 0.0143476 0.889987 0.427512 0.15861
-0.113135 0.491947 -0.0797012 -0.377441 0.885854 -0.269818
-0.304937 0.284448 -0.264873 -0.889987 -0.427512 -0.15861
0.145244 -0.111292 -0.466199 0.255855 -0.180269 -0.949759
-0.122894 -0.180439 -0.0333064 -0.889987 -0.427511 -0.158609
0.101223 0.0724993 -0.483461 -0.255855 0.180269 0.949759
-0.313039 0.0734645 0.428176 -0.255855 0.180269 0.949759
0.137817 -0.450114 0.182519 0.377441 -0.885854 0.269818
-0.0713426 -0.15851 -0.116879 0.889987 0.427512 0.15861
-0.206561 0.382948 -0.203101 0.377441 -0.885854 0.269818
-0.153387 0.0425275 -0.463182 -0.889987 -0.427513 -0.158607
0.0160703 0.467685 -0.310821 -0.0859737 0.498924 -0.862371
-0.0552491 0.397191 -0.344494 -0.0859737 0.498924 -0.862371
-0.167004 -0.201713 0.271544 -0.889987 -0.427511 -0.15861
0.115985 -0.484253 -0.172634 0.447808 -0.753862 -0.480791
0.0635591 0.00436681 -0.480676 -0.255855 0.180269 0.949759
0.0664377 -0.489188 -0.211045 0.447808 -0.753862 -0.480791
0.0816641 0.120932 -0.517973 -0.0859737 0.498924 -0.862371
-0.230567 -0.0726744 0.478131 -0.255855 0.180269 0.949758
0.132202 -0.0011709 -0.461133 -0.255855 0.180269 0.949759
-0.238851 0.279428 0.379355 -0.447808 0.753862 0.480791
-0.246769 0.201129 0.421797 -0.255855 0.180269 0.949758
0.0806604 -0.525432 -0.140968 0.447808 -0.753862 -0.480791
-0.080313 0.479055 -0.0641702 0.37744 -0.885854 0.269818
-0.0053423 -0.248629 0.404017 -0.0859737 0.498924 -0.862371
-0.0451625 -0.282243 -0.195069 -0.889987 -0.427512 -0.15861
-0.0126923 -0.269649 -0.394895 -0.44428 0.73468 0.512699
0.228497 0.0909254 -0.482153 0.255855 -0.180269 -0.949759
0.0527397 -0.164833 0.446707 -0.0859737 0.498924 -0.862371
0.0123742 -0.333181 -0.380621 -0.889987 -0.427512 -0.15861
-0.18951 0.403299 -0.263909 -0.377441 0.885854 -0.269818
0.181785 -0.446456 -0.170612 0.447808 -0.753862 -0.480791
-0.0905078 -0.0663726 -0.52248 -0.889987 -0.427512 -0.15861
-0.212935 0.104664 -0.296528 -0.889985 -0.427513 -0.158614
-0.198146 -0.0326017 -0.00952802 -0.889987 -0.427511 -0.158613
-0.355683 0.318611 -0.0252072 0.452294 -0.783479 -0.426134
0.0341782 -0.114271 -0.466073 -0.255855 0.180269 0.949759
-0.298093 0.281594 -0.255517 0.135572 -0.580193 0.803117
-0.0482532 0.472081 -0.131915 0.37744 -0.885854 0.269818
0.155606 -0.397634 0.226161 -0.37744 0.885854 -0.269818
-0.171496 0.45323 0.111338 0.447808 -0.753862 -0.480791
-0.0689545 0.165429 0.476475 -0.255855 0.180269 0.949759
0.13038 -0.528335 -0.0638897 0.377441 -0.885854 0.269818
-0.00144284 -0.292999 -0.146601 0.889987 0.427513 0.158609
0.0453644 -0.196597 -0.447433 -0.255855 0.180269 0.949758
-0.121492 0.147248 -0.450027 0.0859737 -0.498924 0.862371
0.226741 -0.342231 -0.233925 -0.447808 0.753862 0.48079
0.352105 -0.216724 -0.372188 0.447808 -0.753862 -0.480791
-0.284724 0.399337 -0.143724 -0.377441 0.885854 -0.269818
0.21121 -0.342408 0.333223 -0.135582 0.58021 -0.803103
-0.132488 -0.236433 0.183186 0.394283 -0.546775 -0.738633
-0.167156 -0.262813 0.437085 -0.889987 -0.427512 -0.15861
0.384992 -0.278661 -0.244442 0.447808 -0.753862 -0.48079
0.00227716 -0.433891 0.195101 -0.157106 0.614029 -0.773489
-0.155322 -0.110676 0.476134 0.255855 -0.180269 -0.949759
-0.0381502 -0.18353 -0.500485 -0.889987 -0.427512 -0.15861
0.0195712 -0.297184 -0.253235 0.889986 0.427513 0.158612
0.124173 -0.214301 -0.452323 0.255855 -0.180268 -0.949759
0.0804729 0.178319 -0.452185 0.0859737 -0.498924 0.862371
-0.232159 0.126539 0.41041 0.255855 -0.180269 -0.949759
-0.205418 0.1622 -0.432694 0.113701 -0.544914 0.830747
-0.0173321 -0.299296 -0.302512 -0.43263 0.901568 -0.00249931
-0.151563 0.41786 -0.165414 0.377441 -0.885854 0.269818
-0.173893 0.388876 -0.333108 -0.377441 0.885854 -0.269818
-0.184941 0.0427038 -0.286599 -0.889987 -0.427512 -0.15861
-0.107226 -0.217009 0.242143 0.889987 0.427512 0.15861
-0.176855 -0.00369887 0.0578957 0.889987 0.427513 0.158607
0.149184 0.184284 -0.488053 -0.0859737 0.498924 -0.862371
-0.243124 0.456259 0.0981111 -0.447808 0.753862 0.480791
0.0878822 -0.346002 0.295969 -0.407021 0.901621 -0.146335
-0.0624089 -0.222055 -0.14615 -0.0915493 0.508283 -0.85631
0.390585 -0.363566 -0.106105 0.447808 -0.753862 -0.480791
0.0257306 -0.529397 0.0733075 -0.889987 -0.427512 -0.15861
-0.164491 -0.243665 0.370519 -0.889986 -0.427513 -0.158609
-0.0269364 -0.224945 -0.451781 -0.889987 -0.427511 -0.15861
0.0545045 0.419923 -0.255668 0.312797 -0.825484 0.469824
-0.234909 -0.113987 0.416118 -0.889987 -0.427512 -0.15861
0.205885 -0.148833 0.455139 0.889987 0.427512 0.15861
-0.335413 0.245751 0.342222 -0.44781 0.753862 0.480788
0.0772512 -0.267758 -0.454817 0.255855 -0.180269 -0.949758
-0.166543 0.340984 -0.273404 -0.0171206 -0.316265 0.948516
-0.116884 -0.0470717 0.474416 0.255855 -0.180269 -0.949759
-0.0381036 -0.289842 -0.214197 -0.889987 -0.427512 -0.15861
-0.343392 0.124242 0.410362 -0.255855 0.180269 0.949758
-0.271884 0.142609 0.0737799 0.0667522 0.221941 -0.972772
0.0285013 0.479672 -0.243586 0.889987 0.427512 0.15861
-0.152995 -0.108641 -0.0579239 -0.889986 -0.427513 -0.158609
-0.102341 0.023993 -0.434855 0.889986 0.427521 0.158588
-0.140708 0.326093 -0.332364 0.448859 -0.760109 -0.46985
-0.0192018 -0.240387 -0.453556 -0.889987 -0.427512 -0.15861
0.121995 -0.332336 0.375362 0.0859737 -0.498924 0.862371
-0.15894 0.303037 -0.38863 -0.0859737 0.498924 -0.862371
-0.21653 -0.00285053 0.439179 0.255855 -0.180269 -0.949759
0.224006 -0.402596 0.217962 0.377433 -0.885855 0.269823
-0.294384 0.454804 0.0518944 -0.377441 0.885854 -0.269818
0.131975 -0.441996 0.113572 -0.377443 0.885856 -0.269806
-0.209887 0.421167 0.18409 -0.447808 0.753862 0.480791
-0.00495271 -0.0403236 0.532769 -0.255855 0.180269 0.949758
-0.316695 0.272004 0.260256 0.447808 -0.753862 -0.48079
0.0283462 -0.409449 -0.0977612 -0.369517 0.472375 0.800199
0.057917 -0.36816 -0.408749 0.447808 -0.753863 -0.480791
0.22975 -0.300203 -0.297021 -0.447808 0.753863 0.48079
-0.032635 0.387409 0.348144 0.889987 0.427511 0.15861
-0.251315 0.381753 -0.24819 -0.377439 0.885854 -0.269819
0.298227 -0.283108 0.29891 0.889986 0.427514 0.15861
0.103603 0.0303552 0.546082 0.889987 0.427512 0.15861
-0.0328075 0.528973 -0.0324541 0.889987 0.427511 0.15861
0.0635233 -0.553289 -0.0522936 0.37744 -0.885854 0.269818
0.058322 -0.325605 0.353136 -0.0859737 0.498924 -0.862371
0.0147293 -0.436626 0.325719 0.0859737 -0.498924 0.862371
-0.204308 0.211873 -0.369107 0.889987 0.427511 0.158612
-0.192976 0.0573241 0.463583 -0.255855 0.180269 0.949759
0.290938 0.0059539 -0.439318 0.889987 0.427512 0.15861
0.0338165 -0.525766 0.0796268 0.37744 -0.885854 0.269818
-0.334718 0.136072 0.302164 -0.889988 -0.42751 -0.158611
-0.033211 -0.104775 -0.479005 -0.154807 -0.0438979 0.986969
-0.299798 0.392208 0.0875177 0.447808 -0.753862 -0.480791
-0.182619 0.0871587 -0.240889 -0.394283 0.546774 0.738633
0.134542 -0.264615 0.380823 -0.0859737 0.498924 -0.862371
0.0765866 -0.44493 0.18142 -0.377441 0.885854 -0.269818
-0.16919 -0.0635121 0.0543771 0.044185 0.265348 -0.96314
0.0683108 -0.547542 -0.116711 -0.889987 -0.427512 -0.15861
-0.373667 0.304545 0.0666148 -0.889985 -0.427514 -0.158615
0.0708594 0.189689 -0.477117 -0.0859737 0.498924 -0.862371
-0.305228 0.379314 -0.0770071 0.377441 -0.885854 0.269818
0.27999 -0.215723 -0.410078 0.255855 -0.180269 -0.949758
-0.182671 0.111831 -0.485659 -0.889988 -0.427509 -0.158611
0.125985 0.330758 -0.389207 0.889987 0.427512 0.15861
-0.123093 0.420461 -0.30047 -0.377441 0.885854 -0.269818
-0.269636 0.259687 0.323399 0.447808 -0.753862 -0.480791
0.291403 -0.388792 0.06523 -0.37744 0.885854 -0.269818
0.0403485 -0.315627 -0.320109 0.889987 0.427512 0.15861
-0.129252 0.530329 0.0688579 -0.377441 0.885854 -0.269818
-0.0181475 0.324731 0.374919 0.225492 -0.110299 -0.967981
-0.173732 0.0248372 -0.036543 0.889987 0.427512 0.15861
0.195681 -0.436028 0.147821 0.37745 -0.885852 0.269812
0.189485 -0.257495 -0.426531 0.255855 -0.180269 -0.949758
-0.194007 0.16878 -0.310757 0.889987 0.427512 0.158609
-0.149452 0.0587741 -0.529048 -0.889987 -0.427512 -0.15861
-0.0158625 0.0861761 -0.495891 0.0859737 -0.498924 0.862371
-0.30327 0.172729 0.328827 0.361123 -0.44844 -0.817614
-0.313643 0.326552 -0.329506 -0.889987 -0.427511 -0.15861
-0.115348 -0.158604 0.467068 -0.0859737 0.498924 -0.862371
-0.285349 0.341434 0.238823 -0.447808 0.753863 0.480791
0.188165 -0.295614 -0.342948 -0.447808 0.753863 0.48079
-0.109821 0.105811 -0.507632 -0.0859735 0.498924 -0.862371
-0.0527152 0.470888 0.194283 0.447808 -0.753862 -0.480791
0.0346226 -0.377232 0.271343 -0.295969 0.806204 -0.512286
0.0987582 -0.445429 -0.249554 0.447808 -0.753862 -0.480791
0.166315 -0.0510216 -0.471962 0.255855 -0.180269 -0.949759
-0.105876 -0.156109 0.0362646 0.416135 -0.903699 0.100795
-0.153698 0.424613 0.172786 0.447797 -0.753862 -0.480802
-0.150117 -0.179063 0.191961 -0.455873 0.841945 0.288633
-0.322107 0.13849 0.224881 -0.889988 -0.427509 -0.158611
-0.154943 0.3079 0.354627 0.447808 -0.753862 -0.480791
-0.222242 0.315628 0.338065 -0.447808 0.753862 0.480791
0.267245 -0.37794 0.134652 -0.37744 0.885854 -0.269818
0.208494 -0.474946 0.00212549 0.377441 -0.885854 0.269818
0.0494874 -0.54668 -0.0134131 -0.889987 -0.427512 -0.15861
0.328822 -0.433297 -0.0294568 0.377441 -0.885854 0.269818
-0.194468 -0.21867 0.471359 -0.889987 -0.427512 -0.15861
0.177633 -0.112577 0.496956 0.0859736 -0.498924 0.862371
0.031048 0.105698 0.514752 -0.255855 0.180269 0.949759
-0.356995 0.339819 -0.101939 0.439273 -0.897138 -0.0467174
0.0429814 0.00105532 0.508347 0.255855 -0.180269 -0.949759
0.207787 -0.193356 -0.404293 -0.255855 0.180269 0.949758
0.146527 0.282948 -0.430705 -0.0859737 0.498924 -0.862371
-0.0383919 0.0853635 0.499905 -0.255855 0.180269 0.949759
0.253735 0.0966974 -0.475152 0.889987 0.427512 0.15861
-0.328429 0.340293 -0.0187792 0.889987 0.427512 0.15861
0.308479 -0.255087 -0.294434 -0.447809 0.753863 0.480789
0.190576 0.221742 -0.457796 0.889987 0.427512 0.15861
0.20978 -0.236618 0.38952 -0.0859737 0.498924 -0.862371
-0.113492 0.00327388 -0.557645 0.255855 -0.180269 -0.949758
0.160206 0.121037 -0.506265 0.255855 -0.180269 -0.949758
0.224603 -0.354252 0.272074 -0.37744 0.885854 -0.269818
0.388952 -0.321992 -0.172813 0.447808 -0.753862 -0.480791
-0.242102 0.453912 0.102743 -0.447808 0.753862 0.480791
-0.0897112 0.36413 -0.266799 0.13893 -0.585529 0.798658
0.229085 -0.440577 0.0861595 0.377448 -0.885846 0.269833
-0.163902 0.299581 0.417563 -0.447808 0.753862 0.480791
0.0130521 -0.357593 -0.289578 0.00122006 -0.350071 0.936722
-0.150109 0.0823252 -0.324609 -0.238809 0.733319 -0.636564
0.124136 0.0549172 -0.503432 0.255855 -0.180269 -0.949759
0.150984 -0.390312 0.33893 0.0859737 -0.498924 0.862371
0.000623144 0.509142 -0.166589 0.889987 0.427511 0.15861
-0.0366492 0.363203 0.435913 0.889987 0.427512 0.15861
-0.166979 0.45023 -0.0375729 0.37744 -0.885854 0.269818
-0.271324 0.410296 0.143914 -0.447808 0.753862 0.480791
-0.0176117 0.381997 -0.275277 0.358527 -0.870995 0.335895
0.0636761 -0.43296 -0.196051 -0.370944 0.881084 -0.293414
-0.225942 0.41808 -0.0606437 0.37744 -0.885854 0.269818
-0.3538 0.354265 -0.178873 -0.889987 -0.427512 -0.15861
0.145356 -0.401532 0.227705 -0.37744 0.885854 -0.269818
-0.138378 -0.100168 0.102017 0.889986 0.427513 0.15861
0.14902 -0.402184 0.32421 0.377441 -0.885854 0.269818
-0.248326 0.35696 0.190727 0.447813 -0.753858 -0.480793
-0.235929 -0.106254 0.410232 -0.0466158 0.43132 -0.900994
-0.00298123 -0.491853 0.133218 -0.889987 -0.427512 -0.15861
0.0909571 0.0570782 0.510638 0.255855 -0.180269 -0.949759
0.0580424 0.41572 -0.280043 0.445024 -0.890163 -0.0977927
-0.163093 -0.054242 -0.147887 -0.889987 -0.427512 -0.158608
0.123743 -0.313018 -0.433702 0.255855 -0.180268 -0.949759
-0.23052 0.0888019 0.0502355 -0.113702 0.544916 -0.830746
-0.0332771 0.518704 -0.103567 -0.377441 0.885854 -0.269818
-0.189103 0.503008 0.0628813 -0.377441 0.885854 -0.269818
0.0677486 0.256669 -0.438055 -0.0859737 0.498924 -0.862371
0.00379717 0.21548 -0.45551 -0.0859735 0.498924 -0.862371
0.0356778 -0.475727 -0.127168 -0.889987 -0.427512 -0.15861
-0.0946181 0.351505 -0.367001 -0.0859737 0.498924 -0.862371
0.109841 -0.488625 -0.0085554 -0.37744 0.885854 -0.269818
-0.0206984 0.305346 0.380987 0.374486 -0.486815 -0.789159
-0.0550898 -0.11994 -0.483111 -0.154807 -0.0438979 0.986969
0.345256 -0.349926 0.21512 0.889987 0.427512 0.15861
0.193217 -0.301486 0.38611 0.0859737 -0.498924 0.862371
0.271512 -0.442827 0.0194227 0.377441 -0.885854 0.269818
-0.0952761 0.41371 0.302532 -0.447808 0.753862 0.480791
0.21482 -0.42268 -0.118887 -0.447808 0.753862 0.480791
-0.100603 -0.237029 0.452693 0.0859737 -0.498924 0.862371
-0.05366 -0.124322 0.480752 -0.0859737 0.498924 -0.862371
-0.136333 -0.0497935 -0.0632535 0.0012216 -0.350073 0.936722
-0.066009 -0.0250027 0.513413 -0.255855 0.180268 0.949759
-0.286223 0.290957 -0.382929 -0.0859737 0.498924 -0.862371
0.267495 -0.331722 0.361211 0.0859737 -0.498924 0.862371
-0.338154 0.237754 0.0933426 -0.0667522 -0.221941 0.972772
0.233007 -0.197556 0.434275 0.889987 0.427512 0.15861
0.155377 -0.342931 -0.299296 -0.447808 0.753863 0.48079
0.0027879 -0.260794 -0.394169 -0.44428 0.73468 0.512699
-0.134879 -0.17918 0.295348 0.889987 0.427511 0.158609
-0.179163 -0.0305878 0.483991 -0.255855 0.180268 0.949759
-0.125013 -0.0942988 0.0112041 0.889987 0.427511 0.15861
-0.286487 0.344593 -0.217218 0.377441 -0.885854 0.269818
-0.301394 0.122325 0.158598 0.311044 -0.82353 0.474394
-0.0891182 0.294247 0.446593 -0.255855 0.180269 0.949759
-0.0258292 0.0143448 0.487288 0.255855 -0.180269 -0.949759
-0.0443021 0.0568215 -0.542506 -0.0859737 0.498924 -0.862371
0.337608 -0.345826 0.141662 -0.37744 0.885854 -0.269818
-0.361167 0.285258 0.132064 0.327279 -0.841094 0.430638
0.259207 -0.274427 -0.368237 0.447808 -0.753862 -0.480791
0.266105 -0.411023 0.131403 0.377441 -0.885854 0.269818
0.376416 -0.246522 -0.302823 0.447808 -0.753862 -0.48079
-0.267128 0.262234 0.321741 0.447808 -0.753862 -0.480791
-0.0752418 -0.27764 0.226098 0.889987 0.427512 0.15861
0.0727318 -0.226877 0.441286 0.0859737 -0.498924 0.862371
-0.220562 0.197574 0.356723 0.445929 -0.743355 -0.498568
-0.0949315 -0.218208 -0.0878931 0.178246 -0.646336 0.741942
0.000530145 -0.319116 0.39512 0.0859737 -0.498924 0.862371
0.00766509 -0.384223 0.356741 0.0859737 -0.498924 0.862371
-0.182356 0.45815 -0.0938325 -0.377441 0.885854 -0.269818
-0.386586 0.394293 -0.0177923 -0.377441 0.885854 -0.269818
-0.0730303 0.305123 0.448862 -0.255855 0.180269 0.949759
-0.141777 0.162677 -0.471546 -0.0859737 0.498924 -0.862371
-0.359633 0.3607 -0.163489 -0.889987 -0.427512 -0.15861
0.0778104 -0.401207 0.339922 0.0859737 -0.498924 0.862371
-0.347586 0.356671 0.0445663 0.889987 0.427512 0.15861
-0.17642 0.333998 0.293704 0.447808 -0.753862 -0.480791
0.229902 -0.283612 0.34881 -0.444325 0.734911 0.51233
0.234354 -0.300495 -0.292275 -0.447808 0.753863 0.48079
0.0449044 -0.411382 -0.352373 -0.889987 -0.427512 -0.15861
0.211621 -0.38197 -0.185698 -0.447808 0.753862 0.480791
0.387491 -0.407241 -0.0259848 0.377441 -0.885854 0.269818
-0.310669 0.204883 0.246547 0.889988 0.42751 0.158609
0.129903 -0.425812 -0.193068 -0.447808 0.753862 0.480791
-0.244158 0.340877 -0.358242 -0.0859737 0.498924 -0.862371
-0.0979404 0.356662 -0.271037 0.181263 -0.650869 0.737234
0.125797 0.329432 -0.384574 0.889987 0.427512 0.15861
-0.106904 -0.182428 0.147128 0.889988 0.427511 0.158609
0.0164597 -0.317107 -0.446871 -0.889987 -0.427512 -0.15861
0.137787 -0.332793 0.373523 0.0859737 -0.498924 0.862371
0.0413562 -0.43172 -0.277646 -0.889986 -0.427512 -0.15861
-0.0768302 -0.356652 0.229416 0.111334 0.133581 -0.984764
0.282538 -0.161494 -0.363849 -0.443355 0.892601 0.0818529
0.00137267 0.00263101 -0.497099 -0.255855 0.180269 0.949759
0.273964 -0.371291 -0.202613 0.447808 -0.753862 -0.480791
0.125471 -0.211095 -0.452582 0.255855 -0.180268 -0.949759
-0.129837 0.0286496 0.486035 -0.255855 0.180269 0.949759
0.0798832 -0.2859 0.406426 0.0859737 -0.498924 0.862371
0.360003 -0.3827 0.0930411 0.377441 -0.885854 0.269818
0.221006 0.156382 -0.496595 0.255855 -0.180269 -0.949759
-0.178375 0.184324 0.413931 0.255855 -0.180269 -0.949759
-0.268855 -0.0498494 0.433719 -0.889986 -0.427513 -0.158611
0.352523 -0.339647 0.14664 0.889987 0.427512 0.15861
0.352113 -0.145523 -0.374295 0.889988 0.42751 0.158604
0.0182972 -0.290653 -0.466353 0.255855 -0.180269 -0.949758
-0.287188 0.159344 0.389359 0.255855 -0.180269 -0.949759
0.0362763 0.0679688 -0.529578 0.255855 -0.180269 -0.949758
-0.00379986 -0.24946 0.403383 -0.0859737 0.498924 -0.862371
-0.154578 0.0869683 -0.422805 -0.40521 0.581977 0.705059
-0.214905 0.165351 -0.449048 -0.889987 -0.427512 -0.15861
-0.293186 0.335235 0.241244 -0.447808 0.753863 0.480791
0.243611 -0.193192 -0.345045 -0.408913 0.594353 0.692484
-0.332143 0.349593 0.124211 0.447808 -0.753862 -0.480791
0.0760491 -0.490873 0.135107 0.37744 -0.885854 0.269818
-0.0315806 0.262196 -0.424955 -0.0859737 0.498924 -0.862371
0.0679713 -0.0689944 0.500636 -0.0859737 0.498924 -0.862371
0.0618845 -0.431031 0.247621 -0.37744 0.885854 -0.269818
-0.11178 0.478699 0.185259 -0.447808 0.753862 0.480791
0.0723739 -0.263075 -0.396757 -0.45173 0.874037 0.178884
-0.0725517 -0.295754 0.415922 0.0859737 -0.498924 0.862371
-0.104341 -0.326172 0.364185 -0.238812 0.733322 -0.636559
-0.00663858 0.292775 0.457347 0.889987 0.427512 0.15861
0.0665811 0.269285 -0.43064 -0.0859737 0.498924 -0.862371
-0.313824 0.405063 0.019553 0.37744 -0.885854 0.269818
0.0543018 -0.122879 0.503292 0.0859736 -0.498924 0.862371
-0.266718 0.232632 -0.339663 -0.889988 -0.427511 -0.158606
0.130272 -0.441036 0.119108 -0.377444 0.885856 -0.269805
0.293957 -0.130448 -0.422501 0.255855 -0.180269 -0.949759
-0.248015 0.32296 -0.2853 -0.21214 0.0802939 0.973935
-0.0836613 0.364352 0.39074 -0.447808 0.753862 0.480791
0.00265949 0.156524 -0.489505 -0.0859737 0.498924 -0.862371
0.329391 -0.347313 -0.130349 -0.447808 0.753862 0.480791
-0.370473 0.180946 0.392304 -0.255855 0.180269 0.949758
-0.0491364 0.456462 -0.285731 -0.377441 0.885854 -0.269818
-0.123207 0.0286904 0.458333 0.255855 -0.180269 -0.949759
0.0167217 0.0518578 0.521111 -0.255855 0.180269 0.949759
0.114371 -0.160602 0.475479 0.0859737 -0.498924 0.862371
-0.0673935 0.543302 0.0249176 -0.377441 0.885854 -0.269818
0.125371 -0.34783 -0.377798 0.447808 -0.753862 -0.480791
0.17226 -0.445201 0.0466981 -0.37744 0.885854 -0.269818
-0.363619 0.198276 0.296668 -0.889987 -0.427512 -0.15861
0.0585861 -0.454907 -0.0470331 0.889987 0.427512 0.158609
0.0173039 0.284733 -0.384322 0.0859736 -0.498924 0.862371
0.149106 -0.318989 0.298306 -0.358527 0.870995 -0.335895
0.127812 -0.481151 -0.108245 -0.447808 0.753862 0.480791
-0.0178019 -0.397921 0.272108 -0.384663 0.890685 -0.24231
-0.0943809 -0.0360736 -0.460781 0.0691702 -0.47039 0.879744
-0.270788 0.443076 -0.019616 -0.377441 0.885854 -0.269818
-0.2958 0.124126 0.158056 0.311044 -0.82353 0.474394
-0.33781 0.338712 0.19423 -0.447808 0.753863 0.480791
0.287896 -0.0705724 -0.406018 -0.255855 0.180269 0.949759
-0.143959 0.0283871 -0.377461 0.327277 -0.841092 0.430643
0.0365086 -0.474448 -0.135279 -0.889987 -0.427512 -0.15861
-0.22512 0.273902 -0.398888 -0.0859737 0.498924 -0.862371
-0.0711743 -0.226234 0.456005 0.0859737 -0.498924 0.862371
-0.178904 -0.161231 0.504353 0.0859736 -0.498924 0.862371
-0.155907 0.471904 0.0180969 0.37744 -0.885854 0.269818
-0.0638236 0.20048 -0.424979 0.0859737 -0.498924 0.862371
0.296307 -0.323126 -0.257324 0.447808 -0.753862 -0.48079
-0.308068 0.193211 0.263413 0.889987 0.427511 0.158609
0.268086 -0.278111 -0.354191 0.447808 -0.753862 -0.480791
0.140981 0.280574 -0.431526 -0.0859737 0.498924 -0.862371
-0.316305 0.177453 0.114945 -0.415129 0.615736 0.669729
-0.122538 0.353376 0.313504 0.447804 -0.753868 -0.480785
0.293851 -0.000413689 -0.438498 0.889987 0.427512 0.15861
-0.231712 0.445575 0.0376977 0.37744 -0.885854 0.269818
0.136666 -0.239162 -0.369876 -0.440658 0.716932 0.540212
-0.00473103 0.415912 -0.338699 -0.0859737 0.498924 -0.862371
-0.0956788 0.251308 0.396547 0.443353 -0.892603 -0.0818369
-0.325416 0.34386 -0.268941 -0.37744 0.885854 -0.269818
-0.0858492 0.304901 0.362767 0.121314 0.113311 -0.986126
0.14055 -0.264739 0.412621 0.0859737 -0.498924 0.862371
0.289156 -0.390913 0.0614097 -0.37744 0.885854 -0.269818
-0.000698195 -0.10491 0.519171 0.0859736 -0.498924 0.862371
-0.0570385 0.532603 0.0937255 0.889987 0.427511 0.15861
-0.0609733 0.152118 -0.48571 -0.0859735 0.498924 -0.862371
-0.233047 0.182959 -0.364705 0.449269 -0.881603 -0.144684
-0.316281 0.295149 0.0304795 0.40521 -0.581979 -0.705057
-0.134196 0.241502 0.44446 -0.255855 0.180269 0.949759
-0.107889 0.096805 0.449531 0.255855 -0.180269 -0.949759
0.387671 -0.280647 -0.238832 0.447808 -0.753862 -0.480791
-0.0439511 0.223933 0.472106 -0.255855 0.180269 0.949759
-0.174174 -0.168001 0.343806 -0.294037 0.80392 -0.516966
-0.0174659 0.33536 -0.351565 0.0859736 -0.498924 0.862371
-0.216375 0.377616 0.246334 -0.447803 0.753867 0.480787
0.167649 -0.194493 0.450559 0.0859737 -0.498924 0.862371
-0.0427698 0.436068 0.258143 0.447808 -0.753862 -0.480791
0.0739326 0.00683962 -0.507831 0.255855 -0.180269 -0.949759
0.226568 0.0265782 -0.440979 -0.255855 0.180269 0.949759
0.210202 -0.241159 -0.340286 -0.16425 -0.0239272 0.986128
0.173401 -0.363159 -0.309028 0.447808 -0.753862 -0.480791
-0.0377047 -0.217997 -0.145288 0.889987 0.427511 0.15861
-0.241648 0.25925 -0.287282 0.889988 0.42751 0.158608
-0.249534 0.17899 -0.291498 -0.889987 -0.427511 -0.158609
0.110684 -0.497658 0.0643798 0.37744 -0.885854 0.269818
-0.30415 0.224131 0.401973 -0.255855 0.180268 0.949759
0.378944 -0.362992 0.0274772 -0.37744 0.885854 -0.269818
0.129127 -0.0626896 0.498187 -0.0859737 0.498924 -0.862371
-0.213887 0.423523 -0.1423 0.821643 0.454755 0.343658
-0.394198 0.302961 0.186087 -0.889987 -0.427512 -0.15861
0.350993 -0.137532 -0.389547 0.889987 0.427512 0.15861
0.13562 -0.231984 -0.391601 -0.437525 0.898602 0.0329665
0.186092 -0.405243 0.158536 -0.37744 0.885854 -0.269818
-0.175382 0.128678 0.45478 -0.255855 0.180269 0.949759
0.394536 -0.364484 -0.100986 0.447808 -0.753862 -0.480791
-0.329893 0.108172 0.350289 -0.889987 -0.427512 -0.158609
-0.142278 -0.306812 0.416084 -0.889987 -0.427512 -0.15861
-0.147683 -0.177794 0.098663 -0.889987 -0.427512 -0.158609
-0.0516706 0.455674 0.270958 0.889987 0.427512 0.15861
-0.0336563 0.390095 0.338715 0.447808 -0.753862 -0.480791
-0.0553897 0.13994 -0.460845 0.0859737 -0.498924 0.862371
-0.229891 0.016424 0.0364543 -0.889987 -0.427512 -0.158609
-0.193512 -0.0148335 -0.0834207 -0.889987 -0.427511 -0.158611
-0.330362 0.284843 0.285631 -0.447808 0.753863 0.480791
-0.368262 0.378972 0.10274 -0.447808 0.753863 0.480791
0.167836 -0.411488 -0.238432 0.447808 -0.753862 -0.480791
-0.117131 0.485975 0.11063 0.447808 -0.753862 -0.480791
-0.0807788 -0.330057 0.295477 -0.455812 0.824491 0.335334
-0.0390423 -0.35573 0.377882 0.0859737 -0.498924 0.862371
0.196337 -0.264931 -0.423273 0.255855 -0.180269 -0.949758
0.0515884 -0.199498 -0.474687 0.255855 -0.180268 -0.949759
-0.148565 -0.190582 0.402876 0.889988 0.427509 0.158611
0.288752 -0.347825 0.307213 0.377441 -0.885854 0.269818
-0.147682 0.0404166 -0.224709 0.889987 0.427512 0.15861
0.00227672 -0.358259 -0.154356 0.292166 -0.267578 -0.918173
-0.255991 0.0408634 0.420252 0.255855 -0.180269 -0.949759
0.0490834 -0.443495 -0.289268 -0.889987 -0.427512 -0.15861
0.0679506 0.368591 -0.373323 -0.0859737 0.498924 -0.862371
-0.165923 0.0287946 -0.139141 -0.452598 0.870537 0.193186
0.226082 -0.41461 0.0718425 -0.37744 0.885854 -0.269818
-0.00571543 -0.172375 0.480639 0.0859737 -0.498924 0.862371
-0.293408 0.391736 -0.15653 -0.377441 0.885854 -0.269818
-0.00567301 0.346603 -0.346237 0.0859736 -0.498924 0.862371
-0.0190703 -0.484769 0.204405 -0.889987 -0.427512 -0.15861
-0.24868 0.101698 0.112053 0.178246 -0.646336 0.741942
-0.0865379 -0.344496 0.2291 0.154807 0.0438978 -0.986969
-0.313376 0.405312 -0.0840276 -0.377441 0.885854 -0.269818
-0.171755 0.245078 0.383973 -0.455873 0.841942 0.28864
0.343382 -0.407672 0.0343044 0.377441 -0.885854 0.269818
-0.391992 0.387931 -0.031119 -0.377441 0.885854 -0.269818
-0.119794 0.165772 0.433233 0.255855 -0.180269 -0.949759
0.105262 -0.390562 -0.329526 0.447808 -0.753863 -0.480791
-0.103724 -0.284586 0.248796 -0.236724 0.13589 0.962027
0.100716 -0.43209 0.293595 0.377441 -0.885854 0.269818
-0.369683 0.178791 0.383213 -0.889988 -0.42751 -0.158611
0.226555 -0.353735 0.271043 -0.37744 0.885854 -0.269818
0.275219 -0.451752 -0.0752845 0.447808 -0.753862 -0.480791
-0.0605418 0.280773 -0.378852 0.0859736 -0.498924 0.862371
-0.111223 -0.120587 0.519375 -0.255855 0.180268 0.949759
0.00900129 0.215837 -0.455822 -0.0859735 0.498924 -0.862371
0.0217455 -0.355754 -0.149276 0.255856 -0.18027 -0.949758
-0.15512 -0.178925 0.408237 0.889987 0.427512 0.15861
0.0607053 -0.459948 -0.0453376 0.889987 0.427512 0.15861
0.273944 -0.400957 -0.156117 0.447808 -0.753862 -0.480791
0.32055 -0.0649815 -0.414282 0.889987 0.427512 0.15861
0.0734219 0.422837 -0.342451 0.889987 0.427512 0.15861
0.00628299 0.151278 -0.492902 -0.0859737 0.498924 -0.862371
0.162608 -0.474969 -0.0375343 -0.37744 0.885854 -0.269818
-0.363733 0.197273 0.300013 -0.889987 -0.427512 -0.15861
0.183054 0.237937 -0.459241 0.889987 0.427512 0.15861
0.187819 -0.147801 -0.4478 0.255855 -0.180269 -0.949759
0.28229 -0.376171 0.223187 0.377441 -0.885854 0.269818
-0.0701654 0.523831 0.153253 -0.447808 0.753862 0.480791
-0.0782152 -0.395457 0.358803 0.0859737 -0.498924 0.862371
0.157745 -0.347656 0.271069 0.0396908 0.273888 -0.960942
-0.119346 0.510731 -0.00934408 -0.377441 0.885854 -0.269818
0.08808 -0.0700808 -0.45994 -0.255855 0.180269 0.949759
-0.0619256 -0.332708 0.299808 0.889987 0.427512 0.158608
-0.407719 0.384356 0.0425673 -0.889987 -0.427511 -0.158608
0.0418164 -0.411297 -0.090437 -0.382376 0.510211 0.770372
-0.0965784 -0.130007 -0.0521022 0.889987 0.427512 0.15861
-0.0253414 0.457366 -0.212279 0.37744 -0.885855 0.269816
-0.108211 0.447481 -0.128809 0.37744 -0.885854 0.269818
-0.377326 0.25146 0.230229 -0.889982 -0.427521 -0.158613
-0.057882 0.099528 0.491966 -0.255855 0.180269 0.949759
-0.00190512 -0.491623 0.126982 -0.327276 0.841091 -0.430645
-0.234678 -0.14174 0.490133 -0.255855 0.180269 0.949758
-0.115877 -0.0621607 0.477551 0.255855 -0.180269 -0.949759
-0.177513 0.224507 -0.432212 -0.0859737 0.498924 -0.862371
0.325549 -0.337117 -0.20815 0.447808 -0.753862 -0.480791
0.375037 -0.217393 -0.309209 0.889987 0.427512 0.15861
-0.0741782 0.429334 -0.235995 0.377441 -0.885854 0.269818
0.0203851 0.310884 -0.401968 -0.0859737 0.498924 -0.862371
-0.123464 0.255445 -0.419701 -0.0859737 0.498924 -0.862371
-0.144119 0.0233231 -0.387034 0.311044 -0.82353 0.474395
0.300053 -0.32791 0.253016 -0.37744 0.885854 -0.269818
-0.236254 0.307554 0.279437 0.447808 -0.753862 -0.480791
0.393344 -0.370391 -0.0345975 -0.447808 0.753862 0.480791
-0.123743 -0.00777185 -0.493942 -0.889987 -0.427512 -0.15861
-0.0843146 0.472317 -0.184468 -0.377441 0.885854 -0.269818
-0.139826 0.434085 -0.232337 -0.377441 0.885854 -0.269818
-0.180511 0.105796 -0.481511 -0.889986 -0.427513 -0.15861
0.370074 -0.302344 -0.162967 -0.447808 0.753862 0.480791
-0.285563 0.215909 0.0759498 0.889987 0.42751 0.158611
0.0399887 -0.482213 0.213984 0.37744 -0.885854 0.269818
-0.0439955 -0.299648 -0.131263 -0.0891534 -0.177983 0.979987
0.268519 -0.449873 -0.0844712 0.447808 -0.753862 -0.480791
-0.194164 0.294709 -0.326252 0.445026 -0.890161 -0.0978052
-0.120309 0.00961907 -0.560086 -0.889987 -0.427512 -0.15861
-0.0887566 -0.0691972 -0.524693 -0.889987 -0.427512 -0.15861
-0.000977378 -0.483261 0.267848 0.377437 -0.885857 0.269813
0.116359 -0.491237 0.0775232 0.377441 -0.885854 0.269817
0.225682 -0.0399557 -0.428589 -0.255855 0.180269 0.949759
-0.119838 0.422989 -0.296727 -0.377441 0.885854 -0.269818
0.0162227 0.236735 0.480117 0.889987 0.427512 0.15861
-0.0770187 -0.29526 0.416653 0.0859737 -0.498924 0.862371
0.0816721 -0.380236 -0.309451 -0.447808 0.753863 0.480791
0.306728 -0.200334 -0.323603 -0.0993755 -0.15763 0.982485
-0.0426376 -0.463778 0.315729 0.0859737 -0.498924 0.862371
0.0976862 -0.0373097 0.548473 0.0859736 -0.498924 0.862371
0.0353494 -0.0571904 -0.506072 0.255855 -0.180269 -0.949759
-0.00753169 0.141904 0.468006 0.255855 -0.180269 -0.949759
-0.105773 -0.0901717 -0.122119 0.236723 -0.135888 -0.962027
0.173578 0.0649539 -0.462537 -0.255855 0.180269 0.949759
0.291975 -0.222434 -0.405576 0.255855 -0.180269 -0.949758
0.0499701 -0.482454 0.0126268 -0.4548 0.857307 0.241208
0.0822327 0.131708 -0.511795 -0.0859737 0.498924 -0.862371
0.05607 -0.328132 0.351899 -0.0859737 0.498924 -0.862371
-0.0533773 -0.420343 0.223255 -0.889987 -0.427513 -0.158609
-0.0484607 -0.00600714 -0.538364 0.255855 -0.180269 -0.949758
-0.273259 0.4428 -0.0170664 -0.377441 0.885854 -0.269818
0.230721 -0.111233 -0.413703 -0.255855 0.180269 0.949759
0.00816628 0.494025 -0.168168 0.889987 0.427512 0.15861
0.221225 -0.486235 -0.0527475 0.377441 -0.885854 0.269818
