ply
format ascii 1.0
comment Created by Open3D
element vertex 512
property double x
property double y
property double z
property double nx
property double ny
property double nz
end_header
-0.0731033 -0.201216 0.383461 0.0837949 0.469675 0.878854
0.138038 0.384144 -0.203194 0.100459 0.530868 0.841479
0.137289 0.328558 -0.237888 0.969669 -0.241653 0.0366897
-0.0234921 0.131697 -0.0107775 -0.969669 0.241653 -0.0366898
0.00700493 -0.131611 0.174528 0.969669 -0.241653 0.0366897
-0.124595 -0.270799 0.0102528 -0.969669 0.241653 -0.0366896
0.123228 0.38715 0.0503094 0.0837949 0.469674 0.878854
-0.173029 -0.442783 0.157577 -0.969669 0.241653 -0.0366897
0.0492825 0.367077 -0.372081 0.22961 0.849123 -0.475678
-0.0669917 -0.207002 0.0788431 0.22961 0.849123 -0.475678
0.0271671 0.336696 0.000557685 -0.969669 0.241653 -0.0366899
0.0413594 0.00205755 0.14697 0.969669 -0.241653 0.0366897
0.0371765 0.157687 -0.181265 -0.22961 -0.849123 0.475678
-0.0304385 -0.182631 0.278344 -0.22962 -0.849124 0.475672
0.0519602 0.258081 -0.0749712 0.235121 0.963216 0.130126
0.0387081 0.151752 -0.19112 -0.22961 -0.849123 0.475678
-0.144053 -0.33725 0.0868496 -0.969669 0.241651 -0.0366876
-0.0248739 0.127913 0.000814679 -0.969669 0.241653 -0.0366898
0.0478717 0.0287595 0.0928161 0.987218 -0.159115 -0.00909331
-0.11535 -0.223005 0.0807167 -0.969669 0.241653 -0.0366896
-0.0403031 -0.321601 0.173483 0.969669 -0.241653 0.0366896
-0.0420418 -0.181511 0.298253 -0.872025 0.39654 0.286928
-0.082279 -0.204579 0.317949 0.969488 -0.156421 0.188748
0.0650858 0.108302 0.188982 0.926663 -0.361048 0.104597
0.0426936 0.404498 0.0367757 -0.969669 0.241653 -0.0366897
-0.0706796 -0.162711 0.294479 -0.22961 -0.849123 0.475678
0.0599221 0.196237 0.158372 0.0837947 0.469675 0.878854
-0.0987985 -0.233717 0.246211 0.184233 0.623962 -0.759427
-0.10157 -0.4484 0.201674 -0.22961 -0.849123 0.475678
0.135837 0.38934 0.0479367 0.0837949 0.469674 0.878854
-0.0835099 -0.0898817 0.116023 -0.969669 0.241653 -0.0366895
-0.0327822 0.077954 0.230424 0.0837949 0.469674 0.878854
0.107083 0.226154 -0.114042 0.969669 -0.241653 0.0366897
-0.0940256 -0.233109 0.0191903 0.22961 0.849123 -0.475678
-0.113885 -0.184802 0.293617 -0.969669 0.241653 -0.0366896
-0.0390777 -0.336771 0.0411781 0.969669 -0.241653 0.0366896
-0.0252479 -0.275847 0.076939 0.969669 -0.241653 0.0366896
-0.0150518 -0.0700504 0.205869 -0.804338 0.552506 -0.218579
0.127303 0.31948 -0.0337615 0.969668 -0.241654 0.036692
0.111843 0.339689 -0.127833 0.23814 0.90023 -0.36452
0.147993 0.366313 -0.272112 0.969669 -0.241653 0.0366934
0.032494 0.280305 -0.283556 -0.11708 -0.590983 -0.798143
-0.0201537 -0.0434258 0.0665179 -0.083803 -0.469673 -0.878854
0.0721842 0.107913 -0.0231643 -0.0837949 -0.469674 -0.878854
-0.0419071 0.0831104 0.155898 -0.969669 0.241653 -0.0366897
0.0950795 0.351541 -0.113702 0.22961 0.849123 -0.475678
-0.126322 -0.455158 -0.0136695 -0.0837949 -0.469674 -0.878854
0.0280868 0.00715696 0.262455 0.0837951 0.469674 0.878854
0.111876 0.27643 0.0904266 0.969669 -0.241653 0.0366897
-0.141679 -0.339492 0.00932697 -0.969668 0.241658 -0.0366871
0.0838276 0.119418 0.070119 0.969669 -0.241652 0.0366899
0.104187 0.394816 -0.296063 0.22961 0.849123 -0.475678
-0.030048 0.126231 0.126486 -0.969669 0.241653 -0.0366896
-0.0954433 -0.172992 0.287435 0.22961 0.849123 -0.475678
-0.0400644 -0.251684 0.318512 -0.22961 -0.849123 0.475678
0.0912853 0.15595 0.113635 0.969669 -0.241653 0.0366894
-0.102396 -0.263631 -0.0393342 0.22961 0.849123 -0.475678
0.0496487 0.179853 0.0430495 -0.512682 0.776593 -0.366143
-0.0676932 -0.0062933 0.24855 -0.969669 0.241653 -0.0366897
0.0507792 0.347261 0.0785343 0.0837949 0.469674 0.878854
0.0982862 0.317276 -0.0985832 -0.190288 -0.652147 0.733822
-0.0331017 -0.285225 0.222739 0.969669 -0.241653 0.0366896
0.0634068 0.368532 -0.186723 0.121814 0.607921 0.784597
0.132272 0.308866 -0.234996 0.969669 -0.241653 0.0366898
0.0233608 0.154154 -0.194242 -0.22961 -0.849123 0.475678
0.0483462 0.359318 0.0224392 -0.22961 -0.849123 0.475678
0.0479488 0.418626 -0.00905848 -0.969669 0.241653 -0.0366896
-0.0548385 -0.392309 0.0919259 0.969669 -0.241653 0.0366896
-0.149107 -0.428849 -0.025557 -0.0837949 -0.469674 -0.878854
-0.149675 -0.382448 -0.0503002 -0.0837949 -0.469674 -0.878854
0.00603341 -0.131521 0.200794 0.969669 -0.241653 0.0366897
0.0326689 0.3049 -0.0298262 0.0384819 0.00269962 -0.999256
-0.0685015 -0.44435 0.110262 0.969669 -0.241653 0.0366897
-0.0599681 -0.051498 0.302197 0.0837949 0.469674 0.878854
0.0734818 0.166795 -0.0547552 -0.0837949 -0.469674 -0.878854
0.13892 0.328631 -0.280512 0.969669 -0.241653 0.0366894
-0.105704 -0.349396 -0.0721562 -0.0837949 -0.469674 -0.878854
-0.0865506 -0.467813 0.17427 -0.22961 -0.849123 0.475678
-0.158703 -0.378012 0.205549 -0.969669 0.241654 -0.0366896
0.0958947 0.166902 0.0639483 0.969669 -0.241653 0.0366897
-0.0147313 -0.0771057 0.18116 -0.969669 0.241653 -0.0366897
0.0180955 0.102722 -0.288594 -0.22961 -0.849123 0.475678
0.130536 0.390987 -0.207181 0.132066 0.644305 0.753279
-0.00886258 -0.134334 0.341593 0.0837949 0.469674 0.878854
0.109314 0.228275 -0.159044 0.969669 -0.241653 0.0366897
-0.0245075 -0.273169 0.0750091 0.969669 -0.241653 0.0366896
-0.0383605 -0.256366 0.240314 0.218076 0.787558 -0.576364
0.0227905 0.295517 -0.154997 -0.969669 0.241654 -0.0366899
0.104763 0.21325 -0.137714 0.969668 -0.241657 0.0366887
-0.0306446 -0.211216 0.0888647 0.22961 0.849123 -0.475678
-0.00392629 0.185563 -0.1731 -0.969669 0.241653 -0.0366896
-0.0363442 -0.318215 0.0911491 0.969668 -0.241654 0.0366933
-0.021083 -0.216124 0.360228 0.969669 -0.241653 0.0366896
-0.0236997 -0.261878 0.12803 0.969669 -0.241653 0.0366896
-0.0927458 -0.275617 -0.0560716 0.22961 0.849123 -0.475678
-0.112808 -0.456085 -0.0144628 -0.0837949 -0.469674 -0.878854
0.0540377 0.105103 0.207637 0.0837954 0.469674 0.878854
0.0393643 0.180037 -0.0190268 -0.1565 -0.864808 0.47709
0.125554 0.254527 -0.415327 0.969669 -0.241653 0.0366896
0.0273875 -0.0510223 0.166629 0.969669 -0.241653 0.0366897
0.0488427 0.0966147 -0.325247 -0.0837949 -0.469674 -0.878854
0.00153485 0.173615 -0.0515403 -0.0837946 -0.469675 -0.878854
0.112017 0.323354 -0.0110256 -0.229615 -0.849123 0.475676
0.0101681 0.223779 0.148397 0.0837949 0.469674 0.878854
-0.054538 -0.279039 0.262694 -0.22961 -0.849123 0.475678
0.0672082 0.398186 -0.307897 0.22961 0.849123 -0.475678
-0.0391284 -0.0529863 0.301005 0.0837949 0.469674 0.878854
0.143562 0.339255 -0.333213 0.969669 -0.241653 0.0366896
0.10675 0.239734 -0.0157944 0.969669 -0.241653 0.0366897
-0.0788844 -0.207608 0.256387 0.0143443 -0.0935872 -0.995508
-0.0662037 -0.196271 0.0983795 0.22961 0.849123 -0.475678
-0.055701 0.0412405 0.244685 -0.969669 0.241653 -0.0366897
0.115534 0.286624 0.0608663 0.969669 -0.241653 0.0366897
0.0932492 0.271304 -0.28794 -0.191226 -0.843524 -0.501896
0.143819 0.388726 -0.0237981 0.22961 0.849123 -0.475678
-0.119864 -0.516443 0.0184664 -0.0837949 -0.469674 -0.878854
0.0345291 0.312411 -0.353966 -0.969669 0.241653 -0.0366896
-0.120421 -0.237681 0.11809 -0.969669 0.241653 -0.0366895
-0.0726423 -0.199121 0.334237 0.390148 -0.52805 -0.754286
0.095539 0.366152 0.0169139 -0.453881 -0.338922 -0.82409
0.119154 0.239788 -0.343281 0.969669 -0.241653 0.0366896
-0.152272 -0.371196 0.0804881 -0.969672 0.241642 -0.0366896
0.00843782 0.174625 0.174831 0.0837949 0.469674 0.878854
0.0386103 0.330088 -0.3454 -0.969669 0.241653 -0.0366896
-0.00285808 0.214517 -0.0106321 -0.969669 0.241653 -0.0366897
0.0258804 0.294571 -0.24289 -0.969669 0.241653 -0.0366896
0.00192884 -0.147663 0.202962 0.969669 -0.241653 0.0366897
0.026907 0.0633486 0.00496883 -0.0837949 -0.469674 -0.878854
0.0959876 0.265808 -0.282186 -0.127631 -0.628619 -0.767169
0.11822 0.343676 0.0740197 0.0837949 0.469674 0.878854
0.125287 0.323913 -0.0693415 -0.242763 -0.969635 0.029575
-0.051124 -0.389707 0.0108913 0.969669 -0.241653 0.0366896
0.086151 0.331783 -0.00846583 -0.22961 -0.849123 0.475678
-0.075932 -0.484837 0.0399784 0.969669 -0.241653 0.0366904
0.0790972 0.0983914 -0.0139467 -0.119097 -0.598209 -0.792441
-0.00743722 0.198416 0.00434351 -0.969669 0.241653 -0.0366889
-0.120939 -0.253812 0.0255335 -0.969669 0.241653 -0.0366896
-0.0319319 0.100871 0.00924633 -0.969669 0.241653 -0.0366898
0.0067604 0.200022 -0.360308 -0.969669 0.241653 -0.0366896
-0.00651486 0.161726 -0.261689 -0.969669 0.241653 -0.0366896
0.0777182 0.0928424 0.0565466 0.969669 -0.241652 0.0366903
0.0218506 0.286325 -0.190696 -0.96967 0.24165 -0.0366892
0.07627 0.264412 0.0542878 -0.960696 0.276075 0.0290873
0.0343914 0.327566 -0.250508 -0.969669 0.241653 -0.0366898
0.0290521 0.312935 -0.205764 -0.969669 0.241653 -0.0366896
0.00969517 0.244115 -0.147454 -0.969669 0.241653 -0.0366896
0.03851 0.175368 -0.0560025 -0.0837949 -0.469675 -0.878854
0.0260489 0.265799 -0.0595264 0.242642 0.93362 -0.263589
-0.0236167 -0.25587 0.165406 0.969669 -0.241654 0.036691
-0.139632 -0.301449 0.205807 -0.96967 0.241649 -0.0366877
-0.0790474 -0.0728206 0.110452 -0.969669 0.241653 -0.0366895
-0.0732204 -0.460248 0.130261 0.969669 -0.241653 0.0366897
-0.0367234 -0.303096 0.200754 0.969669 -0.241653 0.0366896
-0.115731 -0.210521 0.173025 -0.969669 0.241652 -0.0366878
-0.00131418 0.186763 -0.234235 -0.969669 0.241653 -0.0366896
-0.0778844 -0.0877964 0.0957347 -0.083795 -0.469674 -0.878854
0.087779 0.35855 -0.18251 0.141999 0.679133 0.720149
-0.0473506 -0.196552 0.268592 0.22961 0.849123 -0.475678
0.064023 0.343335 0.0247352 0.229603 0.849122 -0.475682
0.110399 0.233614 -0.15255 0.969669 -0.241653 0.0366897
0.0129848 0.262319 -0.114494 -0.969669 0.241653 -0.0366896
0.0359686 0.287622 -0.307474 -0.240672 -0.917781 0.31584
-0.1191 -0.294643 -0.10014 -0.0837949 -0.469674 -0.878854
0.0775041 0.304354 -0.0295679 -0.0220535 -0.235995 -0.971504
0.104446 0.428376 0.0300681 0.0837949 0.469674 0.878854
0.011736 0.24616 -0.18792 -0.969669 0.241652 -0.0366898
0.085485 0.138781 0.000240309 0.0914757 0.497987 0.862346
-0.0999834 -0.135357 0.251879 -0.969669 0.241653 -0.0366897
-0.0942077 -0.446724 0.208138 -0.227483 -0.837338 0.497108
0.0319449 0.12695 -0.238658 -0.22961 -0.849123 0.475678
-0.0840265 -0.18453 0.375586 0.0837949 0.469675 0.878854
-0.0511515 0.0577178 0.232973 -0.969669 0.241653 -0.0366897
-0.0103887 -0.177413 0.33255 0.969669 -0.241653 0.0366896
-0.00241188 0.179613 -0.252311 -0.969669 0.241653 -0.0366896
0.114425 0.331869 -0.403485 0.22961 0.849123 -0.475678
-0.110286 -0.203059 0.07825 -0.969669 0.241653 -0.0366896
0.121174 0.266787 -0.218836 0.96967 -0.241648 0.0366884
0.0376142 0.345635 -0.0745893 -0.243876 -0.966569 0.0791704
0.0568805 0.171816 -0.146533 -0.22961 -0.849123 0.475678
-0.0822338 -0.134658 0.338978 -0.22961 -0.849123 0.475678
-0.0559122 -0.410455 0.000785303 0.969669 -0.241653 0.0366896
0.131198 0.331706 -0.146632 0.238816 0.968659 0.0683102
-0.106314 -0.165391 0.367482 0.0837949 0.469675 0.878854
0.113844 0.217642 -0.348805 0.969669 -0.241653 0.0366896
0.0499754 0.282852 -0.310064 -0.231628 -0.860571 0.453615
0.090746 0.376771 -0.194502 0.0837949 0.469675 0.878854
0.0456185 0.023738 0.177203 0.969669 -0.241653 0.0366897
-0.0807011 -0.070474 0.314315 0.0837632 0.469685 0.878852
-0.0688065 -0.252053 -0.00245309 0.22961 0.849123 -0.475678
0.0752481 0.335731 -0.415503 0.22961 0.849123 -0.475678
-0.110255 -0.21731 0.0395593 0.22961 0.849123 -0.475678
-0.113509 -0.250072 0.285937 -0.229609 -0.849123 0.475678
0.069378 0.109595 0.114755 0.969669 -0.241653 0.0366896
0.0112829 0.0472066 0.242654 0.0837947 0.469675 0.878854
-0.166306 -0.413732 0.171237 -0.969669 0.241654 -0.0366892
0.0635989 0.0841356 0.0998018 0.969669 -0.241653 0.0366896
-0.00847446 0.199865 0.0413034 -0.969669 0.241653 -0.0366896
0.149356 0.367124 -0.302781 0.969669 -0.241653 0.0366896
-0.108591 -0.309835 0.209665 -0.108515 -0.291121 0.950512
-0.108582 -0.373654 0.0389685 -0.127268 -0.37102 0.919863
-0.0845155 -0.518884 0.0425818 0.969669 -0.241653 0.0366897
0.0485879 0.0386075 0.196661 0.969669 -0.241653 0.0366897
0.0654668 0.0773423 0.00569166 0.969669 -0.241652 0.036692
-0.0212012 0.145648 0.0205613 -0.969669 0.241653 -0.0366895
-0.158311 -0.496263 0.0888451 -0.22961 -0.849123 0.475678
-0.0711703 -0.167359 0.285946 -0.229616 -0.849118 0.475683
0.0560414 0.0469409 0.0545605 0.969669 -0.241653 0.0366896
-0.0020072 0.218195 -0.00889087 -0.969669 0.241652 -0.0366903
0.070794 0.381274 -0.336354 0.22961 0.849123 -0.475678
0.020292 0.318076 0.0596187 -0.969669 0.241653 -0.0366896
-0.0702434 -0.317971 -0.0923314 -0.0837949 -0.469674 -0.878854
0.0803206 0.34655 0.0760976 0.0837949 0.469674 0.878854
0.0647261 0.378265 -0.192819 0.0837949 0.469675 0.878854
-0.0280756 -0.255502 0.285676 0.969669 -0.241653 0.0366897
0.0123056 0.280358 0.0222673 -0.969669 0.241653 -0.0366896
-0.0553646 -0.402454 0.0390085 0.969669 -0.241653 0.0366896
0.117455 0.288117 0.0199345 0.969669 -0.241653 0.0366897
-0.0727545 -0.0333714 0.203968 -0.969669 0.241653 -0.0366897
-0.10207 -0.335933 0.208059 0.00754197 0.179618 0.983708
0.0244684 -0.0467403 0.271979 0.969669 -0.241653 0.0366896
0.0429058 0.216588 0.149119 0.0837826 0.469678 0.878853
0.0429449 0.0157678 0.195369 0.969669 -0.241653 0.0366897
-0.138441 -0.328411 -0.00325753 -0.969669 0.241653 -0.0366896
0.0656309 0.0963771 0.126726 0.969669 -0.241653 0.0366896
0.0116616 0.260757 -0.0898121 -0.969669 0.241653 -0.0366896
0.104813 0.361877 0.00595037 -0.956122 0.105413 -0.273349
0.000218029 0.248723 0.133365 -0.969669 0.241653 -0.0366897
0.0230098 0.31805 -0.0123807 -0.969669 0.241652 -0.036689
0.0316686 0.104705 0.209982 0.0837947 0.469675 0.878854
0.0336441 0.201589 0.079132 0.683688 0.614531 -0.393602
-0.128928 -0.291357 0.215458 -0.167417 -0.547281 0.820034
0.0632208 0.417003 -0.219882 0.178082 0.801297 0.571149
-0.0163171 0.173566 0.0753548 -0.969669 0.241653 -0.0366896
-0.128637 -0.271879 0.109974 -0.969669 0.241653 -0.0366895
-0.00708912 -0.191966 0.149498 0.969669 -0.241653 0.0366896
-0.067031 -0.438539 0.109668 0.969669 -0.241653 0.0366897
-0.112779 -0.212791 0.352839 -0.229609 -0.849123 0.475678
0.0364888 0.318011 -0.368876 -0.969669 0.241653 -0.0366896
0.043792 0.362312 -0.119233 0.22961 0.849123 -0.475678
-0.0304184 -0.0912048 0.3206 0.0837949 0.469674 0.878854
-0.00993434 0.209198 0.141354 -0.969669 0.241653 -0.0366897
-0.0131239 -0.227689 0.0737056 0.969669 -0.241653 0.0366896
-0.0803199 -0.0765278 0.119668 -0.969669 0.241653 -0.0366895
-0.0253929 0.127351 0.0108343 -0.969669 0.241653 -0.036689
-0.00460033 0.15926 -0.32853 -0.969669 0.241653 -0.0366896
-0.151526 -0.376316 0.0270303 -0.969669 0.241653 -0.0366896
0.045115 0.0121913 0.0471639 0.969669 -0.241653 0.0366896
-0.109443 -0.17378 0.248828 -0.969669 0.241653 -0.0366899
0.0966554 0.367604 0.0605487 -0.22961 -0.849123 0.475678
0.00997207 0.276146 0.0561938 -0.969669 0.241653 -0.0366896
0.0967354 0.228651 -0.298639 0.240745 0.970199 0.0274742
0.109899 0.334313 0.00751483 -0.22961 -0.849123 0.475678
0.0155744 0.297241 0.0470749 -0.969669 0.241653 -0.0366896
-0.101076 -0.166694 0.272697 -0.22961 -0.849123 0.475678
-0.143196 -0.531319 0.0335639 -0.22961 -0.849123 0.475678
0.1376 0.374167 -0.0527884 0.22961 0.849123 -0.475678
0.0367444 0.35618 -0.124233 -0.969669 0.241653 -0.0366896
0.144128 0.400844 -0.223745 0.207322 0.892671 0.400195
0.0980982 0.174856 -0.214455 0.969669 -0.241653 0.0366896
0.0523911 0.183674 0.0465347 -0.671842 0.677985 -0.29827
0.0194863 0.257727 -0.283376 0.166096 0.541343 -0.824233
-0.0713343 -0.226495 0.177047 0.0487656 0.33836 0.939752
-0.0113805 0.0400139 0.0210898 -0.0837946 -0.469675 -0.878854
-0.0490529 0.0450114 0.0938185 -0.969669 0.241653 -0.0366899
-0.0377579 -0.314329 0.15411 0.969669 -0.241653 0.0366897
0.0504355 0.125961 -0.0307357 -0.0837949 -0.469674 -0.878854
0.0149594 0.233675 -0.355345 -0.969669 0.241653 -0.0366896
-0.0347689 -0.0471446 0.297468 0.0837949 0.469674 0.878854
0.0516433 0.256641 0.123945 -0.0577578 -0.878184 0.474823
0.0596627 0.389833 -0.326449 0.22961 0.849123 -0.475678
-0.116641 -0.345483 0.21143 0.0666759 0.405933 0.911467
0.103938 0.214897 0.00555066 0.22961 0.849123 -0.475678
-0.0285547 -0.109967 0.25443 -0.635646 0.500935 0.587382
-0.0940962 -0.42904 0.225516 -0.158477 -0.507303 0.84707
-0.0347309 -0.0725602 0.148147 0.140517 -0.878712 0.456201
0.0813756 0.322023 -0.0397848 -0.139923 -0.67189 -0.727314
-0.0855137 -0.288629 -0.0758086 0.22961 0.849123 -0.475678
0.114466 0.232694 -0.266093 0.969669 -0.241654 0.0366893
0.018649 0.163468 -0.179888 -0.22961 -0.849123 0.475678
0.0712659 0.301688 -0.43698 -0.0837949 -0.469674 -0.878854
0.098904 0.340572 0.00508502 -0.872025 0.39654 0.28693
-0.0120463 0.182726 0.02282 -0.969669 0.241652 -0.036691
0.101995 0.207685 -0.101228 0.969669 -0.241653 0.0366897
0.102225 0.190911 -0.217785 0.969669 -0.241653 0.0366896
-0.0140568 -0.068862 0.183009 -0.982716 -0.107149 0.15096
-0.0749777 -0.0571524 0.106094 -0.969669 0.241653 -0.0366895
-0.0443474 -0.354521 -0.0752678 -0.0837949 -0.469674 -0.878854
-0.0358753 -0.317955 0.0804757 0.969669 -0.241653 0.0366896
-0.124457 -0.525216 0.0535037 -0.22961 -0.849123 0.475678
0.0270104 -0.0401703 0.248069 0.969669 -0.241653 0.0366896
0.124875 0.31557 0.00466947 0.969669 -0.241653 0.0366899
0.137601 0.311292 -0.359857 0.969669 -0.241653 0.0366896
0.0352667 0.119143 -0.250991 -0.22961 -0.849123 0.475678
-0.0316366 -0.0152445 0.0525522 -0.0837916 -0.469675 -0.878854
-0.0346048 0.103192 0.0951708 -0.969669 0.241653 -0.0366896
0.115005 0.241971 -0.219231 0.969669 -0.241653 0.0366897
-0.0319796 -0.0301368 0.285426 0.683698 0.614522 -0.393599
-0.132675 -0.272494 0.212643 -0.969669 0.241653 -0.0366896
0.0215471 0.0643391 0.23252 0.0837954 0.469674 0.878854
-0.107291 -0.344021 -0.0748775 -0.0837949 -0.469674 -0.878854
0.0437272 0.0792084 0.222458 0.0837964 0.469674 0.878854
-0.0222496 0.147027 0.0573537 -0.969669 0.241653 -0.0366896
-0.0469821 -0.380653 -0.0389426 0.969669 -0.241653 0.0366896
-0.0532175 -0.252466 0.240021 0.218076 0.787558 -0.576364
0.116339 0.251661 -0.190676 0.969668 -0.241656 0.0366897
2.08716e-05 -0.14857 0.247409 0.969669 -0.241653 0.0366896
-0.0239033 -0.157265 0.350041 0.22961 0.849123 -0.475678
0.0490138 0.317115 0.094813 0.0837949 0.469674 0.878854
-0.0332255 -0.226173 0.0609196 0.22961 0.849123 -0.475678
-0.148453 -0.374335 -0.0411319 -0.969669 0.241653 -0.0366896
-0.132062 -0.27986 0.147938 -0.969669 0.241652 -0.036689
-0.00475071 -0.166965 0.252361 0.969669 -0.241653 0.0366896
0.0530151 0.391472 -0.321803 -0.969669 0.241653 -0.0366896
0.0321496 -0.0343114 0.150834 0.969669 -0.241653 0.0366897
0.0411409 0.390482 -0.0144981 -0.969669 0.241654 -0.0366909
-0.0439259 -0.29493 -0.0669818 0.22961 0.849123 -0.475678
-0.00476602 -0.182192 0.152473 0.969669 -0.241653 0.0366896
0.0650696 0.102806 0.17142 0.908005 -0.399304 0.126821
-0.150981 -0.356515 0.220427 0.0837949 0.469675 0.878854
-0.119125 -0.240539 0.0649907 -0.969669 0.241653 -0.0366896
-0.0363252 -0.263893 0.298522 -0.22961 -0.849123 0.475678
-0.0743484 -0.457851 0.175865 0.969669 -0.241653 0.0366897
0.0458085 0.363751 -0.31392 -0.969669 0.241653 -0.0366896
-0.119096 -0.253163 -0.0189003 -0.969669 0.241653 -0.0366896
0.0873023 0.357041 -0.0145442 0.0837938 0.469675 0.878854
0.110912 0.229565 -0.192775 0.969669 -0.241653 0.0366897
-0.0393092 -0.348544 -0.0302466 0.969668 -0.241655 0.0366886
-0.0584388 0.011407 0.120547 -0.969669 0.241652 -0.036691
-0.0996592 -0.212073 0.255423 0.0739014 0.146777 -0.986405
0.0736189 0.360892 -0.00666192 0.860011 0.0518241 0.507637
0.010702 0.284414 0.0913652 -0.969669 0.241653 -0.0366896
-0.132676 -0.304484 0.00198497 -0.969669 0.241653 -0.0366896
-0.0586497 -0.288619 0.243608 -0.22961 -0.849123 0.475678
0.0682886 0.116501 0.189028 0.969669 -0.241653 0.0366896
0.0537506 0.347794 0.004476 -0.22961 -0.849123 0.475678
0.01052 -0.103939 0.26389 0.969669 -0.241653 0.0366896
0.00381163 0.186632 -0.369061 -0.0837949 -0.469674 -0.878854
-0.0273209 0.147212 0.1926 -0.969669 0.241653 -0.0366897
-0.0158965 -0.0730096 0.169643 -0.947137 -0.236561 0.216728
0.0435445 0.347814 -0.359053 -0.969669 0.241653 -0.0366896
0.117043 0.401735 -0.277506 0.22961 0.849123 -0.475678
-0.0211629 0.143633 0.00627595 -0.969669 0.241653 -0.0366895
0.0882561 0.151377 0.0976498 0.244042 0.965554 -0.0902668
-0.0377027 -0.316085 0.141081 0.969668 -0.241655 0.0366916
-0.0782786 -0.494571 0.0378846 0.969669 -0.241653 0.0366941
-0.0739224 -0.4597 -0.0162381 -0.0837949 -0.469674 -0.878854
-0.0646999 -0.00538192 0.175443 -0.969669 0.241653 -0.0366903
0.0351668 0.341117 -0.0164138 -0.22961 -0.849123 0.475678
-0.0802763 -0.4878 0.135277 0.969669 -0.241653 0.0366897
-0.0636147 -0.421295 0.132957 0.969668 -0.241656 0.0366885
0.0811315 0.0927107 -0.307086 0.969669 -0.241653 0.0366896
-0.000128106 0.244897 0.117314 -0.969669 0.241653 -0.0366897
-0.133542 -0.281341 0.177295 -0.969669 0.241653 -0.0366896
0.150438 0.373859 -0.287034 0.969669 -0.241653 0.0366896
-0.0570063 -0.400088 0.0979782 0.96967 -0.24165 0.0366901
-0.129858 -0.378824 -0.0541264 -0.0837949 -0.469674 -0.878854
-0.0496085 -0.375507 0.0539707 -0.240672 -0.91778 0.315844
0.0102745 0.282586 0.0906164 -0.969669 0.241653 -0.0366896
-0.0772363 -0.0483489 0.22377 -0.969669 0.241653 -0.0366897
-0.014354 0.104885 -0.300394 -0.22961 -0.849123 0.475678
0.0625294 0.380958 -0.340907 0.22961 0.849123 -0.475678
-0.123512 -0.278067 -0.0662385 -0.969669 0.241653 -0.0366896
0.097255 0.161973 -0.00446636 0.969669 -0.241653 0.0366896
-0.103022 -0.151154 0.228143 -0.969669 0.241653 -0.0366897
-0.111439 -0.396424 0.0433434 0.137862 0.664679 0.7343
0.0460043 0.377016 -0.231729 -0.969669 0.241653 -0.03669
-0.104317 -0.241907 0.19515 0.198275 0.865461 0.460069
0.00377511 0.256832 0.0927643 -0.969669 0.241653 -0.0366896
-0.0424353 -0.349305 0.0473632 0.969669 -0.241653 0.0366896
0.0702231 0.121466 -0.03022 -0.0837949 -0.469674 -0.878854
-0.0995558 -0.405231 0.0523969 0.217597 0.921837 0.320731
0.0938074 0.151021 -0.258044 0.969669 -0.241653 0.0366896
-0.038296 0.105248 0.206266 -0.969669 0.241653 -0.0366897
0.124258 0.354813 0.0510389 -0.229612 -0.849122 0.475679
-0.0751789 -0.371738 0.221334 0.0837949 0.469675 0.878854
-0.166065 -0.426204 0.0827278 -0.969669 0.241653 -0.0366897
-0.153047 -0.370756 0.227457 0.0433073 0.317594 0.947237
0.0052707 0.207785 -0.269807 -0.969669 0.241653 -0.0366896
0.0717448 0.282502 0.111144 0.0837949 0.469674 0.878854
0.0971628 0.320134 -0.00068323 0.229623 0.849125 -0.475668
-0.0969917 -0.385951 -0.0534514 -0.0837949 -0.469674 -0.878854
0.0995953 0.324837 -0.0483841 -0.192618 -0.847901 -0.493924
-0.0498171 0.0433284 0.102932 -0.969669 0.241652 -0.0366909
-0.0297207 -0.254934 0.0112718 0.22961 0.849123 -0.475678
-0.104866 -0.192927 0.38206 0.0837949 0.469675 0.878854
0.0454771 0.190619 0.00339685 -0.394484 -0.794268 0.462083
0.00680465 -0.00688246 0.0444182 -0.0837946 -0.469674 -0.878854
-0.183886 -0.503936 0.0628045 -0.22961 -0.849123 0.475678
-0.111088 -0.198872 0.127043 -0.969669 0.241653 -0.0366895
-0.0617541 -0.144122 0.294351 0.824651 -0.429312 -0.368296
-0.0244637 -0.286967 -0.0170259 0.969669 -0.241653 0.0366896
-0.0682028 -0.0287232 0.114286 -0.969669 0.241653 -0.0366895
0.123757 0.253696 -0.37331 0.969669 -0.241653 0.0366896
-0.0733793 -0.400848 -0.0477413 -0.0837949 -0.469674 -0.878854
0.114054 0.311119 -0.0361366 -0.129796 -0.636284 -0.760458
-0.106361 -0.229105 0.326815 -0.229609 -0.849123 0.475678
-0.00644431 -0.0289907 0.261544 -0.994268 -0.0193656 0.105148
-0.0390892 -0.221416 0.373013 -0.229605 -0.849127 0.475673
0.0181422 0.275968 0.119746 0.0837949 0.469674 0.878854
0.108564 0.244851 0.127754 0.0837953 0.469674 0.878854
0.0607115 0.219321 0.0776745 -0.947134 -0.23657 0.216732
0.107472 0.188529 -0.372141 0.969669 -0.241653 0.0366896
-0.106581 -0.371915 -0.0600383 -0.0837949 -0.469674 -0.878854
-0.086559 -0.0948827 0.163666 -0.969669 0.241653 -0.0366895
0.0565432 0.132375 -0.345093 -0.0837949 -0.469674 -0.878854
-0.0316814 -0.209579 0.383981 0.0837949 0.469675 0.878854
0.0485346 0.350362 -0.40228 0.22961 0.849123 -0.475678
-0.0326802 -0.150068 0.124703 -0.0837949 -0.469675 -0.878854
0.093935 0.239618 -0.280272 0.156948 0.500514 -0.851383
0.040395 0.0036451 0.0355894 -0.0837949 -0.469674 -0.878854
-0.0926703 -0.262944 0.273019 -0.22961 -0.849123 0.475678
0.061892 0.158083 -0.168629 -0.22961 -0.849123 0.475678
-0.11164 -0.179286 0.270623 -0.969669 0.241653 -0.0366898
0.00694344 0.176341 -0.162561 -0.22961 -0.849123 0.475678
0.0590826 0.403534 -0.0382663 0.22961 0.849123 -0.475678
0.0165451 0.152633 -0.0417584 -0.0837946 -0.469675 -0.878854
-0.042996 0.068218 0.0865908 -0.969669 0.241653 -0.0366898
0.0488407 0.385832 -0.248623 -0.969669 0.241653 -0.0366912
-0.104089 -0.150088 0.263368 -0.969669 0.241653 -0.0366897
0.0224484 -0.0372519 0.0591566 -0.0837949 -0.469674 -0.878854
0.040996 -0.0141486 0.0498354 0.969669 -0.241653 0.0366897
-0.127086 -0.348926 0.214092 0.0837949 0.469675 0.878854
-0.126599 -0.253917 0.17443 -0.969669 0.241652 -0.036689
-0.0412087 -0.243273 0.332973 -0.22961 -0.849123 0.475678
-0.0845568 -0.0660774 0.300474 -0.969669 0.241653 -0.0366897
0.0649097 0.107511 0.18781 0.926663 -0.361048 0.104597
0.124008 0.251425 -0.394923 0.969669 -0.241653 0.0366896
0.100293 0.191677 -0.161667 0.969669 -0.241653 0.0366896
-0.0886587 -0.366911 0.0499672 -0.231628 -0.860575 0.453607
-0.144112 -0.384697 0.0766265 0.156948 0.500514 -0.851383
-0.150577 -0.358596 0.11868 -0.96967 0.241648 -0.0366887
-0.117806 -0.358487 0.0514604 -0.240672 -0.91778 0.315844
0.0454841 0.342852 0.0149253 0.229609 0.849123 -0.475678
0.0232352 0.328547 0.0508016 -0.969669 0.241653 -0.0366896
-0.0506566 -0.328734 0.210634 -0.0865238 -0.198979 0.976177
-0.0783567 -0.049393 0.246503 -0.969669 0.241653 -0.0366897
0.0110726 0.101551 -0.0139376 -0.0837994 -0.469673 -0.878854
-0.0856093 -0.518751 0.0723687 0.969669 -0.241653 0.0366897
0.0704652 0.09067 -0.324132 -0.0837949 -0.469674 -0.878854
0.0440945 0.284186 -0.425036 -0.0837949 -0.469674 -0.878854
0.0441236 0.153641 -0.00488254 -0.469471 0.79655 -0.380928
0.101607 0.415779 -0.252836 0.244382 0.961259 -0.127512
-0.151858 -0.428434 0.211538 -0.211902 -0.756316 0.618938
0.110677 0.235792 -0.145552 0.969669 -0.241653 0.0366897
-0.0355977 0.110679 0.170725 -0.969669 0.241653 -0.0366897
-0.0387786 -0.254905 0.00695094 0.22961 0.849123 -0.475678
-0.160053 -0.451328 -0.0125004 -0.0837949 -0.469674 -0.878854
-0.114581 -0.308472 -0.0931802 -0.0837949 -0.469674 -0.878854
-0.0222112 0.161827 0.153815 -0.969669 0.241653 -0.0366897
-0.0298498 -0.274702 0.206105 0.969668 -0.241655 0.0366919
0.062601 0.067944 0.0195324 0.969669 -0.241653 0.0366916
-0.0627676 -0.238449 0.182098 0.106163 0.551606 0.827321
0.0187287 -0.0909092 0.132759 0.969669 -0.241653 0.0366897
0.0352859 0.177134 -0.0566388 -0.0837949 -0.469675 -0.878854
0.0279537 0.108795 -0.0194185 -0.0837998 -0.469674 -0.878854
0.143456 0.350514 -0.256254 0.969669 -0.241653 0.0366905
-0.128442 -0.296886 -0.0598917 -0.969669 0.241653 -0.0366896
0.00343637 0.0182265 0.25889 0.0837943 0.469675 0.878854
-0.157606 -0.39372 0.0731191 -0.969669 0.241653 -0.0366897
0.0978977 0.265553 -0.315012 -0.183124 -0.618835 0.763877
0.0418362 0.400516 0.0332124 -0.969669 0.241653 -0.0366897
0.00100584 0.206308 -0.166817 -0.969669 0.241653 -0.0366896
0.0285528 0.332057 -0.0125172 0.229609 0.849123 -0.475678
0.0758589 0.142368 0.159327 0.969669 -0.241652 0.0366899
-0.118112 -0.19975 0.306877 -0.969669 0.241653 -0.0366896
-0.0558433 0.0249786 0.141338 -0.969669 0.241653 -0.0366896
-0.0741809 -0.15434 0.358513 0.0837949 0.469675 0.878854
0.0356738 0.351956 -0.123759 -0.969669 0.241653 -0.0366896
0.0352026 0.346388 -0.0719424 -0.242763 -0.969635 0.0295746
0.0639213 0.205056 -0.384638 -0.0837949 -0.469674 -0.878854
0.0897518 0.142401 -0.207634 0.969669 -0.241653 0.0366896
-0.0913359 -0.107836 0.204597 -0.969669 0.241653 -0.0366903
-0.0105454 -0.205068 0.15455 0.969669 -0.241653 0.0366896
-0.0212686 -0.0884488 0.179135 -0.595218 0.730923 -0.333866
-0.05678 0.0361692 0.2398 -0.969669 0.241653 -0.0366897
-0.0284677 -0.240986 0.343206 -0.22961 -0.849123 0.475678
-0.0338726 0.0143109 0.0369704 -0.083795 -0.469674 -0.878854
0.107065 0.228282 -0.099556 0.969669 -0.241653 0.0366897
0.0986024 0.175953 0.0519959 0.969669 -0.241653 0.0366896
0.0908365 0.341447 0.077822 0.0837949 0.469674 0.878854
-0.142072 -0.351235 0.0559191 -0.243754 -0.967152 0.0721139
0.128903 0.308634 -0.147479 0.969669 -0.241653 0.0366897
0.135655 0.36216 0.0266074 0.969669 -0.241653 0.0366897
-0.00198722 0.178106 -0.273461 -0.969669 0.241653 -0.0366896
-0.0975263 -0.249143 -0.0111213 0.22961 0.849123 -0.475678
0.00849388 0.196262 0.163263 0.0837949 0.469674 0.878854
0.0285453 0.256561 -0.40879 -0.0837949 -0.469674 -0.878854
-0.164604 -0.431095 0.0118753 -0.969669 0.241653 -0.0366896
-0.0490832 -0.0751874 0.0862501 -0.083795 -0.469674 -0.878854
-0.0855757 -0.127155 0.117502 -0.083795 -0.469674 -0.878854
-0.162885 -0.402197 0.227301 -0.108514 -0.291115 0.950514
0.0352401 0.319834 -0.323863 -0.969669 0.241653 -0.0366896
0.0173688 0.118623 0.203908 0.0838054 0.469672 0.878854
0.104963 0.202344 -0.214828 0.969669 -0.241653 0.0366896
-0.104232 -0.513572 0.0154419 -0.0837949 -0.469674 -0.878854
-0.0229237 0.137771 0.0142059 -0.969669 0.241653 -0.0366895
-0.0856684 -0.391882 0.0815436 0.0834014 0.186022 -0.979
0.0154895 0.270769 -0.12504 -0.969669 0.241653 -0.0366896
-0.0830622 -0.515321 0.0276355 0.969669 -0.241653 0.0366896
-0.0293414 -0.265818 0.217439 0.240587 0.970127 0.0311768
0.129417 0.33081 -0.0149948 0.969669 -0.241653 0.0366897
0.0455021 0.026482 0.198352 0.969669 -0.241653 0.0366897
-0.0428457 -0.356448 -0.0743811 -0.0837949 -0.469674 -0.878854
-0.0817432 -0.173429 0.234776 -0.192618 -0.847901 -0.493925
-0.122694 -0.370794 0.0791453 -0.0486347 -0.337863 -0.939938
-0.121857 -0.223503 0.249415 -0.969669 0.241652 -0.0366896
-0.137017 -0.328442 -0.0410935 -0.96967 0.241647 -0.0366933
0.0899139 0.127002 -0.345403 -0.0837949 -0.469674 -0.878854
0.114258 0.256709 -0.102433 0.969668 -0.241658 0.0366898
0.0760407 0.279295 0.112448 0.0837948 0.469674 0.878854
-0.0163773 -0.172615 0.303011 -0.22961 -0.849123 0.475678
0.138624 0.367898 -0.0140521 0.969667 -0.241658 0.0366954
