ply
format ascii 1.0
comment Created by Open3D
element vertex 128
property double x
property double y
property double z
property double nx
property double ny
property double nz
end_header
-0.0171677 -0.380066 -0.0160345 0.58929 -0.557282 0.584956
0.205479 0.0247599 0.142055 -0.58929 0.557282 -0.584956
0.31356 -0.113358 -0.0951225 0.58929 -0.557282 0.584956
0.164438 -0.161224 -0.331432 0.782249 0.212491 -0.585606
0.213034 0.0108396 0.12447 0.58929 -0.557282 0.584956
0.202902 0.165936 0.279149 -0.58929 0.557282 -0.584956
0.257511 -0.25839 -0.176829 0.58929 -0.557282 0.584956
-0.354595 -0.309104 -0.252665 -0.20205 -0.802673 -0.561152
-0.103588 -0.0850417 0.320073 0.782249 0.212491 -0.585606
0.214103 -0.106899 0.0112246 0.58929 -0.557282 0.584956
0.0871849 0.465852 0.140601 0.0389212 -0.579097 0.814329
-0.387145 -0.328967 -0.209105 0.20205 0.802673 0.561152
-0.191889 -0.173687 -0.300915 -0.58929 0.557282 -0.584956
-0.232056 -0.319544 -0.303137 -0.878754 0.401549 -0.257971
0.0561011 0.470111 0.0658844 0.58929 -0.557282 0.584956
-0.00274149 -0.0828016 -0.40159 0.58929 -0.557282 0.584956
-0.189928 0.0311051 0.246884 0.782249 0.212491 -0.585606
-0.330313 -0.0905667 0.0152105 0.782249 0.212491 -0.585606
-0.094289 0.267701 0.460489 0.782249 0.212491 -0.585606
-0.246293 -0.0432378 -0.118543 0.58929 -0.557282 0.584956
-0.0464944 0.43133 0.222249 0.202049 0.802674 0.561151
0.0431661 -0.206504 -0.506573 -0.782249 -0.212491 0.585606
0.230293 -0.392365 -0.324051 -0.782249 -0.212491 0.585606
0.135547 0.155767 -0.255002 0.782249 0.212491 -0.585606
-0.0047167 0.331726 -0.00468432 0.58929 -0.557282 0.584956
0.115722 -0.296991 -0.439335 -0.202049 -0.802673 -0.561152
-0.0579508 0.438533 0.216072 0.202049 0.802674 0.561152
0.344739 0.140047 0.111597 -0.58929 0.557282 -0.584956
-0.18665 -0.52854 0.000747335 -0.202048 -0.802675 -0.561151
-0.186523 0.179295 0.0299615 -0.58929 0.557282 -0.584956
0.24492 0.054303 -0.142435 -0.782249 -0.212491 0.585606
0.053378 0.0874852 0.358328 0.58929 -0.557282 0.584956
0.276285 0.155317 -0.0638846 -0.782249 -0.212491 0.585606
-0.203272 -0.421226 -0.166723 0.71135 0.273551 -0.647419
-0.0764843 0.114146 -0.139672 0.58929 -0.557282 0.584956
-0.200287 0.153943 0.277619 0.782249 0.212491 -0.585606
-0.138563 0.0916358 -0.101865 -0.58929 0.557282 -0.584956
0.313324 0.257372 0.258306 0.58929 -0.557282 0.584956
0.294967 0.30288 0.01133 0.782249 0.212491 -0.585606
0.304058 0.43389 0.0710124 0.782249 0.212491 -0.585606
0.323984 -0.0995807 -0.0924982 0.58929 -0.557282 0.584956
0.0465635 0.26244 -0.122353 0.58929 -0.557282 0.584956
0.110591 0.0362996 0.24864 -0.58929 0.557282 -0.584956
0.0852588 0.153503 -0.265118 0.58929 -0.557282 0.584956
0.0868032 0.0478052 -0.356005 -0.782249 -0.212491 0.585606
-0.0213335 0.0165953 -0.288166 0.58929 -0.557282 0.584956
-0.147321 0.321124 0.125589 -0.58929 0.557282 -0.584956
0.151278 -0.133366 -0.338903 0.782249 0.212491 -0.585606
0.123705 -0.306479 -0.0878454 0.58929 -0.557282 0.584956
-0.139778 -0.0376513 -0.223812 -0.58929 0.557282 -0.584956
0.0141498 -0.196934 -0.530627 -0.58929 0.557282 -0.584956
-0.180711 0.410435 0.300464 0.202049 0.802673 0.561152
-0.00768755 -0.0871653 -0.400765 0.58929 -0.557282 0.584956
0.0266807 0.222162 -0.140695 0.58929 -0.557282 0.584956
-0.31943 0.120522 0.107862 -0.58929 0.557282 -0.584956
-0.193571 -0.402206 0.0880716 -0.782249 -0.212491 0.585606
0.116748 0.396736 -0.0684028 -0.58929 0.557282 -0.584956
0.00742004 -0.245804 0.087106 0.58929 -0.557282 0.584956
0.187913 0.521126 -0.0183029 0.58929 -0.557282 0.584956
-0.267253 -0.458056 -0.0339008 0.782249 0.212491 -0.585606
0.0578401 0.101524 0.36392 -0.58929 0.557282 -0.584956
-0.0773334 0.22613 -0.0321305 0.58929 -0.557282 0.584956
-0.180294 -0.166709 -0.305948 -0.58929 0.557282 -0.584956
-0.249555 0.0710118 -0.00969977 -0.58929 0.557282 -0.584956
-0.295301 0.124474 0.140008 0.782249 0.212491 -0.585606
0.21524 -0.311098 -0.317954 0.782249 0.212491 -0.585606
0.101462 -0.405723 -0.275242 0.20205 0.802672 0.561154
0.140714 0.37048 -0.11756 -0.58929 0.557282 -0.584956
-0.114283 0.30875 0.418569 -0.20205 -0.802673 -0.561152
0.108624 -0.121734 0.100065 -0.58929 0.557282 -0.584956
-0.330286 -0.362239 -0.0800482 -0.782249 -0.212491 0.585606
-0.274947 -0.0187806 0.118499 -0.782249 -0.212491 0.585606
-0.0966658 0.0588947 0.381547 0.782249 0.212491 -0.585606
-0.0944391 0.0510343 0.381669 0.782249 0.212491 -0.585606
-0.0925582 -0.499684 -0.0744084 -0.202049 -0.802673 -0.561152
-0.241349 -0.398139 -0.166084 -0.20205 -0.802673 -0.561152
0.315903 0.0249042 0.0309502 -0.58929 0.557282 -0.584956
0.112571 -0.312271 -0.412916 0.202049 0.802673 0.561152
0.196984 0.242927 -0.138024 -0.782249 -0.212491 0.585606
0.194427 -0.160213 -0.0230323 -0.58929 0.557282 -0.584956
-0.339109 -0.0212527 -0.00409355 0.58929 -0.557282 0.584956
-0.135973 0.310471 0.107294 0.58929 -0.557282 0.584956
0.218353 0.424114 0.182861 0.778953 0.215593 -0.588856
0.00942089 0.335304 0.38577 -0.590097 -0.357512 0.723858
-0.0119918 -0.379349 -0.0238532 -0.58929 0.557282 -0.584956
0.108247 -0.127555 0.0981865 0.58929 -0.557282 0.584956
-0.189702 -0.00599432 0.233724 0.782249 0.212491 -0.585606
-0.171338 -0.309428 -0.381932 -0.460626 0.583524 -0.668822
0.175235 0.149444 0.291308 -0.58929 0.557282 -0.584956
0.403253 0.283143 0.1521 -0.782249 -0.212491 0.585606
0.296002 0.300511 0.0118532 0.782249 0.212491 -0.585606
-0.0266138 -0.29969 -0.384224 -0.20205 -0.802673 -0.561152
-0.0016869 0.357025 0.0163655 0.58929 -0.557282 0.584956
-0.0902315 -0.081909 0.338334 -0.58929 0.557282 -0.584956
-0.38956 -0.172846 -0.0937879 0.782249 0.212491 -0.585606
-0.0107292 0.139906 0.469564 -0.58929 0.557282 -0.584956
-0.233239 -0.151213 0.126159 -0.782249 -0.212491 0.585606
-0.00349141 -0.464106 -0.175656 0.597971 -0.554879 0.578394
0.245757 -0.249641 -0.156653 0.58929 -0.557282 0.584956
-0.230363 -0.150417 0.127006 0.782249 0.212491 -0.585606
-0.200322 0.417533 0.293944 -0.20205 -0.802673 -0.561152
0.309096 0.126505 0.134602 -0.58929 0.557282 -0.584956
0.359664 0.037815 0.00157167 0.782249 0.212491 -0.585606
0.126806 -0.415908 -0.19522 0.58929 -0.557282 0.584956
0.192709 0.229374 -0.151937 0.782249 0.212491 -0.585606
-0.146938 -0.0363165 -0.212039 0.58929 -0.557282 0.584956
0.00363594 0.163573 0.480927 0.58929 -0.557282 0.584956
-0.112731 -0.286805 0.169087 0.58929 -0.557282 0.584956
-0.393896 -0.222476 -0.114305 -0.782249 -0.212491 0.585606
0.207585 0.525506 -0.0213288 -0.782249 -0.212491 0.585606
-0.167355 0.19782 0.337531 0.782249 0.212491 -0.585606
0.199213 0.303018 0.345883 -0.673168 0.529987 -0.515712
0.133689 -0.269433 -0.0626096 0.58929 -0.557282 0.584956
0.396171 0.28129 0.138685 0.782249 0.212491 -0.585606
0.108127 0.212559 0.419043 -0.58929 0.557282 -0.584956
-0.104386 -0.209893 -0.423559 -0.58929 0.557282 -0.584956
-0.262806 -0.28738 0.0339705 0.782249 0.212491 -0.585606
0.0836808 0.0111018 0.255031 0.58929 -0.557282 0.584956
0.0603246 -0.236478 0.0426936 0.58929 -0.557282 0.584956
0.193358 -0.0160441 -0.240121 0.782249 0.212491 -0.585606
0.0237544 0.322514 0.389181 -0.480648 -0.417953 0.770904
-0.280864 -0.263393 0.0218362 -0.782249 -0.212491 0.585606
-0.155153 -0.161108 0.226875 -0.782249 -0.212491 0.585606
-0.266005 0.312961 0.240663 0.58929 -0.557282 0.584956
0.0974908 0.0145908 -0.357064 0.782249 0.212491 -0.585606
-0.129696 -0.410413 0.0684166 0.58929 -0.557282 0.584956
-0.296565 -0.168047 -0.19009 -0.58929 0.557282 -0.584956
-0.00387295 -0.139431 0.199823 0.58929 -0.557282 0.584956
