ply
format ascii 1.0
comment Created by Open3D
element vertex 512
property double x
property double y
property double z
property double nx
property double ny
property double nz
end_header
0.355113 -0.231639 -0.418531 0.696673 -0.716503 0.0356539
0.083336 -0.488608 -0.27211 0.696673 -0.716503 0.0356539
0.328169 -0.0595222 0.316645 -0.597242 -0.551745 0.582134
0.0384372 0.0432842 0.121066 -0.726175 0.687484 -0.00590125
-0.383018 -0.51775 -0.100624 -0.584289 -0.537878 0.607696
0.0145415 0.490588 -0.303407 0.597242 0.551745 -0.582134
-0.117382 0.44413 0.0435368 -0.696673 0.716503 -0.0356539
-0.341737 0.221856 -0.0394326 -0.696673 0.716503 -0.0356539
-0.0575029 0.142365 0.112312 -0.597242 -0.551745 0.582134
-0.0109823 -0.00734613 -0.557244 -0.397429 -0.426851 -0.812311
-0.0956381 -0.482901 0.140965 -0.584289 -0.537878 0.607696
0.0627923 0.57225 -0.172245 0.306492 0.772641 -0.555958
-0.47978 0.080391 -0.184981 -0.696673 0.716503 -0.0356538
0.416966 0.399386 0.186393 -0.232326 0.813688 0.532857
-0.165951 0.377243 -0.3516 -0.696673 0.716503 -0.0356539
-0.0663908 -0.606821 0.0346539 0.189759 -0.895778 0.401962
-0.368806 0.0223439 0.161521 0.397429 0.426851 0.812311
0.239755 -0.013829 -0.550433 0.597242 0.551745 -0.582134
0.288639 -0.180092 -0.610631 -0.190032 -0.23224 -0.953914
0.49708 0.0734637 -0.203694 0.597242 0.551745 -0.582134
-0.390795 -0.0658758 -0.340662 -0.397429 -0.426851 -0.812311
0.0171631 0.573098 0.00628368 -0.696673 0.716503 -0.0356539
0.0674101 0.475457 -0.263507 0.597242 0.551745 -0.582134
0.106224 -0.123849 0.0954181 -0.47826 -0.659091 0.580401
0.216646 0.426566 0.236331 0.397429 0.426851 0.812311
-0.0831419 0.318533 0.25298 -0.597242 -0.551745 0.582134
0.502608 -0.0703965 -0.0602297 0.696673 -0.716503 0.0356539
0.252971 -0.257318 0.0517033 -0.535264 -0.611187 0.583046
0.627555 0.20967 0.0592627 0.597242 0.551745 -0.582134
-0.504621 -0.194081 0.00337317 -0.584289 -0.537878 0.607695
-0.203454 -0.357966 0.21345 -0.584289 -0.537878 0.607696
-0.0371497 -0.469133 -0.301783 -0.397429 -0.426851 -0.812311
0.350636 0.271464 0.301329 0.397429 0.426851 0.812311
0.391497 0.427192 0.0232453 0.597242 0.551745 -0.582134
0.152733 0.110299 0.366058 -0.597242 -0.551745 0.582134
-0.0613903 0.481974 -0.290017 -0.696673 0.716503 -0.0356539
0.0733619 -0.486554 -0.0359398 0.696673 -0.716503 0.0356539
-0.238182 -0.4933 -0.233266 -0.00224737 -0.724643 -0.689121
0.349388 -0.146736 -0.563923 0.597242 0.551745 -0.582134
0.629544 0.0596716 0.0733058 0.696673 -0.716503 0.0356539
-0.102552 -0.342494 -0.385356 -0.38012 -0.444398 -0.811184
0.202494 -0.296249 -0.509877 -0.397429 -0.426851 -0.812311
0.0487828 0.30079 -0.448167 0.597242 0.551745 -0.582134
0.36109 -0.218772 -0.276748 0.696673 -0.716503 0.0356539
0.411255 -0.0187478 -0.379145 0.597242 0.551745 -0.582134
-0.0874351 0.0814944 0.0270882 -0.442432 -0.390003 0.807559
0.42639 -0.0842584 0.381397 -0.259444 -0.205398 0.943663
-0.352449 0.161593 -0.472611 -0.689193 -0.0182142 -0.724348
0.424418 -0.155966 -0.252004 0.696673 -0.716503 0.0356539
-0.145275 -0.425699 -0.297632 0.37632 -0.833715 -0.404106
0.549562 -0.0277446 -0.120562 0.696673 -0.716503 0.0356539
0.343503 0.107765 -0.328747 0.597242 0.551745 -0.582134
0.360124 -0.100917 -0.509483 0.597242 0.551745 -0.582134
-0.100613 0.197272 0.120124 -0.597242 -0.551745 0.582134
0.0230765 -0.536847 -0.0640542 0.696673 -0.716503 0.0356539
-0.506938 0.0590997 -0.0821765 -0.696673 0.716503 -0.0356538
-0.0252538 -0.11027 -0.545228 -0.397429 -0.426851 -0.812311
-0.134298 0.435539 0.201417 -0.696673 0.716503 -0.0356539
0.152823 0.0873562 -0.543719 0.597242 0.551745 -0.582134
0.169239 0.565717 0.186405 0.397429 0.426851 0.812311
0.514163 -0.043219 0.260156 0.696673 -0.716503 0.0356539
0.258048 0.203096 -0.326064 0.597242 0.551745 -0.582134
0.326075 -0.263718 -0.495795 0.696673 -0.716503 0.0356539
0.479819 0.226578 -0.0762822 0.597242 0.551745 -0.582134
0.20504 -0.107939 -0.622108 0.573442 -0.801191 -0.171047
-0.0792534 -0.102161 -0.483469 -0.759768 0.62176 -0.19018
0.326135 -0.237804 0.0238034 0.696673 -0.716503 0.0356539
0.487649 0.408982 0.161283 0.493932 0.51511 0.700495
0.2181 -0.34595 -0.0385197 0.696673 -0.716503 0.0356539
-0.448892 0.113943 -0.114274 -0.696673 0.716503 -0.0356538
-0.259892 0.29904 -0.0875808 -0.696673 0.716503 -0.0356539
-0.2411 -0.182109 -0.352823 -0.397429 -0.426851 -0.812311
0.0534285 -0.0667139 0.0964038 -0.597242 -0.551745 0.582134
-0.383596 0.16744 -0.315065 -0.696673 0.716503 -0.0356538
0.422266 -0.166046 -0.412528 0.696673 -0.716503 0.0356539
0.274028 -0.100604 0.222162 -0.597242 -0.551745 0.582134
-0.535569 -0.076987 0.0772588 -0.584289 -0.537878 0.607695
-0.33473 0.215937 -0.295293 -0.696673 0.716503 -0.0356538
0.0836195 0.000978916 -0.653462 -0.155151 -0.199007 -0.967638
-0.598137 -0.029112 -0.0728805 -0.696673 0.716503 -0.0356538
-0.251404 0.310775 -0.0176091 -0.696673 0.716503 -0.0356539
-0.0555219 0.508749 0.133374 -0.696673 0.716503 -0.0356539
0.536373 0.298353 0.195443 0.510952 0.297732 0.806402
0.485161 -0.0993904 -0.325111 0.8106 -0.578208 -0.0927566
-0.246288 -0.105479 0.168746 0.397429 0.426851 0.812311
-0.173946 0.00727885 -0.485198 -0.397429 -0.426851 -0.812311
0.0547779 0.279553 0.355521 -0.495653 -0.444815 0.745968
-0.000242682 0.28846 -0.510151 0.597242 0.551745 -0.582134
0.0405716 -0.348518 0.15611 0.397429 0.426851 0.812311
0.278832 0.36351 0.23904 0.397429 0.426851 0.812311
-0.46055 -0.347479 -0.158557 -0.397429 -0.426851 -0.812311
0.0269363 0.581193 0.22986 -0.304695 0.827462 0.471664
0.517626 -0.0466882 -0.280687 0.907284 -0.0502114 -0.41751
0.392036 0.098598 0.32286 0.397429 0.426851 0.812311
0.373293 0.224934 -0.187131 0.597242 0.551745 -0.582134
0.446779 -0.110819 0.218325 0.696673 -0.716503 0.0356539
0.099291 0.31853 -0.379534 0.597242 0.551745 -0.582134
-0.405167 -0.357666 -0.0457949 -0.584289 -0.537878 0.607695
-0.213356 -0.608125 -0.1421 -0.466839 -0.490534 -0.735824
0.689268 0.119425 0.107128 0.696673 -0.716503 0.0356539
-0.291529 0.0126954 0.128783 0.397429 0.426851 0.812311
-0.0355093 -0.573587 0.0941373 0.189759 -0.895778 0.401962
0.528077 0.118399 0.245896 0.397429 0.426851 0.812311
-0.105776 0.430652 0.332954 -0.785633 -0.299141 0.541568
-0.034223 -0.590682 -0.0263147 0.696673 -0.716503 0.0356539
0.308667 -0.270756 -0.297077 0.696673 -0.716503 0.0356539
-0.140974 0.424692 0.113887 -0.696673 0.716503 -0.0356539
-0.200832 -0.540878 -0.184 -0.397429 -0.426851 -0.812311
-0.138852 -0.582802 0.0109921 -0.584289 -0.537878 0.607695
0.60232 0.0485687 -0.10748 0.889447 0.0385254 -0.455412
-0.405216 -0.402369 -0.161948 -0.735545 0.666171 -0.123243
-0.0952451 -0.256863 0.223448 0.397429 0.426851 0.812311
-0.0138267 0.189685 0.201971 -0.597242 -0.551745 0.582134
-0.0612142 0.31445 -0.548072 0.597242 0.551745 -0.582134
0.510852 0.295339 0.0207276 0.597242 0.551745 -0.582134
0.602557 0.113944 -0.0571134 0.597242 0.551745 -0.582134
0.181301 -0.00513784 0.285956 -0.597242 -0.551745 0.582134
-0.379032 0.0396731 -0.40188 -0.397429 -0.426851 -0.812311
-0.0337731 -0.35975 -0.360913 -0.397429 -0.426851 -0.812311
-0.266855 0.161048 0.038755 0.397429 0.426851 0.812311
-0.0205484 -0.231277 0.173457 0.397429 0.426851 0.812311
0.168454 -0.396343 -0.0811598 0.696673 -0.716503 0.0356539
-0.038035 0.518749 -0.00735321 -0.696673 0.716503 -0.0356539
0.46103 0.408489 0.0768554 0.597242 0.551745 -0.582134
-0.605508 -0.182224 -0.0831333 -0.584289 -0.537878 0.607695
0.00454024 0.10819 0.143575 -0.597242 -0.551745 0.582134
0.327965 0.400054 0.195799 0.397429 0.426851 0.812311
-0.25241 0.292005 -0.375141 -0.696673 0.716503 -0.0356539
-0.237714 0.03054 -0.466222 -0.397429 -0.426851 -0.812311
0.216757 0.092108 -0.473621 0.597242 0.551745 -0.582134
-0.126112 -0.12053 0.137677 -0.478471 0.827605 0.293488
0.358538 -0.210399 -0.0586213 0.696673 -0.716503 0.0356539
-0.356271 0.202316 -0.148121 -0.696673 0.716503 -0.0356539
-0.0781726 -0.406106 -0.314831 -0.397429 -0.426851 -0.812311
-0.117966 -0.370516 0.254119 0.330122 -0.81911 0.469125
-0.243913 0.303679 -0.306571 -0.696673 0.716503 -0.0356539
-0.17839 0.373914 0.189924 -0.911119 0.0782665 0.404644
-0.500031 0.0757828 0.118109 -0.696673 0.716503 -0.0356538
-0.190975 -0.24013 -0.392376 -0.621572 -0.140307 -0.77069
0.255098 0.631208 0.0896031 0.717139 0.696882 -0.00821811
0.468958 0.162602 0.251592 0.397429 0.426851 0.812311
0.607966 0.239978 0.142923 0.397429 0.426851 0.812311
-0.195337 0.156808 -0.553306 -0.397429 -0.426851 -0.812311
-0.0264215 0.316478 0.309224 -0.597242 -0.551745 0.582134
-0.134108 0.143967 0.0352378 -0.597242 -0.551745 0.582134
-0.59195 -0.134321 -0.0276977 -0.584289 -0.537878 0.607695
0.0746816 -0.238723 -0.477572 -0.397429 -0.426851 -0.812311
0.380576 -0.115633 0.317201 -0.579972 -0.569155 0.582833
-0.176386 -0.366899 -0.336433 -0.397429 -0.426851 -0.812311
0.00463679 0.0473476 -0.593626 -0.397429 -0.426851 -0.812311
-0.198487 0.197024 0.0220858 -0.469606 -0.41791 0.777702
0.156036 0.673565 0.0199619 0.306505 0.772633 -0.555961
-0.424671 -0.211284 0.0650172 -0.584289 -0.537878 0.607695
0.435167 -0.0084061 0.357986 0.397429 0.426851 0.812311
0.0872366 0.641482 0.0113052 -0.696673 0.716503 -0.0356539
0.030289 0.436957 0.322047 0.397429 0.426851 0.812311
-0.0466079 -0.477427 0.192952 -0.584289 -0.537878 0.607696
-0.308006 -0.110629 -0.35765 -0.397429 -0.426851 -0.812311
0.228178 -0.102172 0.173637 -0.597242 -0.551745 0.582134
-0.0331726 0.476884 -0.357122 0.176262 0.83323 -0.52408
-0.388973 -0.0661801 0.20623 -0.0935338 -0.0414054 0.994755
-0.166786 -0.412639 0.183518 0.0168657 -0.87617 0.481707
-0.406834 -0.448612 -0.0626762 -0.665573 -0.445626 0.59869
0.318743 0.472269 -0.00867323 0.597242 0.551745 -0.582134
0.493137 0.253627 0.239072 0.569261 0.219694 0.79226
0.0909819 0.616056 0.195773 0.158836 0.630061 0.760128
0.0557851 0.606761 -0.0718874 -0.696673 0.716503 -0.0356539
-0.282357 0.109881 -0.486072 -0.397429 -0.426851 -0.812311
0.346012 -0.241202 -0.584625 0.410269 -0.833814 -0.369369
-0.046017 -0.552959 -0.253396 -0.397429 -0.426851 -0.812311
-0.152241 0.23747 0.105255 -0.597242 -0.551745 0.582134
0.122311 -0.156868 -0.588093 -0.0416228 -0.703498 -0.709477
0.594897 0.0297388 0.148786 0.696673 -0.716503 0.0356539
0.109096 0.0908981 0.295107 -0.847288 -0.169223 0.503454
0.452375 0.358884 0.0209614 0.597242 0.551745 -0.582134
-0.423953 0.142884 -0.0199624 -0.696673 0.716503 -0.0356539
-0.475835 0.0932345 -0.0039489 -0.696673 0.716503 -0.0356538
0.129037 -0.0797538 0.161615 -0.597242 -0.551745 0.582134
0.162866 -0.160212 0.0516184 -0.597242 -0.551745 0.582134
0.145997 0.153986 -0.48757 0.597242 0.551745 -0.582134
-0.0246603 0.245869 -0.57557 0.597242 0.551745 -0.582134
-0.313961 -0.331524 0.124635 -0.817536 -0.199073 0.540375
0.425037 0.273319 0.263953 0.397429 0.426851 0.812311
0.0557883 0.519165 0.266373 0.397429 0.426851 0.812311
0.184253 0.531484 -0.0905298 0.597242 0.551745 -0.582134
-0.375712 -0.145884 0.169976 -0.584289 -0.537878 0.607695
-0.0858764 -0.645339 -0.115392 0.696673 -0.716503 0.0356539
-0.300028 0.0404812 -0.440958 -0.397429 -0.426851 -0.812311
-0.27659 0.25317 -0.539189 -0.802054 0.413027 -0.431413
0.0318936 -0.48053 -0.329574 -0.397429 -0.426851 -0.812311
-0.242247 0.297237 -0.4686 -0.696673 0.716503 -0.0356539
-0.0389292 0.510821 -0.149194 -0.696673 0.716503 -0.0356539
-0.0832629 -0.212039 -0.463369 -0.397429 -0.426851 -0.812311
0.26865 0.280969 0.287395 0.397429 0.426851 0.812311
0.0955814 0.463637 0.276082 0.397429 0.426851 0.812311
0.361124 -0.0242964 -0.435835 0.597242 0.551745 -0.582134
0.0793914 -0.488446 -0.191766 0.696673 -0.716503 0.0356539
0.009667 0.572996 0.15071 -0.696673 0.716503 -0.0356539
0.266834 -0.30071 -0.081629 0.696673 -0.716503 0.0356539
-0.0720373 0.197817 -0.630487 -0.121289 -0.166625 -0.978532
-0.435564 0.117312 -0.306983 -0.696673 0.716503 -0.0356538
0.231845 0.57862 0.148994 0.397429 0.426851 0.812311
0.0461786 -0.503016 0.16439 0.696673 -0.716503 0.0356539
0.0470503 0.606146 0.0864318 -0.696673 0.716503 -0.0356539
0.405418 0.0545389 -0.315672 0.597242 0.551745 -0.582134
0.518506 0.343274 0.0740135 0.597242 0.551745 -0.582134
0.127097 0.230136 0.367212 -0.177152 -0.123663 0.976383
-0.362194 -0.36375 0.0325294 -0.909225 0.196174 0.367186
-0.105611 0.437149 -0.326746 -0.696673 0.716503 -0.0356539
0.0681776 0.0772909 -0.623456 0.201474 0.147812 -0.968277
-0.0806448 -0.172222 0.171827 0.397429 0.426851 0.812311
-0.653197 -0.127054 -0.0816232 -0.722703 -0.367867 0.585127
-0.0256129 0.534521 0.0668758 -0.696673 0.716503 -0.0356539
0.14503 -0.20372 -0.530383 -0.397429 -0.426851 -0.812311
-0.230726 -0.217534 0.240665 -0.478471 0.827605 0.293488
0.405468 -0.169514 -0.153997 0.696673 -0.716503 0.0356539
-0.298838 -0.303592 -0.261427 -0.704469 0.707837 -0.0518657
-0.596261 -0.0327613 -0.182866 -0.696673 0.716503 -0.0356538
-0.17045 0.0839687 -0.527207 -0.397429 -0.426851 -0.812311
0.197116 0.317149 -0.28048 0.597242 0.551745 -0.582134
0.302775 0.297025 -0.191151 0.597242 0.551745 -0.582134
-0.144809 -0.182377 0.208437 0.344779 0.478708 0.807444
0.166545 0.628562 0.154699 0.397429 0.426851 0.812311
-0.548746 0.00675668 -0.267021 -0.786175 0.546439 -0.288676
0.591875 0.0678086 0.238289 0.621521 0.140392 0.770715
-0.138004 0.380348 0.255241 -0.61416 -0.533993 0.581083
0.393983 -0.190392 -0.34914 0.696673 -0.716503 0.0356539
-0.368049 -0.345775 -0.20471 -0.397429 -0.426851 -0.812311
-0.171688 -0.456786 0.0909596 -0.584289 -0.537878 0.607696
0.141134 -0.424016 -0.396785 0.230499 -0.813251 -0.534316
-0.575833 -0.0615676 -0.251528 -0.510665 -0.298091 -0.806451
-0.503521 -0.0399376 0.140865 -0.584289 -0.537878 0.607695
-0.367577 0.194906 0.0432282 -0.432129 0.832752 0.346105
0.331023 0.414214 -0.0510982 0.597242 0.551745 -0.582134
0.060279 0.406472 -0.336207 0.597242 0.551745 -0.582134
-0.485491 0.0706935 -0.268264 -0.696673 0.716503 -0.0356538
0.345277 -0.227893 -0.151059 0.696673 -0.716503 0.0356539
0.253264 -0.322358 -0.2515 0.696673 -0.716503 0.0356539
-0.331879 -0.527192 -0.0598124 -0.584289 -0.537878 0.607696
0.191216 0.18819 0.410287 -0.175083 0.797978 0.576695
0.246446 -0.159588 0.137959 -0.597242 -0.551745 0.582134
-0.307229 0.249367 -0.160847 -0.696673 0.716503 -0.0356539
0.237508 0.501945 -0.0638902 0.597242 0.551745 -0.582134
-0.082805 0.0530787 -0.553856 -0.397429 -0.426851 -0.812311
-0.465213 -0.0491508 -0.313041 -0.397429 -0.426851 -0.812311
-0.139373 -0.16239 -0.433828 -0.799659 0.465744 -0.378981
-0.364769 -0.268326 0.0721235 -0.584289 -0.537878 0.607695
-0.396759 0.121507 -0.429443 -0.689193 -0.0182142 -0.724348
-0.360573 -0.499234 -0.176779 -0.397429 -0.426851 -0.812311
-0.102912 0.399248 -0.503835 0.220244 0.814978 -0.536008
0.0796432 -0.272976 0.0972985 0.397429 0.426851 0.812311
-0.11843 0.320884 -0.600674 0.597242 0.551745 -0.582134
0.0929015 -0.462543 0.0647806 0.696673 -0.716503 0.0356539
0.33859 0.347397 -0.106665 0.597242 0.551745 -0.582134
-0.0897105 0.461169 -0.154756 -0.696673 0.716503 -0.0356539
-0.443072 -0.274271 -0.205578 -0.397429 -0.426851 -0.812311
-0.143718 -0.488396 -0.239521 -0.397429 -0.426851 -0.812311
0.190747 -0.230962 0.0208623 0.397429 0.426851 0.812311
0.0199146 -0.544452 -0.155112 0.696673 -0.716503 0.0356539
-0.0514777 0.37641 0.340321 -0.597242 -0.551745 0.582134
-0.104988 -0.614261 -0.192285 -0.380206 -0.444311 -0.811191
0.300598 -0.00461997 -0.479283 0.597242 0.551745 -0.582134
0.569083 0.258647 0.0456936 0.597242 0.551745 -0.582134
0.0876239 0.647456 0.12379 -0.696673 0.716503 -0.0356539
-0.155236 -0.654444 -0.0681721 -0.584289 -0.537878 0.607695
-0.0950608 -0.645388 -0.0403401 0.400116 -0.873012 0.278849
0.00846207 0.537962 -0.242133 -0.137444 0.902928 -0.407223
-0.500942 -0.30598 -0.0921323 -0.584289 -0.537878 0.607695
0.0284654 -0.537777 -0.266817 0.506956 -0.822114 -0.259084
-0.170023 0.368503 -0.447668 -0.696673 0.716503 -0.0356539
0.347542 0.124596 0.379243 0.510961 0.297721 0.8064
-0.204542 0.329817 -0.550607 -0.696673 0.716503 -0.0356539
-0.0652979 0.481773 -0.217702 -0.696673 0.716503 -0.0356539
0.414579 -0.133538 -0.482864 0.735384 0.381333 -0.560174
-0.499361 -0.190009 -0.222316 -0.397429 -0.426851 -0.812311
-0.27033 0.281248 -0.24116 -0.696673 0.716503 -0.0356539
0.0268126 -0.525093 0.0991452 0.696673 -0.716503 0.0356539
0.460705 0.298437 -0.0277845 0.597242 0.551745 -0.582134
0.204426 0.339723 0.287943 0.397429 0.426851 0.812311
-0.0986432 0.458244 -0.0389857 -0.696673 0.716503 -0.0356539
0.347883 0.0446509 -0.384072 0.597242 0.551745 -0.582134
0.443958 -0.128536 -0.0826031 0.696673 -0.716503 0.0356539
0.551164 0.203289 -0.0251592 0.597242 0.551745 -0.582134
0.026234 0.159297 -0.605407 0.597242 0.551745 -0.582134
0.244243 -0.335252 -0.334358 0.696673 -0.716503 0.0356539
-0.426553 0.00146878 0.199914 0.288541 0.325364 0.90049
-0.180114 -0.502278 0.0425918 -0.584289 -0.537878 0.607696
0.281568 0.101101 0.424576 0.352411 0.385101 0.852938
0.123574 0.317457 0.339201 0.397429 0.426851 0.812311
-0.538717 -0.237914 -0.068207 -0.584289 -0.537878 0.607695
-0.024475 -0.537462 0.156254 -0.293522 -0.760191 0.579616
-0.201279 0.11232 0.0322777 0.397429 0.426851 0.812311
0.0943246 -0.448433 0.158679 0.80121 -0.376977 0.464706
-0.239054 -0.350493 -0.314393 -0.397429 -0.426851 -0.812311
-0.334139 0.22013 -0.222586 -0.696673 0.716503 -0.0356539
-0.148547 0.22309 -0.611028 -0.397429 -0.426851 -0.812311
-0.597727 -0.120715 -0.210602 -0.397429 -0.426851 -0.812311
-0.205501 0.360614 0.0870313 -0.696673 0.716503 -0.0356539
-0.200756 0.358635 -0.0454566 -0.696673 0.716503 -0.0356539
-0.0760241 0.492291 0.203252 -0.696673 0.716503 -0.0356539
0.113534 -0.00884045 0.212922 -0.597242 -0.551745 0.582134
0.402686 0.211497 0.307374 0.397429 0.426851 0.812311
0.0441984 -0.135668 -0.565862 -0.397429 -0.426851 -0.812311
-0.196523 -0.132469 -0.400717 -0.397429 -0.426851 -0.812311
-0.153171 0.308053 0.1712 -0.597242 -0.551745 0.582134
-0.0127758 -0.29659 -0.438525 0.23082 -0.813328 -0.53406
-0.25245 0.0631549 0.083148 0.397429 0.426851 0.812311
0.0240959 -0.432767 0.208442 0.397429 0.426851 0.812311
0.246007 0.123998 -0.413387 0.597242 0.551745 -0.582134
-0.44885 -0.138457 -0.274118 -0.397429 -0.426851 -0.812311
-0.460513 -0.145785 0.0885302 -0.584289 -0.537878 0.607695
-0.11677 -0.550126 -0.220268 -0.397429 -0.426851 -0.812311
0.516047 -0.0507212 0.072575 0.696673 -0.716503 0.0356539
-0.625266 -0.188354 -0.160297 -0.517754 -0.536582 -0.666341
-0.13132 -0.0386297 0.0773699 0.397429 0.426851 0.812311
-0.413678 0.143379 -0.21079 -0.696673 0.716503 -0.0356538
-0.323769 -0.0367176 0.170522 0.397429 0.426851 0.812311
0.133342 0.345137 -0.319381 0.597242 0.551745 -0.582134
0.123876 -0.286801 -0.476377 -0.397429 -0.426851 -0.812311
-0.297274 -0.456842 -0.230025 -0.397429 -0.426851 -0.812311
0.475931 -0.0931807 0.00316856 0.696673 -0.716503 0.0356539
-0.439301 -0.0942703 0.15452 -0.584289 -0.537878 0.607695
0.281953 -0.29032 -0.168257 0.696673 -0.716503 0.0356539
-0.00389779 -0.110768 0.101986 0.397429 0.426851 0.812311
0.495863 -0.0665224 0.149419 0.696673 -0.716503 0.0356539
-0.273772 -0.302255 0.194086 -0.696189 -0.405558 0.59232
0.341179 0.172297 -0.269968 0.597242 0.551745 -0.582134
0.0407358 0.161214 0.230965 -0.597242 -0.551745 0.582134
0.223521 -0.33094 0.030939 0.800973 -0.448078 0.397074
0.244833 0.264494 -0.28143 0.597242 0.551745 -0.582134
0.0130823 0.224795 0.262857 -0.597242 -0.551745 0.582134
0.00532605 -0.549869 0.0210874 0.696673 -0.716503 0.0356539
-0.0101432 -0.295499 0.153062 0.397429 0.426851 0.812311
0.209093 0.622753 0.0214592 0.597242 0.551745 -0.582134
0.29826 -0.285403 -0.388066 0.696673 -0.716503 0.0356539
-0.203024 -0.568527 -0.038073 -0.584289 -0.537878 0.607695
0.163117 0.0567121 0.325922 -0.597242 -0.551745 0.582134
-0.282721 -0.536892 -0.187182 0.0371411 -0.744044 -0.667098
-0.396941 -0.307466 0.00654706 -0.584289 -0.537878 0.607695
0.463107 0.00460847 -0.30381 0.597242 0.551745 -0.582134
-0.293958 0.249099 -0.425552 -0.696673 0.716503 -0.0356538
0.100784 0.504624 -0.201623 0.597242 0.551745 -0.582134
0.374905 0.276547 -0.136558 0.597242 0.551745 -0.582134
-0.315491 0.223429 -0.491549 -0.766823 0.605562 -0.212785
-0.313205 -0.579376 -0.126844 0.184239 -0.982606 -0.0232541
0.200921 0.280359 0.320853 0.397429 0.426851 0.812311
-0.103512 0.431938 -0.430241 -0.512161 0.837698 -0.189613
0.278317 -0.307882 -0.450124 0.696673 -0.716503 0.0356539
0.453694 -0.0956249 -0.405537 0.761409 0.340674 -0.551541
-0.15595 -0.667507 -0.138276 -0.366423 -0.628918 -0.685708
0.387758 -0.201533 -0.533821 0.864937 -0.469917 -0.176245
-0.51808 0.0544708 0.0425153 -0.696673 0.716503 -0.0356538
-0.0137773 -0.227042 -0.489482 -0.397429 -0.426851 -0.812311
0.645066 0.104037 0.187249 0.72608 -0.0635786 0.684664
0.187844 -0.390617 -0.344942 0.696673 -0.716503 0.0356539
-0.101826 -0.53801 0.0862377 -0.584289 -0.537878 0.607695
-0.0750607 0.497669 0.296798 -0.665548 0.745962 0.0241998
0.407946 0.338043 0.238304 0.397429 0.426851 0.812311
-0.226622 0.244534 -0.584098 -0.397429 -0.426851 -0.812311
-0.233927 -0.433379 -0.273346 -0.397429 -0.426851 -0.812311
-0.248392 -0.454763 0.0845664 -0.584289 -0.537878 0.607696
-0.52331 -0.130729 -0.241749 -0.397429 -0.426851 -0.812311
-0.0353741 0.451339 0.346616 0.397429 0.426851 0.812311
-0.00155711 -0.01801 0.070266 -0.907696 0.0529429 0.416276
-0.344437 0.0843721 0.117004 0.397429 0.426851 0.812311
0.423085 0.280182 -0.0836829 0.597242 0.551745 -0.582134
-0.298769 -0.394639 -0.261979 -0.397429 -0.426851 -0.812311
0.320791 0.206012 0.350324 0.397429 0.426851 0.812311
0.210885 0.0613241 0.379301 -0.597242 -0.551745 0.582134
-0.56293 -0.226272 -0.172159 -0.397429 -0.426851 -0.812311
0.272371 0.35185 -0.170381 0.597242 0.551745 -0.582134
0.476997 0.331671 0.207868 0.397429 0.426851 0.812311
-0.546902 0.0231077 -0.0245969 -0.696673 0.716503 -0.0356538
-0.407342 0.139416 0.111396 -0.0382394 0.744568 0.666451
0.629143 0.0556389 0.000113431 0.696673 -0.716503 0.0356539
0.483155 -0.0652711 0.334441 0.79796 -0.482054 0.36178
0.215975 -0.353114 -0.140959 0.696673 -0.716503 0.0356539
-0.144496 0.0381986 0.043445 0.397429 0.426851 0.812311
0.204729 0.575277 -0.0280151 0.597242 0.551745 -0.582134
0.345317 0.0561663 0.368014 0.397429 0.426851 0.812311
-0.166008 -0.309745 0.272721 -0.128598 -0.0758356 0.988793
-0.196957 0.314131 -0.623257 -0.726077 0.17018 -0.666221
0.137686 -0.42335 -0.0226811 0.696673 -0.716503 0.0356539
-0.325052 -0.233958 -0.284504 -0.397429 -0.426851 -0.812311
-0.16492 -0.240433 0.248903 0.397429 0.426851 0.812311
0.394984 0.336633 -0.0590085 0.597242 0.551745 -0.582134
0.510771 -0.0677975 -0.16751 0.696673 -0.716503 0.0356539
0.236972 0.23139 0.364363 -0.194269 0.803698 0.562432
0.577272 0.00956584 0.0877818 0.696673 -0.716503 0.0356539
-0.425983 -0.209286 -0.248087 -0.397429 -0.426851 -0.812311
0.230892 -0.352236 -0.414786 0.696673 -0.716503 0.0356539
0.227539 -0.20403 -0.570589 -0.397429 -0.426851 -0.812311
0.374271 -0.189293 0.0580947 0.696673 -0.716503 0.0356539
0.124689 0.164499 0.320211 -0.597242 -0.551745 0.582134
-0.0575477 0.107951 -0.595047 -0.397429 -0.426851 -0.812311
0.0532224 -0.199633 -0.536616 -0.380288 -0.444229 -0.811198
0.20585 0.375461 -0.216251 0.597242 0.551745 -0.582134
0.568867 -0.00594055 -0.0596029 0.696673 -0.716503 0.0356539
0.140635 0.696366 0.0922417 -0.618475 0.778927 0.103739
0.5516 -0.00932006 0.20986 0.696673 -0.716503 0.0356539
0.152163 0.2087 -0.429387 0.597242 0.551745 -0.582134
-0.494497 0.0441313 -0.331844 -0.778603 0.224593 -0.585949
0.343207 0.519974 0.0616405 0.597242 0.551745 -0.582134
0.0648903 -0.00831339 0.163515 -0.597242 -0.551745 0.582134
-0.204914 0.344087 -0.256564 -0.696673 0.716503 -0.0356539
0.524899 0.160474 -0.0926858 0.597242 0.551745 -0.582134
0.108933 -0.35689 0.127063 0.397429 0.426851 0.812311
-0.198497 -0.0427176 0.112385 0.397429 0.426851 0.812311
0.407289 -0.153774 0.126735 0.696673 -0.716503 0.0356539
0.194993 -0.0592808 0.230317 0.0503592 -0.894036 0.445157
0.268918 -0.259525 -0.561672 -0.397429 -0.426851 -0.812311
-0.44131 0.0869901 0.162563 0.308613 0.511837 0.801736
-0.280798 -0.519585 -0.0101755 -0.249541 -0.783238 0.569445
-0.0287768 0.538546 0.209589 -0.696673 0.716503 -0.0356539
0.0276954 -0.0518223 -0.601465 -0.479721 -0.335931 -0.810567
0.160885 -0.409405 -0.195752 0.696673 -0.716503 0.0356539
0.285283 0.0630735 -0.430836 0.597242 0.551745 -0.582134
0.144457 -0.279849 0.0691998 0.397429 0.426851 0.812311
-0.56218 -0.00449474 0.0995209 -0.897478 0.0607277 0.436858
0.033697 0.221308 -0.538977 0.597242 0.551745 -0.582134
0.0703418 0.0775482 0.186752 -0.726175 0.687484 -0.00590125
-0.463776 0.108442 0.0660242 -0.696673 0.716503 -0.0356539
0.0214406 0.375997 -0.404938 0.597242 0.551745 -0.582134
0.312764 0.569008 0.105068 0.671969 0.669161 0.317303
0.431915 0.215447 -0.135979 0.597242 0.551745 -0.582134
-0.430798 -0.469885 -0.154941 -0.696166 -0.380495 -0.60875
-0.0573149 -0.0538354 0.0584836 -0.613219 0.781936 0.111972
-0.0569626 -0.331633 0.194957 0.397429 0.426851 0.812311
0.0116834 0.561085 -0.128059 -0.696673 0.716503 -0.0356539
0.1261 -0.44964 -0.324599 0.696673 -0.716503 0.0356539
0.566109 0.0310065 -0.171896 0.707555 0.421126 -0.567468
-0.296517 -0.0437351 -0.398423 -0.397429 -0.426851 -0.812311
0.097434 -0.366946 -0.421326 -0.397429 -0.426851 -0.812311
-0.352787 0.194251 -0.378255 -0.696673 0.716503 -0.0356538
0.128679 0.585645 -0.0962127 0.597242 0.551745 -0.582134
-0.432138 -0.389016 -0.0994752 -0.584289 -0.537878 0.607695
-0.0287131 0.359227 -0.472288 0.597242 0.551745 -0.582134
-0.261979 0.164391 -0.524686 -0.397429 -0.426851 -0.812311
-0.142516 -0.0680193 -0.461008 -0.397429 -0.426851 -0.812311
0.513072 0.00501557 0.312173 0.510669 0.298088 0.806449
0.355726 -0.025457 0.37323 -0.442427 -0.389997 0.807565
0.206596 -0.368839 -0.273705 0.696673 -0.716503 0.0356539
-0.516757 0.033129 0.184945 -0.795989 -0.121044 0.593085
0.317901 -0.171424 0.200051 -0.597242 -0.551745 0.582134
-0.0191599 -0.580321 -0.112424 0.696673 -0.716503 0.0356539
0.087021 0.23094 -0.475139 0.597242 0.551745 -0.582134
-0.301699 -0.207542 0.186564 -0.584289 -0.537878 0.607695
-0.318139 -0.45222 0.019757 -0.584289 -0.537878 0.607696
-0.0384439 -0.401559 0.221031 0.22163 0.262283 0.939195
0.401912 0.1058 -0.270685 0.597242 0.551745 -0.582134
0.543451 0.100261 -0.130721 0.597242 0.551745 -0.582134
-0.393932 0.169366 -0.0743932 -0.696673 0.716503 -0.0356539
0.158819 -0.399483 0.0440224 0.696673 -0.716503 0.0356539
0.117124 0.390986 0.303719 0.397429 0.426851 0.812311
-0.539512 0.022458 -0.182037 -0.696673 0.716503 -0.0356538
0.157532 0.484934 0.234582 0.397429 0.426851 0.812311
-0.608031 -0.0695227 0.00945805 -0.795867 -0.243969 0.554143
-0.439743 0.00874893 -0.355927 -0.397429 -0.426851 -0.812311
0.0799307 -0.196294 0.0650717 0.752698 -0.636241 0.169244
0.336039 0.509847 0.134155 0.397429 0.426851 0.812311
-0.0165779 -0.582184 -0.200319 0.696673 -0.716503 0.0356539
-0.167683 0.394247 0.0239627 -0.696673 0.716503 -0.0356539
0.0370096 -0.37834 -0.385775 -0.397429 -0.426851 -0.812311
0.429539 -0.13538 0.0616199 0.696673 -0.716503 0.0356539
-0.152327 0.39896 -0.181384 -0.696673 0.716503 -0.0356539
0.147237 0.400514 -0.252639 0.597242 0.551745 -0.582134
-0.383348 -0.135766 -0.30758 -0.397429 -0.426851 -0.812311
0.137883 0.0433919 -0.600716 0.597242 0.551745 -0.582134
0.109312 0.550835 0.223544 0.397429 0.426851 0.812311
-0.0580134 0.0200764 0.0214682 -0.0629084 -0.0115082 0.997953
0.372608 0.4494 0.148027 0.397429 0.426851 0.812311
0.0886369 -0.475519 -0.11265 0.696673 -0.716503 0.0356539
0.254902 0.484265 0.187294 0.397429 0.426851 0.812311
-0.473552 -0.267989 -0.0321719 -0.584289 -0.537878 0.607695
0.269326 -0.105735 -0.605247 0.495649 0.444811 -0.745973
-0.126727 -0.27079 -0.411232 -0.397429 -0.426851 -0.812311
-0.257815 -0.372129 0.148646 -0.584289 -0.537878 0.607696
0.00912624 -0.1794 0.131678 0.397429 0.426851 0.812311
-0.00771947 0.517451 0.297585 0.272478 0.543057 0.794257
0.276736 0.545775 0.0178986 0.597242 0.551745 -0.582134
-0.219001 0.336478 -0.134234 -0.696673 0.716503 -0.0356539
0.371545 -0.164353 0.244132 0.00280011 -0.885784 0.464089
0.256589 0.425246 -0.117008 0.597242 0.551745 -0.582134
0.117095 -0.0955854 -0.62259 -0.397429 -0.426851 -0.812311
-0.143436 0.403174 -0.270413 -0.696673 0.716503 -0.0356539
0.21077 0.186756 -0.390057 0.597242 0.551745 -0.582134
0.258284 -0.0234301 0.279155 -0.597242 -0.551745 0.582134
-0.677262 -0.125914 -0.151649 -0.91349 0.074568 -0.399969
0.579188 0.184364 0.186227 0.397429 0.426851 0.812311
0.18883 0.449895 -0.163164 0.597242 0.551745 -0.582134
0.185506 0.255314 -0.350998 0.597242 0.551745 -0.582134
-0.308842 -0.127734 0.208309 0.179612 0.222323 0.958286
0.0925721 0.17018 -0.527033 0.597242 0.551745 -0.582134
0.138776 0.635635 -0.0384087 0.57996 0.569167 -0.582834
0.312284 0.233719 -0.241396 0.597242 0.551745 -0.582134
0.453082 0.0523377 0.317301 0.397429 0.426851 0.812311
-0.0918995 0.266261 0.194451 -0.597242 -0.551745 0.582134
0.454595 0.144788 -0.179681 0.597242 0.551745 -0.582134
-0.223035 0.259326 0.0533393 -0.597242 -0.551745 0.582134
0.043889 0.359934 0.355836 0.382652 0.413182 0.826352
-0.502964 -0.29539 -0.165178 -0.397429 -0.426851 -0.812311
0.166721 -0.042885 -0.646391 0.372022 0.318337 -0.87193
-0.0122276 0.0618421 0.0824432 -0.597242 -0.551745 0.582134
0.30688 -0.213612 0.144765 -0.338127 -0.754816 0.56207
0.297266 -0.0656631 -0.540558 0.597242 0.551745 -0.582134
0.32161 -0.254555 -0.224416 0.696673 -0.716503 0.0356539
0.155629 -0.355173 -0.455984 -0.397429 -0.426851 -0.812311
0.460567 -0.117934 -0.194072 0.696673 -0.716503 0.0356539
-0.069999 -0.0305124 -0.516196 -0.397429 -0.426851 -0.812311
-0.0355103 0.417212 -0.424304 0.597242 0.551745 -0.582134
-0.244774 -0.261206 -0.332721 -0.801681 0.43301 -0.412079
-0.282072 0.246226 0.00464635 -0.397059 0.493819 0.77362
