ply
format ascii 1.0
comment Created by Open3D
element vertex 2096
property double x
property double y
property double z
property double nx
property double ny
property double nz
end_header
0.0633644 0.120094 -0.234835 -0.224516 0.374931 -0.899455
0.118929 0.20647 0.185182 0.753106 0.112862 -0.648147
-0.0654369 0.187882 0.337828 0.727088 -0.346616 0.592622
0.0560241 -0.413947 0.00467869 -0.224516 0.374931 -0.899455
0.0708318 -0.490108 -0.0661719 0.224516 -0.374931 0.899455
-0.300388 0.110532 0.060165 -0.96141 0.0653866 0.267237
-0.115337 0.357565 0.259604 -0.127665 0.366557 -0.921595
-0.181608 0.103929 0.109505 0.159008 0.924744 0.345782
-0.398119 -0.284253 -0.194837 -0.96141 0.0653867 0.267237
0.308478 -0.272555 0.0085833 0.96141 -0.0653866 -0.267237
0.0945919 0.00985641 -0.281802 0.96141 -0.0653867 -0.267237
0.140802 -0.351776 -0.0270747 0.96141 -0.0653867 -0.267237
0.122794 0.128492 -0.20937 0.96141 -0.0653867 -0.267237
-0.0597725 -0.372969 -0.409629 -0.224516 0.374931 -0.899455
-0.0387557 0.394228 0.347112 0.787899 0.605354 0.112966
-0.339505 -0.0578411 -0.0393639 -0.96141 0.0653866 0.267237
0.0972629 -0.428048 -0.165048 0.96141 -0.0653867 -0.267237
-0.0735353 -0.214925 0.17309 0.224516 -0.374931 0.899455
-0.101071 -0.175461 0.196414 0.224516 -0.374931 0.899455
0.309855 0.14742 0.120829 0.839839 0.0574304 -0.539789
-0.189648 -0.35767 0.0540531 0.224516 -0.374931 0.899455
0.0510226 -0.235676 -0.378471 0.96141 -0.0653867 -0.267237
-0.0688241 0.084049 0.110808 0.159008 0.924744 0.345782
-0.133058 -0.380355 0.118989 0.224516 -0.374931 0.899455
-0.123171 0.0762601 0.253748 -0.224516 0.374931 -0.899455
-0.334444 -0.391595 0.0605068 -0.96141 0.0653867 0.267237
0.122178 -0.457688 -0.068163 0.96141 -0.0653867 -0.267237
0.0562983 0.329629 0.20489 -0.272161 0.377725 -0.885016
-0.0815287 -0.0161442 0.169428 0.224516 -0.374931 0.899455
-0.0181227 -0.0155881 0.18924 -0.224516 0.374931 -0.899455
-0.185697 0.156508 -0.157487 -0.224516 0.374931 -0.899455
-0.0414127 0.058062 0.167701 0.159008 0.924744 0.345782
0.0143818 0.0536842 -0.250291 -0.224516 0.374931 -0.899455
-0.367984 -0.136487 -0.122578 -0.96141 0.0653866 0.267237
0.316654 -0.0145978 0.159199 0.224516 -0.374931 0.899455
0.29919 0.0888868 0.153584 -0.224516 0.374931 -0.899455
0.045762 0.39363 0.32329 -0.462636 0.763405 0.450756
-0.167232 -0.219778 0.141345 -0.224516 0.374931 -0.899455
0.208854 0.0992318 0.180445 -0.224516 0.374931 -0.899455
-0.364841 -0.404996 -0.0455722 -0.96141 0.0653867 0.267237
-0.121794 -0.437093 0.00400923 0.224516 -0.374931 0.899455
0.256707 -0.0529988 0.105044 -0.224516 0.374931 -0.899455
0.110594 -0.0853155 0.128045 -0.224516 0.374931 -0.899455
-0.0206701 -0.393513 -0.00306684 0.224516 -0.374931 0.899455
-0.119094 -0.148212 0.212271 0.224516 -0.374931 0.899455
-0.0614049 -0.292137 0.0493591 0.224516 -0.374931 0.899455
0.0152733 -0.290764 0.11931 0.224516 -0.374931 0.899455
-0.321987 0.0390762 -5.56468e-05 -0.96141 0.0653866 0.267237
0.256886 0.00386782 0.128704 -0.224516 0.374931 -0.899455
-0.156475 -0.331337 -0.368136 -0.224516 0.374931 -0.899455
-0.0278507 -0.420797 0.0758702 0.224516 -0.374931 0.899455
-0.172359 -0.26996 0.174817 0.224516 -0.374931 0.899455
-0.217478 0.0558635 0.268786 -0.224516 0.374931 -0.899455
0.324444 -0.0073509 0.107164 -0.224516 0.374931 -0.899455
-0.0813243 0.179879 -0.139727 0.159008 0.924744 0.345782
0.0894402 -0.113665 -0.270113 0.96141 -0.0653867 -0.267237
0.0628216 -0.359989 -0.00993291 0.224516 -0.374931 0.899455
0.0380706 0.0435007 -0.260449 -0.224516 0.374931 -0.899455
0.212954 -0.175901 0.0647349 -0.224516 0.374931 -0.899455
0.118649 0.0744275 -0.211053 0.96141 -0.0653867 -0.267237
0.0114812 -0.292802 -0.393997 -0.224516 0.374931 -0.899455
0.124961 -0.343016 -0.0862058 0.96141 -0.0653867 -0.267237
-0.0220866 -0.463518 -0.0318942 0.224516 -0.374931 0.899455
-0.0419287 0.220187 0.289917 0.987265 -0.147177 -0.0603904
0.272386 0.399115 0.228539 0.0846079 0.990799 -0.105635
0.213295 -0.299033 0.0664339 0.224516 -0.374931 0.899455
-0.0734513 -0.213816 0.120421 -0.224516 0.374931 -0.899455
-0.203435 -0.352358 -0.365177 -0.224516 0.374931 -0.899455
-0.306067 -0.32441 0.146156 -0.96141 0.0653866 0.267237
0.257837 -0.371887 -0.0281641 -0.224516 0.374931 -0.899455
0.203303 -0.372819 -0.01494 -0.224516 0.374931 -0.899455
-0.386529 -0.231732 -0.165989 -0.96141 0.0653866 0.267237
0.0147751 -0.447019 0.019001 -0.159008 -0.924744 -0.345782
-0.0297501 -0.199523 0.11547 -0.224516 0.374931 -0.899455
-0.0837912 0.0278382 0.223734 -0.224516 0.374931 -0.899455
-0.0249619 0.129625 0.251478 -0.224516 0.374931 -0.899455
0.0208763 0.170017 -0.160351 0.159008 0.924744 0.345782
0.149481 0.0493363 0.103254 0.159008 0.924744 0.345782
0.211287 -0.0790545 0.158631 0.224516 -0.374931 0.899455
-0.110235 0.0933723 -0.202641 -0.224516 0.374931 -0.899455
-0.313769 -0.238206 0.0973562 -0.96141 0.0653867 0.267237
0.151101 0.051063 -0.0885867 0.96141 -0.0653867 -0.267237
0.0417598 0.305828 0.199932 -0.410564 0.380454 -0.828669
-0.0890003 -0.453005 -0.0108093 0.224516 -0.374931 0.899455
-0.329727 -0.0116323 -0.191624 -0.224516 0.374931 -0.899455
-0.0387018 -0.103957 0.157541 -0.224516 0.374931 -0.899455
-0.171951 0.286184 0.257447 -0.692894 0.35402 -0.628147
-0.201388 -0.0461535 0.186837 0.224516 -0.374931 0.899455
-0.107083 0.37987 0.410403 -0.0806141 0.42169 0.903149
0.0602214 0.0255253 -0.273471 -0.224516 0.374931 -0.899455
-0.192326 -0.0665271 0.21149 -0.224516 0.374931 -0.899455
-0.266505 -0.169628 0.151622 0.224516 -0.374931 0.899455
-0.324875 -0.276329 0.066729 -0.96141 0.0653867 0.267237
-0.0533563 -0.365761 0.0166604 0.224516 -0.374931 0.899455
-0.125623 -0.213303 0.186768 0.224516 -0.374931 0.899455
0.110037 -0.273351 -0.156943 0.96141 -0.0653867 -0.267237
0.329192 0.366882 0.251886 0.794996 0.580335 0.176615
-0.155313 0.119635 0.0554107 0.159008 0.924744 0.345782
-0.315165 -0.0221111 0.0394575 -0.96141 0.0653866 0.267237
0.122468 0.189693 0.28993 0.75947 -0.338351 0.555629
0.283353 -0.00758246 0.117325 -0.224516 0.374931 -0.899455
0.000120318 -0.347594 0.0994028 0.224516 -0.374931 0.899455
0.221777 -0.206401 0.0498189 -0.224516 0.374931 -0.899455
-0.352564 0.00500251 -0.101722 -0.96141 0.0653866 0.267237
0.000954112 -0.150218 0.181469 0.224516 -0.374931 0.899455
-0.168718 0.155203 0.288809 0.159008 0.924744 0.345782
0.369196 0.0792566 0.14094 0.96141 -0.0653866 -0.267237
0.0358253 -0.421074 -0.33637 -0.159008 -0.924744 -0.345782
-0.29616 -0.0216357 0.107716 -0.96141 0.0653866 0.267237
0.119754 0.130931 -0.101289 0.159008 0.924744 0.345782
-0.139415 -0.0580973 -0.258496 -0.224516 0.374931 -0.899455
-0.140686 0.159735 0.263799 -0.159008 -0.924744 -0.345783
-0.287413 0.135832 0.0728386 0.159008 0.924744 0.345782
0.151306 0.173604 0.16682 -0.976976 0.197845 -0.0798476
-0.217533 -0.430817 -0.193809 -0.159008 -0.924744 -0.345782
0.0686913 0.117709 -0.0424479 0.159008 0.924744 0.345782
0.241212 -0.195853 0.102475 0.224516 -0.374931 0.899455
0.149125 -0.240359 0.0183916 0.224516 -0.374931 0.899455
0.192078 -0.0536454 0.0854998 0.224516 -0.374931 0.899455
-0.0398064 -0.280087 -0.375895 -0.224516 0.374931 -0.899455
0.290592 -0.437384 -0.0154335 0.96141 -0.0653866 -0.267237
0.0980259 0.192296 0.31203 0.410563 -0.380454 0.828669
-0.417324 -0.290375 -0.262431 -0.96141 0.0653866 0.267237
0.178092 0.0512433 0.0849973 0.159008 0.924744 0.345782
0.0779088 -0.368557 -0.249233 0.96141 -0.0653867 -0.267237
0.0764733 -0.168418 -0.303366 0.96141 -0.0653867 -0.267237
-0.26609 -0.248795 0.118518 0.224516 -0.374931 0.899455
0.0814951 -0.187428 -0.280648 0.96141 -0.0653867 -0.267237
-0.348212 0.0195986 -0.173991 -0.224516 0.374931 -0.899455
-0.0854013 -0.0767866 0.180523 -0.224516 0.374931 -0.899455
0.0800204 0.169682 -0.18665 0.159008 0.924744 0.345782
0.121664 0.175677 -0.22498 0.96141 -0.0653867 -0.267237
-0.232572 0.0859463 -0.1752 -0.224516 0.374931 -0.899455
-0.358676 -0.239891 -0.0637902 -0.96141 0.0653867 0.267237
0.0902395 -0.275658 0.0183757 0.224516 -0.374931 0.899455
-0.315042 -0.385967 0.108965 -0.224516 0.374931 -0.899455
-0.24799 -0.0177264 0.280054 -0.96141 0.0653867 0.267237
0.121086 -0.290756 0.0397899 -0.224516 0.374931 -0.899455
0.1799 0.00122935 0.027211 0.96141 -0.0653867 -0.267237
-0.0623257 0.00706838 0.209718 -0.224516 0.374931 -0.899455
-0.175353 0.0499607 0.220403 0.224516 -0.374931 0.899455
-0.174911 0.167074 0.259909 -0.159008 -0.924744 -0.345782
0.0949347 -0.471652 -0.162755 0.96141 -0.0653867 -0.267237
0.155677 0.156268 0.136789 -0.159008 -0.924744 -0.345782
-0.139817 -0.336871 0.0502849 0.224516 -0.374931 0.899455
0.0488345 -0.333739 -0.362349 0.96141 -0.0653867 -0.267237
-0.0916353 0.154796 -0.18168 -0.224516 0.374931 -0.899455
0.134431 0.163413 0.227449 0.986285 -0.164489 -0.0136416
-0.342691 -0.349216 0.0204667 -0.96141 0.0653867 0.267237
0.232243 0.342944 0.305038 -0.41962 0.282485 0.862624
-0.180762 0.237225 0.35009 -0.783991 -0.0946039 0.613522
0.271717 0.0826039 0.210933 0.224516 -0.374931 0.899455
-0.0636183 -0.340542 -0.395151 -0.224516 0.374931 -0.899455
-0.0230051 0.0149767 0.203199 -0.224516 0.374931 -0.899455
0.198639 0.0181521 0.090487 0.96141 -0.0653867 -0.267237
-0.194381 0.126866 0.345728 0.224516 -0.374931 0.899455
0.255249 -0.392062 0.0171829 0.224516 -0.374931 0.899455
0.0570688 -0.363003 -0.325565 0.96141 -0.0653867 -0.267237
0.280124 0.204785 0.118634 0.445996 0.245183 -0.860798
0.110434 0.360806 0.357105 0.340783 0.362601 0.867403
-0.14731 0.0345912 0.206996 0.224516 -0.374931 0.899455
0.0932109 -0.10979 0.122182 -0.224516 0.374931 -0.899455
0.1513 -0.331652 0.0152007 -0.224516 0.374931 -0.899455
0.0534013 -0.0632174 -0.30876 -0.224516 0.374931 -0.899455
0.162494 -0.00250605 -0.0344924 0.96141 -0.0653867 -0.267237
0.171441 -0.142061 0.053796 0.224516 -0.374931 0.899455
-0.11067 -0.293828 0.14947 0.224516 -0.374931 0.899455
-0.137077 -0.0251531 0.214945 -0.224516 0.374931 -0.899455
0.193408 0.351088 0.230877 -0.927243 0.368707 -0.0653883
-0.173834 -0.123764 -0.277278 -0.224516 0.374931 -0.899455
0.147614 0.13219 -0.117468 0.159008 0.924744 0.345782
-0.382253 -0.219711 -0.265248 -0.224516 0.374931 -0.899455
-0.0834805 0.024207 -0.238151 -0.224516 0.374931 -0.899455
0.045314 -0.451589 -0.259125 -0.159008 -0.924744 -0.345782
-0.19555 -0.0687668 0.264472 0.224516 -0.374931 0.899455
0.120813 0.179525 0.173514 0.159006 0.924745 0.34578
0.0583588 -0.221607 0.137382 0.224516 -0.374931 0.899455
-0.0220416 -0.00414232 -0.265304 -0.224516 0.374931 -0.899455
0.246588 0.153952 0.101175 -0.159007 -0.924744 -0.345782
-0.186273 -0.341137 0.14862 0.224516 -0.374931 0.899455
0.132257 0.149525 -0.180474 0.96141 -0.0653867 -0.267237
-0.0707727 -0.409503 0.0912923 0.224516 -0.374931 0.899455
-0.212974 -0.0945933 0.258055 0.224516 -0.374931 0.899455
0.0597314 -0.0257246 -0.294712 -0.224516 0.374931 -0.899455
-0.0371709 -0.139124 -0.317793 -0.224516 0.374931 -0.899455
-0.0829888 0.162842 0.341167 0.539796 -0.374684 0.753812
-0.272498 0.199934 -0.105451 0.159008 0.924744 0.345782
-0.16645 -0.40405 -0.288884 -0.159008 -0.924744 -0.345782
-0.0380188 0.293776 0.285306 0.907817 0.000713257 -0.419367
-0.0675441 -0.0790985 0.139695 0.224516 -0.374931 0.899455
0.105812 -0.354843 -0.152205 0.96141 -0.0653867 -0.267237
0.22967 -0.152791 0.0701956 -0.224516 0.374931 -0.899455
0.0338943 -0.386743 0.074653 0.224516 -0.374931 0.899455
-0.397217 -0.405348 -0.161962 -0.96141 0.0653867 0.267237
-0.356994 -0.321443 -0.0377853 -0.96141 0.0653867 0.267237
-0.286111 -0.387984 0.100903 -0.224516 0.374931 -0.899455
0.241882 0.0832248 0.165529 -0.224516 0.374931 -0.899455
-0.223552 -0.364448 0.059691 0.224516 -0.374931 0.899455
0.323669 -0.246673 0.0569006 0.96141 -0.0653866 -0.267237
-0.381538 -0.189024 -0.252635 -0.224516 0.374931 -0.899455
0.0472364 -0.306369 -0.374795 0.96141 -0.0653867 -0.267237
0.119519 -0.420479 -0.0868332 0.96141 -0.0653867 -0.267237
-0.261471 -0.00931018 -0.207693 -0.224516 0.374931 -0.899455
0.180126 0.189391 0.116765 -0.656974 0.360544 -0.662113
0.14059 -0.305418 -0.0391795 0.96141 -0.0653867 -0.267237
0.120121 -0.272833 0.100612 0.224516 -0.374931 0.899455
-0.238463 0.144813 0.026312 0.159008 0.924744 0.345782
-0.333367 -0.29548 0.0408614 -0.96141 0.0653867 0.267237
0.0474679 0.179332 -0.206174 -0.224516 0.374931 -0.899455
0.159227 -0.264206 0.094447 0.224516 -0.374931 0.899455
-0.116949 0.183904 -0.134111 0.159008 0.924744 0.345782
0.0015107 0.122329 0.22748 -0.96141 0.0653867 0.267237
-0.160469 -0.308841 0.0671239 0.224516 -0.374931 0.899455
0.0728766 -0.500824 -0.14013 -0.159008 -0.924744 -0.345782
-0.114084 0.0648486 0.182969 0.159008 0.924744 0.345782
-0.0810744 0.296409 0.243092 0.401537 0.259388 -0.878342
-0.287956 0.166726 -0.0095317 0.159008 0.924744 0.345782
-0.29366 -0.125921 0.142227 -0.96141 0.0653867 0.267237
-0.241053 -0.383746 -0.308875 -0.159008 -0.924744 -0.345782
0.0793439 -0.398805 -0.236669 0.96141 -0.0653867 -0.267237
-0.364275 0.00870195 -0.144757 -0.96141 0.0653866 0.267237
-0.146351 0.0232282 -0.222865 -0.224516 0.374931 -0.899455
0.218556 0.133864 0.167788 -0.159008 -0.924744 -0.345783
-0.329949 -0.474211 -0.0260633 -0.159008 -0.924744 -0.345782
0.0368516 -0.497831 -0.131566 -0.159008 -0.924744 -0.345782
0.0488226 -0.313887 0.0127785 0.224516 -0.374931 0.899455
0.250951 0.308075 0.314008 -0.184519 -0.146821 0.971801
-0.15232 0.371629 0.393746 -0.628852 0.33116 0.703476
0.0517789 0.213716 0.32695 -0.166557 -0.320092 0.93263
0.136075 -0.015227 0.115494 0.224516 -0.374931 0.899455
0.118905 -0.177953 0.140466 0.224516 -0.374931 0.899455
-0.11612 -0.127279 0.131737 0.224516 -0.374931 0.899455
-0.215869 -0.41851 -0.227486 -0.159008 -0.924744 -0.345782
0.172038 -0.0393131 0.00884793 0.96141 -0.0653867 -0.267237
-0.225092 -0.258304 0.192838 0.224516 -0.374931 0.899455
-0.126882 -0.320614 0.14235 0.224516 -0.374931 0.899455
0.0802884 0.281023 0.184484 0.117837 0.329958 -0.936612
-0.0560323 -0.311984 -0.385141 -0.224516 0.374931 -0.899455
0.0849873 0.111299 0.289558 -0.159005 -0.924744 -0.345784
0.152704 -0.258518 -0.00707326 0.96141 -0.0653867 -0.267237
0.320863 -0.173505 0.0387981 -0.224516 0.374931 -0.899455
0.340225 0.347975 0.225569 0.925599 0.340651 -0.164993
0.119397 -0.212771 -0.138092 0.96141 -0.0653867 -0.267237
0.0765399 -0.128465 -0.312902 0.96141 -0.0653867 -0.267237
-0.372684 -0.265446 -0.107932 -0.96141 0.0653867 0.267237
-0.0379635 -0.429313 -0.280405 -0.159008 -0.924744 -0.345782
0.108381 0.151209 -0.233102 -0.224516 0.374931 -0.899455
-0.0434918 -0.0598155 0.141729 0.224516 -0.374931 0.899455
-0.297296 -0.207824 -0.2815 -0.224516 0.374931 -0.899455
-0.320315 0.119152 -0.0136305 -0.96141 0.0653866 0.267237
-0.306473 -0.139463 0.0994441 -0.96141 0.0653867 0.267237
0.0335314 -0.168247 0.0773044 0.224516 -0.374931 0.899455
-0.0935368 -0.377831 -0.392531 -0.159008 -0.924744 -0.345782
0.111902 -0.385048 -0.122904 0.96141 -0.0653867 -0.267237
0.231835 0.372342 0.187802 -0.422944 0.64849 -0.632913
-0.027905 0.317159 0.310748 0.966708 -0.0747134 -0.24473
-0.0332405 0.2747 0.330929 0.968671 -0.213805 0.126347
0.321458 -0.206671 0.0779354 0.224516 -0.374931 0.899455
-0.113287 -0.121447 -0.291426 -0.224516 0.374931 -0.899455
0.0348122 0.393461 0.269649 -0.606527 0.764429 -0.218571
-0.391629 -0.401269 -0.192772 -0.159008 -0.924744 -0.345782
0.101312 -0.397043 -0.158068 0.96141 -0.0653867 -0.267237
0.05376 0.242212 0.336946 -0.214861 -0.309431 0.92633
-0.0710287 0.114023 0.309584 0.224516 -0.374931 0.899455
0.0347758 -0.090358 0.109461 0.224516 -0.374931 0.899455
-0.327815 -0.109534 0.0153417 -0.96141 0.0653867 0.267237
0.282688 -0.139316 0.115689 0.224516 -0.374931 0.899455
0.314227 0.160712 0.150868 0.941941 -0.0371823 -0.333713
0.138966 0.357962 0.338388 0.720654 0.309237 0.620508
-0.0807387 0.217566 0.366341 0.454813 -0.379472 0.805696
-0.349629 -0.22971 -0.0337344 -0.96141 0.0653867 0.267237
-0.195487 0.209607 0.225362 -0.727088 0.346616 -0.592621
0.0222176 0.109404 0.0011351 0.159008 0.924744 0.345782
0.0694295 0.363265 0.360224 -0.165824 0.397202 0.902626
-0.0140663 -0.0743072 0.128344 0.224516 -0.374931 0.899455
-0.159973 0.092533 0.130033 0.159008 0.924744 0.345782
0.171802 0.0143798 -0.00513952 0.96141 -0.0653867 -0.267237
0.156187 0.00707958 -0.0595301 0.96141 -0.0653867 -0.267237
-0.181912 -0.00738989 -0.226752 -0.224516 0.374931 -0.899455
0.134888 0.0821943 0.0220906 0.159008 0.924744 0.345782
-0.25199 0.131841 -0.151222 -0.224516 0.374931 -0.899455
-0.12886 0.142042 -0.0166786 0.159008 0.924744 0.345782
-0.0520179 -0.33611 0.0640935 -0.224516 0.374931 -0.899455
0.111894 -0.0828176 -0.196882 0.96141 -0.0653867 -0.267237
-0.322659 -0.394523 -0.242529 -0.159008 -0.924744 -0.345782
-0.0772425 -0.390102 0.0124763 0.224516 -0.374931 0.899455
-0.326365 0.103002 -0.144678 -0.224516 0.374931 -0.899455
0.155294 -0.0301109 -0.0536414 0.96141 -0.0653867 -0.267237
-0.306573 -0.462431 0.0395706 0.224516 -0.374931 0.899455
-0.00390491 0.238838 0.289737 -0.887346 -0.0196827 0.460684
-0.000808987 0.266493 0.296672 -0.907817 -0.000713119 0.419366
0.124619 -0.282969 -0.102128 0.96141 -0.0653867 -0.267237
-0.0723746 -0.219986 -0.342713 -0.224516 0.374931 -0.899455
-0.123249 -0.0333833 0.261174 0.224516 -0.374931 0.899455
-0.072636 -0.119219 0.159649 -0.224516 0.374931 -0.899455
0.00541451 -0.411653 -0.347582 -0.159008 -0.924744 -0.345782
-0.356563 -0.308633 -0.308728 -0.224516 0.374931 -0.899455
0.0275991 -0.418909 0.00970572 -0.224516 0.374931 -0.899455
0.079428 0.0966401 0.264782 0.224516 -0.374931 0.899455
-0.136503 0.0609676 0.203658 0.159008 0.924744 0.345782
-0.174785 -0.493212 -0.0465997 -0.159008 -0.924744 -0.345782
0.199709 0.229241 0.265376 -0.685798 -0.148492 0.712482
-0.338352 0.0636186 -0.0649361 -0.96141 0.0653866 0.267237
-0.248011 -0.109795 0.171947 0.224516 -0.374931 0.899455
-0.297418 -0.302692 0.171958 -0.96141 0.0653866 0.267237
-0.282802 0.0708747 0.133136 -0.96141 0.0653866 0.267237
0.00983207 0.164338 0.182273 -0.159007 -0.924744 -0.345783
-0.0885429 -0.0500869 0.192437 -0.224516 0.374931 -0.899455
0.0649747 -0.329686 -0.305275 0.96141 -0.0653867 -0.267237
-0.144682 -0.451982 0.00351587 0.224516 -0.374931 0.899455
-0.171999 -0.25268 -0.331473 -0.224516 0.374931 -0.899455
-0.249297 -0.213278 0.129131 0.224516 -0.374931 0.899455
-0.0926001 0.0732451 0.150634 0.159008 0.924744 0.345782
-0.351911 -0.343738 -0.324522 -0.224516 0.374931 -0.899455
-0.369092 -0.235658 -0.1023 -0.96141 0.0653867 0.267237
0.315383 0.271592 0.162441 0.753108 0.11286 -0.648144
-0.103564 -0.423189 0.0406616 -0.224516 0.374931 -0.899455
-0.176747 0.073243 -0.19443 -0.224516 0.374931 -0.899455
0.0020735 -0.317771 0.111346 0.224516 -0.374931 0.899455
-0.00632758 -0.505396 -0.0532844 0.224516 -0.374931 0.899455
0.33949 0.00923661 0.163434 0.224516 -0.374931 0.899455
-0.115051 -0.199243 -0.323414 -0.224516 0.374931 -0.899455
-0.0597435 0.337445 0.266672 0.572288 0.199061 -0.795526
0.212724 0.375221 0.216582 -0.68336 0.691332 -0.234689
-0.124153 -0.324894 -0.373518 -0.224516 0.374931 -0.899455
-0.0105999 0.258959 0.258747 -0.987265 0.147177 0.060389
-0.00619452 -0.281046 0.040201 0.224516 -0.374931 0.899455
0.0643827 -0.268302 -0.322424 0.96141 -0.0653867 -0.267237
-0.000796634 -0.440095 -0.0274449 0.224516 -0.374931 0.899455
0.0951015 0.256932 0.341799 0.272156 -0.377725 0.885017
-0.131167 0.325801 0.250144 -0.27216 0.377725 -0.885016
-0.269811 -0.404579 0.143027 0.224516 -0.374931 0.899455
-0.309367 0.122298 0.0249851 -0.96141 0.0653866 0.267237
0.318799 -0.0754087 0.0802038 -0.224516 0.374931 -0.899455
0.0719716 0.0623918 0.103982 0.159008 0.924744 0.345782
-0.21436 -0.41712 0.0354404 0.224516 -0.374931 0.899455
0.117478 0.385105 0.23916 0.430163 0.647371 -0.629182
0.0510387 0.100252 0.0123575 0.159008 0.924744 0.345782
-0.280444 0.000208749 0.158909 -0.96141 0.0653866 0.267237
-0.234435 -0.193333 0.222254 0.224516 -0.374931 0.899455
0.265083 -0.315878 0.046485 0.224516 -0.374931 0.899455
0.0807724 -0.014245 0.129707 0.224516 -0.374931 0.899455
-0.131626 -0.508978 -0.0242808 -0.159008 -0.924744 -0.345782
0.0027263 -0.115935 -0.318086 -0.224516 0.374931 -0.899455
-0.320977 -0.0440599 -0.207325 -0.224516 0.374931 -0.899455
-0.0760768 0.420436 0.331743 0.302165 0.9487 -0.0930885
-0.115648 -0.407826 0.103192 0.224516 -0.374931 0.899455
-0.241598 0.109294 0.122745 0.159008 0.924744 0.345782
0.0279705 -0.110024 0.138369 -0.224516 0.374931 -0.899455
0.332963 0.25849 0.193273 0.955514 -0.05602 -0.289576
-0.129968 -0.351664 -0.383226 -0.224516 0.374931 -0.899455
0.197233 -0.449911 -0.04556 -0.224516 0.374931 -0.899455
-0.0273742 0.00172712 0.251878 0.224516 -0.374931 0.899455
-0.286891 -0.413726 -0.20762 -0.159008 -0.924744 -0.345782
-0.330563 -0.208377 0.0296369 -0.96141 0.0653867 0.267237
-0.139181 0.193551 -0.153657 -0.224516 0.374931 -0.899455
0.100286 0.0777386 0.251697 0.224516 -0.374931 0.899455
-0.124682 -0.422703 -0.258205 -0.159008 -0.924744 -0.345782
-0.315638 -0.279086 0.100633 -0.96141 0.0653867 0.267237
-0.0920197 0.0230327 0.188377 0.224516 -0.374931 0.899455
-0.234399 -0.365059 -0.361911 -0.159008 -0.924744 -0.345782
-0.350719 -0.485772 0.0144067 -0.159008 -0.924744 -0.345782
-0.236129 -0.500952 0.00231053 -0.159008 -0.924744 -0.345782
-0.149029 -0.104562 0.237938 0.224516 -0.374931 0.899455
0.0525962 -0.29062 0.110053 0.224516 -0.374931 0.899455
-0.142793 -0.189144 -0.312279 -0.224516 0.374931 -0.899455
0.0527526 0.156519 -0.13891 0.159008 0.924744 0.345782
-0.311169 -0.314479 0.102391 0.224516 -0.374931 0.899455
-0.188431 0.0788558 0.269816 -0.96141 0.0653865 0.267237
-0.288603 0.0969651 0.105883 -0.96141 0.0653866 0.267237
-0.273855 -0.134546 0.215588 -0.96141 0.0653867 0.267237
0.0968681 -0.0400793 0.114921 0.224516 -0.374931 0.899455
-0.230396 0.122834 0.308958 -0.96141 0.0653867 0.267237
0.117592 -0.273595 -0.129703 0.96141 -0.0653867 -0.267237
0.137396 0.112491 0.203809 -0.224516 0.374931 -0.899455
0.155122 0.285888 0.267063 0.985791 -0.1295 -0.106987
-0.217822 0.0525224 0.32059 0.224516 -0.374931 0.899455
0.273641 -0.117581 0.0738968 -0.224516 0.374931 -0.899455
-0.159031 0.223858 0.36663 -0.489344 -0.23037 0.841114
0.170108 -0.0136189 -0.00438377 0.96141 -0.0653867 -0.267237
0.0975865 0.390937 0.340149 0.194319 0.730786 0.654364
-0.177489 -0.0152071 0.229179 -0.224516 0.374931 -0.899455
0.0572111 -0.302529 -0.33985 0.96141 -0.0653867 -0.267237
-0.110665 -0.462435 -0.158392 -0.159008 -0.924744 -0.345782
-0.0170126 0.16433 0.194637 -0.159007 -0.924743 -0.345784
-0.0701709 0.194043 0.222512 0.159007 0.924745 0.34578
-0.123214 -0.438113 0.0586371 -0.159008 -0.924744 -0.345782
-0.335587 -0.186114 0.00611533 -0.96141 0.0653867 0.267237
0.104914 -0.146539 -0.2064 0.96141 -0.0653867 -0.267237
0.161138 0.325571 0.275991 0.985471 -0.088777 -0.144794
-0.0933052 0.0135955 0.273282 0.224516 -0.374931 0.899455
-0.133043 0.109602 0.27011 -0.224516 0.374931 -0.899455
-0.0642614 -0.252382 0.155162 0.224516 -0.374931 0.899455
0.224619 0.0520045 0.156824 -0.224516 0.374931 -0.899455
0.291465 -0.0252212 0.161058 0.224516 -0.374931 0.899455
-0.0584049 -0.120052 -0.304543 -0.224516 0.374931 -0.899455
-0.376326 -0.364987 -0.0966801 -0.96141 0.0653867 0.267237
0.000278382 -0.346217 -0.413467 -0.224516 0.374931 -0.899455
0.122526 -0.313977 -0.102072 0.96141 -0.0653867 -0.267237
0.135377 -0.362473 0.00632777 -0.224516 0.374931 -0.899455
0.116687 0.0393448 -0.209528 0.96141 -0.0653867 -0.267237
0.0862708 -0.436032 -0.0474844 0.224516 -0.374931 0.899455
0.302962 -0.312073 -0.00159225 0.96141 -0.0653866 -0.267237
0.051663 -0.435335 -0.305515 -0.159008 -0.924744 -0.345782
0.256857 0.36342 0.170767 -0.137205 0.564745 -0.81378
-0.0616711 0.093233 -0.214821 -0.224516 0.374931 -0.899455
-0.321483 -0.00942522 0.0136254 -0.96141 0.0653866 0.267237
0.077002 -0.30004 0.0115166 0.224516 -0.374931 0.899455
-0.263256 -0.207645 -0.289922 -0.224516 0.374931 -0.899455
0.342456 0.318175 0.213223 0.959129 -0.0333121 -0.281003
-0.366017 -0.0445719 -0.13799 -0.96141 0.0653866 0.267237
0.172343 -0.118268 0.152006 0.224516 -0.374931 0.899455
0.326507 0.0564186 0.186342 0.224516 -0.374931 0.899455
0.162332 0.0816754 0.23785 0.224516 -0.374931 0.899455
0.184724 -0.172229 0.126423 0.224516 -0.374931 0.899455
-0.189946 0.0840863 0.166406 0.159008 0.924744 0.345782
-0.0656552 -0.32976 0.123255 0.224516 -0.374931 0.899455
0.101744 -0.388098 0.0571521 0.224516 -0.374931 0.899455
-0.261399 0.170027 -0.0305719 0.159008 0.924744 0.345782
-0.231982 0.095784 0.309871 -0.96141 0.0653867 0.267237
-0.227814 -0.276885 -0.327631 -0.224516 0.374931 -0.899455
-0.228276 -0.434835 0.120048 0.224516 -0.374931 0.899455
-0.119268 -0.440847 0.0903318 0.224516 -0.374931 0.899455
-0.0265117 0.073484 -0.23183 -0.224516 0.374931 -0.899455
-0.0562566 -0.0270608 -0.266317 -0.224516 0.374931 -0.899455
0.287841 -0.297301 0.0485478 0.224516 -0.374931 0.899455
-0.0998709 -0.233535 0.171906 0.224516 -0.374931 0.899455
-0.253653 -0.326328 -0.341792 -0.224516 0.374931 -0.899455
-0.0093096 0.0611629 0.144645 0.159008 0.924744 0.345782
0.106176 -0.0136581 -0.234375 0.96141 -0.0653867 -0.267237
-0.200081 -0.200277 0.210784 0.224516 -0.374931 0.899455
-0.129543 0.147132 0.360182 -0.0196608 -0.347203 0.937584
-0.0804345 -0.149003 0.149181 -0.224516 0.374931 -0.899455
0.150556 0.045247 0.225605 0.224516 -0.374931 0.899455
-0.127293 0.00415961 0.277833 0.224516 -0.374931 0.899455
0.0231291 -0.029479 0.173153 -0.224516 0.374931 -0.899455
-0.204749 0.0247089 0.252622 -0.224516 0.374931 -0.899455
0.305922 0.207379 0.140267 0.753104 0.112862 -0.648148
0.270639 -0.236827 0.0780499 0.224516 -0.374931 0.899455
0.339207 -0.143579 0.0875759 0.96141 -0.0653866 -0.267237
0.123809 0.356737 0.224157 0.499715 0.297747 -0.813407
0.00802043 -0.165602 -0.340111 -0.224516 0.374931 -0.899455
0.0438527 -0.140765 0.121591 -0.224516 0.374931 -0.899455
-0.0445873 0.0565757 0.279038 0.224516 -0.374931 0.899455
0.123923 -0.00645487 -0.172291 0.96141 -0.0653867 -0.267237
0.123018 -0.0536592 -0.163994 0.96141 -0.0653867 -0.267237
-0.178323 0.243082 0.240184 -0.692891 0.35402 -0.628149
-0.102368 0.0864613 0.119781 0.159008 0.924744 0.345782
-0.255287 -0.377359 0.0976379 -0.224516 0.374931 -0.899455
0.0285176 -0.0235705 -0.286022 -0.224516 0.374931 -0.899455
0.0740039 0.0765614 0.204656 0.224516 -0.374931 0.899455
0.20298 0.294915 0.166035 -0.69289 0.354021 -0.628151
0.0303585 -0.328298 0.0998981 0.224516 -0.374931 0.899455
0.196856 -0.00571241 0.104288 0.224516 -0.374931 0.899455
-0.238352 -0.00416345 0.213567 0.224516 -0.374931 0.899455
-0.156803 -0.107237 0.185653 -0.224516 0.374931 -0.899455
-0.265388 0.166571 -0.1334 -0.224516 0.374931 -0.899455
-0.169894 0.16432 0.347859 0.159005 0.924745 0.345781
-0.0996549 -0.348779 -0.38959 -0.224516 0.374931 -0.899455
-0.090288 -0.245055 -0.348691 -0.224516 0.374931 -0.899455
-0.131304 0.227374 0.378526 -0.166557 -0.320092 0.932631
0.120565 -0.00110754 0.213768 0.224516 -0.374931 0.899455
0.223512 0.386442 0.246668 -0.545516 0.827735 0.131402
-0.122856 -0.389123 0.0242704 0.224516 -0.374931 0.899455
-0.146763 -0.459565 -0.149468 -0.159008 -0.924744 -0.345782
0.146484 0.380395 0.285682 0.817183 0.575751 -0.0269017
0.241784 -0.313914 8.63946e-06 -0.224516 0.374931 -0.899455
0.0963532 -0.364187 -0.183946 0.96141 -0.0653867 -0.267237
-0.0214595 -0.109887 0.115358 0.224516 -0.374931 0.899455
0.0290971 -0.0496358 -0.297032 -0.224516 0.374931 -0.899455
-0.220785 -0.170366 0.139902 0.224516 -0.374931 0.899455
-0.248567 0.134613 0.0582372 0.159008 0.924744 0.345782
0.198376 0.0547233 0.217619 0.224516 -0.374931 0.899455
-0.0999764 0.132083 0.319028 -0.159007 -0.924744 -0.345783
-0.160133 0.0963995 -0.188924 -0.224516 0.374931 -0.899455
-0.152489 -0.366634 0.0410414 0.224516 -0.374931 0.899455
0.31871 0.378277 0.221559 0.655837 0.734879 -0.172717
-0.167399 -0.288896 -0.347718 -0.224516 0.374931 -0.899455
-0.354344 -0.446841 0.00243024 -0.96141 0.0653867 0.267237
0.264866 0.0296938 0.125046 0.96141 -0.0653862 -0.267238
-0.0287687 -0.160278 0.184695 0.224516 -0.374931 0.899455
-0.0836552 -0.444162 0.056622 -0.159008 -0.924744 -0.345782
0.103442 0.14484 0.191371 -0.159009 -0.924743 -0.345784
-0.250065 -0.290336 0.0972021 0.224516 -0.374931 0.899455
-0.221096 0.0637581 0.235095 0.159008 0.924744 0.345782
-0.119693 -0.0591288 0.161036 0.224516 -0.374931 0.899455
-0.279426 -0.150624 -0.262117 -0.224516 0.374931 -0.899455
0.319816 0.127002 0.142346 0.955514 -0.0560202 -0.289575
-0.0473141 -0.222017 0.0750709 0.224516 -0.374931 0.899455
-0.275526 -0.168803 0.217956 -0.96141 0.0653866 0.267237
-0.255163 -0.17828 -0.279702 -0.224516 0.374931 -0.899455
0.139173 -0.0840614 -0.0984385 0.96141 -0.0653867 -0.267237
-0.17 -0.435832 0.0165677 0.224516 -0.374931 0.899455
-0.2003 -0.129716 -0.273152 -0.224516 0.374931 -0.899455
0.105619 0.0652062 0.192031 -0.224516 0.374931 -0.899455
0.019738 0.165931 -0.204839 -0.224516 0.374931 -0.899455
0.289608 0.153148 0.099824 0.611674 0.182646 -0.769737
-0.252251 -0.433929 0.106785 -0.159008 -0.924744 -0.345782
0.321404 0.0633026 0.137374 -0.224516 0.374931 -0.899455
-0.178568 0.0591086 0.313537 0.224516 -0.374931 0.899455
-0.211043 0.0503934 -0.195394 -0.224516 0.374931 -0.899455
-0.106825 0.291517 0.234415 0.117841 0.329958 -0.936612
-0.270728 -0.350701 0.165715 0.224516 -0.374931 0.899455
0.218858 0.170552 0.261244 -0.309734 -0.285831 0.906844
0.143667 0.0260738 -0.109219 0.96141 -0.0653867 -0.267237
-0.184834 -0.32919 0.0647233 0.224516 -0.374931 0.899455
0.301393 -0.0530873 0.146964 0.224516 -0.374931 0.899455
-0.03971 -0.441209 -0.247786 -0.159008 -0.924744 -0.345782
-0.0511512 -0.38059 0.0984467 0.224516 -0.374931 0.899455
0.0290601 -0.493981 -0.0573594 0.224516 -0.374931 0.899455
-0.286086 -0.0745037 0.156894 -0.96141 0.0653867 0.267237
0.00334652 -0.414077 -0.0176334 0.224516 -0.374931 0.899455
-0.142899 0.31254 0.400304 -0.489344 -0.230369 0.841114
-0.346588 0.0361188 -0.0878354 -0.96141 0.0653866 0.267237
0.149492 -0.045082 0.135107 -0.224516 0.374931 -0.899455
0.0625512 -0.0431905 0.12219 0.224516 -0.374931 0.899455
-0.128134 0.119109 0.0443194 0.159008 0.924744 0.345782
0.0210534 0.129582 0.270061 0.159008 0.924744 0.345782
-0.220065 0.178294 0.271179 -0.986284 0.16449 0.0136386
-0.0819693 -0.359278 0.0265052 0.224516 -0.374931 0.899455
0.158815 -0.182564 -0.0036722 0.96141 -0.0653867 -0.267237
-0.185692 -0.409543 -0.265342 -0.159008 -0.924744 -0.345782
-0.225937 0.153584 0.317478 -0.96141 0.0653867 0.267237
-0.0320362 -0.29785 0.0750541 -0.224516 0.374931 -0.899455
-0.131163 0.182301 0.199068 -0.159005 -0.924744 -0.345782
0.131663 -0.298378 -0.0730164 0.96141 -0.0653867 -0.267237
0.205926 0.136365 0.2498 0.159006 0.924744 0.345782
0.298809 -0.160955 0.0495343 -0.224516 0.374931 -0.899455
-0.154807 -0.391843 0.0665191 -0.224516 0.374931 -0.899455
-0.0504776 -0.0869662 -0.29273 -0.224516 0.374931 -0.899455
-0.363331 -0.110182 -0.224315 -0.224516 0.374931 -0.899455
-0.0931646 -0.211668 0.0908298 0.224516 -0.374931 0.899455
0.233775 -0.0395183 0.169498 0.224516 -0.374931 0.899455
0.200711 -0.325386 0.0585898 0.224516 -0.374931 0.899455
0.0151859 0.23531 0.182506 -0.580335 0.370888 -0.725019
-0.072606 -0.502773 -0.0680158 -0.159008 -0.924744 -0.345782
-0.344675 0.00243277 -0.0727101 -0.96141 0.0653866 0.267237
0.0784716 -0.430311 -0.232098 0.96141 -0.0653867 -0.267237
0.113377 -0.303842 -0.137468 0.96141 -0.0653867 -0.267237
0.300289 -0.382023 0.0101252 0.224516 -0.374931 0.899455
-0.039125 0.257658 0.284987 0.955513 -0.0560186 -0.289579
0.189316 0.17254 0.243555 -0.685799 -0.148491 0.712482
-0.195836 -0.14937 0.230944 0.224516 -0.374931 0.899455
0.139945 -0.0288201 -0.109176 0.96141 -0.0653867 -0.267237
0.115997 -0.24247 -0.143056 0.96141 -0.0653867 -0.267237
-0.342986 -0.443592 -0.101954 -0.159008 -0.924744 -0.345782
-0.0964548 -0.270264 0.0672258 0.224516 -0.374931 0.899455
0.329338 0.270397 0.262412 0.845008 -0.308599 0.436725
0.23965 0.392413 0.217014 -0.339049 0.902785 -0.264624
-0.0752251 -0.448044 -0.213175 -0.159008 -0.924744 -0.345782
0.131362 -0.0523838 0.101181 0.224516 -0.374931 0.899455
0.0416381 0.120163 -0.036571 0.159008 0.924744 0.345782
-0.055248 0.0643516 -0.228464 -0.224516 0.374931 -0.899455
-0.0432371 -0.0785279 0.169273 -0.224516 0.374931 -0.899455
-0.248987 -0.137319 0.160717 0.224516 -0.374931 0.899455
-0.155793 -0.093715 -0.269255 -0.224516 0.374931 -0.899455
-0.217158 0.114818 0.0967323 0.159008 0.924744 0.345782
-0.155777 0.311602 0.256056 -0.539797 0.374684 -0.753811
-0.271333 0.10887 0.137551 0.159008 0.924744 0.345782
-0.177007 -0.0187622 0.192169 0.224516 -0.374931 0.899455
0.340279 0.114626 0.163263 0.159008 0.924744 0.345782
-0.0017793 -0.39626 0.0264798 -0.224516 0.374931 -0.899455
-0.301291 -0.0661208 -0.221435 -0.224516 0.374931 -0.899455
0.276511 -0.167956 0.105293 0.224516 -0.374931 0.899455
0.199453 0.20125 0.25881 -0.611675 -0.182646 0.769737
0.0653293 -0.377701 0.0705757 0.224516 -0.374931 0.899455
-0.343715 -0.0944913 -0.0455431 -0.96141 0.0653866 0.267237
0.0213855 0.38193 0.299607 -0.776874 0.613538 0.141558
0.186703 0.152802 0.131789 -0.159007 -0.924744 -0.345783
0.145703 -0.206408 0.0333979 0.224516 -0.374931 0.899455
0.3046 0.387291 0.25648 0.496353 0.83585 0.234497
0.0618964 -0.384488 -0.302941 0.96141 -0.0653867 -0.267237
-0.0530197 -0.442873 0.039088 -0.159008 -0.924744 -0.345782
0.0742306 -0.0689932 0.108519 0.224516 -0.374931 0.899455
0.0481118 0.271564 0.182669 -0.224515 0.374931 -0.899455
-0.0113924 0.242849 0.230609 -0.944863 0.244093 -0.218296
0.351366 -0.0838397 0.116699 0.96141 -0.0653866 -0.267237
0.308237 0.284739 0.294999 0.539796 -0.374684 0.753812
-0.114931 -0.229128 -0.335901 -0.224516 0.374931 -0.899455
-0.10585 -0.2795 -0.359165 -0.224516 0.374931 -0.899455
-0.0157405 -0.453692 -0.225427 -0.159008 -0.924744 -0.345782
0.025382 0.0276251 0.196394 -0.224516 0.374931 -0.899455
0.0739117 -0.486353 -0.179306 -0.159008 -0.924744 -0.345782
0.0423448 -0.143381 0.173987 0.224516 -0.374931 0.899455
0.213559 0.271524 0.145202 -0.497926 0.377547 -0.780722
0.0465262 -0.169209 0.109067 -0.224516 0.374931 -0.899455
-0.226383 -0.398272 0.0817055 -0.224516 0.374931 -0.899455
0.0128062 -0.51591 -0.07216 -0.159008 -0.924744 -0.345782
-0.0398076 -0.275123 0.139578 0.224516 -0.374931 0.899455
0.369497 0.0165417 0.158989 0.224516 -0.374931 0.899455
0.101305 -0.04951 0.145289 -0.224516 0.374931 -0.899455
-0.215269 0.157183 -0.149824 -0.224516 0.374931 -0.899455
-0.306486 -0.281611 -0.309964 -0.224516 0.374931 -0.899455
0.243607 -0.278549 0.0142952 -0.224516 0.374931 -0.899455
0.280935 0.302404 0.313142 0.200889 -0.207692 0.957344
0.285323 -0.0877493 0.083416 -0.224516 0.374931 -0.899455
-0.117401 -0.398158 0.0545495 -0.224516 0.374931 -0.899455
-0.357947 -0.449877 -0.0782646 -0.159008 -0.924744 -0.345782
0.33067 0.225061 0.212955 0.976976 -0.197845 0.0798445
0.294568 0.102418 0.225124 0.656976 -0.360544 0.662111
0.239112 0.257542 0.129428 -0.127671 0.366557 -0.921594
-0.151135 0.406687 0.344577 -0.611712 0.788763 0.0605009
-0.293625 -0.473398 -0.0449414 -0.159008 -0.924744 -0.345782
-0.0388775 -0.235399 0.155905 0.224516 -0.374931 0.899455
-0.127818 -0.48061 -0.101897 -0.159008 -0.924744 -0.345782
-0.331589 -0.418822 0.0639931 0.224516 -0.374931 0.899455
0.00242948 -0.476072 -0.043247 0.224516 -0.374931 0.899455
-0.248043 -0.487031 -0.0294418 -0.159008 -0.924744 -0.345782
0.0679724 0.388681 0.342585 -0.163217 0.714505 0.680325
0.118228 0.293642 0.348379 0.454813 -0.379472 0.805696
0.127571 0.14897 -0.153127 0.159008 0.924744 0.345782
-0.194171 -0.30609 -0.348203 -0.224516 0.374931 -0.899455
0.00549882 0.0819975 -0.236271 -0.224516 0.374931 -0.899455
-0.160191 0.110401 0.0823491 0.159008 0.924744 0.345782
-0.123271 -0.00301336 0.185321 0.224516 -0.374931 0.899455
0.0816984 0.158512 -0.157551 0.159008 0.924744 0.345782
0.131313 -0.368917 -0.0570172 0.96141 -0.0653867 -0.267237
0.0572691 0.0548 0.131046 0.159008 0.924744 0.345782
-0.379645 -0.395319 -0.101199 -0.96141 0.0653867 0.267237
-0.278521 -0.352607 0.113755 -0.224516 0.374931 -0.899455
-0.332716 0.127527 -0.0602957 -0.96141 0.0653866 0.267237
0.250825 0.26051 0.298897 -0.117847 -0.329956 0.936611
0.134127 0.121407 -0.166867 0.96141 -0.0653867 -0.267237
-0.374388 -0.0337231 -0.170759 -0.96141 0.0653866 0.267237
-0.242151 -0.0589166 0.227099 -0.224516 0.374931 -0.899455
0.00070438 0.132108 -0.214186 -0.224516 0.374931 -0.899455
0.15935 0.0543295 -0.0597102 0.96141 -0.0653867 -0.267237
-0.151789 0.151888 -0.0324667 0.159008 0.924744 0.345782
-0.14359 -0.131062 0.172424 -0.224516 0.374931 -0.899455
0.169486 -0.398052 0.0360938 0.224516 -0.374931 0.899455
-0.293568 -0.371799 -0.316678 -0.159008 -0.924744 -0.345782
-0.244557 -0.168933 0.234951 0.224516 -0.374931 0.899455
0.129948 -0.0270709 -0.14557 0.96141 -0.0653867 -0.267237
-0.160379 -0.0135391 0.278714 0.224516 -0.374931 0.899455
0.249887 -0.0824791 0.147569 0.224516 -0.374931 0.899455
-0.16925 0.314347 0.376613 -0.812924 -0.0761124 0.577374
-0.0378969 -0.0552584 -0.282653 -0.224516 0.374931 -0.899455
-0.247009 -0.0805018 0.183907 0.224516 -0.374931 0.899455
-0.0469068 -0.302317 0.130015 0.224516 -0.374931 0.899455
-0.197595 -0.375903 0.0838438 -0.224516 0.374931 -0.899455
-0.252067 -0.0639883 -0.232833 -0.224516 0.374931 -0.899455
-0.207647 0.0194472 0.304263 0.224516 -0.374931 0.899455
0.308865 -0.131728 0.112318 0.224516 -0.374931 0.899455
0.11849 0.0895206 0.198953 -0.224516 0.374931 -0.899455
0.336387 0.0895491 0.144575 -0.224516 0.374931 -0.899455
-0.291417 -0.43367 0.124102 -0.159008 -0.924744 -0.345782
-0.11901 -0.33523 0.0811822 -0.224516 0.374931 -0.899455
-0.0703145 -0.178075 0.187647 0.224516 -0.374931 0.899455
-0.0928038 -0.323359 0.0441818 0.224516 -0.374931 0.899455
-0.214462 -0.0756495 -0.24708 -0.224516 0.374931 -0.899455
-0.0745966 0.0612384 0.174465 0.159008 0.924744 0.345782
-0.201164 -0.250136 -0.323133 -0.224516 0.374931 -0.899455
0.309051 0.194796 0.245653 0.75947 -0.338352 0.555629
-0.097565 0.0913115 0.236151 0.96141 -0.0653866 -0.267237
-0.216713 -0.32043 0.16485 0.224516 -0.374931 0.899455
-0.0233317 -0.365248 0.00937974 0.224516 -0.374931 0.899455
-0.144905 -0.127087 -0.285884 -0.224516 0.374931 -0.899455
0.286831 0.266304 0.297549 0.319132 -0.379579 0.868375
-0.339171 -0.154058 -0.0146208 -0.96141 0.0653867 0.267237
0.082327 -0.0882706 -0.301917 0.96141 -0.0653867 -0.267237
-0.0345331 0.149132 -0.0790168 0.159008 0.924744 0.345782
0.363861 0.0563339 0.127355 0.96141 -0.0653866 -0.267237
-0.0734218 0.254142 0.235988 0.57229 0.19906 -0.795524
-0.250901 -0.358684 0.0689204 0.224516 -0.374931 0.899455
0.126344 -0.208901 0.125709 0.224516 -0.374931 0.899455
0.104924 -0.227066 -0.186661 0.96141 -0.0653867 -0.267237
0.322058 0.174624 0.181836 0.987265 -0.147179 -0.0603837
-0.144652 -0.287898 0.160424 0.224516 -0.374931 0.899455
0.171714 -0.455871 -0.0294944 -0.159008 -0.924744 -0.345783
0.283127 -0.378469 -0.0372204 -0.224516 0.374931 -0.899455
0.158111 0.353905 0.273363 0.944293 0.254682 -0.20844
0.197574 -0.270633 0.0290854 -0.224516 0.374931 -0.899455
-0.0591179 -0.418856 -0.298643 -0.159008 -0.924744 -0.345782
-0.161311 -0.0422716 0.178452 0.224516 -0.374931 0.899455
-0.310307 -0.354574 0.120869 -0.224516 0.374931 -0.899455
-0.196924 0.158203 -0.0285986 0.159008 0.924744 0.345782
-0.159912 0.137585 0.351761 -0.309738 -0.28583 0.906843
0.160835 -0.151115 0.141187 0.224516 -0.374931 0.899455
0.171343 -0.0333632 0.0991302 0.224516 -0.374931 0.899455
0.168769 -0.095595 0.109239 -0.224516 0.374931 -0.899455
0.244309 -0.432719 0.00296637 0.224516 -0.374931 0.899455
-0.140579 0.36366 0.271353 -0.454814 0.379472 -0.805696
0.315537 -0.233926 0.0245243 0.96141 -0.0653866 -0.267237
0.0495239 -0.275425 -0.374137 0.96141 -0.0653867 -0.267237
0.130933 -0.185426 -0.103282 0.96141 -0.0653867 -0.267237
0.14127 -0.218188 -0.0580753 0.96141 -0.0653867 -0.267237
0.0393448 -0.168175 -0.349002 -0.224516 0.374931 -0.899455
-0.307307 -0.315393 -0.32384 -0.224516 0.374931 -0.899455
-0.064109 -0.263491 0.0619752 0.224516 -0.374931 0.899455
-0.0414472 0.137732 0.277006 0.159008 0.924744 0.345782
