ply
format ascii 1.0
comment Created by Open3D
element vertex 2096
property double x
property double y
property double z
property double nx
property double ny
property double nz
end_header
-0.155993 0.384758 -0.39517 -0.696673 0.716503 -0.0356539
-0.0662835 0.224795 0.18143 -0.597242 -0.551745 0.582134
-0.190267 0.0415242 -0.495208 -0.397429 -0.426851 -0.812311
-0.290732 0.256663 -0.0121725 -0.474101 0.732712 0.488222
-0.452453 0.100322 -0.318409 -0.696673 0.716503 -0.0356538
0.202658 0.389262 -0.206444 0.597242 0.551745 -0.582134
0.180656 0.642323 0.140564 0.397429 0.426851 0.812311
-0.0531678 0.25263 -0.59841 0.597242 0.551745 -0.582134
0.17812 0.426742 0.255088 0.397429 0.426851 0.812311
-0.143843 0.395483 0.258024 -0.828322 -0.214061 0.517746
-0.283873 -0.489643 0.0195794 -0.584289 -0.537878 0.607696
0.0344705 0.596798 0.144372 -0.696673 0.716503 -0.0356539
0.0229342 -0.247984 0.123637 0.771107 -0.594682 0.227481
-0.266876 -0.25037 0.188377 -0.745321 0.666466 0.0178843
0.608312 0.14057 0.19499 0.397429 0.426851 0.812311
-0.061618 0.504994 0.177028 -0.696673 0.716503 -0.0356539
0.429489 -0.045128 -0.38544 0.597242 0.551745 -0.582134
0.167831 0.170406 -0.449607 0.597242 0.551745 -0.582134
0.00774904 -0.425588 -0.346632 -0.397429 -0.426851 -0.812311
-0.484974 -0.225707 -0.210597 -0.397429 -0.426851 -0.812311
0.25616 -0.312793 -0.115868 0.696673 -0.716503 0.0356539
-0.212054 0.335443 -0.290785 -0.696673 0.716503 -0.0356539
0.0863674 -0.472604 -0.00972752 0.696673 -0.716503 0.0356539
0.386968 -0.169243 -0.543001 0.785641 0.299125 -0.541564
-0.236654 -0.505721 0.00363827 0.503705 -0.839073 0.205519
-0.545954 -0.0500159 0.0911454 -0.584289 -0.537878 0.607695
0.574334 0.292396 0.151126 0.796752 -0.491503 0.351584
0.513945 -0.0527626 0.0726128 0.696673 -0.716503 0.0356539
-0.213954 -0.421574 -0.289322 -0.397429 -0.426851 -0.812311
-0.439309 0.105765 -0.377201 -0.797957 0.48205 -0.36179
0.131752 0.553308 -0.123709 0.597242 0.551745 -0.582134
0.393354 0.441768 0.141887 0.397429 0.426851 0.812311
0.356391 -0.215463 -0.118427 0.696673 -0.716503 0.0356539
0.194521 0.503296 -0.106712 0.597242 0.551745 -0.582134
-0.185818 -0.45473 0.0800482 0.688435 -0.723953 0.0441474
0.241192 0.6452 0.0846681 0.715544 0.69046 -0.106123
-0.610675 -0.0948101 -0.0107307 -0.584289 -0.537878 0.607695
-0.132898 -0.103772 0.112373 0.397429 0.426851 0.812311
0.56694 -0.0105802 -0.11519 0.696673 -0.716503 0.0356539
-0.18362 0.298714 -0.632268 -0.388377 -0.222354 -0.894272
-0.238096 0.321404 -0.0640368 -0.696673 0.716503 -0.0356539
-0.060981 -0.0100689 -0.531351 -0.397429 -0.426851 -0.812311
0.409924 0.438034 0.135742 0.397429 0.426851 0.812311
0.651737 0.0806996 0.0622422 0.696673 -0.716503 0.0356539
0.396646 0.0506878 -0.328321 0.597242 0.551745 -0.582134
0.491866 0.00405782 -0.274826 0.597242 0.551745 -0.582134
0.0537771 -0.319308 0.1343 0.397429 0.426851 0.812311
0.115034 -0.443855 -0.377511 0.154117 -0.791217 -0.591797
-0.0519121 -0.0212174 -0.529929 -0.397429 -0.426851 -0.812311
0.0255917 -0.278394 0.126591 0.397429 0.426851 0.812311
0.091692 0.248474 0.360749 -0.411997 -0.358919 0.837518
-0.138007 0.375427 0.250615 -0.597242 -0.551745 0.582134
0.434903 -0.127485 0.115473 0.696673 -0.716503 0.0356539
0.263073 0.514402 0.16746 0.397429 0.426851 0.812311
-0.344926 -0.3295 0.0370561 -0.584289 -0.537878 0.607695
-0.233672 -0.248375 -0.340402 -0.795656 0.499113 -0.343247
-0.185851 0.36401 0.174918 -0.908043 0.0553733 0.415202
-0.0444973 -0.316114 0.180703 0.397429 0.426851 0.812311
-0.430412 0.121356 -0.326388 -0.696673 0.716503 -0.0356538
-0.0118779 0.510277 -0.295501 -0.00281692 0.885787 -0.464083
0.101077 -0.416438 -0.397101 -0.397429 -0.426851 -0.812311
-0.31787 -0.213227 0.165985 -0.584289 -0.537878 0.607695
0.55955 0.270252 0.0469124 0.597242 0.551745 -0.582134
-0.15455 -0.146957 -0.41364 -0.397429 -0.426851 -0.812311
0.210877 -0.351242 -0.00373804 0.696673 -0.716503 0.0356539
-0.199387 -0.129353 -0.400953 -0.397429 -0.426851 -0.812311
-0.100211 0.0457986 0.0210214 0.155853 0.199678 0.967387
-0.128125 0.431042 -0.00957186 -0.696673 0.716503 -0.0356539
-0.0956236 0.315281 0.237091 -0.597242 -0.551745 0.582134
-0.525813 -0.299784 -0.112294 -0.662537 -0.623568 0.414979
0.447596 -0.00138862 -0.325408 0.597242 0.551745 -0.582134
-0.0429974 -0.434749 0.222487 -0.234471 -0.180448 0.955229
0.563392 -0.0120448 -0.0753003 0.696673 -0.716503 0.0356539
-0.152973 0.160762 0.0318148 -0.587306 -0.541101 0.601898
-0.210509 -0.280492 -0.365143 -0.397429 -0.426851 -0.812311
0.048395 -0.502682 0.127792 0.696673 -0.716503 0.0356539
-0.200716 -0.565668 -0.17103 -0.397429 -0.426851 -0.812311
-0.503954 -0.213555 -0.0132222 -0.584289 -0.537878 0.607695
-0.0361041 -0.600402 -0.187308 0.665548 -0.745962 -0.0242
-0.420686 -0.131153 -0.291736 -0.397429 -0.426851 -0.812311
0.379114 0.122215 0.349558 0.783527 -0.246227 0.570489
0.074067 -0.102386 -0.597964 -0.397429 -0.426851 -0.812311
0.0958757 0.654404 0.139109 -0.565446 0.804391 0.182279
-0.514095 -0.137102 0.0446972 -0.584289 -0.537878 0.607695
0.108233 0.000767389 0.21659 -0.597242 -0.551745 0.582134
-0.180092 -0.306589 -0.366311 -0.397429 -0.426851 -0.812311
0.191805 -0.346241 -0.477798 -0.27248 -0.543055 -0.794258
0.290475 0.090947 -0.399091 0.597242 0.551745 -0.582134
-0.147229 -0.335261 -0.367324 -0.397429 -0.426851 -0.812311
0.231398 -0.212615 0.0722618 -0.597242 -0.551745 0.582134
-0.225857 0.333416 -0.0617945 -0.696673 0.716503 -0.0356539
0.0103958 -0.00198632 -0.57052 -0.397429 -0.426851 -0.812311
0.295344 -0.208287 -0.601526 -0.397429 -0.426851 -0.812311
-0.124981 -0.625085 -0.0131668 -0.566906 -0.555408 0.608391
-0.0229881 -0.570051 0.0919655 0.439704 -0.862078 0.251957
-0.136129 0.404959 -0.377323 -0.696673 0.716503 -0.0356539
0.0712321 -0.219153 -0.520146 0.232315 -0.813683 -0.532869
0.11508 -0.0162257 0.207508 -0.597242 -0.551745 0.582134
-0.0701772 0.48708 -0.0157135 -0.696673 0.716503 -0.0356539
-0.589045 -0.110448 -0.220245 -0.397429 -0.426851 -0.812311
0.37712 0.303639 0.271464 0.397429 0.426851 0.812311
0.501855 -0.0760628 -0.159393 0.696673 -0.716503 0.0356539
0.0513564 -0.510019 -0.0775086 0.696673 -0.716503 0.0356539
0.34585 0.128626 -0.306566 0.597242 0.551745 -0.582134
-0.199841 -0.275077 0.27098 -0.128598 -0.0758356 0.988793
0.126583 -0.000449805 -0.648005 0.3807 0.326994 -0.864952
-0.070976 0.215068 -0.631143 0.123971 0.0712905 -0.989722
-0.180432 0.374746 -0.118836 -0.696673 0.716503 -0.0356539
0.19017 0.0903864 0.385593 -0.597242 -0.551745 0.582134
0.0666112 0.174138 0.269762 -0.597242 -0.551745 0.582134
-0.121158 -0.409406 -0.303579 0.58925 -0.794236 -0.148232
-0.188065 0.315579 -0.630012 -0.505124 0.21449 -0.835969
-0.392641 0.168528 -0.116457 -0.696673 0.716503 -0.0356539
-0.139338 0.0495994 -0.524368 -0.397429 -0.426851 -0.812311
0.603659 0.160821 0.186625 0.397429 0.426851 0.812311
0.092971 -0.378005 0.145968 0.397429 0.426851 0.812311
-0.189627 -0.467663 -0.252258 0.41067 -0.833803 -0.368948
0.145975 -0.203441 -0.530993 -0.397429 -0.426851 -0.812311
-0.129747 0.00197751 0.0552623 0.397429 0.426851 0.812311
0.0625356 0.557057 -0.190856 0.544374 0.602958 -0.583179
0.242204 0.313819 -0.237376 0.597242 0.551745 -0.582134
-0.427666 -0.289437 -0.205146 -0.397429 -0.426851 -0.812311
0.612855 0.138305 -0.0234581 0.597242 0.551745 -0.582134
0.520766 0.240817 0.199866 0.783854 -0.555289 0.277896
-0.0714043 -0.391981 0.222505 -0.0683717 -0.016842 0.997518
-0.503838 -0.0730719 -0.281573 -0.397429 -0.426851 -0.812311
-0.256702 0.221983 0.0113058 -0.0189654 0.0312871 0.99933
0.0752378 0.156117 -0.558146 0.597242 0.551745 -0.582134
0.444707 -0.141095 -0.349613 0.696673 -0.716503 0.0356539
-0.418333 0.142314 -0.14123 -0.696673 0.716503 -0.0356538
-0.109395 0.462899 0.264652 -0.696673 0.716503 -0.0356539
0.145435 0.275072 0.350778 0.397429 0.426851 0.812311
-0.354632 0.201112 -0.204351 -0.696673 0.716503 -0.0356539
0.0181162 0.180427 -0.593709 0.597242 0.551745 -0.582134
-0.105033 0.132968 -0.58496 -0.397429 -0.426851 -0.812311
-0.337343 0.211155 -0.340335 -0.696673 0.716503 -0.0356538
0.220893 -0.0279705 -0.583188 0.597242 0.551745 -0.582134
-0.548558 0.0135334 -0.184632 -0.696673 0.716503 -0.0356538
0.384834 0.269641 -0.132916 0.597242 0.551745 -0.582134
-0.103978 0.0944144 -0.565218 -0.397429 -0.426851 -0.812311
0.224948 0.141271 -0.418622 0.597242 0.551745 -0.582134
0.392955 -0.197301 -0.467911 0.696673 -0.716503 0.0356539
0.392309 -0.197934 -0.468016 0.696673 -0.716503 0.0356539
-0.500914 -0.247739 -0.191221 -0.397429 -0.426851 -0.812311
-0.332758 0.227879 0.00718758 -0.46961 0.828909 0.303934
-0.405398 -0.377622 -0.169702 -0.397429 -0.426851 -0.812311
-0.628331 -0.0607451 -0.0388407 -0.860296 0.474854 0.185486
-0.147439 -0.13876 0.1539 -0.539478 0.813433 0.217464
0.20517 0.36868 0.272363 0.397429 0.426851 0.812311
0.105948 -0.100363 0.118394 -0.597242 -0.551745 0.582134
-0.383461 -0.230009 0.0880655 -0.584289 -0.537878 0.607695
0.130557 0.260382 0.364443 0.256909 0.295585 0.920124
0.521068 -0.0509816 -0.0307629 0.696673 -0.716503 0.0356539
-0.227441 -0.477268 -0.249733 -0.10049 -0.668603 -0.736798
0.435474 -0.152676 -0.427163 0.8106 -0.578208 -0.0927566
-0.0301393 -0.364224 0.198959 0.397429 0.426851 0.812311
-0.0121161 0.036542 -0.579751 -0.397429 -0.426851 -0.812311
-0.348861 0.0910516 0.115659 0.397429 0.426851 0.812311
-0.243931 -0.503949 -0.221601 0.115532 -0.777408 -0.618295
0.516061 -0.0587697 -0.27926 0.913485 -0.268108 -0.306044
0.437159 -0.127945 0.0621451 0.696673 -0.716503 0.0356539
0.267691 -0.102149 -0.60419 0.520497 0.47064 -0.712447
-0.559194 -0.229914 -0.172073 -0.397429 -0.426851 -0.812311
0.40802 0.19736 -0.177637 0.597242 0.551745 -0.582134
-0.0802218 -0.638642 -0.15943 0.506956 -0.822114 -0.259084
0.146588 -0.0588041 0.199478 -0.597242 -0.551745 0.582134
0.0789725 0.463149 -0.26331 0.597242 0.551745 -0.582134
0.471191 -0.0140126 -0.313165 0.597242 0.551745 -0.582134
0.527205 0.37753 0.15445 0.615172 0.622237 0.484132
0.452784 -0.114214 0.0327632 0.696673 -0.716503 0.0356539
-0.305114 0.251108 -0.167193 -0.696673 0.716503 -0.0356539
-0.16107 0.0422831 0.0494077 0.397429 0.426851 0.812311
-0.194728 0.365259 -0.0301223 -0.696673 0.716503 -0.0356539
-0.491314 0.0792364 0.0171965 -0.696673 0.716503 -0.0356538
-0.142422 0.334872 0.207647 -0.597242 -0.551745 0.582134
0.238503 -0.0698676 0.214847 -0.597242 -0.551745 0.582134
-0.0758889 0.457448 -0.388836 -0.353756 0.888069 -0.293582
0.220129 0.338137 0.281094 0.397429 0.426851 0.812311
-0.0791686 -0.286517 0.231164 0.397429 0.426851 0.812311
0.0789869 -0.0781852 -0.613088 -0.397429 -0.426851 -0.812311
-0.527981 -0.22977 -0.18742 -0.397429 -0.426851 -0.812311
-0.358601 0.139004 -0.463223 -0.510665 -0.298091 -0.806451
0.477833 -0.0882416 0.0652595 0.696673 -0.716503 0.0356539
0.154364 -0.194301 0.0193988 0.397429 0.426851 0.812311
0.151725 0.565167 0.195263 0.397429 0.426851 0.812311
-0.482488 -0.00549893 0.190946 -0.526418 -0.47682 0.703937
-0.0863627 0.470128 -0.0401213 -0.696673 0.716503 -0.0356539
0.0305894 -0.392561 0.184137 0.397429 0.426851 0.812311
-0.342869 -0.157678 0.191116 -0.584289 -0.537878 0.607695
-0.55382 -0.198012 -0.0474099 -0.584289 -0.537878 0.607695
0.353028 -0.114053 0.290465 -0.597242 -0.551745 0.582134
0.108814 0.0798237 0.289479 -0.761891 -0.339891 0.551359
-0.224674 0.339742 0.0422063 -0.696673 0.716503 -0.0356539
0.196694 -0.213115 0.0361832 -0.597242 -0.551745 0.582134
0.10323 -0.466066 -0.207838 0.696673 -0.716503 0.0356539
-0.213194 0.339605 -0.184843 -0.696673 0.716503 -0.0356539
0.382009 -0.209012 -0.489365 0.696673 -0.716503 0.0356539
-0.485689 -0.107048 0.0986097 -0.584289 -0.537878 0.607695
0.0868645 0.230594 0.34405 -0.597242 -0.551745 0.582134
-0.359287 -0.452914 -0.0204204 -0.584289 -0.537878 0.607696
0.531515 0.291004 0.0378179 0.597242 0.551745 -0.582134
-0.0971244 -0.655072 -0.140014 0.536844 -0.814235 -0.220953
-0.312614 -0.110833 0.203817 0.351893 0.384617 0.85337
0.158001 0.0655498 -0.559074 0.597242 0.551745 -0.582134
-0.144591 -0.545708 -0.208978 -0.397429 -0.426851 -0.812311
-0.0906238 -0.650513 -0.126613 0.696673 -0.716503 0.0356539
-0.0281421 0.250695 -0.574568 0.597242 0.551745 -0.582134
0.321554 0.051882 -0.40423 0.597242 0.551745 -0.582134
-0.528289 -0.130856 0.0365777 -0.584289 -0.537878 0.607695
0.584122 0.12021 0.217524 0.397429 0.426851 0.812311
-0.0199004 -0.282039 -0.455049 -0.158139 -0.630543 -0.759873
0.575528 0.191472 -0.011362 0.597242 0.551745 -0.582134
0.407247 -0.158708 0.0284061 0.696673 -0.716503 0.0356539
-0.0451689 -0.124946 0.129628 0.397429 0.426851 0.812311
-0.198198 0.252617 -0.602252 -0.397429 -0.426851 -0.812311
-0.24057 0.0279414 -0.463459 -0.397429 -0.426851 -0.812311
0.495191 0.310981 0.209839 0.397429 0.426851 0.812311
-0.316998 0.151088 -0.490777 -0.397429 -0.426851 -0.812311
-0.377844 0.117979 0.11569 0.397429 0.426851 0.812311
0.463337 0.366436 0.0393652 0.597242 0.551745 -0.582134
-0.0533453 -0.614377 -0.183609 0.536844 -0.814235 -0.220953
-0.156018 -0.0654531 0.103549 0.397429 0.426851 0.812311
0.291471 0.0994525 -0.390007 0.597242 0.551745 -0.582134
-0.384842 -0.393527 -0.198748 -0.800096 0.359061 -0.480544
-0.163121 -0.347675 0.261085 -0.549899 -0.501442 0.667957
0.269077 -0.0457126 0.269109 -0.597242 -0.551745 0.582134
0.0629868 0.561231 0.240747 0.397429 0.426851 0.812311
-0.615418 -0.0635276 -0.00172854 -0.889235 0.0167715 0.457143
0.540433 -0.0222932 0.167357 0.696673 -0.716503 0.0356539
0.336478 -0.125416 0.262716 -0.597242 -0.551745 0.582134
0.52292 0.228941 -0.0298228 0.597242 0.551745 -0.582134
0.17403 0.481728 -0.148176 0.597242 0.551745 -0.582134
-0.103682 0.441457 -0.277875 -0.696673 0.716503 -0.0356539
0.233295 0.247605 0.322225 0.397429 0.426851 0.812311
-0.138252 0.400699 -0.421468 -0.696673 0.716503 -0.0356539
-0.195072 0.353495 -0.259812 -0.696673 0.716503 -0.0356539
-0.268842 0.15527 -0.516535 -0.397429 -0.426851 -0.812311
0.0150885 0.562742 -0.161287 -0.696673 0.716503 -0.0356539
-0.209388 0.0959858 0.044828 0.397429 0.426851 0.812311
-0.0038581 0.556082 0.0750763 -0.696673 0.716503 -0.0356539
0.253804 0.029907 0.391373 -0.389031 -0.723359 0.570444
-0.0179559 -0.0753723 0.0902641 0.397429 0.426851 0.812311
-0.0804249 0.112975 0.0609397 -0.597242 -0.551745 0.582134
-0.562973 -0.10081 0.0298243 -0.584289 -0.537878 0.607695
-0.12058 0.333374 0.228636 -0.597242 -0.551745 0.582134
0.246437 -0.0793516 0.213998 -0.597242 -0.551745 0.582134
0.370293 -0.0137012 -0.416387 0.597242 0.551745 -0.582134
0.0862555 -0.468961 0.0656805 0.696673 -0.716503 0.0356539
-0.133014 0.43703 0.268082 -0.848859 0.507256 0.148759
0.113761 0.0539522 -0.615454 0.597242 0.551745 -0.582134
0.350784 -0.217213 -0.0440422 0.696673 -0.716503 0.0356539
-0.247735 -0.555473 -0.0695075 -0.584289 -0.537878 0.607695
-0.195905 -0.101016 -0.417548 -0.397429 -0.426851 -0.812311
-0.398315 -0.319113 -0.203912 -0.397429 -0.426851 -0.812311
-0.426644 0.135788 -0.110001 -0.696673 0.716503 -0.0356538
0.214525 0.225683 0.346164 -0.667524 0.744302 0.020628
0.425368 -0.129037 0.270591 0.696673 -0.716503 0.0356539
0.086508 -0.481549 -0.192229 0.696673 -0.716503 0.0356539
0.236236 0.624995 0.0514321 0.597242 0.551745 -0.582134
-0.0956313 0.456928 -0.124284 -0.696673 0.716503 -0.0356539
-0.00908356 -0.0228731 -0.550014 -0.397429 -0.426851 -0.812311
0.168594 -0.114718 -0.632602 -0.0406888 -0.704018 -0.709015
0.110528 0.646938 0.164231 -0.0369403 0.743949 0.667214
-0.309943 -0.18468 -0.31779 -0.397429 -0.426851 -0.812311
-0.190709 0.356531 -0.284079 -0.696673 0.716503 -0.0356539
-0.0236687 -0.11216 0.11239 0.397429 0.426851 0.812311
-0.187897 -0.164684 -0.388009 -0.397429 -0.426851 -0.812311
-0.457378 -0.323899 -0.1725 -0.397429 -0.426851 -0.812311
0.0101041 0.561857 -0.0816878 -0.696673 0.716503 -0.0356539
0.0534377 -0.504439 -0.00604915 0.696673 -0.716503 0.0356539
0.239766 0.435638 -0.124419 0.597242 0.551745 -0.582134
0.236628 0.268783 -0.285782 0.597242 0.551745 -0.582134
0.519254 0.237647 0.196878 0.759749 -0.621798 0.190129
0.140573 0.276966 0.352162 0.397429 0.426851 0.812311
-0.309079 0.145308 -0.491614 -0.397429 -0.426851 -0.812311
-0.225093 -0.504968 -0.00303555 -0.584289 -0.537878 0.607696
0.19339 0.671219 0.0512851 0.597242 0.551745 -0.582134
-0.510981 -0.151443 -0.236896 -0.397429 -0.426851 -0.812311
-0.438582 0.0020876 -0.352995 -0.397429 -0.426851 -0.812311
0.263601 -0.0596052 -0.569355 0.597242 0.551745 -0.582134
0.265536 -0.26871 0.0443593 -0.131859 -0.849473 0.510891
0.281926 0.256628 -0.25083 0.597242 0.551745 -0.582134
0.0390501 0.500291 0.28448 0.397429 0.426851 0.812311
0.0826477 0.471487 -0.251637 0.597242 0.551745 -0.582134
-0.0740672 -0.609437 0.0314336 0.0572151 -0.88362 0.464696
0.251051 0.169423 -0.365159 0.597242 0.551745 -0.582134
0.519348 -0.0422653 0.177998 0.696673 -0.716503 0.0356539
0.488365 0.252527 0.242733 0.540751 0.259042 0.800304
0.355342 -0.222433 -0.237991 0.696673 -0.716503 0.0356539
-0.182665 -0.524331 0.02062 -0.584289 -0.537878 0.607696
-0.140013 0.398638 -0.428468 -0.696673 0.716503 -0.0356539
-0.557239 0.0134144 -0.0174006 -0.696673 0.716503 -0.0356538
-0.0193534 0.167311 -0.627926 0.201474 0.147812 -0.968277
0.0301015 0.0842477 -0.623467 -0.223731 -0.264223 -0.938153
-0.368788 0.156752 -0.455566 -0.767788 0.183392 -0.613896
0.219489 -0.192008 0.0795745 -0.597242 -0.551745 0.582134
0.0671751 0.446371 -0.291315 0.597242 0.551745 -0.582134
0.509622 0.341861 0.0635591 0.597242 0.551745 -0.582134
0.251901 -0.329212 -0.36262 0.696673 -0.716503 0.0356539
0.388396 0.294201 0.270907 0.397429 0.426851 0.812311
0.160412 0.597154 -0.052747 0.597242 0.551745 -0.582134
-0.000876605 -0.395509 0.201081 0.397429 0.426851 0.812311
-0.550614 0.0167221 -0.0803796 -0.696673 0.716503 -0.0356538
-0.303079 -0.3113 0.147282 -0.879774 -0.0236394 0.474805
0.381576 0.0151263 -0.377488 0.597242 0.551745 -0.582134
-0.202927 -0.313362 0.253436 -0.584289 -0.537878 0.607696
-0.444153 0.00153364 -0.349978 -0.397429 -0.426851 -0.812311
0.235961 -0.0131376 0.318197 0.00516081 -0.88625 0.463179
0.268618 0.0992768 -0.41362 0.597242 0.551745 -0.582134
0.202001 0.308708 0.305428 0.397429 0.426851 0.812311
0.216253 0.299383 -0.277684 0.597242 0.551745 -0.582134
-0.516728 0.0562444 0.0517286 -0.696673 0.716503 -0.0356538
0.101859 0.65553 0.00876686 -0.681812 0.729822 -0.0499234
-0.081489 0.365558 -0.520433 0.597242 0.551745 -0.582134
0.53882 0.165744 0.215761 0.397429 0.426851 0.812311
0.0236246 0.3472 0.362534 -0.0593365 -0.00796763 0.998206
0.0201874 -0.545389 -0.179264 0.696673 -0.716503 0.0356539
-0.16358 0.37881 -0.366448 -0.696673 0.716503 -0.0356539
0.309239 0.423243 -0.0648906 0.597242 0.551745 -0.582134
0.511406 -0.0479921 -0.293142 0.877297 0.0828249 -0.472746
0.453665 -0.0226707 0.356431 0.397429 0.426851 0.812311
-0.0347764 -0.0346967 -0.53123 -0.397429 -0.426851 -0.812311
-0.385614 -0.523244 -0.108748 -0.644961 -0.6038 0.468456
0.521956 -0.00852608 -0.255792 0.64686 0.497557 -0.577935
-0.0999468 -0.590553 0.0415381 -0.584289 -0.537878 0.607695
-0.142509 -0.430087 -0.275005 0.663008 -0.748058 -0.0287926
-0.191164 -0.445562 0.123192 0.173253 -0.895308 0.410375
-0.179052 0.35432 -0.556275 -0.696673 0.716503 -0.0356539
0.322171 -0.0482672 -0.498519 0.597242 0.551745 -0.582134
-0.127678 0.41241 -0.392732 -0.696673 0.716503 -0.0356539
-0.16872 -0.280131 -0.385778 -0.397429 -0.426851 -0.812311
-0.136393 -0.292478 0.262294 0.397429 0.426851 0.812311
-0.0433909 -0.262834 0.200679 0.480197 0.335367 0.810518
0.500499 0.410533 0.142971 0.691435 0.683886 0.232847
-0.326696 -0.156235 -0.324541 -0.397429 -0.426851 -0.812311
0.390611 -0.171422 0.0979672 0.696673 -0.716503 0.0356539
0.0474404 0.487331 -0.272741 0.597242 0.551745 -0.582134
0.258153 0.313595 -0.221226 0.597242 0.551745 -0.582134
-0.174283 0.361778 -0.499578 -0.696673 0.716503 -0.0356539
0.313998 0.247685 -0.226402 0.597242 0.551745 -0.582134
0.529229 0.262751 0.00869472 0.597242 0.551745 -0.582134
0.208762 -0.0793245 0.175371 -0.597242 -0.551745 0.582134
0.0983265 0.588719 -0.124439 0.597242 0.551745 -0.582134
0.456881 0.234352 -0.0924475 0.597242 0.551745 -0.582134
0.490798 0.401646 0.100911 0.597242 0.551745 -0.582133
0.204042 0.402061 0.255374 0.397429 0.426851 0.812311
-0.50753 0.066267 0.0734189 -0.696673 0.716503 -0.0356538
0.223335 0.0608405 0.391615 -0.597242 -0.551745 0.582134
0.2894 0.450477 0.188171 0.397429 0.426851 0.812311
-0.258976 -0.125579 -0.373783 -0.397429 -0.426851 -0.812311
0.0474893 -0.466463 -0.344596 -0.397429 -0.426851 -0.812311
0.228816 -0.150594 -0.599293 -0.397429 -0.426851 -0.812311
0.103543 -0.0846543 0.130816 -0.597242 -0.551745 0.582134
0.151464 0.603014 -0.0563743 0.597242 0.551745 -0.582134
0.412429 0.20954 -0.16157 0.597242 0.551745 -0.582134
-0.28974 -0.200256 0.202935 -0.474955 -0.423422 0.771448
-0.438711 -0.438267 -0.139677 -0.87919 0.413576 -0.236601
0.356954 -0.224672 -0.314493 0.696673 -0.716503 0.0356539
-0.207421 0.328314 -0.524561 -0.696673 0.716503 -0.0356539
0.194782 -0.291306 -0.508701 -0.397429 -0.426851 -0.812311
-0.323244 -0.488716 -0.0174539 -0.584289 -0.537878 0.607696
0.426454 0.402409 0.185066 -0.116822 0.777898 0.617436
0.292123 0.0823916 -0.405509 0.597242 0.551745 -0.582134
0.393444 0.135534 -0.251189 0.597242 0.551745 -0.582134
0.209605 0.0345336 -0.535528 0.597242 0.551745 -0.582134
-0.24305 0.302548 -0.346173 -0.696673 0.716503 -0.0356539
9.1385e-05 -0.541733 0.147093 0.320803 -0.888179 0.328972
-0.304784 0.106681 -0.473418 -0.397429 -0.426851 -0.812311
-0.109728 0.444035 0.330547 -0.899448 0.00584492 0.436989
0.46866 0.221758 -0.0922993 0.597242 0.551745 -0.582134
0.293061 0.100095 -0.387767 0.597242 0.551745 -0.582134
0.200774 0.178074 -0.408541 0.597242 0.551745 -0.582134
-0.142521 0.278644 0.154253 -0.597242 -0.551745 0.582134
0.154171 -0.202765 -0.535358 -0.397429 -0.426851 -0.812311
0.299563 -0.213132 0.140376 -0.430088 -0.695326 0.575801
0.506622 0.153065 0.238177 0.397429 0.426851 0.812311
-0.36123 0.200633 -0.085027 -0.696673 0.716503 -0.0356539
-0.243721 -0.511406 -0.00294393 0.446145 -0.860066 0.247471
-0.291056 0.0365463 0.116019 0.397429 0.426851 0.812311
0.056004 -0.505175 -0.0709666 0.696673 -0.716503 0.0356539
-0.0834027 0.467646 -0.147839 -0.696673 0.716503 -0.0356539
-0.125187 -0.414833 -0.287243 -0.397429 -0.426851 -0.812311
0.223355 0.072909 -0.485049 0.597242 0.551745 -0.582134
0.487615 0.223547 0.244233 0.779054 -0.226469 0.584626
-0.38885 0.176196 -0.0364432 -0.696673 0.716503 -0.0356539
0.0378836 0.446029 -0.321692 0.597242 0.551745 -0.582134
-0.401906 0.155003 -0.207224 -0.696673 0.716503 -0.0356538
-0.422905 0.0952613 0.149673 0.397429 0.426851 0.812311
0.655866 0.173358 0.053893 0.597242 0.551745 -0.582134
0.310305 0.414666 -0.0719262 0.597242 0.551745 -0.582134
0.0414029 0.47654 -0.289163 0.597242 0.551745 -0.582134
-0.21284 -0.114638 -0.402104 -0.397429 -0.426851 -0.812311
0.116699 0.388415 -0.295437 0.597242 0.551745 -0.582134
0.457057 -0.117949 -0.125788 0.696673 -0.716503 0.0356539
0.514025 0.00946175 -0.246971 0.597242 0.551745 -0.582134
-0.447169 -0.306495 -0.18664 -0.397429 -0.426851 -0.812311
0.0777975 0.144528 -0.566504 0.597242 0.551745 -0.582134
0.127619 0.665537 0.000553133 -0.0927465 0.899376 -0.427225
-0.111207 0.456849 0.178463 -0.696673 0.716503 -0.0356539
0.080561 0.246669 -0.46686 0.597242 0.551745 -0.582134
0.0884761 0.486334 -0.231585 0.597242 0.551745 -0.582134
0.223787 -0.359658 -0.425109 0.696673 -0.716503 0.0356539
0.386493 0.471279 0.0598972 0.597242 0.551745 -0.582134
0.137493 0.148342 -0.501643 0.597242 0.551745 -0.582134
-0.355888 0.192668 0.0543887 -0.15573 0.791765 0.590641
0.573741 0.00394951 0.0438953 0.696673 -0.716503 0.0356539
0.233594 -0.157337 0.126907 -0.597242 -0.551745 0.582134
0.473037 -0.0992865 -0.0629938 0.696673 -0.716503 0.0356539
0.051568 0.0566259 -0.620643 -0.289484 -0.32625 -0.899867
-0.249898 0.0594618 -0.475459 -0.397429 -0.426851 -0.812311
0.350738 -0.0188821 -0.44136 0.597242 0.551745 -0.582134
0.463401 -0.0890307 0.331403 0.696673 -0.716503 0.0356539
-0.5506 -0.204682 -0.189536 -0.397429 -0.426851 -0.812311
-0.204756 0.106278 -0.522146 -0.397429 -0.426851 -0.812311
0.40765 -0.154001 0.115121 0.696673 -0.716503 0.0356539
-0.150953 -0.402714 -0.327639 -0.158769 -0.630107 -0.760104
0.462934 0.0403974 -0.270067 0.597242 0.551745 -0.582134
-0.0304004 0.534568 0.161378 -0.696673 0.716503 -0.0356539
0.252825 0.227891 0.369019 0.119255 0.656643 0.744714
-0.344326 0.0238936 -0.410569 -0.397429 -0.426851 -0.812311
-0.00458467 0.0894053 0.116409 -0.597242 -0.551745 0.582134
-0.301447 -0.470911 0.0192618 -0.584289 -0.537878 0.607696
0.642133 0.233106 0.110979 0.716326 0.697387 0.0230137
0.274424 0.564533 0.135564 0.397429 0.426851 0.812311
-0.403632 0.154967 -0.174208 -0.696673 0.716503 -0.0356538
-0.485944 -0.139425 0.069708 -0.584289 -0.537878 0.607695
0.462462 0.431439 0.154972 -0.038244 0.744562 0.666457
0.176921 0.167452 -0.443081 0.597242 0.551745 -0.582134
-0.291514 0.180904 -0.518913 -0.397429 -0.426851 -0.812311
-0.16216 -0.627189 -0.0507047 -0.584289 -0.537878 0.607695
0.335561 -0.245914 -0.323351 0.696673 -0.716503 0.0356539
-0.485926 -0.231907 -0.0121325 -0.584289 -0.537878 0.607695
-0.574341 -0.153555 -0.0277919 -0.584289 -0.537878 0.607695
0.0164214 -0.282374 0.133169 0.397429 0.426851 0.812311
-0.00285045 0.563813 0.210747 -0.696673 0.716503 -0.0356539
-0.0478856 0.495466 -0.282771 -0.696673 0.716503 -0.0356539
0.363474 -0.211665 -0.180506 0.696673 -0.716503 0.0356539
0.289003 0.593085 0.0780548 0.681604 0.645602 -0.344404
-0.194787 0.338574 -0.565241 -0.696673 0.716503 -0.0356539
0.217512 0.259592 0.323648 0.397429 0.426851 0.812311
-0.273307 0.279312 -0.221912 -0.696673 0.716503 -0.0356539
0.243607 0.235449 0.360755 -0.15574 0.791759 0.590646
-0.343843 0.206076 -0.315393 -0.696673 0.716503 -0.0356538
-0.244925 0.318501 0.0315154 -0.788517 0.611633 0.0643879
-0.249321 -0.0464402 -0.420092 -0.397429 -0.426851 -0.812311
-0.0591327 -0.566957 -0.239623 -0.397429 -0.426851 -0.812311
0.334462 0.333836 -0.123753 0.597242 0.551745 -0.582134
-0.222609 -0.357009 0.19588 -0.584289 -0.537878 0.607696
0.432947 0.0746855 -0.268333 0.597242 0.551745 -0.582134
0.140327 -0.429642 -0.200726 0.696673 -0.716503 0.0356539
0.449335 0.197803 -0.13483 0.597242 0.551745 -0.582134
0.336515 0.132206 0.381415 0.397429 0.426851 0.812311
-0.198642 0.357671 -0.106137 -0.696673 0.716503 -0.0356539
-0.15438 -0.13621 0.139928 0.397429 0.426851 0.812311
0.689492 0.140233 0.070534 0.899451 -0.005861 -0.436983
-0.423911 -0.19608 -0.25604 -0.397429 -0.426851 -0.812311
0.182493 0.365862 -0.249312 0.597242 0.551745 -0.582134
0.172558 0.485596 0.226883 0.397429 0.426851 0.812311
0.441837 -0.138444 -0.240266 0.696673 -0.716503 0.0356539
0.421905 -0.144578 0.025946 0.696673 -0.716503 0.0356539
-0.558119 -0.230741 -0.0805125 -0.584289 -0.537878 0.607695
-0.40982 0.159021 0.0281636 -0.696673 0.716503 -0.0356539
-0.190223 -0.575572 -0.0320006 -0.584289 -0.537878 0.607695
-0.418731 -0.283687 -0.212539 -0.397429 -0.426851 -0.812311
0.440745 0.134228 -0.203898 0.597242 0.551745 -0.582134
-0.0266439 0.0914994 0.0957619 -0.597242 -0.551745 0.582134
-0.184682 -0.354552 0.234521 -0.584289 -0.537878 0.607696
-0.0825128 0.4628 -0.262607 -0.696673 0.716503 -0.0356539
-0.172204 0.373632 -0.30198 -0.696673 0.716503 -0.0356539
-0.245438 -0.510903 -0.212688 0.211964 -0.80857 -0.548895
-0.120545 0.432326 -0.131879 -0.696673 0.716503 -0.0356539
-0.114882 -0.241398 0.224929 0.397429 0.426851 0.812311
-0.078439 0.378333 -0.505195 0.597242 0.551745 -0.582134
0.380272 -0.199791 -0.27012 0.696673 -0.716503 0.0356539
0.159114 -0.305844 0.0756881 0.397429 0.426851 0.812311
0.137353 -0.24722 0.0555297 0.397429 0.426851 0.812311
-0.496601 -0.00244793 -0.322225 -0.397429 -0.426851 -0.812311
-0.0752208 0.240716 -0.626646 0.384955 0.331438 -0.86137
0.0976953 0.62829 0.183862 0.0810218 0.680582 0.728178
-0.604436 -0.0334312 -0.0365855 -0.696673 0.716503 -0.0356538
0.042552 -0.525811 -0.22282 0.696673 -0.716503 0.0356539
-0.0798129 -0.0688764 0.0680638 0.397429 0.426851 0.812311
-0.457392 -0.148683 0.0889653 -0.584289 -0.537878 0.607695
-0.118966 -0.448159 0.149286 -0.584289 -0.537878 0.607696
0.185733 -0.340921 0.0759425 0.66816 0.0591891 0.741659
-0.53337 -0.148329 -0.227578 -0.397429 -0.426851 -0.812311
-0.391488 -0.425123 -0.0284934 -0.723449 -0.366762 0.5849
0.148284 -0.336352 0.0970183 0.397429 0.426851 0.812311
-0.0380704 0.0254639 0.0272936 -0.39141 -0.337987 0.855899
-0.436942 0.113872 -0.3492 -0.696673 0.716503 -0.0356538
0.481056 -0.0783494 0.201079 0.696673 -0.716503 0.0356539
-0.356789 0.167747 -0.467288 -0.767788 0.183392 -0.613896
-0.185482 -0.463553 0.0717067 -0.584289 -0.537878 0.607696
-0.364117 -0.369948 -0.214689 -0.799659 0.465744 -0.378981
0.196558 0.614671 0.000939225 0.597242 0.551745 -0.582134
-0.223198 0.172986 -0.548176 -0.397429 -0.426851 -0.812311
-0.49267 -0.24942 -0.0341175 -0.584289 -0.537878 0.607695
0.313234 0.470718 -0.0157949 0.597242 0.551745 -0.582134
-0.219643 0.345756 0.0647642 -0.696673 0.716503 -0.0356539
-0.325652 0.233638 0.00236595 -0.448448 0.831462 0.327971
0.177393 0.32254 -0.295604 0.597242 0.551745 -0.582134
0.0248507 -0.522011 0.171215 0.554596 -0.815474 0.165606
-0.339191 0.186578 0.0593834 0.233461 0.574754 0.784317
0.130109 0.166979 -0.491555 0.597242 0.551745 -0.582134
0.312506 0.157306 -0.313593 0.597242 0.551745 -0.582134
0.486343 -0.0920951 -0.178477 0.696673 -0.716503 0.0356539
0.502217 0.270791 0.227182 0.479905 0.335714 0.810548
0.0205802 0.0240589 0.0816073 -0.702361 0.711187 -0.0300374
0.116064 0.0786747 0.297958 -0.67826 -0.459601 0.57335
-0.140699 -0.274209 -0.402599 -0.397429 -0.426851 -0.812311
0.0558404 0.0962558 0.184895 -0.597242 -0.551745 0.582134
0.2579 0.214792 0.37646 0.380213 0.444305 0.811191
-0.428892 0.140874 0.0361506 -0.696673 0.716503 -0.0356539
0.0171353 -0.110802 0.0917127 0.397429 0.426851 0.812311
0.273151 -0.303462 -0.260377 0.696673 -0.716503 0.0356539
0.265626 0.586215 0.0448294 0.597242 0.551745 -0.582134
0.00911422 -0.435983 0.217462 0.397429 0.426851 0.812311
-0.174162 -0.339158 -0.352098 -0.397429 -0.426851 -0.812311
0.439564 0.369235 0.017628 0.597242 0.551745 -0.582134
-0.0654443 0.038859 -0.554878 -0.397429 -0.426851 -0.812311
-0.00634857 0.551894 0.0395901 -0.696673 0.716503 -0.0356539
0.309877 0.558514 0.0639731 0.597242 0.551745 -0.582134
-0.538041 0.0318704 -0.0216316 -0.696673 0.716503 -0.0356538
-0.24334 -0.536909 -0.165288 -0.397429 -0.426851 -0.812311
0.118598 -0.15136 -0.592241 -0.196661 -0.602902 -0.773197
0.0401178 -0.0436881 0.104571 -0.597242 -0.551745 0.582134
0.553345 -0.00752634 0.211812 0.696673 -0.716503 0.0356539
-0.202911 0.340072 -0.37641 -0.696673 0.716503 -0.0356539
0.524552 0.115941 0.248912 0.397429 0.426851 0.812311
-0.577361 -0.0963216 0.0199626 -0.584289 -0.537878 0.607695
-0.333457 -0.539776 -0.0724685 -0.584289 -0.537878 0.607696
0.512123 0.255754 0.22235 0.709095 -0.0240504 0.704703
0.189396 0.64737 0.0245833 0.597242 0.551745 -0.582134
-0.310631 -0.367048 -0.270529 -0.447355 -0.373261 -0.812742
-0.0246885 -0.0492584 0.0738149 0.00985135 0.720644 0.693236
-0.501798 0.056806 -0.228707 -0.696673 0.716503 -0.0356538
-0.481706 -0.269068 -0.040966 -0.584289 -0.537878 0.607695
-0.056542 -0.343383 0.200925 0.397429 0.426851 0.812311
-0.0559276 -0.347823 -0.372605 0.524293 -0.817825 -0.237233
0.323277 -0.218991 0.139827 0.0927413 -0.899375 0.427227
-0.433222 0.108479 0.143734 0.0800735 0.681161 0.727742
-0.380792 -0.480382 -0.0654097 -0.584289 -0.537878 0.607696
-0.163556 0.406141 0.182343 -0.696673 0.716503 -0.0356539
0.419555 -0.140198 0.159879 0.696673 -0.716503 0.0356539
0.0895253 -0.473205 -0.0835046 0.696673 -0.716503 0.0356539
0.417749 0.32555 0.240072 0.397429 0.426851 0.812311
0.141447 -0.00362298 0.246505 -0.597242 -0.551745 0.582134
0.000153582 -0.0736544 0.0805012 0.397429 0.426851 0.812311
0.0136253 -0.0560254 -0.590743 -0.569251 -0.219708 -0.792264
0.300786 0.434245 -0.0631351 0.597242 0.551745 -0.582134
0.450223 0.0492044 0.320347 0.397429 0.426851 0.812311
-0.192116 0.345306 -0.482156 -0.696673 0.716503 -0.0356539
0.208663 0.163685 -0.414085 0.597242 0.551745 -0.582134
0.567735 -0.00819489 -0.0827959 0.696673 -0.716503 0.0356539
-0.0300781 -0.080987 -0.549787 -0.726676 0.0650361 -0.683894
-0.225809 0.324811 -0.235666 -0.696673 0.716503 -0.0356539
-0.372818 -0.386954 -0.213116 -0.787178 0.264068 -0.557331
0.155968 0.107501 0.366724 -0.597242 -0.551745 0.582134
0.22649 -0.339914 -0.0811555 0.696673 -0.716503 0.0356539
-0.156462 0.162203 0.029774 -0.566386 -0.518848 0.640315
-0.199995 -0.328226 -0.345204 -0.397429 -0.426851 -0.812311
-0.150063 -0.118127 0.128314 0.397429 0.426851 0.812311
0.0968636 0.0484608 -0.637995 0.597242 0.551745 -0.582134
-0.0726853 -0.331158 0.225165 0.801736 -0.433379 0.411585
-0.164769 -0.181044 -0.399721 -0.75601 0.629653 -0.178847
-0.0373103 -0.30998 0.173964 0.397429 0.426851 0.812311
-0.109393 -0.605742 -0.194652 -0.397429 -0.426851 -0.812311
-0.0827491 0.310476 -0.573932 0.597242 0.551745 -0.582134
0.0194913 0.568937 -0.12282 -0.696673 0.716503 -0.0356539
0.113087 0.00461476 -0.651425 0.277699 0.223522 -0.934302
-0.13207 -0.422312 -0.279946 -0.397429 -0.426851 -0.812311
0.202205 -0.218408 0.036821 -0.597242 -0.551745 0.582134
-0.385405 -0.424168 -0.20194 -0.58267 -0.200303 -0.787638
-0.180804 0.378855 0.18147 -0.913912 0.263755 0.308541
-0.0607923 0.174801 -0.627266 -0.256912 -0.295588 -0.920122
0.0143242 -0.342853 -0.393324 -0.397429 -0.426851 -0.812311
-0.360124 0.200883 -0.101616 -0.696673 0.716503 -0.0356539
0.0341187 0.58755 -0.0346011 -0.696673 0.716503 -0.0356539
0.413768 0.153997 -0.21284 0.597242 0.551745 -0.582134
0.150041 0.0193923 0.277135 -0.597242 -0.551745 0.582134
0.489956 -0.0872039 -0.150779 0.696673 -0.716503 0.0356539
0.218469 0.638689 0.0461834 0.597242 0.551745 -0.582134
-0.182436 -0.451018 0.0880334 0.673624 -0.73671 0.0590601
0.12697 0.683642 0.0821737 -0.696673 0.716503 -0.0356539
-0.105279 -0.189637 0.193031 0.397429 0.426851 0.812311
-0.234883 -0.141235 0.181955 0.397429 0.426851 0.812311
-0.167017 0.153819 0.0192192 -0.327571 -0.273502 0.904375
0.101806 -0.33236 -0.441639 -0.397429 -0.426851 -0.812311
0.234657 0.382905 0.250462 0.397429 0.426851 0.812311
0.47868 -0.0889293 0.0348817 0.696673 -0.716503 0.0356539
0.520266 0.3698 0.10096 0.597242 0.551745 -0.582133
0.110568 0.635283 0.175743 0.158834 0.630062 0.760127
-0.197084 -0.463272 0.0799556 0.484744 -0.846617 0.219691
0.145521 0.266935 -0.381006 0.597242 0.551745 -0.582134
0.140423 0.529703 0.219428 0.397429 0.426851 0.812311
0.161638 0.0704746 0.337449 -0.597242 -0.551745 0.582134
-0.057851 0.180003 -0.629194 -0.155856 -0.19968 -0.967387
-0.559803 -0.204842 -0.18495 -0.397429 -0.426851 -0.812311
-0.432604 -0.387442 -0.149645 -0.540966 -0.557342 -0.629862
0.367892 -0.189994 0.167709 0.681803 -0.72983 0.0499319
0.0247749 -0.248335 0.112452 0.705712 -0.706396 0.0545399
0.0168702 0.570753 -0.0351155 -0.696673 0.716503 -0.0356539
-0.537261 0.0362301 0.0507273 -0.696673 0.716503 -0.0356538
0.417377 -0.0901925 -0.440579 0.597242 0.551745 -0.582134
-0.166689 -0.118434 -0.422689 -0.397429 -0.426851 -0.812311
0.255613 0.194023 -0.337162 0.597242 0.551745 -0.582134
0.0532144 0.0140217 -0.623225 -0.802046 0.415272 -0.429268
-0.376675 -0.301938 0.0309253 -0.584289 -0.537878 0.607695
-0.0481182 0.507511 -0.0361753 -0.696673 0.716503 -0.0356539
-0.20545 0.336383 -0.400915 -0.696673 0.716503 -0.0356539
-0.121404 -0.0184359 0.0619071 0.397429 0.426851 0.812311
-0.106463 -0.127179 -0.456551 -0.75601 0.629653 -0.178847
0.449071 0.000616509 -0.321994 0.597242 0.551745 -0.582134
0.523 -0.038563 0.181046 0.696673 -0.716503 0.0356539
0.0929274 0.648417 0.152724 -0.443618 0.831913 0.333353
-0.476124 0.0900437 -0.062441 -0.696673 0.716503 -0.0356538
-0.184903 0.228011 -0.595826 -0.397429 -0.426851 -0.812311
-0.0714735 0.0847143 0.0433379 -0.597242 -0.551745 0.582134
-0.301545 -0.443743 -0.234819 -0.397429 -0.426851 -0.812311
-0.0948518 0.265675 -0.625548 0.442433 0.390003 -0.807559
-0.193406 -0.38897 -0.316508 -0.397429 -0.426851 -0.812311
-0.0760686 -0.40288 -0.317556 -0.397429 -0.426851 -0.812311
-0.425736 0.136456 -0.114304 -0.696673 0.716503 -0.0356538
-0.206183 0.354926 -0.0139763 -0.696673 0.716503 -0.0356539
-0.125937 -0.64709 -0.0389685 -0.251864 -0.782083 0.57001
-0.266509 0.046308 0.0988795 0.397429 0.426851 0.812311
0.142359 0.61128 0.175613 0.397429 0.426851 0.812311
0.532524 0.0147304 -0.222998 0.597242 0.551745 -0.582134
-0.0691745 0.189777 -0.629387 -0.155869 -0.199693 -0.967382
-0.0113301 0.0396738 -0.581781 -0.397429 -0.426851 -0.812311
-0.142741 0.316999 -0.626923 0.469613 0.417917 -0.777694
-0.263802 -0.52081 -0.204014 0.0764219 -0.761641 -0.643476
-0.554519 -0.122205 0.0190153 -0.584289 -0.537878 0.607695
0.136336 0.148258 0.326288 -0.77414 0.631265 0.0470381
0.213125 0.664276 0.0649816 0.60682 0.56206 -0.562012
-0.344498 -0.178385 0.171221 -0.584289 -0.537878 0.607695
0.374391 0.206149 -0.203809 0.597242 0.551745 -0.582134
-0.141767 0.283719 -0.634974 0.0862402 0.0343073 -0.995683
-0.139481 0.42031 -0.00334863 -0.696673 0.716503 -0.0356539
-0.389765 0.162563 -0.292534 -0.696673 0.716503 -0.0356538
-0.344305 0.218627 -0.0541563 -0.696673 0.716503 -0.0356539
0.196337 0.475289 -0.131393 0.597242 0.551745 -0.582134
-0.370004 0.0170802 0.164873 0.397429 0.426851 0.812311
-0.522711 -0.165306 0.0114492 -0.584289 -0.537878 0.607695
0.24626 0.372006 0.250512 0.397429 0.426851 0.812311
0.330855 -0.237526 -0.062832 0.696673 -0.716503 0.0356539
0.185367 -0.318321 -0.489899 -0.397429 -0.426851 -0.812311
0.378476 -0.169299 0.229763 0.311783 -0.895374 0.317957
-0.514077 -0.172005 -0.224577 -0.397429 -0.426851 -0.812311
0.340248 -0.00828773 -0.44208 0.597242 0.551745 -0.582134
0.252702 0.405456 -0.139753 0.597242 0.551745 -0.582134
0.374461 -0.18553 0.130004 0.696673 -0.716503 0.0356539
-0.419245 0.149711 0.0252393 -0.696673 0.716503 -0.0356539
0.236452 0.545159 -0.0240155 0.597242 0.551745 -0.582134
0.657001 0.150121 0.0330327 0.597242 0.551745 -0.582134
0.460967 -0.0963774 0.231321 0.696673 -0.716503 0.0356539
-0.100663 0.329297 0.245206 -0.597242 -0.551745 0.582134
-0.0736095 0.433058 -0.440388 0.220233 0.814982 -0.536005
0.517784 -0.040074 0.252591 0.696673 -0.716503 0.0356539
-0.108619 0.192886 -0.614692 -0.397429 -0.426851 -0.812311
-0.359748 -0.361309 0.037282 -0.909225 0.196174 0.367186
0.1748 -0.00172736 0.282519 -0.597242 -0.551745 0.582134
0.56928 0.233786 0.0223328 0.597242 0.551745 -0.582134
0.142192 -0.165029 -0.564877 0.532804 -0.815437 -0.226237
0.486768 -0.0972732 -0.290826 0.696673 -0.716503 0.0356539
0.506991 0.0210433 -0.24321 0.597242 0.551745 -0.582134
0.206596 -0.107627 -0.612929 0.688596 -0.724885 0.0194219
-0.279511 -0.430867 0.075797 -0.584289 -0.537878 0.607696
0.00320934 0.504557 -0.298954 0.389781 0.722869 -0.570554
-0.429774 0.140828 0.0524621 -0.696673 0.716503 -0.0356539
0.0578691 0.250677 0.333337 -0.597242 -0.551745 0.582134
0.124841 -0.442995 -0.166464 0.696673 -0.716503 0.0356539
-0.150082 0.31306 0.179115 -0.597242 -0.551745 0.582134
-0.163379 0.388112 -0.183442 -0.696673 0.716503 -0.0356539
0.348159 -0.0162296 -0.441491 0.597242 0.551745 -0.582134
-0.134286 0.396688 -0.501696 -0.435047 0.867062 -0.242771
-0.0884455 -0.21189 -0.460912 -0.397429 -0.426851 -0.812311
0.197909 -0.372156 -0.170637 0.696673 -0.716503 0.0356539
0.034409 -0.419959 0.196666 0.397429 0.426851 0.812311
0.0166495 -0.533628 0.126206 0.696673 -0.716503 0.0356539
0.187353 -0.0802015 0.18466 0.315689 -0.894785 0.315754
-0.23815 0.298298 -0.527318 -0.696673 0.716503 -0.0356538
-0.381918 0.165689 -0.383034 -0.696673 0.716503 -0.0356538
-0.311067 -0.16514 -0.327508 -0.397429 -0.426851 -0.812311
-0.0440908 -0.109687 -0.534391 -0.569251 -0.219708 -0.792264
-0.152082 0.411003 0.0558291 -0.696673 0.716503 -0.0356539
0.442576 0.1658 0.267224 0.730812 -0.673406 0.111526
0.0653877 -0.506377 -0.278491 0.696673 -0.716503 0.0356539
-0.0478919 0.214521 0.190562 -0.597242 -0.551745 0.582134
