ply
format ascii 1.0
comment Created by Open3D
element vertex 512
property double x
property double y
property double z
property double nx
property double ny
property double nz
end_header
0.160579 0.00904639 0.438996 0.331768 0.132633 0.933991
0.355788 0.268699 -0.165788 0.758421 0.639011 0.128307
0.254409 -0.0358834 -0.158461 0.651568 -0.748187 -0.125199
0.232333 -0.111187 0.176665 0.651568 -0.748187 -0.125199
-0.218763 -0.195749 -0.328377 0.29197 0.399668 -0.868919
0.227754 0.330928 -0.107605 -0.29197 -0.399668 0.868919
-0.481898 -0.119993 -0.206844 -0.700152 -0.529605 -0.478859
-0.119608 -0.271836 0.407977 -0.29197 -0.399668 0.868919
0.0393953 0.0627119 0.534811 0.752334 0.658486 -0.0197581
0.336392 0.319258 -0.313322 0.29197 0.399668 -0.868918
-0.359579 -0.0774903 -0.351859 0.700152 0.529606 0.478859
-0.345896 -0.0914564 0.414908 -0.29197 -0.399668 0.868919
0.16054 0.33985 0.433554 0.700152 0.529605 0.478859
-0.334621 -0.0655718 0.347312 -0.651568 0.748187 0.125199
0.230607 0.236058 0.445898 0.700152 0.529605 0.478859
0.0313204 -0.143912 -0.54833 -0.752334 -0.658486 0.0197581
-0.0574181 -0.113752 -0.639047 0.0946622 0.243944 -0.965158
0.198706 -0.175647 0.38687 0.651568 -0.748187 -0.125199
-0.381802 0.0147513 -0.421384 0.700152 0.529606 0.478859
0.150648 -0.112456 -0.240862 0.651568 -0.748187 -0.125199
0.218737 0.11195 0.309128 0.29197 0.399668 -0.868919
-0.113082 -0.175117 -0.606951 0.489846 0.288949 0.822532
0.240214 -0.0585202 0.237936 0.29197 0.399668 -0.868918
-0.232013 0.00942413 0.433134 -0.651568 0.748187 0.125199
0.307982 0.423242 0.125747 0.700152 0.529605 0.478859
0.279257 0.0878803 0.538647 0.700152 0.529606 0.478859
0.265098 0.299022 0.325833 0.700152 0.529605 0.478859
0.0324534 0.0775781 0.619788 -0.291969 -0.399668 0.868919
0.248683 -0.0600568 -0.0438012 0.651568 -0.748187 -0.125199
0.31572 0.253535 -0.350498 0.29197 0.399668 -0.868918
0.182382 0.103945 -0.464107 0.29197 0.399668 -0.868919
0.112273 0.0987735 -0.490043 0.29197 0.399668 -0.868919
-0.343176 -0.502752 0.188525 0.513828 0.556701 -0.652736
-0.105182 -0.206147 0.443038 -0.29197 -0.399668 0.868919
-0.384334 -0.255822 -0.199272 -0.700152 -0.529605 -0.478859
0.368603 0.0129082 0.49093 0.700152 0.529605 0.478859
0.208686 0.119832 0.514922 -0.738916 -0.66331 0.118419
0.420813 0.0274153 0.329277 0.651568 -0.748187 -0.125199
0.25161 0.466243 -0.037349 -0.29197 -0.399668 0.868919
-0.353291 -0.287107 0.195426 -0.692653 -0.519474 -0.500378
-0.096467 -0.240704 -0.57616 0.731023 0.575192 0.367097
-0.157975 0.0594318 0.519605 -0.651568 0.748187 0.125199
-0.285814 -0.0126123 0.284832 -0.651568 0.748187 0.125199
0.272835 0.369543 -0.166053 0.740215 0.590961 0.320697
0.150538 -0.0617971 0.493654 0.75306 0.618058 0.22562
-0.289262 -0.21905 -0.378948 -0.700152 -0.529605 -0.478859
-0.369239 -0.264095 0.12271 -0.655492 -0.638366 0.403508
0.354882 0.358202 0.0496149 -0.700152 -0.529605 -0.478859
0.104655 -0.122497 0.552022 -0.29197 -0.399668 0.868918
0.495072 0.163153 -0.0954267 0.651568 -0.748187 -0.1252
0.370695 0.521989 -0.0769902 0.730627 0.574547 0.36889
-0.507735 -0.170898 0.0758047 -0.651568 0.748187 0.1252
-0.451418 -0.21283 0.100623 -0.360233 -0.450415 0.81692
-0.0777694 -0.395101 0.259469 0.651568 -0.748187 -0.125199
0.312714 -0.0268564 0.0910263 0.651568 -0.748187 -0.125199
0.115247 0.0393464 0.625856 -0.131467 -0.273916 0.952726
0.211826 0.011509 0.618136 0.200581 0.010752 0.979618
-0.105588 -0.321537 -0.324916 0.651569 -0.748187 -0.125199
0.0942967 -0.190315 -0.0688491 0.651568 -0.748187 -0.125199
-0.0102723 0.232102 0.256415 -0.651568 0.748187 0.125199
0.00662243 -0.335621 0.421054 -0.29197 -0.399668 0.868918
-0.229662 -0.308311 0.35422 -0.29197 -0.399668 0.868919
0.0243982 -0.10048 -0.611219 0.29197 0.399668 -0.868918
0.0856812 -0.181614 -0.165682 0.651568 -0.748187 -0.125199
0.097149 -0.155414 -0.26257 0.651568 -0.748187 -0.125199
-0.353972 -0.44104 -0.0388188 -0.700152 -0.529605 -0.478859
0.547923 0.286722 -0.0740901 0.700152 0.529605 0.478859
-0.502232 -0.313751 0.0371775 -0.700152 -0.529605 -0.478859
0.379844 0.0772857 0.403294 0.700152 0.529605 0.478859
-0.354421 -0.0676853 0.2569 -0.651568 0.748187 0.125199
0.0334107 -0.246286 0.471145 -0.29197 -0.399668 0.868918
-0.279144 -0.479999 0.0462523 0.0784366 -0.0977106 0.992119
-0.22658 -0.0751172 0.462515 -0.29197 -0.399668 0.868919
-0.293273 -0.0446452 0.43744 -0.651568 0.748187 0.125199
0.58437 0.261858 -0.220556 0.651568 -0.748187 -0.1252
0.0871213 0.00984111 0.509596 0.756681 0.629316 0.177186
-0.102886 0.107127 0.521276 -0.651568 0.748187 0.125199
-0.314645 0.0067836 0.0188763 -0.651568 0.748187 0.125199
-0.137735 0.0981235 0.39372 -0.651568 0.748187 0.125199
-0.478144 -0.239728 -0.0799095 -0.700152 -0.529605 -0.478859
-0.397658 -0.190451 -0.252089 -0.700152 -0.529605 -0.478859
0.217523 -0.111837 0.103473 0.651568 -0.748187 -0.125199
0.137105 -0.203953 0.235437 0.651568 -0.748187 -0.125199
-0.254544 -0.443004 0.283906 -0.29197 -0.399668 0.868919
-0.147038 -0.30839 -0.407254 0.700152 0.529606 0.478859
-0.320847 -0.322146 -0.218746 -0.700152 -0.529605 -0.478859
-0.241056 0.139111 -0.388928 -0.651568 0.748187 0.125199
-0.207652 -0.508132 0.259003 0.651568 -0.748187 -0.125199
0.265492 0.390434 -0.0675535 -0.29197 -0.399668 0.868919
0.176552 -0.10326 -0.16101 0.651568 -0.748187 -0.125199
-0.456831 -0.274576 0.293405 -0.29197 -0.399668 0.868918
0.344151 0.0974262 -0.412748 0.29197 0.399668 -0.868919
0.15483 0.428438 -0.324111 0.29197 0.399668 -0.868918
0.188765 0.0774937 0.448813 -0.291968 -0.399667 0.868919
0.397793 0.27653 -0.228789 0.489844 0.288947 0.822534
-0.0191585 0.250398 0.10083 -0.651568 0.748187 0.125199
0.503605 0.322633 -0.110965 -0.638817 -0.45216 -0.622466
-0.0585838 -0.165152 -0.344706 -0.700152 -0.529605 -0.478859
-0.279557 -0.100596 -0.305037 0.29197 0.399668 -0.868919
0.221303 -0.0758405 0.607201 -0.0946558 -0.243939 0.96516
0.074477 0.386989 -0.228127 -0.651568 0.748187 0.125199
-0.0863462 -0.34451 -0.0874927 0.651568 -0.748187 -0.125199
0.414334 0.198377 0.218941 0.700152 0.529605 0.478859
0.118462 -0.0991573 -0.487841 0.651568 -0.748187 -0.125199
-0.219806 0.0887513 0.022609 -0.651568 0.748187 0.125199
-0.150713 -0.265178 -0.337445 0.29197 0.399668 -0.868919
0.331264 0.320119 0.126266 -0.700152 -0.529605 -0.478859
-0.0828376 -0.220482 -0.29408 0.29197 0.399668 -0.868919
0.439543 0.311446 -0.0760551 -0.153171 0.0318855 -0.987685
0.0160502 -0.205474 -0.385471 0.651568 -0.748187 -0.125199
-0.13663 -0.314883 -0.496126 -0.700152 -0.529605 -0.478859
-0.134594 -0.0643749 -0.631201 -0.0540017 0.118876 -0.991439
0.12461 -0.191386 0.0953107 0.651568 -0.748187 -0.125199
0.116021 0.22953 0.328696 0.29197 0.399668 -0.868918
0.100317 0.129067 0.229286 0.700152 0.529606 0.478859
0.148849 0.0233916 -0.512426 0.29197 0.399668 -0.868919
-0.163781 0.0862945 0.328858 -0.651568 0.748187 0.125199
-0.412814 -0.115056 0.236095 -0.651568 0.748187 0.125199
-0.241451 -0.475749 -0.110417 0.651568 -0.748187 -0.125199
-0.164375 -0.0311452 -0.436854 -0.153166 0.0318895 -0.987686
-0.243851 0.106204 -0.206829 -0.651568 0.748187 0.125199
0.120066 0.367633 -0.36376 0.29197 0.399668 -0.868918
0.356711 0.146366 -0.149164 -0.291969 -0.399668 0.868919
0.21515 0.222449 -0.0418919 0.700152 0.529605 0.478859
-0.110164 -0.396552 0.0995558 0.651568 -0.748187 -0.125199
-0.41523 -0.288077 0.239038 -0.297355 -0.100068 -0.949509
-0.24943 0.0222915 -0.401738 -0.29197 -0.399668 0.868919
-0.0370657 0.167002 0.506009 -0.651568 0.748187 0.125199
0.046855 -0.203644 -0.236094 0.651568 -0.748187 -0.125199
0.153207 0.162272 0.310255 0.29197 0.399668 -0.868919
0.106399 -0.271421 0.478821 0.651568 -0.748187 -0.125199
0.127319 0.438539 -0.261186 -0.651568 0.748187 0.125199
-0.0141974 -0.151314 -0.472752 -0.460363 -0.258816 -0.849165
0.0714921 0.344087 0.0127193 -0.651568 0.748187 0.125199
-0.0754528 -0.407928 0.360217 -0.29197 -0.399668 0.868919
-0.122219 0.144438 0.197695 -0.651568 0.748187 0.125199
0.400526 0.255716 -0.100667 0.455706 0.517991 -0.72389
-0.279213 -0.470682 0.213872 -0.153172 0.031884 -0.987685
-0.457872 -0.433408 0.118728 -0.756399 -0.628244 -0.182125
0.0427952 0.288463 0.137102 0.700152 0.529605 0.478859
-0.253988 0.157608 -0.566773 -0.651568 0.748187 0.125199
-0.0732578 -0.326354 0.398475 -0.29197 -0.399668 0.868919
0.260481 -0.137395 0.594998 -0.16797 -0.30324 0.937993
0.185675 0.398481 0.25247 -0.700152 -0.529605 -0.478859
0.0371191 -0.234106 -0.104719 0.651568 -0.748187 -0.125199
-0.283843 -0.0665596 -0.555316 -0.692776 -0.519638 -0.500038
0.112405 0.204589 -0.441328 0.29197 0.399668 -0.868919
-0.482097 -0.11816 -0.105926 -0.651568 0.748187 0.125199
-0.559347 -0.244274 0.0438468 -0.700152 -0.529605 -0.478859
-0.00802489 0.143347 0.636324 -0.274697 -0.386548 0.88041
-0.283572 -0.371952 0.306833 -0.29197 -0.399668 0.868919
-0.0690442 0.102989 0.597371 -0.29197 -0.399668 0.868918
0.346238 -0.0153506 0.293417 0.29197 0.399668 -0.868919
-0.314025 -0.0248704 -0.445136 -0.29197 -0.399668 0.868919
0.25628 0.112621 -0.435285 0.29197 0.399668 -0.868919
-0.459634 -0.196543 -0.154736 -0.700152 -0.529605 -0.478859
-0.0725055 0.00417107 -0.595645 0.29197 0.399668 -0.868918
0.0250472 -0.027165 -0.577279 0.29197 0.399668 -0.868919
-0.453756 -0.371542 0.0302153 -0.700152 -0.529605 -0.478859
-0.286206 -0.125481 0.419315 -0.29197 -0.399668 0.868919
0.581329 0.246052 -0.137263 -0.707212 -0.539403 -0.457051
0.285967 0.165827 0.442629 0.700152 0.529605 0.478859
-0.222339 0.0464789 0.262044 -0.651568 0.748187 0.125199
-0.0739121 -0.267639 -0.482165 0.651569 -0.748186 -0.125201
-0.142323 0.240402 -0.480411 -0.651568 0.748187 0.125199
-0.229158 -0.327407 -0.346988 -0.700152 -0.529605 -0.478859
0.318465 0.0666632 -0.0206579 0.700152 0.529605 0.478859
-0.0363682 -0.213613 -0.438653 -0.29197 -0.399668 0.868918
0.154153 -0.0600731 -0.535663 0.651568 -0.748187 -0.125199
-0.31118 -0.286808 0.336719 -0.29197 -0.399668 0.868919
-0.139919 -0.40673 0.00552147 0.651568 -0.748187 -0.125199
0.227074 -0.0440733 -0.251777 0.651568 -0.748187 -0.125199
0.200629 0.464522 -0.168287 0.692653 0.519474 0.500378
-0.266808 -0.340088 -0.277914 -0.700152 -0.529605 -0.478859
-0.126318 -0.424267 0.181104 0.651568 -0.748187 -0.125199
0.40245 -0.000257584 0.399082 0.651568 -0.748187 -0.125199
0.0667286 0.0748909 0.468952 0.545082 0.346978 0.763211
-0.118286 -0.357192 -0.177928 0.651568 -0.748187 -0.125199
-0.30704 -0.556208 0.0290601 0.651569 -0.748187 -0.125199
-0.254766 -0.22404 0.384546 -0.29197 -0.399668 0.868919
-0.0936121 -0.00569975 0.539124 -0.29197 -0.399668 0.868919
0.248574 0.268977 -0.365957 0.29197 0.399668 -0.868918
-0.0268158 -0.0824061 -0.512238 -0.747567 -0.605262 -0.273497
-0.433752 -0.0341223 -0.356531 -0.651568 0.748187 0.125199
-0.109736 -0.0890373 -0.44733 -0.190018 -0.00119208 -0.98178
0.163639 0.086057 0.626516 0.271329 0.0757299 0.959503
-0.15914 0.213162 -0.405144 -0.651568 0.748187 0.125199
-0.224641 0.0311165 0.341866 -0.651568 0.748187 0.125199
0.0307309 0.250288 0.361123 -0.651568 0.748187 0.125199
-0.475394 -0.12945 -0.00357521 -0.651568 0.748187 0.125199
-0.142707 -0.454901 0.316012 -0.29197 -0.399668 0.868919
-0.432388 -0.377299 0.253877 -0.342683 -0.437544 0.831338
0.1465 0.320199 -0.0496269 0.700152 0.529605 0.478859
0.0396696 -0.244938 -0.0267158 0.651568 -0.748187 -0.125199
0.276749 0.516715 0.0493082 -0.651569 0.748186 0.125199
0.200073 -0.112988 0.0195376 0.651568 -0.748187 -0.125199
-0.508541 -0.266676 0.091836 0.365356 0.16487 0.916151
0.262139 0.241926 -0.132138 0.700152 0.529605 0.478859
0.0820421 0.408689 -0.318437 -0.651568 0.748187 0.125199
0.286783 0.0289696 -0.37754 0.651568 -0.748187 -0.125199
0.293619 -0.0318921 0.0217469 0.651568 -0.748187 -0.125199
0.393358 0.247078 -0.32738 0.29197 0.399668 -0.868918
0.075193 -0.244424 0.155083 0.651568 -0.748187 -0.125199
-0.289302 -0.391737 -0.187903 -0.700152 -0.529606 -0.478859
-0.353748 -0.347599 0.225594 -0.365363 -0.164875 -0.916148
0.230692 -0.135932 0.315997 0.651568 -0.748187 -0.125199
0.190567 0.362736 0.36434 0.700152 0.529605 0.478859
0.198141 -0.0713221 0.441586 0.518109 0.31836 0.793858
-0.214262 -0.0885557 -0.604129 -0.494119 -0.293361 -0.818404
-0.0500619 -0.351828 0.145072 0.651568 -0.748187 -0.125199
-0.168449 -0.0420573 -0.320209 -0.700152 -0.529605 -0.478859
0.125275 0.187637 0.591153 -0.638815 -0.452159 -0.622469
-0.471281 -0.295997 -0.0277117 -0.700152 -0.529606 -0.478859
0.320677 0.0486661 -0.318853 0.651568 -0.748187 -0.125199
0.486092 0.354328 -0.199985 -0.614217 -0.617187 0.49175
0.0191462 -0.116946 0.525843 -0.29197 -0.399668 0.868918
0.52246 0.165302 0.0342637 0.651569 -0.748187 -0.125199
0.463039 0.243755 -0.0686412 -0.29197 -0.399668 0.868919
-0.218122 -0.106831 -0.504447 0.718154 0.661543 -0.215907
-0.253073 0.0501765 0.0800017 -0.651568 0.748187 0.125199
-0.171229 0.158317 -0.140309 -0.651568 0.748187 0.125199
0.299687 0.113232 0.336918 0.29197 0.399668 -0.868918
0.380455 0.375354 -0.272714 0.29197 0.399668 -0.868919
-0.343091 -0.0982396 -0.433857 -0.700152 -0.529605 -0.478859
0.212411 0.187419 -0.415622 0.29197 0.399668 -0.868919
-0.297089 -0.434637 -0.129071 -0.700152 -0.529606 -0.478859
0.407956 0.458864 -0.129441 -0.756682 -0.629317 -0.177179
-0.0485362 -0.279649 -0.27833 0.651569 -0.748187 -0.125199
0.467399 0.370017 -0.0484752 0.700152 0.529606 0.478859
-0.218046 -0.474076 0.00139148 0.651568 -0.748187 -0.125199
-0.209225 -0.25274 -0.377875 0.700152 0.529606 0.478859
0.432848 0.142043 -0.293104 0.651568 -0.748187 -0.125199
0.50683 0.20567 -0.257726 0.153173 -0.0318833 0.987685
-0.167319 -0.371671 -0.346583 0.651568 -0.748187 -0.125199
0.433166 0.21195 -0.224324 0.617627 0.427391 0.660208
-0.176953 0.0544315 0.450721 -0.651568 0.748187 0.125199
0.193166 0.0532143 0.17742 0.700152 0.529606 0.478859
0.0560961 0.221709 0.645939 0.305755 0.107975 0.945968
0.125779 0.136327 0.455429 -0.184359 -0.316272 0.930582
0.223757 0.106966 0.588793 0.596917 0.403824 0.693265
-0.0107816 -0.18523 -0.64609 0.651568 -0.748187 -0.125199
-0.0828349 -0.0312949 -0.483082 -0.692654 -0.519475 -0.500376
0.285089 0.224563 0.299462 -0.700152 -0.529605 -0.478859
0.174845 -0.157305 0.153082 0.651568 -0.748187 -0.125199
-0.0792288 0.275304 -0.360624 -0.651568 0.748187 0.125199
-0.21188 -0.165896 0.4257 -0.29197 -0.399668 0.868919
-0.303794 0.000990445 -0.581621 -0.548158 -0.350279 -0.759492
-0.526875 -0.17552 -0.0796723 -0.700152 -0.529605 -0.478859
-0.0699802 0.103638 -0.549046 0.29197 0.399668 -0.868919
0.391816 0.300282 0.0596709 -0.700152 -0.529605 -0.478859
0.277662 0.533376 -0.0455102 -0.651573 0.748183 0.125198
0.287114 -0.00161786 0.562353 -0.617629 -0.427393 -0.660204
0.291682 0.0078663 -0.225932 0.651568 -0.748187 -0.125199
-0.215906 -0.432631 0.107849 -0.70508 -0.65819 0.263911
-0.441916 -0.125402 0.146463 -0.651564 0.74819 0.125203
-0.128371 0.215213 -0.257275 -0.651568 0.748187 0.125199
-0.359412 -0.429203 0.255016 -0.29197 -0.399668 0.868918
0.0751637 -0.173702 0.51856 -0.29197 -0.399668 0.868918
-0.297054 0.0517378 -0.158219 -0.651568 0.748187 0.125199
0.10572 -0.13199 -0.357945 0.651568 -0.748187 -0.125199
0.291787 0.183059 -0.390956 0.29197 0.399668 -0.868919
-0.187384 -0.376794 0.336926 -0.29197 -0.399668 0.868919
0.348694 0.510105 -0.176067 -0.591268 -0.604285 0.534081
0.184243 0.485048 -0.242881 -0.651568 0.748187 0.125199
0.227193 0.400805 -0.312506 0.29197 0.399668 -0.868918
-0.230457 -0.176259 -0.431418 0.700152 0.529606 0.478859
-0.28483 -0.521017 -0.0514598 -0.700152 -0.529606 -0.478859
0.442159 0.258521 0.111739 0.700152 0.529605 0.478859
0.45577 0.0768893 0.215548 0.651568 -0.748187 -0.125199
-0.0180479 0.333144 -0.387876 -0.651568 0.748187 0.125199
0.13036 0.279106 0.019419 0.700152 0.529605 0.478859
-0.398107 -0.0203288 -0.253459 -0.651568 0.748187 0.125199
-0.0586654 -0.110409 0.502704 -0.29197 -0.399668 0.868918
0.192265 -0.0380392 -0.468992 0.651568 -0.748187 -0.125199
-0.243967 -0.0001865 -0.2561 -0.700152 -0.529605 -0.478859
-0.168186 0.0982044 0.234759 -0.651568 0.748187 0.125199
0.0894411 -0.0471798 0.581553 -0.29197 -0.399668 0.868918
0.378814 0.364657 -0.0654919 -0.0784372 0.0977101 -0.992119
0.366529 0.254167 0.147646 -0.700152 -0.529605 -0.478859
-0.38877 -0.394317 0.0673784 0.297345 0.100058 0.949513
0.0711757 0.315455 -0.404188 0.29197 0.399668 -0.868919
0.0239837 -0.318633 0.332048 0.651568 -0.748187 -0.125199
0.101327 0.311409 0.363269 -0.651568 0.748187 0.125199
-0.422231 -0.0664932 -0.10313 -0.651568 0.748187 0.125199
0.015943 -0.311675 0.248626 0.651568 -0.748187 -0.125199
-0.335161 -0.0300438 -0.29127 0.29197 0.399668 -0.868919
0.417213 0.385696 0.00756144 0.700152 0.529605 0.478859
-0.501188 -0.202817 0.300624 -0.651568 0.748187 0.125199
0.170029 0.29505 -0.380357 0.29197 0.399668 -0.868918
0.371133 0.0795764 -0.240984 0.651568 -0.748187 -0.125199
0.23235 0.444346 0.212989 0.700152 0.529605 0.478859
0.00745406 0.290147 0.0017937 -0.651568 0.748187 0.125199
0.00633543 -0.22822 -0.300101 0.651568 -0.748187 -0.125199
0.339899 0.0429133 -0.184436 0.651568 -0.748187 -0.125199
-0.164619 0.145521 -0.0294439 -0.651568 0.748187 0.125199
0.241282 0.36048 0.292682 0.700152 0.529605 0.478859
-0.184525 -0.244261 0.398847 -0.29197 -0.399668 0.868919
0.15753 -0.014568 0.58655 0.326499 0.425564 -0.843975
-0.422226 -0.105982 -0.309588 -0.700152 -0.529605 -0.478859
0.184247 0.276128 0.373054 0.29197 0.399668 -0.868918
0.169438 -0.22306 0.517891 0.651568 -0.748187 -0.125199
-0.152163 0.128317 0.138196 -0.651568 0.748187 0.125199
-0.234286 -0.0480875 -0.452747 0.424913 0.496683 -0.756806
-0.0978035 -0.177146 -0.464203 0.256708 0.372773 -0.891707
-0.405564 -0.214188 0.338407 -0.29197 -0.399668 0.868919
0.238749 0.468922 0.137153 -0.651568 0.748187 0.125199
0.0143273 0.32069 -0.144961 -0.651568 0.748187 0.125199
0.333777 -0.0384902 0.459022 -0.614218 -0.617188 0.491747
0.281076 0.428497 -0.211169 0.398043 0.196702 0.89603
-0.109913 -0.10199 -0.339511 -0.700152 -0.529605 -0.478859
-0.24071 -0.457061 -0.186703 -0.700152 -0.529606 -0.478859
0.156284 -0.138756 -0.0543657 0.651568 -0.748187 -0.125199
0.178352 -0.160052 0.559512 -0.291969 -0.399668 0.868919
0.342368 0.499905 -0.00931714 0.700152 0.529606 0.478859
0.272724 0.0142442 0.452997 -0.513828 -0.556701 0.652736
-0.0753386 -0.356062 0.0388282 0.651568 -0.748187 -0.125199
0.468549 0.291859 0.0362828 0.700152 0.529605 0.478859
0.234087 -0.0080031 0.185293 0.700152 0.529606 0.478859
-0.0167002 -0.196153 0.477366 -0.29197 -0.399668 0.868918
0.258448 0.309483 0.244496 -0.700152 -0.529605 -0.478859
0.0967026 -0.202351 0.0155992 0.651568 -0.748187 -0.125199
-0.0236038 -0.29723 -0.0435077 0.651568 -0.748187 -0.125199
0.448752 0.345241 -0.263616 0.29197 0.399668 -0.868919
0.232317 0.060928 0.111645 0.700152 0.529605 0.478859
-0.00445648 0.325151 -0.269378 -0.651568 0.748187 0.125199
0.316073 -0.0711382 0.595173 0.33946 0.139975 0.930147
0.147278 0.213558 0.0671782 0.700152 0.529605 0.478859
0.309162 0.402755 -0.284066 0.29197 0.399668 -0.868918
-0.0550803 0.204037 -0.497859 0.29197 0.399668 -0.868919
-0.483557 -0.316085 0.232409 0.326509 0.425571 -0.843968
0.269353 0.47316 -0.265059 0.29197 0.399668 -0.868919
-0.295999 -0.413103 0.0607417 -0.220805 -0.344949 0.91228
-0.209295 -0.0738701 -0.269136 0.29197 0.399668 -0.868919
-0.228284 -0.180165 -0.511111 -0.700152 -0.529606 -0.478859
-0.232016 -0.009838 -0.613196 -0.271322 -0.0757233 -0.959505
0.283037 -0.0460632 0.155815 0.700152 0.529606 0.478859
-0.289251 -0.131553 -0.394896 0.700152 0.529606 0.478859
-0.247768 0.0759757 -0.0465687 -0.651568 0.748187 0.125199
0.551791 0.323049 -0.191393 0.708408 0.659152 -0.252343
0.0560096 0.208659 0.206042 0.700152 0.529606 0.478859
-0.144227 -0.167784 -0.290469 0.29197 0.399668 -0.868919
-0.174853 0.0144639 -0.373356 -0.700152 -0.529605 -0.478859
0.0104722 -0.0251286 0.565161 -0.29197 -0.399668 0.868918
-0.398519 -0.467266 0.120082 0.753059 0.618054 0.225637
-0.28563 -0.124875 -0.488413 -0.700151 -0.529605 -0.47886
-0.106436 0.219624 -0.169476 -0.651568 0.748187 0.125199
0.366128 0.435394 0.0272886 0.700152 0.529605 0.478859
-0.215667 0.122336 -0.458702 -0.692654 -0.519475 -0.500376
0.389052 0.126121 0.256329 -0.700152 -0.529605 -0.478859
0.20419 -0.0917502 -0.0859528 0.651568 -0.748187 -0.125199
-0.444707 -0.151575 0.288352 -0.651568 0.748187 0.125199
-0.0253689 0.0371163 0.581748 -0.29197 -0.399668 0.868918
0.042432 -0.257848 0.0648127 0.651568 -0.748187 -0.125199
-0.491931 -0.38644 0.192305 -0.678403 -0.648556 0.345174
-0.364376 -0.00848262 -0.148704 -0.651568 0.748187 0.125199
0.00352116 0.212741 0.443899 -0.651568 0.748188 0.125199
0.515455 0.295893 -0.26183 0.407369 0.484325 -0.774261
0.347701 -0.0427244 0.367935 0.651568 -0.748187 -0.125199
0.329241 0.320381 0.208423 0.700152 0.529605 0.478859
-0.281544 -0.0232138 0.370405 -0.651568 0.748187 0.125199
0.289425 -0.0852655 0.318877 0.651568 -0.748187 -0.125199
-0.0258534 -0.282446 -0.143566 0.651568 -0.748187 -0.125199
0.166859 0.260938 0.51159 0.700152 0.529606 0.478859
-0.327391 0.0372208 -0.229345 -0.651568 0.748187 0.125199
0.139962 -0.215964 0.322084 0.651568 -0.748187 -0.125199
-0.311674 0.082119 -0.415863 -0.651564 0.748192 0.12519
-0.302974 -0.266653 -0.306251 -0.700152 -0.529605 -0.478859
-0.494796 -0.332424 0.109036 0.638817 0.45216 0.622466
-0.175543 0.0543773 -0.450232 -0.570706 -0.37474 -0.730661
0.257163 0.0347796 0.286545 0.29197 0.399668 -0.868919
-0.1883 -0.427707 -0.120905 0.651568 -0.748187 -0.125199
0.0900398 0.206572 0.475954 -0.39306 -0.474137 0.787844
0.0710539 0.0413131 -0.530323 0.29197 0.399668 -0.868919
0.165952 0.140988 0.120135 0.700152 0.529605 0.478859
0.349751 0.191789 0.320656 0.700152 0.529605 0.478859
-0.253629 0.0526149 -0.587987 0.115941 -0.0648845 0.991135
-0.361641 -0.343175 -0.135842 -0.700152 -0.529606 -0.478859
-0.165653 0.130267 0.0563363 -0.651568 0.748187 0.125199
-0.193505 -0.154616 -0.586184 -0.639929 -0.453481 -0.62036
-0.0430919 0.27749 -0.185626 -0.651568 0.748187 0.125199
-0.318875 -0.0268845 0.198063 -0.651568 0.748187 0.125199
0.24707 0.536131 -0.221176 -0.651568 0.748187 0.125199
0.257138 0.365037 0.184969 -0.700152 -0.529605 -0.478859
0.289618 -0.0879844 0.414886 0.00291921 -0.162568 0.986693
0.105049 0.401436 -0.155357 -0.651568 0.748187 0.125199
-0.00155766 -0.248353 -0.220865 0.651568 -0.748187 -0.125199
0.302156 0.577732 -0.183106 -0.651568 0.748187 0.1252
-0.376536 0.0404283 -0.504278 -0.651568 0.748187 0.125199
0.211785 0.339445 -0.345906 0.29197 0.399668 -0.868918
-0.541436 -0.270259 0.264195 -0.407369 -0.484325 0.774261
-0.0889135 0.161126 0.271293 -0.651568 0.748187 0.125199
-0.0636159 -0.129782 -0.40925 -0.29197 -0.399668 0.868918
0.33515 0.221275 0.229902 -0.700152 -0.529605 -0.478859
0.466951 0.185718 -0.330875 0.29197 0.399668 -0.868919
0.0996073 0.209494 0.141373 0.700152 0.529606 0.478859
0.0719836 -0.148118 -0.437141 0.651568 -0.748187 -0.125199
-0.152744 0.196546 -0.534122 0.29197 0.399668 -0.868919
-0.550286 -0.199827 -0.018558 -0.700152 -0.529605 -0.478859
0.207821 0.172489 0.0240773 0.700152 0.529605 0.478859
-0.573674 -0.235582 0.119196 -0.651569 0.748186 0.125201
-0.28057 -0.372901 0.183829 -0.692653 -0.519474 -0.500378
-0.591895 -0.270795 0.213124 -0.678404 -0.648557 0.345171
0.431063 0.165572 0.151272 -0.700152 -0.529605 -0.478859
-0.411222 -0.135016 0.363656 -0.651568 0.748187 0.125199
0.0980327 0.247202 0.537913 -0.738916 -0.66331 0.118419
-0.314708 -0.00828541 0.108602 -0.651568 0.748187 0.125199
0.258192 0.153609 -0.0286901 0.700152 0.529605 0.478859
0.423122 0.0948633 0.320575 0.700152 0.529605 0.478859
-0.427524 -0.286348 0.0786762 -0.0726232 -0.225806 0.971461
0.426728 0.191403 -0.146224 0.70508 0.65819 -0.263908
0.277835 0.240919 0.371469 0.700152 0.529605 0.478859
-0.063303 0.272229 -0.469257 0.29197 0.399668 -0.868919
-0.105336 0.202563 -0.0617966 -0.651568 0.748187 0.125199
0.303688 0.0322844 0.0389706 0.700152 0.529605 0.478859
-0.134784 -0.119798 0.472809 -0.29197 -0.399668 0.868919
0.037108 0.150107 0.462823 0.331767 0.132632 0.933991
-0.138797 -0.0499228 0.5036 -0.29197 -0.399668 0.868919
0.0374028 0.37789 -0.366695 -0.651568 0.748187 0.125199
-0.0483632 0.172706 0.413128 -0.651568 0.748187 0.125199
0.0788159 -0.261442 0.275638 0.651568 -0.748187 -0.125199
-0.439715 -0.11048 0.0687429 -0.651568 0.748187 0.1252
0.315965 0.577116 -0.107555 -0.651569 0.748187 0.125198
-0.376317 -0.308283 0.304954 -0.29197 -0.399668 0.868919
-0.324785 -0.586879 0.137123 -0.731592 -0.663401 0.157074
0.079604 0.291501 0.079923 0.700152 0.529605 0.478859
-0.212304 -0.412274 -0.277769 -0.700152 -0.529605 -0.478859
-0.193194 0.193685 -0.465976 -0.651568 0.748187 0.125199
0.450446 0.143005 -0.207264 0.651569 -0.748187 -0.125199
-0.222807 0.0460786 -0.338206 -0.700152 -0.529605 -0.478859
0.067019 0.177149 0.288138 0.29197 0.399668 -0.868919
-0.269564 0.104769 -0.334753 -0.700152 -0.529605 -0.478859
0.303236 0.162931 -0.10486 0.700152 0.529605 0.478859
0.0871777 -0.272143 0.383102 0.651568 -0.748187 -0.125199
0.294772 0.431969 0.0559194 -0.700152 -0.529605 -0.478859
0.00204974 0.0718127 -0.539481 0.29197 0.399668 -0.868919
0.522273 0.246079 0.00836398 0.700152 0.529605 0.478859
-0.216262 0.0680363 0.164842 -0.651568 0.748187 0.125199
0.484456 0.405199 -0.13475 0.758404 0.646132 0.0856551
0.362454 0.445849 -0.213639 -0.291969 -0.399667 0.868919
0.176746 -0.0764636 -0.320134 0.651568 -0.748187 -0.125199
-0.209916 -0.00390367 0.50087 -0.29197 -0.399668 0.868919
0.236401 -0.1511 0.436347 0.651568 -0.748187 -0.125199
-0.335747 -0.0235634 -0.527184 -0.700152 -0.529605 -0.478859
-0.412515 -0.471333 0.188079 -0.660927 -0.640906 0.390404
0.400414 0.447405 -0.0361255 0.700152 0.529606 0.478859
0.370572 0.0695153 -0.0999987 0.700152 0.529605 0.478859
0.235931 -0.0102263 -0.40795 0.651568 -0.748187 -0.125199
-0.0243889 0.207149 0.332063 -0.651568 0.748187 0.125199
0.0934081 0.153783 0.640765 0.236241 0.0432946 0.97073
-0.189299 0.169645 -0.302045 -0.651568 0.748187 0.125199
0.336068 0.337993 -0.213317 0.545083 0.34698 0.76321
-0.168914 -0.225701 -0.547556 -0.700152 -0.529606 -0.478859
0.48796 0.20646 0.102351 0.700152 0.529605 0.478859
0.563361 0.217962 -0.0675692 0.651569 -0.748187 -0.125199
0.377951 0.0998956 -0.326927 0.651568 -0.748187 -0.125199
-0.399776 -0.217978 0.173038 -0.758276 -0.647117 -0.0791045
-0.283575 0.0662978 -0.271719 -0.700152 -0.529605 -0.478859
-0.376807 -0.0400862 -0.024537 -0.651568 0.748187 0.125199
0.496797 0.128014 0.123538 0.651569 -0.748187 -0.125199
0.0380757 0.23856 -0.450678 0.29197 0.399668 -0.868919
-0.555309 -0.324415 0.15311 -0.756665 -0.652752 -0.0370517
0.188129 0.461138 -0.0797677 -0.651568 0.748188 0.125195
-0.408245 -0.341608 -0.0694339 -0.700152 -0.529606 -0.478859
0.239463 0.186103 0.3502 0.29197 0.399668 -0.868918
0.1148 0.3038 0.47886 -0.651568 0.748187 0.125199
-0.451276 -0.215565 0.239223 -0.489844 -0.288947 -0.822534
-0.113684 0.0219091 -0.527915 -0.738916 -0.66331 0.11842
-0.381359 -0.474716 0.0384694 -0.700152 -0.529606 -0.478859
0.337212 0.420188 -0.0568086 -0.115949 0.0648778 -0.991134
0.335696 0.147971 0.389667 0.700152 0.529605 0.478859
-0.167088 -0.233468 -0.460798 0.700152 0.529606 0.478859
-0.146465 0.0257662 -0.610067 0.239674 0.359626 -0.90179
0.157504 0.385296 -0.106202 -0.29197 -0.399668 0.868918
-0.382876 -0.0592141 0.0581877 -0.651568 0.748187 0.125199
0.245025 -0.0164995 -0.323134 0.651568 -0.748187 -0.125199
-0.0986617 0.181176 0.100746 -0.651568 0.748187 0.125199
0.19609 -0.152875 0.237169 0.651568 -0.748187 -0.125199
0.426238 0.112157 -0.148903 0.651568 -0.748187 -0.125198
-0.00567553 -0.294018 0.0306003 0.651568 -0.748187 -0.125199
-0.327421 -0.326623 0.0974405 -0.541007 -0.574002 0.614682
-0.0945322 0.144342 0.342358 -0.651568 0.748187 0.125199
0.25602 0.0941355 0.0402616 0.700152 0.529605 0.478859
-0.322766 0.0971987 -0.595982 -0.271322 -0.0757233 -0.959505
-0.285348 -0.556121 0.220056 -0.375483 -0.461494 0.803764
-0.336606 -0.170517 0.381665 -0.29197 -0.399668 0.868919
-0.322417 0.0153706 -0.0728843 -0.651568 0.748187 0.125199
0.0896427 0.374556 -0.0749039 -0.651568 0.748187 0.125199
0.437594 0.437968 -0.199615 0.641864 0.631714 -0.434682
-0.367085 -0.538181 0.103092 -0.756399 -0.628244 -0.182125
0.171662 -0.0660144 -0.409034 0.651568 -0.748187 -0.125199
0.305714 -0.00682009 -0.0651405 0.651568 -0.748187 -0.125199
-0.0606836 -0.302151 -0.207075 0.651569 -0.748187 -0.125199
-0.135527 -0.358568 -0.259433 0.651568 -0.748187 -0.125199
-0.272345 0.0205246 0.156901 -0.651568 0.748187 0.125199
-0.365492 -0.161156 -0.33152 -0.700152 -0.529605 -0.478859
-0.0797066 0.210273 0.0255126 -0.651568 0.748187 0.125199
0.199926 0.178765 0.554123 0.700152 0.529606 0.478859
-0.182883 0.1605 -0.214003 -0.651568 0.748187 0.125199
0.166832 -0.212244 0.439687 0.651568 -0.748187 -0.125199
-0.381866 -0.0743039 0.153617 -0.651568 0.748187 0.125199
0.360944 -0.0298076 0.547846 0.659148 0.476701 0.581618
0.397579 0.160715 -0.365685 0.29197 0.399668 -0.868919
0.0888194 -0.0907876 -0.585114 0.29197 0.399668 -0.868919
0.00432116 -0.307039 0.160438 0.651568 -0.748187 -0.125199
0.0301393 0.147479 -0.495239 0.29197 0.399668 -0.868919
0.332646 0.310764 -0.10925 0.61422 0.617188 -0.491744
-0.166823 -0.130684 -0.444344 -0.29197 -0.399668 0.868919
-0.0254199 0.275448 -0.0814502 -0.651568 0.748187 0.125199
-0.189011 0.106923 -0.587531 0.291969 0.399668 -0.868919
-0.0439055 -0.255315 0.441013 -0.29197 -0.399668 0.868919
-0.0717412 0.264401 -0.256503 -0.651568 0.748187 0.125199
-0.241774 0.0961125 -0.135711 -0.651568 0.748187 0.125199
