ply
format ascii 1.0
comment Created by Open3D
element vertex 512
property double x
property double y
property double z
property double nx
property double ny
property double nz
end_header
0.262879 -0.0167828 0.210949 0.72535 -0.0643688 0.685365
0.196035 0.125029 0.209326 -0.46114 -0.509571 -0.726421
0.161153 -0.00551002 0.0498803 0.659343 0.351084 -0.664836
0.0134179 -0.0141803 0.0215268 -0.720276 0.041424 -0.69245
0.115584 0.0433768 0.298081 -0.659341 -0.351079 0.664841
0.247295 0.0398242 0.159251 0.659343 0.351083 -0.664837
0.308834 0.129587 0.305992 -0.197825 0.934129 0.297099
0.0254869 -0.126334 0.119109 -0.659343 -0.351083 0.664837
0.130567 -0.0382406 0.115331 0.746733 -0.202882 0.633426
-0.0912335 0.0370762 -0.0985121 -0.197825 0.934129 0.297099
0.151963 0.12649 0.206955 0.446973 -0.894082 -0.0288615
-0.338544 0.105589 -0.172233 -0.197827 0.934129 0.297099
0.166691 -0.04835 0.239289 -0.542408 -0.390219 -0.743991
0.264226 -0.149298 0.26936 -0.197825 0.934128 0.297103
0.342679 -0.107139 0.189044 -0.197825 0.934129 0.297099
-0.154072 0.0636715 -0.226207 0.659339 0.351084 -0.664839
-0.199778 -0.102465 -0.318581 0.197825 -0.934129 -0.297099
-0.315124 -0.147074 -0.276094 0.659343 0.351082 -0.664837
-0.0337349 -0.0804715 -0.0364702 0.728624 -0.516439 0.449886
0.325466 -0.172275 0.25065 0.197822 -0.93413 -0.297098
-0.148167 0.104371 -0.198858 0.659344 0.351083 -0.664836
0.0107058 0.110258 -0.0381893 0.659343 0.351083 -0.664837
-0.299847 0.114746 -0.175257 -0.197825 0.934129 0.297099
-0.292028 -0.00208326 -0.130168 -0.659343 -0.351083 0.664837
0.249565 0.0558122 0.375869 -0.197825 0.934129 0.297099
-0.139929 0.152469 -0.136619 -0.197825 0.934129 0.297099
-0.318916 0.0744198 -0.284124 -0.971334 -0.227566 0.0687372
-0.21317 -0.0520223 -0.199854 0.542407 0.390222 0.743991
-0.104263 0.0351371 0.0247088 -0.72535 0.0643688 -0.685365
0.209781 -0.197836 0.264123 -0.659343 -0.351083 0.664837
0.290405 -0.204591 0.328911 0.197825 -0.934129 -0.297099
0.203406 -0.153322 0.109783 0.197824 -0.934128 -0.297104
-0.023561 -0.0974886 -0.0866388 0.643433 -0.720924 0.257416
-0.350617 0.128108 -0.128459 -0.197825 0.934129 0.297099
-0.34032 0.0688155 -0.252472 -0.298497 0.231287 -0.925962
-0.21821 0.0969416 -0.0141537 -0.197825 0.934129 0.297099
-0.0485627 0.00380077 0.0147285 0.72535 -0.0643688 0.685365
0.219358 0.0589889 0.345767 -0.197827 0.934128 0.297103
0.253054 0.100447 0.360473 -0.197824 0.93413 0.297097
0.00329555 -0.038787 -0.0546819 0.750794 -0.354139 0.557579
0.0413275 -0.165302 0.114241 -0.659343 -0.351083 0.664837
0.304219 -0.129048 0.273495 -0.791101 0.588563 -0.166594
0.262738 0.082727 0.300016 -0.197826 0.934129 0.297099
-0.108185 0.10924 -0.0908472 0.72535 -0.0643688 0.685365
0.0250017 0.125404 0.0223419 -0.725349 0.0643682 -0.685365
-0.327878 -0.112663 -0.240082 -0.197825 0.934129 0.297099
-0.214243 0.038949 -0.0313579 -0.659343 -0.351083 0.664837
-0.126931 -0.0656493 -3.52102e-06 -0.659343 -0.351082 0.664837
0.305718 -0.0728814 0.157675 0.659343 0.351083 -0.664836
-0.247267 -0.08626 -0.269423 -0.197825 0.934129 0.297099
0.33329 0.0844117 0.26808 0.659343 0.351083 -0.664836
-0.363618 0.0464708 -0.213351 0.197827 -0.934128 -0.2971
0.00719368 -0.00585577 -0.102989 0.659343 0.351083 -0.664836
-0.263422 -0.15945 -0.1849 -0.659343 -0.351083 0.664836
0.109768 0.103992 0.182066 -0.197825 0.934129 0.297099
0.074557 0.085318 0.217334 -0.197825 0.934129 0.297099
-0.244151 0.0756686 -0.225607 0.197825 -0.934129 -0.297099
-0.269324 -0.151768 -0.233151 0.659343 0.351082 -0.664837
0.366213 0.115625 0.263699 0.659343 0.351083 -0.664836
0.293622 0.0701773 0.221224 0.659343 0.351083 -0.664836
-0.323873 0.171702 -0.370335 -0.197825 0.934129 0.297099
-0.118746 -0.0890415 -0.271816 0.659343 0.351083 -0.664836
0.280771 0.0770656 0.439625 0.72535 -0.064369 0.685365
-0.168626 0.0434937 -0.0330549 0.72535 -0.0643688 0.685365
-0.116824 0.0936854 -0.173417 0.659343 0.351083 -0.664837
0.119507 0.0533868 0.0941386 -0.72535 0.0643688 -0.685365
-0.0417301 -0.0501808 -0.174916 0.659344 0.351084 -0.664835
0.165768 0.0121717 0.134778 0.478646 -0.877938 0.0110753
-0.322665 0.126054 -0.226005 -0.197825 0.934129 0.297099
0.280064 -0.152565 0.143985 0.72535 -0.0643687 0.685365
-0.293893 0.152693 -0.290607 -0.197825 0.934129 0.297099
-0.159998 -0.11313 -0.258562 0.197825 -0.934129 -0.297099
0.153888 -0.112058 -0.0122763 -0.113088 -0.827905 -0.549349
0.123591 0.00317028 0.28479 -0.659343 -0.351083 0.664837
0.3532 -0.183292 0.303756 0.197815 -0.93413 -0.297104
-0.0401979 -0.0796046 -0.0252172 0.736844 -0.477492 0.478605
-0.0486745 0.0456944 0.0187814 0.72535 -0.0643673 0.685364
-0.346077 0.108799 -0.299228 -0.279342 -0.344244 0.896361
0.266433 -0.174073 0.332854 -0.659343 -0.351083 0.664836
-0.08569 0.0771973 -0.151247 0.659344 0.351084 -0.664835
-0.283387 -0.128929 -0.291044 0.19782 -0.934131 -0.297098
-0.327312 0.0969951 -0.113783 0.197825 -0.934129 -0.297099
-0.206387 -0.00162824 -0.0449954 -0.659343 -0.351083 0.664837
-0.175536 0.169935 -0.14035 0.244439 0.736136 0.631153
-0.282862 0.168486 -0.210299 -0.197825 0.934129 0.297099
0.340706 -0.1761 0.352417 0.725397 -0.064421 0.68531
0.18668 -0.0982061 0.283946 0.72535 -0.0643688 0.685365
-0.0593513 0.102156 -0.0165287 -0.725349 0.0643686 -0.685365
0.0407509 -0.000950995 0.108935 -0.197825 0.934129 0.297099
-0.27233 0.187995 -0.264624 -0.197825 0.934129 0.297099
0.0180135 -0.0782414 0.137094 -0.659343 -0.351083 0.664837
0.153103 0.0533843 0.319273 -0.197825 0.934129 0.297099
0.0876684 -0.00362894 0.245574 -0.659343 -0.351083 0.664837
0.234411 0.0151662 0.283276 0.197825 -0.934129 -0.297099
0.275071 -0.0514785 0.138583 0.659345 0.351085 -0.664833
-0.01948 0.0425255 -0.0124139 0.72535 -0.0643688 0.685365
-0.178008 0.114352 -0.160374 -0.388696 0.916108 0.0982883
-0.23777 -0.0648551 -0.330401 -0.197825 0.93413 0.297097
-0.218385 -0.101593 -0.144903 0.00602144 0.881782 0.471618
-0.156234 -0.145282 -0.154963 0.197825 -0.934129 -0.297099
-0.251233 0.0691528 -0.0520926 -0.659346 -0.351088 0.664831
-0.351903 0.0785141 -0.146987 -0.659343 -0.351083 0.664837
-0.200973 0.142418 -0.196427 -0.197825 0.934129 0.297099
0.118648 -0.177292 0.128714 0.197825 -0.934129 -0.297099
0.198472 -0.0330865 0.208113 -0.542407 -0.390222 -0.743991
0.253348 -0.195641 0.276097 0.197825 -0.934129 -0.297099
0.296292 -0.102484 0.132694 0.659343 0.351083 -0.664837
0.123823 -0.0544095 -0.0129632 0.659343 0.351083 -0.664837
-0.325857 0.168385 -0.238609 -0.197826 0.934128 0.297104
-0.281557 -0.0583781 -0.149512 -0.659342 -0.351084 0.664837
0.229946 -0.0611659 0.180613 -0.750166 0.248183 -0.612908
0.340731 -0.139543 0.324962 -0.0245458 0.453015 0.891165
0.0621664 0.00683881 0.150453 -0.72535 0.0643688 -0.685365
0.38775 -0.133304 0.304225 0.0131428 0.934101 0.356767
-0.0431029 0.0153635 0.125913 -0.659343 -0.351083 0.664837
0.222979 0.105906 0.323283 -0.197825 0.934129 0.297099
0.0220352 0.00508845 -0.0603348 0.737937 -0.132914 0.661652
-0.0635775 -0.0798401 -0.212245 0.659342 0.351081 -0.664839
-0.280666 -0.10742 -0.335562 -0.978194 -0.168569 -0.121328
-0.0100275 -0.0791427 -0.158769 0.659343 0.351083 -0.664836
-0.0245701 0.0848926 0.122913 0.725349 -0.0643684 0.685365
0.134318 0.117836 0.248945 -0.0874463 0.914086 0.395981
0.194993 0.0804625 0.384646 -0.197825 0.934129 0.297099
0.220501 0.0769218 0.290145 -0.197825 0.934129 0.297099
-0.357481 0.174806 -0.279854 -0.197827 0.934129 0.297098
-0.0279669 -0.0233489 0.0644299 -0.72535 0.0643688 -0.685365
-0.195174 0.0274207 -0.137076 0.215847 -0.935444 -0.27992
0.128667 -0.00758822 0.173251 0.449151 -0.893072 -0.0261678
-0.0349873 -0.112599 -0.151307 0.415369 -0.907174 -0.0671175
-0.353362 0.153124 -0.208939 -0.197828 0.934128 0.2971
0.16183 -0.165039 0.233887 -0.659343 -0.351083 0.664836
0.207757 -0.00307133 0.322871 0.197825 -0.93413 -0.297098
-0.201269 -0.107091 -0.101043 -0.506951 0.860621 -0.0482909
0.155824 0.0676743 0.276154 -0.197825 0.934129 0.297099
0.315017 -0.206456 0.363937 -0.659343 -0.351083 0.664837
0.206201 -0.0805144 0.0549482 0.659343 0.351082 -0.664836
0.176389 -0.0414176 0.0688212 0.634818 0.213821 0.742486
-0.368339 -0.121449 -0.268883 -0.659343 -0.351083 0.664837
-0.198365 -0.0173275 -0.28243 -0.72535 0.0643687 -0.685365
0.0124723 -0.151735 0.0858138 -0.290303 -0.696816 -0.655874
-0.331445 0.191505 -0.315022 -0.197825 0.934129 0.297099
0.263849 0.130427 0.273399 -0.197825 0.934129 0.297099
0.026876 0.03791 0.19072 -0.72535 0.0643688 -0.685365
0.0285503 0.123386 0.0691382 -0.197825 0.934129 0.297099
0.267744 0.0527636 0.339286 0.932332 0.0857148 0.351298
0.163315 -0.108468 0.133804 0.0434907 0.864986 0.499908
0.0252005 -0.0723468 0.0214391 -0.582955 -0.319701 -0.746964
0.0208674 0.0597952 0.072468 0.72535 -0.0643688 0.685365
-0.188886 -0.0869774 -0.172514 -0.0314551 0.896384 0.442162
-0.198437 0.0738988 -0.264804 0.659343 0.351083 -0.664837
0.0577935 0.0442331 0.0319261 0.72535 -0.0643688 0.685365
-0.293822 0.0935118 -0.314782 0.197825 -0.934129 -0.297099
-0.315757 0.125133 -0.3541 0.659343 0.351082 -0.664837
0.238999 0.00216303 0.238002 0.72535 -0.0643688 0.685365
-0.37618 0.0513119 -0.253658 -0.150965 -0.986256 0.067143
0.276111 -0.0533253 0.193512 0.72535 -0.0643688 0.685365
0.124712 0.0837602 0.327481 -0.197825 0.934129 0.297099
-0.295119 -0.0839635 -0.18629 -0.72535 0.0643688 -0.685365
-0.231478 -0.0350847 -0.249053 -0.72535 0.0643688 -0.685365
0.366495 0.0732193 0.2951 0.659343 0.351083 -0.664836
0.236108 -0.16357 0.295511 -0.197825 0.934129 0.297099
-0.0452497 -0.0617863 0.0830431 -0.659343 -0.351083 0.664837
-0.189876 0.135341 -0.107715 0.643941 0.192737 0.7404
0.279675 0.11471 0.333351 -0.197823 0.93413 0.297098
-0.298307 -0.0734286 -0.304813 -0.674045 0.0904267 -0.733134
0.011098 -0.0780956 -0.11896 0.643433 -0.720924 0.257416
0.379087 -0.121201 0.261453 0.026255 0.986703 0.160396
0.174187 0.0882346 0.17059 0.264863 0.719123 0.642425
0.270502 -0.0156583 0.404225 0.197825 -0.934129 -0.297099
0.336124 0.00503714 0.363124 0.544747 -0.829667 0.122077
0.161626 -0.157747 0.0958788 0.197819 -0.934128 -0.297108
0.128848 -0.0226022 0.12758 0.731628 -0.503283 0.459812
0.100296 -0.141566 0.185257 -0.659345 -0.351081 0.664835
-0.222026 0.120159 -0.162094 0.541165 0.392248 0.743829
0.0267178 0.0225694 0.0108675 -0.72535 0.0643688 -0.685365
-0.156965 -0.00841539 0.000434596 -0.659343 -0.351082 0.664837
-0.185695 -0.0867805 -0.0694407 -0.659343 -0.351081 0.664838
-0.391625 0.148298 -0.240353 0.843848 0.316512 -0.433291
0.221469 0.147301 0.192124 -0.19783 0.934128 0.2971
-0.187713 -0.159999 -0.129651 0.197825 -0.934129 -0.297099
-0.347354 -0.0717934 -0.351528 -0.652635 0.734401 -0.18634
0.374799 0.112677 0.343456 0.72535 -0.064369 0.685365
-0.0727161 -0.103055 0.000737937 0.728624 -0.516439 0.449886
-0.164402 -0.0499955 -0.296476 0.659344 0.351082 -0.664836
0.0897762 0.0429119 0.256125 0.26487 0.719118 0.642428
-0.267399 0.121538 -0.308039 0.659343 0.351082 -0.664837
0.174255 -0.0698145 0.0289174 0.659343 0.351083 -0.664837
0.021422 -0.119882 0.0525068 -0.420028 -0.561406 -0.713021
-0.183507 -0.0406954 -0.0429348 -0.659344 -0.351081 0.664837
0.0234223 0.00862215 0.0672966 -0.197825 0.934129 0.297099
-0.118374 -0.108119 -0.0139442 -0.659343 -0.351082 0.664837
0.058793 0.0937497 0.180326 -0.197825 0.934129 0.297099
0.0649371 -0.0855399 0.000428302 -0.479125 -0.485253 -0.731415
0.156801 -0.0151582 0.212922 -0.118005 -0.824992 -0.552687
0.17441 0.0885827 0.345409 -0.197825 0.934129 0.297099
-0.0674293 0.00237997 -0.172646 0.659343 0.351082 -0.664837
-0.251193 -0.0104254 -0.154425 0.722087 -0.542014 0.429897
-0.351918 -0.0922137 -0.305291 -0.559843 0.651558 0.511906
0.400118 -0.145429 0.215948 0.197825 -0.934129 -0.297099
-0.382733 0.0976061 -0.315309 -0.72535 0.0643685 -0.685365
-0.020819 -0.0172389 -0.0170248 0.737937 -0.132914 0.661652
0.292682 0.0626938 0.382941 -0.197828 0.934129 0.297097
-0.20938 0.115902 -0.0678903 -0.197825 0.934129 0.297099
0.241871 -0.113895 0.224062 0.72535 -0.0643688 0.685365
0.197973 0.0889812 0.237227 -0.197825 0.934129 0.297099
0.163101 -0.128769 0.2543 -0.659343 -0.351083 0.664836
-0.162748 -0.0813421 -0.115707 -0.666274 0.682556 -0.300329
-0.0965561 0.0461707 -0.178408 0.659344 0.351083 -0.664835
-0.395395 0.108993 -0.220791 -0.197825 0.934129 0.297099
-0.363166 0.13392 -0.332607 -0.72535 0.0643685 -0.685365
0.000666562 -0.012547 0.118704 -0.197825 0.934129 0.297099
0.372596 0.0351646 0.312409 0.197825 -0.934129 -0.297099
-0.211994 0.171274 -0.171875 -0.197825 0.934129 0.297099
0.21173 0.0145764 0.156809 -0.118007 -0.824991 -0.552688
-0.211155 -0.0910039 -0.362193 0.197825 -0.934129 -0.297099
-0.109679 -0.00896113 -0.141554 -0.687764 -0.075573 -0.72199
-0.439054 0.0602569 -0.25921 -0.725349 0.064369 -0.685365
-0.22783 0.0107802 -0.10673 0.251478 -0.936328 -0.24505
-0.0660658 0.112993 0.0388152 -0.197825 0.934129 0.297099
-0.288408 0.082667 -0.0939078 0.486488 0.474982 0.733294
0.298196 -0.189295 0.286005 0.197825 -0.934129 -0.297099
-0.136116 0.173317 -0.175676 -0.197825 0.934129 0.297099
0.22894 -0.161917 0.142631 -0.725349 0.064368 -0.685365
-0.23829 0.16944 -0.253875 0.659343 0.351083 -0.664837
-0.142212 0.0605516 -0.0594081 0.72535 -0.0643688 0.685365
0.353897 0.114301 0.304301 0.659343 0.351082 -0.664837
-0.114671 -0.0489965 -0.246628 0.659343 0.351083 -0.664837
-0.320886 0.0520251 -0.202362 0.197824 -0.93413 -0.297099
-0.131016 0.0505513 0.0544709 -0.72535 0.0643687 -0.685364
0.159748 -0.176364 0.129212 0.197825 -0.934129 -0.297099
0.321878 0.0385405 0.268024 0.197821 -0.934131 -0.297097
0.0140065 -0.0263848 0.160504 -0.659343 -0.351083 0.664837
0.288438 0.00341092 0.358731 0.543878 0.356755 -0.759554
-0.253099 -0.00310273 -0.223167 -0.72535 0.0643687 -0.685365
-0.244992 -0.0609701 -0.171478 0.591549 0.303536 0.746951
-0.288955 0.0401088 -0.104841 -0.659343 -0.351083 0.664837
-0.0305556 0.0557996 -0.0513581 -0.72535 0.0643684 -0.685365
-0.00505328 0.0495942 -0.0858532 0.659343 0.351082 -0.664837
0.163604 -0.123749 0.210188 -0.584038 0.796032 -0.158849
-0.118523 0.00859798 -0.0271425 -0.197825 0.934129 0.297099
0.0611556 0.0552939 -0.0171815 0.659343 0.351083 -0.664837
0.21269 -0.12081 0.254296 0.72535 -0.0643688 0.685365
0.371572 -0.164007 0.255353 0.197825 -0.93413 -0.297095
-0.221504 0.160219 -0.287154 0.197825 -0.934129 -0.297099
0.136026 -0.128031 0.171055 -0.0688621 0.90876 0.411599
0.0747368 0.00976789 -0.0277536 0.659343 0.351083 -0.664837
0.128956 -0.140092 0.0374941 -0.00279963 -0.883124 -0.469131
-0.00966745 -0.0603784 0.0469651 -0.664382 -0.141863 -0.733806
0.0648207 -0.10767 0.167974 -0.659343 -0.351083 0.664837
-0.0309218 0.00913977 -0.132871 0.659344 0.351081 -0.664837
-0.290613 0.12691 -0.0800751 -0.571826 0.808295 -0.140262
-0.269667 0.129237 -0.200724 -0.197825 0.934129 0.297099
0.0587465 0.0537711 0.15848 -0.72535 0.0643688 -0.685365
-0.0429274 0.0955845 0.0914333 -0.72535 0.0643693 -0.685365
-0.0802223 -0.0417371 -0.208631 0.659344 0.351084 -0.664835
0.307727 0.0462414 0.316315 -0.279327 -0.344243 0.896367
0.261177 0.0298495 0.21713 0.72535 -0.0643688 0.685365
-0.149898 0.168935 -0.219003 -0.725349 0.0643686 -0.685365
0.117219 -0.088548 -0.0271572 -0.356885 -0.632154 -0.68776
-0.108578 -0.048679 -0.16288 -0.697647 0.615343 -0.366936
-0.0365362 0.130519 0.00337477 -0.197825 0.934129 0.297099
0.165209 0.0534663 0.0850472 0.659343 0.351083 -0.664836
0.0837289 -0.174909 0.104873 0.0709053 -0.909372 -0.409896
-0.0568312 -0.119671 -0.0683687 0.602212 -0.77602 0.187441
-0.201578 -0.121928 -0.282535 0.197825 -0.934129 -0.297099
0.235775 -0.0758614 0.234086 0.72535 -0.0643688 0.685365
0.0524837 0.0173629 0.221765 -0.659343 -0.351083 0.664837
-0.047288 -0.119399 -0.112397 0.502826 -0.863329 0.0427701
0.224633 0.00239532 0.384588 -0.659343 -0.351083 0.664836
-0.0650154 0.031019 -0.0620098 -0.197825 0.934129 0.297099
-0.093549 0.117645 -0.137682 0.659343 0.351083 -0.664837
0.134166 -0.0402589 0.272344 -0.659343 -0.351083 0.664837
-0.0725919 0.0720445 0.120618 -0.72535 0.0643688 -0.685365
-0.227083 0.126826 -0.265264 0.659343 0.351083 -0.664836
-0.113807 -0.154857 -0.0669078 0.44562 -0.894702 -0.0305306
0.0828986 -0.0560284 0.166823 0.751434 -0.336842 0.567348
-0.129041 -0.0393592 -0.124845 -0.750166 0.248186 -0.612907
0.183854 -0.129207 0.0224288 0.143929 -0.926863 -0.346712
-0.299526 -0.0981877 -0.266717 -0.197823 0.93413 0.297099
-0.163633 -0.042795 -0.0870048 -0.714587 0.0177247 -0.699322
0.313455 0.0956827 0.406783 0.72535 -0.064369 0.685365
0.104457 -0.117855 0.00989389 -0.220927 -0.754766 -0.617673
0.200974 -0.0352992 0.274727 0.72535 -0.0643688 0.685365
0.219314 0.0436943 0.393827 -0.197825 0.934129 0.297099
-0.2679 0.0115324 -0.0990499 -0.659343 -0.351083 0.664837
-0.0363193 0.0513114 -0.106705 -0.197825 0.934129 0.297099
0.308029 0.0262808 0.406008 0.725351 -0.0643596 0.685364
0.161387 -0.00304848 0.097294 0.722086 -0.542018 0.429894
-0.0595983 0.0351761 -0.0225579 -0.72535 0.0643688 -0.685365
0.00917779 0.0841907 0.0352182 -0.72535 0.0643688 -0.685365
-0.0915407 -0.0680553 0.033824 -0.659343 -0.351083 0.664836
0.239083 0.146795 0.154079 0.659343 0.351083 -0.664836
0.0557087 -0.0356269 -0.0165863 -0.646313 -0.187106 -0.739778
0.277327 -0.132449 0.225108 -0.197825 0.934129 0.297099
-0.074016 0.01401 0.0426256 0.72535 -0.0643688 0.685365
-0.311148 -0.0271215 -0.163987 -0.72535 0.0643688 -0.685365
0.12341 -0.160646 0.0813831 0.143929 -0.926863 -0.346712
-0.104387 0.0961248 0.0663358 -0.197825 0.934129 0.297099
-0.265244 0.0400524 -0.206261 -0.72535 0.0643687 -0.685365
0.345527 0.0533127 0.36886 0.725349 -0.0643686 0.685365
-0.131896 -0.151895 -0.117884 0.215567 -0.935428 -0.280189
-0.242251 0.141573 -0.221257 -0.197824 0.934131 0.297094
0.293408 0.116611 0.192814 0.197825 -0.934129 -0.297099
0.127991 -0.0128839 0.0130987 0.659343 0.351083 -0.664837
-0.054987 -0.050011 0.0136234 0.748491 -0.223122 0.624482
-0.257618 0.171462 -0.325464 -0.197825 0.934129 0.297099
0.00365237 0.0886375 0.0933963 0.72535 -0.0643688 0.685365
-0.177559 0.00376466 -0.0988127 -0.331627 -0.657802 -0.676255
0.245339 0.11091 0.199819 -0.197825 0.934129 0.297099
-0.069738 0.0604528 0.123308 -0.659343 -0.351083 0.664837
0.320883 -0.123602 0.226292 -0.197824 0.93413 0.297099
0.125461 -0.0836694 0.126166 0.542405 0.390225 0.74399
-0.238891 0.0919037 -0.27315 0.197825 -0.934129 -0.297099
0.0426489 -0.0194826 0.192555 -0.659343 -0.351082 0.664836
-0.0904035 0.153618 -0.115566 0.659343 0.351083 -0.664837
0.300623 0.0960698 0.283289 -0.197825 0.934129 0.297099
-0.291134 0.148007 -0.250084 0.197825 -0.934129 -0.2971
-0.282892 0.00396547 -0.190972 -0.72535 0.0643688 -0.685365
-0.206096 0.101337 -0.113878 -0.649212 0.711853 -0.267937
0.110873 0.0955463 0.28899 0.209117 0.763748 0.610704
-0.186174 0.0343743 -0.199734 0.606912 -0.770467 0.195035
-0.374343 0.173808 -0.317032 -0.72535 0.0643696 -0.685364
0.0263213 0.0741186 0.220428 -0.197825 0.934129 0.297099
-0.0172325 -0.0348299 -0.142514 0.659343 0.351083 -0.664836
0.364749 -0.145271 0.191901 0.197825 -0.934129 -0.297099
-0.224101 -0.141379 -0.236375 0.197825 -0.934129 -0.297099
0.0964796 0.0418972 0.0107762 0.659343 0.351083 -0.664836
0.0992183 0.120826 0.121945 -0.72535 0.0643688 -0.685365
-0.403602 0.161487 -0.287224 -0.725349 0.0643686 -0.685365
0.121216 -0.0241701 0.231486 0.0314585 -0.896385 -0.442159
0.0777385 -0.0353473 0.212489 0.533998 -0.841163 0.0853897
-0.286235 -0.0610265 -0.344435 0.398364 0.915517 -0.0559877
-0.187264 0.0213938 -0.281451 0.659343 0.351083 -0.664837
-0.142046 -0.130463 -0.19211 0.197825 -0.934129 -0.297099
-0.278347 -0.0490022 -0.408954 0.659343 0.351083 -0.664837
0.231295 0.0708108 0.427324 -0.659343 -0.351083 0.664836
0.139805 -0.184673 0.166008 0.197825 -0.934129 -0.297099
-0.0965791 -0.119664 -0.195791 0.197825 -0.934129 -0.297099
0.295313 -0.173299 0.361905 -0.659343 -0.351083 0.664836
0.1853 -0.178081 0.175573 0.197825 -0.934129 -0.297099
-0.119151 -0.00530257 0.03958 -0.659343 -0.351083 0.664837
0.261594 0.090203 0.398367 -0.197827 0.934129 0.297099
0.0659687 0.0823563 0.267268 -0.704041 0.598586 -0.382127
0.176016 -0.0887347 0.235457 -0.750165 0.24818 -0.61291
0.421262 -0.112254 0.251472 0.659343 0.351083 -0.664836
-0.00665798 -0.092952 0.104858 -0.659344 -0.351082 0.664836
0.377375 0.0702319 0.336744 0.725349 -0.0643686 0.685365
-0.0214627 0.0869746 -0.00614093 0.72535 -0.0643688 0.685365
0.374485 -0.111517 0.223987 -0.197825 0.934129 0.297099
0.0839947 -0.186098 0.145574 -0.659343 -0.351083 0.664837
0.138242 0.0341179 0.0480859 0.659343 0.351083 -0.664836
-0.281206 -0.0944686 -0.397943 0.197825 -0.934129 -0.297099
-0.419134 0.118959 -0.267933 -0.197825 0.934129 0.297099
-0.331099 -0.103991 -0.38889 -0.725349 0.0643691 -0.685365
0.253673 -0.0798315 0.102389 0.659343 0.351085 -0.664836
-0.158657 -0.0776393 -0.0377989 -0.659343 -0.351082 0.664837
-0.0802385 -0.136216 -0.112137 0.415369 -0.907174 -0.0671175
0.256011 0.0753588 0.18666 0.659343 0.351083 -0.664836
-0.176423 0.18293 -0.185396 0.659343 0.351085 -0.664836
0.317032 0.0775733 0.338678 -0.817941 -0.324343 0.475158
-0.0115561 0.0163693 0.050792 -0.72535 0.0643688 -0.685365
-0.261555 -0.0489053 -0.21852 -0.72535 0.0643688 -0.685365
-0.156936 0.00521833 -0.0420936 -0.197825 0.934129 0.297099
-0.157329 -0.127789 -0.0629643 -0.659343 -0.351083 0.664836
0.0978984 0.0187533 0.113755 -0.72535 0.0643688 -0.685365
-0.120494 0.0970136 0.052816 -0.197825 0.934129 0.297099
-0.0496789 -0.00111752 0.0894966 -0.725346 0.0643691 -0.685369
0.295706 -0.150556 0.30589 -0.565056 0.697727 0.440329
0.290233 -0.135811 0.111351 0.659343 0.351083 -0.664837
-0.26132 0.121626 -0.0509374 0.313933 0.674942 0.667758
-0.29068 -0.110602 -0.221795 -0.197826 0.934129 0.297099
0.184256 0.0706377 0.113004 0.659343 0.351083 -0.664836
-0.336166 0.0895771 -0.332381 0.234415 -0.862864 -0.447788
-0.320904 0.0521016 -0.130192 -0.659343 -0.351083 0.664837
-0.207725 0.114723 -0.0630797 -0.197825 0.934129 0.297099
-0.0101668 -0.0977944 0.0600879 -0.558955 -0.3625 -0.745763
0.237933 -0.0807322 0.14704 -0.648086 0.713651 -0.26587
0.308923 -0.157157 0.192101 0.197825 -0.934129 -0.297099
0.197454 -0.0909334 0.205148 -0.739349 0.463305 -0.488581
0.19107 -0.152709 0.269396 -0.659343 -0.351083 0.664836
0.276704 0.00841145 0.171829 0.659343 0.351083 -0.664836
-0.0768298 -0.0282498 0.0416345 0.72535 -0.0643688 0.685365
-0.195941 -0.016492 -0.225187 0.702048 0.0289592 0.71154
0.0991679 0.097076 0.248271 0.605351 -0.77233 0.192502
0.166535 -0.034664 0.3074 -0.659343 -0.351083 0.664836
0.148266 -0.195124 0.2045 0.197825 -0.934129 -0.297099
-0.226528 0.181705 -0.21435 -0.197825 0.934129 0.297099
-0.370017 -0.119353 -0.349144 -0.725349 0.0643691 -0.685365
0.136425 0.0527509 0.241143 -0.35251 0.925414 0.139089
-0.411574 0.0422042 -0.231868 0.197825 -0.934129 -0.297099
0.201775 0.142891 0.131328 -0.749813 0.371983 -0.547183
-0.150618 0.13409 -0.085947 -0.197825 0.934129 0.297099
-0.162282 0.0239017 -0.254666 0.751734 -0.292878 0.590862
0.265614 0.00695875 0.314794 -0.267792 -0.838991 -0.47369
-0.025746 0.058026 0.0697221 -0.725351 0.0643644 -0.685364
0.331552 0.0111745 0.312607 0.197823 -0.934129 -0.297101
0.336969 0.117887 0.238892 -0.197825 0.934129 0.297099
-0.265571 0.115852 -0.131962 0.197825 -0.934129 -0.297099
-0.0191363 0.0449705 0.113413 0.72535 -0.0643688 0.685365
0.231778 -0.176977 0.179101 0.197825 -0.934129 -0.297099
0.202946 -0.137209 0.0588154 0.197827 -0.934129 -0.297099
-0.149315 -0.0968287 -0.303981 0.659343 0.351082 -0.664837
0.327506 0.120289 0.34766 -0.197825 0.93413 0.297098
-0.201832 -0.0647683 -0.283216 -0.72535 0.0643688 -0.685365
-0.226313 -0.156949 -0.146777 -0.659343 -0.351082 0.664837
-0.356911 0.108932 -0.238174 -0.0588724 0.291219 -0.954843
-0.0364213 -0.0318523 0.107606 -0.659343 -0.351083 0.664837
-0.381213 -0.14752 -0.297732 0.197825 -0.934129 -0.297099
0.206875 -0.0868475 0.0927396 0.00602061 0.881783 0.471617
-0.300335 0.0313533 -0.169939 -0.72535 0.0643687 -0.685365
0.269354 -0.175541 0.223557 0.197825 -0.934129 -0.297099
-0.333652 0.139242 -0.274787 -0.197823 0.934132 0.297091
-0.172291 -0.0659276 -0.20917 0.154874 0.801889 0.577051
-0.31243 -0.061709 -0.390005 -0.197824 0.934129 0.297099
-0.189891 0.109357 -0.237605 0.659343 0.351083 -0.664837
0.0949356 0.0250122 0.0633809 -0.197825 0.934129 0.297099
-0.316288 0.184158 -0.281831 -0.197825 0.934129 0.297099
0.245311 -0.0265244 0.167392 -0.671773 -0.121993 -0.730643
-0.093081 -0.139054 -0.0321514 0.602212 -0.77602 0.187441
-0.121865 -0.136631 -0.15928 0.197825 -0.934129 -0.297099
0.0641956 -0.141449 0.149516 -0.659343 -0.351083 0.664837
-0.153596 -0.0237455 -0.257982 0.515781 0.432163 0.739733
0.294329 -0.114516 0.180044 -0.197825 0.934129 0.297099
-0.320086 -0.151763 -0.237036 -0.659343 -0.351082 0.664837
-0.383941 0.0738063 -0.181247 -0.659343 -0.351083 0.664837
-0.127187 0.0262498 -0.0785313 0.72535 -0.0643688 0.685365
0.177263 0.119932 0.248741 -0.197825 0.934129 0.297099
-0.143738 0.104125 -0.0537005 0.72535 -0.0643688 0.685365
-0.165874 -0.165545 -0.0913767 -0.659343 -0.351082 0.664837
-0.206659 0.14825 -0.239637 0.197825 -0.934129 -0.297099
0.186307 0.000544045 0.183183 -0.118007 -0.824991 -0.552688
-0.102385 0.0238077 0.0715801 -0.659343 -0.351083 0.664836
0.0408825 0.0845123 0.00169401 -0.725351 0.0643678 -0.685363
0.0438376 0.0848013 0.0505062 0.72535 -0.0643688 0.685365
0.222096 0.098033 0.167222 -0.53264 0.842214 -0.0834877
-0.029031 -0.096417 -0.186737 0.659344 0.351083 -0.664836
0.179266 -0.201222 0.232071 -0.659343 -0.351082 0.664837
-0.171878 0.0807056 -0.0261182 0.72535 -0.0643688 0.685365
0.0678819 0.107191 0.027162 0.725349 -0.0643688 0.685365
0.235254 -0.0393508 0.238066 0.72535 -0.0643688 0.685365
-0.0902712 0.0798134 -0.11257 0.72535 -0.0643688 0.685365
-0.375673 0.133325 -0.288258 0.51965 -0.157055 0.83982
-0.298539 0.136921 -0.121489 -0.197825 0.934129 0.297099
0.238299 0.0956117 0.243231 -0.197825 0.934129 0.297099
-0.245877 0.0795483 -0.0995727 -0.253426 0.936309 0.243107
-0.137748 0.0423925 -0.160854 -0.0808502 -0.84604 -0.526953
0.307404 -0.157689 0.192762 0.197825 -0.934129 -0.297099
-0.250575 -0.0529696 -0.376296 -0.197825 0.934129 0.297099
-0.313148 0.149508 -0.170794 -0.197825 0.934129 0.297099
0.166442 0.0681327 0.218327 -0.477147 0.878776 -0.00914548
-0.228264 0.0338796 -0.245977 -0.72535 0.0643687 -0.685365
-0.324197 0.170344 -0.37043 -0.72535 0.0643726 -0.685363
0.198362 0.0279294 0.119747 0.320774 -0.931115 -0.173574
0.419087 -0.157799 0.267474 0.197825 -0.934129 -0.297099
-0.359914 0.0455336 -0.172348 -0.659343 -0.351083 0.664837
-0.233795 0.153436 -0.106609 -0.161663 0.929796 0.330673
-0.0857873 0.0704559 0.0084724 -0.72535 0.0643673 -0.685365
-0.383255 0.092747 -0.27612 0.978194 0.168569 0.121328
-0.0581462 0.0367889 -0.14527 0.659343 0.351083 -0.664836
0.24626 -0.14797 0.107446 -0.650517 -0.351836 0.673081
-0.3003 0.14527 -0.328136 0.659343 0.351083 -0.664836
-0.40758 0.120732 -0.179911 -0.659343 -0.351083 0.664836
0.105198 -0.109111 0.15624 0.428491 0.551137 0.715991
-0.18601 -0.134501 -0.208687 0.197825 -0.934129 -0.297099
-0.320089 -0.131211 -0.308308 0.197824 -0.934129 -0.297099
0.0918328 0.0666755 0.124675 -0.72535 0.0643688 -0.685365
0.189491 -0.111458 0.164652 -0.449151 0.893073 0.0261688
0.250791 -0.129753 0.0731685 0.659343 0.351083 -0.664837
0.256864 0.0240983 0.428014 -0.659343 -0.351083 0.664836
0.213791 0.120143 0.272401 -0.197825 0.934129 0.297099
0.211351 -0.191226 0.213076 0.725349 -0.064368 0.685365
0.0819906 -0.0617248 0.165186 0.750166 -0.248182 0.612909
0.137425 0.112005 0.0884053 0.659343 0.351083 -0.664836
-0.0131789 0.0950245 -0.0660646 -0.725349 0.0643688 -0.685365
0.191641 0.0194314 0.360865 -0.659343 -0.351083 0.664836
-0.258423 -0.0995796 -0.234973 -0.197825 0.934129 0.297099
-0.434152 0.137336 -0.213092 -0.197825 0.934129 0.297099
-0.239853 0.0294575 -0.061769 -0.659343 -0.351083 0.664837
0.0219925 0.0562883 -0.0550134 0.72535 -0.0643688 0.685365
0.184817 0.151215 0.171416 -0.43356 0.899986 0.0452813
0.14879 0.097859 0.299184 -0.197825 0.934129 0.297099
0.256815 0.139381 0.221265 0.659343 0.351083 -0.664837
0.0989937 -0.0259078 -0.0225365 0.659343 0.351082 -0.664837
-0.033892 0.133362 -0.0405424 -0.725353 0.0643731 -0.685361
0.18934 0.0642894 0.309114 -0.197825 0.934129 0.297099
-0.247314 0.157885 -0.153297 -0.197825 0.934129 0.297099
0.155432 0.0146187 0.322414 -0.659343 -0.351083 0.664836
0.141696 0.118435 0.157912 -0.197825 0.934129 0.297099
-0.410303 0.0614205 -0.28953 -0.725349 0.064369 -0.685365
-0.0831777 -0.0946733 -0.239516 0.659343 0.351083 -0.664836
-0.423274 0.0816499 -0.216113 -0.659343 -0.351083 0.664837
0.273384 0.0306579 0.260518 0.197827 -0.934129 -0.297098
-0.246281 -0.113016 -0.316371 0.197825 -0.934129 -0.297099
0.0781186 -0.140313 0.0470704 -0.185401 -0.781045 -0.596318
0.219334 0.0617493 0.143099 0.659341 0.351083 -0.664839
-0.276331 0.0785125 -0.255976 0.197825 -0.934129 -0.297099
0.246299 -0.00332401 0.349329 0.197826 -0.934128 -0.297101
0.0279177 -0.0477745 -0.104573 0.659343 0.351083 -0.664836
-0.132906 -0.0701594 -0.186356 -0.386883 0.91665 0.100372
0.00158931 -0.068042 -0.0802026 0.706944 -0.590507 0.389271
-0.0790344 -0.127387 -0.15852 0.250649 -0.936334 -0.245875
-0.451047 0.100911 -0.242699 -0.72535 0.0643685 -0.685365
0.330257 -0.136753 0.148281 0.659343 0.351083 -0.664837
0.290892 0.109311 0.235178 -0.197825 0.934129 0.297099
-0.269045 -0.115437 -0.167235 -0.659343 -0.351082 0.664836
-0.218913 0.0139747 -0.175066 0.666274 -0.682554 0.30033
0.182362 0.110482 0.132167 0.659343 0.351083 -0.664836
-0.127798 -0.116778 -0.225652 0.197825 -0.934129 -0.297099
0.0242754 0.00804839 -0.0622386 0.737937 -0.132914 0.661652
0.158553 -0.0796798 0.101655 0.428492 0.551136 0.715992
-0.0933391 0.005468 -0.000532484 -0.197825 0.934129 0.297099
-0.403268 -0.107625 -0.312852 -0.72535 0.0643691 -0.685364
