ply
format ascii 1.0
comment Created by Open3D
element vertex 2096
property double x
property double y
property double z
property double nx
property double ny
property double nz
end_header
0.0716581 0.0778889 -0.326741 -0.58929 0.557282 -0.584956
0.286412 0.304878 0.28326 0.202047 0.802677 0.561148
-0.0199783 0.457115 0.172392 -0.20205 -0.802673 -0.561152
0.268483 0.155372 -0.074287 -0.782249 -0.212491 0.585606
-0.252226 0.0266441 0.162049 0.782249 0.212491 -0.585606
0.0957548 -0.228696 0.014415 0.58929 -0.557282 0.584956
0.107377 -0.131649 0.0918747 -0.58929 0.557282 -0.584956
-0.0333746 0.418544 0.106896 0.58929 -0.557282 0.584956
0.250117 -0.060729 0.0189297 0.58929 -0.557282 0.584956
0.292215 0.161395 0.188135 0.58929 -0.557282 0.584956
0.0835646 -0.0821024 -0.410753 0.782249 0.212491 -0.585606
0.339497 0.332555 0.221129 -0.20205 -0.802673 -0.561152
0.375268 0.212836 0.0892076 -0.782249 -0.212491 0.585606
0.157333 -0.423268 -0.270262 0.202049 0.802675 0.56115
-0.0580941 -0.0819086 -0.344977 0.58929 -0.557282 0.584956
-0.0570052 0.234887 -0.0442657 0.58929 -0.557282 0.584956
0.28319 -0.170565 -0.122316 -0.58929 0.557282 -0.584956
-0.135576 -0.138058 -0.320415 0.58929 -0.557282 0.584956
0.325632 0.39104 0.0875667 -0.782249 -0.212491 0.585606
-0.201551 -0.149193 -0.267846 -0.58929 0.557282 -0.584956
0.194556 -0.213019 -0.0734701 -0.58929 0.557282 -0.584956
0.245021 -0.118968 -0.0314201 0.58929 -0.557282 0.584956
-0.168657 -0.167555 -0.31519 0.58929 -0.557282 0.584956
0.123087 0.160831 -0.269808 0.782249 0.212491 -0.585606
0.1651 0.0676546 -0.244214 -0.782249 -0.212491 0.585606
0.0812165 0.0579264 -0.3521 0.58929 -0.557282 0.584956
0.267977 0.353637 0.216725 -0.20205 -0.802673 -0.561152
0.246949 -0.122956 -0.207329 0.782249 0.212491 -0.585606
0.384981 0.209288 0.0976101 0.782249 0.212491 -0.585606
-0.299352 -0.431096 -0.0637126 -0.782249 -0.212491 0.585606
0.285354 0.412996 0.128989 0.20205 0.802673 0.561152
-0.0238149 0.456137 0.178599 0.202049 0.802674 0.561152
-0.24314 0.374457 0.300391 0.782249 0.212491 -0.585606
0.243672 0.285413 0.323065 -0.20205 -0.802673 -0.561152
0.0642326 -0.0337179 -0.415736 -0.782249 -0.212491 0.585606
0.05782 0.05013 0.314978 -0.58929 0.557282 -0.584956
-0.363253 -0.138473 -0.0461749 0.782249 0.212491 -0.585606
0.129773 0.223675 -0.238074 0.782249 0.212491 -0.585606
-0.144194 -0.258507 -0.400796 -0.20205 -0.802673 -0.561152
-0.184305 0.418878 0.286254 -0.20205 -0.802673 -0.561152
-0.155724 0.330813 0.146572 0.58929 -0.557282 0.584956
0.20614 0.362845 -0.0822809 -0.782249 -0.212491 0.585606
-0.0258305 -0.219209 0.14594 0.58929 -0.557282 0.584956
0.132157 0.377394 -0.0990646 0.58929 -0.557282 0.584956
0.346224 0.305079 0.0805969 0.782249 0.212491 -0.585606
-0.353806 -0.233451 -0.0680188 0.782249 0.212491 -0.585606
-0.033984 0.227851 0.505375 -0.20205 -0.802673 -0.561152
0.0643242 -0.262104 -0.467304 0.202049 0.802673 0.561152
0.00776028 0.352228 0.00227834 0.58929 -0.557282 0.584956
0.175938 0.0180887 -0.247723 -0.782249 -0.212491 0.585606
0.394188 0.241058 0.161301 0.58929 -0.557282 0.584956
0.196292 -0.11916 -0.270335 -0.782249 -0.212491 0.585606
-0.219762 0.415194 0.30429 -0.20205 -0.802672 -0.561153
-0.0724322 0.24978 0.486466 -0.782249 -0.212491 0.585606
0.197986 -0.302822 -0.337999 0.782249 0.212491 -0.585606
0.240991 0.298839 0.304825 -0.20205 -0.802673 -0.561153
0.233948 -0.141902 -0.0454026 -0.58929 0.557282 -0.584956
0.182106 0.0145208 0.155846 -0.58929 0.557282 -0.584956
0.147293 -0.186768 -0.363604 0.782249 0.212491 -0.585606
-0.251644 -0.0674999 0.128665 0.782249 0.212491 -0.585606
0.0797294 0.141073 -0.274677 -0.58929 0.557282 -0.584956
0.328275 -0.0688644 -0.075783 -0.782249 -0.212491 0.585606
-0.198089 0.107148 0.263576 0.782249 0.212491 -0.585606
-0.208908 -0.509978 0.0284786 -0.782249 -0.212491 0.585606
-0.239511 -0.329536 -0.262013 0.962727 -0.267978 0.0366758
0.174069 -0.157547 -0.317233 0.782249 0.212491 -0.585606
-0.0524804 0.0185805 0.396039 -0.58929 0.557282 -0.584956
-0.117011 -0.0915775 -0.298122 -0.58929 0.557282 -0.584956
0.131299 0.0418402 -0.298732 -0.782249 -0.212491 0.585606
-0.055839 -0.00633668 0.375684 -0.58929 0.557282 -0.584956
-0.217803 0.0228752 0.209947 -0.782249 -0.212491 0.585606
-0.136335 -0.365572 0.117824 0.58929 -0.557282 0.584956
-0.0405422 0.0360626 0.403955 0.58929 -0.557282 0.584956
0.188234 -0.320989 -0.357618 0.782249 0.212491 -0.585606
0.180703 0.0131564 -0.243147 -0.782249 -0.212491 0.585606
-0.140715 -0.178508 -0.353773 0.58929 -0.557282 0.584956
-0.116968 -0.507443 -0.0368454 0.58929 -0.557282 0.584956
-0.218914 -0.446045 0.0350278 0.782249 0.212491 -0.585606
0.308364 0.288554 0.29301 0.58929 -0.557282 0.584956
0.295302 0.333927 0.0263284 -0.782249 -0.212491 0.585606
-0.259764 0.0565106 0.162816 0.782249 0.212491 -0.585606
0.24086 -0.363257 -0.259961 0.58929 -0.557282 0.584956
0.273146 0.120223 0.164834 -0.58929 0.557282 -0.584956
-0.106499 0.114222 0.391772 -0.782249 -0.212491 0.585606
0.271258 0.347904 0.223744 -0.202049 -0.802674 -0.561151
0.126252 -0.0885378 0.117219 0.58929 -0.557282 0.584956
0.259375 -0.0299671 -0.153704 -0.782249 -0.212491 0.585606
-0.204602 -0.503996 0.0364025 -0.782249 -0.212491 0.585606
0.0733204 -0.363496 -0.328938 -0.202049 -0.802672 -0.561153
-0.140735 0.0781851 -0.112492 -0.58929 0.557282 -0.584956
0.30096 0.0486879 -0.072899 0.782249 0.212491 -0.585606
-0.136029 -0.281786 -0.374713 0.297861 -0.59619 0.745544
0.117017 -0.0664519 -0.360388 0.782249 0.212491 -0.585606
-0.182581 -0.292139 0.139407 0.782249 0.212491 -0.585606
-0.188147 0.143782 0.00105305 0.58929 -0.557282 0.584956
0.162919 0.00274367 0.167243 0.58929 -0.557282 0.584956
0.0839885 -0.121648 0.124965 -0.58929 0.557282 -0.584956
-0.161794 0.430538 0.244406 -0.58929 0.557282 -0.584956
0.0791745 0.476037 0.113052 0.20205 0.802673 0.561152
-0.16322 0.207549 0.349869 -0.782249 -0.212491 0.585606
0.26349 0.313285 0.279488 0.202051 0.802671 0.561155
-0.305071 -0.0177833 -0.0350789 0.58929 -0.557282 0.584956
-0.260139 0.339864 0.268416 -0.782249 -0.212491 0.585606
-0.0175179 -0.0468495 -0.352453 0.58929 -0.557282 0.584956
0.109545 0.079486 -0.317415 0.782249 0.212491 -0.585606
-0.338697 -0.185912 -0.161378 0.58929 -0.557282 0.584956
-0.099405 0.183724 -0.050295 0.58929 -0.557282 0.584956
0.0334633 0.205811 -0.166393 -0.58929 0.557282 -0.584956
-0.294937 -0.0805316 0.0693897 -0.782249 -0.212491 0.585606
0.307428 0.306149 0.273874 0.202048 0.802675 0.56115
-0.191509 -0.0673674 0.209041 0.782249 0.212491 -0.585606
0.141571 0.256814 -0.207006 -0.782249 -0.212491 0.585606
0.0362039 -0.381297 -0.0709741 0.58929 -0.557282 0.584956
0.0383994 -0.144236 -0.493629 0.782249 0.212491 -0.585606
-0.0969321 0.0690253 0.384867 0.782249 0.212491 -0.585606
-0.115558 0.409912 0.274326 -0.20205 -0.802672 -0.561154
0.172479 0.233413 0.374081 -0.58929 0.557282 -0.584956
-0.355808 -0.0931451 -0.0590493 -0.58929 0.557282 -0.584956
0.187767 -0.416579 -0.29079 0.20205 0.802672 0.561153
0.163361 -0.435102 -0.25362 -0.58929 0.557282 -0.584956
0.219445 0.348305 -0.0730679 0.782249 0.212491 -0.585606
0.203966 0.0263567 -0.207283 -0.782249 -0.212491 0.585606
-0.0944379 -0.0565013 0.345935 -0.782249 -0.212491 0.585606
0.294771 0.193191 -0.0254488 -0.782249 -0.212491 0.585606
0.279791 -0.096719 -0.153938 0.782249 0.212491 -0.585606
0.373099 0.283036 0.108498 0.782249 0.212491 -0.585606
-0.369876 -0.10636 -0.0574673 -0.58929 0.557282 -0.584956
-0.403114 -0.341742 -0.173178 0.782249 0.212491 -0.585606
0.0899968 0.0832374 -0.34012 -0.58929 0.557282 -0.584956
0.262411 -0.114631 -0.0480957 -0.58929 0.557282 -0.584956
0.129742 0.454375 -0.0232939 0.58929 -0.557282 0.584956
0.0352733 0.272423 0.420109 0.20205 0.802673 0.561152
0.20815 0.437373 -0.0558379 0.782249 0.212491 -0.585606
0.225625 -0.347529 -0.229628 0.58929 -0.557282 0.584956
0.0414174 0.482713 0.0893953 -0.58929 0.557282 -0.584956
-0.247396 0.365532 0.291468 0.782249 0.212491 -0.585606
-0.0482411 0.349982 0.339239 0.202051 0.802675 0.561149
-0.325516 -0.342471 -0.21198 0.20205 0.802673 0.561152
0.112446 -0.366374 -0.133563 0.58929 -0.557282 0.584956
-0.203501 0.236866 0.101912 -0.58929 0.557282 -0.584956
-0.137118 0.407852 0.285035 -0.20205 -0.802672 -0.561154
-0.0437548 0.00815316 0.380602 0.58929 -0.557282 0.584956
-0.0624237 -0.378684 0.0308737 0.58929 -0.557282 0.584956
0.185739 -0.395826 -0.238746 -0.58929 0.557282 -0.584956
0.170591 -0.0738576 0.0832503 -0.58929 0.557282 -0.584956
-0.255284 -0.0432929 -0.109537 0.58929 -0.557282 0.584956
-0.227357 -0.312142 -0.307234 -0.858621 0.420794 -0.292749
-0.124065 -0.490891 -0.0756408 -0.202048 -0.802674 -0.561151
0.118739 0.0968843 -0.295537 -0.782249 -0.212491 0.585606
-0.0281622 -0.264943 -0.433368 -0.202049 -0.802673 -0.561152
0.157972 0.350015 -0.154443 -0.58929 0.557282 -0.584956
0.0437075 0.154982 -0.225138 -0.58929 0.557282 -0.584956
0.0819259 -0.161077 -0.438314 -0.782249 -0.212491 0.585606
-0.205357 -0.447002 0.0527909 0.782249 0.212491 -0.585606
-0.0771897 0.233724 0.474285 -0.782249 -0.212491 0.585606
0.11166 -0.00281464 0.2103 -0.58929 0.557282 -0.584956
-0.169437 0.0565684 0.28678 -0.782249 -0.212491 0.585606
0.14367 -0.443798 -0.23878 0.58929 -0.557282 0.584956
-0.0629366 0.28621 0.010604 0.58929 -0.557282 0.584956
-0.165305 -0.273567 -0.371653 -0.20205 -0.802673 -0.561152
0.273737 -0.141373 -0.0816944 0.58929 -0.557282 0.584956
-0.232201 -0.457062 0.0165659 -0.782249 -0.212491 0.585606
-0.206439 -0.213767 0.135975 0.782249 0.212491 -0.585606
-0.027569 -0.190133 0.172104 -0.58929 0.557282 -0.584956
-0.277618 0.0204846 -0.0295654 -0.58929 0.557282 -0.584956
0.011669 -0.00303236 0.310824 -0.58929 0.557282 -0.584956
-0.0263133 0.393739 0.076151 0.58929 -0.557282 0.584956
0.342013 0.294753 0.0712257 0.782249 0.212491 -0.585606
-0.228323 -0.0686829 0.159388 0.782249 0.212491 -0.585606
0.325219 0.409963 0.0905969 0.782249 0.212491 -0.585606
-0.0329011 -0.312377 0.0643026 0.58929 -0.557282 0.584956
-0.172992 0.308486 0.142697 0.58929 -0.557282 0.584956
0.235429 -0.186369 -0.0892571 -0.58929 0.557282 -0.584956
-0.0185784 0.23853 0.484553 -0.202047 -0.802674 -0.561152
0.150438 -0.341753 -0.148381 0.58929 -0.557282 0.584956
0.129401 -0.376466 -0.330579 -0.202049 -0.802673 -0.561152
0.170846 0.0877913 0.236994 -0.58929 0.557282 -0.584956
-0.200641 0.0822204 0.254406 -0.782249 -0.212491 0.585606
0.00386543 0.330987 -0.0173223 -0.58929 0.557282 -0.584956
0.178726 -0.03436 0.115971 0.58929 -0.557282 0.584956
0.196449 0.28201 0.344936 -0.20205 -0.802673 -0.561152
0.159125 0.131472 0.293704 0.58929 -0.557282 0.584956
0.12107 -0.370061 -0.333313 0.202049 0.802673 0.561152
-0.171434 -0.162496 -0.307572 0.58929 -0.557282 0.584956
0.047344 0.0109436 -0.362737 0.58929 -0.557282 0.584956
0.121885 -0.292375 -0.0758621 -0.58929 0.557282 -0.584956
-0.082796 -0.193728 0.224315 -0.58929 0.557282 -0.584956
0.312972 -0.0795704 -0.100109 -0.782249 -0.212491 0.585606
0.270619 0.224326 0.269844 0.58929 -0.557282 0.584956
-0.0976 -0.25455 -0.419806 0.202052 0.802672 0.561154
-0.283623 0.231467 0.197714 -0.782249 -0.212491 0.585606
-0.0936088 0.130153 -0.107171 0.58929 -0.557282 0.584956
0.124733 -0.0574768 -0.343541 -0.782249 -0.212491 0.585606
0.107648 0.253495 -0.192411 0.58929 -0.557282 0.584956
-0.0744489 -0.0480505 -0.299532 -0.58929 0.557282 -0.584956
0.244828 -0.342828 -0.289945 0.782249 0.212491 -0.585606
-0.229769 -0.387321 -0.185728 -0.202049 -0.802673 -0.561153
-0.173873 0.331125 0.380479 -0.782249 -0.212491 0.585606
-0.294426 -0.196242 -0.219106 -0.58929 0.557282 -0.584956
0.188479 -0.0709014 0.0713328 0.58929 -0.557282 0.584956
-0.0394534 0.200136 0.512505 -0.782249 -0.212491 0.585606
-0.375762 -0.107311 -0.0482924 -0.782249 -0.212491 0.585606
-0.312626 -0.383741 -0.0642608 -0.782249 -0.212491 0.585606
0.0297188 0.0378692 -0.322617 -0.58929 0.557282 -0.584956
0.188853 -0.27212 -0.12403 -0.58929 0.557282 -0.584956
-0.225884 -0.334141 0.0663227 0.782249 0.212491 -0.585606
-0.314824 0.0214527 0.0765468 0.782249 0.212491 -0.585606
-0.34478 -0.207588 -0.179188 -0.58929 0.557282 -0.584956
-0.237718 0.0563805 -0.035563 -0.58929 0.557282 -0.584956
-0.248836 -0.406505 -0.151421 -0.20205 -0.802673 -0.561152
0.167017 -0.253068 -0.0838819 -0.58929 0.557282 -0.584956
-0.360598 -0.334409 -0.113725 0.782249 0.212491 -0.585606
-0.199089 0.343803 0.348112 0.782249 0.212491 -0.585606
0.195011 -0.15028 -0.010871 0.58929 -0.557282 0.584956
0.388626 0.321565 0.14322 0.782249 0.212491 -0.585606
-0.134514 -0.232215 0.228643 -0.782249 -0.212491 0.585606
-0.22091 0.0194951 -0.0876365 -0.58929 0.557282 -0.584956
-0.383527 -0.325005 -0.14094 0.782249 0.212491 -0.585606
-0.321479 -0.0980011 0.0243126 0.782249 0.212491 -0.585606
-0.264492 -0.383958 -0.178037 -0.202048 -0.802671 -0.561155
-0.387543 -0.153397 -0.0807517 -0.782249 -0.212491 0.585606
-0.071372 -0.268674 -0.412474 -0.202051 -0.802672 -0.561153
0.276017 0.427299 0.111892 0.20205 0.802673 0.561152
0.179471 -0.0323684 -0.264595 0.782249 0.212491 -0.585606
0.00191169 0.272171 0.432482 0.202052 0.802673 0.561152
-0.266275 -0.19731 -0.245195 0.58929 -0.557282 0.584956
0.0438565 -0.0242689 -0.396058 -0.58929 0.557282 -0.584956
0.0393586 -0.148688 -0.493964 0.782249 0.212491 -0.585606
0.365963 0.172775 0.121395 -0.58929 0.557282 -0.584956
-0.359247 -0.201086 -0.0602586 -0.782249 -0.212491 0.585606
0.244566 -0.411279 -0.309444 0.58929 -0.557282 0.584956
-0.298287 -0.300048 -0.0180223 0.782249 0.212491 -0.585606
-0.166813 0.121479 -0.0416869 0.58929 -0.557282 0.584956
-0.100961 -0.493955 -0.0401214 0.58929 -0.557282 0.584956
-0.308127 -0.193426 0.0108071 -0.782249 -0.212491 0.585606
-0.0740422 0.287363 0.0228901 0.58929 -0.557282 0.584956
0.105511 -0.319505 -0.403453 -0.202049 -0.802673 -0.561152
-0.121727 0.375381 0.154782 0.58929 -0.557282 0.584956
0.314889 0.0781075 0.0826583 -0.58929 0.557282 -0.584956
-0.295456 -0.048785 -0.0775872 -0.58929 0.557282 -0.584956
-0.320037 0.0456149 0.0816351 -0.782249 -0.212491 0.585606
-0.161166 -0.131224 0.226402 0.782249 0.212491 -0.585606
-0.391522 -0.211647 -0.110488 0.782249 0.212491 -0.585606
0.237714 -0.108929 -0.214575 0.782249 0.212491 -0.585606
-0.353382 -0.333328 -0.103693 0.782249 0.212491 -0.585606
-0.287443 -0.188252 -0.215241 0.58929 -0.557282 0.584956
-0.0488995 0.246759 0.483699 -0.20205 -0.802673 -0.561152
-0.105779 0.272473 0.450156 -0.782249 -0.212491 0.585606
-0.0231839 -0.146671 -0.441844 0.58929 -0.557282 0.584956
-0.0368494 0.23019 -0.0723337 -0.58929 0.557282 -0.584956
-0.062117 -0.468553 -0.0583403 -0.58929 0.557282 -0.584956
0.0750672 0.207814 -0.206397 -0.58929 0.557282 -0.584956
0.0660555 0.263913 -0.143873 -0.58929 0.557282 -0.584956
0.0603053 0.418776 0.00945564 -0.58929 0.557282 -0.584956
0.281109 -0.231727 -0.1752 0.58929 -0.557282 0.584956
-0.250027 -0.412128 0.0090584 -0.782249 -0.212491 0.585606
-0.00938728 -0.176418 0.166853 -0.58929 0.557282 -0.584956
-0.217223 0.147883 0.256081 -0.782249 -0.212491 0.585606
0.154173 -0.0585997 -0.304623 -0.782249 -0.212491 0.585606
0.134059 0.507638 0.0480878 0.202047 0.802675 0.561151
-0.25496 0.0336523 0.160939 0.782249 0.212491 -0.585606
-0.222056 -0.214561 0.114827 0.782249 0.212491 -0.585606
-0.222451 -0.0275488 0.182158 0.782249 0.212491 -0.585606
0.32214 0.0818482 0.0789167 -0.58929 0.557282 -0.584956
-0.25577 -0.21651 0.0690839 0.782249 0.212491 -0.585606
-0.255714 0.260187 0.176731 -0.58929 0.557282 -0.584956
0.0294507 -0.347836 -0.03558 -0.58929 0.557282 -0.584956
0.345008 0.349167 0.094971 0.782249 0.212491 -0.585606
-0.0853946 -0.464068 -0.127933 -0.202048 -0.802674 -0.561151
-0.192112 -0.514155 -0.0144364 0.202051 0.802673 0.561152
-0.169827 -0.258903 -0.391 -0.20205 -0.802673 -0.561152
0.0134026 0.257669 0.44566 -0.202048 -0.802674 -0.561152
0.333771 0.0998889 -0.00720769 -0.782249 -0.212491 0.585606
-0.300777 0.0272015 0.000164702 -0.58929 0.557282 -0.584956
0.0667851 -0.121386 -0.444137 -0.782249 -0.212491 0.585606
0.129642 -0.215678 -0.394387 -0.782249 -0.212491 0.585606
0.00707935 -0.227898 0.10122 -0.58929 0.557282 -0.584956
-0.0249011 -0.225842 -0.487046 0.202053 0.802671 0.561154
-0.362126 -0.177078 -0.0586765 0.782249 0.212491 -0.585606
0.108124 0.131696 0.342008 -0.58929 0.557282 -0.584956
0.130683 -0.251363 -0.0456546 -0.58929 0.557282 -0.584956
0.104162 -0.225748 0.00875434 0.58929 -0.557282 0.584956
0.207042 -0.0480122 0.0711512 -0.58929 0.557282 -0.584956
0.0844562 0.152519 -0.268535 -0.58929 0.557282 -0.584956
0.0458458 -0.438529 -0.26742 -0.953689 0.291615 -0.073739
0.302818 0.35174 0.206894 -0.202049 -0.802673 -0.561153
0.3079 0.379941 0.0565683 0.782249 0.212491 -0.585606
-0.283884 -0.170641 -0.202048 0.58929 -0.557282 0.584956
0.147845 0.478215 0.0817838 -0.202052 -0.802672 -0.561153
-0.031567 -0.0990936 -0.388073 0.58929 -0.557282 0.584956
-0.112465 -0.502016 -0.0639044 -0.202049 -0.802673 -0.561152
0.0805668 -0.185386 0.070977 0.58929 -0.557282 0.584956
-0.25398 -0.157035 0.0963404 -0.782249 -0.212491 0.585606
0.181249 0.234321 -0.162167 -0.782249 -0.212491 0.585606
0.216444 -0.272749 -0.152424 -0.58929 0.557282 -0.584956
0.199055 -0.288162 -0.331252 0.782249 0.212491 -0.585606
-0.22677 0.316162 0.200898 -0.58929 0.557282 -0.584956
0.204496 0.527232 -0.00872854 -0.202049 -0.802674 -0.561152
0.168303 -0.409372 -0.297517 -0.202049 -0.802675 -0.56115
0.0290287 -0.286409 0.0233658 -0.58929 0.557282 -0.584956
0.175757 -0.280855 -0.119158 -0.58929 0.557282 -0.584956
-0.210037 -0.524271 0.00648768 0.20205 0.802673 0.561152
0.159571 0.0850158 -0.2453 -0.782249 -0.212491 0.585606
-0.0538608 0.0909025 -0.184606 0.58929 -0.557282 0.584956
0.395784 0.322322 0.2155 -0.202048 -0.802676 -0.561149
0.0110546 -0.346779 -0.0160414 -0.58929 0.557282 -0.584956
-0.0228277 -0.280344 -0.41326 -0.20205 -0.802673 -0.561152
0.0829572 0.326406 -0.101364 -0.58929 0.557282 -0.584956
0.16451 0.357761 -0.143019 0.782249 0.212491 -0.585606
-0.00288306 0.334765 -0.00692412 -0.58929 0.557282 -0.584956
-0.272397 0.14731 0.0859996 -0.58929 0.557282 -0.584956
0.291405 0.244145 0.264499 -0.58929 0.557282 -0.584956
0.0235005 -0.208745 0.102925 -0.58929 0.557282 -0.584956
-0.0635263 -0.0265925 -0.290093 -0.58929 0.557282 -0.584956
-0.30803 -0.0232665 0.0693955 0.782249 0.212491 -0.585606
0.326765 0.388654 0.0849305 0.782249 0.212491 -0.585606
0.215208 -0.0903061 0.0226316 -0.58929 0.557282 -0.584956
-0.0465708 -0.0616136 0.316973 0.58929 -0.557282 0.584956
0.150886 0.286384 0.374521 0.361687 -0.59362 0.718886
-0.170659 0.436444 0.259641 0.202049 0.802674 0.561152
-0.142869 -0.165758 0.238312 0.782249 0.212491 -0.585606
0.0444718 0.475137 0.158723 0.339421 -0.594849 0.728662
0.283688 -0.153193 -0.169225 0.782249 0.212491 -0.585606
0.00113645 0.465966 0.152129 -0.20205 -0.802673 -0.561152
-0.25075 0.286239 0.199837 0.58929 -0.557282 0.584956
-0.186328 0.330964 0.177546 0.58929 -0.557282 0.584956
-0.0436594 -0.461031 -0.143878 0.202049 0.802674 0.561152
0.28293 -0.00399442 0.0399243 0.58929 -0.557282 0.584956
-0.12595 -0.300267 -0.39446 -0.173152 0.59322 -0.786198
0.126098 0.155326 0.346413 -0.58929 0.557282 -0.584956
-0.294845 -0.361087 -0.0322891 -0.782249 -0.212491 0.585606
-0.154495 -0.45118 -0.142617 -0.362624 -0.470934 0.804192
-0.284699 0.15263 0.164386 0.782249 0.212491 -0.585606
0.22818 -0.0785282 0.0240725 0.58929 -0.557282 0.584956
0.315526 0.235999 0.0178087 -0.782249 -0.212491 0.585606
-0.0168027 0.19549 -0.125587 -0.58929 0.557282 -0.584956
-0.112576 0.286442 0.0608328 0.58929 -0.557282 0.584956
0.00172471 0.0534776 0.377966 0.58929 -0.557282 0.584956
-0.0173009 0.0552481 0.398819 0.58929 -0.557282 0.584956
0.377995 0.182047 0.0783944 0.782249 0.212491 -0.585606
0.102742 -0.288616 -0.0497086 0.58929 -0.557282 0.584956
-0.142772 -0.45387 -0.14159 0.30742 0.492031 -0.814493
0.0676402 -0.254192 0.0184484 0.58929 -0.557282 0.584956
0.233202 0.405732 0.200704 0.8792 0.10378 -0.465013
0.161859 0.524898 0.00825089 -0.58929 0.557282 -0.584956
-0.116412 0.0416467 -0.168517 0.58929 -0.557282 0.584956
-0.1563 0.351754 0.375612 0.202049 0.802673 0.561152
-0.237356 0.0115111 -0.0753865 0.58929 -0.557282 0.584956
-0.217355 0.100862 0.238844 -0.782249 -0.212491 0.585606
0.297309 0.377751 0.175098 0.20205 0.802673 0.561152
-0.406798 -0.228777 -0.136897 -0.58929 0.557282 -0.584956
-0.0797095 -0.0732961 0.339227 0.58929 -0.557282 0.584956
0.32365 0.171291 0.165895 0.58929 -0.557282 0.584956
0.247775 0.364155 0.247427 0.977884 -0.133738 -0.160799
0.216267 -0.191848 -0.0718853 0.58929 -0.557282 0.584956
-0.0805886 0.133428 0.433352 -0.782249 -0.212491 0.585606
-0.223747 -0.187891 -0.282353 -0.58929 0.557282 -0.584956
0.343674 0.300124 0.0753934 0.782249 0.212491 -0.585606
0.0232291 -0.329845 -0.355609 0.202051 0.802673 0.561152
0.206412 -0.164838 -0.0362246 0.58929 -0.557282 0.584956
0.228146 -0.125788 -0.23019 -0.782249 -0.212491 0.585606
-0.00699172 0.338008 0.369506 0.680433 0.297053 -0.669904
-0.00521899 0.205764 0.526611 -0.20205 -0.802673 -0.561152
0.0619528 -0.0366612 0.231417 0.58929 -0.557282 0.584956
0.0815493 0.0132261 0.255915 -0.58929 0.557282 -0.584956
-0.162933 0.129351 -0.0413844 -0.58929 0.557282 -0.584956
0.112332 -0.202123 0.0197435 -0.58929 0.557282 -0.584956
0.112973 -0.0365009 -0.354923 0.782249 0.212491 -0.585606
0.195482 -0.40296 -0.25207 0.58929 -0.557282 0.584956
0.342925 0.187781 0.162187 0.58929 -0.557282 0.584956
0.0158752 -0.420836 -0.0914508 -0.58929 0.557282 -0.584956
0.252682 -0.240108 -0.24218 0.782249 0.212491 -0.585606
-0.151435 0.354637 0.161661 -0.58929 0.557282 -0.584956
-0.0555472 0.375704 0.0851321 -0.58929 0.557282 -0.584956
-0.0086815 0.472595 0.149609 0.202049 0.802674 0.561152
0.133183 -0.077052 0.117892 -0.58929 0.557282 -0.584956
0.0953853 0.498434 0.0751773 0.202049 0.802674 0.561152
0.0857131 -0.136501 -0.424338 -0.782249 -0.212491 0.585606
-0.0100177 -0.0824235 0.257036 -0.58929 0.557282 -0.584956
-0.363132 -0.214758 -0.164243 0.58929 -0.557282 0.584956
0.112587 0.099795 0.310408 0.58929 -0.557282 0.584956
-0.2608 -0.469446 -0.0294142 0.782249 0.212491 -0.585606
-0.00646878 0.0363224 -0.287635 -0.58929 0.557282 -0.584956
0.14413 -0.232348 -0.381083 -0.782249 -0.212491 0.585606
-0.119866 -0.0839057 -0.287937 -0.58929 0.557282 -0.584956
0.207142 0.150709 0.26037 -0.58929 0.557282 -0.584956
-0.354867 -0.301853 -0.258832 -0.58929 0.557282 -0.584956
0.0921722 -0.0123836 -0.373957 0.782249 0.212491 -0.585606
-0.0655341 -0.451755 -0.0388939 -0.58929 0.557282 -0.584956
-0.295813 0.0994976 0.0673267 0.58929 -0.557282 0.584956
-0.233067 -0.492958 -0.0300093 0.20205 0.802673 0.561152
-0.362664 -0.244882 -0.0807154 -0.782249 -0.212491 0.585606
0.299418 0.13022 -0.0420902 -0.782249 -0.212491 0.585606
0.215518 0.370112 -0.0704009 0.782249 0.212491 -0.585606
0.136576 0.508514 0.0213999 0.58929 -0.557282 0.584956
0.115734 0.283207 -0.172251 0.58929 -0.557282 0.584956
-0.0943187 0.455201 0.199927 -0.58929 0.557282 -0.584956
0.046126 -0.180949 0.1099 0.58929 -0.557282 0.584956
0.249291 0.0986166 0.171569 0.58929 -0.557282 0.584956
0.214019 -0.369173 -0.238557 0.58929 -0.557282 0.584956
-0.214651 0.0528605 -0.0621549 -0.58929 0.557282 -0.584956
-0.337659 -0.122262 -0.00282016 -0.782249 -0.212491 0.585606
-0.159093 0.247547 0.0706394 0.58929 -0.557282 0.584956
0.0597555 -0.353201 -0.0679333 0.58929 -0.557282 0.584956
0.273852 -0.161684 -0.104448 -0.58929 0.557282 -0.584956
-0.356145 -0.381983 -0.144433 0.20205 0.802673 0.561152
0.250353 0.353073 0.227304 0.20205 0.802674 0.561151
-0.350784 -0.259194 -0.0700387 -0.782249 -0.212491 0.585606
-0.263134 0.125494 0.0558848 -0.58929 0.557282 -0.584956
-0.27462 0.175429 0.118316 0.58929 -0.557282 0.584956
0.0398826 0.47585 0.127467 0.202049 0.802674 0.561152
-0.195312 0.244867 0.101286 -0.58929 0.557282 -0.584956
-0.181065 -0.031113 -0.175991 -0.58929 0.557282 -0.584956
-0.335671 -0.0823577 -0.0690589 -0.58929 0.557282 -0.584956
-0.167666 -0.201533 0.195492 -0.782249 -0.212491 0.585606
-0.0322319 -0.153485 0.211715 -0.58929 0.557282 -0.584956
-0.119176 -0.135439 -0.334441 0.58929 -0.557282 0.584956
-0.112079 0.216286 0.421353 -0.782249 -0.212491 0.585606
-0.0874803 -0.0531413 -0.287967 0.58929 -0.557282 0.584956
0.156649 -0.250584 -0.067782 0.58929 -0.557282 0.584956
0.0792931 0.138034 0.380379 0.58929 -0.557282 0.584956
-0.0341701 0.0133628 -0.281602 -0.58929 0.557282 -0.584956
-0.223385 0.318485 0.199701 -0.58929 0.557282 -0.584956
-0.103467 0.314199 0.410308 0.202049 0.802673 0.561152
-0.00510464 -0.0916854 -0.407673 0.58929 -0.557282 0.584956
0.318961 0.108039 0.110359 0.58929 -0.557282 0.584956
-0.0586316 -0.324941 -0.405116 -0.202051 -0.802673 -0.561152
-0.27663 -0.200613 -0.23791 0.58929 -0.557282 0.584956
0.0792465 0.0824869 -0.330005 -0.58929 0.557282 -0.584956
0.0973468 0.508072 0.0572108 -0.58929 0.557282 -0.584956
-0.0925388 0.307438 0.0606494 0.58929 -0.557282 0.584956
-0.111021 -0.508682 -0.0440167 0.58929 -0.557282 0.584956
0.221466 -0.305172 -0.307487 0.782249 0.212491 -0.585606
0.00618673 0.217763 -0.12424 0.58929 -0.557282 0.584956
-0.210897 -0.393296 0.0648773 0.782249 0.212491 -0.585606
0.216707 -0.164719 -0.259596 -0.782249 -0.212491 0.585606
-0.115662 0.221227 -0.00147609 -0.58929 0.557282 -0.584956
-0.249987 -0.235615 -0.301384 -0.58929 0.557282 -0.584956
0.247454 -0.296609 -0.266381 -0.782249 -0.212491 0.585606
-0.380396 -0.31862 -0.134441 0.782249 0.212491 -0.585606
-0.057137 0.318087 0.384637 -0.20205 -0.802673 -0.561152
0.00441952 0.33146 0.379794 -0.590097 -0.357512 0.723858
-0.364241 -0.127944 -0.0403898 -0.782249 -0.212491 0.585606
0.360303 0.196316 0.149524 -0.58929 0.557282 -0.584956
0.0320122 0.337995 -0.0357129 0.58929 -0.557282 0.584956
-0.133629 0.269198 0.0623256 -0.58929 0.557282 -0.584956
0.206455 -0.0803086 0.0442614 0.58929 -0.557282 0.584956
-0.296453 -0.342608 -0.222249 0.202049 0.802674 0.561151
0.221051 0.403426 0.165831 0.20205 0.802673 0.561152
0.236238 0.465419 0.0682602 -0.20205 -0.802673 -0.561152
0.28852 0.273423 -0.00797022 0.782249 0.212491 -0.585606
0.415314 0.313556 0.175964 0.782249 0.212491 -0.585606
0.0671007 -0.213867 0.0574094 0.58929 -0.557282 0.584956
-0.162502 0.421792 0.236787 -0.58929 0.557282 -0.584956
0.120968 -0.281129 -0.433007 0.782249 0.212491 -0.585606
-0.0899555 0.370743 0.321135 -0.202049 -0.802672 -0.561154
0.293487 0.279445 0.000849807 0.782249 0.212491 -0.585606
-0.156923 0.360658 0.359673 -0.20205 -0.802673 -0.561152
-0.255095 -0.248692 0.0615927 -0.782249 -0.212491 0.585606
-0.0156598 -0.305682 -0.379596 -0.202049 -0.802673 -0.561152
0.284111 0.0991999 -0.0770777 0.782249 0.212491 -0.585606
-0.193707 -0.426786 -0.156675 -0.657323 -0.313604 0.685258
0.139642 0.00869994 -0.302897 0.782249 0.212491 -0.585606
0.150309 -0.404096 -0.210932 -0.58929 0.557282 -0.584956
0.170157 -0.422137 -0.276499 0.20205 0.802673 0.561153
0.178735 0.0486629 0.191769 -0.58929 0.557282 -0.584956
0.196127 -0.204559 -0.0669925 -0.58929 0.557282 -0.584956
-0.386344 -0.167297 -0.0841948 -0.782249 -0.212491 0.585606
-0.0322891 -0.127038 0.240256 0.58929 -0.557282 0.584956
0.0462739 -0.198649 -0.502855 0.782249 0.212491 -0.585606
-0.0639034 -0.392585 0.0191207 0.58929 -0.557282 0.584956
-0.332683 -0.0415304 -0.0298853 0.58929 -0.557282 0.584956
0.227963 -0.17837 -0.252797 0.782249 0.212491 -0.585606
0.129626 -0.0886541 0.113709 0.58929 -0.557282 0.584956
0.00528022 0.272465 0.430848 0.202049 0.802674 0.561152
0.0937058 -0.389621 -0.140119 -0.58929 0.557282 -0.584956
-0.105589 -0.473587 -0.103618 0.202048 0.802674 0.561152
0.300063 0.244314 0.255937 -0.58929 0.557282 -0.584956
0.118419 -0.277384 -0.43177 -0.782249 -0.212491 0.585606
0.0504854 -0.427762 -0.287028 0.976359 -0.210016 -0.0511427
0.0727262 0.0548842 -0.349733 -0.58929 0.557282 -0.584956
-0.293391 -0.0616866 0.0750096 0.782249 0.212491 -0.585606
-0.0189333 0.373135 0.0458 -0.58929 0.557282 -0.584956
0.14149 0.0444486 -0.284173 -0.782249 -0.212491 0.585606
0.344128 0.0518389 -0.0140928 0.782249 0.212491 -0.585606
0.228631 -0.414305 -0.308756 0.20205 0.802673 0.561153
-0.248492 0.338053 0.243637 -0.58929 0.557282 -0.584956
-0.152833 0.398294 0.207947 0.58929 -0.557282 0.584956
-0.0973402 0.249956 0.010724 0.58929 -0.557282 0.584956
-0.182397 -0.472719 -0.0772044 0.202048 0.802674 0.561152
-0.0356773 0.378551 0.347849 -0.869368 -0.11684 0.480155
-0.353894 -0.208986 -0.0559748 -0.782249 -0.212491 0.585606
0.0852926 0.030133 -0.367719 0.782249 0.212491 -0.585606
0.275771 0.433353 0.0363156 -0.782249 -0.212491 0.585606
0.0860584 -0.433936 -0.22934 0.202048 0.802675 0.56115
0.257117 0.0159593 -0.140056 -0.782249 -0.212491 0.585606
-0.239038 0.1909 0.24255 -0.782249 -0.212491 0.585606
0.117067 0.471968 0.00294923 -0.58929 0.557282 -0.584956
0.140463 -0.283684 -0.0830106 0.58929 -0.557282 0.584956
0.356003 0.112839 0.027188 -0.782249 -0.212491 0.585606
-0.313698 -0.192949 0.00353787 -0.782249 -0.212491 0.585606
0.0161337 -0.0135478 -0.357916 -0.58929 0.557282 -0.584956
0.290731 0.130556 0.156963 -0.58929 0.557282 -0.584956
0.311994 0.000993593 -0.0721827 -0.782249 -0.212491 0.585606
-0.0295336 -0.470501 -0.0897328 0.58929 -0.557282 0.584956
-0.0232529 -0.172836 -0.466702 0.58929 -0.557282 0.584956
0.360142 0.225368 0.0735495 -0.782249 -0.212491 0.585606
-0.119395 0.376088 0.327517 0.20205 0.802674 0.561151
-0.0554001 0.410054 0.262991 -0.969049 0.246832 -0.00415082
-0.354716 -0.23439 -0.194712 -0.58929 0.557282 -0.584956
-0.200796 -0.530183 0.00819104 -0.202049 -0.802674 -0.561152
0.241664 0.434359 0.110735 -0.20205 -0.802673 -0.561152
-0.126553 0.324623 0.40371 0.202049 0.802673 0.561152
-0.122229 -0.274076 0.190781 0.58929 -0.557282 0.584956
0.34663 0.2376 0.0566541 0.782249 0.212491 -0.585606
-0.0287831 -0.061933 0.295462 -0.58929 0.557282 -0.584956
0.0946244 -0.335715 -0.0896895 -0.58929 0.557282 -0.584956
0.234998 -0.385501 -0.318559 0.782249 0.212491 -0.585606
0.269732 0.347596 -0.00286819 -0.782249 -0.212491 0.585606
0.211098 -0.123008 -0.00438219 -0.58929 0.557282 -0.584956
0.0523941 0.391827 -0.00496055 0.58929 -0.557282 0.584956
0.325972 -0.076227 -0.0815303 -0.782249 -0.212491 0.585606
-0.271757 0.127417 0.175809 -0.782249 -0.212491 0.585606
0.28243 -0.25032 -0.197531 -0.58929 0.557282 -0.584956
-0.364749 -0.0886919 -0.026826 -0.782249 -0.212491 0.585606
0.28907 0.332948 0.0143637 0.782249 0.212491 -0.585606
0.160886 -0.00191843 -0.278371 0.782249 0.212491 -0.585606
-0.252398 -0.0678373 -0.135828 0.58929 -0.557282 0.584956
0.0675118 -0.310196 -0.403088 -0.202049 -0.802673 -0.561152
0.167043 -0.141537 0.0223469 -0.58929 0.557282 -0.584956
-0.11739 0.214041 0.41016 0.782249 0.212491 -0.585606
-0.0558923 0.395395 0.107527 0.58929 -0.557282 0.584956
0.239574 0.336761 -0.0470844 -0.782249 -0.212491 0.585606
0.0217478 -0.139136 0.171006 -0.58929 0.557282 -0.584956
-0.0379673 -0.394402 -0.00873864 0.58929 -0.557282 0.584956
-0.176459 0.169864 0.014126 0.58929 -0.557282 0.584956
-0.164326 0.335326 0.394756 -0.782249 -0.212491 0.585606
0.392238 0.167531 0.0932169 0.58929 -0.557282 0.584956
-0.275042 -0.36933 -0.012111 0.782249 0.212491 -0.585606
-0.180752 -0.291996 0.145186 -0.782249 -0.212491 0.585606
0.0492203 -0.378181 -0.0811184 0.58929 -0.557282 0.584956
-0.0537073 -0.195984 0.196149 0.58929 -0.557282 0.584956
0.305309 0.155981 0.169786 0.58929 -0.557282 0.584956
-0.175083 -0.0729237 -0.221849 -0.58929 0.557282 -0.584956
-0.189401 -0.42016 -0.149863 0.202051 0.802673 0.561152
-0.220191 -0.4775 0.0219089 0.782249 0.212491 -0.585606
-0.197214 0.0776303 -0.0561229 -0.58929 0.557282 -0.584956
-0.224346 -0.145093 -0.240976 -0.58929 0.557282 -0.584956
0.00825386 -0.0820797 -0.41198 0.58929 -0.557282 0.584956
-0.089095 0.385434 0.303237 0.20205 0.802675 0.56115
0.110099 -0.291011 -0.445863 -0.202049 -0.802673 -0.561152
-0.201465 -0.264039 0.124379 0.782249 0.212491 -0.585606
0.310336 0.172293 -0.0122398 -0.782249 -0.212491 0.585606
-0.107288 0.119556 -0.103486 0.58929 -0.557282 0.584956
0.12549 0.244981 0.426878 0.20205 0.802673 0.561152
-0.260377 0.14841 0.198628 -0.782249 -0.212491 0.585606
0.196149 -0.354428 -0.359178 0.782249 0.212491 -0.585606
0.177681 0.123209 0.26385 -0.58929 0.557282 -0.584956
-0.0855131 0.402951 0.144566 0.58929 -0.557282 0.584956
-0.0965159 -0.0768729 0.335767 -0.782249 -0.212491 0.585606
-0.360274 -0.0586536 -0.0216906 -0.58929 0.557282 -0.584956
0.299613 -0.00489938 0.0189673 -0.58929 0.557282 -0.584956
-0.0463008 0.441042 0.258598 -0.941498 0.316996 -0.114434
0.16244 -0.141701 0.0268277 -0.58929 0.557282 -0.584956
0.207902 0.0863403 0.198281 -0.58929 0.557282 -0.584956
-0.0541448 0.445774 0.204343 0.202051 0.802671 0.561154
-0.220307 -0.0637083 -0.164223 0.58929 -0.557282 0.584956
-0.164248 -0.0942218 -0.249767 0.58929 -0.557282 0.584956
0.0740075 -0.223624 -0.471587 -0.782249 -0.212491 0.585606
-0.223777 -0.182969 0.127275 -0.782249 -0.212491 0.585606
0.282176 -0.127485 -0.0802529 -0.58929 0.557282 -0.584956
0.228095 0.427215 0.129265 0.20205 0.802673 0.561152
-0.24511 0.000569536 0.162093 0.782249 0.212491 -0.585606
0.296809 0.358739 0.199046 -0.202049 -0.802672 -0.561154
-0.163721 -0.354728 0.141889 0.782249 0.212491 -0.585606
0.156169 0.21982 0.38085 0.58929 -0.557282 0.584956
-0.329188 -0.336995 -0.072705 0.782249 0.212491 -0.585606
0.0781398 0.00586214 0.255622 0.58929 -0.557282 0.584956
-0.322489 -0.370902 -0.0727769 -0.782249 -0.212491 0.585606
0.38316 0.326927 0.213459 -0.202049 -0.802674 -0.561151
0.235294 0.236561 -0.092445 0.782249 0.212491 -0.585606
-0.00881273 -0.158327 -0.467426 0.58929 -0.557282 0.584956
0.344636 0.33061 0.225488 0.20205 0.802672 0.561153
-0.0879459 -0.253221 0.176113 0.58929 -0.557282 0.584956
-0.236306 0.0202151 -0.0681524 0.58929 -0.557282 0.584956
0.137351 -0.306675 -0.101779 0.58929 -0.557282 0.584956
0.149355 0.438876 -0.0611041 -0.58929 0.557282 -0.584956
0.218856 0.406567 -0.0527142 0.782249 0.212491 -0.585606
0.166355 0.00137186 -0.269872 0.782249 0.212491 -0.585606
0.0797364 0.493345 0.0880925 0.202049 0.802674 0.561152
0.00302716 -0.474463 -0.141474 0.20205 0.802673 0.561152
0.236259 -0.00693432 -0.17951 0.782249 0.212491 -0.585606
0.104665 0.467928 0.014881 0.58929 -0.557282 0.584956
0.0329434 0.20059 -0.170844 -0.58929 0.557282 -0.584956
-0.165688 -0.00443027 -0.166061 -0.58929 0.557282 -0.584956
0.155731 0.180798 -0.218958 0.782249 0.212491 -0.585606
-0.175408 -0.0473401 0.237815 0.782249 0.212491 -0.585606
0.0841478 -0.404413 -0.144583 -0.58929 0.557282 -0.584956
0.182308 0.451565 -0.0789258 0.58929 -0.557282 0.584956
-0.329769 -0.360575 -0.187979 -0.202048 -0.802671 -0.561155
0.289475 0.42559 0.04852 0.782249 0.212491 -0.585606
0.189924 -0.184587 -0.305866 0.782249 0.212491 -0.585606
0.227625 0.431158 -0.0287936 -0.782249 -0.212491 0.585606
-0.110438 0.241597 0.429445 0.782249 0.212491 -0.585606
-0.0102571 -0.196364 0.148728 -0.58929 0.557282 -0.584956
-0.208997 0.40049 0.324873 0.202049 0.802673 0.561152
0.0121193 0.468118 0.105006 -0.58929 0.557282 -0.584956
0.156471 -0.298177 -0.116233 -0.58929 0.557282 -0.584956
0.310583 0.377587 0.170553 0.20205 0.802673 0.561152
0.311882 0.240867 0.0147077 -0.782249 -0.212491 0.585606
-0.249778 0.200992 0.114356 -0.58929 0.557282 -0.584956
-0.0543208 -0.0697841 0.316996 0.58929 -0.557282 0.584956
0.240169 0.385854 0.184082 0.202049 0.802672 0.561154
-0.380543 -0.215013 -0.150234 -0.58929 0.557282 -0.584956
0.258911 -0.363172 -0.278064 0.58929 -0.557282 0.584956
0.0868225 0.145082 -0.278003 -0.58929 0.557282 -0.584956
0.046406 0.130911 -0.247501 0.58929 -0.557282 0.584956
-0.236192 -0.266075 -0.341013 0.58929 -0.557282 0.584956
-0.196507 0.133655 0.278592 -0.782249 -0.212491 0.585606
0.25514 -0.343974 -0.273301 -0.782249 -0.212491 0.585606
-0.103587 -0.246514 -0.429144 0.20205 0.802673 0.561152
0.21414 0.352189 -0.0787455 0.782249 0.212491 -0.585606
0.29147 -0.0784615 -0.0429106 -0.58929 0.557282 -0.584956
-0.276258 -0.370183 -0.0107601 -0.782249 -0.212491 0.585606
0.148795 0.288414 -0.189174 0.782249 0.212491 -0.585606
0.337573 0.109114 0.089345 -0.58929 0.557282 -0.584956
0.286424 0.147978 0.181187 0.58929 -0.557282 0.584956
-0.0411139 0.19021 -0.106126 -0.58929 0.557282 -0.584956
0.18827 -0.414685 -0.29368 0.20205 0.802673 0.561153
0.151709 0.431891 -0.0668437 0.58929 -0.557282 0.584956
0.0536454 0.107639 -0.280252 -0.58929 0.557282 -0.584956
-0.194401 -0.0580429 -0.188211 -0.58929 0.557282 -0.584956
0.184002 -0.0782245 0.0655789 -0.58929 0.557282 -0.584956
0.338964 0.346669 0.089274 -0.782249 -0.212491 0.585606
0.248323 -0.192026 -0.227272 -0.782249 -0.212491 0.585606
-0.174727 0.00623916 -0.14679 -0.58929 0.557282 -0.584956
-0.240921 -0.334654 -0.288947 -0.941497 0.316997 -0.114436
-0.00853656 0.115646 0.444242 -0.58929 0.557282 -0.584956
-0.0542419 -0.157578 -0.424235 -0.58929 0.557282 -0.584956
-0.268206 0.248489 0.181458 0.58929 -0.557282 0.584956
0.0317141 -0.22991 -0.501612 0.202049 0.802673 0.561152
-0.0421299 0.0579464 -0.231109 -0.58929 0.557282 -0.584956
-0.117156 0.230457 0.416429 0.782249 0.212491 -0.585606
-0.24233 0.000294548 0.168991 -0.782249 -0.212491 0.585606
-0.0677245 -0.168149 -0.417435 0.58929 -0.557282 0.584956
-0.0606235 0.0197924 -0.245539 0.58929 -0.557282 0.584956
0.0328331 0.177982 -0.19227 -0.58929 0.557282 -0.584956
-0.224766 0.339851 0.312378 0.782249 0.212491 -0.585606
0.0457303 -0.0543914 -0.423355 0.58929 -0.557282 0.584956
0.170528 0.357507 -0.135072 0.782249 0.212491 -0.585606
0.113106 0.355744 -0.103786 -0.58929 0.557282 -0.584956
-0.170517 -0.0882656 0.2295 0.782249 0.212491 -0.585606
0.125307 0.491184 0.0747745 0.202047 0.802675 0.561151
0.0698065 0.244238 0.444563 -0.202047 -0.802675 -0.561151
-0.237334 0.327329 0.22218 -0.58929 0.557282 -0.584956
0.326038 -0.0249163 -0.0628244 -0.782249 -0.212491 0.585606
-0.195597 -0.105474 0.193037 -0.782249 -0.212491 0.585606
0.156868 -0.177071 0.00203219 0.58929 -0.557282 0.584956
0.0310274 0.0788373 -0.281618 0.58929 -0.557282 0.584956
0.152539 0.157432 -0.228416 -0.782249 -0.212491 0.585606
0.235628 -0.0994994 -0.210656 -0.782249 -0.212491 0.585606
-0.0680363 -0.170848 0.234531 0.58929 -0.557282 0.584956
-0.235167 0.380689 0.270832 -0.58929 0.557282 -0.584956
-0.0316479 -0.0909638 0.27069 -0.58929 0.557282 -0.584956
-0.222943 0.324538 0.312541 -0.782249 -0.212491 0.585606
0.167756 0.170643 -0.20658 0.782249 0.212491 -0.585606
-0.090261 0.114066 0.413406 -0.782249 -0.212491 0.585606
0.0114777 -0.0385169 0.280498 0.58929 -0.557282 0.584956
-0.127959 -0.452688 -0.125458 0.20205 0.802673 0.561152
0.00268468 -0.105715 0.225338 0.58929 -0.557282 0.584956
0.118764 0.258547 0.406468 -0.202047 -0.802675 -0.56115
-0.114294 0.13294 -0.0869641 -0.58929 0.557282 -0.584956
-0.0702947 -0.0757148 0.324151 -0.58929 0.557282 -0.584956
0.241538 0.455168 0.0844409 0.20205 0.802673 0.561152
-0.00276396 0.45896 0.111275 -0.58929 0.557282 -0.584956
-0.143048 -0.142558 -0.320462 -0.58929 0.557282 -0.584956
0.167652 -0.317862 -0.383976 0.782249 0.212491 -0.585606
-0.198071 0.179989 0.293315 -0.782249 -0.212491 0.585606
-0.204623 0.415345 0.276365 0.58929 -0.557282 0.584956
0.0911179 0.469885 0.140911 -0.0431244 0.579705 -0.813685
-0.00656077 0.0532498 0.382808 -0.58929 0.557282 -0.584956
-0.20816 -0.350467 0.0873588 -0.782249 -0.212491 0.585606
-0.0246941 0.456857 0.213199 0.814582 -0.455827 0.358716
-0.205882 0.306929 0.17106 -0.58929 0.557282 -0.584956
0.0103328 0.138352 0.446865 -0.58929 0.557282 -0.584956
0.230883 -0.377484 -0.263463 0.58929 -0.557282 0.584956
0.0914022 -0.211132 0.0322453 -0.58929 0.557282 -0.584956
-0.150487 -0.471563 -0.0937746 -0.20205 -0.802673 -0.561152
0.136683 -0.23975 -0.393717 -0.782249 -0.212491 0.585606
-0.0845922 -0.317042 -0.405871 -0.0927944 -0.554701 0.826859
0.0502537 -0.249747 -0.48334 -0.202049 -0.802673 -0.561152
0.140289 0.470971 -0.0181084 0.58929 -0.557282 0.584956
-0.0540081 -0.459708 -0.142043 0.202048 0.802674 0.561151
-0.0822823 0.236599 -0.0204585 -0.58929 0.557282 -0.584956
-0.0337213 0.463342 0.146636 -0.58929 0.557282 -0.584956
0.401602 0.249408 0.134371 0.782249 0.212491 -0.585606
-0.291177 -0.355646 -0.0286988 0.782249 0.212491 -0.585606
