ply
format ascii 1.0
comment Created by Open3D
element vertex 512
property double x
property double y
property double z
property double nx
property double ny
property double nz
end_header
0.00973247 -0.290813 -0.215202 0.889987 0.427512 0.15861
-0.0800415 0.0906085 0.487689 -0.255855 0.180269 0.949759
-0.213627 -0.0180592 0.0381402 -0.889988 -0.427513 -0.158599
-0.0555304 0.467015 0.25597 -0.447808 0.753862 0.480791
0.108797 0.0283607 0.520895 0.255855 -0.180269 -0.949759
-0.111208 -0.0641585 0.508669 -0.255855 0.180269 0.949758
-0.0560288 0.525337 0.107644 0.889987 0.427511 0.15861
-0.274261 0.425036 0.0297844 0.37744 -0.885854 0.269818
0.0153965 0.427158 -0.24141 0.00549064 -0.357861 0.933759
-0.0736343 0.139132 -0.491961 -0.0859735 0.498924 -0.862371
-0.259613 0.25792 0.393741 -0.447808 0.753862 0.480791
0.272882 -0.251373 -0.333411 -0.447808 0.753863 0.48079
0.236796 -0.44394 -0.0394393 -0.37744 0.885854 -0.269818
-0.166605 0.296461 0.419937 -0.447808 0.753862 0.480791
-0.303854 0.377378 0.165229 -0.447805 0.753866 0.480789
-0.235947 0.154187 -0.300883 -0.889987 -0.427512 -0.158609
-0.056935 0.275142 0.458889 -0.255855 0.180269 0.949759
0.206112 -0.169302 -0.438791 0.255855 -0.180269 -0.949759
0.272904 -0.171486 -0.388884 -0.307379 0.819403 -0.483835
0.0609642 -0.305645 0.396888 0.0859737 -0.498924 0.862371
-0.0788787 -0.239562 -0.120923 -0.889987 -0.427511 -0.15861
-0.301585 0.16814 0.0739113 0.154807 0.0438973 -0.986969
-0.232893 0.235434 0.336702 0.0993756 0.15763 -0.982485
-0.2459 0.146402 0.432419 -0.255855 0.180269 0.949759
-0.375557 0.351356 -0.0489539 -0.889987 -0.427512 -0.15861
-0.214987 0.163491 -0.443573 -0.889987 -0.427512 -0.15861
-0.341777 0.284282 0.0247956 0.40521 -0.581979 -0.705057
-0.202179 0.458709 0.132405 -0.447808 0.753862 0.480791
-0.0633903 -0.327534 0.29408 0.889987 0.427511 0.158612
-0.271099 0.0154683 0.42097 0.260541 -0.191296 -0.946321
-0.332551 0.38952 0.0612259 0.447808 -0.753862 -0.480791
-0.0474824 -0.0874712 -0.478671 -0.0891547 -0.177981 0.979987
-0.152552 -0.0118068 -0.0566201 0.889984 0.427517 0.158612
0.235888 -0.286245 -0.31319 -0.447808 0.753863 0.48079
0.0728431 -0.262525 -0.398545 -0.448093 0.884407 0.130528
0.322296 -0.25092 -0.346333 0.447808 -0.753862 -0.480791
0.141811 -0.322925 -0.401536 0.447808 -0.753862 -0.480791
-0.148857 0.299506 0.429501 -0.255855 0.180268 0.949759
-0.292398 0.140439 0.0717444 0.0891529 0.177984 -0.979986
-0.167839 -0.034392 -0.0319689 0.416135 -0.903699 0.100797
0.036263 -0.00517039 0.5372 -0.255855 0.180269 0.949759
-0.268986 0.0825117 0.0776946 -0.889987 -0.427511 -0.158609
-0.116962 -0.187517 0.217284 0.889986 0.427513 0.158611
-0.120622 0.405441 0.29189 -0.447808 0.753862 0.480791
0.0784069 -0.175133 0.470657 0.0859737 -0.498924 0.862371
-0.199219 -0.0224865 -0.0307723 -0.889987 -0.427512 -0.15861
-0.22928 0.392958 -0.242226 -0.377441 0.885854 -0.269818
-0.185157 0.0896846 0.430067 0.255855 -0.180269 -0.949759
-0.104146 0.428768 0.212423 0.447808 -0.753862 -0.480791
0.148468 -0.509318 -0.0267558 0.377441 -0.885854 0.269818
-0.0904993 0.00668027 -0.552097 0.255855 -0.180269 -0.949758
-0.143514 -0.115142 -0.0233173 -0.406325 0.901394 -0.149628
-0.337239 0.342734 -0.240724 -0.889987 -0.427512 -0.15861
0.196719 0.0319191 -0.450033 -0.255855 0.180269 0.949759
-0.0815184 0.136076 0.478661 -0.255855 0.180269 0.949759
-0.325203 0.406606 0.0405379 0.37744 -0.885854 0.269818
-0.282719 0.125272 0.151909 0.294037 -0.80392 0.516966
-0.0945129 0.487259 0.18792 -0.447808 0.753862 0.480791
-0.373741 0.343174 0.153768 -0.447808 0.753863 0.480791
0.0783582 0.0265349 0.542522 -0.255855 0.180269 0.949759
-0.232613 0.379043 -0.179477 0.377441 -0.885854 0.269818
-0.362112 0.272635 0.0877894 -0.889987 -0.427511 -0.158609
-0.277775 0.409081 -0.0176824 0.37744 -0.885854 0.269818
0.0167714 0.398419 -0.297863 0.455804 -0.824246 -0.335948
-0.30481 0.325287 0.18778 0.447808 -0.753862 -0.480791
0.156878 0.132766 -0.509388 0.255855 -0.180269 -0.949758
-0.181374 0.0220982 -0.145164 -0.452598 0.870537 0.193186
-0.257834 0.191639 0.420618 -0.255855 0.180269 0.949758
0.085517 0.0679494 0.507109 0.255855 -0.180269 -0.949759
0.237572 -0.159797 -0.402639 -0.255855 0.180269 0.949758
-0.260406 0.13289 0.431076 -0.255855 0.180269 0.949759
-0.0154048 0.418167 -0.273685 -0.0915611 0.508303 -0.856297
0.295008 -0.368885 0.125545 -0.37744 0.885854 -0.269818
0.0810023 -0.454962 0.142309 -0.377441 0.885854 -0.269818
0.161282 -0.377751 0.34517 0.0859737 -0.498924 0.862371
-0.213582 0.236735 -0.384081 0.889987 0.427509 0.158614
0.315056 -0.394818 0.01236 -0.37744 0.885854 -0.269818
-0.259665 0.224549 -0.35745 -0.889986 -0.427511 -0.158614
0.271472 -0.161242 -0.393233 -0.255855 0.180269 0.949758
-0.0591226 0.526427 0.122067 0.889987 0.427511 0.15861
-0.0261498 0.223987 0.476891 -0.255855 0.180269 0.949759
0.0454878 -0.515026 -0.0762877 -0.889987 -0.427512 -0.15861
0.0383983 -0.51581 -0.0343949 -0.889987 -0.427511 -0.15861
-0.11188 0.0300113 -0.397549 0.889987 0.427512 0.15861
-0.227587 0.0919808 0.0846708 0.889987 0.427512 0.15861
-0.0343749 0.0478543 0.478626 0.255855 -0.180269 -0.949759
-0.285365 0.0280234 0.444256 -0.255855 0.180269 0.949759
0.347873 -0.138355 -0.369826 0.889994 0.427504 0.158588
0.154133 -0.425767 0.239632 0.377441 -0.885854 0.269818
0.0615686 0.0900054 -0.526947 0.255855 -0.180269 -0.949758
0.0929486 -0.284896 -0.447336 0.255855 -0.180269 -0.949758
-0.35569 0.229978 0.348067 -0.447808 0.753863 0.480791
-0.213528 0.435715 -0.123188 0.697785 0.0805152 -0.711767
-0.161684 0.198488 -0.448843 -0.0859737 0.498924 -0.862371
0.114238 0.0165192 -0.46933 -0.255855 0.180269 0.949759
0.182489 -0.265594 -0.426878 0.255855 -0.180269 -0.949758
0.23373 -0.428654 -0.150143 0.447808 -0.753862 -0.480791
-0.192421 0.223381 0.432215 -0.255855 0.180269 0.949758
-0.282336 -0.022545 0.43577 -0.889987 -0.427512 -0.15861
-0.0508703 -0.174845 0.483712 0.0859737 -0.498924 0.862371
0.063134 -0.465452 -0.251338 0.447808 -0.753862 -0.480791
-0.0607882 0.473691 -0.212866 -0.377441 0.885854 -0.269818
-0.0683093 0.305897 0.422584 -0.0012215 0.350073 -0.936722
-0.322904 0.394149 -0.00357824 0.377437 -0.885857 0.269814
0.0324153 -0.378677 -0.110042 -0.309252 0.310285 0.898936
0.247648 -0.393928 0.213346 0.377441 -0.885854 0.269818
-0.344826 0.1779 0.399791 -0.255855 0.180269 0.949758
0.0651716 -0.176147 0.47139 0.0859737 -0.498924 0.862371
-0.300199 0.368722 -0.11882 0.377441 -0.885854 0.269818
-0.187327 0.434218 -0.0616799 0.37744 -0.885854 0.269818
-0.161379 0.0329763 -0.392593 -0.889987 -0.427512 -0.15861
-0.192464 0.252373 0.370753 -0.111331 -0.133587 0.984764
0.139879 -0.321793 0.321657 -0.45484 0.856959 0.242369
0.103327 -0.504585 0.0519288 0.37744 -0.885854 0.269818
0.0452739 0.341032 -0.354539 0.0859736 -0.498924 0.862371
0.261809 -0.423046 0.097939 0.377441 -0.885854 0.269818
0.0304073 0.292627 -0.413529 -0.0859737 0.498924 -0.862371
0.251621 -0.291844 0.292202 -0.0730167 0.476964 -0.875885
-0.21374 0.364782 0.210676 0.447815 -0.753863 -0.480783
-0.395012 0.334171 0.106537 -0.889989 -0.427508 -0.158606
-0.106766 0.105263 -0.475785 0.0859737 -0.498924 0.862371
0.0244469 -0.341369 -0.426293 -0.889987 -0.427512 -0.15861
-0.0503134 0.386493 -0.257506 0.0952421 -0.514451 0.852214
-0.168161 0.472011 0.0355893 0.37744 -0.885854 0.269818
0.204828 -0.370454 -0.256446 0.239233 -0.417096 0.876812
-0.202263 0.174627 -0.280189 0.889987 0.427511 0.15861
-0.0303862 0.374074 0.371469 0.889987 0.427512 0.15861
-0.238192 0.121697 0.439184 -0.255855 0.180269 0.949759
0.0726754 -0.498278 0.0117425 -0.37744 0.885854 -0.269818
-0.128639 -0.100123 0.510799 -0.255855 0.180269 0.949758
0.407673 -0.398821 -0.0349102 0.447808 -0.753862 -0.480791
0.0392085 -0.444306 0.235758 -0.37744 0.885854 -0.269818
0.0322679 0.469848 -0.238239 0.889987 0.427512 0.158609
-0.304842 0.410915 0.111724 -0.447808 0.753862 0.480791
-0.0337852 0.021413 -0.539615 0.255855 -0.180269 -0.949758
-0.141667 0.0306155 -0.374641 0.342697 -0.856564 0.38582
0.17914 -0.399223 0.291798 0.377441 -0.885854 0.269818
-0.0843198 -0.0307343 -0.458698 0.0915493 -0.508284 0.85631
0.21625 -0.138201 -0.412482 -0.255855 0.180269 0.949759
0.292573 -0.410521 0.0960262 0.377441 -0.885854 0.269818
-0.00283242 0.0318864 0.519634 -0.255855 0.180269 0.949759
-0.0150441 0.472953 -0.175508 0.37744 -0.885854 0.269818
-0.11518 0.32403 0.366371 0.447808 -0.753862 -0.480791
-0.194554 0.0262148 -0.188215 -0.889987 -0.427511 -0.158611
0.395175 -0.388595 0.0244859 0.377441 -0.885854 0.269818
0.0823965 -0.368171 -0.385931 0.447808 -0.753863 -0.480791
-0.111552 0.256764 -0.387658 0.0859736 -0.498924 0.862371
0.229662 -0.248093 -0.372901 -0.31106 0.823547 -0.474354
-0.0949154 -0.134525 -0.049257 0.889987 0.427512 0.15861
0.114711 -0.0693068 -0.482393 0.255855 -0.180269 -0.949759
-0.0851019 0.42795 0.28968 -0.447808 0.753862 0.480791
-0.241594 0.169562 -0.310637 -0.889987 -0.427512 -0.158609
-0.107417 -0.0862778 -0.109149 0.889987 0.427512 0.15861
0.10106 0.034471 0.517651 0.255855 -0.180269 -0.949759
-0.273876 0.195418 0.372657 -0.406322 0.901393 -0.149641
0.0664941 -0.0588084 -0.497375 0.255855 -0.180269 -0.949759
0.118987 0.0762192 -0.479382 -0.255855 0.180269 0.949759
0.232636 -0.413779 0.169174 0.377441 -0.885854 0.269818
0.021852 -0.409509 0.296738 0.444281 -0.734684 -0.512692
0.060614 -0.488603 -0.217387 0.447808 -0.753862 -0.480791
0.369626 -0.351639 -0.0860905 -0.447808 0.753862 0.480791
-0.147518 0.332513 -0.280167 0.181263 -0.650869 0.737234
-0.17166 0.256998 -0.381529 0.0859736 -0.498924 0.862371
-0.0415274 -0.303443 -0.158326 -0.889987 -0.427512 -0.158611
0.0167879 -0.354368 -0.121365 -0.255855 0.180268 0.949759
-0.148224 -0.222708 0.222759 -0.889988 -0.427509 -0.15861
0.32645 -0.360318 0.109688 -0.37744 0.885854 -0.269818
-0.0702125 0.339368 -0.343988 0.0859736 -0.498924 0.862371
-0.220613 0.220712 -0.30144 0.889987 0.427511 0.158611
-0.209766 0.213546 -0.342987 0.889987 0.427512 0.158608
-0.129137 -0.12314 0.485553 0.255855 -0.180269 -0.949759
0.0920162 0.300338 -0.382742 0.0859737 -0.498924 0.862371
0.120064 -0.310738 -0.364641 0.102463 -0.526441 0.844015
0.0347002 0.251592 -0.40523 0.0859737 -0.498924 0.862371
0.0670722 -0.171052 -0.475915 0.255855 -0.180269 -0.949759
0.0462232 -0.291119 0.406762 0.0859737 -0.498924 0.862371
0.315531 -0.258629 -0.340548 0.447808 -0.753862 -0.480791
-0.216054 0.0711179 0.0761922 0.889987 0.427512 0.15861
-0.0461905 -0.122777 0.513369 0.0859736 -0.498924 0.862371
0.35364 -0.312466 -0.162402 -0.447808 0.753862 0.480791
0.273125 -0.323313 0.292533 0.321162 -0.340773 -0.883588
-0.0480492 -0.213045 -0.10059 0.889987 0.427512 0.15861
-0.188541 -0.0778009 0.0584055 -0.889974 -0.427528 -0.158638
0.263149 -0.422358 0.0983237 0.377441 -0.885854 0.269818
0.20275 -0.447953 -0.148738 0.447808 -0.753862 -0.480791
-0.102294 0.532385 0.0378963 -0.377441 0.885854 -0.269818
-0.126196 -0.18299 0.256895 0.889987 0.427512 0.15861
-0.177199 0.42957 -0.137319 -0.919485 -0.32392 0.222762
0.0384139 -0.444997 0.318515 0.0859737 -0.498924 0.862371
0.121507 -0.413413 0.222059 -0.37744 0.885854 -0.269818
0.106337 -0.420128 0.325005 0.377441 -0.885854 0.269818
-0.111342 0.478875 -0.125128 -0.377441 0.885854 -0.269818
0.356993 -0.349228 0.103376 -0.37744 0.885854 -0.269818
-0.0268569 -0.170037 0.451632 -0.0859737 0.498924 -0.862371
-0.249347 0.228639 0.333948 0.0993756 0.15763 -0.982485
0.0764252 -0.472467 -0.0997991 0.889987 0.427512 0.15861
-0.21681 0.32313 0.273124 0.447808 -0.753862 -0.480791
0.0104379 -0.445934 0.320762 0.0859737 -0.498924 0.862371
0.190786 -0.145888 -0.417883 -0.255855 0.180269 0.949758
-0.148381 0.407895 -0.202582 0.377441 -0.885854 0.269818
0.0142457 -0.491857 0.112277 -0.357266 0.869906 -0.340037
-0.164723 0.393146 -0.331916 -0.377441 0.885854 -0.269818
-0.037964 -0.478744 0.29418 -0.889987 -0.427512 -0.15861
0.112709 0.307082 -0.380904 0.0859737 -0.498924 0.862371
0.0558614 0.0124703 0.539131 -0.255855 0.180269 0.949759
0.155287 0.0214854 -0.488695 0.255855 -0.180269 -0.949759
-0.153055 -0.154591 0.144015 -0.438611 0.70751 0.554121
-0.135793 0.257073 0.356887 0.331784 -0.368522 -0.868395
0.323122 -0.438815 -0.0396004 0.377441 -0.885854 0.269818
-0.151122 -0.200956 0.180386 -0.889987 -0.427512 -0.158609
-0.0649254 0.357423 -0.334069 0.0859736 -0.498924 0.862371
-0.0154826 -0.171241 0.482269 0.0859737 -0.498924 0.862371
-0.180203 -0.0715677 0.0514617 -0.0239504 0.391186 -0.92
-0.298124 0.367762 -0.228645 -0.37744 0.885854 -0.269818
-0.104164 -0.299196 0.252231 -0.309253 0.310287 0.898935
-0.256096 0.43512 -0.0662894 -0.377441 0.885854 -0.269818
-0.168071 -0.169604 0.455782 0.889987 0.427512 0.158609
0.0209911 -0.0832372 -0.504996 0.255855 -0.180269 -0.949759
0.365957 -0.183402 -0.393054 0.255855 -0.180269 -0.949759
-0.0118471 0.493822 -0.215234 -0.377441 0.885854 -0.269818
0.139034 -0.312178 -0.362737 -0.447808 0.753863 0.48079
-0.228406 0.201122 0.347218 0.408913 -0.594353 -0.692484
-0.0738922 0.528025 -0.0161471 -0.377441 0.885854 -0.269818
0.13327 -0.491521 0.052936 0.37744 -0.885854 0.269818
0.237553 -0.386361 0.252314 0.377424 -0.885857 0.26983
0.00120969 -0.391726 0.305181 -0.452287 0.783429 0.426234
-0.135367 0.411863 -0.207758 0.377441 -0.885854 0.269818
0.0290325 -0.365195 -0.12301 0.889987 0.427511 0.15861
-0.110093 -0.169383 0.129863 0.889987 0.427512 0.15861
-0.143469 0.0861064 0.471457 -0.255855 0.180269 0.949759
-0.275479 0.351516 -0.313661 -0.377441 0.885854 -0.269818
-0.0634935 0.0200223 0.505545 -0.255855 0.180269 0.949759
-0.0991899 0.490541 -5.58196e-05 0.37744 -0.885854 0.269818
0.0927316 -0.480652 0.145329 0.37744 -0.885854 0.269818
-0.333622 0.111797 0.361441 -0.889987 -0.427511 -0.158611
0.042779 0.26869 -0.428612 -0.0859735 0.498924 -0.862371
0.284565 -0.369727 0.13739 -0.37744 0.885854 -0.269818
0.0194276 0.0814009 0.516233 -0.255855 0.180269 0.949759
-0.166104 0.0269088 -0.130104 -0.449269 0.881603 0.144683
-0.0703556 -0.416569 0.30835 -0.889987 -0.427512 -0.15861
0.0861591 0.123596 -0.51688 -0.0859737 0.498924 -0.862371
-0.160666 0.0808833 -0.516985 -0.0859735 0.498924 -0.862371
0.0570493 -0.517346 0.0747701 0.37744 -0.885854 0.269818
0.173306 -0.418925 0.235272 0.377441 -0.885854 0.269818
0.328781 -0.351928 0.133975 -0.37744 0.885854 -0.269818
-0.0262211 -0.0728527 0.533214 -0.255855 0.180269 0.949758
-0.135835 -0.185962 0.120221 0.454618 -0.804984 -0.381213
0.0479095 -0.140808 -0.457337 -0.255855 0.180269 0.949759
-0.0544352 -0.0910862 -0.523825 0.255855 -0.180269 -0.949758
-0.2182 -0.152842 0.427088 -0.889987 -0.427512 -0.15861
-0.136587 0.254771 0.441298 -0.255855 0.180269 0.949759
-0.0660496 -0.302027 0.240253 0.889987 0.427512 0.15861
-0.0783391 -0.231071 -0.146838 -0.889987 -0.427512 -0.15861
-0.380705 0.221803 0.329127 -0.889987 -0.427512 -0.15861
-0.399863 0.371223 0.0338816 -0.889987 -0.427512 -0.15861
0.258631 -0.336692 -0.271144 0.447808 -0.753862 -0.48079
-0.126001 0.479642 0.00166771 0.37744 -0.885854 0.269818
0.00499058 -0.499049 0.107883 -0.889986 -0.427513 -0.15861
0.086695 0.0283252 0.514948 0.255855 -0.180269 -0.949759
-0.0645608 0.043049 -0.515987 0.0859737 -0.498924 0.862371
-0.137271 -0.110455 -0.0150443 -0.370944 0.881084 -0.293413
0.130079 -0.335633 -0.392539 0.447808 -0.753862 -0.480791
0.0810573 -0.425486 0.325552 0.0859737 -0.498924 0.862371
0.268637 -0.310027 0.31632 -0.25586 0.18028 0.949755
0.190608 -0.242381 -0.373116 0.369518 -0.472377 -0.800198
0.0537187 0.388457 -0.327943 0.0859736 -0.498924 0.862371
0.066428 0.333965 -0.393204 -0.0859737 0.498924 -0.862371
-0.158208 -0.08021 -0.105307 -0.889987 -0.427512 -0.15861
0.16696 -0.0941081 0.476238 -0.0859737 0.498924 -0.862371
-0.123277 0.0119828 -0.549805 -0.889987 -0.427512 -0.15861
0.026581 -0.498833 0.178174 0.37744 -0.885854 0.269818
-0.0721778 0.516664 -0.0558466 -0.377441 0.885854 -0.269818
0.00811622 -0.45109 0.31801 0.0859737 -0.498924 0.862371
-0.345509 0.122211 0.400076 -0.889987 -0.427512 -0.158609
-0.151994 0.422144 -0.254516 -0.377441 0.885854 -0.269818
-0.121635 -0.0508171 0.503328 -0.255855 0.180269 0.949758
-0.291962 0.340194 -0.223136 0.889993 0.427498 0.158614
-0.0728785 0.198679 -0.457586 -0.0859737 0.498924 -0.862371
0.112534 -0.259087 -0.366063 -0.38692 0.523971 0.75878
0.244056 -0.390515 0.125806 -0.37744 0.885854 -0.269818
0.014379 -0.360743 -0.290609 -0.021506 -0.308098 0.951112
0.140488 -0.296251 0.361927 -0.0859737 0.498924 -0.862371
0.363118 -0.351363 0.118769 0.889987 0.427512 0.15861
-0.138054 0.00432113 -0.183746 0.424018 -0.647965 -0.632733
0.0557826 0.365002 -0.374187 -0.0859737 0.498924 -0.862371
-0.0452665 -0.0822161 -0.523039 0.255855 -0.180269 -0.949758
-0.346953 0.164665 0.40173 -0.255855 0.180269 0.949758
0.0169584 -0.484276 0.126995 -0.327276 0.841092 -0.430645
-0.152409 0.178372 0.422056 0.255855 -0.180269 -0.949759
-0.329602 0.21615 0.331841 -0.18802 0.660952 -0.726493
0.043492 0.409964 -0.314481 0.0859736 -0.498924 0.862371
-0.368368 0.283186 0.25283 -0.447808 0.753863 0.480791
0.0927305 0.107978 -0.521964 0.255855 -0.180269 -0.949758
-0.22479 0.220632 -0.281922 -0.0891517 -0.177987 0.979986
0.26264 -0.351094 0.333005 0.377441 -0.885854 0.269818
-0.202767 0.26496 -0.373822 0.0859736 -0.498924 0.862371
-0.00342867 0.103439 0.505893 -0.255855 0.180269 0.949759
0.0398191 -0.490761 0.028566 -0.44927 0.881603 0.144684
0.0910885 -0.449534 -0.25026 0.447808 -0.753862 -0.480791
-0.10638 -0.324887 0.263374 -0.889986 -0.427512 -0.158613
-0.0108991 0.152495 -0.490484 -0.0859737 0.498924 -0.862371
0.222369 -0.298754 0.384784 0.0859737 -0.498924 0.862371
0.252282 -0.270768 -0.380424 0.447808 -0.753862 -0.480791
0.0782955 -0.510054 0.0689908 0.37744 -0.885854 0.269818
-0.252953 0.0621077 0.0427242 -0.889987 -0.427512 -0.158609
-0.294666 0.39886 -0.0276113 0.377445 -0.88585 0.269823
-0.0720611 0.311471 0.365218 0.121314 0.113311 -0.986126
-0.128365 -0.277345 0.432136 0.0859737 -0.498924 0.862371
-0.0650561 0.441425 0.287221 -0.447808 0.753862 0.480791
-0.208405 0.235205 0.369243 -0.341085 0.393299 0.853801
-0.199334 0.0593965 -0.25083 -0.889987 -0.427511 -0.15861
-0.135396 -0.275778 0.433744 0.0859737 -0.498924 0.862371
0.267674 -0.425517 -0.0652109 -0.447808 0.753862 0.480791
-0.124384 0.0781806 -0.457225 0.889987 0.427512 0.158609
-0.0706117 0.486096 0.153769 0.447808 -0.753862 -0.480791
-0.000954071 -0.410845 0.248536 -0.0952394 0.514446 -0.852217
0.0215356 -0.484156 0.233416 0.37744 -0.885854 0.269818
-0.158533 0.0641621 -0.227821 0.889987 0.427512 0.15861
0.141941 -0.231511 -0.378032 -0.455953 0.830159 0.320846
-0.0495123 0.385353 -0.258322 0.117239 -0.550682 0.826441
-0.380615 0.277816 0.19094 0.454617 -0.80498 -0.381221
-0.0648822 0.164768 -0.478002 -0.0859735 0.498924 -0.862371
0.141191 -0.412525 0.197438 -0.37744 0.885854 -0.269818
-0.0658613 0.370269 0.339806 0.447808 -0.753862 -0.480791
0.0424321 0.471808 -0.300556 0.889987 0.427512 0.15861
-0.0890935 0.143933 -0.455175 0.0859737 -0.498924 0.862371
-0.10098 -0.269028 0.214356 0.309253 -0.310286 -0.898936
0.00481015 -0.271184 0.389956 -0.0859736 0.498924 -0.862371
-0.259339 0.462817 0.0291802 -0.377441 0.885854 -0.269818
0.169009 -0.356739 0.356557 0.0859737 -0.498924 0.862371
-0.215808 0.295908 0.374977 -0.447808 0.753862 0.480791
-0.126578 -0.238238 0.407952 0.889987 0.427513 0.158608
0.112943 -0.129178 -0.442025 -0.255855 0.180269 0.949759
-0.0386735 0.424082 -0.248039 -0.21214 0.0802939 0.973935
0.127806 -0.485086 -0.160319 0.447808 -0.753862 -0.480791
0.397349 -0.382281 0.0100293 0.889987 0.427512 0.15861
0.121698 -0.419237 -0.21102 -0.447808 0.753862 0.480791
0.202108 -0.382561 0.210601 -0.37744 0.885854 -0.269818
0.321542 -0.2061 -0.363411 -0.424905 0.903758 -0.0517423
-0.0167516 0.17099 -0.446733 0.0859737 -0.498924 0.862371
-0.139122 0.227811 0.416251 0.255855 -0.180269 -0.949759
-0.27741 0.182659 0.119827 0.889987 0.427513 0.158608
0.257012 -0.454233 0.00225702 0.377441 -0.885854 0.269818
-0.152008 0.184299 -0.458016 -0.0859737 0.498924 -0.862371
-0.139607 -0.116167 0.11502 -0.394283 0.546774 0.738633
-0.173008 0.255318 0.431382 -0.255855 0.180269 0.949758
0.0944562 0.163078 -0.462397 0.0859737 -0.498924 0.862371
0.194728 -0.317633 0.282935 -0.0952394 0.514446 -0.852217
-0.28948 0.15015 0.22489 0.406325 -0.901394 0.149628
-0.273833 0.068023 0.439771 -0.255855 0.180269 0.949759
-0.163282 -0.161527 0.142346 -0.889987 -0.427511 -0.15861
-0.380627 0.373588 -0.0804278 -0.889987 -0.427512 -0.158609
-0.108553 0.25731 0.369786 0.418411 -0.627381 -0.656754
-0.276522 0.403696 0.0911845 0.447808 -0.753862 -0.480791
-0.177308 -0.151845 0.459747 0.889987 0.427512 0.15861
0.00811015 -0.195207 -0.487214 0.255855 -0.180269 -0.949759
0.322362 -0.0693277 -0.412729 0.889987 0.427512 0.15861
-0.372586 0.304658 0.0602471 -0.88999 -0.427509 -0.158601
0.0707718 -0.436994 0.319382 0.377441 -0.885854 0.269818
0.00188673 0.3328 -0.387444 -0.0859737 0.498924 -0.862371
0.301098 -0.251984 -0.36441 0.447808 -0.753862 -0.480791
-0.136474 -0.110917 -0.0177726 -0.383703 0.890073 -0.246053
0.371745 -0.213408 -0.301477 0.889987 0.427512 0.15861
-0.277799 0.294211 0.261664 0.447808 -0.753862 -0.48079
0.0552139 -0.19666 -0.444768 -0.255855 0.180269 0.949758
0.0693685 -0.0517362 0.510481 -0.0859737 0.498924 -0.862371
0.068476 -0.462339 0.135611 -0.377441 0.885854 -0.269818
-0.377845 0.32094 0.0458689 -0.889987 -0.427511 -0.158609
-0.0945774 0.513179 0.147218 -0.447808 0.753862 0.480791
0.229684 -0.340458 -0.292201 0.447808 -0.753862 -0.480791
0.173896 -0.271224 -0.428124 0.255855 -0.180269 -0.949758
0.148495 -0.181809 0.459808 0.0859737 -0.498924 0.862371
-0.285201 0.262125 -0.315445 -0.889987 -0.427511 -0.158609
-0.198143 0.444197 -0.0137859 0.37744 -0.885854 0.269818
0.084582 0.352471 -0.384308 -0.0859737 0.498924 -0.862371
0.14998 0.0781426 -0.500878 0.255855 -0.180269 -0.949759
-0.011325 -0.375445 -0.124856 -0.274351 0.224201 0.935129
-0.32583 0.299653 0.208395 0.447808 -0.753862 -0.48079
0.0177157 -0.416122 0.245771 0.0396879 0.273894 -0.960941
0.337001 -0.228121 -0.368387 0.447808 -0.753862 -0.480791
0.193805 0.0644102 -0.456985 -0.255855 0.180269 0.949759
-0.396444 0.368769 0.0213147 -0.889987 -0.427512 -0.15861
0.356151 -0.37888 0.110969 0.377441 -0.885854 0.269818
0.166141 -0.134604 -0.426664 -0.255855 0.180269 0.949759
-0.278242 0.104014 0.0716741 -0.889987 -0.427511 -0.15861
-0.0878558 0.158219 -0.447033 0.0859737 -0.498924 0.862371
-0.060271 -0.335347 0.297636 0.889987 0.427512 0.158608
-0.325468 0.335888 -0.28832 -0.889987 -0.427511 -0.15861
-0.018293 0.518312 -0.0851631 0.889987 0.427511 0.15861
-0.331442 0.208467 0.0886512 -0.889987 -0.427511 -0.158609
0.0764627 0.0991178 0.498754 0.255855 -0.180269 -0.949759
-0.207625 -0.0333261 0.0456106 -0.889987 -0.427512 -0.15861
-0.192773 0.0236453 0.0708408 -0.0891534 -0.177984 0.979986
-0.326449 0.32379 0.0145938 0.889987 0.427512 0.15861
0.172428 -0.21524 -0.395063 -0.392621 0.89535 -0.210232
-0.047665 -0.136912 -0.48171 -0.196743 0.0462252 0.979365
-0.160881 0.172797 0.450312 -0.255855 0.180269 0.949759
0.0994507 -0.485028 -0.186819 0.447808 -0.753862 -0.480791
-0.304134 0.184045 0.324532 0.26363 -0.198607 -0.943957
0.0111544 -0.4277 -0.119013 -0.889987 -0.427512 -0.158609
0.351673 -0.157316 -0.340038 0.889986 0.427514 0.158608
-0.153988 0.041635 -0.192604 0.889986 0.427513 0.158611
-0.231145 0.385593 -0.160024 0.377441 -0.885854 0.269818
0.267521 -0.31725 -0.235112 -0.447808 0.753862 0.48079
0.347866 -0.193094 -0.356238 -0.395501 0.896846 -0.198106
-0.355745 0.295321 0.245561 -0.447808 0.753863 0.480791
-0.253005 0.411543 -0.148021 -0.377441 0.885854 -0.269818
-0.162373 -0.264295 0.414242 -0.889986 -0.427515 -0.158606
-0.0821422 -0.237728 -0.107556 -0.889987 -0.427512 -0.15861
0.239183 -0.154201 -0.403268 -0.255855 0.180269 0.949758
-0.345728 0.343783 -0.129123 0.416135 -0.903699 0.100792
0.174574 -0.452252 0.0203112 -0.37744 0.885854 -0.269818
0.0595982 -0.286419 -0.374203 -0.374484 0.48681 0.789163
0.373142 -0.33313 -0.111837 -0.447808 0.753862 0.480791
0.225994 -0.02638 -0.431082 -0.255855 0.180269 0.949759
0.351518 -0.398692 0.0524063 0.377441 -0.885854 0.269818
0.169022 -0.435184 -0.200173 0.447814 -0.753862 -0.480785
-0.290022 0.382083 0.1125 0.447808 -0.753862 -0.480791
-0.161897 -0.148756 0.364946 0.889987 0.427512 0.15861
-0.0365968 0.511202 -0.123553 -0.377441 0.885854 -0.269818
-0.104898 0.46377 -0.0799643 0.37744 -0.885854 0.269818
0.160961 -0.198783 0.416277 -0.0859737 0.498924 -0.862371
0.114029 -0.197714 -0.428724 -0.255855 0.180269 0.949758
0.0158151 0.427209 -0.334212 -0.0859737 0.498924 -0.862371
0.351737 -0.376101 0.0224967 -0.37744 0.885854 -0.269818
-0.126699 0.436606 -0.138648 0.37744 -0.885854 0.269818
-0.183663 -0.191693 0.338012 -0.889987 -0.427511 -0.15861
-0.13996 0.290607 0.387974 0.276304 -0.782318 0.558242
-0.0253906 0.156427 0.460438 0.255855 -0.180269 -0.949759
0.037649 0.475213 -0.308616 -0.0859737 0.498924 -0.862371
-0.237094 0.321208 0.315482 -0.447808 0.753862 0.480791
-0.151781 0.472729 0.157363 -0.4478 0.753862 0.480799
-0.163179 -0.267987 0.428713 -0.889987 -0.427512 -0.15861
0.066747 -0.209121 0.452156 0.0859737 -0.498924 0.862371
0.0491998 0.462514 -0.31348 0.889987 0.427512 0.15861
-0.0935077 0.00935423 -0.444963 0.889987 0.427512 0.15861
-0.221416 0.202594 0.428349 -0.255855 0.180269 0.949758
-0.366631 0.331169 -0.0446272 -0.889987 -0.427511 -0.158611
-0.176569 -0.224799 0.467343 0.0859737 -0.498924 0.862371
0.017149 -0.0846068 0.49667 -0.0859737 0.498924 -0.862371
0.0594791 -0.465182 -0.0243483 0.889987 0.427512 0.158609
0.0483008 0.159021 0.509278 -0.255855 0.180269 0.949759
-0.28188 0.321439 -0.229154 0.889987 0.427512 0.15861
-0.128841 0.355191 0.304787 0.447803 -0.753869 -0.480784
-0.068164 0.115677 0.45665 0.255855 -0.180269 -0.949759
-0.165945 -0.0479124 0.00372692 0.40521 -0.581978 -0.705057
0.0130282 -0.30627 -0.239789 0.370944 -0.881084 0.293414
-0.105679 0.0543712 0.45818 0.255855 -0.180269 -0.949759
-0.143652 0.141776 0.431361 0.255855 -0.180269 -0.949759
0.0944968 -0.235187 -0.426873 -0.255855 0.180269 0.949758
0.0661554 -0.435436 -0.223265 -0.439272 0.897139 0.046716
-0.0333137 -0.469122 0.311708 0.0859737 -0.498924 0.862371
0.101779 -0.0975192 -0.480522 0.255855 -0.180269 -0.949759
-0.183158 0.176438 0.44362 -0.255855 0.180269 0.949759
0.254142 -0.0480022 -0.419395 -0.255855 0.180269 0.949759
-0.328447 0.203687 0.232471 -0.00121987 0.35007 -0.936723
0.237167 -0.305455 0.319557 0.311048 -0.823535 0.474383
-0.101732 -0.320306 0.264935 -0.405209 0.581975 0.705061
0.218568 -0.414854 0.185323 0.377441 -0.885854 0.269818
0.226815 -0.218374 -0.382646 0.3837 -0.890071 0.246064
-0.199665 0.173835 -0.29263 0.889987 0.427511 0.15861
-0.231469 0.139478 0.437621 -0.255855 0.180269 0.949759
0.205992 -0.375704 0.331453 0.377441 -0.885854 0.269818
-0.327955 0.330537 -0.0179699 0.448845 -0.760023 -0.470003
-0.277378 0.124977 0.428005 -0.255855 0.180269 0.949758
-0.362658 0.164516 0.397527 -0.255855 0.180269 0.949758
0.22616 -0.248258 0.41362 0.0859737 -0.498924 0.862371
0.0904363 0.337732 -0.360951 0.0859736 -0.498924 0.862371
0.299684 -0.287469 0.302492 0.88999 0.427505 0.158609
-0.0360415 -0.38452 0.294219 0.889987 0.427513 0.158604
0.0807553 0.350317 -0.352704 0.0859736 -0.498924 0.862371
-0.124138 0.430151 -0.267196 -0.377441 0.885854 -0.269818
0.0766266 0.230977 -0.453805 -0.0859737 0.498924 -0.862371
-0.119839 -0.181664 -0.0471488 -0.889987 -0.427512 -0.15861
0.275595 0.0452732 -0.459204 0.889987 0.427512 0.15861
0.078465 -0.456196 -0.251573 0.447808 -0.753862 -0.480791
-0.137098 -0.210217 0.391456 0.889987 0.42751 0.158611
0.118154 -0.469276 0.0433406 -0.37744 0.885854 -0.269818
-0.121943 0.35201 0.374436 -0.447808 0.753862 0.480791
-0.0582006 0.502869 0.18039 0.889987 0.427512 0.15861
0.268571 0.0564324 -0.44987 0.889987 0.427512 0.15861
0.146255 -0.348061 0.363846 0.0859737 -0.498924 0.862371
-0.196818 0.358084 0.236938 0.447808 -0.753862 -0.480791
0.173784 -0.394491 0.211055 -0.37744 0.885854 -0.269818
-0.239835 0.363939 -0.218965 0.377441 -0.885854 0.269818
-0.0391961 -0.36327 0.254646 0.889987 0.427512 0.15861
0.0847368 0.207418 -0.435776 0.0859737 -0.498924 0.862371
0.182235 -0.218177 -0.36061 -0.434307 0.688763 0.580503
-0.113874 0.418678 -0.21545 0.377441 -0.885854 0.269818
-0.167716 -0.0475897 0.460821 0.255855 -0.180269 -0.949759
-0.186785 -0.111542 0.404294 0.889987 0.427512 0.15861
-0.125889 0.476184 -0.113614 -0.377441 0.885854 -0.269818
0.0220213 0.0101503 -0.492963 -0.255855 0.180269 0.949759
-0.114439 -0.00433444 -0.555414 -0.889987 -0.427512 -0.15861
-0.0783986 0.556946 0.0936625 -0.447808 0.753862 0.480791
-0.328669 0.332917 -0.185724 0.327277 -0.841093 0.430643
0.191198 -0.288143 -0.351839 -0.447808 0.753863 0.48079
0.261549 -0.460847 -0.0737559 0.447808 -0.753862 -0.480791
0.00524788 -0.22896 0.446809 0.0859737 -0.498924 0.862371
-0.232504 0.364826 0.212658 0.28187 -0.391278 0.876043
-0.207177 0.35727 -0.2817 -0.336808 0.381846 0.860671
0.00665215 0.50509 -0.189498 0.889987 0.427511 0.15861
-0.159343 0.31323 -0.327665 0.455882 -0.841641 -0.289504
-0.151545 0.0830858 -0.31804 0.889987 0.427512 0.15861
0.134908 0.318734 -0.406863 0.889987 0.427512 0.15861
-0.0211486 -0.0220098 -0.498489 -0.255855 0.180269 0.949759
-0.248991 0.43431 0.127061 -0.447808 0.753862 0.480791
-0.277682 0.104345 0.0676402 -0.889987 -0.427511 -0.15861
0.151557 0.157024 -0.50406 -0.0859737 0.498924 -0.862371
-0.197771 0.273201 0.350661 -0.102466 0.526447 -0.844011
0.293941 -0.372946 0.217475 0.377441 -0.885854 0.269818
-0.0425006 -0.13252 0.474897 -0.0859737 0.498924 -0.862371
