ply
format ascii 1.0
comment Created by Open3D
element vertex 512
property double x
property double y
property double z
property double nx
property double ny
property double nz
end_header
-0.460001 0.19342 0.168992 0.0940047 0.0542849 0.994091
0.297329 0.113123 -0.0364429 -0.0940047 -0.0542849 -0.994091
0.25006 -0.0175944 0.113369 0.0940046 0.0542849 0.994091
0.229084 -0.0160703 -0.00473285 -0.990806 -0.092479 0.0987442
-0.210943 -0.0787742 0.0979361 0.990806 0.092479 -0.0987442
-0.231164 -0.202513 0.168973 0.0940085 0.054285 0.99409
-0.221328 -0.0460303 0.0243944 0.990806 0.092479 -0.0987441
-0.457787 0.0942427 -0.021346 0.990804 0.0924778 -0.098769
-0.452068 0.111369 0.0520816 0.990806 0.092479 -0.0987442
0.462849 -0.213714 -0.0397565 -0.990806 -0.0924815 0.0987435
-0.340263 0.172595 0.0486323 -0.990806 -0.092479 0.0987442
-0.226927 0.255136 -0.105482 -0.0972866 0.994234 -0.045102
-0.251977 0.102389 0.0273508 -0.970195 0.229003 0.0792399
-0.317921 0.23325 0.0151774 -0.0940047 -0.0542849 -0.994091
0.253832 0.295985 0.0958888 0.0940047 0.0542849 0.994091
-0.298212 -0.0212394 0.0272107 -0.094004 -0.0542848 -0.994091
0.441057 0.118862 -0.171092 -0.0940047 -0.0542849 -0.994091
0.350578 -0.18854 0.039933 0.990806 0.092479 -0.0987442
-0.455045 0.0744888 -0.0123307 0.990806 0.092479 -0.0987442
0.244851 -0.0939003 0.0805864 -0.990806 -0.092479 0.0987442
-0.2776 0.102875 0.133924 0.863118 0.493197 -0.108552
-0.312343 0.0137765 0.0266349 -0.0940047 -0.0542849 -0.994091
0.253884 0.140745 0.0625637 0.0514795 0.996912 -0.059307
0.28176 0.125894 -0.0356681 -0.0940047 -0.0542849 -0.994091
0.494397 0.0920662 -0.0165459 0.990806 0.0924791 -0.0987442
-0.106355 0.196897 -0.0222154 0.0940047 0.0542849 0.994091
0.0411578 0.200516 -0.111169 0.0729531 -0.996204 0.0475016
-0.460441 -0.269569 0.191024 -0.990806 -0.092479 0.0987441
-0.329401 -0.1845 0.177516 -0.990806 -0.092479 0.0987436
0.518011 -0.0661609 0.0722076 0.990806 0.092479 -0.0987444
0.243113 -0.0758026 0.0800905 -0.990806 -0.092479 0.0987442
0.497086 0.15261 0.0671303 0.990806 0.092479 -0.0987444
0.376769 0.278334 0.0852273 0.0940047 0.0542849 0.994091
-0.204064 -0.210969 0.0431544 0.990806 0.092479 -0.0987441
-0.462259 -0.324447 0.0642671 0.0972928 -0.994234 0.0450923
0.411704 0.0158148 0.0962593 0.0940046 0.0542849 0.994091
0.484893 0.135927 -0.0708323 0.990806 0.0924791 -0.0987442
0.519733 -0.221503 -0.0559963 0.990806 0.0924795 -0.0987444
0.373206 0.200778 0.0322143 -0.0940047 -0.0542849 -0.994091
0.244424 -0.0996331 0.0709324 -0.990806 -0.092479 0.0987442
-0.46577 0.211264 0.168563 0.0940047 0.0542849 0.994091
0.332433 0.294638 0.0309445 -0.0940047 -0.0542849 -0.994091
0.495887 -0.0751632 0.0932668 0.0940046 0.0542849 0.994091
0.444581 -0.105036 -0.121279 -0.990807 -0.0924786 0.0987338
0.451817 0.288604 -0.110774 -0.0392657 -0.50189 -0.86404
0.122342 0.285636 -0.036486 -0.584663 -0.0204306 0.811019
0.0566396 0.280465 -0.158841 -0.0972928 0.994234 -0.045092
0.0275526 0.232594 -0.162879 -0.0940046 -0.0542849 -0.994091
-0.386249 -0.277982 0.18776 0.0940046 0.054285 0.994091
-0.447678 -0.0511357 0.181181 0.0940047 0.0542849 0.994091
0.40185 0.176741 0.0308183 -0.0940047 -0.0542849 -0.994091
0.220622 0.118132 0.0360455 -0.990806 -0.092479 0.0987442
0.480128 0.0274581 0.0891531 0.0940047 0.0542849 0.994091
-0.229754 0.183795 0.0636186 0.883125 0.107135 0.45674
-0.201686 0.182381 0.0132089 0.0972929 -0.994234 0.0450923
-0.248423 -0.300923 0.121555 0.0972929 -0.994234 0.0450923
-0.225649 -0.22804 0.0316418 -0.0940072 -0.0542851 -0.99409
0.0761424 0.262648 -0.0724917 -0.520692 -0.848379 0.0955668
0.237945 -0.0779293 0.0262503 -0.990806 -0.092479 0.0987442
-0.107489 0.237103 -0.0700148 -0.863118 -0.493197 0.108552
0.430776 0.136558 -0.0335265 -0.990806 -0.092479 0.0987441
-0.293837 -0.30526 0.066939 -0.990806 -0.092479 0.0987442
0.519291 -0.230416 0.0197087 0.0972928 -0.994234 0.0450924
0.30368 -0.21818 0.119252 0.0940047 0.0542849 0.994091
0.219976 0.0778764 -0.00814096 -0.990806 -0.092479 0.0987442
-0.500375 0.185338 -0.0856972 -0.0940047 -0.0542849 -0.994091
-0.269387 0.0883327 0.0394686 -0.0477873 0.997607 -0.049958
0.23687 0.213459 0.101999 0.094009 0.0542862 0.99409
-0.476707 0.0962549 -0.0830708 -0.0940047 -0.0542849 -0.994091
-0.463537 0.103068 -0.0707717 0.990806 0.0924787 -0.0987459
-0.260602 -0.100012 0.0279557 -0.0940047 -0.0542849 -0.994091
-0.462664 -0.0226688 0.181044 0.0940047 0.0542849 0.994091
0.419334 0.255085 -0.03733 -0.990806 -0.092479 0.0987441
-0.249 0.219021 -0.0350812 -0.994875 -0.0959035 0.0320222
-0.304067 0.194332 0.0159925 -0.0940047 -0.0542849 -0.994091
0.347565 -0.151496 0.122978 0.0940046 0.0542849 0.994091
0.193809 0.242822 -0.0829802 0.982298 0.0886403 -0.165024
-0.459249 0.038261 -0.0815547 -0.0940047 -0.0542849 -0.994091
0.220484 0.138516 0.0537504 -0.990806 -0.092479 0.0987442
0.423356 0.122555 -0.16962 -0.0940048 -0.0542849 -0.994091
0.4326 0.0159723 -0.128163 -0.990806 -0.092479 0.0987496
-0.495456 0.0746237 -0.0801165 -0.0940047 -0.0542849 -0.994091
-0.284183 0.10218 0.0772454 0.908212 0.404344 -0.107964
-0.302823 -0.20337 0.0722023 -0.990806 -0.092479 0.0987442
0.32185 -0.247981 0.0584202 0.0972928 -0.994234 0.0450924
0.500224 0.0149436 0.0879361 0.0940047 0.0542849 0.994091
0.124305 0.286356 -0.174938 -0.0972928 0.994234 -0.045092
-0.47386 0.0764799 0.176689 0.0940047 0.0542849 0.994091
-0.236628 0.25989 0.0590617 0.883126 0.107135 0.456739
-0.383589 -0.00367515 0.114944 -0.0940047 -0.0542849 -0.994091
-0.445741 -0.0915187 -0.0744484 0.990806 0.092479 -0.0987444
-0.488647 0.0951926 -0.0818837 -0.0940047 -0.0542849 -0.994091
0.480505 0.106602 -0.14233 0.990808 0.0924817 -0.0987242
-0.203542 -0.125042 0.128867 0.990806 0.092479 -0.0987442
0.478286 -0.00193027 -0.168017 -0.0940047 -0.0542849 -0.994091
0.33412 0.0378468 0.0448077 -0.0940047 -0.0542849 -0.994091
0.416939 0.290826 -0.111684 0.00063745 -0.733066 -0.680157
-0.487436 -0.0323631 0.142307 -0.990806 -0.0924791 0.0987442
-0.241084 0.155251 0.150375 0.0940132 0.0542846 0.99409
-0.512404 0.146903 0.059675 -0.990806 -0.0924791 0.0987442
-0.142811 0.266302 -0.0407836 -0.0972928 0.994234 -0.045092
-0.200167 -0.140326 0.148416 0.990806 0.092479 -0.0987441
-0.33369 0.255239 0.127158 -0.0972929 0.994234 -0.0450923
0.518586 -0.119909 0.0276388 0.990806 0.092479 -0.0987444
-0.51691 0.0790151 -0.0491259 -0.990806 -0.0924786 0.0987471
-0.33222 0.0716363 0.0347839 -0.990806 -0.092479 0.0987442
0.492527 -0.0482251 0.0921134 0.0940047 0.0542849 0.994091
-0.511563 0.227677 0.14376 -0.990806 -0.0924791 0.0987442
-0.211617 -0.0703063 0.0990978 0.990806 0.092479 -0.0987442
-0.218632 -0.231153 0.0748505 -0.74766 -0.655487 0.106496
0.483819 0.227205 0.00387603 0.990806 0.0924791 -0.0987442
0.212006 0.264496 0.0866694 -0.990806 -0.092479 0.0987441
0.381232 0.164238 0.0910358 0.0940047 0.0542849 0.994091
0.508331 -0.0172133 0.020916 0.990806 0.092479 -0.0987444
-0.363245 -0.0542979 0.17337 0.0940046 0.0542848 0.994091
0.0588157 0.225233 -0.157201 -0.0477867 0.997607 -0.0499581
0.422048 0.139042 -0.11878 -0.990806 -0.0924792 0.0987494
-0.141521 0.230179 -0.0848596 0.9702 -0.228982 -0.0792413
0.0225584 0.229267 -0.087117 -0.0940047 -0.0542847 -0.994091
0.198403 0.279865 0.0236002 -0.838637 -0.0575008 0.541648
-0.110264 0.241227 -0.0673218 -0.714003 -0.692177 0.105317
-0.346564 -0.00614495 0.172343 -0.990806 -0.092479 0.0987438
-0.291637 0.0469201 0.172588 0.0940047 0.0542849 0.994091
0.524698 -0.209283 0.00526463 0.990805 0.0924913 -0.098742
-0.250323 0.226945 -0.052445 -0.994875 -0.0959035 0.0320222
0.510062 -0.232529 -0.00696149 0.0972928 -0.994234 0.0450924
0.474648 0.326268 0.00463081 0.990806 0.0924781 -0.0987441
0.458525 -0.195789 -0.0841756 -0.0964016 -0.0294753 -0.994906
0.354364 0.31893 0.0468819 -0.0972929 0.994234 -0.0450925
-0.501398 0.100218 0.126381 -0.990806 -0.0924791 0.0987442
0.444422 0.266943 -0.179497 -0.0940047 -0.0542849 -0.994091
0.296204 -0.172015 0.10721 -0.199041 -0.977329 0.0721915
-0.396954 -0.244903 0.198483 0.0940047 0.0542849 0.994091
0.328819 0.0235023 0.0201919 0.990806 0.092479 -0.0987442
-0.360997 0.0836719 0.165623 0.0940046 0.0542848 0.994091
-0.241581 0.259789 0.144713 0.0940047 0.0542848 0.994091
0.230171 0.0924201 0.107785 -0.990806 -0.092479 0.0987441
-0.213947 -0.00214932 0.139552 0.990806 0.092479 -0.0987441
-0.29226 -0.280773 0.105695 -0.990806 -0.092479 0.0987442
0.212231 0.157078 -0.0116716 -0.990806 -0.092479 0.0987442
0.458045 -0.173299 -0.0501044 -0.990806 -0.092479 0.0987442
0.336794 -0.104834 0.121448 0.0940046 0.0542849 0.994091
-0.465494 -0.0492214 0.182762 0.0940047 0.0542849 0.994091
0.481796 0.132801 -0.104838 0.990806 0.0924791 -0.0987442
0.463847 -0.099209 0.0976096 0.0940046 0.0542849 0.994091
-0.330046 -0.057986 0.112847 -0.0940047 -0.0542849 -0.994091
-0.338315 0.250562 0.0339945 -0.0972929 0.994234 -0.0450924
0.484229 0.196801 -0.0204885 0.990806 0.0924791 -0.0987442
-0.208952 -0.297101 0.120676 0.0972929 -0.994234 0.0450923
-0.457975 0.0591318 -0.0561083 0.990806 0.0924786 -0.0987469
-0.227083 0.104591 0.151817 0.0940046 0.0542849 0.994091
-0.5054 0.0383879 0.0283246 -0.990806 -0.0924732 0.0987546
0.239912 0.295374 -0.0409657 -0.0940047 -0.0542849 -0.994091
-0.508347 -0.00298991 -0.0399989 -0.990806 -0.0924783 0.0987495
-0.45152 0.0705015 0.0193077 0.990806 0.092479 -0.0987442
0.44647 -0.00231668 -0.00612203 -0.990806 -0.092479 0.0987442
0.281438 0.269471 -0.043478 -0.0940047 -0.0542849 -0.994091
0.343999 -0.169593 -0.00834138 0.990806 0.092479 -0.0987442
0.183367 0.216071 -0.0747689 0.0972929 -0.994234 0.0450923
0.401597 -0.0434397 0.100451 0.0940046 0.0542849 0.994091
0.345736 -0.201 -0.0203234 0.990806 0.092479 -0.0987442
-0.417626 -0.190465 0.11499 0.990806 0.092479 -0.098744
-0.488579 -0.0541667 0.110422 -0.990807 -0.0924842 0.0987349
0.32119 0.107692 0.0224922 0.990806 0.092479 -0.0987442
0.477092 -0.135142 -0.160629 -0.0940048 -0.0542849 -0.994091
-0.447451 -0.255429 -0.0199064 0.0924853 -0.995704 -0.00452312
-0.146247 0.228439 -0.138285 0.94314 -0.324624 -0.0714597
0.515728 -0.168438 -0.0464889 0.990803 0.0925057 -0.0987556
0.489649 0.071423 -0.0835264 0.990806 0.0924791 -0.0987442
0.224367 0.0475033 0.00748188 -0.990806 -0.092479 0.0987442
0.022989 0.203123 -0.142044 -0.573504 -0.813242 0.0986418
0.0674048 0.282961 -0.127033 -0.0972926 0.994234 -0.0450922
-0.488832 -0.184697 -0.0143684 -0.990807 -0.0924795 0.0987404
0.411635 0.202265 -0.164059 -0.990806 -0.0924789 0.0987453
0.352791 -0.0286494 0.0466733 -0.0940047 -0.0542849 -0.994091
0.336348 -0.110601 0.121805 0.0940046 0.0542849 0.994091
0.485072 -0.100034 -0.163301 -0.0940047 -0.0542849 -0.994091
0.251572 0.138444 0.0206134 -0.0477872 0.997607 -0.049958
0.469688 0.293886 -0.0754697 0.990807 0.0924739 -0.0987429
0.509794 0.0183207 0.0688815 0.990806 0.092479 -0.0987444
0.449057 0.0644202 -0.168876 -0.0940048 -0.0542849 -0.994091
0.318851 -0.134218 0.12475 0.0940046 0.0542849 0.994091
0.443607 0.0995512 0.0886698 0.0940047 0.0542849 0.994091
0.302954 -0.207331 0.117569 -0.517568 0.855639 0.0022187
-0.47591 0.209082 -0.0600306 0.134316 -0.759754 0.636187
0.136235 0.252831 -0.138006 -0.416032 0.000530874 0.90935
-0.212835 -0.0575678 0.0988108 0.990806 0.092479 -0.0987442
0.334532 -0.0562162 0.00284949 0.990806 0.092479 -0.0987442
0.490213 -0.229928 0.0932205 0.0972928 -0.994234 0.0450924
0.358078 -0.0881268 0.118523 0.0940046 0.0542849 0.994091
0.428018 -0.185489 0.105709 0.0940047 0.0542849 0.994091
0.483195 0.224584 0.0780985 0.0940047 0.0542849 0.994091
0.247298 -0.0627804 -0.0221062 -0.0940039 -0.0542848 -0.994091
-0.484187 0.0424205 0.179525 0.0940047 0.0542849 0.994091
-0.251904 0.221484 -0.00770133 -0.903316 -0.107234 -0.415356
-0.434053 -0.0399002 0.0911756 0.990806 0.092479 -0.098744
-0.215845 -0.238738 0.0631381 -0.944314 -0.311401 0.106302
0.330186 -0.0049278 0.00727808 0.990806 0.092479 -0.0987442
0.457351 0.239744 0.0797145 0.0940047 0.0542849 0.994091
-0.472035 -0.27629 -0.041189 0.120096 -0.265197 0.956686
0.130805 0.248561 -0.173515 -0.0940047 -0.054285 -0.994091
0.0880627 0.208029 -0.0464629 0.097293 -0.994234 0.0450927
-0.232902 -0.0954002 0.0250845 -0.0940048 -0.0542849 -0.994091
0.146607 0.23477 -0.080868 -0.689597 -0.100012 -0.717254
0.487169 0.0563362 -0.122541 0.990805 0.0924778 -0.0987575
0.446201 -0.208735 0.0476742 -0.0940047 -0.0542849 -0.994091
0.242491 0.303363 -0.0416459 -0.0940047 -0.0542849 -0.994091
-0.483115 -0.178326 0.0489654 -0.990806 -0.092479 0.0987442
-0.3122 -0.127409 0.0492515 -0.990806 -0.092479 0.0987442
0.449178 -0.0366987 -0.0111507 -0.990806 -0.092479 0.0987442
0.265556 -0.20876 -0.00628249 0.80942 0.577202 -0.108061
-0.470172 -0.260603 -0.00507611 0.0340016 -0.876676 -0.479878
-0.421308 -0.250153 0.0221414 0.990806 0.092479 -0.098744
0.250848 -0.194769 0.046285 -0.990806 -0.092479 0.0987442
-0.221997 -0.224838 0.104435 -0.433619 -0.896594 0.0899654
-0.36643 0.194347 0.160093 0.0940047 0.0542848 0.994091
-0.436214 -0.109026 0.00474999 0.990806 0.092479 -0.0987442
0.332507 0.206235 0.035765 -0.0940047 -0.0542849 -0.994091
-0.477099 -0.223212 0.067291 -0.990806 -0.092479 0.0987442
-0.204475 -0.143619 0.102101 0.990806 0.092479 -0.0987441
-0.247383 0.185885 -0.0840935 -0.994875 -0.0959034 0.0320224
0.497505 0.0806013 0.00389577 0.990806 0.092479 -0.0987444
0.143266 0.278803 -0.17632 -0.0699436 -0.0520258 -0.996193
0.490051 0.211687 0.0518747 0.990806 0.092479 -0.0987444
0.232003 0.118897 0.107623 0.0940046 0.0542849 0.994091
-0.439646 0.0225231 0.09352 0.990806 0.092479 -0.098744
-0.249029 0.186782 -0.0050223 -0.881994 -0.107123 -0.458924
0.200855 0.27107 0.0267217 -0.864322 -0.0619436 0.49911
0.429318 -0.0557326 0.0985007 0.0940046 0.0542849 0.994091
0.33223 0.162742 0.0381662 -0.0940047 -0.0542849 -0.994091
-0.229382 0.0859036 0.0671457 0.990806 0.092479 -0.0987442
-0.395948 -0.0996887 0.178941 0.0940047 0.0542849 0.994091
-0.221693 -0.146315 0.165009 0.0940176 0.0542854 0.994089
0.28793 0.0472858 0.106245 0.0940042 0.0542849 0.994091
0.303449 0.0938761 0.113751 0.0940046 0.0542849 0.994091
-0.502713 0.127679 0.13891 -0.990806 -0.0924791 0.0987442
0.44993 0.326176 0.000451325 -0.0972931 0.994234 -0.0450923
-0.216338 -0.222901 0.1515 -0.477761 -0.873566 0.092882
-0.232718 -0.226465 0.0445204 -0.199038 -0.977329 0.0721913
-0.197209 0.182154 -0.00147265 0.0972937 -0.994234 0.0450927
0.286525 0.289712 -0.0450644 -0.0940047 -0.0542849 -0.994091
-0.393835 -0.124426 0.180092 0.0940047 0.0542849 0.994091
0.065194 0.255816 -0.155932 -0.433644 -0.896582 0.0899669
0.273729 0.0450145 -0.030492 -0.0940047 -0.0542849 -0.994091
-0.295683 -0.252049 0.0982525 -0.990806 -0.092479 0.0987442
-0.431085 -0.114891 0.183094 0.0940047 0.0542849 0.994091
0.490235 0.0150984 -0.1304 0.990808 0.0924817 -0.0987242
0.260936 0.141565 0.0562806 -0.338772 0.94067 -0.0193322
-0.126258 0.247935 -0.0387463 0.243887 -0.969344 0.0298706
0.288978 0.145455 -0.0374188 -0.0940047 -0.0542849 -0.994091
-0.349673 -0.139239 0.176725 0.0940047 0.0542849 0.994091
-0.459694 -0.30366 0.166595 -0.990806 -0.092479 0.0987441
0.469865 -0.239489 -0.073695 0.0972928 -0.994234 0.0450924
-0.22359 -0.300308 0.0815353 0.0972929 -0.994234 0.0450923
0.515257 -0.0228443 0.085145 0.990806 0.092479 -0.0987444
-0.451124 0.0300762 -0.0145784 0.990806 0.092479 -0.0987442
-0.515132 0.0748508 -0.0351838 -0.990806 -0.092479 0.0987442
0.50478 0.0539987 0.0519844 0.990806 0.092479 -0.0987444
-0.213802 -0.0742591 0.0734727 0.990806 0.092479 -0.0987441
-0.0912569 0.234119 -0.0766192 -0.0940045 -0.0542849 -0.994091
0.447556 0.228787 -0.17771 -0.0940047 -0.0542849 -0.994091
0.392621 0.0789736 0.0370298 -0.0940047 -0.0542849 -0.994091
0.478831 0.199489 -0.0721302 0.990806 0.0924791 -0.0987442
-0.218216 -0.059694 0.0428201 0.990806 0.092479 -0.0987441
-0.496442 -0.026391 0.0575375 -0.990806 -0.0924743 0.0987522
0.323194 -0.062791 -0.0292826 -0.0940047 -0.0542849 -0.994091
0.436906 0.0291218 -0.0726394 -0.990806 -0.092479 0.0987441
-0.25848 -0.230802 0.0348972 -0.0940047 -0.0542849 -0.994091
0.159906 0.212368 -0.105795 0.097301 -0.994233 0.0450873
-0.364916 -0.266638 0.185123 0.0940046 0.054285 0.994091
-0.334173 -0.188836 0.189485 0.0940046 0.0542851 0.994091
0.294429 0.0638578 -0.0334784 -0.0940048 -0.0542849 -0.994091
-0.512159 0.165349 -0.0588418 0.0128342 0.662339 0.749094
-0.452532 -0.291863 -0.0641626 -0.0940046 -0.0542849 -0.994091
-0.288142 0.100147 0.159146 -0.0972928 0.994234 -0.0450923
0.471243 0.236023 -0.114056 0.990805 0.0924788 -0.0987537
-0.339233 0.207895 0.0920299 -0.990806 -0.092479 0.0987442
-0.475969 -0.29982 -0.0615119 -0.0940046 -0.0542849 -0.994091
0.245002 0.17651 0.0229298 0.338781 -0.940667 0.0193312
-0.178754 0.257011 -0.111285 -0.272344 0.0169819 0.96205
0.509366 -0.143864 -0.0873071 0.990804 0.0924856 -0.0987643
-0.386437 -0.151237 0.180857 0.0940047 0.0542849 0.994091
0.483751 0.266051 0.0395791 0.990806 0.0924791 -0.0987442
-0.348487 0.13583 0.104007 -0.0940047 -0.0542849 -0.994091
0.327054 0.0455409 0.114158 0.0940046 0.0542849 0.994091
-0.435677 -0.190025 -0.0657166 0.990806 0.092479 -0.0987444
0.0215288 0.2038 -0.145547 -0.650501 -0.752542 0.102608
0.499857 0.103266 0.0487286 0.990806 0.092479 -0.0987444
0.328537 -0.000656901 -0.00526604 0.990806 0.092479 -0.0987442
-0.447662 0.0253833 0.0157608 0.990806 0.092479 -0.0987442
-0.235462 0.211366 -0.132583 -0.565229 -0.0924896 -0.819733
0.466123 0.101733 0.0864214 0.0940047 0.0542849 0.994091
0.399187 -0.0997704 0.103755 0.0940046 0.0542849 0.994091
-0.297343 0.0298627 0.0243379 -0.0940047 -0.0542849 -0.994091
-0.274047 -0.268279 0.17662 0.0940026 0.0542925 0.99409
-0.102773 0.221796 -0.0299471 -0.906706 0.417037 0.062968
-0.433761 -0.156618 -0.0152088 0.990807 0.09248 -0.0987337
0.474206 0.257753 0.0771373 0.0940047 0.0542849 0.994091
0.425538 0.189762 -0.0362619 -0.990806 -0.092479 0.0987441
0.243859 0.0522024 -0.0280599 -0.0940085 -0.0542854 -0.99409
0.309661 0.109723 0.112298 0.0940048 0.0542849 0.994091
-0.0726677 0.226082 -0.0292426 0.990806 0.092479 -0.0987441
0.442424 0.0417993 -0.00540161 -0.990806 -0.092479 0.0987442
0.349429 -0.207045 0.0110744 0.990806 0.092479 -0.0987442
-0.264348 0.0888935 0.030226 -0.338779 0.940667 -0.0193315
-0.501207 -0.107525 -0.0662593 -0.990806 -0.0924791 0.0987435
-0.239778 -0.181801 0.168657 0.0940129 0.054285 0.99409
-0.40055 -0.313324 0.176376 0.0972929 -0.994234 0.0450922
0.462829 -0.198419 0.103123 0.0940047 0.0542849 0.994091
0.42866 0.275851 -0.178493 -0.0940047 -0.0542849 -0.994091
0.426722 -0.196998 0.0488752 -0.0940047 -0.0542849 -0.994091
0.460123 0.232901 -0.179123 -0.0940047 -0.0542849 -0.994091
-0.475404 -0.187156 0.118067 -0.990806 -0.092479 0.0987442
-0.0937515 0.187963 -0.127336 0.447364 -0.894328 0.00653289
0.303283 -0.196003 0.0181909 -0.995215 0.0318586 0.0923711
0.421721 0.320853 -0.0560325 -0.0972931 0.994234 -0.0450923
-0.519771 0.175617 0.0126432 -0.990806 -0.0924791 0.0987442
0.41699 0.197503 -0.173111 -0.0940048 -0.0542849 -0.994091
-0.255312 0.197178 0.00220548 -0.745428 -0.102816 -0.658609
-0.441873 -0.0749835 -0.0201519 0.990806 0.0924789 -0.0987449
-0.406967 -0.28426 0.132477 -0.0940047 -0.0542849 -0.994091
-0.291804 -0.234766 0.187986 0.0940047 0.0542849 0.994091
0.434952 0.129381 0.00164658 -0.990806 -0.092479 0.0987442
-0.397817 0.172627 0.106662 -0.0940047 -0.0542849 -0.994091
0.332202 -0.0529081 -0.0174234 0.990806 0.092479 -0.0987442
-0.241876 0.172715 0.0230827 0.990806 0.092479 -0.0987442
-0.323208 -0.235627 0.191003 0.0940047 0.0542849 0.994091
-0.291447 -0.300585 0.095303 -0.990806 -0.092479 0.0987442
-0.430148 -0.233111 -0.0505916 0.990806 0.092479 -0.0987444
-0.280747 -0.304568 0.110925 0.097293 -0.994234 0.0450924
-0.47305 -0.0533063 0.183699 0.0940047 0.0542849 0.994091
0.424502 0.136656 0.0884503 0.0940047 0.0542849 0.994091
0.0891132 0.273423 -0.17093 -0.0940047 -0.0542849 -0.994091
0.020935 0.264318 -0.0379341 0.0940043 0.0542835 0.994091
-0.425176 -0.318247 0.120947 0.097293 -0.994234 0.0450923
-0.321356 0.0074729 0.083702 -0.990806 -0.092479 0.0987442
-0.375198 0.245327 0.100553 -0.0940047 -0.0542849 -0.994091
0.354819 -0.239412 0.0348389 0.990806 0.092479 -0.0987442
-0.342918 0.188454 0.158192 0.0940047 0.0542848 0.994091
-0.300389 -0.207282 0.0929584 -0.990806 -0.092479 0.0987442
0.503441 0.0925169 0.0746214 0.990806 0.092479 -0.0987444
0.297356 -0.251358 0.0368285 0.097293 -0.994234 0.0450925
-0.328697 -0.183224 0.185774 -0.990806 -0.092479 0.0987436
0.428548 0.0506525 -0.136345 -0.990806 -0.0924787 0.0987504
-0.456578 -0.268924 -0.0650327 -0.0940046 -0.0542849 -0.994091
0.327705 -0.110284 -0.0271157 -0.0940047 -0.0542849 -0.994091
-0.453213 0.0824228 0.0134857 0.990806 0.092479 -0.0987442
-0.237152 0.00850938 0.0198122 -0.0940046 -0.0542849 -0.994091
-0.416268 -0.216257 0.104462 0.990806 0.092479 -0.098744
-0.292433 -0.230786 0.038107 -0.0940047 -0.0542849 -0.994091
-0.37492 0.125562 0.164652 0.0940047 0.0542849 0.994091
0.297758 0.224639 0.095631 0.0940047 0.0542849 0.994091
0.398235 0.0848032 0.0937657 0.0940046 0.0542849 0.994091
0.351934 -0.232646 0.115479 0.0940047 0.0542849 0.994091
-0.432525 -0.0532628 0.0939877 0.990806 0.092479 -0.098744
0.520911 -0.108115 0.0620172 0.990806 0.092479 -0.0987444
-0.349907 0.243324 0.0181097 -0.990806 -0.092479 0.0987442
0.34623 -0.100105 0.120298 0.0940046 0.0542849 0.994091
0.208514 0.303876 0.0296596 -0.0972929 0.994234 -0.0450924
-0.461197 -0.258917 0.193413 -0.990806 -0.092479 0.0987442
0.270243 0.164189 0.0273747 -0.944317 -0.311392 0.106302
-0.26189 0.165532 0.151781 0.0940047 0.0542848 0.994091
-0.518513 0.229569 -0.0400641 -0.0972929 0.994234 -0.0450923
0.156124 0.262242 -0.17446 0.264739 -0.0178215 -0.964155
-0.402695 -0.315292 0.137598 0.0972929 -0.994234 0.0450922
0.481457 0.291796 0.0406646 0.990806 0.0924791 -0.0987442
-0.20118 -0.15776 0.121918 0.990806 0.092479 -0.0987441
0.485074 -0.193496 -0.158198 -0.0940048 -0.0542849 -0.994091
0.323265 -0.173858 -0.0232242 -0.0940047 -0.0542849 -0.994091
0.273333 -0.190571 0.114908 0.995214 -0.0318891 -0.0923694
0.503047 -0.207151 -0.0935047 -0.134157 0.577456 -0.805324
-0.467203 0.179173 -0.0165211 -0.123052 0.31271 -0.941844
-0.240597 0.170678 0.0340069 0.990806 0.092479 -0.0987442
0.387686 -0.160085 0.119653 0.0940047 0.0542848 0.994091
0.438329 0.0404992 -0.0477086 -0.990806 -0.0924788 0.0987433
0.311796 0.158173 -0.0244935 0.990806 0.092479 -0.0987442
0.412211 0.325504 0.0670347 -0.0972929 0.994234 -0.0450925
0.52401 -0.1489 0.106151 0.0940046 0.054285 0.994091
-0.2384 0.227169 -0.132304 -0.604271 -0.0950114 -0.791094
-0.471504 -0.1964 0.148549 -0.990806 -0.092479 0.0987442
0.32938 0.0462367 0.0447978 -0.0940047 -0.0542849 -0.994091
-0.459696 0.0937433 -0.040962 0.990807 0.0924803 -0.0987319
0.264062 0.310905 0.064797 -0.0972926 0.994234 -0.0450916
0.384382 -0.102226 0.105636 0.990806 0.092479 -0.0987438
0.0201491 0.24784 -0.0538803 -0.990806 -0.092479 0.0987442
-0.331676 0.125524 0.0907197 -0.990806 -0.092479 0.0987442
-0.375224 -0.132403 0.178768 0.0940047 0.0542849 0.994091
0.432278 0.167925 0.0860073 0.0940047 0.0542849 0.994091
-0.292473 -0.303832 0.152466 0.0972929 -0.994234 0.0450922
-0.504683 0.0269566 0.0248127 -0.990805 -0.0924568 0.0987814
0.408279 0.120847 0.0332626 -0.0940047 -0.0542849 -0.994091
0.0908627 0.261985 -0.0899985 0.853113 0.0599778 -0.518267
0.490971 0.0881424 -0.0546041 0.990806 0.0924791 -0.0987442
-0.220913 0.181267 0.0301159 0.0972926 -0.994234 0.0450923
-0.270533 -0.259821 0.0376216 -0.0940047 -0.0542849 -0.994091
-0.441305 -0.0730703 -0.0126637 0.990806 0.092479 -0.0987441
-0.107289 0.268999 -0.0579504 -0.0972928 0.994234 -0.0450923
0.472221 0.297289 -0.0468667 0.990806 0.0924783 -0.098744
-0.203058 -0.138028 0.121557 0.990806 0.092479 -0.0987442
-0.504507 0.0225414 0.022442 -0.990806 -0.092479 0.0987442
0.245228 0.225327 0.100561 0.0940047 0.0542849 0.994091
-0.521882 0.192789 0.00753989 -0.990807 -0.0924745 0.098743
-0.48758 -0.0553012 0.119386 -0.990806 -0.0924791 0.0987442
0.474987 -0.231633 0.0884686 0.0972928 -0.994234 0.0450924
0.521584 -0.141909 0.0371173 0.990806 0.0924785 -0.0987439
0.451207 0.0858461 0.0886995 0.0940047 0.0542849 0.994091
0.237328 -0.0111004 0.0826467 -0.990806 -0.092479 0.0987442
-0.35318 0.0963503 0.164192 0.0940047 0.0542849 0.994091
-0.252023 0.228428 -0.00931864 -0.922515 -0.107092 -0.370807
0.230146 0.00473456 0.0254102 -0.990806 -0.092479 0.0987442
0.506615 -0.221248 -0.158719 -0.0940048 -0.0542849 -0.994091
0.446592 -0.127879 -0.158142 -0.0940048 -0.0542849 -0.994091
-0.2384 0.124057 0.151825 0.0940043 0.0542849 0.994091
-0.409921 0.215951 0.105441 -0.0940047 -0.0542849 -0.994091
-0.340297 0.197181 0.0713195 -0.990806 -0.092479 0.0987442
-0.419365 -0.263327 0.190091 0.0940046 0.054285 0.994091
-0.0960793 0.187937 -0.0947971 0.21785 -0.975436 0.0326656
0.0750789 0.253378 -0.113366 -0.779507 -0.617115 0.107412
-0.478625 0.237366 0.0457831 -0.0972928 0.994234 -0.0450923
-0.417063 -0.188034 0.122916 0.990806 0.092479 -0.098744
0.25012 -0.165572 0.0663338 -0.990806 -0.092479 0.0987442
-0.313837 0.0684901 0.17351 0.0940047 0.0542849 0.994091
-0.335879 0.111675 0.0235145 -0.0940047 -0.0542849 -0.994091
0.508643 -0.102048 -0.0554001 0.990806 0.092479 -0.0987444
0.476551 0.159084 -0.132851 0.990807 0.0924802 -0.0987317
-0.449429 0.199703 0.110064 -0.0940047 -0.0542849 -0.994091
-0.424301 -0.311495 -0.0653336 0.990806 0.092479 -0.0987444
0.263376 -0.0530541 -0.0241577 -0.0940029 -0.0542847 -0.994091
-0.494612 0.0615533 0.158268 -0.990806 -0.0924791 0.0987442
0.458519 -0.101925 0.0214973 -0.990806 -0.092479 0.0987442
-0.283451 -0.120117 0.0312143 -0.0940047 -0.0542849 -0.994091
-0.23131 0.0347529 0.156031 0.0940182 0.0542852 0.994089
0.511184 -0.0938568 -0.0222374 0.990806 0.092479 -0.0987444
0.302442 0.241387 -0.0404199 0.990806 0.092479 -0.0987442
0.365668 0.0479048 0.110377 0.0940048 0.0542849 0.994091
0.43574 0.0433853 -0.0709847 -0.990806 -0.092479 0.0987441
0.512273 -0.151843 -0.0656154 0.990806 0.092479 -0.0987444
0.0696619 0.267747 -0.0936726 -0.0940047 -0.0542847 -0.994091
0.426909 0.0807362 -0.124612 -0.990806 -0.092479 0.0987435
0.459107 -0.236328 -0.0984813 -0.990806 -0.0924788 0.0987441
-0.114197 0.233814 -0.106601 -0.837319 -0.535852 0.108441
0.429449 0.191673 -0.173971 -0.0940047 -0.0542849 -0.994091
-0.435804 -0.155883 -0.0350207 0.990806 0.0924787 -0.0987459
0.493175 0.133819 0.0102893 0.990806 0.092479 -0.0987444
-0.232315 0.0793576 0.0315857 0.990806 0.092479 -0.0987441
0.389147 -0.199594 0.0525703 -0.0940047 -0.0542849 -0.994091
-0.122637 0.199394 -0.0717556 -0.0940046 -0.0542851 -0.994091
-0.346894 -0.00804817 0.111713 -0.0940047 -0.0542849 -0.994091
0.517268 -0.175589 -0.0377299 0.990806 0.0924785 -0.0987439
-0.134347 0.186286 -0.0459907 0.0972929 -0.994234 0.0450924
-0.213845 -0.0418284 0.103416 0.990806 0.092479 -0.0987442
-0.308341 -0.288527 0.123384 -0.0940047 -0.0542849 -0.994091
0.0870065 0.203517 -0.143678 0.0972917 -0.994234 0.0450953
-0.302967 0.0178663 0.175246 0.0940047 0.0542849 0.994091
0.446721 -0.0363014 -0.0354282 -0.990806 -0.092479 0.0987442
0.250112 -0.0552778 -0.022782 -0.0940055 -0.054285 -0.994091
0.0227864 0.219329 -0.0591912 -0.945415 -0.30807 0.106225
0.508087 -0.014994 0.0205544 0.990806 0.092479 -0.0987444
0.485246 0.179153 -0.0268087 0.990806 0.0924791 -0.0987442
0.481654 0.26459 0.0760596 0.0940047 0.0542849 0.994091
-0.271088 0.129045 0.0892584 0.291689 -0.956196 0.0246325
0.253593 0.130182 -0.0332387 -0.0940033 -0.0542848 -0.994091
-0.349915 -0.157303 0.120149 -0.0940047 -0.0542849 -0.994091
0.497685 -0.236401 -0.0656443 0.0972928 -0.994234 0.0450924
0.287003 -0.103767 0.114581 0.0940038 0.0542848 0.994091
0.376256 -0.01783 0.0438635 -0.0940047 -0.0542849 -0.994091
0.470924 0.0906899 -0.172378 -0.0940047 -0.0542849 -0.994091
-0.233455 0.213164 0.145461 0.990806 0.092479 -0.0987441
0.510919 -0.036736 0.0286028 0.990806 0.092479 -0.0987444
-0.500686 0.22961 -0.0776179 -0.0972928 0.994234 -0.0450923
-0.222047 0.0615999 0.11798 0.990806 0.092479 -0.0987441
-0.319519 0.121145 0.159654 0.0940047 0.0542849 0.994091
-0.238885 0.257346 -0.0309455 -0.0972984 0.994233 -0.0450992
-0.308527 -0.0461109 0.0295443 -0.0940047 -0.0542849 -0.994091
0.427738 0.0811561 -0.115896 -0.990806 -0.092479 0.098744
0.389225 -0.0771869 0.103464 0.0940046 0.0542849 0.994091
-0.482329 -0.0340925 0.183527 0.0940047 0.0542849 0.994091
-0.400887 -0.176902 0.126039 -0.0940047 -0.0542849 -0.994091
-0.105358 0.21104 -0.0230819 0.0940043 0.0542846 0.994091
-0.460929 0.0593936 -0.0825499 -0.0940047 -0.0542849 -0.994091
-0.439818 -0.00762181 0.178062 0.0940047 0.0542849 0.994091
-0.52097 0.169135 -0.00545381 -0.990806 -0.0924791 0.0987442
0.461436 -0.182342 0.102377 0.0940047 0.0542849 0.994091
0.0651211 0.28435 -0.0914701 -0.0972928 0.994234 -0.0450923
0.136626 0.286425 -0.137483 -0.546144 -0.015458 0.837549
-0.473513 -0.300511 0.0308798 -0.990808 -0.0924621 0.0987461
0.47575 0.303049 -0.00606326 0.990806 0.0924797 -0.0987444
-0.391878 -0.0684992 0.119268 -0.0940047 -0.0542849 -0.994091
0.489777 0.161977 0.0025659 0.990806 0.0924791 -0.0987442
0.512287 -0.231864 -0.14042 0.990806 0.0924795 -0.0987444
-0.503533 0.00410278 0.0149405 -0.990806 -0.092479 0.0987442
0.436314 -0.0814467 0.0416582 -0.0940047 -0.0542849 -0.994091
0.49307 0.0698045 -0.0507163 0.990806 0.0924791 -0.0987442
0.528213 -0.19281 0.0559606 0.990806 0.0924795 -0.0987441
0.499735 0.092398 0.0373242 0.990806 0.092479 -0.0987444
0.409936 -0.238665 0.052738 -0.0940047 -0.0542849 -0.994091
-0.31508 -0.0859586 0.0591722 -0.990806 -0.092479 0.0987442
0.17669 0.294281 -0.113225 -0.0972927 0.994234 -0.0450923
0.493639 0.149601 0.029729 0.990806 0.092479 -0.0987444
0.417427 0.316552 -0.141601 -0.0972927 0.994234 -0.0450924
-0.49302 -0.148947 -0.022904 -0.990806 -0.0924785 0.0987476
0.3646 -0.00346666 0.113284 0.0940048 0.0542849 0.994091
0.0994502 0.223677 -0.129708 0.724572 0.101819 0.681637
0.234221 0.0308298 0.0907343 -0.990806 -0.092479 0.0987441
0.414094 0.316666 -0.131897 -0.0972931 0.994234 -0.0450923
0.28969 -0.251177 -0.015827 -0.0940047 -0.0542849 -0.994091
-0.235993 0.199642 0.107332 0.990806 0.092479 -0.0987441
0.303166 -0.248842 0.0797519 0.0972928 -0.994234 0.0450924
0.381047 -0.0612378 0.11056 0.990806 0.092479 -0.0987438
-0.460188 -0.0842879 -0.0747738 -0.0940047 -0.0542849 -0.994091
0.180985 0.21845 -0.0171778 0.0972928 -0.994234 0.0450924
-0.395768 -0.106491 0.179295 0.0940047 0.0542849 0.994091
