ply
format ascii 1.0
comment Created by Open3D
element vertex 128
property double x
property double y
property double z
property double nx
property double ny
property double nz
end_header
0.176837 -0.269093 0.392063 0.269339 -0.414738 0.869166
0.0385621 -0.0727437 0.00735922 0.868911 0.493825 -0.0336221
-0.080453 0.148041 0.174378 0.868911 0.493825 -0.0336227
-0.214265 0.310219 -0.268127 -0.868911 -0.493825 0.033622
-0.11378 0.185666 -0.134291 0.868911 0.493825 -0.0336221
0.36169 -0.280806 0.321123 0.415272 -0.764284 -0.493376
-0.141732 0.183271 -0.258172 -0.868911 -0.493825 0.033622
0.335877 -0.215095 0.207686 -0.269338 0.414738 -0.869166
0.168466 -0.00869714 0.35805 -0.269338 0.414738 -0.869166
0.0988481 -0.177295 0.0297541 0.868911 0.493825 -0.0336221
-0.154768 -0.216428 -0.17251 -0.269338 0.414738 -0.869166
0.176558 0.185439 0.490509 -0.0237304 0.109412 0.993713
0.0802917 -0.435418 0.0565899 0.415272 -0.764283 -0.493376
-0.0226837 -0.0185229 -0.145415 -0.868911 -0.493825 0.0336221
-0.178119 0.308274 0.00378573 0.868911 0.493824 -0.0336228
-0.129482 -0.0605661 -0.105974 -0.269338 0.414738 -0.869166
-0.306846 0.0658175 0.0861773 -0.868911 -0.493825 0.0336221
0.0298706 0.0294282 -0.409619 0.269339 -0.414738 0.869166
0.0211523 0.0127032 0.436523 0.494837 -0.86511 0.0819746
0.0236408 -0.505872 0.230402 -0.868911 -0.493825 0.0336221
0.10144 -0.195337 -0.16825 0.868911 0.493825 -0.0336221
0.113112 -0.479617 0.231692 0.269339 -0.414738 0.869166
0.30718 -0.119379 0.423111 0.269338 -0.414738 0.869166
-0.243404 0.129552 0.266481 -0.415272 0.764284 0.493376
-0.157114 0.335036 -0.366709 -0.269339 0.414738 -0.869166
-0.066067 -0.240484 0.401322 0.269338 -0.414738 0.869166
0.168993 -0.0864902 0.481626 0.269339 -0.414738 0.869166
0.00661705 0.145365 -0.347092 0.269339 -0.414738 0.869166
0.101276 -0.323094 -0.0997473 0.415272 -0.764283 -0.493376
0.0421906 -0.0679626 0.171354 0.868911 0.493825 -0.0336221
-0.220887 0.146511 0.0211615 -0.269338 0.414738 -0.869166
-0.0749894 0.0411205 -0.0743384 -0.269338 0.414738 -0.869166
-0.0308728 0.0587672 0.144491 0.868911 0.493825 -0.0336221
0.086699 -0.170009 0.456449 -0.868911 -0.493825 0.0336221
-0.238277 -0.0550624 0.0828237 -0.868911 -0.493825 0.0336221
0.161781 -0.451466 0.150039 0.415272 -0.764283 -0.493376
-0.0264301 -0.433291 0.00243801 -0.868911 -0.493825 0.0336221
-0.276087 0.0581988 0.349503 -0.415272 0.764284 0.493376
-0.265305 0.406339 -0.180722 -0.415271 0.764284 0.493376
-0.0724249 0.0520318 -0.394623 -0.868911 -0.493824 0.0336214
-0.28726 0.0257806 0.00430719 -0.868911 -0.493825 0.0336221
-0.0207147 0.35203 -0.240008 0.269339 -0.414738 0.869166
0.0541029 -0.0808332 0.290174 0.868911 0.493825 -0.0336221
-0.247046 0.409445 -0.291586 0.868911 0.493825 -0.0336219
0.133609 0.219258 0.391656 -0.44089 0.741316 -0.506031
0.174088 -0.115372 0.305406 -0.269338 0.414738 -0.869166
-0.100379 -0.313443 -0.148386 -0.868911 -0.493825 0.0336221
-0.106844 -0.29496 -0.0440086 -0.868911 -0.493825 0.0336221
0.0771656 0.2306 -0.480174 0.868911 0.493825 -0.0336221
0.184241 -0.304493 0.212018 -0.269338 0.414738 -0.869166
-0.293799 0.0499955 0.190984 -0.868911 -0.493825 0.0336221
-0.250519 -0.019251 0.292428 -0.868911 -0.493825 0.0336221
-0.304403 0.158551 0.170215 -0.415272 0.764284 0.493376
0.105508 -0.371496 0.28564 0.269339 -0.414738 0.869166
0.0246023 -0.0980126 -0.512954 0.415272 -0.764284 -0.493376
-0.0962487 -0.297337 0.194908 -0.868911 -0.493825 0.0336221
-0.188949 -0.127695 0.290826 -0.868911 -0.493825 0.0336221
0.132081 -0.220263 0.257522 0.868911 0.493825 -0.0336221
-0.122874 0.315479 -0.225792 0.269339 -0.414738 0.869166
-0.020755 -0.0336278 -0.317422 -0.868911 -0.493825 0.0336221
-0.118601 0.179721 0.293809 -0.415272 0.764284 0.493376
0.00658899 0.00557182 0.331326 0.868911 0.493825 -0.0336221
-0.21458 -0.0898948 0.183622 -0.868911 -0.493825 0.0336221
-0.123784 0.140518 -0.42229 -0.868911 -0.493825 0.033622
0.119658 0.0847636 -0.448895 0.415272 -0.764284 -0.493376
0.0560592 0.141198 0.488937 -0.191391 0.397853 0.897264
-0.320656 0.188618 0.0721698 -0.269338 0.414738 -0.869166
0.0144394 -0.496598 0.128826 -0.868911 -0.493825 0.0336221
0.230533 -0.218642 0.238638 -0.269338 0.414738 -0.869166
-0.203426 0.195136 0.198534 -0.415272 0.764284 0.493376
-0.186139 -0.146628 0.085371 -0.868911 -0.493825 0.0336221
-0.0506406 -0.39331 -0.118843 0.415272 -0.764283 -0.493376
-0.0371537 0.291832 -0.424498 -0.269339 0.414738 -0.869166
-0.128062 -0.251266 0.0494078 -0.868911 -0.493825 0.0336221
-0.196855 0.0072862 0.495061 -0.415272 0.764284 0.493376
-0.046742 0.239226 -0.285769 0.269339 -0.414738 0.869166
0.296282 -0.21274 0.381939 0.269338 -0.414738 0.869166
0.145384 -0.254261 0.101973 0.868911 0.493825 -0.0336221
0.0915091 -0.154784 0.170721 0.868911 0.493825 -0.0336221
0.232117 -0.349709 0.318797 0.415272 -0.764284 -0.493376
0.0342021 -0.220027 0.380012 0.269339 -0.414738 0.869166
-0.0627531 -0.342179 0.35177 0.269338 -0.414738 0.869166
-0.236538 -0.068577 -0.0707372 -0.868911 -0.493825 0.0336221
0.222742 0.0381834 0.455898 0.868911 0.493825 -0.0336221
-0.0608349 0.0302678 -0.54197 -0.269339 0.414738 -0.869166
0.0505468 -0.306834 0.333526 0.269339 -0.414738 0.869166
-0.0385379 0.0797431 0.254484 0.868911 0.493825 -0.0336221
0.131703 -0.241351 -0.0619914 0.868911 0.493825 -0.0336221
-0.0881557 0.149699 -0.000335268 0.868911 0.493825 -0.0336221
-0.0560638 0.0749454 -0.268912 0.868911 0.493825 -0.0336221
-0.0281576 -0.412145 0.268369 -0.868911 -0.493825 0.0336221
0.0623386 0.135474 0.364932 -0.17018 0.234273 -0.95716
-0.181431 0.0639891 -0.030442 -0.269338 0.414738 -0.869166
-0.0386227 -0.293257 -0.245162 -0.269338 0.414738 -0.869166
-0.0235647 0.417182 -0.342969 0.868911 0.493825 -0.033622
0.0842193 0.135883 -0.536523 -0.269339 0.414738 -0.869166
-0.0137186 0.0575954 0.570606 0.868911 0.493825 -0.0336221
-0.132558 0.235034 0.105512 0.868911 0.493825 -0.0336223
-0.158656 -0.173368 0.402888 -0.868911 -0.493825 0.0336221
0.156233 0.0965934 0.397893 0.440024 -0.801778 -0.404388
-0.162702 -0.181651 0.176657 -0.868911 -0.493825 0.0336221
-0.180493 -0.114056 0.497108 0.269338 -0.414738 0.869166
-0.142479 0.243014 -0.415154 -0.269339 0.414738 -0.869166
-0.0567988 -0.371676 0.12257 -0.868911 -0.493825 0.0336221
0.0143405 -0.088652 -0.218604 -0.868911 -0.493825 0.0336221
0.0951363 -0.192784 -0.293657 0.868911 0.493825 -0.0336221
0.135396 0.00449937 0.511844 -0.415272 0.764284 0.493376
-0.173462 -0.177769 -0.0443905 -0.868911 -0.493825 0.0336221
-0.191636 0.279607 -0.132937 -0.868911 -0.493825 0.033622
-0.0257761 -0.105771 0.453118 0.269338 -0.414738 0.869166
-0.0543202 -0.16425 -0.178739 -0.269338 0.414738 -0.869166
0.25659 -0.466654 0.253367 0.415272 -0.764283 -0.493376
-0.0889768 -0.0394553 0.504346 0.269338 -0.414738 0.869166
0.194735 -0.169908 0.433845 0.269339 -0.414738 0.869166
0.0157611 -0.0394295 0.541065 -0.868911 -0.493825 0.0336221
-0.0181945 0.0282212 0.0234979 0.868911 0.493825 -0.0336221
0.0498142 -0.117903 -0.36513 0.868911 0.493825 -0.0336224
0.0530643 -0.106213 -0.10943 0.868911 0.493825 -0.0336221
-0.155758 0.098648 0.388124 -0.415272 0.764284 0.493376
0.170425 -0.359543 0.0149181 0.415272 -0.764283 -0.493376
-0.0206892 0.161423 -0.491827 -0.269339 0.414738 -0.869166
0.216823 -0.379539 0.108174 0.868911 0.493826 -0.0336218
0.0333369 0.316954 -0.344529 0.868911 0.493825 -0.033622
0.119633 0.162882 -0.377273 0.868911 0.493825 -0.033622
0.306508 -0.119325 0.307289 0.868911 0.493825 -0.0336221
-0.231922 -0.0448438 0.397148 -0.868911 -0.493825 0.0336221
-0.0476725 0.126249 0.437407 -0.490268 0.86801 0.0787165
-0.0721307 0.0672117 -0.164067 -0.868911 -0.493825 0.0336221
