ply
format ascii 1.0
comment Created by Open3D
element vertex 2096
property double x
property double y
property double z
property double nx
property double ny
property double nz
end_header
-0.153843 0.204878 0.150717 -0.867244 -0.366586 0.3369
0.027041 0.0562505 0.0924288 -0.334151 -0.0730755 -0.939682
-0.247308 0.444077 -0.0535441 -0.369094 0.92751 0.0591209
-0.0864824 0.26336 0.155389 0.334151 0.0730755 0.939682
0.126758 -0.458725 -0.125495 -0.334151 -0.0730754 -0.939682
-0.301055 0.386685 -0.0391091 -0.334151 -0.0730756 -0.939682
0.187033 -0.119103 0.0820219 0.867244 0.366586 -0.3369
-0.0320438 0.360403 0.0128491 -0.867244 -0.366586 0.3369
-0.0523367 0.45783 0.0396395 0.867244 0.366586 -0.3369
0.101669 -0.223707 0.0876624 -0.334151 -0.0730755 -0.939682
0.0567189 0.0382048 0.121976 0.334151 0.0730755 0.939682
0.135282 -0.114483 0.0672157 -0.334151 -0.0730755 -0.939682
-0.157653 0.371289 -0.117929 -0.334151 -0.0730755 -0.939682
0.10831 -0.116848 0.0769905 -0.334151 -0.0730755 -0.939682
-0.0345172 -0.277529 -0.0670296 -0.867244 -0.366586 0.3369
-0.0273718 0.286696 0.0938571 -0.334151 -0.0730755 -0.939682
0.267198 -0.388606 0.0763139 0.369094 -0.92751 -0.0591209
-0.140172 0.418664 0.162404 0.334151 0.0730755 0.939682
0.11063 -0.179461 0.119733 0.334151 0.0730755 0.939682
0.217254 -0.217916 0.02531 -0.867244 -0.366586 0.3369
0.0686429 0.0677583 -0.0463954 -0.867244 -0.366586 0.3369
0.225318 -0.3891 -0.165958 -0.334151 -0.0730753 -0.939683
-0.0375696 -0.0977354 0.120749 -0.867244 -0.366586 0.3369
0.0202512 -0.158595 0.149401 -0.867244 -0.366586 0.3369
-0.165103 0.466112 0.113968 -0.369094 0.92751 0.0591211
0.0929342 -0.237743 -0.159676 -0.334151 -0.0730755 -0.939682
-0.0311542 -0.240244 -0.0766576 0.334151 0.0730755 0.939682
0.269548 -0.414498 0.0524761 0.334151 0.0730754 0.939682
0.101819 -0.384854 0.100141 -0.334151 -0.0730755 -0.939682
0.0595205 0.0857701 -0.0772631 0.867244 0.366586 -0.3369
-0.146566 0.47533 -0.0686777 0.369094 -0.92751 -0.0591209
-0.03562 0.403563 0.0877018 -0.334151 -0.0730755 -0.939682
0.0395091 -0.293051 -0.136377 -0.334151 -0.0730755 -0.939682
-0.0542253 0.108002 0.156 0.334151 0.0730755 0.939682
-0.227349 0.356135 0.126085 -0.867244 -0.366586 0.3369
-0.179638 0.331962 0.144483 -0.334151 -0.0730755 -0.939682
-0.112746 0.0722527 -0.110643 -0.334151 -0.0730755 -0.939682
-0.0458613 0.30933 0.0986718 -0.334151 -0.0730755 -0.939682
-0.155429 0.473478 -0.094957 -0.369094 0.92751 0.0591191
0.0161106 0.271272 0.0795942 -0.334151 -0.0730755 -0.939682
-0.233293 0.310393 0.0610105 -0.867244 -0.366586 0.3369
0.282734 -0.381354 0.0160301 -0.867244 -0.366586 0.3369
-0.041958 -0.0394285 -0.0884324 0.334151 0.0730755 0.939682
-0.272116 0.345194 -0.0550274 -0.867245 -0.366586 0.3369
0.00404804 0.070555 0.0994927 -0.334151 -0.0730755 -0.939682
0.155779 -0.326097 -0.136455 0.334151 0.0730755 0.939682
0.213076 -0.442621 0.0747444 0.334151 0.0730754 0.939682
0.0250489 0.102154 0.0895674 -0.334151 -0.0730755 -0.939682
0.0771993 -0.260133 0.0991964 -0.334151 -0.0730755 -0.939682
-0.00165175 -0.178517 0.125309 -0.867244 -0.366586 0.3369
-0.00488025 -0.147555 -0.131907 -0.334151 -0.0730755 -0.939682
-0.181357 0.106295 -0.0813456 -0.867245 -0.366586 0.3369
-0.0666979 0.478198 0.102624 0.334151 0.0730755 0.939682
0.0394125 0.0583473 0.126564 0.334151 0.0730755 0.939682
-0.0918072 -0.0391041 0.0449291 -0.867244 -0.366586 0.3369
0.0783935 0.156581 0.102338 0.867244 0.366586 -0.3369
0.0945754 0.116286 0.0461801 0.867244 0.366586 -0.3369
-0.26072 0.414567 -0.0556206 -0.334151 -0.0730753 -0.939682
-0.222957 0.243709 -0.011927 0.867244 0.366586 -0.3369
-0.0254505 0.3789 0.022965 0.867244 0.366586 -0.3369
0.0154562 -0.147011 -0.100483 0.334151 0.0730755 0.939682
-0.14397 0.408032 0.125884 -0.334151 -0.0730755 -0.939682
-0.0864573 0.339742 -0.122719 0.867244 0.366586 -0.3369
0.149663 -0.25068 -0.157348 0.867244 0.366586 -0.3369
-0.259988 0.339136 0.0235696 -0.867244 -0.366586 0.3369
0.193917 -0.162639 0.0888078 0.334151 0.0730755 0.939682
0.173208 -0.173121 0.0969868 0.334151 0.0730755 0.939682
0.0758716 0.0192537 0.11664 0.334151 0.0730755 0.939682
-0.0216595 -0.164265 0.062329 0.867244 0.366586 -0.3369
-0.286697 0.427232 -0.035184 -0.369094 0.92751 0.0591209
-0.1274 -0.0565482 -0.0656753 -0.867244 -0.366586 0.3369
0.257363 -0.435851 -0.0127306 0.369094 -0.92751 -0.0591209
-0.251786 0.310176 -0.0138142 0.867244 0.366586 -0.3369
0.128368 -0.0099789 0.0227623 -0.867244 -0.366586 0.3369
0.232878 -0.347819 -0.07582 -0.867244 -0.366586 0.3369
-0.0591424 0.247328 -0.143319 -0.334151 -0.0730755 -0.939682
0.0831838 -0.333196 0.121415 -0.867244 -0.366586 0.3369
0.12595 -0.492593 0.0570406 0.369094 -0.92751 -0.059121
-0.131695 0.485031 0.0257319 -0.369093 0.92751 0.0591202
-0.0733415 -0.162815 -0.0421485 -0.867244 -0.366586 0.3369
-0.0538635 0.436241 0.0122178 0.867244 0.366586 -0.3369
0.222918 -0.184579 0.0511776 0.334151 0.0730755 0.939682
-0.0555778 0.0629529 0.121287 -0.334151 -0.0730755 -0.939682
-0.0882801 0.40547 0.106279 -0.334151 -0.0730755 -0.939682
0.197711 -0.461792 0.0218353 0.369094 -0.92751 -0.0591208
-0.0799973 0.212345 0.118353 -0.334151 -0.0730755 -0.939682
-0.208934 0.359741 -0.0600978 0.334151 0.0730755 0.939682
0.00203937 -0.092304 0.112872 -0.334151 -0.0730755 -0.939682
0.0810474 -0.315594 -0.110697 0.334151 0.0730755 0.939682
-0.188137 0.23049 0.063325 0.867244 0.366586 -0.3369
-0.270328 0.400804 0.0640545 -0.867244 -0.366586 0.3369
-0.145404 0.430002 -0.0881529 0.334151 0.0730755 0.939682
-0.235867 0.343829 0.0637838 0.867244 0.366586 -0.3369
-0.218833 0.433364 0.138518 0.369094 -0.92751 -0.0591206
0.025767 0.106776 0.0889527 -0.334151 -0.0730755 -0.939682
-0.176363 0.140522 -0.00426296 0.867244 0.366586 -0.3369
-0.232896 0.418786 -0.0561686 0.334151 0.0730755 0.939682
-0.0843117 -0.0503561 0.0249964 0.867244 0.366586 -0.3369
-0.261393 0.42473 0.00826883 0.369094 -0.92751 -0.0591209
0.100574 -0.306255 0.133169 0.334151 0.0730755 0.939682
-0.239923 0.435504 0.127053 -0.369136 0.927493 0.05912
0.188098 -0.370724 0.0683612 -0.334151 -0.0730755 -0.939682
0.194009 -0.45792 -0.0620266 0.369079 -0.927515 -0.0591293
0.093748 0.112371 0.0937579 0.867244 0.366586 -0.3369
-0.0816731 0.502019 0.0714979 -0.369093 0.92751 0.0591202
-0.0553772 0.410522 0.00732058 -0.867244 -0.366586 0.3369
0.0976985 -0.118544 -0.147335 0.867244 0.366586 -0.3369
0.214405 -0.28354 0.0522264 -0.334151 -0.0730755 -0.939682
-0.0760509 0.452818 0.109648 -0.369094 0.92751 0.0591208
0.165841 -0.11429 0.0563336 -0.334151 -0.0730755 -0.939682
0.1027 -0.355532 -0.153989 -0.334151 -0.0730755 -0.939682
0.025753 -0.122614 0.145494 0.334151 0.0730755 0.939682
0.0615942 -0.25025 -0.147559 -0.334151 -0.0730755 -0.939682
0.054221 0.12924 -0.0436047 0.867244 0.366586 -0.3369
-0.191143 0.458531 0.0703302 -0.369104 0.927508 0.0590889
0.200446 -0.171815 0.0322077 -0.867244 -0.366586 0.3369
0.0733926 -0.398884 0.0787023 -0.867244 -0.366586 0.3369
0.1059 -0.323984 -0.118882 0.334151 0.0730755 0.939682
-0.224364 0.279213 -0.0483483 0.334151 0.0730755 0.939682
-0.253137 0.433583 0.0746963 -0.369094 0.92751 0.0591209
0.103059 -0.466648 0.0543514 0.867244 0.366586 -0.3369
-0.167927 0.365692 0.176393 0.334151 0.0730755 0.939682
-0.184089 0.451345 0.0733329 0.369091 -0.927511 -0.059129
-0.0413698 -0.0753094 0.135369 -0.867244 -0.366586 0.3369
0.0380305 0.116449 0.122537 0.334151 0.0730755 0.939682
0.050324 0.197667 0.11185 0.334151 0.0730755 0.939682
0.0159957 -0.335577 -0.124708 -0.334151 -0.0730755 -0.939682
-0.285487 0.382575 -0.0217868 0.867244 0.366586 -0.3369
0.254301 -0.426986 -0.0171538 -0.369094 0.92751 0.0591209
0.0884512 -0.233707 0.131838 0.334151 0.0730755 0.939682
-0.039272 0.222285 -0.10974 0.334151 0.0730755 0.939682
0.0146856 0.292555 0.0323293 0.867244 0.366586 -0.3369
0.0510368 -0.369304 0.0263565 0.867244 0.366586 -0.3369
0.0528005 0.242575 0.0784534 0.334151 0.0730755 0.939682
-0.0603745 -0.152533 -0.0730878 0.334151 0.0730755 0.939682
0.0476408 -0.182786 0.103692 -0.334151 -0.0730755 -0.939682
0.144125 -0.0735952 0.0608913 -0.334151 -0.0730755 -0.939682
-0.0558101 0.421991 0.0934484 -0.334151 -0.0730755 -0.939682
0.123346 -0.13085 -0.121688 -0.867244 -0.366586 0.3369
0.299133 -0.420592 0.00864249 0.369094 -0.92751 -0.0591209
-0.0930154 -0.0492119 -0.108213 -0.334151 -0.0730755 -0.939682
-3.81403e-06 0.148386 0.0948809 -0.334151 -0.0730755 -0.939682
-0.141143 0.200173 -0.110493 -0.334151 -0.0730755 -0.939682
0.169285 -0.162396 -0.0377582 -0.867244 -0.366586 0.3369
-0.0364727 0.439645 0.114657 0.867244 0.366586 -0.3369
-0.0236133 -0.182915 0.0370063 0.867244 0.366586 -0.3369
0.121828 -0.213646 0.0797112 -0.334151 -0.0730755 -0.939682
-0.0627995 -0.0207697 0.13955 -0.867244 -0.366586 0.3369
0.241351 -0.278278 -0.00532262 0.867244 0.366586 -0.3369
-0.0413699 0.108529 -0.100148 0.334151 0.0730755 0.939682
0.15422 -0.383051 0.0813666 -0.334151 -0.0730755 -0.939682
-0.133918 0.150341 0.142665 -0.867244 -0.366586 0.3369
-0.206001 0.320282 -0.09677 -0.334151 -0.0730755 -0.939682
-0.169336 0.222837 -0.10223 -0.334151 -0.0730755 -0.939682
-0.041602 0.44725 0.0557608 0.867244 0.366586 -0.3369
-0.0191508 -0.239833 -0.0134402 0.867244 0.366586 -0.3369
0.0603748 -0.505386 -0.086885 -0.867244 -0.366588 0.3369
0.108538 -0.0474938 -0.0691046 -0.867244 -0.366586 0.3369
0.0341307 0.250354 0.0904327 0.867244 0.366586 -0.3369
-0.0797007 -0.0917693 -0.0081965 0.867244 0.366586 -0.3369
-0.0305287 -0.18559 -0.119828 -0.334151 -0.0730755 -0.939682
-0.0905156 0.243954 -0.131901 -0.334151 -0.0730755 -0.939682
-0.112687 0.471044 0.119534 0.334151 0.0730756 0.939682
-0.123656 0.143127 -0.0735772 0.334151 0.0730755 0.939682
0.0993116 -0.280709 0.131631 0.334151 0.0730755 0.939682
-0.0747868 -0.0313413 -0.0773874 0.334151 0.0730755 0.939682
-0.10475 0.499541 -0.0336942 -0.369094 0.92751 0.059121
0.00728281 0.100445 -0.141797 0.867244 0.366586 -0.3369
-0.144622 0.0865656 0.0457161 -0.867244 -0.366586 0.3369
-0.0863475 0.283776 -0.0977819 0.334151 0.0730755 0.939682
0.0357604 0.0658053 0.127283 0.334151 0.0730755 0.939682
0.205652 -0.382475 0.101731 0.334151 0.0730755 0.939682
0.171887 -0.320303 -0.175896 0.867244 0.366586 -0.3369
0.250344 -0.4361 -0.0526541 0.369094 -0.92751 -0.0591209
0.0697177 -0.052312 -0.127142 0.334151 0.0730755 0.939682
-0.173321 0.0624301 -0.0593154 -0.334151 -0.0730756 -0.939682
-0.261748 0.406593 0.0924402 -0.867244 -0.366586 0.3369
-0.0425327 0.000221819 0.160224 0.334151 0.0730755 0.939682
-0.214907 0.371705 -0.0976019 -0.334151 -0.0730755 -0.939682
-0.087866 0.100737 0.15327 -0.867244 -0.366586 0.3369
0.0289245 0.224047 0.0214226 -0.867244 -0.366586 0.3369
-0.142943 0.0844414 0.0207446 0.867244 0.366586 -0.3369
-0.170095 0.452829 0.13743 -0.369093 0.92751 0.059122
0.0732147 0.100956 0.111231 0.334151 0.0730755 0.939682
0.0744168 -0.375635 -0.10367 0.334151 0.0730755 0.939682
0.080614 -0.059715 0.0823964 -0.334151 -0.0730755 -0.939682
0.0724313 0.156858 0.0333238 0.867244 0.366586 -0.3369
0.0369492 0.209207 0.0770106 -0.334151 -0.0730755 -0.939682
-0.268385 0.331037 -0.0754226 -0.334151 -0.0730755 -0.939682
-0.0361206 -0.241728 -0.032201 -0.867244 -0.366586 0.3369
-0.198555 0.206731 0.010652 0.867244 0.366586 -0.3369
-0.0111003 -0.296392 -0.0542591 0.867244 0.366586 -0.3369
-0.102688 0.0306718 0.0928434 -0.867244 -0.366586 0.3369
-0.00688233 -0.34176 -0.0657831 -0.867244 -0.366586 0.3369
-0.135415 0.105089 0.0625905 0.867244 0.366586 -0.3369
0.0157265 -0.278857 -0.129023 -0.334151 -0.0730755 -0.939682
0.147754 -0.366352 -0.169168 -0.334151 -0.0730755 -0.939682
0.119305 -0.21409 0.119341 0.334151 0.0730755 0.939682
0.0574293 -0.208919 -0.110594 0.334151 0.0730755 0.939682
-0.16729 0.287509 -0.107987 -0.334151 -0.0730755 -0.939682
0.0147048 0.0336033 0.0985767 -0.334151 -0.0730755 -0.939682
-0.103379 0.179207 0.129244 -0.334151 -0.0730755 -0.939682
-0.103635 -0.108721 -0.0612685 -0.867244 -0.366586 0.3369
0.050165 0.191857 0.0736602 -0.334151 -0.0730755 -0.939682
-0.0297682 -0.206977 -0.00502054 0.867244 0.366586 -0.3369
-0.091684 -0.107738 -0.0834032 -0.867244 -0.366586 0.3369
0.0132433 0.311223 0.102897 0.867244 0.366586 -0.3369
0.0414273 0.192327 -0.00789215 0.867244 0.366586 -0.3369
0.0104273 0.350459 0.0843733 0.867244 0.366586 -0.3369
-0.119055 0.0508984 0.0457379 0.867244 0.366586 -0.3369
-0.166916 0.463196 -0.00536865 0.369094 -0.92751 -0.059121
0.0543423 -0.460731 -0.121036 0.369094 -0.92751 -0.0591208
0.0396006 -0.277377 0.123582 0.334151 0.0730755 0.939682
-0.0944842 0.373891 -0.101896 0.334151 0.0730755 0.939682
-0.139874 0.398743 -0.0876884 0.334151 0.0730755 0.939682
-0.231327 0.444698 -0.00598465 -0.121303 -0.111144 0.986373
-0.0339077 -0.126028 0.0724062 0.867244 0.366586 -0.3369
-0.0993586 0.0604577 -0.114486 -0.334151 -0.0730755 -0.939682
0.0184328 -0.311195 0.0326419 -0.867244 -0.366586 0.3369
0.143434 -0.0623255 -0.0223982 0.867244 0.366586 -0.3369
-0.0723902 0.288708 -0.141826 -0.334151 -0.0730755 -0.939682
-0.124953 -0.00701993 -0.00548421 -0.867244 -0.366586 0.3369
-0.0127906 -0.318625 -0.0558186 -0.867244 -0.366586 0.3369
0.0797364 0.094599 0.0707081 -0.334151 -0.0730755 -0.939682
0.00819632 0.287604 0.0102374 0.867244 0.366586 -0.3369
0.170157 -0.473481 0.0331833 0.369094 -0.92751 -0.0591208
-0.137622 0.355004 0.166448 0.334151 0.0730755 0.939682
0.0711278 -0.357661 0.117728 -0.867244 -0.366586 0.3369
0.17712 -0.138907 0.0929352 0.334151 0.0730755 0.939682
0.185179 -0.089366 0.0556361 0.867244 0.366586 -0.3369
-0.0786934 0.304223 0.149442 0.334151 0.0730755 0.939682
-0.00998411 0.257128 0.128671 0.334151 0.0730755 0.939682
0.27512 -0.331285 0.0239271 0.867244 0.366586 -0.3369
-0.0917708 0.482076 0.111238 0.334151 0.0730756 0.939682
0.193905 -0.333369 0.102089 0.334151 0.0730755 0.939682
0.0115388 0.175196 0.0886914 -0.334151 -0.0730755 -0.939682
0.208809 -0.450689 0.0768891 0.334151 0.0730754 0.939682
-0.0474018 0.0949516 0.115891 -0.334151 -0.0730755 -0.939682
-0.0184515 0.127171 -0.109747 0.334151 0.0730755 0.939682
0.044289 -0.240334 0.10936 -0.334151 -0.0730755 -0.939682
0.166738 -0.159537 -0.0681879 0.867244 0.366586 -0.3369
0.00128157 0.12139 0.0965232 -0.334151 -0.0730755 -0.939682
-0.00493323 0.106255 -0.112928 0.334151 0.0730755 0.939682
-0.209801 0.241195 -0.0892684 -0.334151 -0.0730755 -0.939682
0.14736 -0.468223 -0.0378572 -0.369094 0.92751 0.059121
0.162649 -0.449046 0.0835015 -0.334151 -0.0730755 -0.939682
-0.0171674 -0.327695 -0.0845051 -0.334151 -0.0730756 -0.939682
-0.222723 0.2229 -0.0339677 0.867244 0.366586 -0.3369
0.00339715 -0.0211608 -0.144679 -0.334151 -0.0730755 -0.939682
0.217678 -0.445554 -0.108272 0.369071 -0.927518 -0.059132
0.149265 -0.39507 -0.128774 0.334151 0.0730755 0.939682
-0.00505925 0.246611 -0.0415056 -0.867244 -0.366586 0.3369
0.177991 -0.118009 0.0329498 -0.867244 -0.366586 0.3369
-0.147195 0.473509 -0.0440499 0.369096 -0.927509 -0.0591198
0.0574158 0.155768 -0.00651543 0.867244 0.366586 -0.3369
-0.201205 0.267332 -0.0943576 -0.334151 -0.0730755 -0.939682
-0.0848096 -0.0211433 0.0824856 -0.867244 -0.366586 0.3369
-0.0234994 0.29202 -0.0665479 0.867244 0.366586 -0.3369
-0.0723847 0.077805 0.164806 0.334151 0.0730755 0.939682
0.158189 -0.19477 -0.128531 0.867244 0.366586 -0.3369
0.00745119 -0.013085 -0.146749 -0.334151 -0.0730755 -0.939682
-0.0942669 0.411989 -0.0911933 -0.867244 -0.366586 0.3369
0.113951 -0.332683 -0.159766 -0.334151 -0.0730755 -0.939682
0.0427366 0.170943 -0.0277907 0.867244 0.366586 -0.3369
0.268942 -0.340719 0.0759774 0.334151 0.0730755 0.939682
0.118387 -0.218691 -0.131511 0.334151 0.0730755 0.939682
-0.0653935 -0.0312585 -0.0807341 0.334151 0.0730755 0.939682
0.0747478 -0.306349 -0.147873 -0.334151 -0.0730755 -0.939682
-0.0416447 0.297139 -0.0807036 -0.867244 -0.366586 0.3369
-0.114977 0.492416 0.0142374 -0.369094 0.92751 0.059121
-0.00266255 0.255795 0.0874735 -0.334151 -0.0730755 -0.939682
-0.183655 0.396133 0.140921 -0.334151 -0.0730755 -0.939682
0.124771 -0.379457 -0.159976 -0.334151 -0.0730755 -0.939682
-0.133453 0.00738193 -0.0386769 0.867244 0.366586 -0.3369
0.0324934 0.124431 -0.0777842 -0.867244 -0.366586 0.3369
-0.0814173 0.370674 0.145243 0.334151 0.0730755 0.939682
0.00150437 0.126939 -0.127843 0.867244 0.366586 -0.3369
0.110147 -0.381325 0.135602 0.334151 0.0730755 0.939682
-0.153993 0.188588 0.132608 -0.867244 -0.366586 0.3369
-0.0334949 -0.255372 -0.0942571 -0.867244 -0.366586 0.3369
-0.0880927 0.23395 0.158249 0.334151 0.0730755 0.939682
0.149102 -0.333199 0.07931 -0.334151 -0.0730755 -0.939682
0.114167 -0.0635647 0.0707642 -0.334151 -0.0730755 -0.939682
-0.103763 0.262908 -0.0899663 0.334151 0.0730755 0.939682
-0.017695 -0.0388541 -0.135803 -0.334151 -0.0730755 -0.939682
-0.110486 0.22722 0.128038 -0.334151 -0.0730755 -0.939682
-0.13029 -0.0200163 -0.0682055 -0.334151 -0.0730754 -0.939682
0.0190689 0.0784171 -0.119298 0.334151 0.0730755 0.939682
-0.13817 0.0684013 -0.0626049 0.334151 0.0730755 0.939682
0.204662 -0.242211 0.0911747 0.334151 0.0730755 0.939682
0.245785 -0.335746 0.0451276 -0.334151 -0.0730755 -0.939682
-0.00472938 0.0660706 0.102963 -0.334151 -0.0730755 -0.939682
-0.250213 0.360187 0.0716389 -0.867244 -0.366586 0.3369
-0.0825925 0.0107831 -0.116585 -0.334151 -0.0730755 -0.939682
-0.166269 0.107579 -0.0556597 0.334151 0.0730755 0.939682
-0.182371 0.459795 -0.0484947 0.369094 -0.92751 -0.0591209
-0.106079 -0.0491447 -0.00273562 -0.867244 -0.366586 0.3369
0.0283886 0.254783 0.0534872 -0.867244 -0.366586 0.3369
0.176614 -0.237296 -0.127377 0.867244 0.366586 -0.3369
0.0675418 -0.439604 -0.134948 -0.334151 -0.0730755 -0.939682
-0.244214 0.317189 -0.0442428 0.334151 0.0730755 0.939682
-0.140535 0.126115 0.0722874 0.867244 0.366586 -0.3369
0.0613423 -0.0852442 -0.160301 -0.334151 -0.0730755 -0.939682
0.0517509 -0.457819 -0.0681194 0.867244 0.366586 -0.3369
-0.0986653 0.365836 -0.125751 0.867244 0.366586 -0.3369
0.017289 0.226255 -0.0331115 0.867244 0.366586 -0.3369
-0.223401 0.332669 0.0837309 0.867244 0.366586 -0.3369
0.0630193 0.0521818 -0.104804 0.867244 0.366586 -0.3369
-0.191221 0.420137 0.151419 0.334151 0.0730756 0.939682
0.126482 -0.257373 -0.170079 -0.334151 -0.0730755 -0.939682
-0.113169 0.40948 0.114818 -0.334151 -0.0730755 -0.939682
-0.200543 0.310829 0.118805 0.867244 0.366586 -0.3369
-0.260548 0.36843 0.0540024 -0.867244 -0.366586 0.3369
-0.0866991 -0.149549 -0.062098 -0.867244 -0.366586 0.3369
0.0188214 -0.234513 -0.0948746 0.334151 0.0730755 0.939682
0.00415426 0.1559 -0.129694 -0.334151 -0.0730753 -0.939683
-0.0512602 0.247431 -0.107433 0.334151 0.0730755 0.939682
0.157998 -0.311498 0.113157 0.334151 0.0730755 0.939682
-0.0546841 0.296314 0.141519 0.334151 0.0730755 0.939682
0.103075 -0.439846 -0.144438 0.369094 -0.92751 -0.0591208
-0.0674842 0.299734 -0.105731 0.334151 0.0730755 0.939682
-0.100593 0.0546308 0.097323 0.867244 0.366586 -0.3369
-0.184241 0.163243 -0.0922953 -0.334151 -0.0730755 -0.939682
-0.0162432 -0.128552 -0.0906458 0.334151 0.0730755 0.939682
-0.0597513 -0.151813 -0.0221768 0.867244 0.366586 -0.3369
-0.104364 0.273019 -0.129236 -0.334151 -0.0730755 -0.939682
0.092605 -0.194632 -0.124214 0.334151 0.0730755 0.939682
0.0432711 -0.32117 -0.135528 -0.334151 -0.0730755 -0.939682
-0.011919 0.158506 0.137029 0.334151 0.0730755 0.939682
0.137767 -0.00785838 0.0762473 0.867244 0.366586 -0.3369
0.090387 0.0720363 0.0686753 -0.334151 -0.0730755 -0.939682
0.124518 0.0643049 0.0666967 0.867244 0.366586 -0.3369
0.0342699 -0.330883 0.0250026 0.867244 0.366586 -0.3369
-0.189312 0.249252 0.0807136 0.867244 0.366586 -0.3369
-0.180702 0.424286 -0.0960702 -0.369094 0.92751 0.0591209
-0.215829 0.330957 0.128342 -0.867244 -0.366586 0.3369
0.0437349 0.12886 0.0808459 -0.334151 -0.0730755 -0.939682
0.283632 -0.4184 0.0312557 -0.369094 0.92751 0.059121
-0.128753 0.303145 -0.0842088 0.334151 0.0730755 0.939682
-0.174031 0.313807 0.163311 -0.867244 -0.366586 0.3369
-0.076413 0.307323 -0.132139 0.867244 0.366586 -0.3369
0.277831 -0.41771 -0.0157827 -0.369094 0.92751 0.0591209
0.230501 -0.425335 0.0672039 0.334151 0.0730754 0.939682
-0.0672308 0.0571727 0.158986 -0.867244 -0.366586 0.3369
-0.223638 0.253457 -0.0466036 0.334151 0.0730755 0.939682
0.239144 -0.271058 0.0238344 -0.867244 -0.366586 0.3369
0.0412148 0.0411409 -0.133949 -0.334151 -0.0730755 -0.939682
-0.102259 0.029613 0.0658121 0.867244 0.366586 -0.3369
-0.00733784 -0.253825 -0.0840706 0.334151 0.0730755 0.939682
-0.0439073 0.463907 0.121918 0.867244 0.366586 -0.3369
-0.122591 0.477244 0.057465 -0.886378 -0.33217 -0.322486
0.17956 -0.455514 -0.0362153 -0.369085 0.927515 0.059095
-0.18628 0.187489 -0.0934559 -0.334151 -0.0730755 -0.939682
-0.224555 0.446769 0.0462739 -0.369097 0.927508 0.0591218
-0.170936 0.183886 0.0838745 -0.867244 -0.366586 0.3369
0.194458 -0.232167 0.0553243 -0.334151 -0.0730755 -0.939682
-0.297451 0.396335 -0.01063 -0.867244 -0.366586 0.3369
0.112358 0.0189972 0.0130772 -0.867244 -0.366586 0.3369
0.0805009 -0.323003 0.102911 -0.334151 -0.0730755 -0.939682
-0.0526488 -0.11881 0.0590012 -0.867244 -0.366586 0.3369
0.269753 -0.370808 -0.00591214 -0.867244 -0.366586 0.3369
-0.0850619 0.239179 -0.133469 -0.334151 -0.0730755 -0.939682
0.0400502 0.208622 0.0332772 -0.867244 -0.366586 0.3369
-0.221638 0.365562 0.151044 -0.867244 -0.366586 0.3369
-0.0505875 0.425934 0.129982 0.334151 0.0730755 0.939682
0.172936 -0.138792 0.0557161 -0.334151 -0.0730755 -0.939682
-0.237199 0.443379 0.0205131 -0.369109 0.927504 0.0591201
0.143943 -0.260072 0.0754575 -0.334151 -0.0730755 -0.939682
-0.0917386 -0.0178444 0.0412547 0.867244 0.366586 -0.3369
-0.0627142 -0.182458 -0.0361657 -0.867244 -0.366586 0.3369
0.0968389 -0.0407822 -0.118902 0.867244 0.366586 -0.3369
0.0962366 -0.0414885 -0.121221 0.867244 0.366586 -0.3369
0.0120336 -0.164205 0.114909 -0.334151 -0.0730755 -0.939682
0.074429 -0.450351 0.0253684 -0.867244 -0.366586 0.3369
-0.00453719 -0.184541 -0.0904545 0.334151 0.0730755 0.939682
0.0445805 0.241825 0.108052 0.867244 0.366586 -0.3369
0.0504239 -0.371622 0.0492411 -0.867244 -0.366586 0.3369
0.153852 -0.469868 -0.12528 0.369094 -0.92751 -0.059121
-0.0455169 -0.257661 -0.0737263 -0.867244 -0.366586 0.3369
0.229797 -0.374851 0.0925516 0.334151 0.0730755 0.939682
0.254823 -0.40893 -0.112807 0.867244 0.366586 -0.3369
0.110436 0.0419564 0.00612798 0.867244 0.366586 -0.3369
0.139012 -0.332445 -0.168696 -0.334151 -0.0730755 -0.939682
0.0775277 -0.0235664 0.119381 0.334151 0.0730755 0.939682
-0.0814807 0.0248822 0.141136 -0.867244 -0.366586 0.3369
0.214709 -0.317661 0.0934697 0.334151 0.0730755 0.939682
-0.0995795 0.434893 -0.10693 0.867244 0.366586 -0.3369
-0.0912255 0.501614 0.0182223 -0.369094 0.92751 0.059121
0.10647 -0.151831 0.0803656 -0.334151 -0.0730755 -0.939682
-0.224344 0.245744 -0.0132825 0.867244 0.366586 -0.3369
0.307088 -0.409159 0.0327191 0.369095 -0.927509 -0.0591212
-0.143034 0.328429 0.170439 0.334151 0.0730755 0.939682
0.0623951 0.0370288 -0.1229 0.867244 0.366586 -0.3369
0.0302122 0.0577085 -0.12165 0.334151 0.0730755 0.939682
0.0296577 -0.192284 -0.102012 0.334151 0.0730755 0.939682
0.238133 -0.40314 -0.14947 0.867244 0.366586 -0.3369
-0.0287425 0.249428 -0.12527 -0.334151 -0.0730753 -0.939683
-0.186954 0.20202 0.0623755 -0.867244 -0.366586 0.3369
-0.140174 0.271394 0.135159 -0.334151 -0.0730755 -0.939682
-0.0871082 -0.10831 -0.0452628 0.867244 0.366586 -0.3369
-0.166862 0.0717175 -0.0913579 -0.334151 -0.0730755 -0.939682
-0.161452 0.187709 -0.063604 0.334151 0.0730755 0.939682
-0.0254419 0.244689 -0.12305 0.867244 0.366586 -0.3369
-0.118845 0.169127 0.14794 -0.867244 -0.366586 0.3369
0.165601 -0.251371 0.0670793 -0.334151 -0.0730755 -0.939682
-0.0666772 0.459016 0.00401475 0.867244 0.366586 -0.3369
0.241709 -0.354155 0.0867062 0.334151 0.0730755 0.939682
-0.214014 0.361423 -0.0584221 0.334151 0.0730755 0.939682
0.10197 -0.433083 0.113512 0.334151 0.0730755 0.939682
-0.0770682 0.134949 -0.128206 -0.334151 -0.0730755 -0.939682
0.181516 -0.200175 0.0574387 -0.334151 -0.0730755 -0.939682
0.298599 -0.382399 0.0396492 0.334151 0.0730756 0.939682
0.158447 -0.172897 -0.104066 0.867244 0.366586 -0.3369
0.0717553 -0.209797 0.0972178 -0.334151 -0.0730755 -0.939682
0.143208 -0.473441 0.0180839 -0.369094 0.92751 0.0591208
0.170727 -0.400074 0.0768207 -0.334151 -0.0730755 -0.939682
0.00620518 -0.279861 -0.0868618 0.334151 0.0730755 0.939682
-0.098761 0.146485 -0.0826911 0.334151 0.0730755 0.939682
0.0118621 0.0392747 -0.152389 -0.334151 -0.0730755 -0.939682
0.29175 -0.412417 0.00543783 -0.867244 -0.366586 0.3369
-0.163772 0.447677 -0.0829956 0.334151 0.0730755 0.939682
0.0402688 0.169452 0.0789217 -0.334151 -0.0730755 -0.939682
-0.151481 0.254382 0.156697 -0.867244 -0.366586 0.3369
-0.0204498 -0.281252 -0.0869495 -0.334151 -0.0730754 -0.939682
0.251231 -0.371203 -0.054019 -0.867244 -0.366586 0.3369
0.158952 -0.0924444 0.0570847 -0.334151 -0.0730755 -0.939682
-0.192809 0.396768 -0.0687112 0.334151 0.0730755 0.939682
0.131462 -0.26477 0.118959 0.334151 0.0730755 0.939682
-0.132749 0.417735 0.159837 0.334151 0.0730755 0.939682
0.162194 -0.114956 0.09638 0.334151 0.0730755 0.939682
0.00876673 0.218573 0.125002 0.334151 0.0730755 0.939682
0.0785727 0.0371003 -0.0811776 0.867244 0.366586 -0.3369
0.215483 -0.354728 0.0573789 -0.334151 -0.0730755 -0.939682
-0.0589973 0.16626 -0.137067 -0.334151 -0.0730755 -0.939682
-0.137201 0.213668 -0.0742466 0.334151 0.0730755 0.939682
-0.0566156 -0.148568 -0.113431 -0.334151 -0.0730755 -0.939682
0.0657888 -0.284727 -0.146369 -0.334151 -0.0730755 -0.939682
0.00431167 0.166985 -0.104025 -0.867244 -0.366586 0.3369
-0.0302144 -0.108439 -0.0872418 0.334151 0.0730755 0.939682
0.051708 0.102588 0.0800537 -0.334151 -0.0730755 -0.939682
0.0675636 -0.206704 -0.153068 -0.334151 -0.0730755 -0.939682
0.206771 -0.454395 -0.0376539 0.369094 -0.92751 -0.0591211
0.103686 -0.424875 -0.110249 0.334151 0.0730755 0.939682
-0.0991618 0.0726821 0.120649 0.867244 0.366586 -0.3369
0.170361 -0.254715 0.0656466 -0.334151 -0.0730755 -0.939682
0.0810667 0.0344977 -0.0506054 -0.867244 -0.366586 0.3369
0.231338 -0.429004 -0.128858 -0.369094 0.92751 0.0591209
0.0653706 -0.157127 -0.117446 0.334151 0.0730755 0.939682
-0.146407 0.0226186 -0.0657899 -0.334151 -0.0730754 -0.939682
-0.0908157 0.11101 0.13008 -0.334151 -0.0730755 -0.939682
-0.107642 -0.058364 -0.0437741 0.867244 0.366586 -0.3369
-0.0371681 0.423582 0.068405 -0.867244 -0.366586 0.3369
0.235985 -0.251713 0.0637372 0.867244 0.366586 -0.3369
-0.151562 0.271736 0.17537 -0.867244 -0.366586 0.3369
0.157341 -0.0720687 0.00279842 0.867244 0.366586 -0.3369
-0.168869 0.474185 -0.0361963 -0.369094 0.92751 0.0591209
-0.262766 0.361575 -0.0797953 -0.334151 -0.0730755 -0.939682
0.149929 -0.268257 -0.175788 0.867244 0.366586 -0.3369
0.169756 -0.133398 -0.0319773 0.867244 0.366586 -0.3369
-0.0971955 -0.0521361 -0.0678018 0.334151 0.0730755 0.939682
0.0671524 0.0933913 -0.0493244 0.867244 0.366586 -0.3369
-0.00666365 -0.341953 -0.0654301 -0.867244 -0.366586 0.3369
0.00295123 0.203597 -0.06769 -0.867244 -0.366586 0.3369
-0.0392656 0.15294 -0.143047 -0.334151 -0.0730755 -0.939682
0.171888 -0.331917 0.109805 0.334151 0.0730755 0.939682
0.075643 -0.122231 0.127724 0.334151 0.0730755 0.939682
-0.103125 0.402531 0.150485 0.334151 0.0730755 0.939682
0.00325263 -0.317397 -0.0401683 0.867244 0.366586 -0.3369
0.0109435 0.262097 0.0165382 -0.867244 -0.366586 0.3369
0.0652351 -0.458489 -0.00715335 -0.867244 -0.366586 0.3369
0.0227413 -0.246303 0.0873585 0.867244 0.366586 -0.3369
-0.12002 0.490403 -0.0829563 0.867244 0.366586 -0.3369
-0.123342 0.259845 0.16877 0.334151 0.0730755 0.939682
-0.0744518 -0.0984525 -0.110985 -0.334151 -0.0730755 -0.939682
0.0948792 -0.0827506 0.0791151 -0.334151 -0.0730755 -0.939682
-0.0355667 -0.21357 -0.0271201 0.867244 0.366586 -0.3369
-0.0791661 0.00533729 0.098843 0.867244 0.366586 -0.3369
-0.181883 0.34084 0.172512 -0.867244 -0.366586 0.3369
0.148293 -0.298292 -0.135955 0.334151 0.0730755 0.939682
-0.0405857 -0.0517643 -0.126659 -0.334151 -0.0730755 -0.939682
-0.132368 0.490081 -0.0577057 -0.369094 0.92751 0.059121
-0.0509226 -0.19161 -0.0157699 -0.867244 -0.366586 0.3369
0.0982749 -0.378299 -0.111947 0.334151 0.0730755 0.939682
-0.126073 -0.0143023 -0.0432741 0.867244 0.366586 -0.3369
-0.0267612 0.265002 -0.104344 0.867244 0.366586 -0.3369
0.148097 -0.235985 0.110805 0.334151 0.0730755 0.939682
0.00573707 0.160229 -0.130594 -0.334151 -0.0730753 -0.939683
0.0143069 0.0508935 0.136071 0.334151 0.0730755 0.939682
-0.117258 0.111654 -0.0734049 0.334151 0.0730755 0.939682
0.0346765 -0.460339 -0.0878306 -0.867244 -0.366586 0.3369
-0.0899806 0.463099 -0.0515302 0.867244 0.366586 -0.3369
-0.104255 -0.0295742 0.0232548 -0.867244 -0.366586 0.3369
-0.0331832 0.038621 -0.13632 -0.334151 -0.0730755 -0.939682
-0.185629 0.277619 0.148045 -0.867244 -0.366586 0.3369
-0.118494 0.438867 -0.0984113 0.334151 0.0730755 0.939682
0.0371824 0.160245 -0.0537281 0.867244 0.366586 -0.3369
0.174752 -0.258847 -0.155618 0.867244 0.366586 -0.3369
0.042215 -0.0990344 -0.152427 -0.334151 -0.0730755 -0.939682
-0.114747 0.223172 -0.121668 -0.334151 -0.0730755 -0.939682
0.212359 -0.446174 -0.131754 0.369094 -0.92751 -0.059121
-0.0213573 -0.0662139 -0.132373 -0.334151 -0.0730755 -0.939682
-0.107633 0.481368 0.079643 0.369094 -0.92751 -0.0591208
-0.18278 0.135829 -0.090683 -0.334151 -0.0730755 -0.939682
-0.170996 0.243577 0.121689 0.867244 0.366586 -0.3369
0.152974 -0.22243 0.0693188 -0.334151 -0.0730755 -0.939682
-0.190275 0.445692 0.123409 0.369094 -0.92751 -0.0591208
-0.0466705 0.226281 0.144116 0.334151 0.0730755 0.939682
0.0626003 -0.349312 -0.101515 0.334151 0.0730755 0.939682
0.121472 -0.107324 0.110268 0.334151 0.0730755 0.939682
-0.0163304 0.267281 -0.0750128 0.867244 0.366586 -0.3369
-0.00312996 -0.294389 -0.0315622 0.867244 0.366586 -0.3369
-0.0234572 0.407786 0.113495 0.867244 0.366586 -0.3369
0.0932623 -0.500197 0.00342027 -0.867244 -0.366588 0.3369
0.0747296 -0.385487 0.0967216 -0.867244 -0.366586 0.3369
0.0719755 -0.504369 -0.0559154 -0.867244 -0.366588 0.3369
0.233981 -0.366606 -0.0934222 -0.867244 -0.366586 0.3369
0.176574 -0.102254 0.0734297 0.867244 0.366586 -0.3369
0.0185382 0.235742 0.081494 -0.334151 -0.0730755 -0.939682
-0.197793 0.22707 0.0617298 -0.867244 -0.366586 0.3369
-0.138473 0.360055 0.166358 0.334151 0.0730755 0.939682
-0.216875 0.207142 -0.0841047 -0.334151 -0.0730755 -0.939682
0.016467 0.264949 0.118657 0.334151 0.0730755 0.939682
0.222326 -0.255414 0.0859202 0.334151 0.0730755 0.939682
0.0685993 -0.424953 0.037997 -0.867244 -0.366586 0.3369
-0.108072 -0.0834637 -0.0991752 -0.867245 -0.366586 0.3369
-0.0999629 -0.0801968 -0.103333 -0.334151 -0.0730755 -0.939682
0.0699357 -0.147896 0.131749 0.334151 0.0730755 0.939682
0.0419162 -0.130794 -0.149851 -0.334151 -0.0730755 -0.939682
-0.215061 0.227415 0.0176553 -0.867244 -0.366586 0.3369
-0.237044 0.414497 0.137648 0.867244 0.366586 -0.3369
0.044511 -0.486554 -0.0910392 -0.867244 -0.366586 0.3369
0.0560698 -0.393088 0.040417 -0.867244 -0.366586 0.3369
0.00445113 -0.188751 0.102899 0.867244 0.366586 -0.3369
0.18399 -0.211959 -0.0808186 0.867244 0.366586 -0.3369
0.133645 -0.340759 -0.127444 0.334151 0.0730755 0.939682
0.108528 -0.117399 0.0769559 -0.334151 -0.0730755 -0.939682
-0.06941 -0.167199 -0.0907658 -0.867244 -0.366586 0.3369
0.112122 -0.255178 -0.165143 -0.334151 -0.0730755 -0.939682
-0.165351 0.349909 -0.0748311 0.334151 0.0730755 0.939682
0.0336781 -0.290008 0.0949393 -0.867244 -0.366586 0.3369
0.200346 -0.252236 -0.0555565 -0.867244 -0.366586 0.3369
0.105289 -0.397357 -0.151657 -0.334151 -0.0730755 -0.939682
0.0364855 0.134946 -0.0560667 -0.867244 -0.366586 0.3369
-0.161847 0.381571 -0.0785393 0.334151 0.0730755 0.939682
0.251442 -0.349891 -0.0572696 0.867244 0.366586 -0.3369
0.0189201 0.240198 0.119709 0.334151 0.0730755 0.939682
0.0618154 -0.230183 0.141036 0.334151 0.0730755 0.939682
0.0767444 -0.140821 0.0900797 -0.334151 -0.0730755 -0.939682
-0.269603 0.386437 -0.0792977 -0.334151 -0.0730755 -0.939682
0.274254 -0.315151 0.0392546 0.867244 0.366586 -0.3369
-0.195695 0.458648 0.0400771 -0.369094 0.92751 0.0591209
0.162557 -0.376656 0.116603 0.334151 0.0730755 0.939682
-0.00178054 -0.102189 0.153697 0.334151 0.0730755 0.939682
0.111585 -0.0570723 -0.0986681 0.867244 0.366586 -0.3369
-0.241036 0.277767 -0.0810053 -0.334151 -0.0730755 -0.939682
0.0255029 0.202644 0.120289 0.334151 0.0730755 0.939682
-0.0189563 0.421981 0.0900184 0.334151 0.0730755 0.939682
-0.2228 0.223518 -0.060475 -0.867245 -0.366586 0.3369
-0.168297 0.470694 0.0221431 -0.369094 0.92751 0.0591209
-0.0448534 -0.0944273 0.078615 0.867244 0.366586 -0.3369
-0.254345 0.381624 0.0843271 -0.867244 -0.366586 0.3369
-0.105772 0.245782 0.163616 0.334151 0.0730755 0.939682
-0.0175109 0.403575 0.0702515 0.867244 0.366586 -0.3369
-0.0471331 -0.0142366 -0.0885513 0.334151 0.0730755 0.939682
0.0778795 0.119737 0.0694135 -0.334151 -0.0730755 -0.939682
-0.0666992 0.144059 -0.0939036 0.334151 0.0730755 0.939682
-0.245988 0.283826 -0.0275596 0.867244 0.366586 -0.3369
-0.037297 0.424617 0.0691989 -0.867244 -0.366586 0.3369
0.16574 -0.465394 0.032512 -0.369094 0.927509 0.0591275
-0.11159 0.00522919 -0.105842 -0.334151 -0.0730755 -0.939682
-0.196243 0.167262 -0.0263427 0.867244 0.366586 -0.3369
0.284766 -0.390691 -0.0158831 0.867244 0.366586 -0.3369
-0.0195357 0.115001 0.14312 0.334151 0.0730755 0.939682
-0.270108 0.366533 0.0273281 -0.867244 -0.366586 0.3369
-0.0873936 0.325668 0.11217 -0.334151 -0.0730755 -0.939682
-0.13096 0.12686 0.0977466 0.867244 0.366586 -0.3369
-0.0795443 0.212244 0.1182 -0.334151 -0.0730755 -0.939682
0.0744035 0.0610875 0.113908 0.334151 0.0730755 0.939682
-0.0625023 0.275489 0.107221 -0.334151 -0.0730755 -0.939682
0.163532 -0.108505 0.0060715 -0.867244 -0.366586 0.3369
0.0721653 -0.365141 0.0852758 0.867244 0.366586 -0.3369
0.179097 -0.246358 -0.103861 -0.867244 -0.366586 0.3369
-0.241094 0.398447 -0.0677272 -0.369094 0.92751 0.0591205
-0.0398572 0.361443 -0.0331162 0.867244 0.366586 -0.3369
-0.0255805 -0.299399 -0.0678221 -0.867244 -0.366586 0.3369
0.154159 -0.0363028 0.087492 0.867244 0.366586 -0.3369
0.149845 -0.483962 0.0708106 0.369094 -0.92751 -0.0591208
-0.100246 0.140583 0.131134 -0.334151 -0.0730755 -0.939682
0.00857853 -0.118934 -0.10022 0.334151 0.0730755 0.939682
0.216641 -0.453154 0.0044941 0.369087 -0.927512 -0.0591339
-0.078828 0.409467 0.141305 0.334151 0.0730755 0.939682
-0.0214738 0.366459 0.046648 -0.867244 -0.366586 0.3369
-0.0220729 -0.216755 -0.120411 -0.334151 -0.0730755 -0.939682
-0.0279813 0.327135 -0.0128921 -0.867244 -0.366586 0.3369
-0.0654226 -0.190075 -0.105394 -0.867245 -0.366586 0.3369
-0.147643 0.274523 -0.113964 -0.334151 -0.0730755 -0.939682
0.144477 -0.0407141 0.00380242 0.867244 0.366586 -0.3369
-0.21425 0.453319 0.00784797 -0.369094 0.92751 0.0591209
-0.0118544 -0.151297 0.128664 -0.867244 -0.366586 0.3369
0.15695 -0.149666 0.100944 0.334151 0.0730755 0.939682
-0.0846047 0.442822 -0.0327705 -0.867244 -0.366586 0.3369
0.249898 -0.273703 0.0756246 0.867244 0.366586 -0.3369
0.0589633 0.108354 -0.0271393 -0.867244 -0.366586 0.3369
0.0247709 -0.385569 -0.0589552 0.867244 0.366586 -0.3369
0.114817 -0.00520317 -0.00692618 -0.867244 -0.366586 0.3369
-0.0625725 -0.180853 -0.0610388 0.867244 0.366586 -0.3369
0.0871749 -0.400051 0.11291 -0.867244 -0.366586 0.3369
-0.0621618 0.335917 -0.118308 0.867244 0.366586 -0.3369
0.167184 -0.347699 -0.177528 -0.334151 -0.0730755 -0.939682
-0.111731 -0.0833354 -0.0698811 -0.334151 -0.0730756 -0.939682
-0.176421 0.268098 -0.10323 -0.334151 -0.0730755 -0.939682
-0.225682 0.301395 -0.0496048 0.334151 0.0730755 0.939682
0.145045 -0.210035 0.109872 0.334151 0.0730755 0.939682
0.0240781 -0.291028 0.0421333 0.867244 0.366586 -0.3369
0.213316 -0.415122 -0.149992 0.334151 0.0730755 0.939682
0.0932105 -0.0071496 -0.064662 -0.867244 -0.366586 0.3369
0.0142782 0.257374 -0.00700004 0.867244 0.366586 -0.3369
0.089215 -0.489282 -0.0704786 -0.369066 0.927524 0.059069
-0.245615 0.258182 -0.0275191 -0.867244 -0.366586 0.3369
0.0682968 -0.376745 0.0626907 0.867244 0.366586 -0.3369
0.113282 0.0343784 0.0634622 -0.334151 -0.0730755 -0.939682
-0.29179 0.361795 -0.0404683 -0.334151 -0.0730756 -0.939682
-0.0157353 0.287475 -0.0245241 -0.867244 -0.366586 0.3369
0.0642012 -0.0550656 -0.163664 -0.334151 -0.0730755 -0.939682
-0.0670481 0.475321 0.0477857 -0.867244 -0.366586 0.3369
0.0771488 0.00900734 -0.0884273 -0.867244 -0.366586 0.3369
0.0573839 0.130457 0.114566 0.334151 0.0730755 0.939682
-0.107357 0.00598232 0.0269762 0.867244 0.366586 -0.3369
0.18877 -0.453735 -0.00662539 -0.369094 0.92751 0.059121
0.00465778 -0.138598 0.115541 -0.334151 -0.0730755 -0.939682
0.230205 -0.344585 -0.106165 0.867244 0.366586 -0.3369
-0.0137121 -0.281081 -0.0173377 -0.867244 -0.366586 0.3369
-0.00938758 -0.234496 0.0174996 0.867244 0.366586 -0.3369
-0.191985 0.136104 -0.0223018 -0.867244 -0.366586 0.3369
-0.167809 0.223401 0.134922 -0.867244 -0.366586 0.3369
0.220349 -0.270052 -0.050435 0.867244 0.366586 -0.3369
-0.0525979 0.178106 0.111272 -0.334151 -0.0730755 -0.939682
-0.0310386 0.38915 0.0467173 -0.867244 -0.366586 0.3369
0.0286808 -0.260305 -0.0963749 0.334151 0.0730755 0.939682
-0.112012 0.0988273 0.116019 0.867244 0.366586 -0.3369
0.126091 -0.122565 -0.13259 0.867244 0.366586 -0.3369
0.00392252 0.32023 0.0347367 0.867244 0.366586 -0.3369
0.22188 -0.294439 -0.0460454 -0.867244 -0.366586 0.3369
0.010926 0.0111325 -0.149868 -0.334151 -0.0730755 -0.939682
-0.149345 0.141072 0.0928673 -0.867244 -0.366586 0.3369
-0.152154 0.353397 0.133043 -0.334151 -0.0730755 -0.939682
-0.119266 0.0200297 0.0385898 -0.867244 -0.366586 0.3369
-0.0691717 0.424609 -0.012861 -0.867244 -0.366586 0.3369
0.0798512 0.125667 0.106949 0.334151 0.0730755 0.939682
-0.240024 0.26637 -0.0581863 -0.867245 -0.366586 0.3369
0.146043 -0.0085603 0.0428202 0.867244 0.366586 -0.3369
-0.115447 -0.010335 0.0153803 -0.867244 -0.366586 0.3369
-0.0167902 0.00502932 0.111998 -0.334151 -0.0730755 -0.939682
-0.122432 0.0428616 -0.0662153 0.334151 0.0730755 0.939682
0.00154212 -0.238027 0.0417925 0.867244 0.366586 -0.3369
-0.0780816 0.28989 0.150339 0.334151 0.0730755 0.939682
-0.0348801 0.272487 0.13633 0.334151 0.0730755 0.939682
-0.133113 0.060652 0.0201632 0.867244 0.366586 -0.3369
0.198813 -0.22334 -0.0280601 -0.867244 -0.366586 0.3369
0.237355 -0.36571 0.0504555 -0.334151 -0.0730755 -0.939682
0.086925 -0.264695 -0.155443 -0.334151 -0.0730755 -0.939682
0.102721 0.0700021 0.0437691 -0.867244 -0.366586 0.3369
0.184085 -0.268393 -0.114996 -0.867244 -0.366586 0.3369
0.245397 -0.365879 -0.0902292 0.867244 0.366586 -0.3369
-0.0089668 0.229368 0.0917704 -0.334151 -0.0730755 -0.939682
-0.0988889 -0.0853283 -0.0505817 0.867244 0.366586 -0.3369
0.199695 -0.13528 0.0430455 0.867244 0.366586 -0.3369
0.152055 -0.311335 0.0765596 -0.334151 -0.0730755 -0.939682
-0.0213165 -0.297464 -0.108708 -0.867245 -0.366586 0.3369
0.0217424 -0.226464 0.106374 0.867244 0.366586 -0.3369
0.0594759 -0.173768 0.13748 0.334151 0.0730755 0.939682
0.0462629 0.0710955 0.084439 -0.334151 -0.0730755 -0.939682
0.132101 -0.110374 -0.103854 0.867244 0.366586 -0.3369
-0.0875946 0.0363272 0.110867 0.867244 0.366586 -0.3369
0.279297 -0.400367 -0.0404893 0.867244 0.366586 -0.3369
0.104501 -0.490736 0.0588362 -0.867244 -0.366586 0.3369
0.092101 -0.207608 -0.161723 -0.334151 -0.0730755 -0.939682
0.0300098 -0.15153 -0.144004 -0.334151 -0.0730755 -0.939682
0.125961 -0.481395 0.0351991 -0.369094 0.92751 0.0591208
-0.126372 0.0116514 -0.0623871 0.334151 0.0730755 0.939682
0.0685342 -0.00368443 0.121032 0.334151 0.0730755 0.939682
0.195928 -0.321155 -0.16079 -0.334151 -0.0730753 -0.939683
0.0191323 0.201847 -0.0279408 -0.867244 -0.366586 0.3369
-0.0189461 -0.173314 0.0864518 -0.867244 -0.366586 0.3369
-0.0238358 0.1918 -0.112858 0.334151 0.0730755 0.939682
0.160432 -0.354429 0.11563 0.334151 0.0730755 0.939682
0.030172 -0.416222 -0.123478 -0.334151 -0.0730755 -0.939682
-0.0595078 0.180626 0.113533 -0.334151 -0.0730755 -0.939682
-0.00546149 -0.26317 -0.00359477 0.867244 0.366586 -0.3369
-0.0883395 0.353395 0.11035 -0.334151 -0.0730755 -0.939682
