ply
format ascii 1.0
comment Created by Open3D
element vertex 512
property double x
property double y
property double z
property double nx
property double ny
property double nz
end_header
-0.122677 0.250105 0.387792 -0.117842 -0.329957 0.936612
-0.212 -0.442124 0.110191 -0.159008 -0.924744 -0.345783
0.0767049 -0.243253 -0.284222 0.96141 -0.0653867 -0.267237
-0.392392 -0.193094 -0.196535 -0.96141 0.0653866 0.267237
0.096038 -0.468577 -0.159538 0.96141 -0.0653867 -0.267237
-0.317555 0.109669 -0.00138183 -0.96141 0.0653866 0.267237
-0.233215 -0.0757739 -0.242451 -0.224516 0.374931 -0.899455
0.196482 -0.170745 0.0709954 -0.224516 0.374931 -0.899455
-0.244995 -0.012028 0.289434 -0.96141 0.0653866 0.267237
-0.115381 -0.211751 0.0963407 0.224516 -0.374931 0.899455
0.105489 -0.209764 -0.188864 0.96141 -0.0653867 -0.267237
0.297183 0.358035 0.173999 0.38226 0.468876 -0.796261
0.26642 -0.422834 0.00156736 0.224516 -0.374931 0.899455
-0.0650313 -0.195933 0.0903664 0.224516 -0.374931 0.899455
-0.38449 -0.167964 -0.174256 -0.96141 0.0653866 0.267237
-0.217119 -0.380994 0.0511882 0.224516 -0.374931 0.899455
-0.0965045 0.169562 -0.105157 0.159008 0.924744 0.345782
-0.396321 -0.169619 -0.240856 -0.224516 0.374931 -0.899455
0.181035 -0.0889676 0.0735327 0.224516 -0.374931 0.899455
-0.12735 -0.0981038 0.146701 0.224516 -0.374931 0.899455
0.159591 0.310009 0.288125 0.982852 -0.181392 0.0331415
0.00576468 -0.166104 -0.339757 -0.224516 0.374931 -0.899455
0.303119 0.112439 0.1862 -0.159007 -0.924743 -0.345783
-0.140093 0.267224 0.227888 -0.272162 0.377725 -0.885015
0.093487 -0.38089 -0.190171 0.96141 -0.0653867 -0.267237
-0.104198 0.066813 0.22737 -0.224516 0.374931 -0.899455
-0.199511 -0.341806 0.151646 0.224516 -0.374931 0.899455
0.0290167 0.134802 0.240162 0.224516 -0.374931 0.899455
-0.157309 -0.273965 0.169391 0.224516 -0.374931 0.899455
0.192492 0.0510204 0.164433 0.224516 -0.374931 0.899455
-0.372501 -0.141458 -0.235064 -0.224516 0.374931 -0.899455
-0.040652 -0.149635 0.192098 0.224516 -0.374931 0.899455
0.0982738 0.138624 -0.111986 0.159008 0.924744 0.345782
-0.044154 0.310152 0.383229 0.727087 -0.346616 0.592623
0.212979 0.133164 0.255116 0.159011 0.924743 0.345783
0.131815 -0.0211404 -0.140305 0.96141 -0.0653867 -0.267237
0.343226 -0.0611661 0.0818707 0.96141 -0.0653866 -0.267237
-0.289542 -0.369203 -0.325472 -0.159008 -0.924744 -0.345782
0.101486 0.191321 0.165998 0.572288 0.199061 -0.795526
0.110284 -0.0943014 -0.199865 0.96141 -0.0653867 -0.267237
0.296068 -0.0891957 0.133242 0.224516 -0.374931 0.899455
-0.182758 -0.286651 -0.342949 -0.224516 0.374931 -0.899455
-0.07481 0.131111 -0.195753 -0.224516 0.374931 -0.899455
-0.246035 0.0223459 0.277282 -0.96141 0.0653867 0.267237
-0.017934 -0.443181 -0.0244536 0.224516 -0.374931 0.899455
0.0348234 0.0913055 -0.239711 -0.224516 0.374931 -0.899455
0.12256 0.0387257 0.141357 0.224516 -0.374931 0.899455
0.089957 -0.0124162 -0.293027 0.96141 -0.0653867 -0.267237
0.066819 0.363621 0.359549 -0.20024 0.407474 0.890993
0.00135434 -0.0758073 0.212387 0.224516 -0.374931 0.899455
-0.153883 -0.329095 0.145555 0.224516 -0.374931 0.899455
0.320388 0.218611 0.163585 0.907817 0.000713254 -0.419367
0.21295 0.119749 0.208115 0.159008 0.924744 0.345782
-0.170431 -0.352627 0.0867656 -0.224516 0.374931 -0.899455
-0.0892068 -0.485586 -0.106346 -0.159008 -0.924744 -0.345782
0.0511173 -0.364386 0.0796734 0.224516 -0.374931 0.899455
0.0272459 0.134344 -0.0678779 0.159008 0.924744 0.345782
-0.104688 0.338709 0.251677 0.0196637 0.347203 -0.937584
-0.200958 0.131151 0.296045 -0.224516 0.374931 -0.899455
-0.288977 -0.208758 0.179343 -0.96141 0.0653867 0.267237
-0.27787 0.181575 -0.0538809 0.159008 0.924744 0.345782
-0.354783 0.0997987 -0.132901 -0.96141 0.0653866 0.267237
-0.00693786 -0.325148 0.110521 0.224516 -0.374931 0.899455
0.131809 0.0699437 -0.162614 0.96141 -0.0653867 -0.267237
0.0807737 -0.205775 -0.278755 0.96141 -0.0653867 -0.267237
0.16568 -0.0706107 0.173535 0.224516 -0.374931 0.899455
-0.122651 -0.285432 0.15596 0.224516 -0.374931 0.899455
0.196579 0.0437311 0.0965862 0.159008 0.924744 0.345782
-0.342716 -0.345431 -0.327523 -0.224516 0.374931 -0.899455
-0.0540592 0.27129 0.372431 0.692891 -0.35402 0.62815
-0.209751 -0.38363 -0.32358 -0.159008 -0.924744 -0.345782
-0.103342 0.037527 0.197245 0.224516 -0.374931 0.899455
-0.17992 0.0208925 -0.21546 -0.224516 0.374931 -0.899455
0.0361324 0.180754 -0.19608 0.159008 0.924744 0.345782
0.0642418 0.245271 0.170328 0.0196637 0.347203 -0.937584
-0.326522 -0.298005 0.0661044 -0.96141 0.0653867 0.267237
0.0263337 -0.340562 0.0957907 0.224516 -0.374931 0.899455
0.0871692 -0.24449 0.120652 0.224516 -0.374931 0.899455
0.117084 0.39544 0.322902 0.430743 0.78866 0.438721
0.24105 -0.444824 -0.00126641 0.224516 -0.374931 0.899455
0.111851 0.250267 0.188205 0.572288 0.199061 -0.795526
-0.314195 -0.417312 0.139646 -0.96141 0.0653866 0.267237
0.166184 -0.125825 0.0972829 -0.224516 0.374931 -0.899455
-0.289397 -0.173625 0.15567 0.224516 -0.374931 0.899455
-0.046467 -0.284256 0.137433 0.224516 -0.374931 0.899455
-0.405259 -0.255641 -0.227523 -0.96141 0.0653866 0.267237
0.0474545 0.0804313 0.266007 0.224516 -0.374931 0.899455
0.227485 0.189578 0.270064 -0.262624 -0.298001 0.917728
-0.000741733 0.19788 0.290172 -0.783992 -0.0946031 0.61352
0.1584 0.173331 0.172794 0.159006 0.924744 0.345782
-0.410492 -0.32133 -0.300559 -0.224516 0.374931 -0.899455
-0.180875 -0.0441407 0.217963 -0.224516 0.374931 -0.899455
-0.130171 -0.472229 -0.123231 -0.159008 -0.924744 -0.345782
0.139487 -0.335215 0.0697748 0.224516 -0.374931 0.899455
-0.0177833 0.0488406 0.269123 0.224516 -0.374931 0.899455
0.129977 0.258983 0.207171 0.783991 0.0946036 -0.613521
-0.00116049 0.2563 0.295769 -0.887346 -0.0196827 0.460684
-0.114374 -0.00950475 0.180394 0.224516 -0.374931 0.899455
-0.115269 0.0297159 0.285484 0.224516 -0.374931 0.899455
-0.068665 -0.367927 -0.405307 -0.224516 0.374931 -0.899455
-0.0689598 0.359448 0.410513 0.393704 0.173148 0.902783
-0.277397 0.0335287 0.161718 -0.96141 0.0653866 0.267237
-0.0647167 -0.364133 0.0555817 -0.224516 0.374931 -0.899455
-0.415763 -0.322959 -0.248842 -0.96141 0.0653867 0.267237
0.122247 -0.43976 -0.0722985 0.96141 -0.0653867 -0.267237
0.135818 -0.25198 -0.0694219 0.96141 -0.0653867 -0.267237
0.100186 -0.323411 -0.180135 0.96141 -0.0653867 -0.267237
-0.156628 -0.441384 0.082749 -0.159008 -0.924744 -0.345782
-0.119123 -0.437302 -0.221719 -0.159008 -0.924744 -0.345782
-0.221231 -0.422819 -0.213497 -0.159008 -0.924744 -0.345782
0.00490967 0.108202 -0.225201 -0.224516 0.374931 -0.899455
0.0218341 -0.499017 -0.12149 -0.159008 -0.924744 -0.345782
0.197711 -0.414772 0.0220787 0.224516 -0.374931 0.899455
-0.174934 0.063418 0.314426 0.224516 -0.374931 0.899455
0.261127 -0.357935 -0.0231695 -0.224516 0.374931 -0.899455
0.116086 -0.143493 -0.166955 0.96141 -0.0653867 -0.267237
0.23355 -0.380649 -0.0257541 -0.224516 0.374931 -0.899455
-0.186362 -0.00555809 0.200009 0.224516 -0.374931 0.899455
-0.185869 0.318629 0.33231 -0.985791 0.1295 0.106987
-0.357103 -0.23319 -0.059771 -0.96141 0.0653867 0.267237
0.077181 -0.406349 -0.242604 0.96141 -0.0653867 -0.267237
-0.0334307 -0.0575127 -0.284708 -0.224516 0.374931 -0.899455
0.0688121 0.0585346 -0.261856 -0.224516 0.374931 -0.899455
0.160586 -0.226868 0.0135381 0.96141 -0.0653867 -0.267237
0.112934 -0.0594717 -0.198853 0.96141 -0.0653867 -0.267237
0.161381 0.344032 0.293408 0.987329 0.150238 0.051091
-0.178471 -0.0420651 0.271339 0.224516 -0.374931 0.899455
0.088739 -0.423073 -0.196931 0.96141 -0.0653867 -0.267237
-0.0596782 0.0624557 0.285255 0.224516 -0.374931 0.899455
0.0737579 0.127257 0.252044 -0.159009 -0.924744 -0.345782
0.217499 0.158323 0.256926 -0.309734 -0.285831 0.906844
-0.0962597 0.159989 -0.178361 -0.224516 0.374931 -0.899455
0.245115 -0.0370472 0.167698 0.224516 -0.374931 0.899455
-0.133607 -0.485534 -0.0860692 -0.159008 -0.924744 -0.345782
0.0707228 -0.345589 0.0826151 0.224516 -0.374931 0.899455
-0.0704101 0.264242 0.240681 0.57229 0.19906 -0.795524
-0.218444 -0.318761 -0.347426 -0.224516 0.374931 -0.899455
-0.137343 -0.412634 -0.279312 -0.159008 -0.924744 -0.345782
-0.0825266 0.15693 -0.183064 -0.224516 0.374931 -0.899455
-0.18213 -0.430939 0.0665436 -0.159008 -0.924744 -0.345782
-0.340421 -0.0848368 -0.0360535 -0.96141 0.0653866 0.267237
-0.33323 0.118706 -0.0599878 -0.96141 0.0653866 0.267237
0.179778 0.0749224 0.0087439 0.96141 -0.0653867 -0.267237
-0.238853 0.0739474 0.21601 0.159008 0.924744 0.345782
0.0582135 -0.0579589 0.152523 -0.224516 0.374931 -0.899455
0.264143 -0.0743033 0.147418 0.224516 -0.374931 0.899455
-0.207148 0.141309 0.343637 0.159008 0.924744 0.345782
-0.325665 -0.356526 0.0835065 -0.96141 0.0653867 0.267237
-0.316224 0.136837 -0.00324046 -0.96141 0.0653866 0.267237
-0.374049 -0.0787681 -0.208545 -0.224516 0.374931 -0.899455
0.20684 -0.275106 0.0249078 -0.224516 0.374931 -0.899455
-0.310249 -0.37845 0.144331 -0.96141 0.0653866 0.267237
-0.199281 -0.28091 0.0884549 0.224516 -0.374931 0.899455
0.0927314 -0.346261 -0.0116767 0.224516 -0.374931 0.899455
0.0567537 0.179519 -0.202261 0.159008 0.924744 0.345782
0.327446 0.222716 0.228466 0.929419 -0.258345 0.263512
-0.162182 0.157881 0.357175 -0.356073 -0.27295 0.893706
-0.399975 -0.23274 -0.214118 -0.96141 0.0653866 0.267237
0.203794 0.356014 0.203473 -0.792895 0.430086 -0.431675
0.311863 -0.183322 0.0900632 0.224516 -0.374931 0.899455
0.0505343 0.167453 0.310691 -0.117842 -0.329957 0.936612
0.0722581 -0.00152132 0.172543 -0.224516 0.374931 -0.899455
-0.269309 -0.110869 0.226147 -0.96141 0.0653867 0.267237
-0.129451 0.143096 0.303129 0.159008 0.924744 0.345782
0.103083 -0.243583 0.0639474 -0.224516 0.374931 -0.899455
-0.0819212 0.175514 -0.12778 0.159008 0.924744 0.345782
0.0946961 0.061338 0.193145 -0.224516 0.374931 -0.899455
-0.126173 -0.29735 0.0987605 -0.224516 0.374931 -0.899455
0.292044 0.381058 0.192449 0.306276 0.776028 -0.551339
0.207118 -0.342151 -0.00310863 -0.224516 0.374931 -0.899455
-0.0395078 -0.156583 0.135805 -0.224516 0.374931 -0.899455
0.0656105 -0.117495 0.12586 -0.224516 0.374931 -0.899455
-0.00423973 0.15921 -0.119897 0.159008 0.924744 0.345782
0.0929917 -0.174732 -0.242395 0.96141 -0.0653867 -0.267237
0.104025 0.0499918 0.122404 0.159008 0.924744 0.345782
0.0795955 -0.257402 -0.270361 0.96141 -0.0653867 -0.267237
-0.0713002 -0.28211 0.0560087 0.224516 -0.374931 0.899455
-0.231966 -0.202691 -0.295667 -0.224516 0.374931 -0.899455
0.146909 0.0224748 -0.0966723 0.96141 -0.0653867 -0.267237
0.0468276 0.179111 -0.196605 0.159008 0.924744 0.345782
0.0822048 0.0806668 0.0504022 0.159008 0.924744 0.345782
0.0314462 0.128742 -0.223263 -0.224516 0.374931 -0.899455
0.0733222 -0.416937 0.0522253 0.224516 -0.374931 0.899455
-0.391904 -0.348815 -0.316656 -0.224516 0.374931 -0.899455
-0.0755811 -0.311411 0.0802706 -0.224516 0.374931 -0.899455
0.126651 -0.376238 -0.0719987 0.96141 -0.0653867 -0.267237
0.145283 0.0900354 0.19248 -0.224516 0.374931 -0.899455
0.136932 -0.246367 0.0189305 0.224516 -0.374931 0.899455
-0.164713 0.0663479 -0.200308 -0.224516 0.374931 -0.899455
0.079655 0.0516844 0.192875 -0.224516 0.374931 -0.899455
-0.176313 -0.160907 -0.292142 -0.224516 0.374931 -0.899455
0.13745 -0.344155 -0.0409981 0.96141 -0.0653867 -0.267237
-0.324885 -0.269207 0.0649483 -0.96141 0.0653867 0.267237
0.174069 -0.107946 0.0329472 0.96141 -0.0653867 -0.267237
-0.319963 -0.108743 0.0433955 -0.96141 0.0653867 0.267237
-0.369447 -0.0273766 -0.154538 -0.96141 0.0653866 0.267237
0.0837448 0.0289852 0.235503 0.224516 -0.374931 0.899455
-0.23033 0.0745504 0.210479 0.159008 0.924744 0.345782
-0.373884 -0.403682 -0.078427 -0.96141 0.0653867 0.267237
-0.235975 -0.407341 -0.248111 -0.159008 -0.924744 -0.345782
-0.305038 -0.0214851 0.0757373 -0.96141 0.0653866 0.267237
0.141612 -0.0108485 -0.107578 0.96141 -0.0653867 -0.267237
0.135272 -0.0199277 -0.128165 0.96141 -0.0653867 -0.267237
0.244879 0.396529 0.23081 -0.269063 0.959871 -0.079074
0.234288 0.0227932 0.142234 -0.224516 0.374931 -0.899455
-0.0918415 -0.199925 -0.329491 -0.224516 0.374931 -0.899455
0.202101 -0.387014 -0.0205571 -0.224516 0.374931 -0.899455
0.0620508 -0.153421 0.111773 -0.224516 0.374931 -0.899455
-0.162324 0.379935 0.375829 -0.769946 0.448885 0.453525
0.228381 0.0549651 0.21023 0.224516 -0.374931 0.899455
-0.300294 -0.34287 0.0878413 0.224516 -0.374931 0.899455
-0.110929 -0.305515 -0.368741 -0.224516 0.374931 -0.899455
0.303103 0.154163 0.229039 0.75947 -0.338352 0.555629
-0.224463 -0.350217 0.0658504 0.224516 -0.374931 0.899455
-0.057147 0.161834 0.305904 0.891643 -0.284888 0.35187
-0.259185 -0.328604 0.172045 0.224516 -0.374931 0.899455
0.190888 -0.285742 0.0244565 -0.224516 0.374931 -0.899455
-0.0414418 0.251133 0.27887 0.941944 -0.0371858 -0.333705
-0.00848934 0.0126715 0.198615 -0.224516 0.374931 -0.899455
0.282873 0.0501441 0.141507 -0.224516 0.374931 -0.899455
-0.234698 -0.374781 -0.335774 -0.159008 -0.924744 -0.345782
-0.0579381 0.157085 -0.189137 -0.224516 0.374931 -0.899455
0.0889824 -0.0521504 -0.286811 0.96141 -0.0653867 -0.267237
-0.0887534 0.285971 0.236765 0.309735 0.285831 -0.906843
-0.0212817 -0.224921 0.0673622 0.224516 -0.374931 0.899455
0.028234 -0.370913 -0.427366 0.96141 -0.0653867 -0.267237
-0.17492 -0.0431031 0.216909 -0.224516 0.374931 -0.899455
-0.232119 -0.381281 -0.319576 -0.159008 -0.924744 -0.345782
-0.129971 0.0700816 0.30598 0.224516 -0.374931 0.899455
0.264384 -0.192739 0.0448783 -0.224516 0.374931 -0.899455
0.0450875 -0.446967 -0.271382 -0.159008 -0.924744 -0.345782
0.152634 -0.00471397 -0.069425 0.96141 -0.0653867 -0.267237
0.17474 0.0431564 0.15503 -0.96141 0.0653865 0.267237
-0.216069 -0.147191 0.148385 0.224516 -0.374931 0.899455
0.323677 0.217785 0.235337 0.891644 -0.284887 0.351867
-0.14057 0.163864 -0.0696524 0.159008 0.924744 0.345782
-0.280114 0.0537362 0.147 -0.96141 0.0653866 0.267237
-0.073258 -0.495205 -0.0879562 -0.159008 -0.924744 -0.345782
0.0891348 0.125252 0.250336 0.159008 0.924744 0.345782
-0.242649 -0.388912 0.142778 0.224516 -0.374931 0.899455
-0.188143 0.106831 0.282709 -0.224516 0.374931 -0.899455
-0.108879 -0.507188 -0.0395295 -0.159008 -0.924744 -0.345782
-0.0382726 0.362822 0.384854 0.776629 0.224836 0.58847
0.00525404 -0.154255 -0.334691 -0.224516 0.374931 -0.899455
-0.010756 -0.1119 0.111847 0.224516 -0.374931 0.899455
-0.221677 -0.29263 0.177678 0.224516 -0.374931 0.899455
-0.0775452 0.0129538 -0.244323 -0.224516 0.374931 -0.899455
0.00432356 0.0781429 -0.237585 -0.224516 0.374931 -0.899455
0.232637 -0.0958762 0.0931793 -0.224516 0.374931 -0.899455
-0.0741585 -0.0595954 -0.27541 -0.224516 0.374931 -0.899455
0.146167 -0.105758 -0.0679691 0.96141 -0.0653867 -0.267237
0.293245 -0.423023 -0.00940484 0.96141 -0.0653866 -0.267237
-0.160578 0.317378 0.387453 -0.720351 -0.130837 0.681158
-0.269136 -0.128241 0.231019 -0.96141 0.0653867 0.267237
-0.0243274 0.00764392 0.165066 0.224516 -0.374931 0.899455
-0.114152 -0.230164 0.123766 -0.224516 0.374931 -0.899455
-0.0735726 0.068067 0.155733 0.159008 0.924744 0.345782
-0.114616 -0.204878 0.187532 0.224516 -0.374931 0.899455
-0.0486359 -0.087053 0.167067 -0.224516 0.374931 -0.899455
0.12566 0.176985 0.178077 0.159009 0.924743 0.345784
0.171924 -0.107897 0.103323 -0.224516 0.374931 -0.899455
0.00998864 0.175511 0.15232 -0.159007 -0.924744 -0.345783
0.189941 0.0765316 0.228815 0.224516 -0.374931 0.899455
0.206325 -0.207626 0.106276 0.224516 -0.374931 0.899455
-0.119635 0.143803 0.296727 -0.159007 -0.924744 -0.345783
0.104669 0.148139 -0.140371 0.159008 0.924744 0.345782
-0.342409 -0.250654 -0.00263601 -0.96141 0.0653867 0.267237
0.0251713 0.223236 0.319024 -0.531478 -0.214982 0.819338
0.270312 0.209853 0.115672 0.356079 0.272949 -0.893704
-0.0693231 -0.0548249 0.238775 0.224516 -0.374931 0.899455
-0.409483 -0.295464 -0.232976 -0.96141 0.0653867 0.267237
0.243761 0.0358686 0.131025 -0.96141 0.0653866 0.267237
0.045415 0.0713982 -0.250653 -0.224516 0.374931 -0.899455
0.00295002 -0.133068 0.18812 0.224516 -0.374931 0.899455
-0.263497 -0.414375 -0.216642 -0.159008 -0.924744 -0.345782
-0.0440625 0.132033 -0.0289056 0.159008 0.924744 0.345782
0.221118 0.253852 0.133036 -0.365295 0.380489 -0.849581
-0.378779 -0.136855 -0.161323 -0.96141 0.0653866 0.267237
0.0672967 -0.321583 -0.298904 0.96141 -0.0653867 -0.267237
0.258604 0.182824 0.269738 0.127673 -0.366558 0.921594
-0.329409 -0.259974 -0.295222 -0.224516 0.374931 -0.899455
0.160593 -0.0768624 -0.0231376 0.96141 -0.0653867 -0.267237
-0.195998 0.0167395 -0.213177 -0.224516 0.374931 -0.899455
-0.141074 -0.280422 0.162647 0.224516 -0.374931 0.899455
0.143911 -0.0965863 -0.0783282 0.96141 -0.0653867 -0.267237
0.0676759 -0.321259 0.0404069 -0.224516 0.374931 -0.899455
0.0675293 -0.178836 0.064404 0.224516 -0.374931 0.899455
-0.04854 0.1809 0.277581 0.987265 -0.147177 -0.0603895
0.219934 -0.212782 0.10073 0.224516 -0.374931 0.899455
0.26851 -0.125863 0.0717254 -0.224516 0.374931 -0.899455
0.163596 0.178677 0.156108 0.159006 0.924743 0.345784
-0.367734 -0.432735 -0.119609 -0.159008 -0.924744 -0.345782
-0.344379 0.10879 -0.137769 -0.224516 0.374931 -0.899455
-0.271776 -0.11106 0.217318 -0.96141 0.0653867 0.267237
0.207401 -0.382999 -0.0202065 -0.224516 0.374931 -0.899455
-0.222247 -0.407308 0.0769063 -0.224516 0.374931 -0.899455
-0.362554 -0.0429439 -0.125931 -0.96141 0.0653866 0.267237
-0.261068 -0.410355 -0.228511 -0.159008 -0.924744 -0.345782
-0.0679972 -0.0400188 0.244616 0.224516 -0.374931 0.899455
-0.178063 -0.458347 -0.138332 -0.159008 -0.924744 -0.345782
0.0604505 -0.166632 0.106665 -0.224516 0.374931 -0.899455
0.30739 -0.0102674 0.163316 0.224516 -0.374931 0.899455
-0.00495146 -0.35624 0.0439539 -0.224516 0.374931 -0.899455
0.0588598 -0.209109 0.142467 0.224516 -0.374931 0.899455
0.0723122 0.102508 0.21295 -0.96141 0.0653865 0.267237
0.128661 0.151674 -0.193934 0.96141 -0.0653867 -0.267237
-0.0939642 0.165434 0.227073 -0.15901 -0.924743 -0.345784
0.132442 0.379962 0.328401 0.630696 0.584876 0.510042
0.207869 -0.0958389 0.0993774 -0.224516 0.374931 -0.899455
-0.0524026 0.0596048 0.282251 0.224516 -0.374931 0.899455
-0.308932 0.19123 -0.0654185 0.159008 0.924744 0.345782
-0.257155 0.12196 0.0960249 0.159008 0.924744 0.345782
-0.1356 -0.459848 -0.00202977 0.224516 -0.374931 0.899455
0.207809 0.194401 0.112196 -0.410563 0.380454 -0.828669
0.264165 0.164215 0.088651 0.309737 0.28583 -0.906843
-0.116639 -0.196082 0.138593 -0.224516 0.374931 -0.899455
0.218136 0.00582776 0.192304 0.224516 -0.374931 0.899455
0.0747027 0.122061 0.301301 0.272162 -0.377724 0.885016
0.0283914 0.348414 0.230319 -0.656974 0.360544 -0.662113
0.293604 -0.236033 0.0726485 0.224516 -0.374931 0.899455
0.325039 -0.0626623 0.13707 0.224516 -0.374931 0.899455
0.0376676 0.0667783 0.108025 0.159008 0.924744 0.345782
-0.333549 -0.250305 0.0291541 -0.96141 0.0653867 0.267237
-0.112038 -0.151882 0.155869 -0.224516 0.374931 -0.899455
-0.0567028 -0.0866338 0.222366 0.224516 -0.374931 0.899455
0.0562757 0.0472132 0.196847 -0.224516 0.374931 -0.899455
0.318354 0.291789 0.290201 0.660677 -0.337746 0.670397
-0.367962 -0.215686 -0.103121 -0.96141 0.0653867 0.267237
-0.180792 -0.410777 -0.264296 -0.159008 -0.924744 -0.345782
0.124533 0.348593 0.353871 0.54114 0.178054 0.821866
-0.288765 -0.393181 -0.261702 -0.159008 -0.924744 -0.345782
-0.238892 -0.323499 -0.344297 -0.224516 0.374931 -0.899455
-0.367081 -0.412538 -0.173921 -0.159008 -0.924744 -0.345782
-0.342771 -0.446617 -0.0939636 -0.159008 -0.924744 -0.345782
0.165806 0.0215809 -0.0284698 0.96141 -0.0653867 -0.267237
0.233998 -0.276753 0.0705534 0.224516 -0.374931 0.899455
0.262691 0.157121 0.258383 0.224518 -0.374931 0.899454
-0.314849 -0.122354 -0.241491 -0.224516 0.374931 -0.899455
-0.130714 0.019723 0.196656 0.224516 -0.374931 0.899455
0.17086 -0.0752365 0.0133995 0.96141 -0.0653867 -0.267237
-0.285788 -0.213123 0.191882 -0.96141 0.0653867 0.267237
-0.249448 -0.0669913 0.225555 -0.224516 0.374931 -0.899455
0.304214 -0.289483 0.0477201 0.224516 -0.374931 0.899455
-0.142946 -0.244477 0.178098 0.224516 -0.374931 0.899455
-0.286946 -0.457152 0.0368722 0.224516 -0.374931 0.899455
-0.00409416 0.097126 0.0460691 0.159008 0.924744 0.345782
0.199509 0.0465495 0.160818 0.224516 -0.374931 0.899455
-0.079085 0.416902 0.365749 0.278698 0.899761 0.335794
0.16953 -0.12846 0.0216375 0.96141 -0.0653867 -0.267237
0.22651 0.370684 0.283676 -0.481181 0.643022 0.595808
-0.268163 -0.48649 -0.0216361 -0.159008 -0.924744 -0.345782
-0.0370521 0.0834694 0.0977473 0.159008 0.924744 0.345782
-0.0335345 -0.0555282 -0.283855 -0.224516 0.374931 -0.899455
-0.066924 -0.310101 -0.381637 -0.224516 0.374931 -0.899455
-0.210814 0.199654 0.27218 0.159006 0.924743 0.345784
0.0409293 -0.267728 0.122508 0.224516 -0.374931 0.899455
-0.0704441 -0.426 -0.274328 -0.159008 -0.924744 -0.345782
0.0801252 0.244429 0.171955 0.214854 0.309432 -0.926331
-0.0873399 -0.150741 0.15018 -0.224516 0.374931 -0.899455
-0.331797 0.0996423 -0.0501663 -0.96141 0.0653866 0.267237
-0.0105148 -0.158001 0.181088 0.224516 -0.374931 0.899455
0.200941 0.145792 0.143991 -0.159008 -0.924744 -0.345783
-0.318959 0.0301382 -0.1769 -0.224516 0.374931 -0.899455
-0.362377 -0.0780544 -0.116702 -0.96141 0.0653866 0.267237
0.038071 0.217096 0.323916 -0.356078 -0.272949 0.893704
-0.0404312 0.278538 0.357185 0.845007 -0.308599 0.436726
-0.174421 -0.109029 0.242415 0.224516 -0.374931 0.899455
0.184169 0.17682 0.106525 -0.580331 0.370889 -0.725022
0.0845844 -0.350694 -0.229587 0.96141 -0.0653867 -0.267237
0.191964 0.160696 0.108259 -0.159008 -0.924744 -0.345783
-0.236884 -0.501648 0.00582801 0.224516 -0.374931 0.899455
0.20745 -0.42328 -0.0370096 -0.224516 0.374931 -0.899455
0.107289 -0.479691 -0.0709297 0.224516 -0.374931 0.899455
0.156869 -0.302869 0.0258089 -0.224516 0.374931 -0.899455
0.369572 0.0369422 0.167474 0.224516 -0.374931 0.899455
-0.378776 -0.330425 -0.312267 -0.224516 0.374931 -0.899455
0.0685999 0.11102 -0.0245154 0.159008 0.924744 0.345782
0.140624 -0.273674 -0.0468258 0.96141 -0.0653867 -0.267237
-0.216167 0.111018 0.34456 0.224516 -0.374931 0.899455
-0.00186057 -0.48085 -0.159179 -0.159008 -0.924744 -0.345782
0.150097 -0.45696 0.0163779 0.224516 -0.374931 0.899455
-0.0908338 0.121177 0.25306 0.96141 -0.0653865 -0.267237
-0.1911 0.163293 0.339442 -0.685797 -0.148493 0.712483
0.323966 0.1851 0.187495 0.987265 -0.147179 -0.0603837
0.0464601 -0.331475 -0.371445 0.96141 -0.0653867 -0.267237
0.111294 0.406522 0.279559 0.35821 0.925431 -0.123543
-0.0763143 -0.334236 -0.389354 -0.224516 0.374931 -0.899455
-0.0556505 -0.0951513 0.218553 0.224516 -0.374931 0.899455
0.147738 0.141451 0.186467 -0.975501 0.0932242 0.199268
-0.37377 -0.146179 -0.141022 -0.96141 0.0653866 0.267237
-0.238852 0.0252184 0.261347 -0.224516 0.374931 -0.899455
-0.0326465 0.0396031 0.268982 0.224516 -0.374931 0.899455
-0.170559 0.0945479 -0.187094 -0.224516 0.374931 -0.899455
0.320522 0.177691 0.168578 0.975501 -0.0932251 -0.199267
0.147061 0.250363 0.282392 0.944863 -0.244093 0.218295
-0.364952 -0.0432244 -0.134487 -0.96141 0.0653866 0.267237
-0.11878 -0.456208 -0.171314 -0.159008 -0.924744 -0.345782
-0.328346 0.179371 -0.0572604 -0.96141 0.0653866 0.267237
-0.0944127 0.206189 0.201177 0.159008 0.924744 0.345783
0.156518 -0.223492 -0.00192353 0.96141 -0.0653867 -0.267237
0.194283 -0.0935109 0.15685 0.224516 -0.374931 0.899455
-0.225851 -0.439331 0.0290502 0.224516 -0.374931 0.899455
0.13004 -0.0516632 0.137219 -0.224516 0.374931 -0.899455
-0.0144115 -0.00396048 0.157753 0.224516 -0.374931 0.899455
-0.10799 0.291009 0.234122 0.0688434 0.339 -0.938264
-0.145269 -0.229263 0.0965012 0.224516 -0.374931 0.899455
-0.117263 -0.378965 0.0271084 0.224516 -0.374931 0.899455
-0.183837 -0.327072 0.100764 -0.224516 0.374931 -0.899455
0.147881 -0.442615 0.0229109 0.224516 -0.374931 0.899455
0.0992359 0.0980449 0.260423 0.224516 -0.374931 0.899455
0.177275 0.0404815 0.146135 -0.224516 0.374932 -0.899455
-0.0292513 -0.473911 -0.165139 -0.159008 -0.924744 -0.345782
0.190267 -0.0148661 0.0684487 0.96141 -0.0653867 -0.267237
-0.118397 0.0896806 0.245025 -0.96141 0.0653865 0.267237
-0.0470017 0.366317 0.284448 0.664121 0.277696 -0.694138
0.0904837 -0.458214 0.0141248 -0.159008 -0.924744 -0.345783
-0.092002 0.197925 0.36295 0.365297 -0.380489 0.84958
-0.218351 -0.300574 0.0850181 0.224516 -0.374931 0.899455
0.165862 0.0983815 -0.0470612 0.96141 -0.0653867 -0.267237
0.053712 -0.347469 -0.00244032 0.224516 -0.374931 0.899455
0.0196985 -0.454793 -0.238777 -0.159008 -0.924744 -0.345782
-0.219416 -0.445313 -0.154174 -0.159008 -0.924744 -0.345782
-0.261544 -0.481158 -0.0389393 -0.159008 -0.924744 -0.345782
-0.180063 0.0949858 0.132712 0.159008 0.924744 0.345782
-0.0511485 -0.315487 0.072473 -0.224516 0.374931 -0.899455
-0.258184 -0.378596 -0.314771 -0.159008 -0.924744 -0.345782
0.128173 0.0459252 0.122175 0.159008 0.924744 0.345782
-0.269864 0.128138 -0.148304 -0.224516 0.374931 -0.899455
-0.140393 -0.447271 -0.185277 -0.159008 -0.924744 -0.345782
0.0710547 0.296034 0.189282 -0.0295633 0.354541 -0.934573
0.123886 0.146046 0.178743 -0.159009 -0.924743 -0.345784
0.117681 0.0863621 -0.217457 0.96141 -0.0653867 -0.267237
-0.255351 -0.335276 0.0797887 0.224516 -0.374931 0.899455
0.0358742 -0.518824 -0.0749751 -0.159008 -0.924744 -0.345782
0.115844 0.324219 0.359894 0.394468 -0.120146 0.911021
-0.37282 -0.323304 -0.0942665 -0.96141 0.0653867 0.267237
-0.206863 0.0743955 0.200101 0.159008 0.924744 0.345782
0.152251 -0.0915293 0.168168 0.224516 -0.374931 0.899455
0.00266226 -0.407338 -0.357854 -0.159008 -0.924744 -0.345782
0.0603087 -0.507435 -0.11667 -0.159008 -0.924744 -0.345782
-0.190301 -0.263803 -0.331542 -0.224516 0.374931 -0.899455
0.0660505 0.0846589 0.19479 -0.96141 0.0653865 0.267237
-0.290592 -0.245373 -0.298825 -0.224516 0.374931 -0.899455
0.107673 0.101965 -0.0182684 0.159008 0.924744 0.345782
0.0200895 -0.0610107 0.12536 0.224516 -0.374931 0.899455
0.233087 -0.333227 0.0472396 0.224516 -0.374931 0.899455
-0.39447 -0.326755 -0.171308 -0.96141 0.0653867 0.267237
0.163837 -0.177354 0.0409824 0.224516 -0.374931 0.899455
-0.257422 -0.08867 -0.241784 -0.224516 0.374931 -0.899455
0.0531983 -0.300021 0.105984 0.224516 -0.374931 0.899455
-0.297753 -0.378875 -0.29583 -0.159008 -0.924744 -0.345782
0.0620532 -0.120477 0.0900974 0.224516 -0.374931 0.899455
-0.0999426 -0.0447608 0.197503 -0.224516 0.374931 -0.899455
0.154524 0.0134023 -0.0670597 0.96141 -0.0653867 -0.267237
0.291673 -0.186628 0.0937245 0.224516 -0.374931 0.899455
0.178805 0.0494808 0.149504 -0.224516 0.374932 -0.899455
-0.151198 -0.250679 0.177572 0.224516 -0.374931 0.899455
-0.10298 -0.317363 0.0846287 -0.224516 0.374931 -0.899455
-0.00270247 0.271096 0.292013 -0.941943 0.0371846 0.333707
0.0238811 0.133723 -0.0646687 0.159008 0.924744 0.345782
-0.01551 0.228574 0.236058 -0.976976 0.197845 -0.0798452
-0.0262074 -0.34223 0.0550994 -0.224516 0.374931 -0.899455
-0.314028 0.163322 -0.00182217 -0.96141 0.0653866 0.267237
0.034143 0.118291 0.301291 -0.166555 -0.320092 0.932631
-0.352523 -0.178476 -0.0566801 -0.96141 0.0653867 0.267237
-0.0543743 0.249707 0.360416 0.727087 -0.346616 0.592623
-0.265832 -0.0964618 0.21736 -0.224516 0.374931 -0.899455
-0.0232713 -0.221043 0.157993 0.224516 -0.374931 0.899455
0.274708 0.201061 0.114866 0.401534 0.259389 -0.878344
0.1897 0.341023 0.237498 -0.968497 0.248908 -0.00762214
-0.0623088 -0.284897 0.0526027 0.224516 -0.374931 0.899455
-0.198072 -0.418404 0.0662467 -0.224516 0.374931 -0.899455
-0.0130856 0.182496 0.269646 -0.887346 -0.0196827 0.460684
0.0879185 0.0778376 0.0553409 0.159008 0.924744 0.345782
-0.336455 0.0138124 -0.045925 -0.96141 0.0653866 0.267237
0.0901048 -0.40443 -0.196579 0.96141 -0.0653867 -0.267237
-0.108714 0.0617733 0.188724 0.159008 0.924744 0.345782
-0.0597628 -0.0620419 -0.280023 -0.224516 0.374931 -0.899455
-0.211378 -0.0303587 0.284433 0.224516 -0.374931 0.899455
0.329946 0.362936 0.215 0.79466 0.543147 -0.271123
-0.303888 -0.0216182 0.0799084 -0.96141 0.0653866 0.267237
0.1934 -0.286163 0.0236539 -0.224516 0.374931 -0.899455
-0.259836 -0.0860508 0.254155 -0.96141 0.0653866 0.267237
-0.343822 -0.250163 -0.00783817 -0.96141 0.0653867 0.267237
0.0591404 -0.454313 -0.258198 -0.159008 -0.924744 -0.345782
-0.055279 -0.198756 0.0867553 0.224516 -0.374931 0.899455
0.0071223 0.0684106 0.217953 0.224516 -0.374931 0.899455
0.0578867 -0.15933 0.110349 -0.224516 0.374931 -0.899455
-0.0374466 -0.316258 0.121842 0.224516 -0.374931 0.899455
0.0133352 0.111437 -0.000218078 0.159008 0.924744 0.345782
-0.0468359 0.13608 0.259629 -0.224516 0.374931 -0.899455
-0.192297 -0.141535 0.180216 -0.224516 0.374931 -0.899455
0.000256209 -0.504163 -0.0544138 0.224516 -0.374931 0.899455
0.0307018 -0.0339563 0.133989 0.224516 -0.374931 0.899455
-0.163867 -0.386725 0.124024 0.224516 -0.374931 0.899455
0.203632 0.088817 0.16438 0.96141 -0.0653866 -0.267237
0.237234 -0.00731814 0.182058 0.224516 -0.374931 0.899455
-0.0504189 -0.216237 0.0782552 0.224516 -0.374931 0.899455
-0.0695258 0.197945 0.347939 0.65697 -0.360545 0.662116
0.180715 0.192143 0.132974 -0.727088 0.346616 -0.592622
0.0489304 -0.43127 -0.315128 -0.159008 -0.924744 -0.345782
0.267736 0.151556 0.0978605 -0.159006 -0.924744 -0.345782
0.00208102 0.142419 0.29436 -0.572286 -0.199062 0.795527
0.241621 -0.255314 0.0244765 -0.224516 0.374931 -0.899455
0.0431419 -0.506929 -0.110128 -0.159008 -0.924744 -0.345782
-0.265036 -0.00794893 -0.206236 -0.224516 0.374931 -0.899455
0.0896147 -0.234254 0.071198 -0.224516 0.374931 -0.899455
-0.205535 -0.190969 0.162914 -0.224516 0.374931 -0.899455
-0.0849555 -0.0696993 0.236477 0.224516 -0.374931 0.899455
-0.365274 -0.0161014 -0.142284 -0.96141 0.0653866 0.267237
0.106781 -0.332064 0.079252 0.224516 -0.374931 0.899455
-0.0676248 0.184973 0.2126 0.720347 0.13084 -0.681162
