ply
format ascii 1.0
comment Created by Open3D
element vertex 128
property double x
property double y
property double z
property double nx
property double ny
property double nz
end_header
-0.232395 -0.457634 0.29279 0.51381 -0.782729 0.351191
-0.173933 -0.603117 0.290473 0.243071 -0.909417 -0.337457
-0.501737 0.304256 0.166368 0.506556 -0.801138 0.318715
-0.444165 0.335749 0.230111 -0.0882245 0.813837 0.574357
-0.359357 0.380642 0.098818 0.312948 0.269316 0.910787
-0.215219 0.309957 -0.0224978 -0.312948 -0.269316 -0.910787
0.434493 -0.155244 0.00571506 0.403696 -0.914883 -0.00420753
0.163722 0.619433 -0.083432 -0.218419 0.898982 0.379637
-0.245606 0.231176 0.0783597 0.312948 0.269316 0.910787
-0.123928 0.284799 0.0781021 0.838591 0.371863 -0.3981
0.0154869 0.358056 0.0237627 0.445903 -0.888362 0.109472
-0.167164 -0.336404 0.168098 -0.312948 -0.269316 -0.910787
0.286259 -0.403375 0.0876476 0.313166 -0.927031 -0.206256
-0.164559 -0.301983 0.157025 -0.312948 -0.269316 -0.910787
0.577297 -0.0814476 0.0318811 0.312948 0.269316 0.910787
-0.085449 -0.143031 0.121196 -0.312946 -0.269317 -0.910787
-0.228031 -0.424737 0.300858 -0.445902 0.888362 -0.109472
-0.380434 0.146556 0.154517 -0.838591 -0.371863 0.3981
0.457992 0.0481754 0.0185645 0.312948 0.269316 0.910787
0.3318 0.223735 -0.115825 0.838593 0.37186 -0.398098
-0.0898314 -0.0604574 0.141214 -0.445902 0.888362 -0.109472
-0.207407 0.0483418 0.0681579 -0.312948 -0.269314 -0.910787
0.066614 0.553853 -0.109162 0.515884 -0.776863 0.361038
0.283269 -0.359968 0.0155899 -0.0745002 -0.645627 -0.76001
-0.120974 -0.51024 0.363464 -0.486222 0.181365 -0.854807
-0.00198235 0.0988278 -0.017355 -0.312948 -0.269316 -0.910787
-0.000528281 -0.0980166 0.134017 -0.838591 -0.371863 0.3981
0.0754255 -0.454808 0.287395 0.52989 -0.38722 0.754505
-0.0295342 -0.50655 0.297124 -0.540282 0.661251 -0.520425
0.112625 0.211961 -0.0239693 -0.618808 0.785298 -0.0195862
-0.475848 0.14254 0.276168 0.445902 -0.888362 0.109472
0.11454 -0.13979 0.0375752 -0.838591 -0.371863 0.398099
0.521415 -0.151485 -0.13916 -0.312948 -0.269316 -0.910787
-0.245836 0.128337 0.128527 0.838591 0.371863 -0.3981
-0.162314 0.192535 0.180811 0.26141 0.863629 0.431056
0.428204 -0.179242 0.0674443 0.0486483 -0.778977 -0.625162
0.0676405 -0.372453 0.265851 -0.215849 -0.444151 -0.869562
-0.0307383 0.403225 -0.113464 -0.312948 -0.269316 -0.910787
-0.168558 -0.297844 0.248027 0.445902 -0.888362 0.109472
-0.133967 -0.423574 0.231522 0.542542 -0.636005 0.548767
0.263267 -0.381356 0.0778781 -0.199965 0.889888 0.410017
0.60586 -0.243531 0.0163556 0.541124 -0.652921 0.52998
0.240501 -0.0257267 0.0256525 0.312948 0.269316 0.910787
0.171569 -0.0280882 0.108484 0.838591 0.371863 -0.3981
0.107892 0.016996 0.148079 0.312948 0.269316 0.910787
0.641212 -0.229977 -0.0388516 -0.312948 -0.269316 -0.910787
-0.00308598 0.350584 0.0875705 0.312946 0.26932 0.910786
0.304952 0.530123 -0.10556 0.838591 0.371858 -0.398104
0.06068 0.555342 -0.0550345 0.296065 -0.924538 -0.239949
0.08326 0.406792 0.052217 0.536588 -0.437732 0.721432
-0.00863555 0.545272 -0.0845108 -0.508778 0.795814 -0.328367
0.00994227 -0.227724 0.223631 0.178904 -0.958504 0.221954
-0.131203 -0.216232 0.25289 0.838591 0.371863 -0.398099
0.67139 -0.225619 -0.0318722 0.51787 -0.770944 0.370751
-0.0389435 -0.197536 0.0829786 -0.312948 -0.269316 -0.910787
0.00256679 0.277838 0.0163093 0.838591 0.371863 -0.3981
0.321778 0.0733248 -0.0726854 0.838591 0.371863 -0.3981
0.126178 0.611104 -0.0941326 -0.335041 0.928286 0.161347
0.526225 -0.0855071 -0.0185447 -0.445902 0.888362 -0.109472
-0.0304554 -0.0878372 0.0804847 -0.838591 -0.371863 0.3981
-0.0852096 0.440335 -0.0717923 0.473422 -0.135931 0.870284
0.025525 -0.0142089 0.185607 0.312948 0.269316 0.910787
0.198174 0.323022 -0.0120629 -0.838591 -0.371863 0.398099
-0.310417 0.215131 0.191409 0.445902 -0.888362 0.109472
-0.326031 0.180406 0.0698664 -0.312948 -0.269316 -0.910787
0.347218 0.0612082 -0.126217 -0.312948 -0.269316 -0.910787
0.007933 0.297686 0.0461532 0.838591 0.371863 -0.398099
-0.0328107 0.0589381 0.0590634 0.838591 0.371863 -0.3981
-0.543069 0.124808 0.1449 -0.312948 -0.269316 -0.910787
0.248013 0.476967 -0.0277446 0.536588 -0.437732 0.721432
-0.290991 -0.207972 0.216512 -0.838591 -0.371863 0.398099
0.037537 0.368481 0.0185512 0.445902 -0.888362 0.109472
0.0848164 0.317377 -0.182998 -0.838591 -0.371863 0.398099
-0.152945 0.482887 -0.0120079 -0.498414 0.818698 -0.28516
-0.0807355 0.419239 -0.0997664 -0.38577 -0.110611 -0.91594
-0.289647 0.321377 0.000279841 -0.366076 -0.156511 -0.917329
-0.235732 -0.219612 0.157123 -0.312948 -0.269316 -0.910787
0.353091 -0.36737 0.117975 0.51787 -0.770944 0.37075
-0.0559194 0.419938 -0.109577 -0.345463 -0.202029 -0.916428
-0.174335 -0.183241 0.220315 -0.445902 0.888362 -0.109472
0.311142 0.194484 -0.15323 -0.312948 -0.269316 -0.910787
0.325864 -0.360602 0.0683966 -0.318423 0.927538 0.195654
0.0580661 0.18083 0.0272594 0.312948 0.269316 0.910787
0.311956 0.204182 -0.015743 0.312948 0.269316 0.910787
-0.44674 0.183768 0.0943668 -0.312948 -0.269316 -0.910787
0.100143 0.333394 -0.252751 0.838591 0.371863 -0.3981
0.305379 0.483118 -0.148566 0.838591 0.371862 -0.398099
-0.100468 0.147772 0.0660476 0.445902 -0.888362 0.109472
0.233739 0.023589 -0.0761015 -0.312948 -0.269316 -0.910787
0.300744 0.366413 -0.0479699 0.838591 0.371863 -0.398099
0.427169 -0.28297 -0.0332982 0.0657346 0.656364 0.751575
0.321674 -0.133558 -0.0598481 -0.312948 -0.269316 -0.910787
0.399215 0.132558 -0.0589842 0.838591 0.371862 -0.398099
-0.350104 0.249601 0.252648 0.312948 0.269316 0.910787
-0.118171 0.0138137 0.137201 0.312948 0.269316 0.910787
-0.215388 0.151796 0.040309 -0.312948 -0.269316 -0.910787
0.111404 -0.359607 0.248095 -0.264403 -0.361097 -0.89426
-0.0497451 0.192378 0.148037 0.838591 0.371863 -0.3981
0.00437013 0.418053 0.0424192 -0.510445 0.281104 -0.812666
0.0188624 0.318914 0.0890049 0.838591 0.371863 -0.398099
-0.500976 0.227493 0.284629 -0.377983 -0.129063 -0.916772
-0.0699295 -0.196839 0.144559 0.312946 0.269311 0.910789
0.336861 0.232434 -0.0842784 -0.441968 0.891649 -0.098113
-0.187408 0.375988 0.133769 -0.31554 -0.264136 -0.911409
-0.460487 0.351245 0.18245 -0.356081 0.927223 0.116034
0.0402554 -0.500871 0.172086 0.167528 -0.871403 -0.461077
-0.0857234 -0.107313 0.133684 0.928017 0.117357 -0.35357
0.0069384 0.333531 0.0725359 0.936136 0.074436 -0.343668
0.0565616 0.382403 0.0540381 0.445902 -0.888362 0.109472
0.029681 0.367214 0.0402703 0.445903 -0.888362 0.109472
-0.028557 -0.116924 0.0679258 -0.947774 0.0264111 0.317847
-0.184232 -0.401599 0.260535 -0.838591 -0.371863 0.3981
-0.133575 0.101112 0.11668 0.312948 0.269316 0.910787
-0.0216473 0.040523 0.151095 0.445902 -0.888362 0.109472
0.215973 0.41361 -0.0654522 -0.838599 -0.371852 0.398094
0.20569 -0.155501 0.0376323 0.312948 0.269316 0.910787
0.15941 0.19954 -0.0272556 0.445902 -0.888362 0.109472
0.614051 -0.0725072 0.0166087 0.312948 0.269316 0.910787
-0.142763 -0.556118 0.388377 0.535543 -0.428881 0.727499
0.132414 0.366041 -0.0553013 0.445902 -0.888362 0.109472
0.207404 0.63573 -0.097478 -0.193214 0.886298 0.420884
-0.126806 -0.443798 0.170006 -0.312948 -0.269316 -0.910787
0.00248696 -0.0420215 0.192673 -0.838591 -0.371863 0.3981
-0.596379 0.196829 0.144338 -0.404501 -0.0644363 -0.912265
0.272187 0.300697 -0.0306174 0.312948 0.269316 0.910787
0.151142 -0.101693 0.101478 -0.445902 0.888362 -0.109472
0.0497962 0.154142 -0.0253037 0.861787 -0.483613 -0.153109
-0.387466 0.200946 0.0689207 -0.312948 -0.269316 -0.910787
