ply
format ascii 1.0
comment Created by Open3D
element vertex 2096
property double x
property double y
property double z
property double nx
property double ny
property double nz
end_header
0.204228 -0.000745551 0.207074 0.118168 0.930621 -0.346384
0.092453 0.217138 -0.0188535 0.118168 0.930621 -0.346384
-0.0110297 -0.0396213 -0.313156 -0.118168 -0.930621 0.346383
0.0902063 -0.125182 0.0176726 -0.118168 -0.930621 0.346384
0.00707763 -0.0365408 -0.252515 0.593519 -0.345854 -0.726719
-0.175664 -0.178565 -0.137367 0.792482 0.0936388 0.602665
-0.183304 0.129845 0.0827081 -0.118168 -0.930621 0.346384
-0.11614 0.255315 0.0289055 -0.593519 0.345854 0.726719
0.00848625 0.250835 0.134384 0.118168 0.930621 -0.346384
-0.0301456 -0.016239 0.155538 -0.593519 0.345853 0.726719
0.0214564 -0.143825 -0.189714 0.593519 -0.345854 -0.726719
0.287559 -0.0952048 0.21943 -0.796098 -0.119711 -0.59321
0.241207 0.0833735 0.0849001 0.769879 0.507148 0.387411
0.196642 0.0116673 0.237836 0.118168 0.930621 -0.346384
-0.0364894 0.00990376 -0.359634 0.593519 -0.345854 -0.726719
0.230743 0.109382 -0.160953 0.118168 0.930621 -0.346384
-0.429664 -0.169797 -0.0248379 -0.593519 0.345853 0.72672
-0.0529632 -0.0745697 0.104809 -0.118168 -0.930621 0.346384
0.201642 -0.123517 0.0589108 0.796097 0.11971 0.59321
0.0816993 0.145256 -0.215645 0.118168 0.930621 -0.346384
-0.164655 -0.0779967 -0.247298 -0.593519 0.345854 0.726719
0.227793 -0.0347496 0.236988 -0.118168 -0.930621 0.346384
-0.22032 0.237814 -0.0700061 0.118168 0.930621 -0.346384
0.0142507 0.0812511 -0.310387 0.118168 0.930621 -0.346384
0.155618 0.107557 0.321173 -0.593519 0.345854 0.726719
0.106306 -0.149327 -0.0417056 -0.118168 -0.930621 0.346384
-0.0131578 0.236247 0.201941 -0.593519 0.345854 0.726719
0.287577 0.146232 -0.110412 0.593519 -0.345854 -0.726719
0.130174 0.251754 0.211884 0.717613 0.636219 0.283299
0.196109 -0.00547472 -0.150751 -0.118168 -0.930621 0.346383
0.422309 -0.0237918 0.219554 0.118168 0.930621 -0.346384
0.109669 -0.142452 -0.118324 0.593519 -0.345854 -0.726719
0.390845 -0.0653995 0.145087 0.593519 -0.345852 -0.726719
0.213184 0.171162 0.0240989 0.363853 0.92072 -0.141019
-0.414376 0.0184618 -0.238855 -0.361789 0.691929 -0.624774
0.277385 -0.0808198 0.0540602 -0.118168 -0.930621 0.346384
-0.243732 -0.218106 -0.26422 0.798257 0.36805 0.476787
0.191407 0.155201 -0.151499 0.118168 0.930621 -0.346384
0.42096 0.0361163 0.0597989 0.118168 0.930621 -0.346384
0.17213 -0.109477 0.3213 0.593522 -0.345851 -0.726718
0.138498 0.00696551 0.205368 0.118168 0.930621 -0.346384
0.453368 -0.0708394 0.21698 -0.118168 -0.930621 0.346384
0.309884 -0.194533 0.160963 0.420259 -0.636894 0.646335
-0.0276866 0.149748 -0.240894 0.118168 0.930621 -0.346384
-0.485671 -0.0033988 -0.14977 -0.593525 0.345847 0.726717
0.318835 -0.120754 0.0421784 0.593519 -0.345854 -0.726719
0.161995 0.0921808 0.0999806 -0.118168 -0.930621 0.346384
-0.315282 -0.20701 -0.377984 -0.796097 -0.119711 -0.59321
-0.205188 -0.161328 -0.366488 0.593519 -0.345854 -0.726719
0.198972 0.17862 0.0361236 0.363852 0.92072 -0.141019
-0.0595168 -0.115926 -0.269123 0.593519 -0.345854 -0.726719
0.356196 -0.139879 0.099125 -0.804819 -0.256004 -0.53547
0.133839 -0.0397436 0.257866 -0.118168 -0.930621 0.346384
0.134421 0.0698757 0.205147 0.593519 -0.345854 -0.726719
0.0922797 -0.108082 0.255422 0.593518 -0.345852 -0.72672
0.0441418 0.210609 -0.0528741 0.118168 0.930621 -0.346384
0.282866 0.110005 -0.141497 0.118168 0.930621 -0.346384
-0.360056 0.114922 -0.0236346 -0.593519 0.345854 0.726719
-0.501387 -0.107034 -0.13539 -0.118168 -0.930621 0.346384
-0.354576 0.00400804 -0.283328 -0.0984414 0.864982 -0.492053
0.098212 0.218651 0.249026 0.730977 0.609476 0.30694
0.0085444 0.234549 -0.000701164 0.118168 0.930621 -0.346384
-0.263131 -0.0767464 -0.316429 0.796097 0.11971 0.59321
0.191314 0.183889 0.0524673 0.769879 0.507148 0.387411
0.0855163 0.242523 0.23186 0.730977 0.609476 0.30694
-0.334061 0.0208139 -0.0374713 -0.593519 0.345854 0.726719
-0.380068 -0.157711 -0.0341489 0.417934 0.904113 -0.0889463
0.185487 0.118091 0.340554 -0.593519 0.345854 0.726719
0.405835 -0.0545011 0.244661 -0.118168 -0.930621 0.346384
0.21622 -0.13654 0.0301457 -0.118168 -0.930621 0.346384
0.294283 -0.0317664 0.154453 0.118168 0.930621 -0.346384
0.331177 0.096208 0.276327 0.71892 0.633731 0.28555
0.272236 0.109196 -0.147296 0.118168 0.930621 -0.346384
-0.265452 -0.0261985 -0.341789 0.118168 0.930621 -0.346384
-0.173821 -0.237413 -0.198981 -0.386176 0.66984 -0.634179
-0.376111 -0.0202123 -0.30176 -0.495089 0.555001 -0.668476
-0.286193 0.231255 -0.0187503 0.118168 0.930621 -0.346384
-0.0963346 -0.0223176 0.177209 -0.593519 0.345854 0.726719
-0.226308 -0.0627691 -0.424982 0.0198292 0.908968 -0.416393
0.108321 0.114795 0.142425 -0.118168 -0.930621 0.346384
0.216375 -0.0886844 0.0121171 -0.118168 -0.930621 0.346384
0.210613 0.218928 0.0818449 0.717613 0.636219 0.283299
0.169517 0.106651 0.141423 -0.118168 -0.930621 0.346384
0.11723 -0.169898 -0.0932466 -0.118168 -0.930621 0.346384
-0.028658 -0.152715 -0.0968503 -0.118168 -0.930621 0.346384
-0.378442 -0.0723439 -0.320026 -0.785246 -0.0509199 -0.617086
0.338838 -0.0928531 0.0774451 0.118168 0.930621 -0.346384
0.093706 0.271281 0.192691 -0.593519 0.345853 0.726719
0.184392 -0.00912474 -0.164554 -0.118168 -0.930621 0.346383
-0.192444 0.141433 -0.225615 -0.551315 0.483115 -0.680185
-0.255803 -0.121465 -0.0485011 -0.796097 -0.11971 -0.59321
0.28737 0.128602 -0.102191 0.593519 -0.345854 -0.726719
0.237273 -0.175137 0.106299 -0.593518 0.345852 0.72672
-0.141737 -0.133864 -0.327737 0.593519 -0.345854 -0.726719
-0.147425 -0.0141471 0.0979231 0.796097 0.119711 0.59321
0.158611 0.220427 0.210204 0.717612 0.636219 0.283299
0.163618 0.183595 0.280237 0.717613 0.636219 0.283299
0.00465497 0.180254 -0.1479 0.118168 0.930621 -0.346384
-0.283755 -0.20725 -0.26722 -0.793331 -0.099388 -0.600623
0.341597 -0.111905 0.147467 0.798711 0.364159 0.479008
0.257063 0.1558 -0.12749 0.118168 0.930621 -0.346384
0.0476842 0.14942 -0.216061 0.118168 0.930621 -0.346384
-0.196586 -0.086649 0.0233589 -0.118168 -0.930621 0.346384
0.274807 -0.0918279 0.0996754 -0.118168 -0.930621 0.346384
0.327761 0.0543331 -0.0832915 0.593519 -0.345854 -0.726719
-0.324874 -0.123322 0.00690923 -0.629994 0.362265 -0.686929
-0.197745 0.0225762 -0.209749 -0.118168 -0.930621 0.346384
0.230774 -0.0946626 0.0282818 0.593519 -0.345854 -0.726719
-0.421898 -0.0303323 -0.0848679 -0.593519 0.345854 0.726719
0.351359 0.0349431 0.353152 0.118168 0.930621 -0.346384
-0.360344 0.0146884 -0.262279 0.0198307 0.908969 -0.416392
-0.0220302 0.211208 -0.0738412 0.118168 0.930621 -0.346384
-0.181569 -0.286976 -0.2874 0.593518 -0.345853 -0.72672
0.207228 -0.0579578 -0.0788578 0.593519 -0.345854 -0.726719
0.0875989 -0.174815 -0.120946 0.593519 -0.345854 -0.726719
0.0214399 0.277589 0.119334 0.118168 0.930621 -0.346384
-0.0327643 0.195918 0.205121 -0.593519 0.345854 0.726719
0.177253 -0.0766149 0.312783 -0.590831 0.425892 -0.685226
-0.355366 -0.175548 -0.269652 -0.118168 -0.930621 0.346384
0.294335 0.130658 0.00922521 -0.593519 0.345854 0.726719
0.1979 0.142849 0.093103 0.769879 0.507148 0.387411
-0.168835 -0.0712386 -0.379672 0.593519 -0.345854 -0.726719
0.191809 0.235286 0.0637995 0.118168 0.930621 -0.346384
-0.26053 -0.172456 -0.40639 0.593519 -0.345854 -0.726719
-0.203141 0.00969492 -0.267302 -0.580024 0.442172 -0.684146
0.0413587 -0.0607744 0.17405 -0.118168 -0.930621 0.346384
0.000265071 0.072041 0.211197 -0.593519 0.345854 0.726719
-0.377069 -0.165281 -0.100679 0.593517 -0.345849 -0.726723
0.0717948 -0.0731157 0.333928 0.500157 0.865927 -0.00362114
-0.208377 -0.0272005 -0.30718 -0.593519 0.345854 0.726719
-0.475518 -0.0494677 -0.194737 -0.796097 -0.11971 -0.59321
-0.321929 -0.00470249 -0.132067 0.593519 -0.345854 -0.726719
0.265349 0.02863 0.390663 0.118168 0.930621 -0.346383
-0.376069 -0.172297 -0.145581 0.796098 0.119711 0.59321
-0.309187 -0.0637956 -0.257234 0.796097 0.11971 0.59321
0.0622146 -0.106636 0.273947 -0.695379 -0.674974 -0.246696
0.461957 -0.0625483 0.166116 -0.118168 -0.930621 0.346384
0.207479 -0.181779 0.0851272 -0.593519 0.345855 0.726718
-0.257193 -0.267876 -0.256112 -0.674359 -0.706563 -0.214496
-0.238242 -0.21618 -0.338859 -0.118168 -0.930621 0.346384
0.461774 -0.0487553 0.233003 0.796098 0.119712 0.59321
0.17805 -0.0481141 0.35747 0.774609 0.000403082 0.63244
-0.0678001 -0.0391745 0.194843 -0.118168 -0.930621 0.346384
-0.257248 -0.179289 -0.274713 -0.593519 0.345854 0.726719
-0.253047 0.00254717 -0.0792599 0.59352 -0.345854 -0.726718
0.328548 -0.159051 0.130614 -0.642271 0.340599 -0.686644
0.1039 -0.119823 0.346127 -0.0384726 -0.914118 0.403618
-0.378819 -0.113883 -0.126569 0.593519 -0.345853 -0.726719
-0.507961 -0.102825 -0.140429 -0.796097 -0.11971 -0.59321
0.363563 0.0190367 0.26927 0.796097 0.11971 0.59321
0.135018 -0.0642113 -0.134857 0.593519 -0.345853 -0.726719
-0.385282 -0.181895 0.0131801 -0.0784163 -0.923513 0.375466
0.369696 -0.0150689 0.338273 -0.118168 -0.930621 0.346384
-0.0688524 0.0481992 -0.356267 -0.580024 0.442172 -0.684146
0.104544 -0.0315684 0.229024 0.593519 -0.345854 -0.726719
-0.442107 -0.0094935 -0.11129 -0.593519 0.345854 0.726719
0.0788522 0.196895 0.295814 -0.593519 0.345854 0.726719
0.111891 0.180178 0.292845 0.730977 0.609476 0.30694
-0.324577 -0.20252 -0.210218 -0.802266 -0.32612 -0.500015
0.339778 0.0146339 0.383931 0.796098 0.119712 0.593209
0.285723 -0.0773664 0.142253 -0.118168 -0.930621 0.346384
-0.459681 -0.0836791 -0.0903375 -0.593519 0.345854 0.726719
0.0386219 -0.0912401 0.320231 -0.593519 0.345853 0.72672
0.325099 0.079584 0.14388 0.118168 0.930621 -0.346383
0.212179 0.170473 0.0170084 0.363852 0.92072 -0.141019
0.010641 -0.131161 -0.204574 0.593519 -0.345853 -0.726719
-0.297395 -0.0142375 0.00915585 -0.593519 0.345854 0.726719
-0.0766165 0.167833 -0.208998 0.118168 0.930621 -0.346384
0.0680197 -0.0683734 0.229678 -0.793332 -0.0993937 -0.600621
-0.244105 -0.147702 -0.404756 0.593519 -0.345854 -0.726719
-0.270871 0.152899 0.0311295 -0.593519 0.345854 0.726719
-0.163946 0.237142 0.0783644 -0.593519 0.345854 0.726719
0.138877 -0.0280791 0.368157 -0.769361 0.0212527 -0.63846
-0.199575 -0.175025 -0.113152 -0.796097 -0.11971 -0.59321
0.200654 0.0916195 0.248892 0.593519 -0.345854 -0.726719
-0.112811 0.0735375 -0.338386 -0.551315 0.483116 -0.680185
-0.0834735 0.244898 0.140396 -0.593519 0.345854 0.726719
0.221334 0.0428694 0.280441 -0.796098 -0.11971 -0.59321
-0.0561195 0.214401 -0.0768902 0.118168 0.930621 -0.346384
-0.175302 -0.174597 -0.21002 -0.593519 0.345854 0.726719
0.343275 0.118439 -0.0285216 0.717613 0.636218 0.283298
0.184729 0.124282 0.336989 -0.593519 0.345854 0.726719
-0.474903 -0.125808 -0.180157 -0.796097 -0.11971 -0.59321
0.178043 0.0199789 0.253821 0.118168 0.930621 -0.346384
0.293864 -0.0383819 0.320353 -0.118168 -0.930621 0.346384
-0.380754 -0.19999 -0.0513491 -0.417584 -0.90424 0.0892928
0.0571752 -0.0826493 0.120675 -0.118168 -0.930621 0.346384
0.267816 -0.22682 0.0509886 0.593519 -0.345853 -0.726719
-0.0520657 -0.196834 -0.224533 0.593519 -0.345854 -0.726719
-0.0789492 -0.0466893 -0.317945 0.593519 -0.345854 -0.726719
-0.490624 0.000282515 -0.155567 -0.593525 0.345847 0.726717
0.0938965 -0.0419067 -0.179056 0.593519 -0.345854 -0.726719
0.289481 0.0614863 0.421839 -0.593519 0.345853 0.726719
-0.223063 -0.0949522 -0.286931 -0.593519 0.345854 0.726719
0.283108 -0.0340929 0.0766089 -0.593519 0.345854 0.726719
-0.064531 -0.152732 -0.109133 -0.118168 -0.930621 0.346384
0.0413725 0.108721 0.227314 -0.593519 0.345854 0.726719
0.210197 0.0342884 0.0155853 0.796097 0.11971 0.59321
0.137079 0.105419 0.127046 -0.118168 -0.930621 0.346384
0.0294872 0.263503 0.175584 0.118168 0.930621 -0.346384
0.062093 0.0509862 0.271713 -0.593519 0.345854 0.726719
0.0580711 -0.0585285 0.185785 -0.118168 -0.930621 0.346384
-0.192142 -0.112344 -0.135776 -0.796097 -0.11971 -0.59321
0.0523743 -0.0496027 -0.209305 0.593519 -0.345854 -0.726719
0.239957 -0.00315009 0.0266409 -0.593519 0.345854 0.726719
-0.154319 -0.0157653 0.107502 0.796097 0.119711 0.59321
-0.0253568 0.171385 -0.181967 0.118168 0.930621 -0.346384
0.112365 -0.0869524 0.331584 0.0982975 0.927349 -0.361055
0.0909775 0.224212 -0.000350642 0.118168 0.930621 -0.346384
0.252405 -0.0891936 0.0230408 -0.118168 -0.930621 0.346384
-0.101608 -0.119689 -0.0330077 -0.118168 -0.930621 0.346384
0.331897 -0.117763 0.12368 -0.795717 -0.387592 -0.465411
0.086991 -0.102627 -0.155798 0.593519 -0.345854 -0.726719
0.13904 -0.0931427 -0.117803 0.593519 -0.345854 -0.726719
0.233547 0.11557 0.24938 -0.796098 -0.11971 -0.59321
-0.226619 0.222363 -0.0223164 0.118168 0.930621 -0.346384
0.381306 -0.0611725 0.0648432 0.593519 -0.345854 -0.726719
0.23464 -0.00661713 0.385491 -0.118168 -0.930621 0.346384
0.128543 -0.167446 -0.082798 -0.118168 -0.930621 0.346384
0.0535136 -0.0557088 0.191806 -0.118168 -0.930621 0.346384
-0.240928 -0.0633533 -0.0801917 -0.796097 -0.11971 -0.59321
0.24267 -0.219038 0.0952194 -0.515281 -0.856923 -0.0130165
0.00134511 0.0472752 -0.34652 0.593519 -0.345854 -0.726719
0.318566 -0.196844 0.153014 0.453884 -0.601828 0.657109
-0.316797 -0.131146 -0.00479631 -0.604268 0.404924 -0.68622
-0.220228 -0.103467 -0.0298898 -0.118168 -0.930621 0.346384
-0.275513 -0.194515 -0.293369 -0.118168 -0.930621 0.346384
0.28238 0.0294114 -0.108493 0.593519 -0.345854 -0.726719
0.129908 0.0195056 0.319944 0.118168 0.930621 -0.346384
0.335038 -0.046041 0.313822 -0.118168 -0.930621 0.346384
-0.217532 0.0453958 -0.232027 -0.580024 0.442172 -0.684146
-0.156878 0.245205 -0.0285034 0.118168 0.930621 -0.346384
-0.189857 0.0360118 0.0730687 -0.593519 0.345854 0.726719
-0.271702 -0.0169644 -0.319112 0.118168 0.930621 -0.346384
0.161308 0.192554 -0.0614111 0.118168 0.930621 -0.346384
-0.345648 -0.16237 -0.0253423 -0.00172025 0.902411 -0.430872
-0.06924 -0.130472 -0.050936 -0.118168 -0.930621 0.346384
-0.407241 -0.040286 -0.283656 -0.735744 0.132831 -0.664106
0.420861 -0.0282107 0.0814613 0.593519 -0.345854 -0.726719
-0.228226 0.0325421 -0.193373 -0.118168 -0.930621 0.346384
0.261794 -0.076232 0.251204 0.804547 0.231476 0.546921
-0.0715466 0.157639 -0.234655 0.118168 0.930621 -0.346384
-0.360672 -0.0757901 -0.129877 0.593519 -0.345854 -0.726719
-0.16023 0.203889 0.0972248 -0.593519 0.345854 0.726719
0.45899 -0.107763 0.166793 0.796098 0.11971 0.59321
0.0652314 0.268847 0.110787 0.118168 0.930621 -0.346384
-0.453081 -0.0358996 -0.227585 -0.796097 -0.119711 -0.59321
-0.334028 -0.066482 -0.223354 0.796097 0.11971 0.59321
0.210209 -0.173022 0.0652059 -0.798086 -0.36948 -0.475966
0.0929048 -0.0411826 -0.18021 0.593519 -0.345854 -0.726719
-0.261324 -0.0993126 -0.3143 0.796097 0.11971 0.59321
0.0360162 -0.0804259 0.11943 -0.118168 -0.930621 0.346384
0.0476933 -0.115724 -0.118076 -0.118168 -0.930621 0.346384
0.390998 -0.0955713 0.08913 0.593519 -0.345854 -0.726719
0.22274 -0.188338 0.0574052 -0.773752 -0.493668 -0.396989
-0.180459 0.153754 0.104563 -0.593519 0.345854 0.726719
0.194398 0.222263 0.115429 0.717613 0.636219 0.283299
-0.289448 -0.130965 0.00157404 0.749067 -0.0928415 0.655956
0.0411818 0.0634054 -0.321661 0.593519 -0.345854 -0.726719
0.455845 -0.0243103 0.229602 0.118168 0.930621 -0.346384
0.231015 0.00119307 0.221421 0.118168 0.930621 -0.346384
-0.359712 -0.0488858 -0.192438 0.796097 0.11971 0.59321
-0.217888 -0.190929 -0.268313 -0.118168 -0.930621 0.346384
-0.128587 0.17677 -0.202715 0.118168 0.930621 -0.346384
0.235878 -0.0278363 0.275191 -0.796098 -0.11971 -0.59321
-0.353277 -0.0507594 -0.341652 -0.609368 0.396739 -0.68649
-0.0744429 -0.102586 0.0222094 -0.118168 -0.930621 0.346384
-0.245603 0.0756126 0.00869428 -0.593519 0.345854 0.726719
-0.211551 -0.0567403 -0.405457 0.118168 0.930621 -0.346384
0.210585 0.0668397 0.385443 -0.593519 0.345853 0.726719
-0.388579 -0.126057 -0.0911531 0.804631 0.235415 0.545114
0.317871 0.147474 -0.0293764 0.717613 0.636219 0.283298
-0.347086 0.0587816 -0.0661781 -0.593519 0.345854 0.726719
0.201691 0.143856 0.273038 0.717613 0.636219 0.283299
0.262661 0.179106 -0.0629658 0.118168 0.930621 -0.346384
0.340022 -0.131117 0.0827139 -0.118168 -0.930621 0.346384
-0.242912 -0.208878 -0.320835 -0.118168 -0.930621 0.346384
0.211934 0.146233 0.241754 0.717612 0.636219 0.283299
-0.417039 -0.124616 -0.0446952 0.774074 0.492504 0.397806
-0.311281 -0.102966 -0.00179635 -0.775009 -0.00212349 -0.631947
-0.0774154 -0.0195453 0.191341 -0.593519 0.345854 0.726719
-0.0232848 -0.137657 -0.0545619 -0.118168 -0.930621 0.346384
0.00861214 -0.00148849 0.180172 -0.593519 0.345852 0.726719
0.447424 -0.0547521 0.182104 -0.118168 -0.930621 0.346384
0.284518 0.117703 0.343272 0.764223 0.525347 0.374131
0.0630673 0.0713315 -0.307559 0.593519 -0.345853 -0.726719
0.20644 0.148607 0.288842 0.118168 0.930621 -0.346383
-0.139934 -0.158434 -0.150178 -0.118168 -0.930621 0.346384
0.281774 0.0356339 -0.11195 0.593519 -0.345854 -0.726719
0.110406 0.110181 0.13419 0.796097 0.11971 0.59321
-0.261138 -0.0585433 -0.410602 -0.214582 0.80227 -0.557061
-0.0239482 -0.169156 -0.139416 -0.118168 -0.930621 0.346384
-0.229628 0.00878853 -0.109915 -0.796097 -0.11971 -0.59321
0.405331 -0.0689745 0.129533 -0.118168 -0.930621 0.346384
-0.415187 0.0385502 -0.21048 -0.0984414 0.864982 -0.492053
-0.135647 -0.170045 -0.179911 -0.118168 -0.930621 0.346384
0.0895905 0.1098 0.26618 -0.593519 0.345854 0.726719
-0.231118 -0.1831 -0.25179 -0.118168 -0.930621 0.346384
0.203557 -0.143048 0.00834078 -0.118168 -0.930621 0.346384
-0.0762684 0.0632212 0.152889 -0.593519 0.345854 0.726719
0.0505298 0.285023 0.149231 0.118168 0.930621 -0.346384
-0.214498 0.133307 -0.188078 -0.118168 -0.930621 0.346384
-0.231962 0.224206 -0.0191871 0.118168 0.930621 -0.346384
-0.418036 -0.139378 -0.029818 -0.593519 0.345854 0.726719
-0.265325 -0.0925838 -0.0160361 -0.118168 -0.930621 0.346384
-0.0754976 -0.0848204 -0.296979 0.593519 -0.345854 -0.726719
-0.295165 -0.0128348 -0.286336 0.796097 0.11971 0.59321
0.126784 -0.0266155 0.224382 -0.118168 -0.930621 0.346384
0.205938 0.148676 0.288855 0.118168 0.930621 -0.346383
0.456542 -0.0291897 0.154221 0.796097 0.11971 0.59321
-0.231024 -0.136803 -0.39926 0.593519 -0.345854 -0.726719
-0.10109 0.186181 0.153952 -0.593519 0.345854 0.726719
-0.204199 -0.0488011 -0.381619 0.118168 0.930621 -0.346384
0.342451 0.0365765 0.11917 -0.796097 -0.119711 -0.59321
0.214697 0.116788 0.248383 0.593519 -0.345854 -0.726719
-0.219645 0.136146 -0.182207 -0.118168 -0.930621 0.346384
-0.192915 -0.0893513 -0.390718 0.593519 -0.345854 -0.726719
0.210698 0.0313659 0.402418 -0.593519 0.345854 0.726719
-0.0578969 0.0811505 0.15936 -0.593519 0.345854 0.726719
0.151071 -0.0127062 0.104417 0.796097 0.11971 0.59321
0.203971 -0.00289139 -0.157158 0.593519 -0.345854 -0.726719
0.202596 -0.0613854 0.327414 0.774609 0.000403082 0.63244
-0.256371 -0.253755 -0.238557 -0.593518 0.345852 0.72672
-0.298942 -0.220004 -0.369843 -0.118168 -0.930621 0.346384
-0.338514 -0.145995 0.038278 -0.593519 0.345854 0.726719
-0.189939 -0.0390822 -0.286467 -0.593519 0.345854 0.726719
-0.253122 -0.0457974 -0.389211 0.0198292 0.908968 -0.416393
0.309793 0.104707 0.0341997 -0.593519 0.345853 0.726719
-0.263336 -0.100907 -0.037718 -0.118168 -0.930621 0.346384
0.0104473 0.192349 -0.113428 0.118168 0.930621 -0.346384
-0.0710263 -0.175888 -0.173563 -0.118168 -0.930621 0.346384
0.116322 0.165503 -0.149437 0.118168 0.930621 -0.346384
0.24307 -0.0157683 -0.0696635 0.593519 -0.345853 -0.726719
0.40949 0.0439645 0.0769714 0.118168 0.930621 -0.346384
0.269836 0.0826444 -0.144073 0.593519 -0.345854 -0.726719
0.0873895 -0.124884 -0.094393 0.118168 0.930621 -0.346384
0.0205585 0.0293773 -0.32231 0.593519 -0.345854 -0.726719
0.103562 -0.110834 0.0607759 -0.118168 -0.930621 0.346384
0.250544 -0.135455 -0.00659908 0.593519 -0.345854 -0.726719
0.350978 -0.132494 0.143518 0.802509 0.18595 0.566923
0.388547 -0.055968 0.250876 0.796097 0.11971 0.59321
-0.188022 -0.0516523 0.116288 -0.593519 0.345854 0.726719
-0.334158 0.148779 -0.0406684 -0.606447 0.401443 -0.686343
0.000204142 0.183643 0.237888 -0.593519 0.345854 0.726719
-0.219873 0.13765 -0.206071 -0.551315 0.483116 -0.680185
-0.155574 -0.25348 -0.183377 0.517684 -0.527314 0.673753
-0.136109 0.0089184 -0.365398 -0.551315 0.483116 -0.680185
0.0713201 -0.120255 -0.122188 -0.118168 -0.930621 0.346384
-0.237166 0.223729 -0.0222457 0.118168 0.930621 -0.346384
-0.171462 -0.130964 -0.0871309 -0.118168 -0.930621 0.346384
-0.110093 -0.0439325 -0.358534 -0.118168 -0.930621 0.346383
0.346206 -0.211643 0.120369 0.453884 -0.601828 0.657109
0.162881 -0.0316312 0.223221 -0.118168 -0.930621 0.346384
0.202581 -0.0351968 0.227185 -0.118168 -0.930621 0.346384
-0.203889 0.229144 0.0495488 -0.593519 0.345854 0.726719
0.353699 -0.0219113 0.023612 0.593519 -0.345854 -0.726719
-0.476728 -0.0115584 -0.199828 -0.775645 -0.00489249 -0.63115
-0.269567 0.0908895 -0.158509 -0.580024 0.442172 -0.684146
-0.320286 0.00186957 -0.0172056 -0.593519 0.345854 0.726719
0.0555264 -0.00418888 0.219772 -0.593519 0.345853 0.726719
-0.235251 -0.0862127 0.0113408 -0.118168 -0.930621 0.346384
-0.154854 -0.10735 -0.225323 -0.593519 0.345854 0.726719
-0.0123983 0.237046 0.202181 -0.593519 0.345854 0.726719
0.111081 0.0849807 -0.267333 0.118168 0.930621 -0.346384
0.443902 -0.105526 0.137075 0.593519 -0.345854 -0.726719
0.098458 -0.17044 -0.101106 -0.118168 -0.930621 0.346384
0.100136 0.0416329 0.161806 0.796097 0.11971 0.59321
0.167879 0.0295421 0.311324 -0.118168 -0.930621 0.346384
0.166195 0.0400614 -0.208452 0.593519 -0.345854 -0.726719
-0.271944 -0.142722 -0.291287 0.796097 0.11971 0.59321
-0.0657343 -0.160411 -0.130176 -0.118168 -0.930621 0.346384
0.0208669 -0.144141 -0.0569194 -0.118168 -0.930621 0.346384
0.259227 -0.0310703 0.328181 -0.118168 -0.930621 0.346384
0.102126 0.09637 0.166162 0.593519 -0.345854 -0.726719
-0.0421472 0.0559795 -0.373161 -0.266211 0.767768 -0.582807
-0.222043 0.234565 -0.0793219 0.118168 0.930621 -0.346384
0.199948 -0.058232 0.0480102 0.796097 0.11971 0.59321
-0.328483 -0.198918 -0.361901 -0.796097 -0.11971 -0.59321
-0.00758107 0.16335 0.232672 -0.118168 -0.930621 0.346384
-0.306106 0.0229346 -0.0156497 -0.593519 0.345854 0.726719
-0.123559 -0.0576081 -0.349182 0.593519 -0.345854 -0.726719
0.271339 0.0434874 0.384086 -0.118168 -0.930621 0.346384
0.192875 0.175236 0.0606921 0.769879 0.507148 0.387411
-0.334552 -0.156022 -0.0173549 -0.23871 0.786678 -0.569346
0.146303 0.142135 0.297109 -0.593519 0.345854 0.726719
-0.249816 0.0255109 -0.0875503 0.59352 -0.345854 -0.726718
-0.196214 0.0736353 -0.23185 -0.580024 0.442172 -0.684146
-0.423012 -0.0718503 -0.260684 -0.796097 -0.119711 -0.59321
-0.327708 -0.0603682 -0.369792 -0.58283 0.437993 -0.68445
-0.101948 0.241923 0.04687 -0.593519 0.345853 0.726719
0.400457 0.0538926 0.195379 0.735804 0.59902 0.315859
0.211437 0.154524 0.0509187 0.769879 0.507148 0.387411
0.172201 0.0480546 0.246388 0.593519 -0.345854 -0.726719
-0.281941 -0.194025 -0.294244 -0.118168 -0.930621 0.346384
-0.378479 -0.174141 -0.273757 -0.118168 -0.930621 0.346384
-0.20607 0.0595054 -0.232626 -0.580024 0.442172 -0.684146
-0.14141 -0.22971 -0.217454 -0.629995 0.362264 -0.686929
-0.194223 -0.279397 -0.301342 0.59352 -0.345854 -0.726718
-0.350039 0.124643 -0.0200806 -0.593519 0.345854 0.726719
-0.238617 0.0336557 -0.193926 -0.118168 -0.930621 0.346384
-0.22984 0.122454 -0.171789 -0.580024 0.442172 -0.684146
0.318142 0.121033 0.0293157 0.717613 0.636219 0.283298
-0.0402754 0.0837432 -0.348434 0.593519 -0.345854 -0.726719
0.289781 -0.029482 -0.0249876 0.593519 -0.345854 -0.726719
-0.203164 0.0035419 -0.271259 -0.580024 0.442172 -0.684146
0.0155776 0.195874 -0.102208 0.118168 0.930621 -0.346384
-0.0321485 0.152252 0.194473 -0.118168 -0.930621 0.346384
0.176142 -0.0313171 0.228589 -0.118168 -0.930621 0.346384
0.212792 -0.0951559 0.0138304 0.593519 -0.345854 -0.726719
0.465205 -0.112262 0.159361 0.796098 0.11971 0.59321
0.366038 -0.050477 0.279976 0.796098 0.11971 0.59321
0.139966 0.03644 0.225588 0.593519 -0.345854 -0.726719
-0.0621171 -0.0472856 0.17499 -0.118168 -0.930621 0.346384
-0.230537 0.0489378 -0.116797 -0.796097 -0.11971 -0.59321
0.228206 0.00489171 -0.11195 -0.118168 -0.930621 0.346384
0.18957 0.129985 0.126497 0.769879 0.507148 0.387411
0.154108 0.141301 0.187234 0.593519 -0.345854 -0.726719
0.279281 -0.110231 0.109718 -0.593519 0.345853 0.726719
-0.161581 0.148462 0.1225 -0.593519 0.345854 0.726719
-0.0126384 0.188366 -0.132005 0.118168 0.930621 -0.346384
0.0698305 -0.111861 0.353978 -0.235273 -0.938074 0.25429
0.253917 -0.0394319 0.23332 -0.118168 -0.930621 0.346384
-0.221465 -0.00708866 -0.117664 -0.796097 -0.11971 -0.59321
-0.0809551 -0.0165703 0.151084 0.118168 0.930621 -0.346384
0.358674 -0.0763675 0.0535912 0.593519 -0.345854 -0.726719
-0.383203 -0.0638935 -0.15394 0.593519 -0.345854 -0.726719
0.0705946 -0.111343 -0.0945996 0.593519 -0.345854 -0.726719
0.31939 0.108264 -0.0663603 0.593519 -0.345853 -0.726719
0.0277593 -0.05206 0.192823 -0.118168 -0.930621 0.346384
0.205909 0.0616104 0.267466 0.593519 -0.345854 -0.726719
-0.343149 0.0214184 -0.161829 0.593519 -0.345854 -0.726719
0.284073 -0.201862 0.15724 -0.59352 0.345853 0.726719
0.383752 -0.128301 0.109433 -0.118168 -0.930621 0.346384
0.31058 0.10886 0.0328661 -0.593519 0.345853 0.726719
0.376063 -0.0343587 0.0478005 0.593519 -0.345854 -0.726719
0.0354726 0.0635368 0.243999 -0.593519 0.345854 0.726719
0.0771197 -0.0609377 0.185811 -0.118168 -0.930621 0.346384
0.301917 0.0128703 -0.0653671 -0.118168 -0.930621 0.346384
-0.131172 -0.0531134 0.135774 -0.118168 -0.930621 0.346384
-0.234986 -0.0958267 -0.421997 0.593519 -0.345853 -0.726719
0.213847 -0.142959 -0.0329994 0.593519 -0.345854 -0.726719
-0.349339 -0.133804 0.0236354 -0.593522 0.345851 0.726718
-0.0168818 0.035797 -0.355943 0.593519 -0.345854 -0.726719
-0.0400194 -0.00238341 0.154627 -0.118168 -0.930621 0.346384
-0.141474 -0.0712191 0.0836155 -0.118168 -0.930621 0.346384
-0.185771 -0.144647 -0.128773 -0.118168 -0.930621 0.346384
0.295883 0.123604 0.268181 0.430645 0.899293 -0.0762706
-0.0464309 -0.119821 -0.256582 0.593519 -0.345854 -0.726719
-0.376843 -0.0605893 -0.321394 -0.735745 0.132827 -0.664105
0.111616 -0.00631659 -0.230955 0.593519 -0.345854 -0.726719
-0.0448147 -0.0442152 -0.291244 0.593519 -0.345854 -0.726719
-0.283003 -0.181804 -0.420296 0.593519 -0.345854 -0.726719
-0.234757 -0.150602 -0.395741 0.593519 -0.345854 -0.726719
-0.01412 -0.111579 0.0186274 -0.118168 -0.930621 0.346384
-0.226544 0.130267 -0.169534 -0.580024 0.442172 -0.684146
0.324074 -0.18367 0.115108 -0.368455 0.68601 -0.627401
0.177604 0.0785398 0.0686566 -0.118168 -0.930621 0.346384
-0.244352 -0.149189 -0.0527747 0.762784 -0.0462741 0.644996
-0.11884 0.24462 0.0742493 0.118168 0.930621 -0.346384
-0.39709 -0.181316 -0.0973995 -0.732203 -0.606863 -0.309185
0.403541 0.00343121 0.0522574 0.593519 -0.345854 -0.726719
0.0826645 0.134448 -0.244353 0.118168 0.930621 -0.346384
0.115599 0.0122404 -0.236534 0.593519 -0.345854 -0.726719
0.0581594 0.271457 0.206735 0.118168 0.930621 -0.346384
-0.00906674 0.232729 0.206956 -0.593519 0.345854 0.726719
-0.232892 -0.224624 -0.277337 0.798256 0.368061 0.47678
0.252999 0.122262 0.0105581 0.769879 0.507148 0.387411
-0.188692 -0.0432941 -0.15434 -0.796097 -0.11971 -0.59321
0.185791 0.176053 0.0737001 0.769879 0.507148 0.387411
0.318542 -0.0263644 -0.00298191 0.593519 -0.345854 -0.726719
-0.350712 0.00997637 -0.272107 0.0198307 0.908969 -0.416392
0.25182 0.0385394 0.364133 -0.118168 -0.930621 0.346384
0.319108 0.0341527 0.325879 0.796097 0.11971 0.59321
-0.2974 0.0552859 -0.140583 0.593519 -0.345854 -0.726719
-0.333435 0.0245408 -0.155381 0.593519 -0.345854 -0.726719
0.260691 0.100411 0.216011 -0.796098 -0.11971 -0.59321
0.0703442 0.249838 0.253467 0.730977 0.609476 0.30694
0.0683133 -0.0949608 0.0913979 -0.118168 -0.930621 0.346384
0.0796538 -0.114225 0.0435109 -0.118168 -0.930621 0.346384
-0.235645 0.23318 0.00366493 0.118168 0.930621 -0.346384
0.107514 0.189524 0.28471 0.730977 0.609476 0.30694
0.185385 -0.153046 -0.0247193 -0.118168 -0.930621 0.346384
0.430608 0.0406037 0.148875 0.700304 0.666916 0.254553
0.107229 0.166177 0.279434 -0.118168 -0.930621 0.346384
-0.173648 0.10685 -0.265413 -0.551315 0.483116 -0.680185
0.318408 0.0294363 0.152877 -0.796097 -0.119711 -0.59321
0.327271 -0.105596 0.146706 -0.593519 0.345853 0.726719
0.092534 0.0397833 0.185259 0.593519 -0.345854 -0.726719
0.395331 0.0629522 0.128833 0.289724 0.934237 -0.207993
-0.173148 -0.121854 -0.359106 0.593519 -0.345854 -0.726719
0.181187 -0.0940063 0.339044 0.57636 -0.447578 0.683727
-0.211798 0.0160642 0.0646427 -0.593519 0.345854 0.726719
0.32243 0.0340383 0.403297 0.796097 0.119711 0.59321
-0.320006 0.128488 0.00261778 -0.593519 0.345854 0.726719
-0.355992 -0.164912 0.0330064 -0.593519 0.345854 0.726719
0.219798 -0.151954 0.0431933 -0.785609 -0.0528552 -0.616461
0.0237521 -0.0922985 0.0833485 -0.118168 -0.930621 0.346384
0.405732 0.0383936 0.204043 0.798777 0.36358 0.479338
-0.224183 -0.170048 -0.377851 0.593519 -0.345854 -0.726719
0.225586 0.0801815 0.267206 -0.796098 -0.11971 -0.59321
-0.0617643 -0.0430828 -0.355059 0.593519 -0.345854 -0.726719
-0.324804 -0.00656566 -0.306937 -0.0196733 0.896454 -0.4427
0.0489091 -0.0890907 -0.193342 0.593519 -0.345854 -0.726719
0.287067 -0.105153 0.222097 -0.796097 -0.119711 -0.59321
0.317659 -0.11601 0.183234 -0.796097 -0.119711 -0.59321
-0.198306 -0.203777 -0.340665 0.593519 -0.345854 -0.726719
0.0939746 -0.137273 -0.0135281 -0.118168 -0.930621 0.346384
0.224461 -0.00916124 0.375183 -0.118168 -0.930621 0.346384
-0.348162 -0.0975621 -0.0619076 -0.118168 -0.930621 0.346384
-0.13723 0.240697 0.0574346 0.118168 0.930621 -0.346384
0.14741 0.232798 0.210792 0.717612 0.636219 0.283299
0.0339848 0.212366 0.251808 -0.593519 0.345854 0.726719
0.287571 0.142304 -0.00184151 -0.593519 0.345854 0.726719
-0.0369171 0.0983385 0.168315 -0.593519 0.345854 0.726719
-0.194534 0.0389401 0.0678551 -0.593519 0.345854 0.726719
-0.233004 -0.0976513 -0.293765 -0.593519 0.345854 0.726719
0.360603 -0.0758747 0.24239 -0.118168 -0.930621 0.346384
0.240484 -0.0969923 0.0740911 -0.118168 -0.930621 0.346384
0.334677 0.0632707 0.124216 -0.796098 -0.11971 -0.59321
-0.0656572 0.152246 0.183026 -0.118168 -0.930621 0.346384
0.219067 0.0477583 0.388295 0.593519 -0.345852 -0.726719
-0.38729 0.0188987 -0.0800323 -0.593519 0.345854 0.726719
-0.0908826 0.144571 -0.276361 0.118168 0.930621 -0.346384
-0.154663 -0.199782 -0.306923 0.593519 -0.345853 -0.726719
0.0984381 -0.0405434 0.180668 0.796097 0.11971 0.59321
0.0256761 0.271439 0.195605 0.118168 0.930621 -0.346384
-0.14998 0.100002 -0.254006 -0.580024 0.442172 -0.684146
-0.278644 0.199399 -0.0772023 -0.593519 0.345854 0.726719
0.259143 -0.0181679 0.179 0.118168 0.930621 -0.346384
0.158124 -0.0426904 0.191886 -0.118168 -0.930621 0.346384
-0.361981 -0.0553173 -0.140689 0.593519 -0.345854 -0.726719
-0.09833 -0.138996 -0.0837598 -0.118168 -0.930621 0.346384
-0.269494 0.230187 -0.0159219 0.118168 0.930621 -0.346384
0.178381 -0.11448 0.0765054 -0.118168 -0.930621 0.346384
0.176541 -0.149049 -0.0169982 -0.118168 -0.930621 0.346384
-0.191294 -0.150709 -0.360194 0.593519 -0.345854 -0.726719
0.103451 0.00545693 0.254322 -0.593519 0.345853 0.726719
-0.165766 -0.0310435 -0.18758 -0.796097 -0.11971 -0.59321
-0.267094 -0.0917209 -0.441356 -0.554907 0.478164 -0.680762
0.324644 -0.136892 0.0546026 0.593519 -0.345854 -0.726719
-0.110988 0.258566 0.0230484 0.118168 0.930621 -0.346384
-0.242621 -0.199578 -0.272473 0.785242 0.0508978 0.617093
-0.36801 -0.166679 -0.250137 -0.118168 -0.930621 0.346384
-0.118977 0.173397 0.145428 -0.593519 0.345854 0.726719
0.301101 0.115623 -0.111675 0.363852 0.92072 -0.141019
0.2182 0.120572 0.0819241 0.769879 0.507148 0.387411
0.0691357 0.205145 -0.0590275 0.118168 0.930621 -0.346384
-0.00937621 -0.0593462 -0.2551 0.593519 -0.345854 -0.726719
0.0769534 -0.0256191 0.279114 0.708182 -0.204579 0.675741
0.128825 -0.0085925 -0.215817 0.593519 -0.345854 -0.726719
0.0271818 0.0999838 -0.30107 0.593519 -0.345854 -0.726719
0.199516 0.1513 0.293716 0.118168 0.930621 -0.346383
0.163204 0.100523 -0.207796 0.118168 0.930621 -0.346384
-0.15716 -0.163323 -0.200569 -0.593519 0.345854 0.726719
0.327344 -0.128808 0.157813 -0.593519 0.345854 0.726719
0.0128197 0.160633 0.232332 -0.118168 -0.930621 0.346384
-0.0309102 0.0185414 -0.359188 0.593519 -0.345854 -0.726719
-0.0741222 0.20561 -0.106651 0.118168 0.930621 -0.346384
-0.341288 -0.197866 -0.0559481 0.593521 -0.345854 -0.726717
-0.340137 -0.0317917 -0.222158 0.796097 0.11971 0.59321
0.145433 -0.110862 0.0749849 -0.118168 -0.930621 0.346384
-0.126754 0.137752 -0.281474 -0.551315 0.483115 -0.680185
-0.200495 0.104075 0.0319881 -0.593519 0.345854 0.726719
0.191903 0.161019 0.259289 0.717613 0.636219 0.283299
0.404494 0.00178159 0.217821 0.796097 0.11971 0.59321
0.10063 0.0355492 0.162372 0.796097 0.11971 0.59321
0.25937 0.154836 -0.129295 0.118168 0.930621 -0.346384
0.331041 -0.0539724 0.291149 -0.118168 -0.930621 0.346384
-0.286459 -0.197692 -0.26455 -0.77594 -0.00618411 -0.630776
-0.338607 -0.0314957 -0.0162891 -0.593519 0.345854 0.726719
0.19442 0.137346 0.338686 -0.593519 0.345854 0.726719
0.00878797 -0.178075 -0.152211 -0.118168 -0.930621 0.346384
0.34253 -0.193545 0.0961725 0.59352 -0.345853 -0.726719
-0.226428 -0.0350881 -0.352359 0.118168 0.930621 -0.346384
0.269103 0.134233 0.273905 0.252534 0.937385 -0.239865
0.175877 0.24868 0.103019 0.717613 0.636219 0.283299
0.16913 0.164961 0.304889 -0.593519 0.345853 0.726719
-0.169839 -0.0478197 -0.378359 -0.551315 0.483116 -0.680185
0.047831 0.265466 0.187115 0.118168 0.930621 -0.346384
-0.13617 -0.189756 -0.237281 -0.118168 -0.930621 0.346384
-0.165086 0.235719 -0.0567909 0.118168 0.930621 -0.346384
0.283089 -0.238331 0.0837333 -0.310593 -0.931438 0.189617
0.331089 -0.0222113 0.00528864 0.593519 -0.345854 -0.726719
-0.0866653 0.0399068 0.155493 -0.593519 0.345854 0.726719
-0.196907 -0.156069 -0.113807 0.80251 0.185956 0.56692
0.0717503 -0.0372258 0.283393 0.780604 0.0275469 0.624418
0.390858 -0.0112428 0.24254 0.118168 0.930621 -0.346384
0.124484 -0.0273565 0.221607 -0.118168 -0.930621 0.346384
0.372945 -0.102122 0.176081 -0.118168 -0.930621 0.346384
0.209822 0.0233698 0.273773 0.118168 0.930621 -0.346384
-0.175741 -0.106016 -0.0215619 -0.118168 -0.930621 0.346384
-0.194882 0.087798 0.0443189 -0.593519 0.345854 0.726719
-0.149766 -0.0610559 -0.202995 -0.796097 -0.11971 -0.59321
-0.27185 0.210877 -0.0771163 -0.593519 0.345854 0.726719
-0.26065 -0.153003 -0.0347673 0.721135 -0.172393 0.671003
0.306189 -0.170096 0.140308 -0.403651 0.65326 -0.64056
0.116113 0.00794974 0.336313 -0.593519 0.345854 0.726719
-0.0624396 0.0283204 0.180792 -0.593519 0.345854 0.726719
-0.290889 -0.0811766 -0.41446 -0.58283 0.437993 -0.68445
-0.479109 0.0262686 -0.158529 -0.59352 0.345853 0.726718
0.438853 -0.107556 0.183967 -0.118168 -0.930621 0.346384
-0.180735 -0.244683 -0.20435 -0.238708 0.786679 -0.569345
0.0708356 0.108354 -0.269401 0.593519 -0.345854 -0.726719
-0.476249 -0.049274 -0.193794 -0.796097 -0.11971 -0.59321
0.20624 0.00629298 0.0265455 0.796097 0.11971 0.59321
-0.260988 0.101801 -0.15873 -0.580024 0.442172 -0.684146
-0.152975 0.0460257 -0.286352 -0.580024 0.442172 -0.684146
-0.339784 -0.176882 -0.267919 -0.118168 -0.930621 0.346384
-0.258003 0.0880978 -0.170117 -0.580024 0.442172 -0.684146
0.222233 -0.0018655 -0.093298 0.593519 -0.345854 -0.726719
0.136519 0.220754 0.00589479 0.118168 0.930621 -0.346384
0.0250819 -0.183933 -0.16239 -0.118168 -0.930621 0.346384
0.0798158 0.0702543 -0.293368 0.593519 -0.345854 -0.726719
0.217413 0.0242614 -0.159102 0.593519 -0.345854 -0.726719
-0.00751654 0.14406 0.180868 -0.118168 -0.930621 0.346384
0.193112 -0.115856 0.068813 0.796097 0.11971 0.59321
-0.177477 -0.123227 -0.0683955 -0.118168 -0.930621 0.346384
0.377556 -0.0357744 0.285326 -0.118168 -0.930621 0.346384
-0.0146055 -0.0884807 0.0805203 -0.118168 -0.930621 0.346384
-0.405292 0.0485473 -0.188678 0.118168 0.930621 -0.346384
-0.233955 -0.0661385 -0.309539 -0.593519 0.345854 0.726719
-0.21137 -0.161711 -0.0932431 0.784518 0.0470841 0.618316
-0.29547 -0.0353898 -0.0958529 0.593519 -0.345854 -0.726719
0.198926 0.0140717 0.245075 0.118168 0.930621 -0.346384
0.160409 0.15083 -0.173819 0.118168 0.930621 -0.346384
0.20048 -0.0657975 -0.0806383 0.593519 -0.345854 -0.726719
0.441036 0.039511 0.0975147 0.463485 0.885076 -0.0426844
-0.208993 -0.164212 -0.102695 -0.796097 -0.11971 -0.59321
-0.193302 0.0124823 -0.235353 -0.118168 -0.930621 0.346384
-0.148982 0.169555 0.122751 -0.593519 0.345854 0.726719
0.321306 0.0389539 -0.0812441 0.593519 -0.345854 -0.726719
0.228212 0.0820989 0.0954833 -0.118168 -0.930621 0.346384
-0.288544 -0.194311 -0.416429 -0.796097 -0.119711 -0.59321
0.124208 0.107597 0.128508 -0.118168 -0.930621 0.346384
-0.217826 0.0211095 -0.12824 -0.796097 -0.11971 -0.59321
-0.344838 -0.0391062 -0.134403 0.593519 -0.345854 -0.726719
0.297878 -0.0850423 0.125777 -0.118168 -0.930621 0.346384
0.278852 0.118032 0.353968 0.775685 0.486571 0.401946
-0.375548 -0.147115 -0.155455 -0.775941 -0.00618883 -0.630775
0.449952 -0.0703259 0.149121 -0.593519 0.345853 0.726719
-0.298087 0.067777 -0.149267 -0.580024 0.442172 -0.684146
0.30523 -0.0800415 0.212305 -0.118168 -0.930621 0.346384
0.114303 0.0559447 0.139907 0.796097 0.11971 0.59321
0.0364416 0.102312 0.226336 -0.593519 0.345854 0.726719
-0.0550933 -0.0291168 0.214127 -0.593519 0.345854 0.726719
0.19843 -0.0259906 0.137271 0.118168 0.930621 -0.346384
-0.0569235 0.119962 0.141684 -0.593519 0.345854 0.726719
-0.295881 -0.0957855 -0.268636 0.796097 0.11971 0.59321
-0.175939 0.0164656 -0.327754 -0.551315 0.483116 -0.680185
0.185711 0.175071 0.0751457 0.769879 0.507148 0.387411
-0.265132 -0.113338 -0.0314506 0.804547 0.23147 0.546923
0.135535 -0.100503 0.366521 0.349973 -0.70221 0.620016
0.249391 -0.176285 0.109118 0.560407 0.825683 0.0647386
0.266614 -0.0572151 0.0766416 0.118168 0.930621 -0.346384
-0.230958 -0.242083 -0.254403 0.674829 0.705901 0.215194
0.266989 0.174151 0.0395996 0.717612 0.636219 0.283298
0.0767439 0.0498536 -0.286168 0.593519 -0.345854 -0.726719
-0.319113 0.109086 -0.0193977 -0.118168 -0.930621 0.346384
-0.190087 -0.26663 -0.301769 0.652149 0.735812 0.182436
0.355054 0.0892659 0.1974 0.430646 0.899292 -0.0762696
0.0624865 -0.0893257 -0.182141 0.593519 -0.345854 -0.726719
0.177175 -0.117273 -0.0433146 0.118168 0.930621 -0.346384
0.308344 0.102503 0.19974 0.118168 0.930621 -0.346384
-0.0931092 0.250039 0.0975858 0.118168 0.930621 -0.346384
0.114228 0.186258 -0.0943894 0.118168 0.930621 -0.346384
0.21392 -0.164861 0.0545279 -0.804661 -0.237077 -0.544348
-0.147833 -0.101605 -0.000191051 -0.118168 -0.930621 0.346384
-0.342721 0.0545462 -0.165524 -0.551314 0.483116 -0.680185
-0.403131 0.0311531 -0.225872 -0.137514 0.846101 -0.514979
0.128275 0.0662693 0.318491 -0.593519 0.345854 0.726719
0.297769 0.000763265 0.186361 -0.796097 -0.119711 -0.59321
-0.00421465 0.147446 0.19109 -0.118168 -0.930621 0.346384
0.273613 -0.116616 0.0990185 -0.118168 -0.930621 0.346384
-0.142902 -0.232609 -0.182497 0.676064 -0.275657 0.683337
0.344306 0.0943047 0.0230664 0.717613 0.636218 0.283298
0.320539 0.0635824 0.143126 -0.796098 -0.11971 -0.59321
-0.164721 -0.148748 -0.132609 -0.118168 -0.930621 0.346384
0.249979 0.00575369 0.42396 -0.118168 -0.930621 0.346384
0.233338 -0.0684679 0.288709 0.798485 0.139972 0.585517
-0.247281 -0.189978 -0.387231 0.593519 -0.345854 -0.726719
-0.138414 -0.143267 -0.320548 0.593519 -0.345854 -0.726719
0.183521 0.164124 0.273546 0.717613 0.636219 0.283299
-0.315373 -0.091124 0.0019402 -0.798687 -0.141848 -0.584789
0.142367 0.244625 0.197008 0.717612 0.636219 0.283299
-0.0211475 0.225709 0.20043 -0.593519 0.345854 0.726719
0.378201 -0.0268938 0.309405 -0.118168 -0.930621 0.346384
-0.0098741 -0.102831 0.0435786 -0.118168 -0.930621 0.346384
-0.258957 0.148401 -0.162694 -0.118168 -0.930621 0.346384
-0.215452 -0.148253 -0.255348 -0.593519 0.345854 0.726719
-0.283449 -0.220223 -0.26388 -0.804661 -0.237079 -0.544347
-0.137319 0.0639727 -0.325314 -0.551315 0.483116 -0.680185
