ply
format ascii 1.0
comment Created by Open3D
element vertex 128
property double x
property double y
property double z
property double nx
property double ny
property double nz
end_header
-0.24372 0.0539676 0.334304 0.479247 0.235212 0.845576
0.164605 -0.26016 -0.232108 -0.479249 -0.23521 -0.845575
0.00129775 -0.147891 0.110797 -0.479247 -0.235212 -0.845576
-0.0534827 -0.191684 0.28055 -0.550754 -0.669533 0.498393
-0.0393237 -0.0675645 0.128529 0.550754 0.669533 -0.498393
-0.0897143 -0.227015 0.18439 -0.479247 -0.235212 -0.845576
-0.452106 0.0690381 0.190298 -0.550754 -0.669533 0.498393
-0.00633803 -0.25163 0.143982 -0.479247 -0.235212 -0.845576
0.201469 -0.374438 0.11668 0.479247 0.235214 0.845575
-0.35064 0.102077 0.100682 -0.0721369 0.633063 0.770732
-0.0858882 -0.242343 -0.0950925 -0.479247 -0.235212 -0.845576
-0.188494 -0.161377 -0.0594608 -0.479247 -0.235212 -0.845575
-0.474217 0.162032 0.290791 -0.550754 -0.669533 0.498393
0.222627 -0.172285 0.0607132 -0.683369 0.704557 0.191328
-0.401753 0.0940316 0.279518 -0.550754 -0.669533 0.498393
-0.338101 0.074721 -0.0104936 0.550754 0.669533 -0.498393
-0.110093 -0.319199 0.046691 -0.550753 -0.669533 0.498393
-0.420255 0.131797 -0.00965739 -0.479247 -0.235212 -0.845576
-0.127185 -0.0984553 0.163342 -0.155774 -0.504173 -0.849438
0.0197832 -0.104689 0.229092 0.479247 0.235212 0.845576
0.39727 -0.0215944 -0.0438429 0.550754 0.669533 -0.498393
0.331251 -0.0870184 -0.084965 -0.316442 0.94493 -0.0834991
0.294541 -0.0188547 -0.232086 -0.479247 -0.235212 -0.845576
-0.244217 -0.222192 0.0287939 -0.550754 -0.669533 0.498393
-0.302611 -0.13967 0.0751237 -0.550754 -0.669533 0.498393
-0.334872 -0.0306697 -0.0128565 -0.479247 -0.235212 -0.845576
0.0644509 -0.259544 0.246851 0.479247 0.235212 0.845576
-0.53304 0.100312 0.0630238 -0.479247 -0.235212 -0.845576
-0.399414 0.15572 0.364973 -0.550754 -0.669533 0.498393
0.472445 -0.183024 -0.156563 0.85937 -0.32152 -0.397628
-0.36637 0.00662526 0.201197 -0.550754 -0.669533 0.498393
0.391824 -0.240224 0.0559315 0.479247 0.235212 0.845576
-0.187036 -0.29856 -0.0221274 -0.479247 -0.235212 -0.845576
0.363553 -0.174936 -0.108891 0.6096 -0.782325 -0.127885
-0.00048275 -0.20798 -0.0171817 0.550754 0.669533 -0.498393
0.179413 -0.440607 0.0233461 0.683369 -0.704557 -0.191328
0.397507 -0.00350557 -0.0192803 0.550754 0.669533 -0.498393
0.0280519 -0.0755597 0.216303 0.479247 0.235212 0.845576
-0.319901 0.141828 0.195315 0.550754 0.669532 -0.498394
0.086374 -0.266751 -0.0592576 -0.439366 0.898308 -0.000860795
0.187636 -0.230665 0.169001 0.479249 0.235211 0.845575
-0.149228 -0.0425058 0.0407417 0.550753 0.669533 -0.498394
-0.129794 0.0768005 0.263383 0.479247 0.235212 0.845576
0.313012 -0.0888645 0.0584968 0.479247 0.235212 0.845576
-0.462739 0.0182803 0.110361 -0.550753 -0.669531 0.498397
-0.255333 -0.227483 -0.00318981 -0.479247 -0.235212 -0.845576
0.0744178 -0.256559 -0.181995 -0.479247 -0.235212 -0.845576
-0.194959 -0.0405796 0.327202 -0.550754 -0.669533 0.498393
0.240694 -0.0370207 -0.0557258 0.479245 0.235209 0.845577
-0.430038 0.226792 0.0922011 0.550753 0.669535 -0.498392
0.319476 -0.191756 -0.338912 -0.479246 -0.235216 -0.845574
0.090239 -0.418324 0.0590324 0.751264 0.388185 -0.533774
-0.215023 0.182618 0.270463 0.550754 0.669533 -0.498393
0.269038 -0.131678 -0.0313809 -0.479246 -0.235212 -0.845576
-0.289958 0.265012 0.298342 0.550754 0.669533 -0.498393
0.139276 -0.437608 0.163189 -0.550754 -0.669534 0.498392
0.0398964 -0.345174 0.177544 -0.550754 -0.669533 0.498393
-0.260725 -0.0453208 0.248158 -0.550754 -0.669533 0.498393
-0.160385 -0.129975 0.245316 -0.550754 -0.669533 0.498393
-0.389448 0.244781 0.320924 -0.683369 0.704557 0.191328
-0.0509402 0.0142464 0.225596 0.550754 0.669533 -0.498393
-0.167983 -0.230544 0.0889429 0.479247 0.235212 0.845576
0.0564057 -0.495963 -0.0083864 -0.425813 -0.780131 0.458345
0.270264 -0.273344 -0.2681 0.683369 -0.704557 -0.191328
-0.0871303 -0.389704 -0.0226491 -0.550754 -0.669533 0.498393
-0.384448 0.158265 0.38493 -0.550754 -0.669533 0.498393
0.4249 -0.0924311 -0.144714 0.479247 0.23521 0.845576
0.1794 -0.362495 -0.212027 -0.479247 -0.235212 -0.845576
0.414432 -0.151038 0.0155445 -0.316424 0.944935 -0.0835103
-0.408313 -0.0710677 0.0504764 -0.550754 -0.669533 0.498393
-0.469567 0.198274 0.206017 -0.683369 0.704557 0.191328
-0.433824 0.0420457 0.0229993 -0.479247 -0.235212 -0.845576
-0.292554 -0.0885537 0.154906 -0.550754 -0.669533 0.498393
0.0987627 -0.395318 -0.0393575 -0.479973 -0.73636 0.476865
0.283055 -0.113258 -0.188713 0.147956 -0.971284 0.186323
0.421084 -0.210211 -0.245583 0.85937 -0.321518 -0.397629
-0.105329 -0.0476976 0.284149 0.479247 0.235212 0.845576
0.108309 -0.174893 0.147487 0.550754 0.669533 -0.498393
0.220274 -0.112641 -0.304695 -0.479242 -0.235212 -0.845578
0.197577 -0.220876 -0.135014 0.479247 0.235212 0.845576
0.302716 -0.309835 -0.155778 -0.479246 -0.235212 -0.845576
0.137344 -0.322271 0.18398 0.683369 -0.704557 -0.191328
-0.233914 0.00501535 0.0109978 0.550754 0.669533 -0.498393
-0.480242 0.209066 0.0129099 0.550754 0.669533 -0.498393
0.167486 -0.103682 -0.101624 -0.85937 0.32152 0.397628
0.323681 -0.203263 -0.197306 -0.479247 -0.235212 -0.845575
-0.376559 -0.0537245 0.108865 -0.550754 -0.669534 0.498391
-0.0982612 -0.13812 0.0237175 0.479247 0.235212 0.845576
-0.537489 0.140225 0.177187 -0.683369 0.704557 0.191328
-0.508209 0.102818 0.0482533 -0.479247 -0.235212 -0.845576
0.22056 -0.321437 -0.120067 0.479247 0.235212 0.845576
0.381814 -0.00455333 -0.164993 0.283812 0.870129 -0.402898
0.167844 -0.152286 -0.208599 -0.683369 0.704557 0.191328
0.312664 -0.231071 -0.0284586 -0.479248 -0.235211 -0.845575
0.359132 -0.28966 -0.0835747 0.190893 -0.968292 0.161155
-0.00638758 -0.38138 0.0777584 -0.550754 -0.669533 0.498393
0.312683 -0.317914 0.0475362 0.683369 -0.704557 -0.191328
0.409162 -0.0870956 -0.24945 0.727711 0.432117 -0.532646
0.193087 -0.172847 -0.0436287 -0.826285 -0.203929 0.52504
0.16037 -0.417858 -0.128445 0.683369 -0.704557 -0.191328
0.238092 -0.0922419 -0.31465 0.550754 0.669533 -0.498393
0.220767 -0.292414 -0.0294332 0.550754 0.669533 -0.498393
0.143076 -0.449973 0.150208 -0.462963 -0.750741 0.471225
-0.2368 0.076144 0.103362 0.550752 0.669533 -0.498395
0.444728 -0.244819 -0.123289 0.669426 -0.72103 -0.178843
0.0620958 -0.358069 -0.146774 -0.479247 -0.235212 -0.845576
0.0740031 -0.241319 0.236368 0.479247 0.235212 0.845576
-0.161654 -0.142012 -0.0800598 -0.479247 -0.235212 -0.845576
0.0648581 -0.505879 -0.107224 -0.479246 -0.235211 -0.845576
0.0578235 -0.276433 0.042364 -0.658628 0.715407 0.233243
-0.290419 0.141099 0.336535 0.479247 0.235212 0.845576
-0.337665 0.0459707 0.285774 -0.550754 -0.669533 0.498393
-0.0265332 -0.46163 -0.0677345 -0.479247 -0.235212 -0.845576
0.23213 -0.0157008 -0.157602 -0.434919 0.900461 -0.0039799
-0.24794 0.0519509 0.337257 0.479247 0.235212 0.845576
0.0989851 -0.169475 0.144464 0.550754 0.669533 -0.498393
0.236556 -0.381602 0.0101578 0.683369 -0.704557 -0.191328
-0.105635 -0.387708 -0.0404169 -0.550754 -0.669533 0.498393
-0.199336 0.109272 0.189265 0.550754 0.669533 -0.498393
0.312516 -0.180498 0.0842674 0.479243 0.235216 0.845576
-0.255155 -0.0723747 -0.0464368 -0.479247 -0.235212 -0.845576
-0.196748 -0.114042 0.106236 0.833009 -0.478545 0.277654
-0.396151 0.271743 0.197695 -0.683369 0.704557 0.191328
-0.0186487 -0.353339 -0.102326 -0.479247 -0.235212 -0.845576
-0.107573 0.00390741 0.149124 0.550754 0.669533 -0.498393
0.132709 -0.243954 0.0103351 -0.542738 0.837832 0.0589293
0.486185 -0.0943026 -0.0432608 0.550754 0.669533 -0.498393
0.283144 -0.26204 0.123597 0.479247 0.235212 0.845576
