ply
format ascii 1.0
comment Created by Open3D
element vertex 512
property double x
property double y
property double z
property double nx
property double ny
property double nz
end_header
-0.195851 0.113931 0.428205 0.00427976 -0.383402 -0.923572
0.102503 -0.1969 -0.226718 0.0513544 -0.922276 0.383105
-0.0202773 0.084949 0.468256 0.0513543 -0.922276 0.383105
-0.0261066 -0.189265 -0.339482 -0.998671 -0.0490705 0.0157386
0.264928 0.222303 0.348953 -0.998671 -0.0490706 0.0157381
0.330688 -0.0519103 -0.145704 0.998671 0.0490706 -0.0157381
0.112452 -0.174752 -0.174734 0.0513544 -0.922276 0.383105
0.303584 0.275108 0.360559 -0.051354 0.922276 -0.383105
0.129148 0.19354 0.403971 -0.920878 -0.361552 0.14582
0.269631 0.00553632 -0.0285218 -0.998671 -0.0490707 0.0157382
-0.263453 0.0839826 0.480411 -0.317051 -0.87645 0.362372
0.13357 -0.203304 -0.246301 0.0513544 -0.922276 0.383105
0.192789 -0.106783 -0.128039 -0.00428558 0.383401 0.923572
0.128854 -0.0132886 -0.232116 0.00428425 -0.383404 -0.923571
0.191431 -0.0890845 -0.20036 0.00428423 -0.383404 -0.923571
0.27027 0.0145808 0.0402565 -0.998671 -0.0490707 0.0157382
0.26336 0.208455 0.391095 0.00428429 -0.383404 -0.923571
0.264822 0.172008 0.185416 -0.998671 -0.0490706 0.0157381
0.116561 0.157328 0.476606 -0.00428523 0.383399 0.923573
0.330308 -0.0636867 -0.206576 0.998671 0.0490706 -0.0157381
-0.12437 0.0753088 0.44457 0.00428428 -0.383404 -0.923571
0.333397 -0.103594 -0.134985 0.998671 0.0490706 -0.0157381
-0.273799 0.245965 0.386848 -0.412661 0.840595 -0.350872
-0.0776017 0.130839 0.421734 0.0042843 -0.383404 -0.923571
0.316492 0.207007 0.194885 -0.0513542 0.922276 -0.383105
0.326084 0.129994 0.129323 0.998671 0.0490706 -0.0157381
-0.12883 0.165831 0.445595 -0.702499 0.366288 0.610187
0.246186 0.246589 0.375185 0.00428429 -0.383404 -0.923571
0.269072 0.0461113 0.0625352 -0.998671 -0.0490707 0.0157382
0.265926 0.140362 0.156783 -0.998671 -0.0490706 0.0157381
0.130259 -0.112153 -0.201641 0.998671 0.0490705 -0.015738
-0.146822 0.120615 0.487306 -0.326615 0.851321 0.410578
0.105367 -0.0641738 -0.278621 -0.452062 -0.824561 0.340205
-0.023605 -0.205223 -0.230495 -0.998671 -0.0490706 0.0157382
0.0316171 -0.176071 -0.447971 0.998671 0.0490703 -0.0157381
0.256447 0.0278865 -0.228276 -0.0513543 0.922276 -0.383105
0.334404 -0.0550137 0.0803979 0.998671 0.0490706 -0.0157382
-0.0202073 0.225788 0.295961 0.00428424 -0.383404 -0.923571
0.167053 0.174641 0.404686 0.00428429 -0.383404 -0.923571
-0.032063 -0.0790842 -0.373911 -0.998671 -0.0490706 0.0157382
0.0295407 -0.138505 -0.462599 0.998671 0.0490707 -0.0157381
-0.241413 0.22185 0.443836 0.561356 -0.121607 0.818591
-0.00961718 -0.045865 -0.370159 -0.0513543 0.922276 -0.383105
0.257849 -0.145844 -0.124631 0.0513542 -0.922276 0.383105
0.266464 0.0221895 -0.177522 -0.998671 -0.0490707 0.0157382
0.273962 -0.00748419 0.205712 -0.998671 -0.0490707 0.0157382
0.306719 -0.0153559 0.182951 0.0513542 -0.922276 0.383105
0.328106 0.0317824 -0.0486233 0.998671 0.0490706 -0.0157381
-0.0633528 0.161948 0.408886 0.0042843 -0.383404 -0.923571
0.331058 0.11454 0.396739 0.998671 0.0490706 -0.0157382
-0.0881452 0.279349 0.423279 -0.0513542 0.922276 -0.383105
0.266341 0.170456 0.276938 -0.998671 -0.0490706 0.0157381
0.113576 -0.178447 -0.271903 0.00428132 -0.383406 -0.92357
0.0832602 -0.0433888 -0.242064 0.026593 -0.923209 0.383377
0.130338 -0.0271427 -0.16139 -0.00428315 0.383402 0.923572
0.239101 0.141657 0.48368 -0.00428204 0.38341 0.923568
0.155742 -0.0650325 -0.210511 0.00428552 -0.383406 -0.92357
0.269472 0.269524 0.430739 -0.00428428 0.383404 0.923571
-0.0293369 -0.0918874 -0.240842 -0.998671 -0.0490706 0.0157382
0.152631 -0.114791 -0.124902 -0.00428406 0.383405 0.923571
0.231451 -0.0660531 -0.144768 -0.00428427 0.383404 0.923571
0.0154528 -0.169786 -0.149776 0.0513542 -0.922276 0.383105
0.271037 0.037665 0.160924 -0.998671 -0.0490707 0.0157382
0.271539 -0.0338713 -0.0302906 -0.998671 -0.0490707 0.0157382
0.0134699 0.0158678 -0.179788 -0.00428425 0.383404 0.923571
0.325557 0.121706 0.0700283 0.998671 0.0490706 -0.0157381
0.0102141 -0.2127 -0.252385 0.0513541 -0.922276 0.383105
0.272634 0.0297054 0.237436 -0.998671 -0.0490707 0.0157382
0.0133497 -0.192175 -0.203392 0.0513541 -0.922276 0.383105
0.26966 0.111099 0.302502 -0.998671 -0.0490706 0.0157381
0.327411 0.178761 0.365561 0.998671 0.0490706 -0.0157382
0.0274759 0.063382 0.409935 0.0513544 -0.922276 0.383105
0.0162444 0.258941 0.433958 -0.00428436 0.383404 0.923571
0.269528 0.102329 0.266746 -0.998671 -0.0490706 0.0157381
0.239841 0.107704 0.488167 0.0513543 -0.922276 0.383105
-0.291985 0.131934 0.420285 0.00428361 -0.383402 -0.923572
0.271117 -0.059176 -0.135954 -0.998671 -0.0490707 0.0157382
0.326584 0.0660656 -0.0383051 0.998671 0.0490706 -0.0157381
-0.143384 0.251731 0.43621 -0.00428425 0.383404 0.923571
0.330097 0.142842 0.424027 0.998671 0.0490706 -0.0157382
0.325193 0.1001 -0.0204635 0.998671 0.0490706 -0.0157381
-0.186534 0.0877059 0.497179 0.0513543 -0.922276 0.383105
0.327903 0.155918 0.325528 0.998671 0.0490706 -0.0157382
-0.0318874 0.149981 0.351444 -0.998671 -0.0490706 0.0157381
-0.279514 0.24413 0.438734 -0.00428451 0.383404 0.923571
-0.329544 0.190995 0.436503 -0.980461 0.18003 -0.0792845
-0.219193 0.121988 0.485817 0.349648 0.837801 0.419328
0.326207 0.0431967 -0.133521 0.998671 0.0490706 -0.0157381
0.3291 0.0340064 0.0214133 0.998671 0.0490706 -0.0157381
-0.030264 -0.140748 -0.452016 -0.998671 -0.0490708 0.0157381
0.051195 -0.0366582 -0.207753 0.624666 -0.720186 0.30187
-0.0262363 -0.200529 -0.38283 -0.998671 -0.0490706 0.0157381
0.01812 0.207644 0.455261 -0.00428417 0.383403 0.923571
0.272586 -0.0284914 0.0529094 -0.998671 -0.0490707 0.0157382
-0.222244 0.162262 0.408019 0.00428427 -0.383405 -0.92357
0.328524 0.0730424 0.106581 0.998671 0.0490706 -0.0157381
0.174416 0.0878908 0.449239 0.0513542 -0.922276 0.383105
0.123016 0.104062 0.49506 0.0513543 -0.922276 0.383105
0.0365173 -0.0976302 -0.303916 0.0513546 -0.922276 0.383105
0.332478 -0.00686473 0.108306 0.998671 0.0490706 -0.0157382
0.110919 0.271003 0.376504 -0.0513543 0.922276 -0.383104
0.329984 0.00633264 -0.00880764 0.998671 0.0490706 -0.0157381
0.0475742 0.242096 0.376129 0.00428819 -0.383399 -0.923573
0.00985695 -0.116419 -0.124888 -0.0042861 0.383405 0.92357
0.274842 -0.119481 -0.0876247 -0.998671 -0.0490707 0.0157382
0.330828 0.0399274 0.149506 0.998671 0.0490706 -0.0157382
0.0244799 0.223508 0.345 0.998671 0.0490706 -0.0157382
0.263817 0.181287 0.150573 -0.998671 -0.0490706 0.0157381
0.101733 0.255136 0.435934 -0.00428445 0.383404 0.923571
0.298416 0.176967 0.12499 -0.0513542 0.922276 -0.383105
0.0270816 -0.0879991 -0.446678 -0.0437442 0.645797 -0.762255
0.00949121 0.0773334 0.445932 0.0513544 -0.922277 0.383104
0.217993 0.0907288 0.439757 0.00428428 -0.383404 -0.923571
-0.298347 0.0887881 0.438832 -0.660548 -0.694488 0.28524
0.305832 -0.117873 -0.0637265 0.0513541 -0.922276 0.383105
0.328773 0.115419 0.254456 0.998671 0.0490706 -0.0157382
0.0118718 0.0176473 -0.220141 -0.0513542 0.922276 -0.383105
0.274013 -0.0471207 0.0853846 -0.998671 -0.0490707 0.0157382
-0.0303262 -0.100528 -0.330562 -0.998671 -0.049071 0.0157384
-0.207271 0.0785909 0.442823 0.00428428 -0.383404 -0.923571
0.0693281 -0.145644 -0.24097 0.31492 0.877103 -0.362653
0.132726 -0.148555 -0.114387 0.0513543 -0.922276 0.383105
0.271673 0.00413724 0.0966934 -0.998671 -0.0490707 0.0157382
0.065574 -0.0606828 -0.274663 0.364933 -0.859283 0.358409
0.269773 0.131505 0.373312 -0.998671 -0.0490706 0.0157381
-0.31873 0.117108 0.441081 -0.87749 -0.444371 0.180402
0.189473 -0.0711876 -0.142832 -0.00428427 0.383404 0.923571
0.331719 -0.0803584 -0.168968 0.998671 0.0490706 -0.0157381
-0.147846 0.209669 0.388684 0.00428426 -0.383404 -0.923571
0.303933 -0.149549 -0.139728 0.0513541 -0.922276 0.383105
0.026647 -0.0662787 -0.421027 0.998671 0.0490705 -0.0157382
0.32828 0.059643 0.0493086 0.998671 0.0490706 -0.0157381
0.261622 -0.075017 -0.205875 0.00428423 -0.383404 -0.923571
-0.218642 0.142481 0.449173 0.538037 0.692561 0.480496
0.272712 0.0689357 -0.131636 -0.0513542 0.922276 -0.383105
0.129096 0.0874713 0.454305 0.0513542 -0.922276 0.383105
0.270748 -0.00638813 0.00519477 -0.998671 -0.0490707 0.0157382
-0.147153 0.174812 0.403784 -0.900305 -0.403461 0.163313
0.0442385 0.0974443 0.489688 0.0513543 -0.922276 0.383105
-0.330466 0.153323 0.440857 -0.988596 -0.140654 0.0538044
0.265299 0.140238 0.116624 -0.998671 -0.0490706 0.0157381
0.264292 0.128491 0.0161073 -0.998671 -0.0490706 0.0157381
0.0313484 -0.062968 -0.183804 0.989046 -0.134648 0.0604845
0.151345 -0.133203 -0.182231 0.00428424 -0.383404 -0.923571
0.269464 -0.00830375 -0.0822634 -0.998671 -0.0490707 0.0157382
-0.0247675 0.252763 0.350781 -0.0513546 0.922276 -0.383104
0.00472241 -0.207176 -0.45371 0.0143754 -0.558555 -0.829343
-0.00571576 -0.0150683 -0.296542 -0.0513543 0.922276 -0.383105
-0.185156 0.120404 0.471509 0.0487541 0.922568 0.382743
0.221009 -0.0712824 -0.207613 0.00428423 -0.383404 -0.923571
0.192753 0.253574 0.437004 -0.00428438 0.383404 0.923571
-0.217942 0.0804539 0.483931 0.0513542 -0.922276 0.383105
0.230775 0.0410079 -0.193247 -0.0513543 0.922276 -0.383105
0.0273343 -0.0618768 -0.363689 0.998671 0.0490703 -0.0157378
0.149498 -0.0695534 -0.143696 -0.00428243 0.383407 0.92357
0.0609234 -0.154361 -0.118738 0.0513543 -0.922276 0.383105
0.0995628 -0.125482 -0.183147 -0.319916 0.874515 -0.364523
0.325279 0.170745 0.472004 -0.00428428 0.383404 0.923571
0.286625 0.143565 0.483108 -0.00428428 0.383404 0.923571
0.0114999 0.00313302 -0.255033 -0.0513542 0.922276 -0.383105
-0.0284525 -0.126173 -0.291621 -0.998671 -0.0490706 0.0157382
0.126923 -0.0787968 -0.309356 0.998671 0.0490707 -0.0157381
0.27335 0.0389843 0.311797 -0.998671 -0.0490707 0.0157382
0.267886 0.0555704 0.0167874 -0.998671 -0.0490707 0.0157382
0.269847 -0.107137 -0.127535 -0.00428427 0.383404 0.923571
0.0851953 0.231777 0.410935 -0.0732249 -0.92122 0.382088
-0.0316442 -0.102556 -0.420517 -0.998671 -0.0490707 0.015738
0.226342 -0.034754 -0.157785 -0.00428427 0.383404 0.923571
0.332344 0.102301 0.440157 0.998671 0.0490706 -0.0157382
0.291513 0.288165 0.393611 -0.0513543 0.922276 -0.383104
0.328131 0.00585484 -0.12786 0.998671 0.0490706 -0.0157381
-0.0119261 -0.250625 -0.395447 0.0428216 -0.960112 -0.276318
0.0678104 -0.00226128 -0.275567 -0.0513542 0.922276 -0.383105
-0.314993 0.20598 0.38944 0.00428531 -0.383401 -0.923572
0.265532 0.120648 0.0703267 -0.998671 -0.0490706 0.0157381
0.0371405 -0.0923138 -0.167759 0.87749 0.444371 -0.180402
-0.0234377 -0.10121 -0.131356 -0.00428424 0.383404 0.923571
0.0821878 0.107255 0.497233 -0.00428421 0.383404 0.923571
-0.0308884 -0.0524012 -0.216181 -0.998671 -0.0490706 0.0157382
0.269576 0.0515368 0.111469 -0.998671 -0.0490707 0.0157382
0.233492 0.229074 0.447364 -0.00428428 0.383404 0.923571
-0.0264656 -0.168461 -0.297394 -0.998671 -0.049071 0.0157382
0.273018 -0.0490991 0.0160537 -0.998671 -0.0490707 0.0157382
-0.217178 0.224296 0.38229 0.00428595 -0.383403 -0.923571
-0.122603 0.273568 0.413981 -0.0513542 0.922276 -0.383105
0.166806 -0.018156 -0.229919 0.00428425 -0.383404 -0.923571
0.0946661 0.035611 -0.187607 -0.00428425 0.383404 0.923571
0.325594 0.0214363 -0.240285 0.998671 0.0490706 -0.0157381
-0.311089 0.222292 0.447653 -0.00428453 0.383403 0.923571
0.117761 -0.0332014 -0.194054 -0.660548 -0.694488 0.28524
0.263702 0.266061 0.344126 -0.051354 0.922276 -0.383105
0.267841 0.12401 0.227318 -0.998671 -0.0490706 0.0157381
-0.02543 -0.170257 -0.237279 -0.998671 -0.0490706 0.0157382
0.0142992 0.202808 0.305661 0.00428424 -0.383404 -0.923571
0.0564651 0.24216 0.441111 -0.00428442 0.383404 0.923571
0.223962 0.293327 0.415092 -0.0513542 0.922276 -0.383105
0.33455 -0.0748565 0.0277972 0.998671 0.0490706 -0.0157382
0.325562 0.109998 0.0338041 0.998671 0.0490706 -0.0157381
0.285114 0.103688 0.472431 0.0513542 -0.922276 0.383105
0.0373181 -0.0660362 -0.227965 0.0513547 -0.922276 0.383105
0.211612 -0.124537 -0.185549 0.00428468 -0.383402 -0.923571
0.19113 0.135082 0.42122 0.00428876 -0.383397 -0.923574
-0.0303441 0.133082 0.396684 -0.998671 -0.0490706 0.0157382
0.26802 0.00275405 -0.139389 -0.998671 -0.0490707 0.0157382
-0.287613 0.114935 0.49233 -0.00428618 0.383406 0.92357
-0.0278684 -0.112042 -0.2105 -0.998671 -0.0490706 0.0157382
0.29371 -0.134521 -0.181023 0.00428423 -0.383404 -0.923571
0.0957018 -0.152266 -0.118357 0.0513543 -0.922276 0.383105
0.012492 -0.208483 -0.363028 0.670276 0.736002 -0.0950342
-0.179746 0.249942 0.432707 -0.0195897 -0.381953 0.923974
0.172721 -0.155717 -0.136988 0.0513543 -0.922276 0.383105
0.0457118 0.00717892 -0.249879 -0.0513542 0.922276 -0.383105
0.325778 0.227119 0.412701 0.998671 0.0490706 -0.0157382
-0.248376 0.15661 0.467864 0.661164 0.496483 0.562465
0.142968 0.281874 0.398379 -0.0513542 0.922276 -0.383105
0.326124 0.0566491 -0.0968195 0.998671 0.0490706 -0.0157381
-0.0124828 -0.106919 -0.457473 -0.0374791 0.482014 -0.875361
-0.162733 0.0705705 0.452737 0.0513542 -0.922276 0.383105
0.311393 0.161127 0.0851172 -0.0513542 0.922276 -0.383105
0.00263617 0.098045 0.496711 0.0513543 -0.922276 0.383105
0.0780846 0.146946 0.479722 0.0234164 0.923365 -0.383209
0.284419 0.151384 0.0652793 -0.051354 0.922276 -0.383105
-0.0290545 -0.11838 -0.379686 0.0514884 -0.962792 0.265293
0.0722105 0.285072 0.415561 -0.0513542 0.922276 -0.383105
-0.0316253 -0.0668774 -0.308072 -0.998671 -0.0490706 0.0157382
-0.0546413 0.244429 0.374686 0.00428242 -0.383402 -0.923572
0.273518 -0.0829114 -0.0576153 -0.998671 -0.0490707 0.0157382
0.269895 0.117704 0.338004 -0.998671 -0.0490706 0.0157381
0.326595 0.165779 0.273271 0.998671 0.0490706 -0.0157382
0.222061 -0.0262112 -0.226319 0.00428483 -0.383405 -0.92357
0.0271467 -0.084724 -0.33418 0.731723 -0.592275 -0.337329
0.232829 0.00652517 -0.174892 -0.00428427 0.383404 0.923571
0.332769 -0.0012334 0.144357 0.998671 0.0490706 -0.0157382
0.187607 -0.0357782 -0.15754 -0.00428427 0.383404 0.923571
0.199701 0.157227 0.477033 -0.00428405 0.383404 0.923571
0.296522 0.122231 -0.00652576 -0.0513542 0.922276 -0.383105
0.270792 0.225098 0.449188 -0.00428428 0.383404 0.923571
0.272049 0.0950253 0.403971 -0.998671 -0.0490706 0.0157381
0.262952 0.150881 0.414994 0.00428429 -0.383404 -0.923571
0.0301064 -0.0837131 -0.255865 0.998671 0.0490704 -0.015738
0.332452 -0.14123 -0.123524 0.0513542 -0.922276 0.383105
-0.171681 0.243335 0.374597 0.00428426 -0.383404 -0.923571
0.258819 -0.0213497 -0.163199 -0.00428427 0.383404 0.923571
0.151843 0.154265 0.478041 -0.00428475 0.383402 0.923572
0.325081 0.0840713 -0.0775233 0.998671 0.0490706 -0.0157381
0.268117 0.0927914 0.147462 -0.998671 -0.0490706 0.0157381
-0.0324073 0.170772 0.383277 -0.998671 -0.0490706 0.0157382
0.156643 0.0236851 -0.225012 -0.0513543 0.922276 -0.383105
-0.0820776 0.265224 0.388463 -0.0513546 0.922276 -0.383106
0.292587 -0.0955645 -0.197201 0.00428423 -0.383404 -0.923571
0.292263 0.0108633 -0.241384 0.00428308 -0.383401 -0.923572
0.0284818 0.181082 0.406362 0.989046 -0.134648 0.0604848
0.327308 0.192188 0.4009 0.998671 0.0490706 -0.0157382
-0.0348403 0.211366 0.355462 -0.998671 -0.0490706 0.0157381
0.314944 0.0376137 -0.212701 -0.0513542 0.922276 -0.383105
0.0588512 0.140196 0.451531 0.409908 0.843093 -0.348094
0.0107894 0.0469086 0.372514 0.0513543 -0.922276 0.383105
0.00201836 0.0853254 0.354375 0.00428431 -0.383404 -0.923571
0.0123526 -0.0910844 -0.370554 0.740973 -0.671531 0.00245557
-0.0316622 0.1598 0.474892 -0.00428472 0.383401 0.923572
0.210545 0.275826 0.37476 -0.0513543 0.922276 -0.383104
-0.109872 0.148517 0.414246 0.0042843 -0.383404 -0.923571
0.187049 -0.15698 -0.172195 0.00428424 -0.383404 -0.923571
0.313569 0.14504 0.0461001 -0.0513542 0.922276 -0.383105
-0.033296 -0.0655603 -0.409982 -0.998671 -0.0490706 0.0157383
0.058715 -0.121766 -0.183411 0.454861 0.82325 -0.339648
0.0314318 0.108736 0.42828 0.998671 0.0490706 -0.0157382
0.150013 0.221791 0.385033 0.00428325 -0.383402 -0.923572
0.330708 0.0170115 0.0704677 0.998671 0.0490706 -0.0157382
-0.0245434 -0.159349 -0.147015 -0.998671 -0.0490706 0.0157382
0.164656 0.114054 0.494793 -0.00428421 0.383404 0.923571
0.327739 0.107628 0.164574 0.998671 0.0490706 -0.0157381
-0.0276663 -0.129534 -0.252214 -0.998671 -0.0490706 0.0157382
0.0321987 -0.111719 -0.210421 0.998671 0.0490706 -0.0157382
0.326191 0.0291005 -0.178508 0.998671 0.0490706 -0.0157381
0.267166 0.0997046 0.10869 -0.998671 -0.0490706 0.0157381
-0.216688 0.19884 0.423555 0.539414 -0.147134 0.829086
0.192462 0.0299401 -0.214755 -0.0513543 0.922276 -0.383105
0.106069 0.285897 0.413008 -0.0513542 0.922276 -0.383105
-0.0240119 -0.154827 -0.109101 -0.00428285 0.383403 0.923571
0.267568 0.0428403 -0.0431013 -0.998671 -0.0490707 0.0157382
0.332408 -0.0950012 -0.0122285 0.0513542 -0.922276 0.383105
0.0013144 -0.250187 -0.343898 0.0514885 -0.962793 0.26529
0.0268658 -0.242139 -0.413595 0.0380705 -0.908362 -0.416447
-0.0454213 0.230088 0.445649 -0.00428395 0.383402 0.923571
-0.248013 0.200865 0.391874 0.00428391 -0.383405 -0.923571
0.234653 0.127339 0.424636 0.00428429 -0.383404 -0.923571
0.0351678 0.283978 0.417894 -0.0513542 0.922276 -0.383105
0.329938 0.115293 0.327998 0.998671 0.0490706 -0.0157382
-0.0265601 0.0553239 0.394357 -0.998671 -0.0490706 0.0157382
0.295651 0.0482181 0.337481 0.0513542 -0.922276 0.383105
0.331164 0.0590429 0.35878 0.0513542 -0.922276 0.383105
-0.103854 0.186276 0.398599 0.0042843 -0.383404 -0.923571
0.0299153 0.116982 0.35776 0.998671 0.0490706 -0.0157381
0.0135104 -0.102318 -0.407292 0.740791 -0.540867 0.398361
0.0351264 -0.014917 -0.301653 -0.0513542 0.922276 -0.383105
0.321091 7.31474e-05 0.218168 0.0513542 -0.922276 0.383105
-0.0298271 -0.0549498 -0.156778 -0.998671 -0.0490706 0.0157382
0.212407 0.166214 0.408394 0.00428429 -0.383404 -0.923571
-0.162484 0.268473 0.407062 -0.0513546 0.922276 -0.383106
-0.135912 0.258723 0.380029 -0.0513542 0.922276 -0.383105
0.332785 -0.0593755 -0.0359044 0.998671 0.0490706 -0.0157382
0.0790424 -0.0205166 -0.196934 0.0762365 -0.920766 0.382593
0.194879 0.0186841 -0.180115 -0.00428394 0.383403 0.923571
0.32555 0.152281 0.164913 0.998671 0.0490706 -0.0157381
-0.0250617 -0.173722 -0.401919 -0.0118903 0.516581 0.856156
0.0270927 -0.147807 -0.111778 -0.00428425 0.383404 0.923571
0.325754 0.201333 0.330816 0.998671 0.0490706 -0.0157382
0.26799 0.17097 0.383207 -0.998671 -0.0490706 0.0157381
0.330456 0.0666441 0.2092 0.998671 0.0490706 -0.0157382
0.273142 -0.00186542 0.171201 -0.998671 -0.0490707 0.0157382
-0.303608 0.169746 0.404534 0.00428429 -0.383405 -0.92357
-0.0276837 0.196752 0.45957 -0.00428438 0.383406 0.92357
0.118139 0.222712 0.430517 -0.732016 -0.630419 0.258311
0.333713 -0.0885964 -0.0681243 0.998671 0.0490706 -0.0157382
0.32853 0.131954 0.290591 0.998671 0.0490706 -0.0157382
0.267251 0.0362008 -0.0839134 -0.998671 -0.0490707 0.0157382
-0.032718 0.115206 0.4934 -0.00428424 0.3834 0.923573
0.0676565 -0.104679 -0.132311 0.317053 0.87645 -0.362371
0.265605 0.197573 0.314773 -0.998671 -0.0490706 0.0157381
0.330405 0.0915927 0.283782 0.998671 0.0490706 -0.0157382
-0.0726751 0.126441 0.48855 -0.00428424 0.383404 0.923571
0.100805 -0.135534 -0.219424 -0.364936 0.859282 -0.358408
0.0111482 0.259799 0.362905 -0.0513546 0.922276 -0.383104
0.00421838 -0.0206139 -0.164686 -0.00428333 0.383404 0.923571
-0.262673 0.152615 0.411836 0.00428382 -0.3834 -0.923572
0.330367 0.0384225 0.115575 0.998671 0.0490706 -0.0157382
0.130049 -0.118733 -0.235514 0.998671 0.0490705 -0.015738
0.0250765 0.151602 0.326968 0.00428431 -0.383404 -0.923571
0.226449 -0.120609 -0.122144 -0.00428558 0.383401 0.923572
-0.0053396 -0.232607 -0.43084 0.0283228 -0.777795 -0.627879
0.126217 -0.133593 -0.27218 -0.875992 0.444014 -0.188388
0.0126178 -0.133161 -0.313995 0.707273 -0.203606 -0.676986
0.328971 0.116224 0.494655 -0.00428112 0.38342 0.923564
0.00119208 -0.154023 -0.417664 0.717373 0.0311832 0.695991
0.33144 0.0955743 0.361873 0.998671 0.0490706 -0.0157382
0.27258 -0.00339989 0.130796 -0.998671 -0.0490707 0.0157382
0.304832 0.0130691 0.251634 0.0513542 -0.922276 0.383105
-0.166633 0.133942 0.444193 -0.262396 0.878298 0.399677
0.268322 0.105024 0.198624 -0.998671 -0.0490706 0.0157381
0.0298281 0.13084 0.395438 0.998671 0.0490706 -0.0157382
0.0524837 -0.196302 -0.218574 0.0513542 -0.922276 0.383105
0.331761 -0.0161345 0.0338946 0.998671 0.0490706 -0.0157382
0.299989 0.0796076 -0.109601 -0.0513542 0.922276 -0.383105
0.162317 0.0385393 -0.190013 -0.0513543 0.922276 -0.383105
-0.00594985 0.123821 0.338357 0.00428424 -0.383404 -0.923571
0.299485 -0.0651464 0.0640564 0.0513541 -0.922276 0.383105
0.249432 -0.131865 -0.182332 0.00428366 -0.383405 -0.92357
-0.291132 0.186148 0.462751 -0.0042844 0.383401 0.923572
-0.0277019 -0.193248 -0.453131 -0.998671 -0.0490706 0.0157381
-0.115111 0.108301 0.430917 0.00428637 -0.383399 -0.923573
0.315953 -0.0206388 -0.228197 0.00428423 -0.383404 -0.923571
0.179268 0.291722 0.417221 -0.0513542 0.922276 -0.383105
0.0965759 0.130889 0.434526 -0.319916 0.874515 -0.364523
0.29109 -0.10136 -0.0219971 0.0513541 -0.922276 0.383105
0.331842 -0.0539095 -0.0787189 0.998671 0.0490706 -0.0157381
0.332938 -0.111169 -0.187694 0.998671 0.0490706 -0.0157381
0.331792 -0.0299946 -0.00732426 0.998671 0.0490706 -0.0157381
0.301387 0.0297301 0.292205 0.0513542 -0.922276 0.383105
0.166193 -0.00510481 -0.170373 -0.0042842 0.383404 0.923571
0.070899 -0.208247 -0.25973 0.00428437 -0.383404 -0.923571
-0.0841438 0.243416 0.439937 -0.00428396 0.383402 0.923572
0.329484 0.134466 0.358991 0.998671 0.0490706 -0.0157382
0.283349 0.185943 0.465501 -0.00428428 0.383404 0.923571
0.225255 0.0207445 -0.241288 -0.0513543 0.922276 -0.383105
-0.0248328 -0.191823 -0.266625 -0.998671 -0.0490706 0.0157382
-0.190344 0.196363 0.400644 0.223988 -0.899745 0.374552
0.329948 0.0231841 0.272618 0.0513542 -0.922276 0.383105
0.300211 0.101208 -0.0576306 -0.0513542 0.922276 -0.383105
0.267758 0.0848652 -0.0926235 -0.051354 0.922276 -0.383105
0.266887 0.0872808 0.0522429 -0.998671 -0.0490706 0.0157381
0.0533264 -0.0186802 -0.168863 0.584964 -0.748113 0.313279
-0.309354 0.13951 0.482027 -0.00428419 0.383403 0.923571
-0.261746 0.263767 0.417348 -0.319914 0.874516 -0.364524
0.0321353 0.0776401 0.37597 0.998671 0.0490706 -0.0157381
0.104558 0.00600643 -0.260589 -0.0513542 0.922276 -0.383105
0.0334379 -0.222708 -0.440482 0.0238956 -0.711539 -0.70224
0.333109 0.0435254 0.305471 0.998671 0.0490706 -0.0157382
-0.0974649 0.0854622 0.479838 0.0513543 -0.922276 0.383105
-0.077658 0.0941965 0.436945 0.00428637 -0.383399 -0.923573
0.325488 0.165871 0.203347 0.998671 0.0490706 -0.0157381
0.0356843 -0.222485 -0.3346 0.998671 0.0490707 -0.0157382
0.323883 0.22227 0.27737 0.998671 0.0490706 -0.0157381
-0.0322802 -0.0398956 -0.265502 -0.998671 -0.0490704 0.0157379
0.313362 0.189185 0.152401 -0.0513542 0.922276 -0.383105
-0.00778878 -0.231922 -0.296247 0.0513541 -0.922276 0.383105
0.324677 0.232958 0.361051 0.998671 0.0490706 -0.0157382
-0.107707 0.156868 0.475756 -0.00428448 0.383402 0.923572
-0.00837845 0.279054 0.411877 -0.0513542 0.922276 -0.383105
-0.0250067 -0.166788 -0.199606 -0.998671 -0.0490706 0.0157382
0.0375198 0.21164 0.388725 0.00428113 -0.383405 -0.923571
-0.24954 0.0763408 0.443561 0.00428916 -0.383407 -0.923569
0.0475285 -0.0335791 -0.332349 0.00428436 -0.383404 -0.923571
0.0126684 0.138898 0.483775 -0.00428391 0.383407 0.923569
0.254445 -0.0440281 -0.218772 0.00428423 -0.383404 -0.923571
0.037087 0.149445 0.426078 0.825378 0.522781 -0.213194
0.00805098 -0.0297397 -0.333707 -0.0513543 0.922276 -0.383105
0.0515825 0.0273945 -0.184396 -0.00428425 0.383404 0.923571
-0.161958 0.215102 0.421448 -0.29292 -0.325185 0.89914
-0.0669146 0.172228 0.469569 -0.00428461 0.383398 0.923573
0.0376668 -0.152122 -0.283183 0.00428467 -0.383404 -0.923571
0.0160494 -0.202633 -0.403759 0.683095 0.626151 0.37592
0.12765 0.152857 0.417185 -0.901615 0.397988 -0.1694
-0.0299363 0.114109 0.363407 -0.998671 -0.0490706 0.0157381
0.296545 0.259533 0.32401 -0.051354 0.922276 -0.383105
0.141083 0.196555 0.460435 -0.00428428 0.383404 0.923571
0.329759 0.0683912 0.17044 0.998671 0.0490706 -0.0157382
-0.0307085 -0.0747986 -0.274595 -0.998671 -0.0490706 0.0157382
0.271931 0.0826827 0.357987 -0.998671 -0.0490707 0.0157382
0.273602 0.0207468 0.270905 -0.998671 -0.0490707 0.0157382
-0.255541 0.116099 0.427028 0.00428717 -0.383408 -0.923569
0.328197 0.184664 0.433858 0.998671 0.0490706 -0.0157382
0.0503818 0.078921 0.443881 0.00428428 -0.383404 -0.923571
0.270191 0.0782202 0.233663 -0.998671 -0.0490706 0.0157381
-0.0295379 0.267761 0.387527 -0.0513542 0.922276 -0.383105
0.124648 -0.0290829 -0.29868 0.998671 0.0490706 -0.0157382
0.324678 0.198474 0.25362 0.998671 0.0490706 -0.0157381
0.26392 0.251911 0.310032 -0.051354 0.922276 -0.383105
0.331638 0.0803496 0.326917 0.998671 0.0490706 -0.0157382
0.121983 -0.0229817 -0.332711 -0.0513542 0.922276 -0.383105
-0.233753 0.259358 0.394672 -0.0513542 0.922276 -0.383105
-0.0415981 0.267388 0.430183 -0.0042843 0.383404 0.923571
0.271428 -0.0486024 -0.0832967 -0.998671 -0.0490707 0.0157382
0.198586 0.236598 0.379112 0.00428297 -0.383402 -0.923572
0.306469 0.0628354 -0.150847 -0.0513542 0.922276 -0.383105
0.334703 -0.158201 -0.164682 0.0513541 -0.922276 0.383105
0.328648 -0.0140153 -0.157002 0.998671 0.0490706 -0.0157381
0.255961 0.0923798 0.449115 0.0513542 -0.922276 0.383105
0.0346326 0.168183 0.461705 0.877491 0.444371 -0.180402
0.161336 0.232008 0.445811 -0.00428419 0.383404 0.923571
-0.242567 0.184177 0.445727 0.69644 0.175841 0.695738
0.082999 0.0217565 -0.219783 -0.0513543 0.922276 -0.383105
0.0315654 -0.119868 -0.276014 0.998671 0.0490707 -0.0157382
0.271338 0.0446947 0.201909 -0.998671 -0.0490707 0.0157382
0.267754 0.162226 0.34098 -0.998671 -0.0490706 0.0157381
0.265325 0.17409 0.223829 -0.998671 -0.0490706 0.0157381
0.293222 -0.0842517 0.0189024 0.0513541 -0.922276 0.383105
-0.0286252 0.101017 0.405782 -0.998671 -0.0490706 0.0157382
-0.220648 0.263325 0.431039 -0.00428463 0.383403 0.923571
0.322978 0.284779 0.414819 0.998671 0.0490706 -0.0157382
-0.0315759 -0.0284235 -0.185042 -0.998671 -0.0490706 0.0157382
0.293409 -0.0516265 -0.215437 0.00428423 -0.383404 -0.923571
0.10603 -0.105083 -0.129148 -0.00428406 0.383405 0.923571
-0.0267971 -0.121098 -0.170756 -0.998671 -0.0490706 0.0157382
0.300567 0.245539 0.28978 -0.051354 0.922276 -0.383105
-0.0755574 0.207159 0.455028 -0.00428525 0.38341 0.923568
-0.0871079 0.221065 0.384234 0.00428379 -0.383403 -0.923571
0.263485 0.228622 0.277083 -0.998671 -0.0490706 0.0157381
0.332545 -0.0189403 0.074946 0.998671 0.0490706 -0.0157382
0.18636 -0.0522725 -0.215666 0.00428423 -0.383404 -0.923571
0.265094 0.0546633 -0.163238 -0.998671 -0.0490706 0.0157381
0.264036 0.206818 0.24407 -0.998671 -0.0490706 0.0157381
0.33056 -0.0197829 -0.0536582 0.998671 0.0490706 -0.0157381
0.308604 0.212284 0.454683 -0.00428428 0.383404 0.923571
0.135599 -0.0727065 -0.17805 -0.998822 0.0430041 -0.0224856
0.267198 0.109508 -0.0332235 -0.051354 0.922276 -0.383105
0.145815 -0.165373 -0.156628 0.0513543 -0.922276 0.383105
0.244951 -0.16327 -0.164853 0.0513542 -0.922276 0.383105
-0.0338896 -0.00177092 -0.248758 -0.998671 -0.0490706 0.0157382
0.289485 0.0468363 -0.187086 -0.0513542 0.922276 -0.383105
0.223916 0.210464 0.390078 0.00428429 -0.383404 -0.923571
-0.120557 0.205953 0.444372 -0.639737 -0.0142725 0.768461
0.00796936 -0.0669883 -0.145417 -0.00428424 0.383404 0.923571
0.144595 0.11013 0.431362 0.00428428 -0.383404 -0.923571
-0.0243846 -0.230944 -0.360163 -0.998671 -0.0490706 0.0157384
0.0759947 -0.161965 -0.276355 0.170827 0.910284 -0.377096
0.326811 0.0772331 0.0109391 0.998671 0.0490706 -0.0157381
0.314164 -0.0444094 0.11201 0.0513542 -0.922276 0.383105
0.132283 -0.155908 -0.209629 0.998671 0.0490706 -0.0157382
0.0820969 -0.0248762 -0.331925 -0.0513542 0.922276 -0.383105
0.258503 -0.00638912 -0.234379 0.00428418 -0.383404 -0.923571
0.269868 0.208846 0.205562 -0.051354 0.922276 -0.383105
0.149758 0.264347 0.432333 -0.00428445 0.383404 0.923571
-0.0339628 0.0115296 -0.211932 -0.998671 -0.0490706 0.0157382
0.326775 0.149656 0.234435 0.998671 0.0490706 -0.0157382
0.203656 -0.14729 -0.120849 0.0513543 -0.922276 0.383105
-0.147782 0.0844685 0.484191 0.0513543 -0.922276 0.383105
0.289117 -0.0332607 0.142207 0.0513541 -0.922276 0.383105
-0.000380707 -0.166188 -0.4686 -0.00851986 -0.143976 -0.989544
0.299072 0.222853 0.235366 -0.051354 0.922276 -0.383105
0.121129 -0.101492 -0.16093 -0.734074 0.625962 -0.263262
0.036114 -0.215235 -0.284732 0.998671 0.0490707 -0.0157381
0.0267176 0.180114 0.351693 0.998671 0.0490706 -0.0157381
0.0755244 0.270154 0.379203 -0.0513542 0.922276 -0.383105
-0.0550511 0.198336 0.393819 0.0042843 -0.383404 -0.923571
0.0365236 -0.249651 -0.366044 0.998671 0.0490706 -0.0157385
0.198494 0.100877 0.477274 0.0513543 -0.922276 0.383105
0.332588 0.0135768 0.179002 0.998671 0.0490706 -0.0157382
0.125267 0.0108837 -0.1772 -0.00428425 0.383404 0.923571
-0.051074 0.0760493 0.450959 0.0513542 -0.922276 0.383105
-0.00392354 -0.0777524 -0.434612 -0.0473156 0.752143 -0.657299
0.0841873 -0.184533 -0.194491 0.0513544 -0.922276 0.383105
-0.149338 0.100446 0.434018 0.00428428 -0.383404 -0.923571
0.271557 0.0666372 0.28423 -0.998671 -0.0490707 0.0157382
-0.0235386 -0.142188 -0.333154 0.00171891 -0.336953 -0.94152
0.297208 0.0659056 0.379853 0.0513542 -0.922276 0.383105
-0.000275561 0.24036 0.31764 -0.0513541 0.922276 -0.383105
0.329346 -0.0367832 -0.183743 0.998671 0.0490706 -0.0157381
0.0678406 -0.16951 -0.156135 0.0513544 -0.922276 0.383105
0.332151 0.0759456 0.399339 0.0513542 -0.922276 0.383105
0.204601 0.196724 0.46066 -0.00428428 0.383404 0.923571
0.146938 0.255046 0.371214 0.00428416 -0.383404 -0.923571
0.256496 0.284359 0.389142 -0.0513543 0.922276 -0.383104
0.0639704 -0.0752748 -0.307872 0.410615 -0.841452 0.351218
0.1212 -0.0611136 -0.237577 -0.792664 -0.564362 0.230608
0.0912435 0.088409 0.461636 0.0513543 -0.922276 0.383105
0.0219191 -0.184719 -0.31248 0.679552 0.375583 -0.630196
0.33209 0.0419946 0.236049 0.998671 0.0490706 -0.0157382
-0.0666949 0.0946139 0.497745 0.0513543 -0.922276 0.383105
-0.0279252 0.170238 0.318986 0.00428424 -0.383404 -0.923571
0.32824 0.114087 0.216495 0.998671 0.0490706 -0.0157382
0.323673 0.238715 0.315281 0.998671 0.0490706 -0.0157381
