ply
format ascii 1.0
comment Created by Open3D
element vertex 128
property double x
property double y
property double z
property double nx
property double ny
property double nz
end_header
-0.17608 -0.332057 -0.0309162 -0.212749 -0.707347 -0.674091
0.179559 -0.0788335 0.40233 0.775918 0.271117 0.569603
0.267753 0.131894 0.18065 0.748653 0.307638 0.587263
-0.0337862 -0.443737 0.305599 -0.327744 -0.598258 0.731212
0.187821 0.204581 0.163035 0.212749 0.707347 0.674091
0.164875 -0.275223 0.37477 0.920501 -0.376494 0.10455
0.202139 0.0744775 -0.0898208 0.944763 -0.209656 0.251927
0.338079 0.149752 0.0461252 0.327744 0.598258 -0.731212
-0.0532481 0.111292 0.33495 0.212749 0.707347 0.674091
0.157075 -0.0291194 -0.181353 0.327744 0.598258 -0.731212
0.00381474 0.147885 -0.143216 0.327744 0.598259 -0.731211
0.212267 -0.180643 -0.280587 0.327744 0.598259 -0.731212
0.0188404 -0.27265 -0.154773 -0.212749 -0.707347 -0.674091
0.241315 -0.168011 0.0745581 0.920501 -0.376494 0.10455
0.0970372 -0.445607 0.110947 0.576284 -0.739895 -0.347061
-0.31964 -0.407813 0.206865 -0.327744 -0.598258 0.731212
0.128352 -0.397558 0.255793 0.920501 -0.376494 0.10455
0.205606 -0.286584 -0.0380446 0.920501 -0.376494 0.10455
-0.174026 0.0895207 0.395914 0.212749 0.707347 0.674091
0.0234846 0.335808 0.0573432 0.327742 0.598256 -0.731215
0.16196 -0.142625 0.493015 0.789222 0.252076 0.559988
-0.13798 -0.132964 -0.253916 -0.212749 -0.707347 -0.674091
-0.110525 -0.0316513 -0.303368 0.327744 0.598258 -0.731212
0.280362 -0.0303603 -0.127108 0.327744 0.598258 -0.731212
-0.07513 -0.347701 0.365642 -0.327744 -0.598258 0.731212
-0.353812 -0.320516 0.262973 -0.327744 -0.598258 0.731212
-0.348839 -0.349793 0.0422189 -0.212749 -0.707347 -0.674091
0.255623 -0.0241698 0.264608 0.846351 0.158024 0.508643
0.11247 -0.395411 0.403354 0.920501 -0.376494 0.10455
-0.198045 0.272389 -0.0929292 -0.920501 0.376494 -0.10455
-0.28747 0.0850081 0.0329097 -0.920501 0.376494 -0.10455
0.0971688 -0.178711 0.581132 -0.327745 -0.59826 0.73121
0.144621 -0.286559 0.512275 0.920501 -0.376494 0.10455
-0.262613 0.0356142 0.4825 0.212749 0.707347 0.674091
0.124722 0.233045 0.0186425 0.327744 0.598258 -0.731212
-0.217738 0.192371 0.22526 -0.500456 0.766391 0.402727
-0.00403488 0.277178 0.147409 0.212749 0.707347 0.674091
-0.114566 -0.0920168 0.55716 -0.327745 -0.59826 0.73121
-0.260738 0.118794 -0.0940658 -0.920501 0.376494 -0.10455
0.00337931 -0.571722 0.217543 -0.327744 -0.598258 0.731212
-0.00531641 -0.354972 -0.0607651 -0.212749 -0.707347 -0.674091
-0.412811 -0.276683 0.0904114 -0.846352 -0.158023 -0.508643
0.142415 -0.361946 0.00793839 0.576284 -0.739895 -0.347061
0.0462182 -0.429274 0.0218993 0.377991 -0.79235 -0.478857
-0.151106 -0.409906 0.0428916 -0.212749 -0.707347 -0.674091
-0.0283073 -0.193757 -0.222677 -0.212749 -0.707347 -0.674091
0.136518 0.160653 -0.0732881 0.327744 0.598258 -0.731212
-0.314191 -0.212068 -0.0794507 -0.748652 -0.307639 -0.587263
0.108702 0.188024 -0.182388 0.474619 0.564948 0.67496
0.0220806 0.235813 -0.0565019 -0.253391 0.801267 0.542
-0.156092 0.166399 -0.161753 0.327744 0.598258 -0.731212
0.165939 -0.295413 0.279412 0.920501 -0.376494 0.10455
0.148232 0.314169 -0.36031 0.327744 0.598259 -0.731212
-0.0970098 -0.555017 0.186214 -0.327744 -0.598259 0.731211
-0.113376 -0.233763 0.441721 -0.327744 -0.598258 0.731212
-0.0201604 -0.159237 0.544476 -0.327744 -0.598257 0.731213
-0.317569 -0.106298 0.454485 -0.327744 -0.598258 0.731212
-0.363748 -0.0263589 0.303448 -0.920501 0.376494 -0.10455
-0.382343 -0.209666 0.0188938 -0.846352 -0.158023 -0.508643
-0.319507 -0.189264 0.385736 -0.327744 -0.598258 0.731212
0.254969 -0.178782 -0.0844446 0.920501 -0.376494 0.10455
0.312559 0.0472772 -0.0491559 0.327744 0.598258 -0.731212
-0.374065 -0.0183963 0.478229 -0.591844 0.733287 0.33468
-0.264028 0.07523 -0.22198 -0.920501 0.376494 -0.10455
0.165127 0.237162 -0.284737 0.940326 -0.13161 0.313793
0.284213 -0.142292 -0.197235 0.920501 -0.376494 0.10455
0.100443 -0.144212 -0.300902 0.327744 0.598258 -0.731212
-0.256617 -0.163633 -0.175369 -0.688828 -0.378389 -0.618335
-0.13087 0.261312 0.189071 -0.335232 0.79724 0.502023
-0.241835 0.194201 0.0243358 -0.920501 0.376494 -0.10455
-0.0753842 0.0845365 -0.200865 -0.871581 -0.107217 -0.478383
-0.311702 -0.0115634 -0.101505 -0.920501 0.376494 -0.10455
0.00564446 0.000114913 0.433025 0.212749 0.707347 0.674091
-0.225661 0.140788 0.311726 -0.460703 0.776907 0.429148
-0.155178 -0.251082 -0.122483 -0.212749 -0.707347 -0.674091
-0.374984 -0.0822607 0.201071 -0.920501 0.376494 -0.10455
-0.000369805 -0.27082 0.462053 -0.327745 -0.598257 0.731212
-0.327569 -0.00716662 0.0540319 -0.920501 0.376494 -0.10455
-0.300458 0.111939 0.244245 -0.920501 0.376494 -0.10455
0.0290539 -0.519367 0.11472 0.402022 -0.788706 -0.465104
-0.214417 0.251454 0.106335 -0.612176 0.72398 0.317952
-0.253966 -0.345621 0.287186 -0.327745 -0.598257 0.731212
-0.280228 -0.0350019 -0.205283 -0.846352 -0.158023 -0.508643
-0.464344 -0.364306 0.163061 -0.834915 -0.178809 -0.520523
-0.398179 -0.0818988 0.39331 -0.920501 0.376494 -0.10455
0.324354 0.0259666 0.0552591 0.920501 -0.376494 0.10455
-0.373864 -0.109725 0.0923102 -0.920501 0.376494 -0.10455
0.224154 -0.142609 0.317128 0.920501 -0.376494 0.10455
-0.0917766 0.362231 0.0858516 0.212749 0.707347 0.674091
0.164736 -0.34633 0.106648 0.920501 -0.376494 0.10455
-0.247473 -0.408569 0.0719026 -0.212749 -0.707347 -0.674091
-0.128306 0.181903 0.284545 0.212749 0.707347 0.674091
0.0757494 -0.0729906 0.487612 0.212749 0.707347 0.674091
0.0672226 -0.519506 0.288881 -0.327745 -0.598258 0.731212
-0.248333 -0.497656 0.165319 -0.327744 -0.598259 0.731211
0.170058 0.0198703 0.359771 0.688828 0.378389 0.618335
-0.00874314 -0.12085 -0.307416 -0.212749 -0.707346 -0.674091
0.250588 -0.118617 0.170783 0.920501 -0.376494 0.10455
0.190535 -0.264582 0.173881 0.920501 -0.376494 0.10455
-0.164262 -0.399543 0.283275 -0.327744 -0.598258 0.731212
-0.088382 0.282605 -0.0363268 0.327744 0.598258 -0.731212
-0.430931 -0.206438 0.233191 -0.920501 0.376494 -0.10455
0.195212 0.100652 0.267699 0.212749 0.707347 0.674091
-0.216471 -0.210535 0.414516 -0.327744 -0.598258 0.731212
0.280931 -0.0939871 -0.00766977 0.920501 -0.376494 0.10455
-0.328899 0.0312488 0.387326 -0.612176 0.72398 0.317951
-0.184386 0.335257 0.0132022 -0.920501 0.376494 -0.10455
0.00872128 -0.012169 -0.233979 0.327744 0.598258 -0.731212
0.067853 0.189744 0.214408 0.212749 0.707347 0.674091
-0.198105 -0.13698 0.482928 -0.327744 -0.598258 0.731212
0.0930163 -0.33586 -0.0957294 0.377992 -0.79235 -0.478856
0.0425572 0.115627 0.300164 0.212749 0.707347 0.674091
0.300779 0.00236545 0.164548 0.920501 -0.376494 0.10455
-0.16202 -0.00815413 0.496679 0.212749 0.707347 0.674091
-0.0666187 -0.474614 0.0841265 -0.212749 -0.707347 -0.674091
0.235155 0.194791 0.036842 0.327744 0.598258 -0.731212
0.102761 0.260113 0.13161 0.212749 0.707347 0.674091
-0.0847325 0.0404519 0.419222 0.212749 0.707347 0.674091
-0.174861 -0.305812 0.355213 -0.327744 -0.598259 0.731212
-0.32538 0.0329005 0.179046 -0.920501 0.376494 -0.10455
-0.157442 -0.476585 0.223298 -0.327744 -0.598258 0.731212
-0.234765 -0.0628054 -0.294036 -0.736414 -0.323073 -0.594406
0.124813 -0.22437 -0.240941 -0.212749 -0.707346 -0.674091
-0.390797 -0.22798 0.322106 -0.327744 -0.598258 0.731212
-0.354293 -0.10038 -0.0463505 -0.920501 0.376494 -0.10455
-0.0415969 -0.0539724 0.506751 0.212749 0.707347 0.674091
0.217531 -0.241505 -0.161822 -0.327743 -0.598258 0.731213
-0.29049 -0.300106 -0.0283348 -0.212749 -0.707347 -0.674091
