ply
format ascii 1.0
comment Created by Open3D
element vertex 128
property double x
property double y
property double z
property double nx
property double ny
property double nz
end_header
0.089047 -0.284368 -0.414701 -0.935578 -0.350823 -0.0402044
-0.419997 -0.105526 0.0896592 -0.963269 -0.253457 0.0887329
0.0370163 -0.363085 -0.35522 0.252912 -0.745185 0.617037
-0.193243 0.269953 0.35838 0.744128 -0.257764 -0.616304
-0.0580535 -0.368928 -0.460989 0.687378 0.587214 0.427424
-0.20875 0.268935 0.364723 -0.744128 0.257764 0.616304
-0.0515827 0.365194 0.363737 -0.252915 0.745187 -0.617034
0.0800623 -0.336957 -0.465715 -0.808022 0.188072 0.558327
-0.233177 -0.279099 -0.254357 0.7359 0.562204 0.377331
-0.0750954 -0.281343 -0.407437 -0.252913 0.745185 -0.617037
0.0781525 0.351003 0.441089 0.252912 -0.745184 0.617039
0.0552861 -0.359282 -0.481851 -0.540842 0.419916 0.728808
0.0415663 -0.263345 -0.316481 0.620067 0.614415 0.487863
-0.173251 -0.343725 -0.315188 -0.7359 -0.562204 -0.377331
-0.495649 -0.121514 0.144895 -0.162028 0.59614 0.786361
-0.289794 0.143686 0.294615 0.744129 -0.257764 -0.616304
-0.433412 -0.0568055 0.0920331 -0.713299 0.287258 0.639287
-0.0474355 -0.380317 -0.341416 0.252913 -0.745186 0.617036
-0.295187 -0.133617 -0.0518522 0.620067 0.614415 0.487863
-0.0178399 -0.279231 -0.428354 -0.252916 0.745183 -0.617038
0.0593143 0.288426 0.42246 0.252914 -0.745183 0.617039
-0.369743 -0.0665798 0.0752914 0.893856 0.424019 0.145703
-0.0466405 -0.371829 -0.479157 -0.252913 0.745184 -0.617038
-0.172327 -0.316725 -0.316973 0.7359 0.562204 0.377331
-0.305249 0.0342315 0.161528 -0.62671 0.359692 0.691272
-0.402637 -0.13311 0.084221 -0.569708 -0.630181 -0.527545
-0.382544 0.043646 0.249109 -0.744128 0.257764 0.616304
-0.0448996 0.252046 0.273573 -0.252914 0.745185 -0.617036
-0.0781243 -0.283015 -0.386662 -0.82236 0.170393 0.542854
0.00831204 -0.28973 -0.451753 -0.252912 0.745186 -0.617035
-0.35396 -0.14327 0.00387833 -0.620067 -0.614415 -0.487863
-0.236114 -0.286645 -0.277632 -0.7359 -0.562204 -0.377331
-0.419939 -0.068446 0.0885496 0.71331 -0.287249 -0.639279
-0.388415 -0.129502 0.0520301 0.252913 -0.745185 0.617037
-0.0467088 0.35161 0.492428 -0.47847 0.457981 0.749213
-0.441751 0.0308436 0.182976 -0.744128 0.257764 0.616304
0.0556075 0.25352 0.375152 0.559815 -0.407445 -0.721523
-0.237107 0.0956648 0.169372 0.62671 -0.359692 -0.691272
-0.283351 -0.269819 -0.210576 -0.7359 -0.562204 -0.377331
-0.36167 -0.200885 -0.143585 -0.252913 0.745185 -0.617037
-0.392203 0.0864848 0.219529 -0.744128 0.257764 0.616304
-0.507278 -0.0653369 0.119445 0.744128 -0.257764 -0.616304
0.0929853 -0.305637 -0.374397 0.852561 0.47315 0.221965
0.0778052 0.357218 0.396989 0.963268 0.253459 -0.0887301
-0.0528318 0.349075 0.344782 -0.252915 0.745186 -0.617035
-0.0422295 0.24787 0.267436 -0.252913 0.745185 -0.617037
0.0579321 0.39514 0.421976 -0.802203 -0.518042 -0.296821
-0.427621 -0.171744 -0.0350912 0.7359 0.562204 0.377331
-0.151153 -0.359558 -0.323055 0.252913 -0.745185 0.617037
-0.0252941 0.368811 0.49108 0.247902 -0.566565 -0.785843
-0.530901 -0.111306 0.102252 0.96072 0.118126 -0.251125
0.101126 -0.323062 -0.462291 0.913602 -0.0259278 -0.405783
-0.471011 -0.0450141 0.154735 0.744128 -0.257764 -0.616304
0.0676242 0.332729 0.356362 -0.872992 0.0991388 0.477553
-0.17709 0.236261 0.391975 0.744129 -0.257764 -0.616304
-0.0278185 -0.276977 -0.421542 -0.252913 0.745185 -0.617036
0.0427505 -0.238951 -0.348708 0.620067 0.614415 0.487863
-0.0283227 0.393493 0.472065 0.201349 -0.583266 -0.78693
0.0265718 0.29885 0.3027 0.62671 -0.359692 -0.691272
-0.39745 -0.102175 0.0073976 -0.620067 -0.614415 -0.487863
-0.495265 -0.047162 0.071997 0.679866 0.590647 0.434648
0.0322319 0.286831 0.336053 -0.62671 0.359692 0.691272
-0.145517 0.297485 0.40449 0.744129 -0.257764 -0.616304
-0.0424315 -0.332563 -0.321863 -0.671167 0.324214 0.666649
0.0332812 0.298395 0.330987 -0.62671 0.359692 0.691272
-0.150507 -0.180099 -0.177199 0.620067 0.614415 0.487863
-0.0576818 -0.34613 -0.49033 -0.5697 -0.630184 -0.527552
-0.272818 0.0622144 0.154401 0.62671 -0.359692 -0.691272
0.00696176 0.433231 0.421908 -0.252915 0.745185 -0.617036
0.00591817 -0.2426 -0.393854 -0.252912 0.745185 -0.617037
-0.361467 -0.0281773 0.143034 -0.62671 0.359692 0.691272
-0.213986 0.0892063 0.215662 -0.62671 0.359692 0.691272
-0.0733827 0.379805 0.477219 -0.589255 0.38719 0.709128
-0.181049 -0.17744 -0.141729 0.620067 0.614415 0.487863
-0.32837 0.0897535 0.29221 0.252913 -0.745185 0.617037
-0.211575 0.23815 0.349548 0.744128 -0.257764 -0.616304
-0.377967 0.09929 0.225611 -0.252913 0.745185 -0.617037
0.0803159 -0.275759 -0.390334 0.828705 0.495985 0.25932
0.0146427 -0.27758 -0.33369 0.0302019 0.643542 0.764815
-0.143669 0.141835 0.230059 0.62671 -0.359692 -0.691272
-0.305715 -0.117076 -0.0653054 -0.252914 0.745184 -0.617037
-0.414776 -0.117327 0.0485007 -0.620067 -0.614415 -0.487863
-0.0609639 -0.367357 -0.45844 0.720164 0.57089 0.39427
-0.0710502 0.383472 0.455708 0.626482 -0.359865 -0.691388
0.0297116 0.318364 0.318575 0.519783 -0.433255 -0.736285
0.0685488 -0.24893 -0.36893 0.620067 0.614415 0.487863
-0.119883 0.174148 0.23481 0.62671 -0.359692 -0.691272
0.0636454 0.396899 0.39607 0.893863 0.424009 0.145689
-0.250172 -0.135187 -0.109943 -0.252914 0.745184 -0.617037
0.0726123 -0.34679 -0.495161 0.653373 -0.338812 -0.676985
0.00758043 -0.30407 -0.312564 -0.114257 0.610303 0.783885
0.000863635 0.371314 0.349632 -0.252914 0.745184 -0.617037
-0.246484 -0.289814 -0.252687 -0.7359 -0.562204 -0.377331
-0.524941 -0.149966 0.0820159 -0.7359 -0.562204 -0.377331
-0.192018 0.239947 0.372409 0.744129 -0.257764 -0.616304
-0.451084 -0.174008 0.0140408 0.7359 0.562204 0.377331
-0.0517547 -0.216109 -0.288488 -0.620067 -0.614415 -0.487863
-0.533897 -0.0959724 0.124759 -0.744128 0.257764 0.616304
-0.268574 -0.143604 -0.0730993 0.620067 0.614415 0.487863
0.0954709 -0.342215 -0.353975 0.252913 -0.745185 0.617037
-0.368093 0.0748292 0.228875 0.744128 -0.257764 -0.616304
0.00356735 0.297837 0.456675 0.252911 -0.745186 0.617037
-0.191874 -0.181547 -0.153925 -0.620067 -0.614415 -0.487863
0.0263736 -0.268878 -0.32133 -0.620067 -0.614415 -0.487863
-0.354652 -0.118729 -0.0261505 -0.620067 -0.614415 -0.487863
-0.318666 -0.132237 -0.0548755 -0.620067 -0.614415 -0.487863
-0.0733615 -0.224203 -0.219704 0.620067 0.614415 0.487863
0.0387514 -0.338387 -0.505587 0.478457 -0.457988 -0.749217
0.060117 0.375446 0.478001 0.252916 -0.745187 0.617033
-0.0599437 -0.398544 -0.452594 -0.652912 -0.602107 -0.459536
-0.470278 -0.0109949 0.141391 0.744128 -0.257764 -0.616304
0.00263214 0.395529 0.471148 -0.131777 -0.658361 -0.741078
0.110286 -0.348361 -0.416692 0.252913 -0.745186 0.617036
0.0371587 0.386291 0.488458 0.406345 0.660609 0.631252
0.0103795 0.380688 0.50344 0.131779 0.658361 0.741077
-0.228761 0.101496 0.173904 0.62671 -0.359692 -0.691272
-0.0429497 0.320296 0.305977 -0.252913 0.745185 -0.617037
-0.105839 -0.207452 -0.199523 0.620067 0.614415 0.487863
0.0160188 -0.258011 -0.321855 -0.620067 -0.614415 -0.487863
0.0854918 -0.278344 -0.405757 0.893863 0.424009 0.145689
-0.0522329 -0.380666 -0.33987 0.252913 -0.745186 0.617036
-0.339044 -0.154591 0.00149378 0.252913 -0.745186 0.617036
-0.512555 -0.142557 0.0903827 -0.530019 -0.64027 -0.555998
-0.485281 -0.0682004 0.0553708 0.955757 0.0934183 -0.27893
-0.434152 -0.186739 -0.0402568 -0.7359 -0.562204 -0.377331
-0.241079 0.227212 0.343139 -0.744128 0.257764 0.616304
-0.430431 -0.0612886 0.0973746 -0.713304 0.287253 0.639283
-0.00133626 0.225657 0.322292 0.252914 -0.745185 0.617036
