ply
format ascii 1.0
comment Created by Open3D
element vertex 128
property double x
property double y
property double z
property double nx
property double ny
property double nz
end_header
0.184643 -0.0411162 -0.0736155 -0.80678 -0.437682 0.396912
0.173017 0.255643 0.204951 0.490573 -0.121802 0.862846
-0.449272 -0.0629551 0.0408959 0.80678 0.437683 -0.396912
0.00981135 0.375508 -0.556122 -0.587475 0.665926 -0.459798
-0.154366 -0.479017 0.181535 0.80678 0.437682 -0.396912
-0.0304276 0.316544 -0.212064 -0.329308 0.890841 0.312983
-0.508318 0.0088584 -0.373173 -0.587476 0.665927 -0.459797
-0.323569 0.0691341 0.0505785 0.329308 -0.890841 -0.312982
-0.463216 -0.120211 -0.291415 -0.0630697 -0.604131 -0.794385
0.0243661 -0.298847 -0.194272 -0.0630697 -0.604131 -0.794385
0.285817 -0.0220219 -0.425556 -0.0630697 -0.604131 -0.794385
0.251902 -0.174569 -0.0840627 -0.80678 -0.437682 0.396912
-0.427258 -0.334158 -0.108443 -0.80678 -0.437682 0.396913
-0.615368 0.051267 -0.0724573 -0.329308 0.890841 0.312982
-0.343808 0.159238 -0.0940504 -0.329308 0.890841 0.312982
-0.178349 0.0847109 -0.469875 -0.0630698 -0.604131 -0.794385
-0.273985 -0.396992 -0.0959454 -0.0630697 -0.604131 -0.794385
0.318227 -0.167261 -0.265223 0.0630698 0.604131 0.794385
0.0145335 -0.464017 0.26056 0.425936 0.0347416 0.904086
0.187103 -0.0666208 0.147897 -0.80678 -0.437682 0.396912
-0.355548 -0.119523 -0.108743 -0.587476 0.665927 -0.459797
0.501211 -0.104357 -0.224797 0.806781 0.437683 -0.396912
-0.095503 -0.665038 0.0937333 -0.0630697 -0.604131 -0.794385
-0.00677072 -0.147499 0.212347 -0.425936 -0.0347416 -0.904086
-0.177478 -0.102135 -0.270151 0.0630698 0.604131 0.794385
-0.636323 0.00118652 -0.272698 -0.587476 0.665927 -0.459797
-0.109596 -0.253397 0.310947 0.425936 0.0347415 0.904086
-0.146415 0.113344 0.111138 0.329308 -0.890841 -0.312982
-0.580671 -0.139666 -0.267294 -0.0630697 -0.604131 -0.794385
-0.0271758 0.193542 0.00833056 0.329308 -0.890842 -0.312982
-0.273238 -0.365927 0.0646158 0.80678 0.437682 -0.396912
-0.483267 -0.183523 -0.0561798 -0.80678 -0.437682 0.396912
-0.061414 0.226796 0.0107837 -0.329308 0.890841 0.312982
0.213097 -0.527679 -0.0352297 -0.0630698 -0.604131 -0.794385
-0.207866 -0.0114678 -0.105904 0.0630697 0.604131 0.794385
0.27369 0.146696 -0.410425 0.80678 0.437682 -0.396912
0.259949 -0.368784 -0.15979 -0.0630698 -0.604131 -0.794385
0.165561 0.146293 -0.0107192 0.80678 0.437682 -0.396912
0.242172 -0.232856 0.144431 0.425936 0.0347417 0.904086
0.0716582 0.368134 -0.565673 -0.0630697 -0.604131 -0.794385
0.306727 -0.412273 0.0984377 0.587476 -0.665927 0.459797
0.0899889 0.0742411 -0.190508 -0.0630697 -0.604131 -0.794385
0.0499113 -0.274593 -0.159672 0.0630685 0.604131 0.794385
0.182773 -0.242436 -0.24975 -0.0630697 -0.604131 -0.794385
-0.111951 -0.254249 0.301326 0.806781 0.437682 -0.396912
-0.314531 0.0115682 0.396954 0.80678 0.437683 -0.396912
-0.246893 -0.423921 -0.0776168 -0.0630697 -0.604131 -0.794385
-0.0818282 -0.47592 0.00127474 0.0630696 0.604132 0.794385
-0.47503 -0.0836658 0.070677 -0.80678 -0.437682 0.396912
-0.265993 0.240022 -0.399956 -0.587476 0.665927 -0.459798
-0.26736 0.230826 -0.217376 -0.329308 0.890841 0.312982
-0.232806 -0.559246 0.0385997 -0.80678 -0.437682 0.396912
-0.189976 0.166097 -0.0848455 0.329308 -0.890841 -0.312982
0.27517 -0.217158 -0.0837322 -0.80678 -0.437682 0.396912
0.0923877 0.0626579 -0.422147 0.0630698 0.604131 0.794385
0.140151 0.204224 -0.586052 -0.0630697 -0.604131 -0.794385
0.0272539 -0.620127 0.154481 0.587476 -0.665927 0.459797
0.166169 -0.459986 0.118304 -0.587475 0.665927 -0.459797
-0.50015 0.0883266 -0.18984 0.329308 -0.890841 -0.312982
-0.380628 -0.259606 0.0685498 -0.80678 -0.437682 0.396912
-0.662928 0.000283872 -0.240012 -0.587476 0.665927 -0.459797
-0.0968886 -0.618326 0.249724 -0.80678 -0.437682 0.396912
-0.0209506 0.133681 -0.298762 -0.80678 -0.437682 0.396912
-0.157386 0.201161 -0.543039 -0.587476 0.665927 -0.459797
0.0314413 -0.15807 -0.301896 -0.0630697 -0.604131 -0.794385
-0.0525905 0.00166775 -0.364253 0.0630698 0.604132 0.794385
-0.166991 -0.236747 -0.173856 0.0630698 0.604131 0.794385
-0.000400477 0.162223 -0.330495 0.80678 0.437682 -0.396912
-0.322647 0.0678617 0.0551709 0.329308 -0.890841 -0.312982
-0.0231808 0.151248 -0.480344 0.0630698 0.604131 0.794385
0.590765 -0.20653 -0.155434 0.80678 0.437681 -0.396914
-0.356688 -0.0207615 -0.375504 -0.0630697 -0.604131 -0.794385
-0.293265 0.225439 -0.386231 -0.587476 0.665927 -0.459798
-0.0583282 0.141309 0.257352 -0.329308 0.890841 0.312982
-0.141476 0.313634 -0.450286 0.80678 0.437682 -0.396912
0.56378 -0.363989 -0.187558 -0.0630698 -0.604131 -0.794385
-0.358504 -0.174805 0.207031 -0.80678 -0.437682 0.396912
-0.0643943 -0.493827 0.0135087 0.0630699 0.604131 0.794385
0.0312123 -0.153451 0.194681 -0.425936 -0.0347416 -0.904086
0.187154 -0.0862854 -0.316399 0.0630697 0.604131 0.794385
-0.596426 0.0238765 -0.0574886 -0.80678 -0.437682 0.396912
-0.401009 -0.294263 -0.163986 -0.0630697 -0.604131 -0.794385
-0.00237934 -0.44589 0.267831 0.425936 0.0347416 0.904086
0.0517271 -0.415198 -0.0555084 0.0630693 0.604132 0.794385
-0.26331 -0.227276 0.342666 -0.80678 -0.437682 0.396912
-0.524292 -0.147494 -0.0998394 -0.80678 -0.437682 0.396912
0.37392 -0.443229 -0.0774147 0.587476 -0.665927 0.459797
-0.39391 0.152114 -0.263674 -0.806781 -0.437682 0.396912
0.257724 0.0698349 0.130562 0.490573 -0.121802 0.862846
0.48482 -0.330112 -0.0554242 -0.587476 0.665927 -0.459797
0.324385 -0.0946808 0.0463858 0.80678 0.437682 -0.396912
0.360349 -0.262569 0.039332 -0.80678 -0.437682 0.396912
0.405217 -0.276392 -0.189135 0.0630698 0.604131 0.794385
-0.324609 -0.0474096 0.416411 -0.80678 -0.437682 0.396912
0.131761 0.285979 0.0746096 0.80678 0.437682 -0.396912
-0.312224 -0.181832 -0.256539 -0.0630697 -0.604131 -0.794385
0.08829 -0.327043 0.220548 0.425936 0.0347416 0.904086
-0.251408 -0.181652 0.384529 0.490573 -0.121802 0.862846
-0.510443 0.0474619 -0.362991 -0.0630698 -0.604131 -0.794385
0.0175777 0.0122541 0.240824 0.425936 0.0347416 0.904086
-0.297311 0.0508943 -0.238237 0.80678 0.437683 -0.396912
-0.234067 -0.551298 0.0448017 -0.80678 -0.437682 0.396912
0.417029 -0.0644774 -0.351933 0.80678 0.437682 -0.396913
0.123576 0.0660543 -0.427206 0.0630698 0.604131 0.794385
-0.136998 0.255664 -0.28404 0.329308 -0.890841 -0.312982
0.0641374 0.156844 0.167245 -0.425936 -0.0347413 -0.904086
-0.358543 -0.152213 0.231864 -0.80678 -0.437682 0.396912
0.38043 -0.272614 0.0808225 0.425936 0.0347417 0.904086
-0.301425 0.0264764 0.195294 0.329308 -0.890841 -0.312982
-0.173601 -0.0429835 0.286928 -0.425936 -0.0347416 -0.904086
-0.1492 -0.429334 0.336366 0.425936 0.0347415 0.904086
0.239207 -0.364731 -0.103528 0.0630672 0.60413 0.794386
0.0852847 -0.595871 0.0267782 -0.0630698 -0.604131 -0.794385
-0.423 -0.00383078 0.264471 -0.80678 -0.437682 0.396912
-0.34532 0.0580218 -0.38387 0.0630706 0.604133 0.794384
-0.174067 -0.399875 0.333738 -0.80678 -0.437682 0.396912
0.0347861 -0.138425 -0.262027 0.0630698 0.604131 0.794385
0.172551 -0.483874 0.166173 0.587476 -0.665927 0.459797
0.0683672 0.221724 -0.125102 0.80678 0.437682 -0.396912
0.157507 0.18927 -0.523606 0.0630697 0.604132 0.794385
0.375409 -0.443895 -0.0802808 0.587476 -0.665927 0.459797
-0.344854 0.162642 -0.10484 -0.329308 0.890841 0.312982
-0.103651 -0.36299 -0.135328 -0.0630697 -0.604131 -0.794385
0.284407 0.141811 -0.394028 0.80678 0.437682 -0.396912
0.308221 -0.0697652 0.0410055 0.80678 0.437682 -0.396912
0.517875 -0.23904 -0.278937 -0.0630696 -0.604131 -0.794385
0.132982 0.115886 -0.0054955 -0.80678 -0.437682 0.396912
0.6116 -0.350085 -0.201929 -0.0630695 -0.604132 -0.794385
