ply
format ascii 1.0
comment Created by Open3D
element vertex 512
property double x
property double y
property double z
property double nx
property double ny
property double nz
end_header
-0.57228 -0.102622 -0.1479 -0.80678 -0.437682 0.396912
0.319369 -0.38282 0.0343224 -0.587475 0.665927 -0.459797
-0.1715 -0.374357 -0.121296 -0.0630697 -0.604131 -0.794385
0.187554 -0.0213508 -0.0459036 -0.80678 -0.437682 0.396912
-0.0558658 -0.409934 0.291648 0.425936 0.0347415 0.904086
-0.0422678 0.0936318 -0.386255 -0.80678 -0.437682 0.396912
0.158697 0.109593 0.0398351 -0.80678 -0.437682 0.396912
0.113341 -0.516124 -0.0360974 -0.0630698 -0.604131 -0.794385
0.137805 0.067171 0.182072 0.425936 0.0347415 0.904086
-0.248491 0.176895 -0.0440179 -0.329308 0.890841 0.312982
0.0421372 -0.191712 0.191004 -0.425936 -0.0347416 -0.904086
0.0978554 0.237064 0.149134 -0.329308 0.890841 0.312982
0.0390797 0.2403 0.0780813 -0.329308 0.890841 0.312982
0.32645 -0.308964 -0.0807333 -0.80678 -0.437682 0.396912
0.27081 -0.183034 -0.054966 -0.806781 -0.437682 0.396912
0.256015 -0.0213089 0.12978 0.425936 0.0347415 0.904086
0.0663729 -0.455101 -0.0263251 0.0630693 0.604132 0.794384
-0.371827 0.136074 -0.415282 -0.587476 0.665927 -0.459797
-0.115187 -0.484648 -0.0418908 -0.0630697 -0.604131 -0.794385
-0.200315 -0.585855 0.0418358 -0.0630697 -0.604131 -0.794385
-0.629788 0.0276035 -0.242787 -0.587476 0.665927 -0.459797
0.0805472 0.163674 -0.164357 0.80678 0.437682 -0.396912
-0.441916 -0.29744 -0.158322 -0.0630697 -0.604131 -0.794385
-0.104102 -0.696337 0.149037 -0.80678 -0.437682 0.396912
0.441223 -0.167807 -0.327025 -0.06307 -0.604131 -0.794385
0.258987 0.0617548 0.0859598 0.80678 0.437682 -0.396912
-0.407899 -0.22607 -0.0548777 0.80678 0.437682 -0.396912
0.321867 -0.0483182 0.092392 0.80678 0.437682 -0.396912
0.502015 -0.154795 -0.235271 0.0630697 0.604131 0.794385
-0.394087 -0.150061 -0.103731 -0.587476 0.665927 -0.459797
0.136273 0.294332 0.092993 0.80678 0.437682 -0.396912
-0.12434 0.180087 0.0775223 -0.329308 0.890841 0.312982
0.173629 0.138553 0.102121 -0.80678 -0.437682 0.396912
0.407799 -0.193556 -0.252338 0.0630698 0.604131 0.794385
0.37968 -0.220681 0.07918 0.425936 0.0347416 0.904086
0.264729 -0.19549 -0.29196 -0.0630697 -0.604131 -0.794385
-0.605656 -0.0159768 -0.120196 -0.80678 -0.437682 0.396912
0.405227 -0.267603 -0.19582 0.0630698 0.604131 0.794385
-0.425981 0.0345122 0.174497 -0.329308 0.890841 0.312982
-0.00193245 0.163971 -0.331681 0.80678 0.437682 -0.396912
-0.512808 0.0680554 -0.333664 -0.587476 0.665927 -0.459797
-0.469037 -0.193198 -0.235446 -0.0630697 -0.604131 -0.794385
-0.156488 0.148177 0.00139607 0.329308 -0.890841 -0.312982
0.198402 -0.115934 -0.294744 0.0630698 0.604131 0.794385
0.275595 -0.48777 0.0288726 0.587476 -0.665927 0.459797
-0.0907894 -0.656359 0.220181 -0.80678 -0.437682 0.396912
-0.0013203 0.194567 -0.567476 -0.0630697 -0.604131 -0.794385
-0.0297264 -0.672741 0.146558 -0.0630703 -0.604131 -0.794385
-0.172613 -0.303499 -0.175096 -0.0630697 -0.604131 -0.794385
-0.608914 -0.0183979 -0.129488 -0.80678 -0.437682 0.396912
0.244149 -0.128993 0.0934217 -0.425936 -0.0347415 -0.904086
-0.211286 0.104997 -0.482687 -0.0630698 -0.604131 -0.794385
0.0373851 -0.510915 0.0184233 0.0630698 0.604131 0.794385
-0.286226 0.239917 -0.374257 -0.587476 0.665927 -0.459797
0.116778 0.210514 -0.039061 0.80678 0.437682 -0.396912
-0.326807 0.0340687 0.146979 0.329308 -0.890841 -0.312982
0.0529911 0.0962434 -0.497012 -0.0630698 -0.604131 -0.794385
0.234284 -0.350564 0.106583 -0.425936 -0.0347416 -0.904086
0.0719291 0.351433 -0.594765 0.80678 0.437682 -0.396913
0.25043 -0.192568 -0.203118 -0.587475 0.665928 -0.459797
-0.175197 -0.12551 0.314732 0.806781 0.437682 -0.396912
-0.286984 0.00708154 0.265692 0.329308 -0.890841 -0.312982
0.0860987 0.0595889 -0.419314 0.0630698 0.604131 0.794385
-0.419275 -0.336909 -0.0952483 -0.80678 -0.437682 0.396912
0.129446 -0.210977 0.150611 -0.425936 -0.0347416 -0.904086
0.243804 0.0752728 0.0700047 0.80678 0.437682 -0.396912
0.284108 -0.423486 -0.120107 -0.0630698 -0.604131 -0.794385
0.118084 -0.297402 0.159285 -0.425936 -0.0347416 -0.904086
-0.049596 -0.343181 0.240042 -0.425936 -0.0347416 -0.904086
-0.381749 0.0296776 0.234797 -0.329308 0.890841 0.312982
-0.479063 -0.0399154 0.00574755 0.80678 0.437683 -0.396912
0.289258 -0.467687 0.0405021 0.587476 -0.665927 0.459797
-0.24453 -0.487065 -0.0297839 -0.0630697 -0.604131 -0.794385
-0.105354 -0.339777 -0.152846 -0.0630697 -0.604131 -0.794385
-0.327479 -0.323898 0.000710668 0.80678 0.437682 -0.396912
0.0419471 0.208133 -0.0888144 -0.80678 -0.437682 0.396912
-0.366303 0.104407 -0.417742 -0.0630697 -0.604131 -0.794385
-0.120043 0.264735 -0.15889 -0.329308 0.890841 0.312982
0.188646 -0.338212 -0.177378 -0.0630698 -0.604131 -0.794385
0.0044532 0.029549 -0.361953 -0.80678 -0.437682 0.396912
-0.0818247 0.163228 0.170241 -0.329308 0.890841 0.312982
0.33671 -0.310999 -0.0621223 -0.806781 -0.437682 0.396912
0.454939 -0.392055 -0.0703683 -0.0630697 -0.604131 -0.794385
-0.326848 -0.241913 0.0924001 0.80678 0.437682 -0.396912
0.0145239 -0.397503 0.211921 -0.425936 -0.0347417 -0.904086
-0.472522 -0.109011 -0.246742 0.0630697 0.604131 0.794385
0.28683 -0.0642595 -0.393515 -0.0630697 -0.604131 -0.794385
-0.317227 0.183992 -0.325024 0.587476 -0.665927 0.459797
-0.5947 0.067073 -0.0956997 -0.329308 0.890841 0.312982
0.262381 -0.131397 -0.120134 0.80678 0.437682 -0.396912
0.0879642 0.17923 -0.0271494 -0.80678 -0.437682 0.396912
-0.35138 0.133028 -0.25757 0.80678 0.437683 -0.396912
-0.0450138 -0.0285122 -0.394354 -0.0630697 -0.604131 -0.794385
-0.159811 -0.0505839 -0.368455 -0.0630697 -0.604131 -0.794385
-0.377583 -0.153973 0.0862466 0.80678 0.437682 -0.396912
-0.127091 0.11355 0.264011 -0.329308 0.890841 0.312982
0.30638 -0.227429 -0.136595 0.80678 0.437682 -0.396912
0.133493 -0.408366 -0.0619508 0.0630698 0.604131 0.794385
-0.532824 0.0991479 -0.263059 -0.587476 0.665927 -0.459797
0.36756 -0.121721 -0.303773 0.0630698 0.604131 0.794385
0.114237 0.335178 -0.526694 0.80678 0.437682 -0.396913
-0.475986 0.128201 -0.144782 -0.329308 0.890841 0.312982
-0.432542 0.0291409 -0.407432 -0.0630698 -0.604131 -0.794385
-0.390944 -0.0325546 0.297956 -0.80678 -0.437682 0.396912
0.257103 -0.300735 -0.211315 -0.0630698 -0.604131 -0.794385
-0.237977 -0.143782 0.381252 0.806781 0.437682 -0.396912
-0.28594 -0.130821 -0.29742 -0.0630697 -0.604131 -0.794385
0.301954 -0.195399 0.114827 0.425936 0.0347416 0.904086
0.0885764 0.272913 -0.581744 0.0630697 0.604131 0.794385
-0.269572 -0.379497 0.162081 -0.80678 -0.437682 0.396912
0.162538 0.0336082 -0.141124 0.80678 0.437682 -0.396912
0.341493 -0.211154 -0.286141 -0.0630698 -0.604131 -0.794385
-0.014634 -0.556522 0.277856 0.425936 0.0347416 0.904086
0.458056 -0.0799894 -0.241389 -0.80678 -0.437682 0.396913
-0.389055 -0.201547 -0.235446 -0.0630697 -0.604131 -0.794385
-0.27479 -0.417245 -0.0804794 -0.0630697 -0.604131 -0.794385
0.586564 -0.275 -0.239477 0.80678 0.437682 -0.396913
-0.176451 -0.0217764 0.333543 0.425936 0.0347418 0.904086
0.109556 0.0770893 -0.194227 -0.0630697 -0.604131 -0.794385
-0.168001 -0.49709 0.13389 0.80678 0.437682 -0.396912
-0.597668 -0.150345 -0.252129 -0.80678 -0.437682 0.396913
-0.07083 0.312187 -0.499486 0.587475 -0.665928 0.459796
-0.140178 0.0943893 -0.427814 0.0630698 0.604131 0.794385
-0.319429 0.0985829 -0.0288854 0.329308 -0.890841 -0.312982
0.63959 -0.274068 -0.130665 0.806781 0.437682 -0.396912
-0.308548 -0.190515 -0.250228 -0.0630697 -0.604131 -0.794385
0.576919 -0.288456 -0.0886901 0.0630697 0.604131 0.794385
-0.0533111 -0.334065 0.241442 -0.425936 -0.0347416 -0.904086
0.317278 0.0789106 -0.352319 -0.806781 -0.437682 0.396912
-0.162245 -0.0524468 -0.366845 -0.0630697 -0.604131 -0.794385
-0.628686 -0.0553535 -0.210429 -0.80678 -0.437682 0.396912
-0.279449 0.000343897 0.381218 0.425936 0.0347417 0.904086
-0.299378 0.0535326 -0.384103 0.0630697 0.604131 0.794385
-0.0393453 0.252706 -0.204901 -0.80678 -0.437682 0.396912
0.00439544 -0.0854082 0.2047 -0.425936 -0.0347416 -0.904086
0.0257139 -0.175019 -0.233477 0.0630698 0.604131 0.794385
-0.517027 -0.14647 -0.18892 0.80678 0.437682 -0.396912
-0.13868 -0.212155 0.323064 0.425936 0.0347415 0.904086
0.217026 -0.0876495 0.104611 -0.425936 -0.0347415 -0.904086
-0.301303 0.107605 -0.477524 -0.0630698 -0.604131 -0.794385
0.216108 -0.0376276 -0.110789 0.80678 0.437682 -0.396912
-0.125554 -0.143791 -0.30029 -0.0630697 -0.604131 -0.794385
0.0983673 0.089052 -0.105445 -0.80678 -0.437682 0.396912
-0.0155264 -0.591905 0.159394 -0.587476 0.665927 -0.459797
0.16112 -0.0712674 -0.378205 -0.0630697 -0.604131 -0.794385
0.229458 -0.288315 0.152552 0.425936 0.0347416 0.904086
-0.168191 0.181987 -0.54466 -0.0630698 -0.604131 -0.794385
-0.0646433 -0.210115 -0.199612 0.0630698 0.604131 0.794385
-0.417922 -0.0616109 0.211079 -0.80678 -0.437682 0.396912
-0.318428 -0.105041 -0.0466072 0.587475 -0.665927 0.459797
-0.0232969 -0.132131 -0.317277 -0.0630697 -0.604131 -0.794385
-0.538741 0.12152 -0.191796 -0.329308 0.890841 0.312982
-0.283591 -0.26059 -0.198917 -0.0630697 -0.604131 -0.794385
-0.288769 0.00641124 0.265722 0.329308 -0.890841 -0.312982
-0.0329455 0.177152 0.0489106 0.329308 -0.890841 -0.312982
-0.150858 -0.224969 -0.236545 -0.0630697 -0.604131 -0.794385
0.230252 -0.429 0.0813022 -0.587475 0.665927 -0.459797
0.0612708 0.284843 -0.0699233 0.80678 0.437682 -0.396912
-0.0945507 -0.528574 0.042328 0.0630698 0.604131 0.794385
0.454105 -0.0887567 -0.259088 -0.80678 -0.437683 0.396913
-0.135411 -0.525203 0.27411 -0.80678 -0.437682 0.396912
0.0277476 -0.0685319 -0.312 0.0630695 0.604131 0.794385
0.287988 -0.500001 -0.0622245 -0.0630698 -0.604131 -0.794385
-0.051727 -0.144294 0.269639 -0.806781 -0.437682 0.396912
0.0500986 -0.332222 -0.170934 -0.0630697 -0.604131 -0.794385
0.12682 -0.56438 0.108005 0.587476 -0.665927 0.459797
-0.342268 -0.0465549 0.381458 -0.80678 -0.437682 0.396912
0.248181 0.00778033 0.00447675 0.80678 0.437682 -0.396912
-0.289331 0.152081 -0.406883 0.587476 -0.665927 0.459797
0.0259059 -0.42908 -0.0953527 -0.0630697 -0.604131 -0.794385
-0.349533 0.190468 -0.188964 -0.329308 0.890841 0.312982
-0.108519 -0.472403 -0.0517329 -0.0630697 -0.604131 -0.794385
0.378181 -0.386145 -0.155973 -0.0630698 -0.604131 -0.794385
-0.265447 0.206293 -0.145536 -0.329308 0.890841 0.312982
0.0432963 0.180271 -0.507694 0.0630697 0.604131 0.794385
-0.396523 -0.145674 0.161876 -0.80678 -0.437682 0.396912
-0.451395 0.0895638 -0.29036 0.587475 -0.665927 0.459797
0.407996 -0.0269014 -0.284602 -0.80678 -0.437684 0.396911
-0.017701 -0.284154 -0.202107 -0.0630697 -0.604131 -0.794385
-0.318375 0.100902 0.0987496 -0.329308 0.890841 0.312982
-0.189504 -0.440589 0.257464 -0.80678 -0.437682 0.396912
0.163338 -0.469991 -0.0226991 0.0630697 0.604131 0.794385
-0.192319 -0.369623 0.329997 -0.80678 -0.437682 0.396912
0.143704 0.155534 0.175897 0.425936 0.0347416 0.904086
-0.2345 0.132258 -0.0353746 0.329308 -0.890841 -0.312982
-0.358089 -0.0634537 -0.290473 0.0630697 0.604131 0.794385
0.158969 0.134624 -0.0369876 0.80678 0.437682 -0.396912
-0.339934 -0.0704102 -0.0575621 -0.587476 0.665927 -0.459797
-0.150917 0.240701 -0.256094 0.329308 -0.890841 -0.312982
0.180037 -0.359888 0.178586 0.425936 0.0347416 0.904086
0.0550791 -0.541528 0.142144 -0.587476 0.665927 -0.459797
0.0628522 -0.562004 0.0552549 0.0630696 0.604132 0.794385
-0.542254 0.0168088 0.0448297 -0.80678 -0.437682 0.396912
0.0422479 -0.354069 -0.0959994 0.0630699 0.604131 0.794385
-0.589345 0.04576 -0.177545 0.587475 -0.665927 0.459797
-0.189662 -0.0189454 0.339658 0.425936 0.0347418 0.904086
0.210822 0.212451 0.154233 0.80678 0.437682 -0.396912
0.113668 0.245168 -0.615087 -0.0630697 -0.604132 -0.794385
0.169586 0.0354088 -0.460004 -0.0630697 -0.604131 -0.794385
-0.230956 -0.0162584 -0.118112 -0.80678 -0.437682 0.396912
0.229304 -0.229758 0.104288 -0.425936 -0.0347417 -0.904086
0.0979826 -0.128127 0.174275 0.80678 0.437682 -0.396912
-0.513467 -0.196969 -0.132393 -0.80678 -0.437682 0.396912
0.403493 -0.393976 0.00130036 0.587476 -0.665927 0.459797
0.295639 -0.271769 0.0746499 -0.425936 -0.0347417 -0.904086
-0.257233 0.17102 -0.169624 0.329308 -0.890841 -0.312982
0.335964 -0.246337 0.00766519 -0.80678 -0.437682 0.396912
-0.188419 -0.497508 0.0261551 0.0630698 0.604131 0.794385
-0.106013 -0.264911 -0.157278 0.0630701 0.604131 0.794385
0.251887 0.104466 -0.50131 0.806781 0.437683 -0.396912
0.335148 -0.346052 0.104978 0.425936 0.0347416 0.904086
-0.226141 -0.230498 0.364974 0.425936 0.0347414 0.904086
0.306953 -0.226354 -0.134245 0.80678 0.437682 -0.396912
-0.311815 -0.400701 0.0528344 -0.80678 -0.437682 0.396912
-0.205989 0.0439977 -0.436718 -0.0630698 -0.604131 -0.794385
0.170923 0.0513175 -0.472209 -0.0630697 -0.604131 -0.794385
0.0586712 -0.0313529 -0.400426 -0.0630697 -0.604131 -0.794385
-0.550166 -0.0970698 -0.30211 -0.0630697 -0.604131 -0.794385
0.16274 0.221213 0.0661617 0.80678 0.437682 -0.396912
0.336092 -0.25474 -0.00134074 -0.806781 -0.437682 0.396912
-0.131832 -0.378065 0.280126 -0.425936 -0.0347416 -0.904086
-0.297365 0.225552 -0.233934 -0.329308 0.890841 0.312982
-0.314222 -0.0108065 0.44436 0.490572 -0.121802 0.862846
-0.264741 -0.0731374 0.331025 -0.425936 -0.0347416 -0.904086
-0.339843 -0.0998733 0.327591 -0.80678 -0.437682 0.396912
-0.321375 0.0528653 -0.225678 -0.80678 -0.437682 0.396912
-0.0274583 -0.476354 -0.0551639 -0.0630697 -0.604131 -0.794385
-0.320539 -0.309958 -0.158439 -0.0630697 -0.604131 -0.794385
-0.0858094 0.0344996 -0.439036 -0.0630697 -0.604131 -0.794385
0.19185 -0.439098 -0.100909 -0.0630698 -0.604131 -0.794385
0.496984 -0.21094 -0.298649 -0.0630696 -0.604131 -0.794385
-0.190858 0.143396 0.111968 -0.329308 0.890841 0.312982
0.246097 0.180002 -0.418688 0.0630696 0.604131 0.794385
0.0676416 -0.134962 -0.322344 -0.0630697 -0.604131 -0.794385
-0.102364 -0.037189 0.253144 -0.425936 -0.0347416 -0.904086
-0.209782 -0.0162082 -0.134316 0.80678 0.437682 -0.396912
-0.00813414 0.296306 -0.131005 -0.329308 0.890841 0.312983
-0.0746261 -0.610698 0.298306 0.587476 -0.665927 0.459797
0.113388 -0.300208 -0.142608 0.0630707 0.604131 0.794385
-0.217357 0.0116171 -0.358738 0.0630708 0.604133 0.794383
0.0449665 0.231029 -0.162405 0.80678 0.437682 -0.396912
0.31995 0.0147546 -0.456235 -0.0630697 -0.604131 -0.794385
-0.210481 -0.345892 0.31925 -0.80678 -0.437682 0.396912
0.155219 -0.573614 0.0131776 0.587476 -0.665927 0.459797
-0.398112 6.84254e-05 -0.335605 0.0630697 0.604131 0.794385
-0.428736 -0.216876 -0.168186 0.0630697 0.604131 0.794385
-0.161436 -0.640023 0.0945964 -0.80678 -0.437682 0.396912
-0.479728 -0.195579 -0.0622807 -0.80678 -0.437682 0.396912
-0.0819225 0.306767 -0.238416 -0.329308 0.890841 0.312982
-0.526296 -0.0549494 -0.106838 0.80678 0.437682 -0.396912
0.304553 -0.410239 0.104161 0.587476 -0.665927 0.459797
-0.660559 -0.0295156 -0.286198 -0.587476 0.665927 -0.459797
0.631306 -0.328574 -0.207608 0.80678 0.437684 -0.396911
-0.389778 -0.120127 -0.00882588 0.0630698 0.604131 0.794385
0.213061 0.0459375 0.147433 0.425936 0.0347415 0.904086
-0.0912598 0.235562 -0.591512 -0.0630697 -0.604132 -0.794385
-0.11795 0.271458 -0.308952 0.329308 -0.890841 -0.312982
-0.124886 0.26148 -0.15472 -0.329308 0.890841 0.312982
0.200771 0.191885 -0.475004 0.0630697 0.604131 0.794385
0.372559 -0.0423318 -0.416998 -0.0630697 -0.604131 -0.794385
-0.106218 -0.63755 0.209561 -0.80678 -0.437682 0.396912
-0.224031 0.197443 -0.499792 -0.0630697 -0.604131 -0.794385
-0.389041 -0.147752 0.0698166 0.80678 0.437682 -0.396912
-0.0782576 0.226301 -0.00552916 -0.329308 0.890841 0.312982
-0.366008 0.0949897 -0.329249 0.80678 0.437683 -0.396912
0.144768 -0.164567 -0.253501 0.0630698 0.604131 0.794385
0.161311 -0.464241 0.191418 0.425936 0.0347416 0.904086
0.31238 -0.177198 0.035969 -0.80678 -0.437682 0.396912
-0.156328 -0.556927 0.196611 -0.80678 -0.437682 0.396912
0.318137 -0.432872 -0.0365932 -0.587475 0.665927 -0.459797
0.130198 0.299928 0.0910568 -0.409492 0.898458 0.158396
-0.1709 0.121122 0.196367 -0.329308 0.890841 0.312982
0.194948 -0.456612 0.175278 0.425936 0.0347416 0.904086
-0.447862 -0.0915911 0.117161 -0.80678 -0.437682 0.396912
0.0158923 0.0701395 0.239394 0.425936 0.0347416 0.904086
-0.323873 -0.0413199 -0.362474 -0.0630697 -0.604131 -0.794385
-0.0774798 0.186056 -0.502505 0.0630698 0.604131 0.794385
-0.23567 -0.0697345 -0.245962 0.80678 0.437683 -0.396912
-0.295431 -0.0865282 -0.137767 -0.587475 0.665927 -0.459797
-0.207293 -0.120888 -0.311218 -0.0630697 -0.604131 -0.794385
0.630705 -0.268126 -0.142174 0.80678 0.437683 -0.396912
0.0617258 0.0890942 0.170985 -0.425936 -0.0347415 -0.904086
0.156927 0.292162 0.184963 0.0630698 0.604131 0.794385
0.11902 0.000380341 -0.376899 0.0630697 0.604131 0.794385
0.172164 -0.0201781 0.168747 -0.80678 -0.437682 0.396912
-0.476118 -0.123585 0.0244457 -0.80678 -0.437682 0.396912
-0.0494554 0.010935 0.272456 0.425936 0.0347416 0.904086
0.0867378 -0.475985 0.227003 0.425936 0.0347416 0.904086
0.20961 -0.5092 0.0821424 0.587476 -0.665927 0.459797
0.0435676 -0.021372 0.183785 -0.425936 -0.0347416 -0.904086
-0.337706 -0.0721936 0.257481 0.80678 0.437682 -0.396912
-0.151874 0.262524 -0.422555 0.587476 -0.665927 0.459797
0.144339 0.130311 -0.477722 0.0630697 0.604131 0.794385
0.566096 -0.193391 -0.160128 0.0630702 0.604132 0.794385
-0.0274455 0.140498 0.257107 0.425936 0.0347417 0.904086
0.0326038 0.112778 -0.215259 -0.0630697 -0.604131 -0.794385
-0.13521 0.0351122 0.26584 -0.425936 -0.0347413 -0.904086
-0.185627 -0.582208 0.0378966 -0.0630697 -0.604131 -0.794385
-0.0618879 0.322126 -0.261054 -0.329308 0.890841 0.312983
-0.0518997 -0.646705 0.0763295 -0.0630697 -0.604131 -0.794385
-0.349429 -0.225166 -0.168178 0.0630698 0.604131 0.794385
-0.101041 0.184759 -0.405233 -0.80678 -0.437682 0.396912
0.0431169 -0.535738 0.165814 -0.587476 0.665927 -0.459797
-0.327645 -0.339322 -0.0830923 0.0630698 0.604131 0.794385
-0.419062 0.0932785 -0.118618 0.329308 -0.890841 -0.312982
0.521128 -0.330721 -0.068243 -0.0630697 -0.604131 -0.794385
0.0766923 -0.257602 0.223344 0.425936 0.0347416 0.904086
-0.0960529 0.312589 -0.492356 0.0630692 0.604132 0.794385
0.0182515 -0.536117 0.261579 0.425936 0.0347416 0.904086
-0.174993 -0.428276 -0.0275619 0.0630679 0.604131 0.794385
0.0147282 -0.291475 0.253838 0.425936 0.0347416 0.904086
0.437825 -0.303231 0.0469967 0.80678 0.437682 -0.396912
-0.412468 0.163644 -0.323426 -0.587475 0.665928 -0.459797
-0.242594 -0.0747649 0.320654 -0.425936 -0.0347416 -0.904086
-0.0859566 -0.573051 0.101696 0.0630719 0.604133 0.794384
-0.325585 -0.187073 0.155439 0.80678 0.437682 -0.396912
-0.258927 -0.487186 0.0649676 -0.80678 -0.437682 0.396912
-0.0788936 -0.0653991 -0.305915 0.0630701 0.604132 0.794385
-0.237384 0.0767394 0.119612 0.329308 -0.890841 -0.312982
-0.129637 -0.297111 0.275981 -0.425936 -0.0347417 -0.904086
0.520648 -0.311513 -0.224042 -0.0630698 -0.604131 -0.794385
-0.365273 0.0930243 -0.329922 0.80678 0.437683 -0.396912
0.210116 0.215594 0.156265 0.80678 0.437682 -0.396912
0.202374 -0.171047 0.152836 -0.409492 0.898458 0.158396
-0.547104 -0.0166638 -0.31105 0.0630697 0.604131 0.794385
0.157454 0.124341 -0.051405 0.80678 0.437682 -0.396912
-0.341678 -0.176723 0.239118 -0.80678 -0.437682 0.396912
0.39827 -0.394431 0.00731624 0.587476 -0.665927 0.459797
0.173518 0.193169 -0.562793 0.80678 0.437682 -0.396913
0.378191 -0.030375 -0.39327 0.806781 0.437683 -0.396912
-0.200189 0.246275 -0.190673 -0.329308 0.890841 0.312982
0.152776 0.269988 -0.479713 0.0630697 0.604131 0.794385
-0.0640668 0.221554 -0.110214 0.329308 -0.890841 -0.312982
-0.0850003 -0.565042 0.227669 0.80678 0.437682 -0.396912
0.409571 -0.32673 -0.0363469 0.806781 0.437682 -0.396912
-0.140754 0.225789 -0.0698283 -0.329308 0.890841 0.312982
-0.626395 -0.0942504 -0.298202 -0.0630697 -0.604131 -0.794385
-0.123047 0.116682 0.126225 0.329308 -0.890841 -0.312982
-0.229614 0.151923 0.0469203 -0.329308 0.890841 0.312982
-0.499105 -0.00781874 -0.37404 -0.0630698 -0.604131 -0.794385
0.294182 -0.0925024 -0.320168 0.0630697 0.604131 0.794385
-0.226383 -0.155661 -0.230807 0.0630697 0.604131 0.794385
0.462254 -0.323175 -0.158085 0.0630697 0.604131 0.794385
0.0732003 0.166277 0.2087 0.425936 0.0347417 0.904086
0.0991566 -0.388836 -0.131774 -0.0630697 -0.604131 -0.794385
-0.313994 -0.393725 0.0560974 -0.80678 -0.437682 0.396912
-0.115702 0.333463 -0.349942 -0.329308 0.890841 0.312982
-0.244427 -0.278902 -0.135649 0.0630698 0.604131 0.794385
-0.401664 -0.242748 -0.0605962 0.80678 0.437682 -0.396912
0.290063 -0.359998 -0.168862 -0.0630698 -0.604131 -0.794385
0.018349 0.0374965 0.239491 0.425936 0.0347416 0.904086
0.0223308 0.0883475 -0.296328 0.587475 -0.665927 0.459797
-0.0313254 -0.458331 0.23586 -0.425936 -0.0347417 -0.904086
-0.413807 0.161579 -0.324706 -0.587476 0.665926 -0.459798
-0.147487 -0.46239 0.318829 -0.80678 -0.437682 0.396912
-0.482858 -0.114932 -0.0846901 0.80678 0.437682 -0.396912
0.291583 0.0250069 -0.46178 -0.0630697 -0.604131 -0.794385
0.277764 -0.179913 -0.0373882 -0.806781 -0.437682 0.396912
-0.316463 -0.253672 0.100542 0.80678 0.437682 -0.396912
-0.247071 0.215294 -0.284947 0.329308 -0.890841 -0.312982
-0.262339 -0.424263 -0.0761304 -0.0630697 -0.604131 -0.794385
-0.313628 0.0201209 -0.305337 0.80678 0.437683 -0.396912
-0.331215 -0.0259725 -0.373563 -0.0630697 -0.604131 -0.794385
0.159776 -0.35305 -0.106105 0.0630695 0.604131 0.794385
-0.517966 0.0560525 -0.116724 0.329308 -0.890841 -0.312982
-0.198326 0.309866 -0.369712 -0.329308 0.890841 0.312982
-0.277522 0.0925378 0.0324134 0.329308 -0.890841 -0.312982
-0.37728 0.206869 -0.26484 -0.329308 0.890841 0.312982
0.0759564 0.288952 0.0130866 -0.409492 0.898458 0.158396
-0.00715205 0.32519 -0.562014 0.587476 -0.665927 0.459797
0.141562 -0.278669 -0.218923 -0.0630697 -0.604131 -0.794385
-0.349723 -0.153587 0.248278 -0.80678 -0.437682 0.396912
-0.275249 -0.324927 0.10574 0.80678 0.437682 -0.396912
-0.0812512 -0.0313895 -0.389289 -0.0630697 -0.604131 -0.794385
-0.538747 -0.0544078 -0.0265735 -0.80678 -0.437682 0.396912
-0.271474 -0.180958 0.272171 0.80678 0.437682 -0.396912
-0.21929 0.222969 -0.393706 0.587476 -0.665927 0.459797
-0.367516 -0.409396 -0.0790862 -0.0630697 -0.604131 -0.794385
0.242499 0.143021 0.142059 0.80678 0.437682 -0.396912
-0.587085 0.0391793 -0.0216271 -0.80678 -0.437682 0.396912
0.129317 -0.561492 0.108998 0.587476 -0.665927 0.459797
0.430269 -0.0918371 -0.355192 0.806781 0.437683 -0.396912
-0.0584659 -0.41472 -0.0995747 -0.0630697 -0.604131 -0.794385
-0.408813 -0.226612 0.0476427 -0.80678 -0.437682 0.396912
0.223017 0.129958 -0.531881 0.806781 0.437683 -0.396912
0.000358583 0.256137 -0.00773432 -0.329308 0.890841 0.312982
0.319682 -0.430615 -0.0352992 -0.587475 0.665927 -0.459797
0.0838974 -0.228378 -0.252591 -0.0630697 -0.604131 -0.794385
-0.0266843 -0.213629 0.244085 -0.806781 -0.437682 0.396912
-0.515713 0.0658221 -0.00903224 -0.329308 0.890841 0.312982
-0.237313 -0.340308 -0.0895141 0.0630698 0.604131 0.794385
-0.201624 0.170262 -0.108956 0.329308 -0.890842 -0.312982
0.106457 -0.413731 0.169233 -0.425936 -0.0347416 -0.904086
-0.195023 -0.364182 0.225524 0.80678 0.437682 -0.396912
0.18469 0.0440717 0.020418 -0.80678 -0.437682 0.396912
0.034695 0.309757 -0.657937 -0.0630697 -0.604132 -0.794385
-0.359232 0.124465 -0.144433 0.329308 -0.890841 -0.312982
-0.154521 -0.223284 -0.237536 -0.0630697 -0.604131 -0.794385
-0.269285 -0.258459 0.296136 -0.80678 -0.437682 0.396912
-0.388395 -0.287829 0.0216414 -0.80678 -0.437682 0.396912
-0.0316636 0.286052 -0.632689 -0.587476 0.665927 -0.459797
-0.512465 0.0518329 -0.0989254 0.329308 -0.890841 -0.312982
-0.299287 0.131485 -0.101342 0.329308 -0.890841 -0.312982
-0.138509 0.0273712 -0.376979 0.0630698 0.604131 0.794385
0.218434 -0.239054 -0.255153 -0.0630697 -0.604131 -0.794385
0.309349 -0.100307 0.00961849 0.80678 0.437682 -0.396912
-0.406352 -0.11497 -0.0114313 0.0630698 0.604131 0.794385
0.00858518 0.0380233 -0.44921 -0.0630697 -0.604131 -0.794385
0.222 0.00687979 -0.390018 0.0630699 0.604131 0.794385
0.00741637 0.159303 0.142182 0.329308 -0.890841 -0.312982
-0.00366078 0.167608 -0.331183 0.80678 0.437682 -0.396912
0.0284717 -0.632413 0.0899631 0.587476 -0.665927 0.459797
-0.470173 -0.122255 0.0379963 -0.80678 -0.437682 0.396912
-0.0172286 0.152265 0.251842 0.425936 0.0347417 0.904086
0.232225 -0.363308 -0.104056 0.0630708 0.604132 0.794385
0.29239 0.0923512 -0.425855 -0.0630696 -0.604131 -0.794385
-0.363255 -0.0949178 -0.318586 -0.0630697 -0.604131 -0.794385
-0.141333 -0.297342 0.327587 0.425936 0.0347415 0.904086
0.370024 -0.325004 0.041651 -0.425936 -0.0347416 -0.904086
-0.276715 0.0392103 -0.149959 -0.80678 -0.437682 0.396912
0.548615 -0.217534 -0.253244 0.806781 0.437683 -0.396912
-0.0379602 0.245342 -0.315183 0.80678 0.437682 -0.396912
0.45886 -0.269991 -0.250714 -0.0630696 -0.604131 -0.794385
-0.161826 0.15524 -0.472372 0.0630754 0.604131 0.794385
-0.0412511 0.0943161 -0.383434 -0.80678 -0.437682 0.396912
-0.0683495 -0.136644 -0.25257 0.0630696 0.604131 0.794385
0.352614 -0.312845 -0.157237 0.0630698 0.604131 0.794385
-0.0137632 0.296167 -0.136532 -0.329308 0.890841 0.312983
-0.10391 0.1945 -0.400322 -0.80678 -0.437682 0.396912
0.568813 -0.33484 -0.157675 0.0630699 0.604131 0.794385
-0.450874 -0.0841549 0.119239 -0.80678 -0.437682 0.396912
0.464805 -0.315408 -0.164195 0.0630697 0.604131 0.794385
0.295408 -0.0526227 -0.403046 -0.0630697 -0.604131 -0.794385
-0.319845 -0.453323 -0.0215146 -0.80678 -0.437682 0.396912
-0.0451688 0.226521 -0.104468 0.329308 -0.890841 -0.312982
0.237829 -0.103103 -0.0338631 -0.80678 -0.437682 0.396912
-0.382878 -0.127812 -0.239561 0.0630697 0.604131 0.794385
0.224493 -0.0526532 -0.344941 0.0630697 0.604131 0.794385
-0.0337607 -0.342137 -0.104284 0.0630695 0.604132 0.794385
-0.244101 -0.303654 0.19251 0.80678 0.437682 -0.396912
-0.477369 -0.0834856 -0.265769 0.0630697 0.604131 0.794385
-0.295132 0.149428 -0.403315 0.587476 -0.665927 0.459797
0.190074 0.0505863 -0.0664307 0.80678 0.437682 -0.396912
-0.226536 -0.428441 0.0906097 0.80678 0.437682 -0.396912
-0.0654014 0.0761285 0.231376 -0.425936 -0.0347413 -0.904086
-0.117794 -0.376049 -0.0718222 0.0630701 0.604131 0.794385
0.201289 -0.114403 -0.296138 0.0630698 0.604131 0.794385
0.0240078 0.170703 0.12719 0.329308 -0.890841 -0.312982
-0.206903 -0.0964302 -0.176629 0.587476 -0.665927 0.459797
0.103478 0.170866 -0.557772 -0.0630697 -0.604131 -0.794385
-0.214822 -0.0934925 -0.170486 -0.80678 -0.437682 0.396912
-0.19664 0.285084 -0.2974 -0.329308 0.890841 0.312982
-0.0211776 -0.0650837 0.262054 0.425936 0.0347416 0.904086
0.0568697 -0.362957 0.236731 0.425936 0.0347416 0.904086
-0.321996 -0.164654 -0.128385 0.587475 -0.665927 0.459797
0.000693184 0.355426 -0.532614 0.0630693 0.604132 0.794385
-0.227759 -0.4404 0.179912 -0.80678 -0.437682 0.396912
0.39171 -0.448589 -0.107908 0.587476 -0.665927 0.459797
-0.43878 0.044671 -0.410154 -0.587476 0.665927 -0.459797
-0.276378 -0.228611 0.209654 0.80678 0.437682 -0.396912
-0.176485 0.0702947 0.327713 0.0630698 0.604131 0.794385
0.334563 0.0694856 -0.359424 -0.0630697 -0.604131 -0.794385
0.220387 -0.533427 -0.0314368 -0.0630698 -0.604131 -0.794385
-0.50964 -0.252487 -0.185833 -0.80678 -0.437682 0.396913
0.287224 -0.113837 -0.303391 0.0630697 0.604131 0.794385
0.146055 0.290212 0.187161 -0.409492 0.898458 0.158396
-0.136231 0.251045 -0.523202 0.80678 0.437683 -0.396912
-0.434561 0.0650296 -0.0545198 0.329308 -0.890841 -0.312982
-0.128712 -0.209257 0.31687 0.806781 0.437682 -0.396912
0.00992609 0.214256 -0.252126 0.80678 0.437682 -0.396912
-0.387046 0.0987478 0.0326287 -0.329308 0.890841 0.312982
-0.472208 0.159271 -0.25343 -0.587476 0.665927 -0.459797
0.161506 -0.170423 -0.250376 0.0630696 0.604131 0.794385
-0.260303 0.00127379 -0.217731 0.80678 0.437682 -0.396912
-0.421454 0.120956 -0.199913 0.329308 -0.890841 -0.312982
-0.0176026 0.183946 -0.236528 -0.80678 -0.437682 0.396912
0.171906 -0.0391167 0.147337 -0.80678 -0.437682 0.396912
0.122885 -0.308095 0.157435 -0.425936 -0.0347416 -0.904086
-0.21155 -0.224938 -0.179299 0.0630697 0.604131 0.794385
-0.0188058 -0.580245 0.0231588 -0.0630697 -0.604131 -0.794385
0.36907 -0.460445 -0.0961522 0.587476 -0.665927 0.459797
-0.184157 -0.569776 0.125876 -0.80678 -0.437682 0.396912
0.0466722 -0.186826 0.18868 -0.425936 -0.0347416 -0.904086
-0.564446 -0.0924734 -0.225763 0.80678 0.437682 -0.396912
-0.181812 0.0738216 0.319515 -0.329308 0.890841 0.312982
0.0055758 -0.602942 0.207067 0.587476 -0.665927 0.459797
0.519603 -0.382333 -0.130188 0.587476 -0.665928 0.459797
-0.346748 0.0354682 0.358115 -0.409492 0.898458 0.158396
0.0500479 -0.237518 -0.185256 0.0630727 0.604132 0.794384
0.574064 -0.191233 -0.172512 0.80678 0.437682 -0.396913
0.0916468 -0.405444 0.175892 -0.425936 -0.0347416 -0.904086
-0.0911799 0.278151 -0.38718 0.80678 0.437682 -0.396912
-0.291603 0.0754007 0.199504 -0.329308 0.890841 0.312982
0.0756371 -0.101748 0.171765 -0.425936 -0.0347416 -0.904086
-0.156048 -0.643596 0.101608 -0.80678 -0.437682 0.396912
0.143383 0.160337 0.175864 0.425936 0.0347416 0.904086
-0.391277 0.0687839 0.113464 -0.329308 0.890841 0.312982
-0.495299 0.00558509 0.127897 -0.80678 -0.437682 0.396912
0.156755 0.220288 0.0529756 0.80678 0.437682 -0.396912
0.330486 -0.274705 -0.236937 -0.0630698 -0.604131 -0.794385
0.360428 -0.141915 0.0852235 0.425936 0.0347416 0.904086
-0.292632 -0.170401 0.345783 -0.80678 -0.437682 0.396912
0.15039 -0.483575 0.104301 -0.587475 0.665927 -0.459797
0.0888347 -0.514042 0.227477 0.425936 0.0347416 0.904086
-0.0436771 0.208762 0.0807749 -0.329308 0.890841 0.312982
0.23308 -0.454528 -0.0399958 0.0630697 0.604131 0.794385
0.0608277 0.211007 0.0512123 0.329308 -0.890841 -0.312982
-0.273959 -0.046164 -0.297799 0.80678 0.437683 -0.396912
-0.442493 0.0231203 0.0564205 0.329308 -0.890841 -0.312982
-0.378441 0.137421 -0.0683923 -0.329308 0.890841 0.312982
-0.0346821 0.121619 -0.50935 -0.0630698 -0.604131 -0.794385
-0.212931 0.0477146 0.227954 0.329308 -0.890841 -0.312982
