ply
format ascii 1.0
comment Created by Open3D
element vertex 2096
property double x
property double y
property double z
property double nx
property double ny
property double nz
end_header
0.459715 0.172755 -0.120159 -0.983779 -0.171367 0.0530377
-0.202327 -0.200703 0.0146775 -0.17083 0.804739 -0.568518
0.380704 -0.21319 -0.17819 -0.17083 0.804739 -0.568518
-0.248359 -0.10117 0.190092 0.17083 -0.804739 0.568518
0.164013 0.110052 0.344473 -0.17083 0.804739 -0.568518
0.448764 0.148522 0.334058 0.17083 -0.804739 0.568517
-0.48419 -0.0192973 0.162013 0.983779 0.171367 -0.0530378
-0.106132 -0.0514285 0.217764 0.17083 -0.804739 0.568518
-0.216602 0.0648794 0.406379 -0.0547437 0.568356 0.82096
0.0665993 -0.124397 0.0625746 0.17083 -0.804739 0.568518
-0.495884 -0.118975 -0.155144 -0.983779 -0.171367 0.0530377
-0.254566 -0.307574 -0.255448 -0.0547437 0.568356 0.82096
0.310781 -0.26423 -0.208732 0.17083 -0.804739 0.568518
-0.028502 -0.0762244 0.138645 -0.17083 0.804739 -0.568518
0.413583 -0.221004 -0.199129 -0.17083 0.804739 -0.568518
0.502001 0.110951 0.26488 0.17083 -0.804739 0.568518
-0.149996 -0.146917 -0.37403 0.0547437 -0.568356 -0.82096
0.470299 0.0795453 -0.224997 -0.983779 -0.171367 0.0530377
-0.315031 0.286886 0.242079 -0.17083 0.80474 -0.568517
-0.312977 -0.231219 0.00472966 -0.17083 0.804739 -0.568518
0.242051 -0.240865 -0.155007 0.17083 -0.804739 0.568518
0.153913 0.334342 0.230204 0.0547437 -0.568356 -0.82096
-0.446649 -0.314524 -0.237319 -0.741884 -0.484764 -0.463262
-0.453329 -0.351085 -0.173352 -0.93354 -0.31675 -0.167848
-0.102548 0.225616 0.288375 0.0547437 -0.568356 -0.82096
-0.2534 0.294988 0.235029 -0.17083 0.80474 -0.568517
-0.51696 0.120137 0.226508 -0.983779 -0.171367 0.0530377
-0.196255 -0.146694 0.0893018 -0.17083 0.804739 -0.568518
-0.26273 0.231661 0.287839 -0.0547437 0.568356 0.82096
-0.260435 -0.356216 -0.236495 0.0547437 -0.568356 -0.82096
0.48914 0.0183308 -0.295133 0.983779 0.171367 -0.0530377
-0.340469 -0.00917104 0.347994 0.17083 -0.804739 0.568517
-0.465889 -0.220526 0.0731014 -0.983779 -0.171367 0.0530377
0.0636287 -0.251949 -0.243341 0.895773 0.367165 0.25056
0.515765 -0.111384 -0.220397 0.983779 0.171367 -0.0530389
0.475849 0.0698607 -0.153354 -0.983779 -0.171367 0.0530375
-0.491644 0.00542076 0.103607 0.983779 0.171367 -0.0530378
0.46912 0.152477 -0.0112218 -0.983779 -0.171367 0.0530378
-0.240109 -0.0715235 0.208884 -0.170828 0.80474 -0.568516
0.385543 0.0200727 -0.0875854 -0.432579 0.457161 0.777096
0.388027 0.119495 0.290528 -0.17083 0.804739 -0.568518
0.0424727 0.129057 0.364894 0.0547437 -0.568356 -0.82096
0.0205918 0.244129 0.28377 0.0547437 -0.568356 -0.82096
-0.00773887 -0.143832 -0.366679 0.0547437 -0.568356 -0.82096
-0.399338 -0.126212 0.179318 -0.17083 0.804739 -0.568518
-0.500274 0.211051 0.240862 0.780681 -0.241476 -0.576391
-0.510326 0.14981 0.268658 -0.903346 0.102474 0.416492
0.350873 -0.225903 -0.166528 0.17083 -0.804739 0.568518
0.352483 0.337898 0.240984 0.0547437 -0.568356 -0.82096
-0.212472 -0.184973 0.0399909 -0.17083 0.804739 -0.568518
-0.132177 -0.201175 0.0136233 0.17083 -0.804739 0.568518
0.170669 0.217312 0.312342 0.0547437 -0.568356 -0.82096
0.497156 0.0692806 0.0181696 0.983778 0.171369 -0.0530385
-0.451947 -0.00418735 0.388546 0.17083 -0.804739 0.568517
0.208182 0.238642 0.300077 0.0547437 -0.568356 -0.82096
-0.464061 -0.298501 -0.212892 -0.93354 -0.31675 -0.167848
0.48734 0.187903 0.219372 0.983779 0.171367 -0.0530377
0.482818 0.00938257 0.10618 -0.17083 0.804739 -0.568518
-0.501203 0.0538111 0.0826561 0.983779 0.171367 -0.0530377
-0.0610537 0.0697147 0.355004 -0.17083 0.804739 -0.568518
-0.0376219 -0.218172 -0.0388482 0.17083 -0.804739 0.568518
-0.385375 -0.288265 -0.0335709 0.17083 -0.804739 0.568518
0.465541 -0.0785946 -0.359755 0.611226 -0.366004 -0.701743
0.396466 -0.10808 -0.0134476 0.17083 -0.804739 0.568518
-0.397915 0.270122 0.252198 -0.0547437 0.568356 0.82096
0.0487924 -0.241165 -0.118054 -0.17083 0.804739 -0.568518
0.175191 -0.0249176 0.170758 0.17083 -0.804739 0.568518
-0.396745 -0.218874 -0.326336 -0.0547437 0.568356 0.82096
-0.0737055 0.247722 0.274994 0.0547437 -0.568356 -0.82096
-0.443484 -0.200595 -0.344334 -0.393418 -0.584718 -0.709456
-0.440161 -0.161536 0.141584 -0.17083 0.804739 -0.568518
-0.344281 0.113094 0.350155 0.0547437 -0.568356 -0.82096
-0.2192 -0.0897831 0.176755 -0.17083 0.804739 -0.568518
0.388581 -0.125586 -0.338553 -0.0547436 0.568356 0.82096
0.15058 0.287228 0.2626 0.0547437 -0.568356 -0.82096
0.511433 0.0222413 0.131013 0.983779 0.171367 -0.0530379
0.0293966 0.197268 0.331129 -0.0547437 0.568356 0.82096
-0.12064 -0.159116 -0.363626 0.0547437 -0.568356 -0.82096
0.219078 -0.292101 -0.220629 0.17083 -0.804739 0.568518
-0.0734003 -0.313935 -0.184344 -0.17083 0.804737 -0.56852
-0.280635 0.123737 0.361361 -0.0547437 0.568356 0.82096
0.385558 -0.126868 -0.0367652 0.17083 -0.804739 0.568518
-0.173432 0.279653 0.260568 -0.0547437 0.568356 0.82096
0.50408 0.0352827 0.036764 0.983778 0.171369 -0.0530388
-0.482833 -0.194911 -0.158425 -0.983779 -0.171367 0.0530377
-0.322401 0.20925 0.299376 -0.0547437 0.568356 0.82096
0.173953 -0.138854 -0.35801 0.0547437 -0.568356 -0.82096
0.454165 0.000156748 0.10173 -0.17083 0.804739 -0.568518
0.477023 0.237213 0.187333 0.983779 0.171367 -0.0530377
0.49385 0.133274 0.298927 0.17083 -0.804739 0.568517
0.496156 0.0574521 -0.0385975 0.983776 0.171381 -0.0530434
-0.274684 -0.344001 -0.16642 -0.17083 0.804738 -0.56852
0.445084 0.341122 0.162578 -0.969678 -0.239654 -0.0478595
0.518608 -0.142107 -0.243197 0.978655 0.0716796 -0.192606
0.358901 0.146569 0.358296 0.17083 -0.804739 0.568517
0.263424 -0.286153 -0.225534 0.17083 -0.804739 0.568518
0.442201 -0.043698 -0.396187 0.448718 -0.45015 -0.772021
0.370435 -0.277144 -0.244938 0.17083 -0.804739 0.568518
0.368535 0.205766 0.34786 -0.0547437 0.568356 0.82096
-0.46276 0.157787 0.317682 -0.405131 0.468598 0.785038
-0.0588713 -0.334981 -0.197806 0.17083 -0.804739 0.568518
-0.350604 -0.0770336 0.25498 0.17083 -0.804739 0.568518
0.324634 0.0264152 0.177821 -0.170834 0.804737 -0.568519
-0.0898086 -0.214218 -0.309093 -0.0547437 0.568356 0.82096
-0.317436 0.132131 0.353096 -0.0547437 0.568356 0.82096
0.476504 0.108256 -0.238957 0.983779 0.171367 -0.0530377
0.296465 0.0351587 0.198662 -0.170828 0.80474 -0.568517
-0.038544 0.0943448 0.397853 -0.0547437 0.568356 0.82096
-0.451402 -0.302252 -0.0335302 0.17083 -0.804739 0.568518
-0.359401 -0.264333 -0.0281942 -0.17083 0.804739 -0.568518
0.15822 -0.186431 -0.326121 0.0547437 -0.568356 -0.82096
0.338975 0.257384 0.295824 0.0547437 -0.568356 -0.82096
0.407625 -0.103892 -0.366632 0.0547437 -0.568356 -0.82096
0.0659692 0.148411 0.353062 0.0547437 -0.568356 -0.82096
-0.469376 -0.190254 0.106241 -0.983779 -0.171367 0.0530377
-0.492635 -0.0355056 0.17482 -0.983779 -0.171367 0.0530377
0.405338 0.00936433 0.129435 -0.17083 0.804739 -0.568518
-0.151096 -0.0100977 0.269086 -0.17083 0.804739 -0.568518
-0.198432 -0.243847 -0.0475644 -0.17083 0.804739 -0.568518
0.37722 0.162059 0.374718 0.17083 -0.804739 0.568517
-0.0645221 -0.178426 -0.332186 -0.0547437 0.568356 0.82096
0.513773 -0.0298518 0.00609209 0.983777 0.171375 -0.0530451
0.115267 -0.284768 -0.246576 -0.0547437 0.568356 0.82096
-0.488372 0.0610009 0.304886 0.971869 0.0426732 -0.231626
-0.297413 -0.0970746 0.189935 -0.17083 0.804739 -0.568518
0.489387 0.0758395 0.117084 -0.983776 -0.17138 0.0530413
0.125525 -0.128741 0.0180249 -0.17083 0.804739 -0.568518
-0.50208 0.0310924 -0.00702256 0.983779 0.171367 -0.0530377
0.297293 0.210161 0.325737 0.0547437 -0.568356 -0.82096
-0.48794 0.101605 0.323824 -0.780681 0.241475 0.576391
0.114748 0.266901 0.288614 -0.0547437 0.568356 0.82096
-0.235581 -0.284866 -0.0944636 -0.17083 0.804739 -0.568518
-0.002455 -0.198329 -0.0420213 -0.17083 0.804739 -0.568518
-0.523138 0.154571 0.221292 -0.984826 -0.157366 0.0731712
-0.0289874 -0.34628 -0.22278 0.17083 -0.804739 0.568518
0.118354 -0.0233654 0.16934 -0.170819 0.804738 -0.568522
0.0238848 -0.021604 -0.110185 -0.170827 0.804741 -0.568516
0.290173 -0.248166 -0.179802 0.17083 -0.804739 0.568518
0.304918 -0.174107 -0.100094 -0.17083 0.804739 -0.568518
0.403677 -0.0640483 -0.0280032 -0.432579 0.457161 0.777096
-0.0949741 -0.0329252 0.240603 0.17083 -0.804739 0.568518
0.520979 -0.113553 -0.13068 0.983779 0.171367 -0.0530375
-0.0165991 0.179597 0.325966 0.0547437 -0.568356 -0.82096
-0.0896069 -0.340506 -0.235979 0.0547437 -0.568356 -0.82096
0.358322 0.0478098 0.218676 0.17083 -0.804739 0.568518
-0.125538 -0.162046 0.0670159 0.17083 -0.804739 0.568518
0.169565 0.194788 0.342193 -0.0547437 0.568356 0.82096
-0.102449 0.0618264 0.356277 -0.17083 0.804739 -0.568518
-0.500513 -0.0861116 -0.134823 -0.983779 -0.171367 0.0530377
-0.481573 -0.0898366 0.204462 -0.983779 -0.171367 0.0530377
0.478402 0.139415 0.118733 -0.983779 -0.171367 0.0530378
0.276551 -0.231737 -0.152453 0.17083 -0.804739 0.568518
0.217239 -0.214064 -0.109614 0.17083 -0.804739 0.568518
-0.283327 0.0212429 0.353181 -0.17083 0.804739 -0.568518
-0.20501 0.00797621 0.310869 -0.17083 0.804739 -0.568518
0.249312 -0.130113 -0.000419262 0.17083 -0.804739 0.568518
0.0111926 -0.20139 -0.311239 -0.0547437 0.568356 0.82096
0.479177 -0.123714 -0.0604312 0.17083 -0.804739 0.568518
0.279296 -0.261584 -0.216219 -0.17083 0.804739 -0.568518
0.0315298 -0.186916 -0.334233 0.0547437 -0.568356 -0.82096
-0.351933 -0.145022 0.159142 0.17083 -0.804739 0.568518
-0.113624 -0.0395207 0.216177 -0.17083 0.804739 -0.568518
0.382164 0.147797 0.33235 -0.17083 0.804739 -0.568518
0.267579 -0.0159329 0.135021 -0.17083 0.804739 -0.568518
0.276585 -0.148746 -0.329987 -0.0547436 0.568356 0.82096
0.475085 0.073583 -0.155495 -0.983779 -0.171367 0.0530375
0.312485 -0.283583 -0.236639 0.17083 -0.804739 0.568518
0.402887 0.293921 0.27133 -0.209617 -0.593473 -0.777078
-0.43948 -0.117769 0.203331 -0.17083 0.804739 -0.568518
0.21189 -0.251855 -0.182194 -0.17083 0.804739 -0.568518
0.289328 0.117969 0.318025 -0.17083 0.804739 -0.568518
0.391982 -0.165339 -0.325135 0.0547437 -0.568356 -0.82096
-0.354179 -0.233444 -0.313411 -0.0547437 0.568356 0.82096
-0.393266 -0.0284468 0.336574 0.17083 -0.804739 0.568518
-0.47621 -0.11256 0.230517 -0.983779 -0.171367 0.0530377
-0.0504365 -0.297064 -0.14667 0.17083 -0.804739 0.568518
0.458211 -0.145328 -0.0847265 0.17083 -0.804739 0.568518
-0.250593 0.0275232 0.352235 -0.17083 0.804739 -0.568518
-0.445225 -0.321795 -0.0630494 0.17083 -0.804739 0.568518
0.515121 -0.0672405 -0.0897061 0.983779 0.171367 -0.0530375
0.193104 0.11535 0.363924 0.17083 -0.804739 0.568517
-0.154753 -0.292394 -0.129408 -0.17083 0.804739 -0.568518
-0.248502 -0.169437 0.0728094 -0.17083 0.804739 -0.568518
0.480461 0.0376635 -0.17184 -0.983779 -0.171367 0.0530375
0.0779896 0.0715859 0.336566 0.17083 -0.804739 0.568517
-0.500122 -0.0790938 -0.104892 -0.983779 -0.171367 0.0530377
0.499406 -0.129214 -0.268097 -0.937556 0.0446727 0.344954
0.479193 -0.168934 -0.30055 0.572565 -0.388499 -0.721968
0.418257 0.145449 0.338875 0.17083 -0.804739 0.568517
0.491793 0.0753907 0.160248 -0.983779 -0.171367 0.0530377
-0.257723 -0.0217127 0.305378 0.17083 -0.804739 0.568518
-0.186962 -0.265948 -0.294089 0.0547437 -0.568356 -0.82096
0.44152 -0.0995014 -0.348339 -0.360574 0.485915 0.796161
-0.503465 0.0483254 0.0229716 0.983779 0.171367 -0.0530377
0.0482424 -0.199727 -0.30992 -0.0547437 0.568356 0.82096
0.283915 0.323047 0.246693 0.0547437 -0.568356 -0.82096
-0.0962515 -0.180136 -0.347448 0.0547437 -0.568356 -0.82096
0.125924 -0.0700914 -0.395723 -0.17083 0.804739 -0.568517
-0.0421036 0.0148913 0.292401 0.17083 -0.804739 0.568518
0.391903 -0.0967103 -0.016677 -0.17083 0.804739 -0.568518
-0.215875 -0.141366 -0.382266 0.0547438 -0.568356 -0.820959
0.397398 -0.172639 -0.125805 -0.17083 0.804739 -0.568518
0.491652 -0.0190078 0.084032 0.17083 -0.804739 0.568518
0.0309943 -0.149789 -0.018823 -0.824602 -0.432589 -0.364552
-0.267392 -0.0529753 0.264031 0.17083 -0.804739 0.568518
0.438883 0.0769592 0.215036 -0.17083 0.804739 -0.568518
-0.113633 -0.221334 -0.0411776 -0.17083 0.804739 -0.568518
0.0142314 0.0873845 0.357394 -0.17083 0.804739 -0.568518
-0.142398 0.265073 0.272732 -0.0547437 0.568356 0.82096
-0.465289 -0.181526 -0.0115755 0.983779 0.171367 -0.0530377
0.186346 -0.180908 -0.0533984 0.17083 -0.804739 0.568518
-0.12061 0.0312481 0.31845 -0.17083 0.804739 -0.568518
-0.327589 -0.104446 0.209262 0.17083 -0.804739 0.568518
0.10283 0.0862493 0.349858 0.17083 -0.804739 0.568517
-0.447744 0.128607 0.327756 0.36058 -0.485913 -0.79616
0.476303 0.23544 0.262682 0.916956 0.340998 0.207154
0.285942 -0.268086 -0.246743 -0.0547437 0.568356 0.82096
-0.327394 -0.280602 -0.0401464 0.17083 -0.804739 0.568518
0.385422 -0.256801 -0.262253 0.0547437 -0.568356 -0.82096
-0.482889 -0.0411259 0.115619 0.983779 0.171367 -0.0530378
-0.398336 -0.377666 -0.176917 -0.17083 0.80474 -0.568516
-0.289804 0.0258893 0.382398 0.17083 -0.804739 0.568517
-0.470988 -0.14792 -0.00869394 0.983779 0.171367 -0.0530377
0.00703202 0.0902973 0.36368 -0.17083 0.804739 -0.568518
0.0647336 -0.0959984 -0.394962 0.0547438 -0.568356 -0.820959
-0.0606914 -0.353367 -0.223285 0.17083 -0.804739 0.568518
-0.466616 0.016615 0.366803 0.860434 -0.159292 -0.484025
-0.489399 -0.042335 0.212775 -0.983779 -0.171367 0.0530377
-0.1981 -0.336062 -0.246291 0.0547437 -0.568356 -0.82096
-0.298447 0.243245 0.277437 -0.0547437 0.568356 0.82096
0.214187 -0.120266 0.0240745 0.17083 -0.804739 0.568518
-0.0302752 0.047005 0.334304 0.17083 -0.804739 0.568517
0.0568215 0.0356998 0.29213 0.17083 -0.804739 0.568518
-0.463115 -0.268221 -0.0295451 -0.983779 -0.171367 0.0530377
0.345331 -0.0858701 -0.383263 0.0547437 -0.568356 -0.82096
0.0367378 -0.159347 -0.299563 0.331687 0.590291 0.735894
0.481543 0.0258893 0.150622 0.17083 -0.804739 0.568518
-0.0109368 -0.224288 -0.0555239 0.17083 -0.804739 0.568518
0.435556 0.0568747 0.187606 -0.170829 0.804739 -0.568518
0.33373 -0.0144008 0.117312 -0.170836 0.804737 -0.568519
0.499416 -0.0764793 -0.308994 0.937557 -0.0446698 -0.34495
-0.271946 -0.370389 -0.183901 0.17083 -0.804739 0.568518
-0.100216 -0.177681 -0.349412 0.0547437 -0.568356 -0.82096
0.468684 -0.0455155 -0.372776 0.718 -0.293468 -0.631152
-0.497993 -0.0713804 -0.0404743 -0.983779 -0.171367 0.0530377
0.469055 0.0764907 -0.257951 -0.983779 -0.171367 0.0530377
0.0397212 0.139839 0.371576 -0.0547437 0.568356 0.82096
0.104413 0.214051 0.310182 0.0547437 -0.568356 -0.82096
-0.338612 -0.0921761 0.209248 -0.17083 0.804739 -0.568518
-0.495976 -0.0936946 -0.0751769 -0.983779 -0.171367 0.0530377
-0.173804 -0.307865 -0.249861 -0.0547437 0.568356 0.82096
-0.24789 0.254169 0.258915 0.0547437 -0.568356 -0.82096
0.029421 -0.106062 0.0790053 -0.17083 0.804739 -0.568518
0.44436 0.315284 0.0555443 -0.983779 -0.171367 0.0530377
-0.524956 0.220301 0.219582 -0.903346 0.102474 0.416492
0.476813 0.00900412 -0.332097 -0.983779 -0.171367 0.053038
-0.302758 0.0827262 0.388278 -0.0547437 0.568356 0.82096
0.0701847 0.0109033 0.232321 -0.17083 0.804739 -0.568518
-0.281698 -0.127462 0.1422 -0.17083 0.804739 -0.568518
0.259307 -0.253901 -0.178644 0.17083 -0.804739 0.568518
-0.0635827 -0.106456 -0.390254 -0.17083 0.804739 -0.568518
0.51239 -0.0459935 -0.071715 0.983779 0.171367 -0.0530375
-0.080348 0.256617 0.282724 -0.0547437 0.568356 0.82096
0.316255 0.331577 0.257275 -0.0547437 0.568356 0.82096
0.393839 0.0511495 0.212731 0.17083 -0.804739 0.568518
-0.480355 0.00167977 0.300914 0.983779 0.171367 -0.0530378
0.258599 -0.25734 -0.270337 0.0547437 -0.568356 -0.82096
-0.44075 -0.0523498 0.317007 0.17083 -0.804739 0.568518
0.125394 0.351817 0.216205 0.0547437 -0.568356 -0.82096
-0.453694 -0.0130823 0.355786 -0.17083 0.804739 -0.568518
-0.123286 0.293362 0.254421 -0.0547437 0.568356 0.82096
0.0302688 -0.0311134 0.184841 -0.17083 0.804739 -0.568518
-0.0838636 -0.309475 -0.154193 0.17083 -0.804739 0.568518
0.431253 0.0502349 0.200194 0.17083 -0.804739 0.568518
-0.477614 -0.239674 -0.206236 -0.983779 -0.171367 0.0530377
-0.475827 0.100073 0.320409 0.750246 -0.267793 -0.604498
-0.232909 -0.346025 -0.181837 -0.17083 0.804736 -0.568522
-0.378572 -0.252047 0.0156519 0.17083 -0.804739 0.568518
0.0875931 -0.105317 -0.372656 -0.0547437 0.568356 0.82096
0.390029 -0.0894822 0.0148111 0.17083 -0.804739 0.568518
-0.529772 0.183183 0.159813 -0.170831 0.804739 -0.568518
-0.447108 -0.325652 -0.140007 0.983779 0.171367 -0.0530378
0.363838 0.0422316 0.188429 -0.17083 0.804739 -0.568518
-0.241316 0.18052 0.324672 -0.0547437 0.568356 0.82096
-0.202728 0.0446773 0.362134 -0.17083 0.804739 -0.568518
0.163192 -0.0638621 0.0985437 -0.17083 0.804739 -0.568518
0.515092 -0.0464335 -0.0230157 0.983779 0.171367 -0.0530375
-0.172661 -0.0608743 0.203691 -0.17083 0.804739 -0.568518
0.442792 -0.154605 -0.327639 0.222126 -0.530691 -0.817941
0.102355 -0.158161 0.0040372 0.17083 -0.804739 0.568518
0.385022 -0.0696563 0.0443794 0.17083 -0.804739 0.568518
-0.2863 -0.216026 0.0389131 0.17083 -0.804739 0.568518
0.426088 -0.126601 -0.335245 -0.0788747 0.563978 0.822014
-0.497697 0.0309678 0.2957 -0.983779 -0.171367 0.0530377
-0.375165 0.0974671 0.373245 -0.0547437 0.568356 0.82096
0.490314 -0.228516 -0.259656 0.532536 -0.410052 -0.740448
0.417692 -0.146847 -0.313048 0.674261 -0.325258 -0.663008
0.452431 -0.072792 0.0196855 0.17083 -0.804739 0.568518
0.478159 0.164288 0.194586 -0.983779 -0.171367 0.0530379
0.471675 0.185582 -0.078689 0.983779 0.171367 -0.0530377
0.457833 0.0088647 0.133648 0.17083 -0.804739 0.568518
0.313593 0.105029 0.292417 -0.17083 0.804739 -0.568518
-0.479473 -0.177697 -0.0404674 -0.983779 -0.171367 0.0530377
-0.365218 0.00282369 0.372409 0.17083 -0.804739 0.568517
0.219466 -0.0887334 -0.389674 0.0547436 -0.568356 -0.82096
-0.162747 0.132111 0.363425 -0.0547437 0.568356 0.82096
-0.385203 -0.0879622 0.249907 0.17083 -0.804739 0.568518
-0.471445 -0.14763 -0.0162332 0.983779 0.171367 -0.0530377
-0.0525635 -0.297815 -0.147093 0.17083 -0.804739 0.568518
-0.495253 -0.03516 0.127365 -0.983779 -0.171367 0.0530377
-0.472983 -0.242561 -0.129679 -0.983779 -0.171367 0.0530377
-0.0641103 -0.0116581 0.240739 -0.17083 0.804739 -0.568518
0.403674 0.126557 0.316515 0.17083 -0.804739 0.568517
-0.494866 0.00949885 0.0570225 0.983779 0.171367 -0.0530377
0.296994 0.030331 0.191669 -0.170837 0.804736 -0.568519
0.410338 -0.0508567 0.0633832 0.17083 -0.804739 0.568518
-0.503298 -0.0543287 -0.0837951 -0.983779 -0.171367 0.0530377
0.178779 -0.29665 -0.214958 0.17083 -0.804739 0.568518
0.498671 0.0612404 0.0203033 0.983779 0.171366 -0.0530372
0.0356718 -0.0226423 0.215902 0.17083 -0.804739 0.568518
0.0699366 -0.212437 -0.0837434 -0.17083 0.804739 -0.568518
0.263112 -0.174905 -0.312776 -0.0547437 0.568356 0.82096
-0.477911 -0.161273 -0.18026 0.983779 0.171367 -0.0530377
-0.350137 -0.365444 -0.236088 0.0547437 -0.568356 -0.82096
0.502847 -0.0469199 -0.251713 0.983779 0.171367 -0.0530389
-0.432984 -0.278531 -0.0261807 -0.17083 0.804739 -0.568518
0.147484 -0.215993 -0.112078 -0.17083 0.804739 -0.568518
-0.0701038 0.322356 0.223565 0.0547437 -0.568356 -0.82096
0.464853 0.152426 -0.0905357 -0.983779 -0.171367 0.0530377
-0.318745 -0.35829 -0.152713 0.17083 -0.804739 0.568518
0.130093 -0.148331 -0.0110773 -0.17083 0.804739 -0.568518
0.306698 -0.133773 -0.338345 -0.0547436 0.568356 0.82096
0.120633 0.295197 0.255086 0.0547437 -0.568356 -0.82096
0.0875358 -0.298838 -0.253014 0.0547437 -0.568356 -0.82096
0.172057 -0.287462 -0.220627 -0.17083 0.804739 -0.568518
-0.483959 0.156088 0.285351 0.718 -0.293468 -0.631151
0.198716 0.210898 0.332984 -0.0547437 0.568356 0.82096
-0.472608 -0.167041 -0.100526 0.983779 0.171367 -0.0530377
0.409737 -0.0716902 -0.0568287 0.103713 -0.559107 -0.822583
0.080379 0.104469 0.361701 -0.17083 0.804739 -0.568518
0.0295225 -0.155868 0.00847376 -0.17083 0.804739 -0.568518
-0.481521 -0.0149871 0.225434 0.983779 0.171367 -0.0530378
-0.0460635 0.184255 0.335106 -0.0547437 0.568356 0.82096
-0.15639 0.150885 0.336521 0.0547437 -0.568356 -0.82096
0.527609 -0.193416 -0.173647 0.17083 -0.804739 0.568518
-0.470097 -0.205598 0.0432829 -0.983779 -0.171367 0.0530377
-0.26471 -0.180818 -0.343879 -0.0547437 0.568356 0.82096
0.26768 0.0118279 0.19498 0.17083 -0.804739 0.568518
0.133155 -0.093231 0.0659974 -0.17083 0.804739 -0.568518
0.483822 0.108565 0.119601 -0.983775 -0.171383 0.0530431
-0.256628 -0.0959196 0.179315 -0.17083 0.804739 -0.568518
0.412199 -0.158244 -0.0891838 0.17083 -0.804739 0.568518
-0.512427 0.109928 0.055779 0.983779 0.171367 -0.0530377
-0.0838966 -0.134817 0.0930462 0.17083 -0.804739 0.568518
0.482874 0.16299 0.0560367 0.983779 0.171367 -0.0530378
0.204856 -0.187677 -0.0892356 -0.17083 0.804739 -0.568518
-0.490826 0.0493931 0.335465 -0.921564 0.0736566 0.381175
0.335738 0.0039979 0.163446 0.17083 -0.804739 0.568518
0.505454 0.0508986 0.1127 0.983783 0.171349 -0.0530219
-0.0923992 -0.0574755 0.184385 -0.17083 0.804739 -0.568518
0.149971 0.117348 0.379714 0.17083 -0.804739 0.568517
-0.428806 -0.363124 -0.189495 0.772802 0.46737 0.42935
0.495459 -0.191339 -0.274324 0.684026 -0.318434 -0.656283
0.00219584 -0.0774529 0.127682 -0.17083 0.804739 -0.568518
0.0198368 -0.031763 0.187056 -0.17083 0.804739 -0.568518
0.443553 0.0176003 0.12961 -0.170831 0.804739 -0.568517
0.322756 -0.237454 -0.195123 -0.17083 0.804739 -0.568518
0.463505 -0.0100621 -0.374274 -0.835843 0.187158 0.516079
0.469893 0.27282 0.170133 0.983779 0.171367 -0.0530377
-0.11496 -0.247255 -0.287898 -0.0547437 0.568356 0.82096
-0.357795 0.189049 0.29667 0.0547437 -0.568356 -0.82096
-0.371848 -0.253816 0.0111272 0.17083 -0.804739 0.568518
-0.388738 -0.263783 -0.0186002 -0.17083 0.804739 -0.568518
0.297206 -0.181403 -0.320334 0.0547437 -0.568356 -0.82096
-0.196044 -0.293391 -0.275695 0.0547437 -0.568356 -0.82096
-0.225562 -0.254889 -0.0343481 0.17083 -0.804739 0.568518
-0.496657 0.00749604 0.0173425 0.983779 0.171367 -0.0530377
0.250843 -0.168076 -0.0546155 0.17083 -0.804739 0.568518
-0.509553 0.123501 0.152941 0.983779 0.171367 -0.0530378
-0.264183 -0.153642 0.0998779 -0.17083 0.804739 -0.568518
0.518453 -0.0758113 -0.0555906 0.983779 0.171367 -0.0530375
0.455664 0.327474 0.0827761 0.983779 0.171367 -0.0530377
0.398878 0.181447 0.35239 0.0547437 -0.568356 -0.82096
0.346468 -0.223516 -0.273563 -0.0547437 0.568356 0.82096
-0.019781 0.250336 0.27678 0.0547437 -0.568356 -0.82096
0.422151 0.398527 0.178597 -0.17083 0.804739 -0.568517
-0.198993 -0.159198 -0.354464 -0.0547437 0.568356 0.82096
0.050562 -0.125865 -0.0124385 0.629008 0.533194 0.565732
-0.242105 -0.0379166 0.277748 0.17083 -0.804739 0.568518
0.0441272 -0.176784 -0.00482753 0.17083 -0.804739 0.568518
0.206956 -0.153688 -0.0417552 -0.17083 0.804739 -0.568518
-0.204786 0.0462237 0.364942 -0.17083 0.804739 -0.568518
0.347811 0.392508 0.202866 0.0547437 -0.568356 -0.82096
-0.436215 -0.3459 -0.220605 -0.674752 -0.516016 -0.527671
0.297835 0.159175 0.361071 0.0547437 -0.568356 -0.82096
0.491611 -0.111811 -0.314413 0.809245 -0.214567 -0.546885
-0.481393 0.250318 0.240306 -0.170829 0.804739 -0.568518
0.167642 -0.245489 -0.139193 0.17083 -0.804739 0.568518
-0.437473 -0.308667 -0.232755 0.741878 0.484767 0.463268
0.461834 0.242202 -0.0546057 -0.17083 0.804739 -0.568518
-0.476481 -0.244336 -0.245718 -0.947878 -0.291735 -0.128131
-0.495157 -0.0434643 -0.119492 0.983779 0.171367 -0.0530377
0.0237559 0.280658 0.273022 -0.0547437 0.568356 0.82096
-0.521208 0.0811908 0.021872 -0.983779 -0.171367 0.0530377
0.363135 -0.0750935 0.0225658 -0.17083 0.804739 -0.568518
0.353875 -0.229911 -0.268642 -0.0547437 0.568356 0.82096
0.145127 -0.180644 -0.0406395 0.17083 -0.804739 0.568518
-0.473379 0.145361 0.317846 -0.572565 0.388499 0.721968
0.518558 -0.144731 -0.244425 0.978655 0.0716799 -0.192606
-0.447656 0.26193 0.246606 -0.17083 0.80474 -0.568517
-0.495091 0.126433 0.303527 -0.809245 0.214568 0.546885
0.108688 -0.047762 0.137711 -0.17082 0.804738 -0.568521
-0.496627 0.0800348 0.252268 0.983779 0.171367 -0.0530378
-0.478848 -0.199469 -0.0992191 -0.983779 -0.171367 0.0530377
0.0178835 -0.265276 -0.280894 0.0547437 -0.568356 -0.82096
-0.171934 0.273944 0.25029 0.0547437 -0.568356 -0.82096
-0.378856 -0.37248 -0.217364 0.114262 0.589286 0.799804
0.413159 -0.0360432 -0.412456 0.174756 -0.543105 -0.821278
-0.498169 -0.0305597 0.0881447 -0.983779 -0.171367 0.0530377
-0.439873 -0.138125 0.174634 -0.17083 0.804739 -0.568518
-0.0926929 -0.282356 -0.262113 -0.0547437 0.568356 0.82096
-0.1298 0.174967 0.321623 0.0547437 -0.568356 -0.82096
0.236348 0.122232 0.339979 -0.17083 0.804739 -0.568518
0.151987 -0.108701 0.0384406 -0.17083 0.804739 -0.568518
0.00956834 -0.291254 -0.156476 0.17083 -0.804739 0.568518
-0.281604 -0.341935 -0.161415 -0.17083 0.80474 -0.568516
0.338998 -0.184382 -0.104185 0.17083 -0.804739 0.568518
0.455113 0.347914 0.167616 0.959939 0.266005 0.0880854
-0.239997 -0.254466 -0.0294124 0.17083 -0.804739 0.568518
-0.183246 0.309491 0.234478 -0.17083 0.80474 -0.568517
-0.269244 0.0999131 0.378615 -0.0547437 0.568356 0.82096
-0.263917 -0.261555 -0.0529523 -0.170828 0.804736 -0.568522
0.424908 -0.0181486 0.105304 0.17083 -0.804739 0.568518
0.310179 0.268697 0.286071 0.0547437 -0.568356 -0.82096
0.504029 -0.240972 -0.233878 0.170827 -0.804739 0.568519
-0.200571 -0.297417 -0.102056 0.17083 -0.804739 0.568518
0.0244766 -0.124893 -0.0319274 -0.946931 -0.293542 -0.130973
0.180559 0.0683813 0.30121 0.17083 -0.804739 0.568518
-0.466965 -0.223312 -0.177672 0.983779 0.171367 -0.0530377
-0.516372 0.143563 0.252956 -0.962741 -0.0135654 0.270085
0.345077 -0.0993735 -0.00637627 -0.17083 0.804739 -0.568518
0.427837 -0.164983 -0.283573 0.96933 0.240729 0.0494862
0.438688 -0.244626 -0.219417 0.17083 -0.804739 0.568518
0.0551789 0.179888 0.344881 -0.0547437 0.568356 0.82096
-0.488226 -0.0376047 0.249815 -0.983779 -0.171367 0.0530377
0.436067 -0.0777448 -0.378756 0.315142 -0.502064 -0.805368
0.47724 -0.0928469 -0.341035 0.718 -0.293468 -0.631152
-0.324592 -0.327512 -0.10739 0.17083 -0.804739 0.568518
-0.111345 -0.362655 -0.221212 0.17083 -0.804739 0.568518
0.0344943 -0.0607378 0.141637 -0.17083 0.804739 -0.568518
-0.340337 -0.155902 -0.377086 -0.17083 0.804739 -0.568518
0.41295 -0.0889329 -0.0446995 0.0547435 -0.568356 -0.82096
-0.19391 -0.300467 -0.108374 0.17083 -0.804739 0.568518
-0.0818171 -0.115902 0.119196 0.17083 -0.804739 0.568518
0.157384 -0.134328 0.0212368 0.17083 -0.804739 0.568518
0.475511 0.115797 -0.0111961 -0.983779 -0.171367 0.0530378
0.460216 0.317738 0.135757 0.983779 0.171367 -0.0530378
0.497891 0.0114662 0.0668297 -0.983779 -0.171367 0.0530377
0.243959 0.362491 0.231052 -0.0547437 0.568356 0.82096
0.278719 0.286676 0.271527 0.0547437 -0.568356 -0.82096
0.325242 -0.0456537 -0.398114 -0.0547447 0.568358 0.820958
-0.120587 -0.00364697 0.289743 0.17083 -0.804739 0.568518
0.0560837 -0.323413 -0.215974 0.17083 -0.804739 0.568518
0.0272622 -0.0208693 0.220938 0.17083 -0.804739 0.568518
-0.41329 -0.309428 -0.075833 -0.170828 0.804736 -0.568522
-0.496665 -0.0811387 -0.224283 -0.170832 0.804739 -0.568517
-0.394965 0.163347 0.326316 -0.0547437 0.568356 0.82096
0.515183 -0.147721 -0.126768 -0.983779 -0.171367 0.0530377
0.395403 -0.136372 -0.297052 -0.803246 0.220417 0.553364
-0.47832 -0.082929 0.0653015 0.983779 0.171367 -0.0530378
0.322098 0.324731 0.262404 -0.0547437 0.568356 0.82096
-0.510947 0.085924 0.227495 -0.983779 -0.171367 0.0530377
-0.469646 -0.119565 0.107816 0.983779 0.171367 -0.0530378
0.49758 -0.160043 -0.264558 -0.860433 0.159293 0.484026
-0.390522 -0.110239 0.219972 0.17083 -0.804739 0.568518
0.421567 0.227198 0.332385 0.20962 0.593474 0.777077
-0.176755 0.216064 0.30437 -0.0547437 0.568356 0.82096
-0.268904 -0.29209 -0.0739833 0.17083 -0.804739 0.568518
0.0447854 -0.292917 -0.215479 -0.919233 0.0775594 0.385999
-0.172674 -0.329459 -0.176488 -0.17083 0.804738 -0.56852
-0.249205 -0.379265 -0.203298 0.17083 -0.804739 0.568518
-0.060603 0.0464637 0.321957 -0.17083 0.804739 -0.568518
0.487524 0.0577892 -0.197623 0.983779 0.171367 -0.0530377
-0.274786 0.0702967 0.384418 0.0547437 -0.568356 -0.82096
-0.427543 -0.230976 -0.327433 -0.302982 -0.591946 -0.746861
-0.121861 0.320897 0.232178 -0.17083 0.804739 -0.568518
0.436437 -0.0180792 -0.414475 0.448718 -0.45015 -0.772021
0.528432 -0.182939 -0.207494 0.983082 0.100508 -0.15313
0.363152 -0.280122 -0.247593 0.0547437 -0.568356 -0.82096
-0.513926 0.0669772 0.111023 -0.983779 -0.171367 0.0530377
0.0310603 -0.231978 -0.260688 -0.949986 0.0185694 0.31174
0.339321 0.290506 0.287247 -0.0547437 0.568356 0.82096
0.467666 -0.0300661 0.0548927 -0.17083 0.804739 -0.568518
-0.299488 -0.0173927 0.324042 0.17083 -0.804739 0.568518
-0.126266 -0.273377 -0.270567 -0.0547437 0.568356 0.82096
-0.168972 -0.134679 0.0981121 -0.17083 0.804739 -0.568518
0.437982 0.380169 0.147854 -0.17083 0.80474 -0.568516
0.454144 0.343975 0.107903 0.983779 0.171367 -0.0530378
-0.441554 -0.168858 0.152331 0.17083 -0.804739 0.568518
0.236306 0.00523312 0.195072 0.17083 -0.804739 0.568518
0.0263852 0.10407 0.39545 -0.0547437 0.568356 0.82096
0.479 0.0862869 -0.0418343 -0.983779 -0.171367 0.0530378
0.461088 0.298231 0.225057 0.877196 0.386986 0.284198
-0.0394538 0.281599 0.268155 -0.0547437 0.568356 0.82096
-0.193264 0.112054 0.375276 -0.0547437 0.568356 0.82096
-0.484839 -0.197864 -0.205161 -0.983779 -0.171367 0.0530377
0.118206 -0.0088691 0.210597 0.17083 -0.804739 0.568518
-0.184119 -0.228418 -0.0093313 0.17083 -0.804739 0.568518
-0.169128 -0.132899 0.100678 -0.17083 0.804739 -0.568518
0.411604 -0.147973 -0.0951597 -0.17083 0.804739 -0.568518
-0.234244 -0.00559766 0.321134 0.17083 -0.804739 0.568518
0.502449 -0.196487 -0.191128 -0.17083 0.804739 -0.568517
0.307158 -0.235216 -0.268085 -0.0547437 0.568356 0.82096
-0.282775 -0.14287 0.141406 0.17083 -0.804739 0.568518
-0.484049 -0.0489592 0.0687774 0.983779 0.171367 -0.0530378
-0.320751 -0.240067 -0.320927 0.0547437 -0.568356 -0.82096
-0.24611 -0.38371 -0.210521 0.17083 -0.804739 0.568518
-0.230392 -0.360967 -0.231202 0.0547437 -0.568356 -0.82096
-0.0807835 -0.249606 -0.0910677 -0.17083 0.804739 -0.568518
-0.114638 -0.132432 0.0849663 -0.17083 0.804739 -0.568518
0.348008 -0.0597025 0.0488974 -0.17083 0.804739 -0.568518
-0.313519 -0.180099 0.0979469 0.17083 -0.804739 0.568518
-0.204604 -0.342558 -0.164742 0.17083 -0.804739 0.568518
0.240399 0.0825554 0.282599 -0.17083 0.804739 -0.568518
-0.159671 -0.300749 -0.119063 0.17083 -0.804739 0.568518
0.401616 -0.102027 -0.313387 0.043507 0.582597 0.811596
-0.0277601 -0.318637 -0.246995 0.0547437 -0.568356 -0.82096
0.0889598 -0.112356 -0.367692 -0.0547437 0.568356 0.82096
-0.20663 -0.0467966 0.254519 0.17083 -0.804739 0.568518
-0.21325 0.0117783 0.339421 0.17083 -0.804739 0.568517
-0.148438 -0.21896 -0.00666539 0.17083 -0.804739 0.568518
-0.159155 -0.353207 -0.193471 0.17083 -0.804739 0.568518
-0.493474 -0.141567 -0.310779 -0.170831 0.80474 -0.568515
-0.0013777 0.209795 0.320405 -0.0547437 0.568356 0.82096
-0.0338522 -0.188374 -0.0184947 -0.170832 0.804743 -0.568511
0.39319 -0.029534 0.0469561 -0.984838 -0.157143 0.07349
0.475442 0.145418 0.0832206 -0.983779 -0.171367 0.0530378
-0.254749 -0.0674696 0.239715 0.17083 -0.804739 0.568518
-0.511843 0.0390294 0.0593511 -0.983779 -0.171367 0.0530377
0.133006 -0.211491 -0.0806615 0.17083 -0.804739 0.568518
-0.499867 -0.005518 0.137559 -0.983779 -0.171367 0.0530377
0.472555 0.1707 0.111367 -0.983779 -0.171367 0.0530378
0.310361 -0.195089 -0.131431 -0.17083 0.804739 -0.568518
-0.278661 -0.244419 -0.0242668 -0.17083 0.804739 -0.568518
-0.525647 0.129828 0.0966913 -0.983779 -0.171367 0.0530377
-0.142321 -0.271818 -0.104017 -0.17083 0.804739 -0.568518
0.42099 0.331101 0.230644 -0.562093 -0.553492 -0.614571
0.401978 0.263164 0.294604 -0.114266 -0.589287 -0.799803
0.511691 -0.152547 -0.20713 -0.983779 -0.171367 0.053038
0.029746 -0.190532 -0.279191 -0.518585 0.417179 0.746345
0.470727 0.112301 -0.241154 -0.17083 0.804739 -0.568518
-0.495661 -0.13171 -0.192147 -0.983779 -0.171367 0.0530377
0.105935 0.162981 0.34564 0.0547437 -0.568356 -0.82096
-0.485029 -0.149304 -0.273608 0.983779 0.171367 -0.0530377
0.0555395 0.282663 0.273753 -0.0547437 0.568356 0.82096
-0.290919 -0.148364 -0.381264 -0.17083 0.804739 -0.568518
-0.345822 -0.360823 -0.168855 -0.17083 0.804738 -0.568519
0.438915 -0.15392 -0.111783 -0.17083 0.804739 -0.568518
0.0235004 -0.00994012 -0.0935596 -0.170827 0.804739 -0.568519
-0.519436 0.102876 0.124801 -0.983779 -0.171367 0.0530377
-0.0930081 -0.199478 0.00425648 0.17083 -0.804739 0.568518
-0.121766 -0.205911 -0.0169025 -0.17083 0.804739 -0.568518
-0.502051 -0.0214505 0.0455722 -0.983779 -0.171367 0.0530377
0.517399 -0.212176 -0.236468 0.860436 -0.15929 -0.484022
0.37997 -0.143101 -0.0580634 0.17083 -0.804739 0.568518
0.284727 -0.158088 -0.337307 0.0547437 -0.568356 -0.82096
0.22734 -0.182016 -0.324568 0.0547436 -0.568356 -0.82096
-0.0326831 -0.172724 0.0239995 0.17083 -0.804739 0.568518
0.428157 0.367568 0.209583 0.638706 0.529795 0.558007
0.147513 -0.244979 -0.271971 -0.0547437 0.568356 0.82096
0.113802 0.0701016 0.303011 -0.17083 0.804739 -0.568518
-0.437629 -0.347005 -0.217529 -0.709164 -0.500997 -0.496072
0.395234 -0.0167957 0.116135 0.17083 -0.804739 0.568518
0.47083 -0.245641 -0.230512 0.17083 -0.804739 0.568518
0.492954 0.035606 -0.0881018 0.0153574 -0.375033 -0.926884
0.48341 -0.111601 -0.0652508 -0.17083 0.804739 -0.568518
-0.104464 0.223059 0.290018 0.0547437 -0.568356 -0.82096
0.46092 0.218591 0.0502958 -0.983779 -0.171367 0.0530378
-0.163979 0.094355 0.389482 -0.0547437 0.568356 0.82096
0.165676 0.191713 0.344062 -0.0547437 0.568356 0.82096
-0.428619 0.208234 0.292996 -0.0547437 0.568356 0.82096
-0.0186684 -0.282782 -0.135999 0.17083 -0.804739 0.568518
0.0392974 -0.00125582 0.245085 0.17083 -0.804739 0.568518
-0.377293 -0.368728 -0.149895 0.17083 -0.804739 0.568518
-0.0304881 0.206151 0.306656 0.0547437 -0.568356 -0.82096
0.463884 0.127854 0.300259 0.17083 -0.804739 0.568518
0.289942 0.0821023 0.287764 0.17083 -0.804739 0.568518
-0.152075 0.307146 0.242959 -0.0547437 0.568356 0.82096
0.117578 -0.0205027 0.173625 -0.17083 0.804739 -0.568518
0.20656 0.103042 0.34246 0.17083 -0.804739 0.568517
-0.0915158 0.0256534 0.301788 -0.17083 0.804739 -0.568518
0.254112 0.00293444 0.165774 -0.17083 0.804739 -0.568518
0.143212 0.169015 0.343948 0.0547437 -0.568356 -0.82096
-0.319885 -0.348997 -0.231126 -0.0547437 0.568356 0.82096
0.349942 -0.218144 -0.175959 -0.17083 0.804739 -0.568518
0.497015 -0.0111645 -0.0225373 -0.983779 -0.171367 0.0530377
0.432126 -0.138869 -0.0677451 0.17083 -0.804739 0.568518
0.30728 -0.201701 -0.11917 0.17083 -0.804739 0.568518
-0.130565 0.137656 0.347402 0.0547437 -0.568356 -0.82096
0.251752 -0.0723261 -0.384549 -0.0547436 0.568356 0.82096
-0.121749 -0.114584 0.112366 -0.17083 0.804739 -0.568518
-0.351374 -0.153025 0.126952 -0.17083 0.804739 -0.568518
0.44324 0.304953 0.251665 0.674752 0.516016 0.527671
0.213158 -0.140057 -0.354563 0.0547437 -0.568356 -0.82096
-0.288957 0.145234 0.331594 0.0547437 -0.568356 -0.82096
0.485749 0.196746 0.284292 0.93354 0.316749 0.167847
0.0222113 -0.307362 -0.183076 0.17083 -0.804739 0.568518
0.272657 -0.0799273 0.0429108 -0.17083 0.804739 -0.568518
0.400646 -0.037824 -0.0454674 -0.248589 0.523131 0.815191
0.484277 0.0967436 -0.131985 0.983779 0.171367 -0.0530378
0.0333324 0.191041 0.321372 0.0547437 -0.568356 -0.82096
-0.332253 -0.266129 -0.303651 0.0547437 -0.568356 -0.82096
0.163632 -0.0926026 0.0784226 0.17083 -0.804739 0.568518
-0.202229 -0.0803424 0.205712 0.17083 -0.804739 0.568518
-0.216737 0.081841 0.380297 0.0547437 -0.568356 -0.82096
0.115849 0.332276 0.243427 -0.0547437 0.568356 0.82096
-0.338848 -0.0554167 0.282046 0.17083 -0.804739 0.568518
-0.479422 0.203195 0.265628 0.532531 -0.410054 -0.74045
-0.272933 -0.241713 -0.316599 0.0547437 -0.568356 -0.82096
0.460414 -0.200859 -0.277876 -0.31514 0.502064 0.805368
-0.168735 -0.110984 0.131581 -0.17083 0.804739 -0.568518
-0.473653 -0.147441 -0.0565823 0.983779 0.171367 -0.0530377
-0.139312 -0.12048 -0.377289 -0.0547437 0.568356 0.82096
-0.313993 -0.203444 0.065044 0.17083 -0.804739 0.568518
0.208127 -0.194552 -0.302841 -0.0547437 0.568356 0.82096
-0.494881 0.0867856 0.282105 0.978655 0.0716818 -0.192603
0.0931441 0.136012 0.363458 0.0547437 -0.568356 -0.82096
0.499324 -0.0359836 0.0576973 0.17083 -0.804739 0.568518
0.489773 0.0994905 0.231638 -0.17083 0.804739 -0.568518
-0.0110839 -0.259382 -0.105155 0.17083 -0.804739 0.568518
-0.240886 -0.244759 -0.312354 0.0547437 -0.568356 -0.82096
0.169682 -0.223821 -0.299471 0.0547437 -0.568356 -0.82096
-0.239084 0.00185752 0.312447 -0.17083 0.804739 -0.568518
0.339994 0.258781 0.294924 0.0547437 -0.568356 -0.82096
0.492267 0.0127642 -0.198769 0.054744 -0.568356 -0.82096
-0.168018 0.0445313 0.372191 0.17083 -0.804739 0.568517
0.395103 -0.171995 -0.124205 -0.17083 0.804739 -0.568518
0.449304 -0.0821775 -0.0133539 -0.17083 0.804739 -0.568518
0.0872551 -0.203258 -0.0552605 0.17083 -0.804739 0.568518
0.489188 0.146714 0.120568 0.983779 0.171367 -0.0530378
-0.454198 -0.3448 -0.11157 -0.983779 -0.171367 0.0530377
-0.215045 -0.0647863 0.231583 0.17083 -0.804739 0.568518
0.0702127 0.0180687 0.263149 0.17083 -0.804739 0.568518
0.101346 -0.289334 -0.181336 0.17083 -0.804739 0.568518
-0.398915 -0.349716 -0.13718 -0.17083 0.804739 -0.568517
-0.419502 -0.235077 0.051971 0.17083 -0.804739 0.568518
0.229377 -0.287624 -0.25132 0.0547437 -0.568356 -0.82096
-0.517335 0.160124 0.126936 0.983779 0.171367 -0.0530377
0.136744 -0.233908 -0.13421 -0.17083 0.804739 -0.568518
0.236238 -0.0463099 0.122133 0.17083 -0.804739 0.568518
-0.308018 -0.0491887 0.260904 -0.170832 0.804737 -0.568519
-0.396681 0.2154 0.275834 0.0547437 -0.568356 -0.82096
-0.287865 -0.0929863 0.192853 -0.17083 0.804739 -0.568518
-0.0655391 -0.136668 0.0642156 -0.17083 0.804739 -0.568518
0.201666 -0.112992 -0.359736 -0.0547436 0.568356 0.82096
-0.376377 -0.0683471 0.27502 0.17083 -0.804739 0.568518
0.483945 -0.194606 -0.162213 0.17083 -0.804739 0.568518
-0.0511018 -0.118264 0.0859293 -0.17083 0.804739 -0.568517
-0.469353 -0.219179 0.0132102 -0.983779 -0.171367 0.0530377
0.264642 -0.0149022 0.137362 -0.17083 0.804739 -0.568518
0.486415 0.0531756 -0.0112685 -0.98378 -0.171359 0.0530362
-0.441249 -0.170659 -0.367651 -0.17083 0.804739 -0.568518
0.496005 -0.127935 -0.0921564 -0.170828 0.80474 -0.568517
0.523749 -0.216938 -0.205784 0.170831 -0.804739 0.568517
-0.109834 -0.165384 0.036879 -0.17083 0.804739 -0.568518
0.148575 0.26358 0.278838 0.0547437 -0.568356 -0.82096
0.00449919 0.331618 0.222127 0.0547437 -0.568356 -0.82096
0.00923291 -0.153002 0.0393218 0.17083 -0.804739 0.568518
0.386509 0.118561 0.289661 -0.17083 0.804739 -0.568518
-0.23987 -0.0712965 0.209133 -0.170828 0.80474 -0.568516
-0.495595 -0.0123703 0.194664 -0.983779 -0.171367 0.0530377
0.219881 0.346493 0.240522 -0.0547437 0.568356 0.82096
0.380007 -0.191126 -0.308081 0.0547437 -0.568356 -0.82096
-0.00254005 -0.0196476 0.210929 -0.17083 0.804739 -0.568518
-0.489775 -0.0771136 0.0934292 -0.983779 -0.171367 0.0530377
-0.130906 -0.106872 0.146728 0.17083 -0.804739 0.568518
0.315636 -0.208776 -0.300155 0.0547437 -0.568356 -0.82096
-0.239471 -0.178263 0.0782959 0.17083 -0.804739 0.568518
0.181538 0.278321 0.270831 0.0547437 -0.568356 -0.82096
-0.131078 0.0398938 0.354527 0.17083 -0.804739 0.568517
-0.195032 -0.294245 -0.275037 0.0547437 -0.568356 -0.82096
-0.0742592 0.322487 0.223197 0.0547437 -0.568356 -0.82096
-0.26097 -0.212466 0.0156476 -0.17083 0.804739 -0.568518
0.207531 0.0970196 0.312949 -0.17083 0.804739 -0.568518
0.470653 0.0886085 -0.189164 -0.983779 -0.171367 0.0530377
-0.456531 -0.222663 0.0179634 0.983779 0.171367 -0.0530378
0.467139 0.124709 -0.137693 -0.983779 -0.171367 0.0530377
-0.472403 -0.0671461 0.305574 0.17083 -0.804739 0.568518
-0.382895 -0.308013 -0.0622697 0.17083 -0.804739 0.568518
-0.478691 -0.167179 -0.213804 0.983779 0.171367 -0.0530377
0.220273 0.143575 0.381029 -0.0547437 0.568356 0.82096
-0.155121 0.227315 0.283693 0.0547437 -0.568356 -0.82096
0.159714 -0.311846 -0.239196 0.0547437 -0.568356 -0.82096
-0.434664 -0.192908 0.116217 0.17083 -0.804739 0.568518
-0.507282 -0.0525266 -0.151864 -0.983779 -0.171367 0.0530377
