ply
format ascii 1.0
comment Created by Open3D
element vertex 512
property double x
property double y
property double z
property double nx
property double ny
property double nz
end_header
0.190131 0.139281 -0.0667441 0.327743 0.59826 -0.731211
0.213007 -0.268103 -0.0366489 0.920501 -0.376494 0.10455
-0.00146927 0.085973 -0.196238 0.327744 0.598259 -0.731212
0.15685 0.265563 0.0596484 0.327744 0.598258 -0.731212
-0.112667 -0.473486 0.245903 -0.327744 -0.598258 0.731212
-0.272342 -0.477783 0.170817 -0.327744 -0.598258 0.731212
0.125532 0.286468 0.0627143 0.327744 0.598258 -0.731212
-0.1915 -0.501592 0.187572 -0.327744 -0.598258 0.731212
0.0160014 0.11468 -0.16492 0.327745 0.598257 -0.731213
0.200702 0.0254024 0.321397 0.7196 0.343424 0.60352
-0.0176148 -0.195205 -0.224533 -0.212749 -0.707347 -0.674091
0.278302 -0.0377002 0.218168 0.920501 -0.376494 0.10455
0.255802 0.135492 0.106546 0.804819 -0.58216 -0.115572
0.0211249 -0.356377 0.401686 -0.327744 -0.598258 0.731212
-0.0652994 -0.123564 -0.286719 -0.212749 -0.707347 -0.674091
-0.277349 0.104139 0.0126938 -0.920501 0.376494 -0.10455
-0.280541 -0.399315 0.0705685 -0.212749 -0.707347 -0.674091
0.229402 -0.240091 -0.155345 -0.327744 -0.598259 0.731212
0.189336 -0.252902 0.226495 0.920501 -0.376494 0.10455
-0.148201 0.325431 0.109393 -0.442154 0.781098 0.440891
0.11512 -0.430344 0.254231 0.920501 -0.376494 0.10455
0.0928472 -0.229694 -0.225265 -0.212749 -0.707347 -0.674091
-0.122177 0.179302 -0.135994 0.327747 0.598258 -0.731211
0.168014 0.0434352 -0.155076 0.327744 0.598259 -0.731211
-0.229089 0.168924 -0.192191 -0.920501 0.376494 -0.10455
-0.296503 0.0217557 0.497937 -0.402024 0.788705 0.465103
-0.198509 -0.483971 0.198848 -0.327744 -0.598258 0.731212
-0.304199 0.0933343 0.293305 -0.646607 0.706334 0.288082
0.124574 0.0428522 -0.175024 0.32774 0.598257 -0.731215
-0.386151 -0.131485 0.122128 -0.920501 0.376494 -0.10455
0.00651993 -0.437483 0.0220807 -0.212749 -0.707347 -0.674091
-0.343495 0.0182039 0.450405 -0.55622 0.747797 0.362519
-0.319776 -0.418503 0.103086 -0.212749 -0.707347 -0.674091
0.24379 0.219706 0.1295 0.212749 0.707347 0.674091
0.0538937 -0.0592309 0.480071 0.212749 0.707347 0.674091
0.218386 -0.246404 -0.00587204 0.920501 -0.376494 0.10455
0.124401 0.228452 0.0147405 0.327744 0.598258 -0.731212
-0.127246 0.0571254 0.415144 0.212749 0.707347 0.674091
-0.404273 -0.165134 0.160512 -0.920501 0.376494 -0.10455
0.0642345 0.0374662 -0.206476 0.327744 0.598258 -0.731212
-0.0607175 -0.37691 -0.0202597 -0.212749 -0.707347 -0.674091
0.0803726 0.153241 0.24876 0.212749 0.707347 0.674091
-0.155429 0.14748 -0.176934 0.327744 0.598258 -0.731212
0.278196 0.187161 0.152792 0.212749 0.707347 0.674091
0.196218 0.291823 -0.357086 0.327727 0.598257 -0.731221
-0.188111 0.319478 -0.0108194 -0.920501 0.376494 -0.10455
-0.102633 -0.36287 -0.0217639 -0.212749 -0.707347 -0.674091
-0.369053 -0.11213 0.0412854 -0.920501 0.376494 -0.10455
0.132591 0.0794471 0.309714 0.212749 0.707347 0.674091
-0.313535 -0.144756 -0.112623 -0.801329 -0.233948 -0.550582
0.0709337 -0.195457 0.555672 -0.327744 -0.598257 0.731213
0.319743 -0.0178157 -0.0618047 0.920501 -0.376494 0.10455
0.145138 0.222812 -0.325567 0.207712 -0.800652 -0.561972
0.315604 -0.0208187 -0.0361801 0.920501 -0.376494 0.10455
0.0425239 -0.238283 0.5079 -0.327744 -0.598258 0.731212
0.0751838 0.276399 0.0319094 0.327744 0.598258 -0.731212
-0.386972 -0.17525 0.0190839 -0.883291 -0.0805902 -0.461846
0.00728058 0.114434 0.31255 0.212749 0.707347 0.674091
-0.00300121 -0.557563 0.151783 0.402022 -0.788706 -0.465104
-0.189605 -0.116471 0.503518 -0.327744 -0.598258 0.731212
-0.271174 -0.30486 -0.0294423 -0.212749 -0.707347 -0.674091
-0.286615 0.126413 0.174484 -0.920501 0.376494 -0.10455
-0.0360585 0.343134 0.088306 0.212749 0.707347 0.674091
-0.0232846 -0.229906 -0.186331 -0.212749 -0.707347 -0.674091
-0.349667 -0.049049 0.486938 -0.327744 -0.598258 0.731212
0.0364241 -0.490315 0.117888 0.460703 -0.776907 -0.429148
0.213866 0.0508523 0.291219 0.7196 0.343424 0.60352
-0.378 -0.141032 0.0159861 -0.920501 0.376494 -0.10455
0.0662129 -0.415431 0.37358 -0.327744 -0.598258 0.731212
0.225529 -0.22011 0.0259261 0.920501 -0.376494 0.10455
-0.316656 -0.288997 -0.0317333 -0.212749 -0.707347 -0.674091
-0.138979 0.297813 0.0434145 0.944763 -0.209653 0.251929
0.0500613 0.185663 0.224305 0.212749 0.707347 0.674091
0.104981 -0.315981 0.472324 -0.327744 -0.598258 0.731212
0.301501 -0.00793138 0.121118 0.920501 -0.376494 0.10455
-0.0738491 -0.272783 -0.12538 -0.212749 -0.707347 -0.674091
0.195682 0.172392 0.192272 0.212749 0.707347 0.674091
0.15093 -0.262108 -0.171265 0.419848 -0.785567 -0.454546
0.0903124 0.212109 -0.209869 0.212749 0.707347 0.674091
-0.00196022 -0.381089 -0.034419 -0.212749 -0.707347 -0.674091
-0.0769988 0.21012 -0.0905295 0.327744 0.598259 -0.731212
0.288643 0.132181 0.114171 -0.725403 -0.336506 -0.600461
-0.320068 0.0711103 0.312177 -0.646607 0.706334 0.288082
0.202351 -0.195708 0.31787 0.920501 -0.376494 0.10455
0.181855 0.259791 -0.335157 0.886903 -0.461526 0.0199193
0.0648432 -0.541827 0.269552 -0.327745 -0.598258 0.731212
-0.109899 -0.0930077 0.558441 -0.327745 -0.59826 0.73121
-0.364014 -0.269348 0.300265 -0.327744 -0.598258 0.731212
0.28392 0.0460478 -0.0629983 0.327744 0.598258 -0.731212
0.131159 0.282098 0.0616615 0.327744 0.598258 -0.731212
-0.280907 0.125196 0.265809 -0.612176 0.72398 0.317951
0.227126 -0.137732 0.308521 0.920501 -0.376494 0.10455
0.1551 -0.296717 0.383436 0.920501 -0.376494 0.10455
-0.218605 -0.042423 -0.211049 -0.106258 0.839421 -0.532994
0.122443 0.278765 0.105825 0.212749 0.707347 0.674091
-0.382774 -0.26398 0.296248 -0.327744 -0.598258 0.731212
-0.279652 -0.162905 -0.149018 -0.7196 -0.343424 -0.60352
0.1636 -0.237781 0.520832 0.920501 -0.376494 0.10455
-0.084275 0.314827 0.01585 -0.925519 0.358743 -0.121322
-0.144872 0.159434 -0.162422 0.327744 0.598258 -0.731212
-0.113914 0.286087 0.16105 -0.335232 0.79724 0.502023
-0.0846332 -0.392054 0.00317939 -0.212749 -0.707347 -0.674091
0.162382 0.143768 0.232818 0.212749 0.707347 0.674091
0.0667567 0.164437 0.241309 0.212749 0.707347 0.674091
-0.395357 -0.136393 0.18551 -0.920501 0.376494 -0.10455
-0.428037 -0.299783 0.246667 -0.327744 -0.598258 0.731212
0.00666956 -0.103223 -0.309397 0.327744 0.598258 -0.731212
0.256206 0.104976 0.124047 0.752889 0.506405 -0.420372
-0.235391 0.195189 -0.0421257 -0.920501 0.376494 -0.10455
-0.298822 -0.30866 0.297321 -0.327744 -0.598258 0.731212
-0.204751 0.131255 0.346084 -0.377991 0.79235 0.478857
0.171851 -0.312111 -0.0494277 0.576284 -0.739895 -0.347061
0.198422 -0.174858 -0.225941 -0.253386 0.801267 0.542003
-0.350303 -0.377462 0.217954 -0.327745 -0.598257 0.731212
0.111863 0.284014 0.103657 0.212749 0.707347 0.674091
0.0861338 -0.151624 0.568907 0.212749 0.707347 0.674091
0.28491 -0.113842 -0.193373 0.327744 0.598258 -0.731212
-0.311129 -0.00786622 -0.0932388 -0.920501 0.376494 -0.10455
0.278558 0.177399 0.0537119 0.828468 -0.55401 -0.0819401
-0.111311 0.082381 0.383613 0.212749 0.707347 0.674091
-0.253113 -0.155265 -0.184393 -0.688828 -0.378389 -0.618335
-0.106028 -0.234528 0.444388 -0.327744 -0.598258 0.731212
-0.0816241 -0.426683 0.29811 -0.327744 -0.598258 0.731212
0.155099 -0.349584 0.179777 0.920501 -0.376494 0.10455
0.188671 0.0267191 -0.131658 0.869573 -0.493604 -0.0140932
-0.344166 -0.351761 0.241733 -0.327744 -0.598259 0.731212
0.205593 -0.156999 -0.195006 -0.725397 -0.336514 -0.600465
-0.305726 -0.0870464 -0.146688 -0.846352 -0.158023 -0.508643
-0.226012 0.135097 0.32142 -0.419849 0.785567 0.454546
0.210391 0.215543 0.0427206 0.327744 0.598258 -0.731212
-0.206108 -0.156336 -0.20583 -0.212749 -0.707347 -0.674091
-0.0486072 0.0715856 -0.229138 0.327745 0.598258 -0.731212
0.187008 -0.248054 0.264456 0.920501 -0.376494 0.10455
0.224455 0.10635 0.246251 0.688828 0.378389 0.618335
-0.0102088 0.0575249 -0.223431 0.327744 0.598258 -0.731212
0.233675 -0.143044 0.231731 0.920501 -0.376494 0.10455
0.101105 -0.132497 -0.291021 0.327744 0.598258 -0.731212
-0.228461 -0.467447 0.125625 -0.212749 -0.707346 -0.674091
0.160527 -0.358964 0.0982094 0.920501 -0.376494 0.10455
-0.239926 0.0917029 0.383563 -0.419849 0.785567 0.454546
0.240569 -0.236062 -0.150653 0.920501 -0.376494 0.10455
-0.159144 0.252835 0.179703 -0.419849 0.785567 0.454546
0.261836 0.0837849 -0.0420211 0.327744 0.598258 -0.731212
0.183002 0.0206218 -0.151002 0.804811 -0.582169 -0.115582
-0.0630287 -0.319951 -0.0792992 -0.212749 -0.707347 -0.674091
-0.28424 -0.242964 -0.0902679 -0.212749 -0.707347 -0.674091
-0.195667 -0.0893263 0.52301 -0.327744 -0.598257 0.731213
0.151052 -0.341704 0.243785 0.920501 -0.376494 0.10455
-0.330021 -0.162565 -0.0810624 -0.801329 -0.233948 -0.550582
-0.301239 -0.291805 -0.0336524 -0.212749 -0.707347 -0.674091
0.134704 -0.386076 0.227931 0.920501 -0.376494 0.10455
-0.0746249 -0.351261 -0.0427848 -0.212749 -0.707347 -0.674091
0.100181 -0.464301 0.158372 0.612176 -0.72398 -0.317951
-0.00395325 0.0641734 -0.215188 0.327744 0.598258 -0.731212
0.0956866 -0.0336905 0.44008 0.212749 0.707347 0.674091
-0.0870091 0.210221 0.241797 0.212749 0.707347 0.674091
-0.364514 -0.0123183 0.481116 -0.556219 0.747797 0.362519
-0.287194 -0.482395 0.160388 -0.327744 -0.598259 0.731211
-0.109311 -0.0460824 -0.314631 0.327744 0.598258 -0.731212
0.0319166 0.300906 0.111164 0.212749 0.707347 0.674091
-0.205658 -0.477274 0.12874 -0.212749 -0.707346 -0.674091
-0.122195 0.331748 0.0146578 0.869567 -0.493613 -0.0141036
0.0374534 -0.353243 0.411569 -0.327744 -0.598258 0.731212
-0.121884 0.339261 0.110459 -0.402024 0.788705 0.465103
-0.425763 -0.353108 0.101931 -0.789222 -0.252077 -0.559988
-0.245529 -0.317143 0.314267 -0.327744 -0.598258 0.731212
-0.166205 0.31872 -0.0416604 0.327744 0.598258 -0.731212
0.19506 -0.267812 0.12241 0.920501 -0.376494 0.10455
0.105909 -0.375659 0.423913 -0.327742 -0.598259 0.731212
0.19275 0.105338 0.263559 0.212749 0.707347 0.674091
-0.0522998 0.242855 -0.0526763 0.327744 0.598258 -0.731212
0.27593 0.0599039 -0.0552426 0.327744 0.598258 -0.731212
-0.223704 -0.425485 0.235407 -0.327744 -0.598258 0.731212
-0.464056 -0.370628 0.165028 -0.812984 -0.215687 -0.540866
0.189218 0.027544 -0.126792 0.869573 -0.493604 -0.0140933
-0.304024 -0.0575581 0.500434 -0.327744 -0.598259 0.731211
-0.387303 -0.102355 0.237168 -0.920501 0.376494 -0.10455
-0.291036 -0.435385 0.11173 -0.212749 -0.707347 -0.674091
0.0721377 -0.394695 -0.0148571 0.377991 -0.79235 -0.478857
-0.44727 -0.321596 0.220199 -0.327744 -0.598258 0.731212
-0.0785959 -0.422791 0.302652 -0.327744 -0.598258 0.731212
-0.279627 0.0333628 -0.235406 -0.920501 0.376494 -0.10455
-0.457519 -0.284305 0.186877 -0.920501 0.376494 -0.10455
0.236006 0.000483118 -0.121754 0.327744 0.598258 -0.731212
-0.245442 -0.104874 0.487979 -0.327744 -0.598258 0.731212
0.192149 0.0332834 -0.117628 0.902028 -0.428301 0.0538837
0.312129 0.13399 0.0215974 0.327744 0.598258 -0.731212
0.0292944 -0.391021 -0.0338612 -0.212749 -0.707347 -0.674091
-0.175961 0.142901 0.340511 0.212749 0.707347 0.674091
-0.0205243 -0.101476 -0.320157 0.327744 0.598258 -0.731212
-0.0461218 -0.515693 0.241197 -0.327744 -0.598258 0.731212
-0.256304 -0.0729452 0.509234 -0.327744 -0.598259 0.731211
-0.357104 -0.295271 0.282152 -0.327744 -0.598258 0.731212
-0.233058 0.159461 -0.191325 -0.920501 0.376494 -0.10455
0.124009 -0.393012 0.310407 0.920501 -0.376494 0.10455
0.0366892 -0.460222 0.3237 -0.327744 -0.598258 0.731212
-0.0959317 -0.0532978 -0.314538 0.327744 0.598258 -0.731212
-0.183277 -0.0275034 0.523692 0.212749 0.707347 0.674091
0.227625 -0.228281 -0.133672 0.612176 -0.72398 -0.317952
-0.0395254 -0.412761 0.32837 -0.327744 -0.598258 0.731212
-0.044726 0.287536 0.149382 0.212749 0.707347 0.674091
0.0840391 0.164367 -0.248099 -0.474621 -0.564947 -0.674959
-0.35592 -0.0257778 0.236623 -0.920501 0.376494 -0.10455
-0.402483 -0.123696 0.280689 -0.920501 0.376494 -0.10455
0.172126 -0.276363 0.293541 0.920501 -0.376494 0.10455
-0.0205262 -0.445424 0.0389497 -0.212749 -0.707347 -0.674091
0.050671 -0.314495 0.449196 -0.327744 -0.598258 0.731212
-0.270865 0.114202 -0.00815818 -0.920501 0.376494 -0.10455
-0.305449 0.100937 0.248572 -0.920501 0.376494 -0.10455
0.341285 0.0420844 -0.0357677 0.920501 -0.376494 0.10455
-0.204988 0.187067 0.250138 -0.460703 0.776907 0.429148
0.180173 -0.256153 0.295464 0.920501 -0.376494 0.10455
-0.0247183 0.289796 0.140697 0.212749 0.707347 0.674091
-0.227878 -0.453876 0.210307 -0.327744 -0.598258 0.731212
0.0304631 0.318053 0.0936298 0.212749 0.707347 0.674091
-0.347667 -0.00479138 0.239536 -0.920501 0.376494 -0.10455
-0.358437 -0.155546 0.395874 -0.327744 -0.598258 0.731212
0.102179 0.197463 -0.288556 -0.474621 -0.564947 -0.674959
0.167831 -0.324827 -0.0289622 0.612176 -0.72398 -0.317952
-0.101173 -0.0899319 -0.310688 -0.212749 -0.707347 -0.674091
-0.0357357 -0.566652 0.168898 -0.212749 -0.707346 -0.674091
0.11741 -0.40777 0.315355 0.920501 -0.376494 0.10455
0.282205 0.108856 0.0920863 -0.428699 0.783867 0.449188
-0.264621 0.0703335 0.397448 -0.460703 0.776907 0.429149
-0.0213961 0.220893 -0.0677656 -0.510407 0.763415 0.395831
-0.251529 -0.284692 0.338128 -0.327744 -0.598258 0.731212
-0.288929 -0.0233915 -0.235414 -0.834916 -0.178808 -0.520522
-0.268944 -0.307734 0.31147 -0.327744 -0.598258 0.731212
0.17964 0.227397 0.0386361 0.327744 0.598258 -0.731212
0.0359197 0.116054 0.301812 0.212749 0.707347 0.674091
-0.114841 -0.232106 0.442419 -0.327744 -0.598258 0.731212
0.256912 0.11028 -0.0225504 0.327744 0.598258 -0.731212
-0.117903 -0.152705 -0.237478 -0.212749 -0.707347 -0.674091
-0.0626191 -0.272872 -0.12883 -0.212749 -0.707347 -0.674091
-0.104142 0.373993 0.0668977 -0.402023 0.788706 0.465103
-0.00768442 -0.202121 -0.220409 -0.212749 -0.707347 -0.674091
0.168355 0.160347 -0.0388909 0.725392 0.33652 0.600467
-0.380585 -0.132983 0.0677231 -0.920501 0.376494 -0.10455
0.0234644 -0.338792 0.417123 -0.327744 -0.598258 0.731212
0.229302 -0.143269 0.269422 0.920501 -0.376494 0.10455
0.320735 0.0147411 0.0467054 0.920501 -0.376494 0.10455
-0.247644 0.0609148 0.428615 -0.377991 0.79235 0.478857
0.303785 0.0469922 0.161523 0.865856 0.11945 0.485825
-0.190817 -0.425148 0.0714184 -0.212749 -0.707347 -0.674091
-0.397027 -0.101913 0.311096 -0.920501 0.376494 -0.10455
0.247627 0.0259739 -0.0956895 0.327744 0.598258 -0.731212
-0.23963 0.180138 -0.0590082 -0.920501 0.376494 -0.10455
-0.246673 -0.254567 -0.0899496 -0.212749 -0.707347 -0.674091
-0.274083 0.0404447 -0.258714 -0.920501 0.376494 -0.104549
0.176202 -0.319368 0.102788 0.920501 -0.376494 0.10455
0.340726 0.149496 0.108535 0.812984 0.215688 0.540866
-0.31685 -0.374243 0.0577795 -0.212749 -0.707347 -0.674091
0.140909 0.129865 0.254183 0.212749 0.707347 0.674091
-0.343738 -0.0789554 -0.0621264 -0.920501 0.376494 -0.10455
0.248666 0.0343824 -0.0883442 0.327744 0.598258 -0.731212
-0.0537374 -0.488859 0.259739 -0.327744 -0.598258 0.731212
-0.240623 0.217993 0.0993459 -0.920501 0.376494 -0.10455
-0.156933 -0.0941864 0.536395 -0.327744 -0.598257 0.731213
-0.0258127 0.267046 -0.0210119 0.327745 0.598258 -0.731212
-0.0732186 -0.153523 0.52537 -0.327744 -0.598258 0.731212
-0.311324 0.0502142 0.117638 -0.920501 0.376494 -0.10455
0.0327807 -0.544393 0.253081 -0.327746 -0.598258 0.731212
-0.202719 0.052139 0.444196 0.212749 0.707347 0.674091
0.160548 -0.276419 -0.136088 0.460702 -0.776907 -0.429149
-0.372024 -0.134583 -0.0134047 -0.920501 0.376494 -0.10455
-0.13617 0.000768086 0.479158 0.212749 0.707347 0.674091
-0.386113 -0.21354 0.0263701 -0.846352 -0.158023 -0.508643
0.0397412 0.0242703 0.396917 0.212749 0.707347 0.674091
0.187989 -0.260755 -0.130999 0.539013 -0.754044 -0.375343
-0.14811 0.234972 0.219176 -0.377991 0.79235 0.478857
0.183542 0.0246516 -0.163484 0.327744 0.598258 -0.731212
0.121812 -0.0552656 0.454474 0.212749 0.707347 0.674091
-0.19244 -0.433713 0.0788577 -0.212749 -0.707347 -0.674091
0.154816 0.261196 -0.373882 -0.0731704 -0.755562 -0.650978
0.112716 -0.287394 0.499179 -0.327744 -0.598258 0.731212
0.09358 0.204799 -0.0564153 0.327744 0.598258 -0.731212
-0.068746 0.327296 0.00903917 0.327744 0.598258 -0.731212
0.0333575 -0.325848 0.432148 -0.327744 -0.598258 0.731212
-0.0091166 -0.490473 0.0826201 -0.212749 -0.707347 -0.674091
-0.245195 -0.459611 0.122683 -0.212749 -0.707347 -0.674091
0.277758 0.140783 0.17795 -0.327744 -0.598259 0.731212
0.10363 -0.304537 0.481081 -0.327744 -0.598258 0.731212
-0.168705 -0.199671 -0.172161 -0.212749 -0.707347 -0.674091
-0.251888 0.184714 0.0786809 -0.920501 0.376494 -0.10455
0.160682 -0.160912 -0.287565 0.327744 0.598258 -0.731212
-0.0841151 0.0836802 0.373666 0.212749 0.707347 0.674091
0.0816054 0.0182845 -0.214384 0.327745 0.598258 -0.731212
-0.283969 -0.352896 0.0250016 -0.212749 -0.707347 -0.674091
0.0647772 -0.111997 -0.29053 0.327744 0.598258 -0.731212
-0.244573 0.21231 0.113657 -0.920501 0.376494 -0.10455
0.251529 -0.199277 -0.114684 0.920501 -0.376494 0.10455
-0.105349 0.315447 0.0516171 -0.433312 -0.59257 -0.679044
-0.0122085 0.053764 0.382364 0.212749 0.707347 0.674091
-0.21729 0.00523266 -0.276684 0.830946 0.185755 0.524427
-0.431509 -0.386175 0.125919 -0.763678 -0.2879 -0.577849
-0.354724 -0.16404 -0.0412372 -0.846352 -0.158023 -0.508643
-0.333208 -0.0177226 0.0656614 -0.920501 0.376494 -0.10455
-0.277694 0.0188633 -0.266937 -0.854963 -0.141529 -0.499007
-0.295016 -0.0957986 -0.160273 -0.824825 -0.196221 -0.530246
-0.25569 -0.235242 0.376722 -0.327744 -0.598258 0.731212
-0.0421434 0.06141 -0.234566 0.327743 0.598259 -0.731212
-0.338164 0.0428899 0.327575 -0.920501 0.376494 -0.10455
0.326965 0.182363 0.0678246 0.327744 0.598258 -0.731212
0.123783 -0.359295 0.433811 0.920501 -0.376494 0.10455
0.323287 -0.0177394 -0.0927326 0.920501 -0.376494 0.10455
0.305215 0.133723 0.16672 0.789222 0.252076 0.559987
-0.179864 -0.511699 0.156722 -0.212749 -0.707346 -0.674091
-0.437464 -0.208104 0.284713 -0.920501 0.376494 -0.10455
-0.194718 0.23445 0.173792 -0.500456 0.766391 0.402727
-0.393686 -0.0828966 0.350155 -0.920501 0.376494 -0.10455
0.277976 0.141597 0.178713 -0.327744 -0.598259 0.731212
0.320426 0.0362211 0.113488 0.920501 -0.376494 0.10455
-0.355928 -0.190693 -0.0304058 -0.824825 -0.196221 -0.530246
-0.343415 -0.395838 0.206006 -0.327744 -0.598258 0.731212
-0.201943 0.144218 -0.200452 0.327744 0.598258 -0.731212
0.250249 -0.152249 0.0526555 0.920501 -0.376494 0.10455
-0.0517807 -0.461964 0.282621 -0.327744 -0.598258 0.731212
-0.229448 0.220625 0.147594 -0.612176 0.72398 0.317952
0.0537278 -0.0604863 0.481441 0.212749 0.707347 0.674091
-0.298756 -0.0994777 0.468498 -0.327744 -0.598258 0.731212
0.0737745 0.174518 -0.244505 -0.782055 -0.262442 -0.565256
0.0756222 0.194209 -0.253524 -0.903552 -0.0276193 -0.427588
0.146703 -0.269432 0.529109 -0.327746 -0.598258 0.731212
0.154007 -0.344947 0.206092 0.920501 -0.376494 0.10455
0.0651417 -0.510901 0.139858 0.51934 -0.760621 -0.389541
0.205709 -0.280396 -0.0166667 0.920501 -0.376494 0.10455
0.114059 -0.43642 0.241688 0.920501 -0.376494 0.10455
-0.41349 -0.355028 0.0865875 -0.763678 -0.2879 -0.577849
0.287659 0.120613 0.0768959 -0.342756 0.796524 0.498065
-0.263572 -0.45003 0.11843 -0.212749 -0.707347 -0.674091
0.291591 0.115605 0.10719 -0.925526 0.358714 -0.121349
0.0528197 -0.481594 0.313444 -0.327742 -0.598259 0.731212
-0.0994823 -0.348732 -0.037594 -0.212749 -0.707347 -0.674091
-0.221987 0.192884 0.218525 -0.539013 0.754044 0.375343
-0.280698 -0.331135 0.287055 -0.327744 -0.598259 0.731212
-0.380949 -0.0802792 0.260725 -0.920501 0.376494 -0.10455
-0.366578 -0.160862 0.387876 -0.327744 -0.598258 0.731212
-0.410229 -0.416041 0.129051 -0.212749 -0.707347 -0.674091
0.0637035 -0.33402 -0.104535 -0.212749 -0.707347 -0.674091
0.0407469 -0.516787 0.121857 0.442154 -0.781098 -0.440892
-0.0577914 -0.530214 0.224086 -0.327744 -0.598258 0.731212
0.0665272 0.0623823 -0.185062 0.327741 0.598259 -0.731213
-0.326276 0.0344431 0.442329 -0.519338 0.760621 0.389542
-0.161092 -0.490191 0.21053 -0.327744 -0.598258 0.731212
0.0167409 -0.232626 0.500972 -0.327744 -0.598258 0.731212
0.00750071 0.236268 -0.0692508 0.327743 0.598258 -0.731212
0.0385191 -0.372103 0.396616 -0.327744 -0.598258 0.731212
-0.447807 -0.337141 0.12725 -0.812984 -0.215687 -0.540865
-0.239157 0.151962 0.275543 -0.500456 0.766391 0.402727
0.20767 -0.124253 0.374926 0.865855 0.11945 0.485825
0.20018 0.0707358 -0.118322 0.327744 0.598259 -0.731211
-0.300561 -0.370567 0.0487811 -0.212749 -0.707347 -0.674091
-0.156966 0.273203 -0.0747601 0.327744 0.598258 -0.731212
0.0362917 0.310269 0.0999575 0.212749 0.707347 0.674091
0.100363 0.16385 -0.156682 0.591071 0.473942 0.652697
0.237052 -0.128741 0.253507 0.920501 -0.376494 0.10455
0.249863 -0.0100205 0.269669 0.824826 0.19622 0.530246
-0.0920864 -0.269084 -0.123505 -0.212749 -0.707347 -0.674091
0.155178 -0.151967 -0.282714 0.327744 0.598258 -0.731212
0.220205 -0.25806 -0.0638591 0.920501 -0.376494 0.10455
-0.230476 -0.133782 0.471035 -0.327744 -0.598258 0.731212
-0.40157 -0.0819367 0.423026 -0.920501 0.376494 -0.10455
-0.225003 0.104224 0.374824 -0.377991 0.79235 0.478857
-0.14934 0.199507 0.272711 0.212749 0.707347 0.674091
0.321975 0.220879 0.0971015 0.327744 0.598258 -0.731212
0.0215714 0.0154444 -0.243616 0.327744 0.598258 -0.731212
-0.0768413 -0.24362 -0.155037 -0.212749 -0.707347 -0.674091
-0.197805 -0.208188 0.424802 -0.327744 -0.598258 0.731212
0.0361927 -0.0348014 0.460023 0.212749 0.707347 0.674091
-0.19103 -0.28024 0.368888 -0.327744 -0.598258 0.731212
0.247589 -0.115794 0.207361 0.920501 -0.376494 0.10455
-0.115969 0.255621 -0.0707696 0.327744 0.598258 -0.731212
-0.290329 0.0661119 -0.00996715 -0.920501 0.376494 -0.10455
-0.394206 -0.155636 0.106082 -0.920501 0.376494 -0.10455
-0.0448958 -0.0483752 0.501919 0.212749 0.707347 0.674091
0.00923735 -0.0472608 0.483069 0.327744 0.598257 -0.731214
-0.186976 -0.0170767 0.513918 0.212749 0.707347 0.674091
0.19464 -0.197126 0.380653 0.920501 -0.376494 0.10455
-0.391005 -0.0820063 0.329758 -0.920501 0.376494 -0.10455
-0.195924 -0.495504 0.144797 -0.212749 -0.707346 -0.674091
0.0748641 -0.256805 0.507241 -0.327744 -0.598258 0.731212
0.270499 0.150741 0.0166437 0.327745 0.598258 -0.731212
0.245684 0.0314115 -0.0921116 0.327744 0.598258 -0.731212
-0.198698 -0.0458484 0.547809 0.212749 0.707347 0.674091
0.17661 0.118453 -0.0898456 0.327744 0.598258 -0.731212
-0.304558 -0.000457579 -0.124411 -0.920501 0.376494 -0.10455
0.151509 -0.316917 -0.0705499 0.500456 -0.766391 -0.402726
0.141195 -0.0111679 -0.181637 0.5494 -0.75033 -0.367648
-0.0550536 0.312707 0.0032404 0.327744 0.598259 -0.731212
-0.384387 -0.0888176 0.260249 -0.920501 0.376494 -0.10455
-0.366161 -0.0941059 0.44268 -0.327744 -0.598258 0.731212
0.137953 0.192079 -0.28026 0.510407 -0.763415 -0.395832
0.234533 -0.22147 -0.198295 0.556219 -0.747797 -0.362519
-0.202731 -0.0186475 -0.264303 -0.16151 0.798046 0.580549
-0.312808 0.00220326 0.516956 -0.442155 0.781098 0.440891
-0.290794 0.122873 0.198529 -0.920501 0.376494 -0.10455
0.0317179 -0.445493 0.0372909 0.377992 -0.79235 -0.478856
0.0216907 -0.442497 0.0257537 0.335233 -0.79724 -0.502023
-0.303722 -0.118568 -0.138033 -0.801329 -0.233948 -0.550582
0.278441 0.194066 0.0556508 0.32775 0.598269 -0.7312
-0.306365 -0.00974638 -0.141951 -0.920501 0.376494 -0.10455
0.200299 0.18612 0.17847 0.212749 0.707347 0.674091
0.0406368 -0.00218212 -0.236231 -0.120039 -0.741318 -0.660331
-0.285587 -0.123132 -0.161768 -0.775918 -0.271117 -0.569603
-0.132105 0.284996 0.08685 0.0209667 -0.778375 -0.627449
-0.107359 -0.45715 0.261647 -0.327744 -0.598258 0.731212
-0.0924806 0.0626044 -0.218163 0.327745 0.598258 -0.731212
-0.317254 -0.00905362 -0.0435816 -0.920501 0.376494 -0.10455
0.160642 0.0181258 -0.179088 0.327744 0.598258 -0.731212
-0.1312 0.302823 0.127224 -0.327744 -0.598258 0.731212
-0.248559 -0.0313956 -0.292627 -0.763678 -0.287901 -0.577849
0.139802 -0.336671 0.374243 0.920501 -0.376494 0.10455
-0.30416 -0.310656 -0.0129498 -0.212749 -0.707347 -0.674091
-0.214371 -0.360175 0.293025 -0.327744 -0.598258 0.731212
-0.356476 -0.100886 -0.028955 -0.920501 0.376494 -0.10455
-0.247876 0.0641537 0.423073 -0.377991 0.79235 0.478857
0.232784 0.111213 0.233997 0.688828 0.378389 0.618335
-0.282111 0.0277148 -0.233878 -0.920501 0.376494 -0.10455
0.174675 0.156282 -0.0444698 0.754662 0.299853 0.583587
-0.222123 0.248208 0.0319785 -0.920501 0.376494 -0.10455
-0.098842 0.159851 0.298385 0.212749 0.707347 0.674091
-0.188132 -0.451442 0.0961025 -0.212749 -0.707347 -0.674091
0.273339 -0.00165558 0.227745 0.865855 0.11945 0.485825
0.116395 -0.437461 0.217373 0.920501 -0.376494 0.10455
0.0253885 -0.52864 0.127454 0.442154 -0.781098 -0.440892
0.0110647 -0.4391 0.0223436 -0.212749 -0.707347 -0.674091
-0.0554859 -0.539366 0.217631 -0.327744 -0.598258 0.731212
0.117706 -0.334268 -0.0772419 0.419848 -0.785567 -0.454546
0.0233637 -0.0364145 0.465765 0.212749 0.707347 0.674091
0.119653 -0.443001 0.149808 0.646607 -0.706335 -0.288082
0.0281414 -0.363255 0.399204 -0.327744 -0.598258 0.731212
-0.201322 -0.294779 0.35238 -0.327744 -0.598258 0.731212
-0.0237175 0.203037 0.229359 0.212749 0.707347 0.674091
-0.375656 -0.254684 0.0244989 -0.801329 -0.233947 -0.550582
-0.188429 0.224722 -0.128528 0.327744 0.598258 -0.731212
-0.327793 -0.243181 0.337908 -0.327744 -0.598258 0.731212
0.0434907 -0.387212 0.386483 -0.327744 -0.598258 0.731212
-0.313418 -0.0623658 0.49229 -0.327744 -0.598258 0.731212
-0.149848 -0.0597143 -0.327034 -0.212749 -0.707347 -0.674091
-0.223032 0.0100114 -0.258485 0.914907 -0.394023 0.0877
-0.20564 0.0170098 -0.242621 0.0680346 -0.786896 -0.613324
-0.154116 0.157489 -0.168157 0.327744 0.598258 -0.731212
-0.0631528 0.35442 0.0850139 0.212749 0.707347 0.674091
-0.190425 0.31291 -0.0141035 -0.920501 0.376494 -0.10455
0.129859 0.218283 -0.228829 0.212749 0.707347 0.674091
0.235426 -0.158169 0.161845 0.920501 -0.376494 0.10455
0.217478 0.0851106 -0.0608189 0.327744 0.598258 -0.731212
0.21775 -0.219926 0.0950761 0.920501 -0.376494 0.10455
-0.398402 -0.162705 0.372103 -0.327744 -0.598258 0.731212
-0.0805344 0.0754338 0.381189 0.212749 0.707347 0.674091
0.24981 -0.127104 0.147076 0.920501 -0.376494 0.10455
-0.341824 0.0334717 0.35563 -0.646607 0.706334 0.288082
-0.184924 -0.102967 -0.270577 -0.212749 -0.707347 -0.674091
-0.144301 -0.191769 0.462218 -0.327744 -0.598258 0.731212
-0.140261 -0.128667 0.515656 -0.327744 -0.598258 0.731212
0.199593 -0.112224 0.385195 0.846351 0.158024 0.508643
-0.178986 0.0398262 0.449626 0.212749 0.707347 0.674091
-0.452808 -0.306815 0.125459 -0.854963 -0.141529 -0.499007
-0.0311926 0.314055 0.0150385 0.327744 0.598258 -0.731212
0.0462856 -0.410601 -0.00847418 0.335233 -0.79724 -0.502023
0.0497823 -0.406145 0.373813 -0.327744 -0.598258 0.731212
-0.383407 -0.0421427 0.406419 -0.920501 0.376494 -0.10455
-0.113272 0.301715 0.068653 -0.390922 -0.618722 -0.681441
0.14532 -0.271811 0.526543 -0.327746 -0.598258 0.731212
-0.249312 0.118265 -0.196575 -0.920501 0.376494 -0.10455
0.179686 -0.230253 -0.245349 0.402023 -0.788705 -0.465103
-0.275677 0.152739 0.211672 -0.646607 0.706334 0.288082
-0.241956 -0.328132 0.306878 -0.327744 -0.598259 0.731212
0.26269 -0.175954 -0.248983 0.556219 -0.747797 -0.362519
-0.364379 -0.113487 -0.00475151 -0.920501 0.376494 -0.10455
0.243375 0.0374831 -0.0881787 0.327744 0.598258 -0.731212
0.163257 -0.146734 0.454982 0.824826 0.19622 0.530246
-0.266914 -0.213368 0.389588 -0.327744 -0.598258 0.731212
-0.361894 -0.315063 0.263812 -0.327744 -0.598258 0.731212
0.360838 0.153519 0.0594077 0.327744 0.598258 -0.731212
-0.125643 -0.444289 0.263976 -0.327744 -0.598258 0.731212
0.26158 -0.185009 -0.151789 0.920501 -0.376494 0.10455
0.202719 0.0384139 0.311589 0.7196 0.343423 0.60352
0.273538 0.208267 0.0650714 0.327744 0.598258 -0.731212
-0.234817 0.0103616 -0.324704 0.327744 0.598259 -0.731212
-0.105973 0.1953 0.263438 0.212749 0.707347 0.674091
-0.401612 -0.154249 0.377583 -0.327744 -0.598258 0.731212
-0.136833 0.296359 0.0671754 0.327742 0.598258 -0.731213
0.167006 0.0667968 -0.136414 0.327744 0.598258 -0.731212
-0.227085 0.200155 0.19639 -0.576284 0.739895 0.347061
-0.355675 -0.026028 0.233565 -0.920501 0.376494 -0.10455
-0.00445103 -0.220468 0.50142 -0.327744 -0.598258 0.731212
-0.402522 -0.229582 0.0593441 -0.865855 -0.119451 -0.485825
-0.0730764 -0.196962 0.489893 -0.327744 -0.598258 0.731212
-0.0578953 -0.235758 -0.169266 -0.212749 -0.707347 -0.674091
-0.30431 -0.0100811 0.53915 -0.327745 -0.59826 0.73121
-0.170192 0.104593 0.378888 0.212749 0.707347 0.674091
-0.221691 0.199554 -0.147029 -0.920501 0.376494 -0.10455
-0.197772 0.248524 0.141521 -0.539013 0.754044 0.375343
0.0254615 -0.312555 -0.114989 -0.212749 -0.707347 -0.674091
-0.050072 -0.466704 0.279508 -0.327744 -0.598258 0.731212
0.339756 0.0812892 0.118878 0.920501 -0.376494 0.10455
-0.265572 -0.321084 -0.014186 -0.212749 -0.707347 -0.674091
-0.0811032 -0.364283 -0.027076 -0.212749 -0.707347 -0.674091
-0.409148 -0.191739 0.107625 -0.920501 0.376494 -0.10455
0.181629 -0.177255 -0.291548 0.327744 0.598258 -0.731212
0.0376541 0.0887742 0.329889 0.212749 0.707347 0.674091
-0.363858 -0.171362 0.380504 -0.327744 -0.598258 0.731212
-0.298392 0.0479933 0.399787 -0.500456 0.766391 0.402727
-0.269325 -0.142388 0.446582 -0.327744 -0.598258 0.731212
0.331088 0.0513033 0.087215 0.920501 -0.376494 0.10455
-0.269443 0.0904821 -0.119379 -0.920501 0.376494 -0.10455
-0.00110568 0.309563 0.0248486 0.327744 0.598258 -0.731212
-0.0316388 -0.552184 0.217833 -0.327744 -0.598258 0.731212
0.145415 -0.131829 0.474915 0.327744 0.598258 -0.731212
-0.291843 -0.137744 0.440288 -0.327744 -0.598258 0.731212
0.331225 0.153488 0.121165 0.789222 0.252076 0.559988
