ply
format ascii 1.0
comment Created by Open3D
element vertex 512
property double x
property double y
property double z
property double nx
property double ny
property double nz
end_header
0.156012 0.045164 0.338296 0.212749 0.707347 0.674091
-0.298933 0.0578252 0.0359437 -0.920501 0.376494 -0.10455
0.00848613 0.151717 0.273047 0.212749 0.707347 0.674091
0.318796 0.0109808 0.0502278 0.920501 -0.376494 0.10455
-0.0427614 0.262339 -0.0324595 0.327743 0.598259 -0.731212
0.0188886 -0.407485 0.358869 -0.327744 -0.598258 0.731212
-0.181735 -0.0198582 0.515183 0.212749 0.707347 0.674091
-0.223197 -0.305186 -0.0442422 -0.212749 -0.707347 -0.674091
0.0499716 -0.541763 0.179896 0.519338 -0.760621 -0.389543
0.265938 -0.180308 -0.173232 0.920501 -0.376494 0.10455
0.134045 -0.331249 0.444452 0.920501 -0.376494 0.10455
-0.182767 0.189248 0.267478 -0.377991 0.79235 0.478857
-0.117449 -0.057495 -0.327616 0.327744 0.598258 -0.731212
-0.103885 0.231101 0.225212 0.212749 0.707347 0.674091
-0.121072 0.339568 -0.00437384 0.327744 0.598259 -0.731211
-0.172045 -0.129606 -0.246689 -0.212749 -0.707347 -0.674091
-0.228088 -0.264955 -0.0849143 -0.212749 -0.707347 -0.674091
-0.453184 -0.259839 0.236812 -0.920501 0.376494 -0.10455
0.322087 0.122047 0.147497 0.812984 0.215688 0.540866
0.0524309 0.278655 0.128038 0.212749 0.707347 0.674091
-0.316756 0.0263975 0.0796962 -0.920501 0.376494 -0.10455
0.227213 -0.151172 0.259351 0.920501 -0.376494 0.10455
-0.010001 0.187701 0.241123 0.212749 0.707347 0.674091
0.0178413 -0.122716 -0.313849 -0.212749 -0.707346 -0.674091
0.0495471 -0.146455 0.57503 0.212749 0.707347 0.674091
-0.0526816 0.063068 -0.22599 -0.754662 -0.299853 -0.583587
0.141774 -0.0750695 -0.225806 0.327744 0.598258 -0.731212
0.0862436 0.104504 -0.177314 0.386213 -0.791178 -0.474212
0.231848 0.089574 0.247745 0.7196 0.343424 0.60352
0.0363191 -0.0949086 0.525116 0.212749 0.707347 0.674091
-0.345054 0.0298513 0.341277 -0.920501 0.376494 -0.10455
0.0620976 -0.562187 0.246281 0.920501 -0.376494 0.10455
-0.283842 -0.246298 -0.0868951 -0.212749 -0.707347 -0.674091
-0.339567 0.0415239 0.399369 0.327745 0.598258 -0.731212
-0.382744 -0.0311226 0.486779 -0.327744 -0.598259 0.731211
0.285827 -0.0675707 0.0443513 0.920501 -0.376494 0.10455
-0.320125 0.0359435 0.143738 -0.920501 0.376494 -0.10455
-0.44952 -0.270644 0.165647 -0.920501 0.376494 -0.10455
0.0943827 -0.467894 0.301587 0.920501 -0.376494 0.10455
0.0553971 0.0666866 0.347467 0.212749 0.707347 0.674091
-0.242772 0.208522 0.0841608 -0.920501 0.376494 -0.10455
-0.00541761 0.220547 -0.0499145 0.327744 0.598258 -0.731212
0.159023 0.218294 -0.29152 0.850082 -0.524451 -0.0480681
-0.394308 -0.0751413 0.445581 -0.327744 -0.598258 0.731212
0.0960351 -0.451759 0.122397 0.576284 -0.739895 -0.347061
-0.338468 -0.33105 0.261232 -0.327744 -0.598258 0.731212
-0.326747 0.036415 0.203737 -0.920501 0.376494 -0.10455
0.0994893 0.280993 0.110733 0.212749 0.707347 0.674091
0.21585 0.256351 0.0998656 0.212749 0.707347 0.674091
-0.365761 -0.442608 0.142893 -0.212749 -0.707346 -0.674091
-0.245484 -0.395219 0.0572668 -0.212749 -0.707347 -0.674091
0.162053 -0.149769 -0.277834 0.327744 0.598258 -0.731212
0.204737 0.151713 -0.0120369 0.327744 0.598258 -0.731212
0.260644 -0.0748909 0.239712 0.920501 -0.376494 0.10455
-0.0572953 0.0407754 0.410223 0.212749 0.707347 0.674091
0.177459 -0.222059 0.455424 0.920501 -0.376494 0.10455
0.0731778 0.110272 0.296119 0.212749 0.707347 0.674091
0.185901 0.0252265 -0.154015 0.80481 -0.582169 -0.115583
0.214101 -0.161141 -0.211393 -0.944763 0.209654 -0.251929
-0.117546 0.0899072 0.377683 0.212749 0.707347 0.674091
0.312549 -0.0287933 -0.111399 0.327744 0.598258 -0.731212
-0.281933 -0.0585588 -0.194405 -0.824825 -0.196221 -0.530246
-0.0953612 -0.179762 -0.2162 -0.212749 -0.707347 -0.674091
0.299773 -0.0851638 -0.128505 0.920501 -0.376494 0.10455
-0.315959 -0.0287763 -0.126011 -0.920501 0.376494 -0.10455
-0.313722 0.0787375 0.241468 -0.920501 0.376494 -0.10455
0.0719685 -0.200169 0.552281 -0.327744 -0.598257 0.731213
-0.224485 -0.148399 -0.208358 -0.212749 -0.707347 -0.674091
-0.127678 -0.261435 -0.120299 -0.212749 -0.707347 -0.674091
-0.23872 0.218914 0.132373 -0.646607 0.706334 0.288082
0.0421558 -0.00588296 0.427796 0.212749 0.707347 0.674091
0.20119 -0.273603 0.0475804 0.920501 -0.376494 0.10455
-0.307415 -0.422957 0.103858 -0.212749 -0.707347 -0.674091
0.127926 -0.297445 -0.131441 0.419848 -0.785567 -0.454546
-0.463565 -0.325667 0.209564 -0.327744 -0.598258 0.731212
0.327397 0.0179729 -0.000313783 0.920501 -0.376494 0.10455
0.161973 0.316709 -0.352074 0.327744 0.598259 -0.731212
0.10791 -0.381855 0.41974 -0.327746 -0.598258 0.731212
-0.236048 0.204508 0.0104981 -0.920501 0.376494 -0.10455
0.00517182 0.325943 0.0933324 0.212749 0.707347 0.674091
-0.224584 0.213928 -0.069796 -0.920501 0.376494 -0.10455
-0.351752 -0.129124 0.420488 -0.327744 -0.598258 0.731212
0.190123 -0.0530877 0.375686 0.775918 0.271116 0.569603
-0.262131 0.0486441 -0.302049 -0.854963 -0.141529 -0.499007
-0.256541 -0.0168861 -0.287912 -0.789222 -0.252076 -0.559988
-0.297341 -0.262794 0.335511 -0.327744 -0.598258 0.731212
0.13055 0.20571 0.177866 0.212749 0.707347 0.674091
0.119651 0.0611204 -0.162284 0.327744 0.598258 -0.731212
0.0149692 -0.255282 -0.171775 -0.212749 -0.707347 -0.674091
0.196982 -0.215198 0.294959 0.920501 -0.376494 0.10455
0.322691 0.00801343 -0.0767391 0.327744 0.598258 -0.731212
0.112968 0.244774 0.0229697 0.327744 0.598258 -0.731212
0.224838 -0.25028 -0.0766284 0.920501 -0.376494 0.10455
0.102277 -0.300557 0.483731 -0.327744 -0.598258 0.731212
-0.202664 -0.453836 0.221641 -0.327744 -0.598258 0.731212
-0.0875811 0.297563 0.150325 0.212749 0.707347 0.674091
-0.19199 0.115363 -0.219599 0.327744 0.598258 -0.731212
0.121754 0.257702 -0.349316 -0.725391 -0.336521 -0.600468
0.0223363 -0.347604 0.409408 -0.327744 -0.598258 0.731212
0.061841 0.228606 -0.0511634 0.327744 0.598258 -0.731212
-0.109135 0.138048 -0.163902 0.327744 0.598259 -0.731212
-0.172534 0.0659053 0.420224 0.212749 0.707347 0.674091
-0.342393 -0.0419305 0.0593584 -0.920501 0.376494 -0.10455
-0.129037 -0.0976943 -0.293748 -0.212749 -0.707347 -0.674091
-0.226922 0.182966 -0.160706 -0.920501 0.376494 -0.10455
-0.00828078 0.0918333 -0.194497 0.327744 0.598258 -0.731212
0.322461 0.211356 0.0895273 0.327744 0.598258 -0.731212
0.196291 -0.195196 -0.290443 0.402023 -0.788705 -0.465103
0.247594 0.175412 0.0265618 0.327746 0.598251 -0.731217
-0.419025 -0.372883 0.102798 -0.763678 -0.2879 -0.577849
-0.266773 0.103215 0.333992 -0.500456 0.766391 0.402727
0.192298 -0.240674 0.244455 0.920501 -0.376494 0.10455
-0.161687 -0.412016 0.274224 -0.327744 -0.598258 0.731212
-0.430739 -0.212394 0.316955 -0.327744 -0.598258 0.731212
-0.067908 0.31025 -0.00453142 0.327744 0.598258 -0.731212
0.151738 0.16447 0.214453 0.212749 0.707347 0.674091
-0.0647545 -0.000494463 -0.257361 0.327744 0.598258 -0.731212
-0.315186 0.03893 0.447965 -0.48129 0.771729 0.415685
0.183735 -0.267553 -0.123449 0.539013 -0.754044 -0.375343
0.327689 0.0456951 0.0969408 0.920501 -0.376494 0.10455
0.135658 0.176736 -0.245901 0.779143 -0.608892 -0.148952
0.0220403 -0.482937 0.0916088 0.377991 -0.79235 -0.478857
0.205347 -0.235053 0.149812 0.920501 -0.376494 0.10455
-0.408688 -0.262134 0.0790318 -0.846352 -0.158023 -0.508643
-0.376701 -0.0485863 0.324166 -0.920501 0.376494 -0.10455
0.0545235 -0.0564387 -0.24967 0.327744 0.598258 -0.731212
-0.134507 0.127846 0.343226 0.212749 0.707347 0.674091
-0.281587 0.125752 0.12784 -0.920501 0.376494 -0.10455
0.0447574 0.0628619 -0.194428 0.327744 0.598258 -0.731212
-0.306327 -0.170126 -0.111148 -0.775918 -0.271117 -0.569603
0.305659 0.0897934 -0.017463 0.327758 0.598255 -0.731209
-0.0181575 -0.376093 0.367948 -0.327744 -0.598258 0.731212
-0.24271 0.0860783 -0.266293 0.327744 0.598258 -0.731212
-0.224278 -0.0273724 -0.326287 -0.736414 -0.323073 -0.594406
-0.311182 -0.466683 0.150931 -0.212749 -0.707346 -0.674091
0.13968 0.230599 -0.244852 0.212749 0.707347 0.674091
0.240629 -0.206219 -0.0569979 0.920501 -0.376494 0.10455
0.0871782 0.198807 -0.274327 -0.782055 -0.262442 -0.565256
-0.41238 -0.119118 0.4015 -0.327743 -0.598259 0.731212
-0.228048 -0.439544 0.096215 -0.212749 -0.707347 -0.674091
0.273588 0.130176 0.174111 0.748653 0.307638 0.587263
0.00464338 -0.240065 0.489463 -0.327744 -0.598258 0.731212
-0.165725 -0.0652236 0.556151 -0.327745 -0.59826 0.73121
-0.0666177 -0.0395936 0.49956 0.212749 0.707347 0.674091
-0.11546 -0.41953 0.0417395 -0.212749 -0.707347 -0.674091
0.198751 0.0507405 -0.107276 0.925519 -0.358742 0.121323
0.231465 -0.0983302 -0.204636 0.327743 0.598257 -0.731213
0.224498 0.0733691 -0.0672791 0.327748 0.598256 -0.731212
-0.206306 0.22811 0.170277 -0.539013 0.754044 0.375343
-0.359522 0.00274874 0.457617 -0.591844 0.733287 0.33468
0.214255 -0.194318 0.218064 0.920501 -0.376494 0.10455
-0.0772773 -0.114061 -0.29291 -0.212749 -0.707347 -0.674091
-0.0692468 -0.337489 0.376634 -0.327744 -0.598258 0.731212
-0.20886 -0.194668 0.430908 -0.327744 -0.598258 0.731212
0.217511 -0.11682 0.35556 0.865856 0.11945 0.485825
0.170342 0.102999 -0.105299 0.327744 0.598259 -0.731212
-0.199762 0.260804 0.112463 -0.576284 0.739895 0.347061
-0.0048897 -0.0243316 -0.250031 0.327744 0.598259 -0.731211
0.234511 -0.0151406 0.295446 0.824826 0.19622 0.530246
0.00532662 -0.428253 0.0127721 -0.212749 -0.707347 -0.674091
-0.05305 -0.159509 -0.252867 -0.212749 -0.707347 -0.674091
0.0282685 -0.459164 0.320791 -0.327744 -0.598258 0.731212
0.130174 -0.361012 0.371355 0.920501 -0.376494 0.10455
-0.340183 -0.00816559 0.161488 -0.920501 0.376494 -0.10455
0.0862983 -0.201353 -0.252938 -0.212749 -0.707346 -0.674091
0.277021 0.0112298 0.218005 0.846351 0.158024 0.508643
0.29007 -0.121599 -0.174282 0.920501 -0.376494 0.10455
0.162012 0.289129 0.0812429 0.327744 0.598258 -0.731212
0.0643399 -0.442456 0.350629 -0.327742 -0.598259 0.731212
0.305067 0.000852938 0.121353 0.920501 -0.376494 0.10455
0.278725 0.229765 0.107919 0.212749 0.707347 0.674091
0.128548 -0.183625 0.558361 0.763678 0.287901 0.577849
0.0612034 -0.496532 0.138779 0.327743 0.598258 -0.731212
-0.325455 -0.371871 0.0580068 -0.212749 -0.707347 -0.674091
0.0714049 0.170398 -0.0945004 0.32774 0.59826 -0.731213
-0.0855141 -0.325203 -0.0666915 -0.212749 -0.707347 -0.674091
0.0624956 0.169839 -0.159479 -0.470143 0.774603 0.423032
-0.395363 -0.160381 0.0991752 -0.920501 0.376494 -0.10455
0.112764 -0.413994 0.333849 0.920501 -0.376494 0.10455
0.00416795 0.193042 -0.10611 0.327744 0.598258 -0.731212
-0.0248513 -0.186828 0.5198 -0.327744 -0.598258 0.731212
-0.302624 -0.331591 0.00853293 -0.212749 -0.707347 -0.674091
-0.178392 -0.341347 -0.0204379 -0.212749 -0.707347 -0.674091
0.101073 0.139448 -0.222944 0.253395 -0.801267 -0.541999
0.141652 -0.0461609 0.431824 0.688828 0.378389 0.618335
-0.202313 -0.363777 0.295483 -0.327744 -0.598258 0.731212
0.0267996 -0.17449 -0.262347 -0.212749 -0.707346 -0.674091
-0.356973 -0.0995981 -0.0199403 -0.920501 0.376494 -0.10455
0.113083 0.174561 -0.176668 0.69432 0.372349 0.615854
0.156265 -0.0251086 -0.178434 0.327744 0.598258 -0.731212
-0.421534 -0.217098 0.125356 -0.920501 0.376494 -0.10455
-0.198865 -0.0945451 -0.275015 -0.212749 -0.707347 -0.674091
0.233915 -0.225011 -0.140985 -0.327744 -0.598259 0.731212
0.0755675 -0.0614217 0.475529 0.212749 0.707347 0.674091
-0.177377 0.262596 -0.0925873 0.327744 0.598258 -0.731212
0.283739 -0.0933499 -0.0168195 0.920501 -0.376494 0.10455
0.115168 0.138943 0.252782 0.212749 0.707347 0.674091
-0.386401 -0.0539634 0.390209 -0.920501 0.376494 -0.10455
-0.0345008 -0.255335 -0.156107 -0.212749 -0.707347 -0.674091
-0.229365 -0.397137 0.256063 -0.327744 -0.598258 0.731212
-0.124894 -0.379177 0.00237312 -0.212749 -0.707347 -0.674091
0.192306 0.120602 -0.0581342 0.871581 0.107218 0.478383
-0.422385 -0.156199 0.338864 -0.920501 0.376494 -0.10455
-0.325959 -0.0161833 0.00738655 -0.920501 0.376494 -0.10455
-0.25118 -0.0248271 0.542314 0.212749 0.707347 0.674091
0.00423343 -0.570308 0.219083 -0.327744 -0.598258 0.731212
0.0535212 0.0161995 -0.228678 0.327744 0.598258 -0.731212
-0.168087 0.163129 0.3168 0.212749 0.707347 0.674091
-0.0287264 -0.104862 -0.317886 -0.212749 -0.707346 -0.674091
-0.140138 -0.51092 0.143366 -0.212749 -0.707346 -0.674091
-0.225288 0.0241929 0.482704 0.212749 0.707347 0.674091
0.247327 0.217064 0.0605207 0.327744 0.598258 -0.731212
0.202623 -0.243105 -0.199237 0.481291 -0.771729 -0.415684
-0.137635 0.193833 -0.131034 0.327744 0.598258 -0.731212
0.17515 0.1281 0.245228 0.212749 0.707347 0.674091
-0.367835 -0.15169 -0.0216261 -0.883291 -0.0805902 -0.461846
-0.00483816 -0.300037 0.436146 -0.327744 -0.598258 0.731212
0.153533 -0.264785 0.512221 0.920501 -0.376494 0.10455
-0.372997 -0.0704367 0.226154 -0.920501 0.376494 -0.10455
-0.369188 -0.317714 0.0460036 -0.748652 -0.307639 -0.587263
-0.143814 -0.466102 0.0974986 -0.212749 -0.707347 -0.674091
0.0852435 -0.412588 0.384435 -0.327743 -0.598259 0.731212
-0.241784 -0.284238 0.342867 -0.327744 -0.598258 0.731212
0.0609821 0.170146 0.237141 0.212749 0.707347 0.674091
-0.0615197 -0.412097 0.0169168 -0.212749 -0.707347 -0.674091
-0.155403 -0.357159 0.321924 -0.327744 -0.598258 0.731212
0.152103 -0.0118038 0.399156 0.688828 0.378389 0.618335
-0.391938 -0.113418 0.238139 -0.920501 0.376494 -0.10455
0.187718 -0.221088 0.355313 0.920501 -0.376494 0.10455
0.105743 -0.368354 -0.028487 0.460702 -0.776907 -0.429149
-0.102881 0.363403 0.0859447 -0.402023 0.788706 0.465103
-0.169216 -0.493988 0.203782 -0.327744 -0.598258 0.731212
0.222985 -0.219007 0.0522943 0.920501 -0.376494 0.10455
0.279466 -0.0443235 0.184073 0.920501 -0.376494 0.10455
0.19021 -0.160486 0.414953 0.865855 0.11945 0.485825
-0.302625 0.0670361 0.354752 -0.576283 0.739896 0.347061
-0.246326 -0.493018 0.170013 -0.327744 -0.598258 0.731212
-0.394431 -0.205002 0.0388809 -0.865856 -0.119449 -0.485825
-0.0138952 -0.145657 0.558396 -0.327744 -0.598259 0.731211
-0.0352682 0.301487 0.131758 0.212749 0.707347 0.674091
-0.063696 0.118738 0.330434 0.212749 0.707347 0.674091
0.0885371 -0.0297423 -0.212582 0.327745 0.598259 -0.731211
-0.218714 0.254942 0.0262203 -0.920501 0.376494 -0.10455
-0.257109 -0.16409 0.434301 -0.327744 -0.598258 0.731212
0.161405 -0.341309 0.154054 0.920501 -0.376494 0.10455
-0.360707 -0.0554639 0.171868 -0.920501 0.376494 -0.10455
0.170878 -0.285155 0.272865 0.920501 -0.376494 0.10455
-0.190915 -0.481726 0.128758 -0.212749 -0.707346 -0.674091
0.239454 0.0382838 0.264996 0.775918 0.271117 0.569603
-0.101576 -0.22383 -0.167996 -0.212749 -0.707347 -0.674091
-0.116881 0.003931 -0.277105 0.327744 0.598258 -0.731212
0.233882 -0.0762164 0.316398 0.865855 0.11945 0.485825
-0.169996 0.323224 0.0868077 -0.519339 0.760621 0.389542
-0.305288 0.012814 -0.0701884 -0.920501 0.376494 -0.10455
-0.308752 -0.103103 -0.136203 -0.824825 -0.196221 -0.530246
-0.347868 -0.0129418 0.211952 -0.920501 0.376494 -0.10455
-0.0343068 -0.415819 0.328207 -0.327744 -0.598258 0.731212
-0.361425 -0.280903 0.291971 -0.327744 -0.598258 0.731212
-0.272213 -0.134252 -0.173729 -0.748653 -0.307638 -0.587263
0.13172 -0.193019 -0.276018 -0.212749 -0.707346 -0.674091
-0.169192 0.366539 -0.00387478 0.327744 0.598258 -0.731212
0.0982541 -0.0874342 -0.255429 0.327744 0.598258 -0.731212
0.346452 0.0704548 0.0209112 0.920501 -0.376494 0.10455
-0.173969 -0.0222074 -0.324078 0.327753 0.598258 -0.731208
0.0908408 -0.0198392 0.427075 0.212749 0.707347 0.674091
0.312268 0.0485039 -0.0482827 0.327744 0.598258 -0.731212
-0.284933 0.0542326 0.404639 -0.500456 0.766391 0.402727
-0.112481 0.0491228 0.418881 0.212749 0.707347 0.674091
0.270352 0.15038 0.100972 0.386223 -0.791176 -0.474207
-0.258212 -0.0647165 -0.263268 -0.763678 -0.287901 -0.577849
0.0839314 -0.325463 -0.118541 0.335233 -0.79724 -0.502023
0.136547 -0.238487 0.549875 -0.327742 -0.598259 0.731212
0.294904 -0.0333976 0.0874938 0.920501 -0.376494 0.10455
-0.0995835 -0.365101 0.340445 -0.327744 -0.598258 0.731212
-0.368162 -0.105042 0.0589735 -0.920501 0.376494 -0.10455
0.0533221 -0.0995111 -0.285449 0.327744 0.598263 -0.731208
0.0455357 0.236007 0.172906 0.212749 0.707347 0.674091
0.042987 -0.503191 0.291367 -0.327742 -0.598259 0.731212
0.184579 -0.10826 -0.233776 0.327743 0.598255 -0.731216
0.152805 0.0928732 0.289246 0.212749 0.707347 0.674091
-0.0580788 -0.51952 0.232707 -0.327744 -0.598258 0.731212
-0.0957818 -0.165452 0.505496 -0.327744 -0.598258 0.731212
-0.0941048 -0.416863 0.30055 -0.327744 -0.598258 0.731212
-0.11171 0.286259 0.0253092 -0.114913 0.793457 0.597679
-0.207318 0.0105318 -0.292037 0.627081 0.441141 0.642
-0.290082 -0.0166724 -0.235634 -0.854963 -0.141529 -0.499007
-0.0295361 0.339943 0.0369618 0.327743 0.598258 -0.731212
0.170932 -0.215185 0.505537 0.854963 0.141529 0.499007
0.270228 -0.140689 -0.0683372 0.920501 -0.376494 0.10455
-0.429291 -0.420246 0.14124 -0.736413 -0.323074 -0.594406
0.277425 -0.146329 -0.223307 0.327744 0.598258 -0.731212
-0.122244 -0.227413 0.442941 -0.327744 -0.598258 0.731212
0.0737184 -0.278017 -0.166461 -0.212749 -0.707347 -0.674091
-0.289107 0.0244927 -0.183879 -0.920501 0.376494 -0.10455
0.142347 -0.367802 0.0203112 0.576284 -0.739895 -0.347061
0.171145 0.169374 -0.0473577 0.694319 0.37235 0.615855
-0.0806396 0.0947751 -0.192847 -0.888671 -0.0675034 -0.45355
-0.14814 -0.461622 0.23971 -0.327744 -0.598258 0.731212
0.133951 -0.387556 0.229226 0.920501 -0.376494 0.10455
0.190669 0.210784 0.155628 0.212749 0.707347 0.674091
-0.0654844 -0.213826 0.479498 -0.327744 -0.598258 0.731212
0.018498 -0.384678 -0.0371094 -0.212749 -0.707347 -0.674091
-0.142305 -0.178377 0.474069 -0.327744 -0.598258 0.731212
-0.326579 -0.215309 0.361257 -0.327744 -0.598258 0.731212
0.0213365 0.247259 -0.0160678 0.327744 0.598258 -0.731212
-0.0634648 0.247193 0.19557 0.212749 0.707347 0.674091
-0.142536 0.269377 0.0773144 0.765322 0.444974 -0.465061
-0.262938 0.0996649 -0.143586 -0.920501 0.376494 -0.10455
0.231552 0.14545 0.209222 0.212749 0.707347 0.674091
-0.24929 0.158303 -0.0392975 -0.920501 0.376494 -0.10455
-0.0822587 0.187285 -0.11157 0.327744 0.598259 -0.731212
0.068485 0.282164 0.0336231 0.327744 0.598258 -0.731212
-0.42211 -0.316861 0.0805372 -0.812984 -0.215687 -0.540866
0.261187 -0.178002 -0.123102 0.920501 -0.376494 0.10455
0.119013 0.0158717 -0.199591 0.327744 0.598258 -0.731212
-0.111146 -0.281709 0.403491 -0.327744 -0.598258 0.731212
0.162621 -0.322604 0.210707 0.920501 -0.376494 0.10455
-0.208216 -0.320244 0.328455 -0.327744 -0.598259 0.731212
-0.171178 -0.170741 -0.201737 -0.212749 -0.707347 -0.674091
-0.152728 -0.126566 0.511788 -0.327744 -0.598258 0.731212
-0.185313 0.0682198 -0.255178 0.327744 0.598258 -0.731212
0.0689193 -0.245498 0.513827 -0.327744 -0.598259 0.731212
-0.1456 -0.300207 -0.0739568 -0.212749 -0.707347 -0.674091
-0.187075 0.00632325 -0.245552 -0.807503 -0.224379 -0.545521
-0.284387 0.0686403 -0.053178 -0.920501 0.376494 -0.10455
0.0141732 0.0365552 0.392095 0.212749 0.707347 0.674091
0.243903 -0.209908 -0.207768 0.556219 -0.747797 -0.362519
-0.276536 -0.449461 0.19211 -0.327744 -0.598258 0.731212
-0.23756 -0.353467 0.0109541 -0.212749 -0.707347 -0.674091
0.276531 0.0299146 -0.07951 0.327744 0.598258 -0.731212
0.154261 -0.260133 -0.171601 0.419848 -0.785567 -0.454546
0.314039 0.168744 0.0616315 -0.871585 -0.107209 -0.478378
0.0996451 0.249429 -0.267733 -0.690804 0.679726 0.246501
-0.238313 0.15396 0.27279 -0.500456 0.766391 0.402727
-0.0470132 -0.0029319 0.452842 0.212749 0.707347 0.674091
0.177718 0.255952 -0.348423 0.722068 -0.657731 -0.214492
0.12672 0.152584 -0.0842822 0.327744 0.598258 -0.731212
0.101252 -0.139123 -0.296376 0.327744 0.598258 -0.731212
-0.129861 0.0674148 -0.230982 0.327748 0.598256 -0.731212
0.175635 -0.227301 -0.253856 0.402023 -0.788705 -0.465103
-0.332611 -0.0524404 -0.0646166 -0.920501 0.376494 -0.10455
0.132493 -0.407326 0.0911593 0.646607 -0.706334 -0.288082
-0.167957 0.225304 0.219143 -0.419849 0.785567 0.454546
-0.0626881 -0.261351 0.441868 -0.327744 -0.598258 0.731212
0.158358 -0.117288 0.449514 0.775918 0.271116 0.569603
-0.309437 -0.0795062 0.48005 -0.327744 -0.598258 0.731212
0.182751 -0.281105 0.182914 0.920501 -0.376494 0.10455
-0.215006 0.247401 -0.0335853 -0.920501 0.376494 -0.10455
0.23604 0.10992 -0.0322007 0.327744 0.598259 -0.731212
-0.0108681 -0.0635892 0.507144 0.212749 0.707347 0.674091
-0.201069 -0.390184 0.0379651 -0.212749 -0.707347 -0.674091
-0.0325226 -0.48051 0.0795525 -0.212749 -0.707347 -0.674091
-0.0012834 -0.556303 0.151131 0.402022 -0.788706 -0.465104
-0.366822 -0.395173 0.0934528 -0.212749 -0.707347 -0.674091
-0.184547 -0.244029 0.40142 -0.327744 -0.598258 0.731212
-0.0112399 0.258303 0.167429 0.212749 0.707347 0.674091
-0.016651 0.0935717 0.341995 0.212749 0.707347 0.674091
-0.0822382 0.24793 -0.0619435 0.327744 0.598258 -0.731212
-0.197349 -0.157222 0.466705 -0.327744 -0.598258 0.731212
-0.198603 0.226931 -0.131281 0.327744 0.598258 -0.731212
-0.412553 -0.28507 0.265645 -0.327744 -0.598258 0.731212
-0.159124 0.275797 0.138742 -0.460703 0.776907 0.429148
-0.129517 0.199173 0.266805 0.212749 0.707347 0.674091
0.0920385 -0.506346 0.183755 0.920501 -0.376494 0.10455
-0.185834 -0.250186 -0.113748 -0.212749 -0.707347 -0.674091
-0.231647 -0.0316944 -0.207936 0.668071 0.186108 -0.720448
0.165824 -0.346741 0.0955889 0.920501 -0.376494 0.10455
0.243902 -0.184645 -0.258867 0.519339 -0.760621 -0.389542
0.298795 0.181873 0.149994 0.736414 0.323073 0.594406
0.123769 -0.234158 -0.23034 -0.212749 -0.707346 -0.674091
-0.366099 -0.234668 0.0020832 -0.801329 -0.233948 -0.550582
-0.352784 -0.372169 0.221172 -0.327745 -0.598257 0.731212
-0.109013 -0.55389 0.181756 -0.327744 -0.598259 0.731211
-0.0786691 0.353637 0.0261434 0.327744 0.598258 -0.731212
0.0370678 -0.223924 -0.211655 -0.212749 -0.707347 -0.674091
-0.267204 0.0738994 -0.198805 -0.920501 0.376494 -0.10455
-0.108416 0.00696523 0.461836 0.212749 0.707347 0.674091
0.185614 -0.296042 0.10392 0.920501 -0.376494 0.10455
0.2509 -0.167984 -0.00973987 0.920501 -0.376494 0.10455
0.123204 0.287724 -0.308818 -0.587028 0.735379 0.33855
-0.240578 0.16526 -0.10424 -0.920501 0.376494 -0.10455
-0.0470694 0.164267 -0.152619 0.327744 0.598258 -0.731212
-0.338577 -0.291507 -0.00558133 -0.7196 -0.343423 -0.60352
-0.431885 -0.219039 0.196214 -0.920501 0.376494 -0.10455
-0.172751 0.105318 0.378936 0.212749 0.707347 0.674091
0.229116 -0.220405 -0.00671637 0.920501 -0.376494 0.10455
-0.190769 0.299484 -0.0594191 -0.920501 0.376494 -0.10455
-0.0612634 0.0788255 0.371548 0.212749 0.707347 0.674091
0.0118708 0.135868 -0.149436 0.327744 0.598258 -0.731212
-0.366581 -0.0418173 0.272728 -0.920501 0.376494 -0.10455
0.184055 -0.165865 0.468644 0.834915 0.178809 0.520523
-0.294369 0.084365 0.0913378 -0.920501 0.376494 -0.10455
-0.0479606 -0.479097 0.270315 -0.327744 -0.598258 0.731212
0.244226 0.186584 0.164119 0.212749 0.707347 0.674091
0.117224 -0.418169 0.279551 0.920501 -0.376494 0.10455
-0.385992 -0.157668 0.0264393 -0.920501 0.376494 -0.10455
0.14356 0.281708 -0.387744 -0.591066 -0.473947 -0.652699
0.247953 -0.133687 0.139715 0.920501 -0.376494 0.10455
-0.262254 0.156424 0.0680744 -0.920501 0.376494 -0.10455
-0.279003 -0.113548 0.46584 -0.327744 -0.598258 0.731212
-0.0512678 -0.575448 0.183031 -0.212749 -0.707346 -0.674091
0.0517516 -0.441625 0.0473771 0.419848 -0.785567 -0.454546
-0.0247014 -0.207437 -0.209461 -0.212749 -0.707347 -0.674091
0.165209 -0.322115 -0.039128 0.576284 -0.739896 -0.347061
0.0219897 -0.345465 -0.0793591 -0.212749 -0.707347 -0.674091
0.0392719 -0.302663 -0.129727 -0.212749 -0.707347 -0.674091
0.299857 0.129171 0.0121542 0.327745 0.598258 -0.731212
-0.369265 -0.09033 0.121659 -0.920501 0.376494 -0.10455
-0.122916 -0.0348507 0.512351 0.212749 0.707347 0.674091
-0.0552855 -0.0877301 0.546494 0.212749 0.707347 0.674091
0.141806 -0.352071 0.301141 0.920501 -0.376494 0.10455
0.182609 -0.32503 0.0259833 0.920501 -0.376494 0.10455
-0.257874 -0.206723 0.399077 -0.327744 -0.598258 0.731212
0.230596 0.00408387 -0.121233 0.327744 0.598258 -0.731212
-0.150329 -0.310723 0.36219 -0.327744 -0.598259 0.731212
0.207989 -0.243349 0.0966707 0.920501 -0.376494 0.10455
-0.0388197 -0.358385 -0.0466101 -0.212749 -0.707347 -0.674091
-0.183553 -0.432804 0.07716 -0.212749 -0.707347 -0.674091
0.298361 -0.0741514 -0.0764204 0.920501 -0.376494 0.10455
0.110868 0.0158853 0.383267 0.212749 0.707347 0.674091
0.207007 0.0687637 0.28869 0.688828 0.378389 0.618335
0.206997 -0.27618 -0.0128187 0.920501 -0.376494 0.10455
0.0591692 -0.404896 -0.00821391 0.377991 -0.79235 -0.478857
-0.325289 -0.426923 0.188698 -0.327744 -0.598258 0.731212
-0.209782 0.290109 0.0742161 -0.920501 0.376494 -0.10455
-0.118944 0.331022 0.126971 -0.402023 0.788706 0.465103
-0.412214 -0.329004 0.229851 -0.327744 -0.598258 0.731212
0.189335 -0.109746 0.400728 0.824826 0.19622 0.530246
-0.230799 0.0723498 0.422425 -0.335232 0.79724 0.502023
-0.0992712 -0.483521 0.243697 -0.327744 -0.598258 0.731212
-0.296806 -0.3981 0.225047 -0.327744 -0.598258 0.731212
0.268304 -0.0970796 0.0923616 0.920501 -0.376494 0.10455
0.112893 -0.45364 0.176657 0.920501 -0.376494 0.10455
-0.283296 0.0275299 0.49751 0.212749 0.707347 0.674091
-0.422907 -0.171568 0.288112 -0.920501 0.376494 -0.10455
-0.390046 -0.0903306 0.291334 -0.920501 0.376494 -0.10455
0.207751 -0.168719 0.367522 0.920501 -0.376494 0.10455
-0.0631501 0.201622 0.243289 0.212749 0.707347 0.674091
0.0953557 0.217209 -0.216812 0.212749 0.707347 0.674091
-0.207335 -0.1974 -0.162352 -0.212749 -0.707347 -0.674091
0.165778 -0.202078 -0.168 0.654598 0.686125 -0.317385
-0.0752766 -0.286324 -0.11072 -0.212749 -0.707347 -0.674091
0.0780731 0.320134 0.0689869 0.327744 0.598258 -0.731212
-0.225211 0.109635 0.365708 -0.377991 0.79235 0.478857
-0.387141 -0.117964 0.179532 -0.920501 0.376494 -0.10455
-0.17562 0.154612 -0.180149 0.327744 0.598258 -0.731212
0.143523 -0.110439 0.501239 0.736414 0.323073 0.594406
0.171527 0.244332 0.0488559 0.327743 0.598257 -0.731214
-0.304866 -0.168827 0.409019 -0.327744 -0.598258 0.731212
0.232186 -0.127214 0.301848 0.920501 -0.376494 0.10455
0.226252 -0.0390204 -0.158447 0.327744 0.598258 -0.731212
0.118361 -0.33292 -0.0789657 0.419848 -0.785567 -0.454546
-0.240004 -0.246511 0.374533 -0.327744 -0.598258 0.731212
-0.238247 0.138574 -0.220856 -0.920501 0.376494 -0.10455
-0.400409 -0.158869 0.149047 -0.920501 0.376494 -0.10455
-0.366013 -0.0100499 0.368836 -0.920501 0.376494 -0.10455
-0.328775 -0.0191415 0.520772 -0.327744 -0.598257 0.731213
-0.0045944 0.041857 -0.233734 0.327744 0.598258 -0.731212
0.193235 0.0054967 0.341628 0.7196 0.343424 0.60352
-0.0450079 -0.0495037 -0.288608 0.327744 0.598258 -0.731212
-0.289694 0.0349203 -0.127878 -0.920501 0.376494 -0.10455
-0.112653 -0.0911403 0.558735 -0.327745 -0.59826 0.73121
0.107485 0.0726464 0.324774 0.212749 0.707347 0.674091
0.0945431 0.245773 0.149251 0.212749 0.707347 0.674091
-0.288605 0.114428 0.275507 -0.612176 0.72398 0.317951
-0.0801889 -0.456437 0.0693356 -0.212749 -0.707347 -0.674091
0.277105 0.0981229 0.115922 -0.69079 0.679735 0.246515
-0.00681908 -0.524171 0.251877 -0.327744 -0.598258 0.731212
0.153626 -0.16117 0.513108 0.789222 0.252076 0.559988
-0.2992 -0.308157 0.297563 -0.327744 -0.598258 0.731212
0.103236 -0.466228 0.22964 0.920501 -0.376494 0.10455
-0.341454 0.0181701 0.267522 -0.920501 0.376494 -0.10455
0.112887 0.117709 -0.119016 0.327744 0.598258 -0.731212
0.103776 -0.13201 0.542757 0.212749 0.707347 0.674091
-0.23499 -0.0850981 0.508844 -0.327744 -0.598259 0.731211
0.226654 -0.180075 0.160195 0.920501 -0.376494 0.10455
-0.324833 0.0669212 0.296738 -0.920501 0.376494 -0.10455
0.289361 0.0742036 0.177062 0.824826 0.19622 0.530246
-0.348984 -0.121799 -0.0625732 -0.865856 -0.119449 -0.485825
-0.129409 0.28766 -0.0505806 0.327737 0.598263 -0.731212
-0.190757 0.312536 -0.0125295 -0.920501 0.376494 -0.10455
0.167438 -0.273847 0.343875 0.920501 -0.376494 0.10455
0.244487 -0.12406 0.204902 0.920501 -0.376494 0.10455
-0.458178 -0.333636 0.142636 -0.834915 -0.178809 -0.520523
0.163199 -0.271875 0.401587 0.920501 -0.376494 0.10455
-0.430092 -0.376186 0.183235 -0.327744 -0.598259 0.731212
-0.280907 0.143703 0.186498 -0.920501 0.376494 -0.10455
0.114744 0.21174 -0.0412499 0.327743 0.598259 -0.731212
0.232763 -0.185131 0.0882012 0.920501 -0.376494 0.10455
0.0255887 0.113528 0.307722 0.212749 0.707347 0.674091
-0.269233 -0.192552 -0.143617 -0.688828 -0.378389 -0.618335
0.259279 -0.135926 0.0319332 0.920501 -0.376494 0.10455
-0.317006 -0.207034 -0.0784986 -0.748653 -0.307638 -0.587263
-0.413228 -0.164636 0.227861 -0.920501 0.376494 -0.10455
-0.299971 0.0920009 0.168154 -0.920501 0.376494 -0.10455
-0.437498 -0.215457 0.258531 -0.920501 0.376494 -0.10455
-0.0196264 -0.314127 -0.0991093 -0.212749 -0.707347 -0.674091
0.0188849 0.307101 0.0317948 0.327744 0.598258 -0.731212
0.172026 -0.296037 -0.0830425 0.539013 -0.754044 -0.375343
0.350293 0.096046 0.0792472 0.920501 -0.376494 0.10455
-0.362232 -0.169625 0.382654 -0.327744 -0.598258 0.731212
-0.251704 0.188573 0.177622 -0.646607 0.706334 0.288082
-0.0749532 -0.496487 0.107649 -0.212749 -0.707347 -0.674091
-0.280384 -0.293185 -0.0387867 -0.212749 -0.707347 -0.674091
0.341636 0.163705 0.1015 0.812984 0.215688 0.540866
-0.329719 -0.243854 -0.0430035 -0.748652 -0.307639 -0.587263
0.149067 -0.28872 0.465349 0.920501 -0.376494 0.10455
-0.140117 0.367722 0.0397564 -0.519339 0.760621 0.389542
0.309227 -0.0361116 -0.0351002 0.920501 -0.376494 0.10455
-0.26628 0.132695 0.0180676 -0.920501 0.376494 -0.10455
0.355596 0.138668 0.0449077 0.327744 0.598258 -0.731212
0.0496664 -0.288869 0.469713 -0.327744 -0.598258 0.731212
