ply
format ascii 1.0
comment Created by Open3D
element vertex 512
property double x
property double y
property double z
property double nx
property double ny
property double nz
end_header
0.493712 -0.0787027 0.196185 0.796098 0.11971 0.59321
-0.349073 -0.0238756 -0.211763 0.796097 0.11971 0.59321
-0.0697461 0.225536 0.160822 -0.593519 0.345854 0.726719
0.357337 0.0539048 -0.00949896 0.593519 -0.345854 -0.726719
0.30975 -0.0834536 0.0580251 -0.118168 -0.930621 0.346384
-0.187894 -0.0553071 -0.152987 -0.796097 -0.11971 -0.59321
0.246389 0.0721929 0.07507 -0.118168 -0.930621 0.346384
0.0106682 0.0620541 0.224446 -0.593519 0.345854 0.726719
0.308854 0.020609 -0.0332496 0.593519 -0.345854 -0.726719
0.207935 0.112675 0.361465 -0.59352 0.345854 0.726718
0.164764 0.254021 0.104909 0.118168 0.930621 -0.346384
0.227245 0.0647856 0.400027 -0.593519 0.345854 0.726719
0.192747 0.10815 0.148767 0.769879 0.507148 0.387411
-0.144953 -0.171022 -0.185709 -0.118168 -0.930621 0.346384
0.149081 -0.116547 0.060957 -0.118168 -0.930621 0.346384
-0.281311 -0.0284712 -0.352593 0.0592834 0.919293 -0.389084
-0.157996 -0.140899 -0.337667 0.593519 -0.345854 -0.726719
0.330999 -0.0756365 0.101082 0.593519 -0.345852 -0.726719
-0.0230453 -0.0956509 0.058377 -0.118168 -0.930621 0.346384
-0.0332415 0.014712 0.211115 -0.593519 0.345854 0.726719
0.192505 -0.0508365 -0.0942711 0.593519 -0.345854 -0.726719
-0.227622 -0.162598 -0.0780209 -0.796097 -0.11971 -0.59321
0.312574 0.160073 -0.0965838 0.593519 -0.345854 -0.726719
0.0817851 -0.110242 -0.0917153 -0.118168 -0.930621 0.346384
0.240125 -0.171713 0.106999 -0.593518 0.345852 0.72672
-0.099242 -0.11596 -0.0221808 -0.118168 -0.930621 0.346384
-0.0924331 -0.233924 -0.23985 0.593519 -0.345854 -0.726719
-0.299484 -0.166899 -0.24945 0.796097 0.11971 0.59321
-0.335254 0.00696037 -0.1485 0.593519 -0.345854 -0.726719
0.274953 0.109418 0.367736 0.804579 0.277053 0.525256
-0.205519 0.239569 -0.0602407 0.118168 0.930621 -0.346384
0.248818 0.165599 -0.103977 0.118168 0.930621 -0.346384
0.201079 -0.0645982 0.14768 -0.118168 -0.930621 0.346384
0.304981 0.0483694 0.341968 0.796097 0.119711 0.59321
-0.150141 -0.0554204 0.123105 -0.118168 -0.930621 0.346384
-0.334643 0.0617537 -0.0574306 -0.593519 0.345854 0.726719
0.0760956 -0.0606732 0.286541 0.788365 0.431495 0.438513
0.137639 -0.0912942 0.374655 0.453884 -0.601829 0.657109
-0.318332 -0.0236485 -0.253064 0.796097 0.11971 0.59321
0.109606 -0.0831346 0.137258 -0.118168 -0.930621 0.346384
0.256764 -0.123602 0.0745013 -0.118168 -0.930621 0.346384
-0.0501722 -0.133015 -0.0512638 -0.118168 -0.930621 0.346384
-0.0954102 0.226249 -0.0584644 0.118168 0.930621 -0.346384
-0.0346486 -0.11546 0.00119655 -0.118168 -0.930621 0.346384
0.157621 0.203353 0.0909171 0.363852 0.92072 -0.141019
-0.193188 0.245175 0.0503765 0.118168 0.930621 -0.346384
-0.01228 0.0808651 -0.3242 0.593519 -0.345854 -0.726719
-0.037757 0.227243 -0.0361248 0.118168 0.930621 -0.346384
-0.391479 -0.131318 -0.16314 -0.118168 -0.930621 0.346384
0.40923 -0.0607729 0.152899 -0.118168 -0.930621 0.346384
-0.178128 0.0315852 -0.315241 -0.551315 0.483116 -0.680185
-0.0715656 0.261119 0.0625477 -0.593519 0.345854 0.726719
-0.192712 -0.266672 -0.261822 0.383149 0.915491 -0.12277
-0.19676 0.21388 -0.12627 0.118168 0.930621 -0.346384
0.343312 0.05665 0.0825926 -0.593519 0.345854 0.726719
-0.414674 -0.112737 -0.121131 -0.118168 -0.930621 0.346384
-0.00110271 -0.183459 -0.189276 0.593519 -0.345854 -0.726719
0.10749 -0.00510313 0.161369 0.796097 0.11971 0.59321
-0.141152 0.136249 -0.270872 -0.551315 0.483115 -0.680185
-0.0883802 -0.157044 -0.128856 -0.118168 -0.930621 0.346384
-0.202324 0.0282876 0.0665626 -0.593519 0.345854 0.726719
-0.11739 0.191509 0.138105 -0.593519 0.345854 0.726719
-0.15339 0.19259 -0.168673 0.118168 0.930621 -0.346384
-0.306851 0.150367 0.00294913 -0.593519 0.345854 0.726719
0.00189618 -0.0892441 -0.231665 0.593519 -0.345854 -0.726719
0.116857 0.100319 0.292961 -0.593519 0.345854 0.726719
0.291985 -0.0355345 -0.0203076 0.593519 -0.345854 -0.726719
-0.294313 -0.0667951 0.0366854 -0.593519 0.345854 0.726719
-0.167305 0.0218953 -0.201194 -0.118168 -0.930621 0.346384
0.0937906 -0.122262 -0.1409 0.593519 -0.345854 -0.726719
-0.32669 -0.194896 -0.21099 -0.804661 -0.237079 -0.544347
-0.0564823 0.0791152 0.161484 -0.593519 0.345854 0.726719
0.448853 -0.0402162 0.184482 0.118168 0.930621 -0.346384
-0.102372 -0.0271079 -0.376521 -0.580024 0.442172 -0.684146
0.111606 -0.090579 0.321091 0.177291 0.936962 -0.301115
-0.173328 0.116412 0.0500192 -0.118168 -0.930621 0.346384
0.00564141 0.20538 -0.0800585 0.118168 0.930621 -0.346384
-0.228294 0.130648 -0.204218 -0.551315 0.483116 -0.680185
-0.208189 -0.102855 -0.0241401 -0.118168 -0.930621 0.346384
0.240125 0.0354352 0.351804 -0.118168 -0.930621 0.346384
0.194816 0.0617621 0.258334 0.593519 -0.345854 -0.726719
0.322065 0.0845485 0.0519626 -0.593519 0.345854 0.726719
0.290026 -0.191589 0.111199 0.0982981 0.927349 -0.361055
-0.200682 -0.0597192 0.0943135 -0.118168 -0.930621 0.346384
-0.00804018 0.0124599 -0.337616 0.593519 -0.345854 -0.726719
-0.0885125 0.157013 0.178106 -0.593519 0.345854 0.726719
0.0166805 -0.109921 0.033591 -0.118168 -0.930621 0.346384
0.0434064 0.177704 0.275998 -0.593519 0.345854 0.726719
-0.0459978 0.188488 -0.143057 0.118168 0.930621 -0.346384
-0.396652 0.0485427 -0.101787 -0.593519 0.345854 0.726719
0.215512 0.193124 0.0781484 -0.118168 -0.930621 0.346384
0.141706 -0.133869 0.0119011 -0.118168 -0.930621 0.346384
0.212066 -0.00425752 0.200312 0.118168 0.930621 -0.346384
-0.426542 -0.000677973 -0.102774 -0.593519 0.345854 0.726719
-0.478094 -0.0630681 -0.188534 -0.796097 -0.11971 -0.59321
0.160704 0.220284 0.0128822 0.118168 0.930621 -0.346384
0.0713302 -0.0680921 0.225259 -0.793332 -0.0993937 -0.600621
0.1206 0.117213 0.171331 0.593519 -0.345854 -0.726719
0.123671 -0.140759 0.29671 -0.196693 -0.93791 0.285721
-0.111089 0.175097 -0.201242 0.118168 0.930621 -0.346384
-0.282526 -0.22777 -0.26122 -0.802266 -0.32612 -0.500015
-0.171947 0.202507 0.088313 -0.593519 0.345854 0.726719
-0.219259 -0.0842818 -0.105049 -0.796097 -0.11971 -0.59321
-0.0259848 0.157722 -0.218889 0.118168 0.930621 -0.346384
0.0613898 -0.108761 0.0519601 -0.118168 -0.930621 0.346384
0.157701 0.0106355 0.305594 0.118168 0.930621 -0.346383
-0.223568 0.0791472 -0.205096 -0.580024 0.442172 -0.684146
-0.400937 -0.157064 -0.117341 -0.80446 -0.281942 -0.522832
-0.483549 -0.112033 -0.171333 -0.796097 -0.11971 -0.59321
-0.00637069 -0.0367476 -0.312834 0.593519 -0.345854 -0.726719
-0.368943 -0.175765 -0.312275 -0.796097 -0.11971 -0.59321
0.00382357 0.108872 0.196575 -0.593519 0.345854 0.726719
0.224347 -0.0251343 0.33223 -0.118168 -0.930621 0.346384
0.260461 0.187216 -0.0419266 0.118168 0.930621 -0.346384
0.17346 0.123442 0.328184 -0.593519 0.345854 0.726719
-0.283475 -0.0426339 -0.296011 0.796097 0.11971 0.59321
-0.115975 -0.0365881 0.16796 -0.593519 0.345854 0.726719
-0.331666 -0.087352 -0.222313 0.796097 0.11971 0.59321
0.28611 -0.0443049 0.301795 -0.118168 -0.930621 0.346384
-0.298581 -0.105112 -0.26313 0.796097 0.11971 0.59321
0.324039 -0.152657 0.137814 -0.665634 0.296622 -0.684797
-0.149753 -0.115546 -0.0383015 -0.118168 -0.930621 0.346384
0.24032 -0.21585 0.0756326 -0.627368 -0.764416 -0.148585
0.0366143 -0.0586702 -0.217861 0.593519 -0.345854 -0.726719
-0.296031 -0.195745 -0.303673 -0.118168 -0.930621 0.346384
-0.257966 -0.271538 -0.235722 -0.574167 -0.814702 -0.0812029
-0.0654076 -0.0406616 -0.334502 -0.118168 -0.930621 0.346383
-0.216906 -0.115736 -0.272011 -0.593519 0.345854 0.726719
0.390148 -0.0624388 0.0726672 0.593519 -0.345854 -0.726719
-0.290266 0.140996 -0.146638 -0.551315 0.483116 -0.680185
-0.096235 0.127624 0.106442 -0.118168 -0.930621 0.346384
-0.247414 0.128081 0.056098 -0.118168 -0.930621 0.346384
-0.340303 -0.144645 -0.19916 0.796097 0.11971 0.59321
0.100478 -0.0595066 0.181758 0.796097 0.11971 0.59321
0.293821 0.162753 -0.00277024 0.717612 0.636219 0.283298
-0.135326 0.229686 0.0285013 0.118168 0.930621 -0.346384
0.333687 -0.0190121 0.00588785 0.593519 -0.345854 -0.726719
-0.0935764 0.25564 0.0211265 0.118168 0.930621 -0.346384
0.118344 0.0462579 0.136438 0.796097 0.11971 0.59321
0.36114 -0.117481 0.130791 -0.118168 -0.930621 0.346384
0.337314 0.134704 -0.0643052 0.593519 -0.345853 -0.726719
0.103054 0.191989 -0.0828026 0.118168 0.930621 -0.346384
0.315139 -0.103531 0.135815 -0.593519 0.345853 0.726719
0.406765 -0.0192839 0.219024 0.796097 0.11971 0.59321
0.191087 0.0690941 0.0478787 -0.118168 -0.930621 0.346384
-0.329197 -0.0487172 -0.117055 0.593519 -0.345853 -0.726719
0.237448 -0.00177771 -0.126715 -0.118168 -0.930621 0.346383
0.178906 -0.0825536 0.0918759 -0.118168 -0.930621 0.346384
-0.367168 -0.114218 -0.327077 -0.796097 -0.119711 -0.59321
-0.237643 0.21668 0.0279129 -0.593519 0.345854 0.726719
-0.447469 -0.0452541 -0.233228 -0.796097 -0.119711 -0.59321
-0.30394 -0.184369 -0.0171719 0.385593 -0.670382 0.633961
0.129831 0.0900201 -0.247397 0.118168 0.930621 -0.346384
0.262339 0.0948064 -0.155984 0.593519 -0.345854 -0.726719
0.160287 0.166513 0.296928 -0.593519 0.345854 0.726719
0.15464 -0.0644459 0.132247 -0.118168 -0.930621 0.346384
0.0534023 0.0276261 -0.294653 0.593519 -0.345854 -0.726719
-0.133846 -0.0979374 0.0144344 -0.118168 -0.930621 0.346384
-0.167901 -0.00788055 -0.351562 -0.551315 0.483116 -0.680185
-0.364829 -0.0797293 -0.179346 0.796097 0.11971 0.59321
-0.0787652 -0.0697963 0.108831 -0.118168 -0.930621 0.346384
-0.0377368 -0.0890791 -0.264112 0.593519 -0.345854 -0.726719
-0.257874 -0.0148966 0.0417462 -0.593519 0.345854 0.726719
-0.334424 -0.187094 -0.356313 -0.796097 -0.119711 -0.59321
0.368795 -0.111697 0.0786709 0.593519 -0.345854 -0.726719
-0.449488 -0.135748 -0.194831 -0.118168 -0.930621 0.346384
0.283098 -0.0297302 0.0745244 -0.593519 0.345854 0.726719
-0.13947 -0.0778455 -0.352546 0.593519 -0.345854 -0.726719
-0.295084 0.18487 -0.11157 -0.551315 0.483116 -0.680185
-0.352625 0.101981 -0.0912613 -0.593519 0.345854 0.726719
-0.349962 0.0250251 -0.220437 0.796097 0.11971 0.59321
0.0980039 -0.149453 -0.0448761 -0.118168 -0.930621 0.346384
0.228845 -0.0233927 0.267859 -0.118168 -0.930621 0.346384
0.224476 -0.0733958 -0.0574244 0.593519 -0.345854 -0.726719
-0.372493 -0.191184 -0.0846142 0.593517 -0.345852 -0.726721
0.297582 0.113263 0.0201546 -0.593519 0.345853 0.726719
-0.363278 -0.175825 -0.165168 -0.80446 -0.281938 -0.522834
0.0509851 -0.132173 -0.0144907 -0.118168 -0.930621 0.346384
-0.403079 -0.179213 0.00135595 -0.593517 0.345853 0.72672
-0.125425 0.00861973 0.138727 -0.593519 0.345854 0.726719
-0.284923 0.211207 -0.00809629 -0.593519 0.345854 0.726719
0.224498 0.204134 -0.00874381 0.118168 0.930621 -0.346384
-0.260933 0.111715 0.00751423 -0.118168 -0.930621 0.346384
0.311176 0.0985545 -0.117881 0.59352 -0.345853 -0.726719
0.00380733 -0.0510494 0.187367 -0.118168 -0.930621 0.346384
-0.119029 0.208593 -0.113956 0.118168 0.930621 -0.346384
0.0380022 -0.0930326 0.320578 -0.593519 0.345853 0.72672
-0.2201 -0.213337 -0.299996 0.785242 0.0508957 0.617094
0.151814 0.0500718 0.0907502 0.796097 0.11971 0.59321
-0.169072 0.00575738 0.104443 -0.593519 0.345854 0.726719
0.17907 -0.0165436 0.345972 0.79871 0.364162 0.479007
-0.382472 0.0120589 -0.0728424 -0.593519 0.345854 0.726719
-0.182191 -0.262775 -0.174375 0.349971 -0.702211 0.620016
-0.154145 -0.197398 -0.307634 0.593519 -0.345854 -0.726718
0.469998 -0.0752278 0.145455 0.796098 0.11971 0.59321
-0.0938033 -0.0883293 -0.310259 0.593519 -0.345854 -0.726719
-0.258909 0.0956711 -0.164454 -0.580024 0.442172 -0.684146
-0.224521 0.0841368 0.021855 -0.593519 0.345854 0.726719
0.228787 -0.0078077 0.380295 -0.118168 -0.930621 0.346384
0.0894607 -0.115944 0.256861 0.59352 -0.345853 -0.726718
0.345477 -0.0798506 0.226548 -0.118168 -0.930621 0.346384
0.337006 0.0520001 -0.0644065 0.769879 0.507148 0.387411
0.110623 0.264398 0.114319 0.118168 0.930621 -0.346384
-0.0600663 -0.0548381 0.155398 -0.118168 -0.930621 0.346384
0.42389 -0.0242934 0.278907 0.796097 0.119711 0.59321
0.0569713 -0.0176748 -0.230995 -0.118168 -0.930621 0.346384
-0.336812 0.00834269 -0.0337826 -0.593519 0.345854 0.726719
-0.264549 -0.0263226 -0.074914 0.593519 -0.345854 -0.726719
0.203557 0.0268122 0.325916 -0.593519 0.345852 0.726719
0.334577 -0.0163913 0.32274 -0.118168 -0.930621 0.346384
0.0872081 0.190119 0.305863 -0.593519 0.345854 0.726719
0.0665313 0.14645 -0.217612 0.118168 0.930621 -0.346384
-0.082068 -0.131141 -0.2803 0.593519 -0.345854 -0.726719
-0.170396 0.0547801 -0.265925 -0.580024 0.442172 -0.684146
0.144837 -0.00198807 0.11062 0.796097 0.11971 0.59321
0.115848 0.192789 0.25838 0.730977 0.609476 0.30694
0.174656 0.21603 0.179435 0.717613 0.636219 0.283298
-0.229538 0.0536283 -0.137168 -0.118168 -0.930621 0.346384
0.199529 0.142764 0.0899773 0.769879 0.507148 0.387411
-0.138037 0.252858 0.0898319 0.118168 0.930621 -0.346384
0.18325 -0.00406972 -0.124087 0.593519 -0.345854 -0.726719
-0.326359 0.165763 -0.0376263 -0.606447 0.401443 -0.686343
-0.373504 0.0550278 -0.160422 0.118168 0.930621 -0.346384
0.101515 -0.0716614 -0.158673 0.593519 -0.345854 -0.726719
0.213507 0.0434462 -0.171423 0.593519 -0.345854 -0.726719
-0.204191 -0.110734 -0.389752 0.593519 -0.345854 -0.726719
-0.0394334 -0.157775 -0.11412 -0.118168 -0.930621 0.346384
0.209901 -0.145778 0.0552769 -0.785609 -0.0528552 -0.616461
-0.0205267 -0.139194 -0.226207 0.593519 -0.345853 -0.726719
-0.290284 0.0107529 0.00306955 -0.593519 0.345854 0.726719
0.303942 0.17268 -0.0506999 0.717613 0.636219 0.283299
0.224755 0.139868 0.0436379 0.769879 0.507148 0.387411
0.305152 -0.0643118 0.189586 -0.796098 -0.11971 -0.59321
-0.461892 0.0360922 -0.191128 -0.430513 0.62648 -0.649754
-0.244338 -0.220987 -0.353854 -0.118168 -0.930621 0.346384
-0.296732 -0.229498 -0.394594 -0.118168 -0.930621 0.346384
0.182865 0.02671 0.381902 -0.593519 0.345854 0.726719
0.227002 0.148409 0.295326 0.118168 0.930621 -0.346383
0.0262848 0.263114 0.0820961 0.118168 0.930621 -0.346384
0.246194 -0.193216 0.020544 -0.798086 -0.36948 -0.475966
-0.441674 -0.132781 -0.0522627 -0.593519 0.345854 0.726719
0.132709 -0.0282621 0.250454 0.593519 -0.345854 -0.726719
0.0803499 0.231659 0.265736 0.730977 0.609476 0.30694
0.0429321 -0.152365 -0.168111 0.593519 -0.345854 -0.726719
-0.305467 -0.0737887 -0.397319 -0.58283 0.437993 -0.68445
0.239791 -0.0513108 0.196586 -0.118168 -0.930621 0.346384
0.0544965 -0.15742 -0.0811246 -0.118168 -0.930621 0.346384
0.19436 0.172772 -0.103285 0.118168 0.930621 -0.346384
0.176683 -0.0289596 0.0733254 0.796097 0.11971 0.59321
-0.16872 -0.107391 -0.168208 -0.796097 -0.11971 -0.59321
0.238597 0.0336964 0.259125 -0.796098 -0.11971 -0.59321
-0.183538 -0.199429 -0.129568 0.721136 -0.172391 0.671003
0.412222 -0.112482 0.114512 0.593519 -0.345854 -0.726719
-0.436648 -0.106329 -0.235426 -0.796097 -0.11971 -0.59321
-0.242119 -0.0485041 -0.393674 0.0985949 0.927402 -0.360838
0.120408 -0.0158066 -0.219258 0.593519 -0.345854 -0.726719
0.35419 0.0194533 0.363617 0.796097 0.119711 0.59321
0.312853 0.113102 0.241987 0.396761 0.911346 -0.109681
-0.3689 -0.0463826 -0.150592 0.593519 -0.345854 -0.726719
0.396051 0.0304039 0.0359535 0.118168 0.930621 -0.346384
0.124395 -0.0997209 0.0977413 -0.118168 -0.930621 0.346384
0.229229 -0.077303 0.294804 0.774609 0.000403082 0.63244
-0.475849 -0.100511 -0.109155 -0.118168 -0.930621 0.346384
0.15804 0.0875235 0.216038 0.593519 -0.345854 -0.726719
0.187668 0.156027 0.207634 0.593519 -0.345854 -0.726719
0.3161 0.0254107 0.156787 -0.796097 -0.119711 -0.59321
0.156934 0.0644409 0.342767 -0.593519 0.345854 0.726719
0.282451 0.0542084 0.381403 0.118168 0.930621 -0.346384
-0.41064 -0.0979761 -0.272014 -0.796097 -0.119711 -0.59321
-0.403027 0.0385796 -0.212043 -0.0196748 0.896453 -0.442701
0.307533 0.0297533 0.424153 0.796098 0.119712 0.593209
-0.344383 -0.210187 -0.0484206 -0.157626 -0.935424 0.316444
-0.21533 0.0123504 -0.255252 -0.580024 0.442172 -0.684146
-0.296883 -0.117095 -0.0197145 -0.74957 0.0912423 -0.655606
0.210918 -0.0185338 0.0252772 0.796097 0.11971 0.59321
-0.217578 -0.0276499 -0.118732 -0.796097 -0.11971 -0.59321
-0.13966 -0.0773227 0.067836 -0.118168 -0.930621 0.346384
0.301376 -0.231738 0.0807374 0.59352 -0.345854 -0.726718
-0.266307 -0.0993844 -0.307598 0.796097 0.11971 0.59321
0.202146 -0.144283 0.0045405 -0.118168 -0.930621 0.346384
0.33407 0.0929723 0.183149 0.137669 0.933278 -0.331721
-0.0670798 -0.0964369 0.0412429 -0.118168 -0.930621 0.346384
-0.0105377 -0.0112729 0.169188 -0.593519 0.345853 0.726719
-0.199839 -0.178913 -0.229871 -0.118168 -0.930621 0.346384
0.336118 -0.208441 0.1302 0.420259 -0.636894 0.646335
-0.0560365 -0.177758 -0.173474 -0.118168 -0.930621 0.346384
-0.261978 0.0639883 0.000852805 -0.593519 0.345854 0.726719
0.226401 -0.100995 0.0172122 0.118168 0.930621 -0.346384
-0.251949 -0.0938718 -0.436781 0.593522 -0.345858 -0.726714
0.250794 -0.00444157 0.0361066 -0.593519 0.345854 0.726719
-0.179988 0.109068 -0.241429 -0.118168 -0.930621 0.346384
0.205058 0.11008 0.243703 0.593519 -0.345854 -0.726719
0.249851 -0.0832235 0.114279 -0.118168 -0.930621 0.346384
0.230499 -0.0542166 0.072377 0.118168 0.930621 -0.346384
-0.0974441 0.256661 0.123388 -0.593519 0.345854 0.726719
0.0672105 0.000236057 0.246783 0.118168 0.930621 -0.346383
-0.0242143 -0.0747891 0.114027 -0.118168 -0.930621 0.346384
0.315733 -0.114603 0.187374 0.798485 0.139972 0.585517
0.182139 0.0944586 -0.217628 0.118168 0.930621 -0.346384
-0.140845 0.143202 0.133079 -0.118168 -0.930621 0.346384
0.0727152 0.173081 -0.143952 0.118168 0.930621 -0.346384
-0.224218 0.170282 0.0609589 -0.593519 0.345854 0.726719
-0.0652863 -0.18621 -0.240386 0.593519 -0.345854 -0.726719
0.380352 -0.01404 0.0416336 0.593519 -0.345854 -0.726719
-0.223403 0.0297151 -0.199322 -0.118168 -0.930621 0.346384
-0.264852 0.176515 0.0248066 -0.593519 0.345854 0.726719
-0.294177 0.0396015 -0.130486 0.593519 -0.345854 -0.726719
-0.441628 -0.0509927 -0.0911492 -0.593521 0.345852 0.726718
0.0989764 0.27547 0.195002 -0.593519 0.345853 0.726719
0.0922734 -0.126553 0.0146939 -0.118168 -0.930621 0.346384
-0.381094 -0.0450689 -0.0445296 -0.593519 0.345854 0.726719
-0.12704 -0.0016929 -0.250832 -0.118168 -0.930621 0.346384
-0.25404 -0.148818 -0.0413867 0.749068 -0.09284 0.655956
-0.0275602 0.13889 -0.270021 0.118168 0.930621 -0.346384
-0.43204 0.0638317 -0.137964 -0.593519 0.345854 0.726719
-0.276259 0.0448122 -0.176793 -0.118168 -0.930621 0.346384
0.454445 -0.0458823 0.242259 0.796097 0.119711 0.59321
0.20289 0.110357 -0.167835 0.118168 0.930621 -0.346384
-0.383166 -0.0627659 -0.314295 -0.764175 0.0411534 -0.643695
0.0573476 -0.0989835 -0.181742 0.593519 -0.345854 -0.726718
-0.0704997 0.158579 -0.231773 0.118168 0.930621 -0.346384
0.100041 -0.0189246 0.30227 -0.118168 -0.930621 0.346384
-0.00548457 -0.0337474 0.230682 -0.118168 -0.930621 0.346384
0.247733 -0.0225151 -0.0626447 0.593519 -0.345854 -0.726719
0.359259 -0.16324 0.0976063 -0.742035 0.114487 -0.660513
0.0743859 0.0872839 -0.273664 0.118168 0.930621 -0.346384
0.177434 0.19961 -0.0369543 0.118168 0.930621 -0.346384
-0.239992 -0.141966 -0.404127 0.593519 -0.345854 -0.726719
0.124454 0.0238198 0.218925 0.593519 -0.345854 -0.726719
0.141781 0.260284 0.163326 0.717613 0.636219 0.283299
-0.104453 0.0785262 0.122586 -0.593519 0.345854 0.726719
-0.028351 0.249294 0.117675 0.118168 0.930621 -0.346384
0.192203 0.0864505 0.0948903 -0.118168 -0.930621 0.346384
0.26055 0.129947 0.257168 0.118168 0.930621 -0.346384
-0.129274 -0.259194 -0.208819 0.57636 -0.447579 0.683727
0.232983 -0.0250312 0.151636 0.118168 0.930621 -0.346384
-0.373562 0.0135626 -0.262669 -0.137514 0.846101 -0.514979
-0.294051 -0.124432 -0.423039 -0.792958 -0.0968361 -0.601532
-0.032907 0.145902 0.177156 -0.118168 -0.930621 0.346384
-0.37727 -0.00366106 -0.178001 0.796097 0.11971 0.59321
0.0933675 0.212069 -0.0321588 0.118168 0.930621 -0.346384
0.370808 0.0770561 0.217019 0.658053 0.728401 0.190785
0.476601 -0.0086544 0.117678 0.593508 -0.345858 -0.726726
-0.163835 -0.291417 -0.220795 0.160696 -0.83385 0.528082
-0.13645 -0.0889341 -0.21524 -0.796097 -0.11971 -0.59321
-0.294938 -0.0661679 -0.0807708 0.593519 -0.345854 -0.726719
0.168293 -0.156922 -0.0409651 -0.118168 -0.930621 0.346384
0.337264 -0.000902394 0.105043 -0.593519 0.345854 0.726719
0.153151 -0.0979075 -0.0335691 0.593519 -0.345852 -0.726719
-0.0495183 0.103545 -0.365406 0.593519 -0.345854 -0.726719
0.268386 0.139836 0.324939 0.555016 0.829789 0.0583817
0.155859 -0.0402653 0.197628 -0.118168 -0.930621 0.346384
0.356108 -0.0996335 0.177024 -0.118168 -0.930621 0.346384
0.196829 -0.100217 -0.025535 -0.118168 -0.930621 0.346384
0.130223 -0.161437 -0.0925016 0.593519 -0.345854 -0.726719
0.185957 0.233591 0.0572502 0.118168 0.930621 -0.346384
0.265355 -0.0780184 -0.0218381 0.593519 -0.345854 -0.726719
0.329934 -0.0346495 0.150341 -0.796097 -0.119711 -0.59321
-0.156669 -0.0360205 -0.198784 -0.796097 -0.11971 -0.59321
-0.160846 0.17105 -0.229088 0.118168 0.930621 -0.346384
0.306751 0.114248 0.29597 0.658053 0.728401 0.190785
0.0844605 0.25005 0.0668459 0.118168 0.930621 -0.346384
-0.345639 -0.0163938 -0.316739 -0.289581 0.750714 -0.593777
-0.223264 -0.0285665 -0.333759 0.118168 0.930621 -0.346384
0.133816 0.155674 -0.169876 0.118168 0.930621 -0.346384
0.302239 0.0543424 -0.10414 0.593519 -0.345854 -0.726719
-0.12704 0.0794578 -0.286733 -0.580024 0.442172 -0.684146
-0.196963 -0.065062 -0.405584 0.593519 -0.345853 -0.726719
0.0892404 -0.0259519 -0.190452 0.593519 -0.345854 -0.726719
-0.243593 -0.269475 -0.287868 -0.732202 -0.606866 -0.309183
0.075001 -0.0939958 0.0962719 -0.118168 -0.930621 0.346384
-0.415369 -0.0885139 -0.0604031 0.750204 -0.0892161 0.655159
0.342532 0.0278669 0.295712 0.796097 0.11971 0.59321
-0.00300844 -0.0344833 -0.261732 0.593519 -0.345854 -0.726719
-0.0322456 0.0475023 -0.374062 0.593519 -0.345854 -0.726719
0.237587 0.0494002 0.0108308 -0.118168 -0.930621 0.346384
-0.352064 -0.17389 0.0210191 0.238269 -0.786972 0.569125
0.0856806 0.15383 0.242032 -0.593519 0.345854 0.726719
-0.0498366 0.209666 -0.0874693 0.118168 0.930621 -0.346384
-0.249165 -0.0873799 -0.0642882 -0.796097 -0.11971 -0.59321
0.023969 0.236432 0.00961985 0.118168 0.930621 -0.346384
-0.16379 -0.127891 -0.222846 -0.593519 0.345854 0.726719
-0.191389 -0.125451 -0.0791155 -0.118168 -0.930621 0.346384
0.256977 0.184004 0.0428329 0.717612 0.636219 0.283298
0.382669 0.0343576 0.240523 0.798758 0.142512 0.584531
0.281572 -0.0969905 0.227824 -0.796097 -0.119711 -0.59321
0.146528 -0.0476602 -0.133333 0.593519 -0.345854 -0.726719
0.170502 0.0108704 0.226777 0.118168 0.930621 -0.346384
-0.164672 -0.219833 -0.191086 -0.604267 0.404924 -0.68622
0.290411 0.00523996 -0.0897928 -0.118168 -0.930621 0.346383
-0.512269 -0.0942076 -0.136387 -0.796097 -0.11971 -0.59321
-0.325796 0.0914712 -0.153016 -0.551315 0.483116 -0.680185
0.431796 0.0261112 0.169605 0.792983 0.405592 0.454612
0.26978 0.0806221 0.0317204 0.769879 0.507148 0.387411
-0.412744 -0.0299641 -0.274967 -0.700225 0.223236 -0.678122
0.0114267 0.21516 0.232055 -0.593519 0.345854 0.726719
-0.165951 0.22878 -0.0757282 0.118168 0.930621 -0.346384
0.129275 0.016974 0.269932 -0.593519 0.345852 0.726719
0.160534 0.157662 0.147967 0.769879 0.507148 0.387411
-0.245989 -0.083065 0.0161344 -0.118168 -0.930621 0.346384
0.177494 -0.0723874 0.314894 -0.64227 0.3406 -0.686645
0.00251962 -0.170436 -0.133824 -0.118168 -0.930621 0.346384
-0.0251533 0.253528 0.0387953 0.118168 0.930621 -0.346384
0.378026 -0.0622603 0.266266 0.796098 0.11971 0.59321
0.0461442 -0.130853 -0.1245 0.118168 0.930621 -0.346384
-0.313876 0.136674 -0.0761246 -0.593519 0.345854 0.726719
0.145326 -0.0425798 0.384219 -0.59352 0.345851 0.726719
0.00361388 0.190307 -0.121247 0.118168 0.930621 -0.346384
-0.171404 -0.0420069 -0.269938 -0.593519 0.345854 0.726719
0.183283 -0.0171292 0.155911 0.118168 0.930621 -0.346384
0.39983 -0.0878174 0.223686 -0.118168 -0.930621 0.346384
-0.151811 -0.150681 -0.1334 -0.118168 -0.930621 0.346384
-0.253097 -0.0571042 0.0657351 -0.593519 0.345854 0.726719
0.233073 0.147221 -0.155397 0.593519 -0.345854 -0.726719
0.137091 0.134578 -0.225437 0.118168 0.930621 -0.346384
0.0353092 0.123728 -0.289311 0.118168 0.930621 -0.346384
0.273197 -0.134241 0.0113241 0.593519 -0.345854 -0.726719
0.157436 -0.125618 0.324549 0.238267 -0.786973 0.569124
-0.330798 -0.126567 -0.373394 -0.796097 -0.119711 -0.59321
0.101024 0.0349605 -0.25925 0.593519 -0.345854 -0.726719
0.291167 0.0373437 0.0491935 -0.593519 0.345854 0.726719
0.282361 -0.0235968 0.172335 0.118168 0.930621 -0.346384
0.14163 0.175827 -0.113064 0.118168 0.930621 -0.346384
0.430663 -0.0236877 0.0873146 0.593519 -0.345854 -0.726719
-0.249414 0.215612 -0.0482309 0.118168 0.930621 -0.346384
0.285559 -0.20514 0.160014 -0.59352 0.345853 0.726719
0.286067 0.0233478 0.197508 -0.796097 -0.119711 -0.59321
0.195952 0.213963 0.127463 -0.118168 -0.930621 0.346384
-0.00686988 0.166102 0.240309 -0.118168 -0.930621 0.346384
-0.186501 0.135687 0.0973119 -0.118168 -0.930621 0.346384
0.162518 0.20451 0.236052 0.717613 0.636219 0.283299
-0.27445 0.232707 -0.094318 -0.551315 0.483116 -0.680185
0.0995358 0.0619395 0.180433 0.593519 -0.345854 -0.726719
0.0473442 0.0732713 -0.320536 0.118168 0.930621 -0.346384
-0.1407 -0.270857 -0.257453 -0.200129 0.811175 -0.549495
0.0419124 0.138121 0.213763 -0.593519 0.345854 0.726719
0.145099 0.0308233 -0.221285 0.593519 -0.345854 -0.726719
0.0661479 0.0534416 0.273856 -0.593519 0.345854 0.726719
0.123443 -0.00457813 0.348262 -0.593519 0.345854 0.726719
-0.354973 0.119727 -0.0217702 -0.593519 0.345854 0.726719
0.300235 -0.0133983 0.360802 0.796097 0.11971 0.59321
-0.242918 0.0354015 0.0300235 -0.593519 0.345854 0.726719
0.000691594 0.264699 0.199711 -0.593519 0.345854 0.726719
-0.144357 -0.135285 -0.0894926 -0.118168 -0.930621 0.346384
-0.29532 0.0877021 -0.0376637 -0.593519 0.345854 0.726719
-0.293714 -0.00537561 -0.108702 0.593519 -0.345854 -0.726719
-0.208736 -0.268194 -0.318527 0.59352 -0.345854 -0.726718
-0.207069 -0.249826 -0.210522 0.118169 0.930621 -0.346383
0.169571 -0.00875994 -0.18246 0.593519 -0.345854 -0.726719
0.430501 -0.111249 0.171198 -0.118168 -0.930621 0.346384
0.0470152 0.278302 0.221323 0.118168 0.930621 -0.346384
-0.068039 0.129939 -0.30788 0.118168 0.930621 -0.346384
-0.249854 -0.158843 -0.278405 -0.593519 0.345854 0.726719
-0.0912627 0.14703 -0.269884 0.118168 0.930621 -0.346384
0.341596 0.0730464 0.131943 0.118168 0.930621 -0.346384
0.33094 0.0752138 0.300017 0.804579 0.277053 0.525256
-0.321497 -0.0971783 -0.0517794 -0.118168 -0.930621 0.346384
-0.322581 -0.116478 0.0372432 -0.593519 0.345854 0.726719
0.0192585 0.168143 -0.175457 0.118168 0.930621 -0.346384
-0.194614 0.225248 -0.00364842 0.118168 0.930621 -0.346384
-0.346686 -0.173459 -0.261076 -0.118168 -0.930621 0.346384
-0.388652 -0.145959 -0.071956 0.732624 0.60596 0.309959
0.0814363 -0.176786 -0.123962 -0.118168 -0.930621 0.346384
0.0345356 0.00411907 0.198675 -0.593519 0.345852 0.726719
0.0388235 -0.0703931 0.147343 -0.118168 -0.930621 0.346384
-0.374681 -0.0918256 -0.133687 0.593519 -0.345854 -0.726719
-0.139983 -0.190056 -0.23939 -0.118168 -0.930621 0.346384
0.0111932 -0.137419 -0.0421608 -0.118168 -0.930621 0.346384
0.0485438 0.208724 -0.0564392 0.118168 0.930621 -0.346384
-0.381703 -0.155462 -0.224671 -0.118168 -0.930621 0.346384
0.0572836 0.0962342 0.246251 -0.593519 0.345854 0.726719
0.346651 0.111321 -0.0210879 0.717613 0.636218 0.283298
0.0348577 -0.0296507 0.287845 -0.593519 0.345855 0.726718
0.327695 -0.135323 0.0672079 -0.118168 -0.930621 0.346384
-0.0997093 -0.0224053 0.101659 -0.593519 0.345853 0.726719
0.266556 0.0449639 -0.128819 0.593519 -0.345854 -0.726719
0.390635 0.0104052 0.316533 0.796097 0.11971 0.59321
0.0807372 -0.108061 0.362632 -0.59352 0.345854 0.726718
-0.298383 -0.169413 -0.40825 -0.796097 -0.119711 -0.59321
-0.105222 -0.180909 -0.275526 0.593519 -0.345853 -0.726719
-0.153959 0.0785462 0.0821444 -0.593519 0.345854 0.726719
-0.149592 0.243724 -0.0299978 0.118168 0.930621 -0.346384
-0.0735846 0.00524366 0.163667 -0.118168 -0.930621 0.346384
0.214004 0.163937 0.342025 -0.593523 0.345855 0.726715
0.172911 -0.105257 -0.0843746 0.593519 -0.345854 -0.726719
0.265568 -0.0444674 0.238703 -0.796098 -0.11971 -0.59321
-0.100915 0.0369659 -0.374003 -0.551315 0.483116 -0.680185
0.389385 0.0693197 0.15606 0.430646 0.899292 -0.0762696
0.109083 0.0433319 0.313733 -0.593519 0.345854 0.726719
-0.248851 -0.188303 -0.38931 0.593519 -0.345854 -0.726719
0.331019 -0.0589953 0.277647 -0.118168 -0.930621 0.346384
0.268694 0.0884968 0.207675 -0.796098 -0.11971 -0.59321
-0.056053 -0.0332864 0.21467 -0.118168 -0.930621 0.346384
-0.232392 0.18572 -0.16178 -0.551315 0.483115 -0.680185
0.26125 -0.0819618 0.0454875 -0.118168 -0.930621 0.346384
-0.463366 0.0160612 -0.140815 -0.593518 0.345855 0.726719
0.201058 0.17915 0.0356734 -0.118168 -0.930621 0.346384
-0.49438 -0.00908476 -0.177529 -0.792958 -0.0968361 -0.601532
-0.0418882 0.204767 0.193458 -0.593519 0.345854 0.726719
-0.339902 -0.0786376 -0.00824545 -0.118168 -0.930621 0.346384
0.179012 0.020694 0.0601795 0.796097 0.11971 0.59321
0.128296 0.246871 0.227606 0.717613 0.636219 0.283299
0.241019 0.0157686 0.434385 0.796097 0.119711 0.59321
0.0367749 0.255338 0.156133 0.118168 0.930621 -0.346384
-0.364148 -0.100818 -0.0761086 -0.118168 -0.930621 0.346384
0.415324 0.0495749 0.0970067 0.252531 0.937386 -0.239867
0.0756923 0.232985 0.0180066 0.118168 0.930621 -0.346384
-0.3197 -0.0329519 -0.000155168 -0.593519 0.345854 0.726719
-0.248283 0.0211893 -0.0873815 -0.796097 -0.11971 -0.59321
0.233957 0.160472 -0.00328404 -0.118168 -0.930621 0.346384
-0.193244 -0.309699 -0.285514 -0.451291 -0.890662 0.0553014
-0.095024 0.0853794 -0.344391 -0.551315 0.483116 -0.680185
