ply
format ascii 1.0
comment Created by Open3D
element vertex 512
property double x
property double y
property double z
property double nx
property double ny
property double nz
end_header
0.0652964 -0.441498 0.0291478 -0.930848 -0.266753 0.24973
-0.116993 0.406145 -0.259606 0.930848 0.266753 -0.24973
0.0951279 -0.201533 0.118977 0.349126 -0.850986 0.392344
0.0208858 0.216222 0.0514568 0.930848 0.266753 -0.24973
0.133032 -0.105085 0.420288 0.107858 0.4524 0.885269
0.0911815 -0.537347 0.0232497 -0.930848 -0.266753 0.24973
0.00982589 0.0207354 0.263084 0.349126 -0.850986 0.392344
0.178256 -0.425912 -0.0478635 0.930848 0.266753 -0.24973
0.052436 0.246528 0.206796 0.990245 0.0301203 -0.13604
0.0149304 -0.277614 0.00551516 -0.349125 0.850986 -0.392344
0.188587 -0.280875 0.222359 0.559738 0.525172 0.641006
-0.0123334 0.270958 0.203098 0.351709 -0.83943 0.414315
0.0440389 -0.0703591 0.34635 -0.930848 -0.266753 0.24973
0.0214471 -0.0603508 -0.241876 0.930848 0.266753 -0.24973
0.0335472 -0.0626079 0.0413975 -0.349126 0.850986 -0.392344
0.0734256 -0.424691 0.0688512 -0.349126 0.850986 -0.392344
-0.0336389 0.0967391 -0.279406 0.930848 0.266753 -0.24973
0.140373 -0.551759 -0.117931 -0.107858 -0.4524 -0.885269
-0.132193 0.183533 -0.245213 0.107858 0.4524 0.885269
-0.0469098 -0.0621844 -0.130034 0.107858 0.4524 0.885269
0.189364 -0.293467 0.469364 0.349126 -0.850986 0.392344
-0.166752 0.481892 0.113188 -0.107858 -0.4524 -0.885269
-0.0473656 0.180463 0.273567 -0.930848 -0.266753 0.24973
0.132514 0.0295825 0.268179 0.930848 0.266753 -0.24973
-0.117122 -0.101159 -0.316829 -0.107858 -0.4524 -0.885269
-0.0357333 0.000880483 -0.361025 0.581942 -0.131272 -0.802565
0.052667 0.164645 0.292239 0.107858 0.4524 0.885269
-0.0633958 0.0647369 -0.010716 0.349126 -0.850986 0.392344
-0.209276 0.2755 -0.490613 -0.349126 0.850986 -0.392344
0.217186 -0.307273 0.245126 0.634931 0.653858 -0.411499
-0.170018 0.421125 -0.209691 -0.349126 0.850986 -0.392344
-0.095644 0.438245 -0.14574 0.930848 0.266753 -0.24973
0.00498484 -0.0162489 0.258577 -0.930848 -0.266753 0.24973
-0.211537 0.293639 -0.230698 0.349126 -0.850986 0.392344
-0.161461 0.294984 -0.0293872 -0.930848 -0.266753 0.24973
-0.146421 0.245647 -0.0440136 -0.107858 -0.4524 -0.885269
0.0795196 -0.451942 0.0710075 -0.930848 -0.266753 0.24973
-0.114993 0.312347 -0.302982 0.894707 -0.432393 0.111959
0.0260876 -0.0713245 -0.2363 0.930848 0.266753 -0.24973
-0.0623576 0.123884 0.116649 0.349126 -0.850986 0.392344
-0.0358865 0.412635 0.121977 0.417207 -0.233745 -0.878238
-0.209284 0.181724 -0.328623 -0.930848 -0.266753 0.24973
-0.047381 0.00208335 -0.369668 0.581942 -0.131272 -0.802565
-0.100009 -0.0222299 -0.152762 -0.107858 -0.4524 -0.885269
-0.140323 0.0961835 -0.162947 -0.930848 -0.266753 0.24973
-0.162729 0.0130714 -0.335242 -0.930848 -0.266753 0.24973
0.186352 -0.479752 -0.0751958 0.930848 0.266753 -0.24973
0.0662878 -0.249915 0.227564 0.107858 0.4524 0.885269
-0.219959 0.427163 -0.106245 -0.930848 -0.266753 0.24973
0.0796576 -0.550828 -0.0341053 -0.930848 -0.266753 0.24973
-0.185179 0.48022 0.0800705 -0.930848 -0.266753 0.24973
0.0216112 -0.28394 0.00565611 0.349126 -0.850986 0.392344
0.0428901 -0.212209 0.190549 -0.930848 -0.266753 0.24973
0.144007 -0.543365 -0.0861181 0.234977 0.0864073 0.968153
-0.0221503 -0.0454509 -0.141602 0.107858 0.4524 0.885269
-0.163854 0.0361609 -0.38131 -0.107859 -0.4524 -0.885269
0.0846151 -0.124891 0.294568 0.349126 -0.850986 0.392344
0.117253 -0.309119 0.364213 -0.930848 -0.266753 0.24973
-0.068142 -0.143666 -0.150099 -0.930848 -0.266753 0.24973
0.041521 0.158101 0.235722 -0.107858 -0.4524 -0.885269
-0.0445832 0.306504 0.0632281 -0.349126 0.850986 -0.392344
0.0790436 -0.0872548 -0.0180008 0.474133 0.759251 -0.445798
0.0907102 -0.371066 0.189589 0.349127 -0.850986 0.392344
0.10794 -0.329744 0.283693 -0.349126 0.850986 -0.392344
-0.0823585 0.0765582 -0.407211 0.581942 -0.131272 -0.802565
0.0373542 0.180989 0.125233 0.89471 -0.432388 0.111956
0.162376 -0.439136 -0.12118 0.930848 0.266753 -0.24973
0.228765 -0.176618 0.445179 0.107858 0.4524 0.885269
-0.048653 -0.252129 -0.193311 -0.930848 -0.266753 0.24973
-0.123635 0.287488 -0.411106 0.930848 0.266753 -0.24973
0.0543956 0.0122478 0.0387946 0.353524 -0.268139 -0.896171
0.0320212 -0.282187 -0.242489 -0.107858 -0.4524 -0.885269
0.122463 -0.162143 0.450734 0.107858 0.4524 0.885269
-0.00772691 -0.162111 -0.299009 -0.107858 -0.4524 -0.885269
0.12942 -0.35004 0.180942 -0.349126 0.850986 -0.392344
-0.0240733 0.28052 0.010689 0.285852 0.838693 -0.463554
-0.105247 0.348306 0.217622 0.107858 0.4524 0.885269
-0.0922743 0.17954 -0.40952 0.930848 0.266753 -0.24973
-0.0785426 0.472062 -0.0431618 0.976831 0.117339 -0.178977
0.250791 -0.274105 0.456698 0.349126 -0.850986 0.392344
-0.0745705 0.174265 -0.196879 -0.314625 0.860229 -0.40127
0.214466 -0.389683 0.238336 0.349126 -0.850986 0.392344
0.162573 -0.401541 0.0421016 -0.149188 0.887745 -0.435491
-0.0696711 0.503356 0.0273473 0.990245 0.0301231 -0.136042
0.00239841 -0.00693836 0.189861 -0.349126 0.850986 -0.392344
-0.101918 0.294695 0.192246 -0.930848 -0.266753 0.24973
-0.0604083 0.144594 0.159834 0.349126 -0.850986 0.392344
-0.131684 0.314558 -0.412192 0.930848 0.266754 -0.249731
0.153428 -0.495136 -0.142733 0.581939 -0.131274 -0.802567
0.252457 -0.294368 0.369225 0.930848 0.266753 -0.24973
0.15916 -0.207073 0.469224 0.107858 0.4524 0.885269
-0.194198 0.200895 -0.25531 -0.107858 -0.4524 -0.885269
0.100441 -0.17859 0.186953 0.107858 0.4524 0.885269
0.0352245 -0.0715559 0.0204969 -0.349126 0.850986 -0.392344
0.0626169 -0.228625 0.0891457 0.349126 -0.850986 0.392344
-0.0191956 0.186026 -0.129603 0.902642 0.328633 -0.277916
0.0637273 -0.143038 0.273794 0.349126 -0.850986 0.392344
-0.0556693 -0.1851 -0.147866 -0.930848 -0.266753 0.24973
-0.0505927 0.080646 -0.35979 0.930848 0.266753 -0.24973
-0.103508 0.356917 -0.224489 0.932887 -0.353851 0.0671691
-0.115602 0.332078 -0.333536 0.930848 0.266753 -0.24973
0.20342 -0.271283 0.296674 0.116214 0.87862 -0.463165
0.0180081 -0.0632619 -0.257804 0.930848 0.266753 -0.24973
0.0543251 -0.0349195 0.351421 -0.346315 0.86205 -0.370048
-0.0676094 0.0444155 0.0527882 -0.930848 -0.266753 0.24973
-0.00167611 -0.0732794 0.172831 -0.930848 -0.266753 0.24973
-0.147296 0.532114 0.128813 0.107858 0.4524 0.885269
-0.193306 0.451242 -0.123644 -0.349126 0.850986 -0.392344
-0.100735 0.452723 -0.149251 0.930848 0.266753 -0.24973
0.0703637 -0.418352 -0.177576 -0.107858 -0.4524 -0.885269
0.226523 -0.342578 0.221061 0.930848 0.266753 -0.24973
0.0277373 -0.0473069 -0.204496 0.930848 0.266753 -0.24973
0.203323 -0.512807 -0.0472464 0.930848 0.266753 -0.24973
-0.121139 0.209325 -0.0794277 -0.349126 0.850986 -0.392344
-0.0872623 0.183302 -0.166016 -0.349126 0.850986 -0.392344
-0.037782 0.150154 -0.223702 0.709512 0.588721 -0.387299
-0.0816926 -0.0865095 -0.139555 -0.930848 -0.266753 0.24973
0.138243 -0.322298 -0.0863324 0.930848 0.266753 -0.24973
-0.136245 0.0218693 -0.377371 -0.107858 -0.4524 -0.885269
-0.148664 0.24026 -0.0409874 -0.107858 -0.4524 -0.885269
0.083402 -0.414173 0.122402 -0.349125 0.850986 -0.392344
0.110333 -0.219911 0.420514 -0.107858 -0.4524 -0.885269
6.22987e-05 0.0765506 -0.175353 0.930848 0.266753 -0.24973
0.197258 -0.510029 -0.0668867 0.930848 0.266753 -0.24973
0.063413 0.0482967 0.0551326 0.842652 0.468266 0.265829
-0.134752 0.434851 0.00725952 0.349126 -0.850986 0.392344
0.0883018 -0.56104 -0.0706873 0.107825 0.45248 0.885232
-0.245024 0.232524 -0.471768 -0.107858 -0.4524 -0.885269
-0.0960168 0.211792 0.125688 -0.930848 -0.266753 0.24973
-0.136806 0.3924 -0.301548 -0.349126 0.850986 -0.392344
-0.190216 0.551746 0.12401 0.107858 0.4524 0.885269
-0.0205468 -0.0425767 -0.342905 0.581942 -0.131272 -0.802565
-0.144852 0.0169053 -0.264511 -0.930848 -0.266753 0.24973
0.0267931 0.123404 0.316467 0.107858 0.4524 0.885269
-0.0303712 0.278764 -0.0635169 0.838289 0.096512 -0.536616
0.0534598 -0.129179 0.31299 0.349126 -0.850986 0.392344
-0.00240757 0.252531 0.254036 0.107858 0.4524 0.885269
-0.0226117 0.239208 -0.0589068 0.557189 0.709943 -0.430722
-0.223307 0.181314 -0.448245 -0.107858 -0.4524 -0.885269
0.187367 -0.478264 0.0703192 0.349126 -0.850986 0.392344
-0.0777419 0.585364 0.0781355 0.930844 0.266759 -0.249737
-0.0451752 -0.148065 -0.0691913 -0.930848 -0.266753 0.24973
-0.247737 0.273498 -0.373925 -0.930848 -0.266753 0.24973
0.124091 -0.271752 -0.084625 0.93626 0.299311 -0.183928
-0.190211 0.15649 -0.284484 -0.930848 -0.266753 0.24973
-0.0998106 -0.0312242 -0.148034 -0.930848 -0.266753 0.24973
0.0078575 -0.266371 0.00211341 -0.930848 -0.266753 0.24973
-0.111939 0.268379 0.0404715 -0.349126 0.850986 -0.392344
-0.145774 0.143434 -0.200423 -0.349126 0.850986 -0.392344
-0.189173 0.436894 -0.158442 -0.349126 0.850986 -0.392344
0.0327682 -0.280544 0.00309435 0.349126 -0.850986 0.392344
0.0375285 0.199456 0.180786 0.738614 -0.632538 0.233121
-0.101405 0.281215 0.0589394 -0.349126 0.850986 -0.392344
0.0186561 0.0971909 -0.0562726 0.967159 -0.253903 0.0117102
0.0312842 0.159445 0.0337544 0.984724 0.07382 -0.1577
-0.0187883 -0.0997916 0.00731733 -0.349126 0.850986 -0.392344
-0.0592702 0.00143087 -0.332685 0.296589 -0.95076 0.0899415
0.155593 -0.121806 0.364865 -0.107858 -0.4524 -0.885269
-0.0476726 0.15824 0.248684 -0.930848 -0.266753 0.249731
0.0357518 -0.114212 -0.246089 0.930848 0.266753 -0.24973
-0.177417 0.511294 -0.00753228 -0.349126 0.850986 -0.392344
-0.24807 0.257967 -0.447333 0.158648 0.320625 0.933826
0.115733 -0.391579 -0.187004 0.581941 -0.131272 -0.802566
-0.0655923 0.220054 0.247918 -0.930848 -0.266753 0.24973
-0.156985 0.0803486 -0.404728 -0.107858 -0.4524 -0.885269
0.0470277 -0.047709 0.381684 -0.930848 -0.266753 0.24973
-0.0199513 0.412352 0.13355 0.728729 -0.0166632 -0.684599
-0.0144074 0.109497 0.284932 -0.107858 -0.4524 -0.885269
-0.0188108 0.13844 0.109471 0.349126 -0.850986 0.392344
0.00042125 -0.0240698 -0.156151 0.298311 0.497839 0.814351
-0.0653441 0.215796 -0.115034 -0.337678 0.854195 -0.395379
-0.0998881 0.0234412 -0.107429 0.349126 -0.850986 0.392344
-0.140207 0.449419 0.0437118 0.349126 -0.850986 0.392344
-0.0719889 0.130922 -0.38584 0.930848 0.266753 -0.24973
-0.116468 0.34582 -0.0546092 0.107858 0.4524 0.885269
0.0829618 -0.422338 0.085276 0.349127 -0.850986 0.392344
-0.0891655 0.526108 -0.0277398 0.930848 0.266753 -0.24973
-0.0436557 -0.0363826 -0.358883 -0.107858 -0.4524 -0.885269
0.0946946 -0.110243 0.31737 0.349126 -0.850986 0.392344
-0.155553 0.124966 -0.188971 -0.930848 -0.266753 0.24973
0.118944 -0.307216 -0.0265417 0.341538 0.505446 0.792386
0.133374 -0.0625843 0.398527 0.107858 0.4524 0.885269
0.223071 -0.356757 0.193048 0.930848 0.266753 -0.24973
0.0414335 0.159261 0.296359 0.107858 0.4524 0.885269
-0.197482 0.387255 -0.079771 0.349127 -0.850986 0.392344
0.131469 -0.300629 -0.0884346 0.930848 0.266753 -0.24973
-0.00260834 0.0273765 -0.237833 0.930848 0.266753 -0.24973
-0.0527249 0.485016 0.0971609 0.667466 -0.0680423 -0.741525
0.0761586 0.0562277 0.261232 -0.349126 0.850986 -0.392344
-0.00614598 -0.116223 0.1103 -0.930848 -0.266753 0.24973
0.0175409 0.197608 0.019107 0.930848 0.266753 -0.24973
0.0802147 -0.401321 0.12767 -0.930848 -0.266753 0.24973
0.0780263 -0.434905 0.036437 -0.107858 -0.4524 -0.885269
-0.0897069 0.21333 0.15085 -0.930848 -0.266753 0.24973
-0.0447887 0.10713 -0.309867 0.930848 0.266753 -0.24973
0.1059 0.0484211 0.345147 0.107858 0.4524 0.885269
0.00641401 0.0179544 0.300439 -0.930848 -0.266753 0.24973
-0.219736 0.399041 -0.213349 -0.349126 0.850986 -0.392344
0.230154 -0.289348 0.441999 0.349126 -0.850986 0.392344
-0.0749471 0.267919 -0.019858 0.107858 0.4524 0.885269
0.233822 -0.278433 0.320731 0.831735 0.446726 -0.329626
-0.00322367 -0.380865 -0.161489 -0.930848 -0.266753 0.24973
0.205715 -0.409484 0.203175 0.349126 -0.850986 0.392344
-0.0384604 -0.00794929 0.0636495 0.107858 0.4524 0.885269
-0.109106 0.333336 -0.293662 0.992471 -0.100986 -0.0693122
0.0241814 0.150036 0.0885301 0.687626 -0.67706 0.262221
-0.109623 0.413345 -0.224441 0.930848 0.266753 -0.24973
-0.0242982 -0.0517911 -0.344118 0.581942 -0.131272 -0.802565
0.117705 -0.24955 -0.0276097 0.854227 -0.49771 0.150269
0.10715 -0.322017 0.281346 0.349127 -0.850986 0.392344
-0.0166529 -0.0739515 0.116289 -0.930848 -0.266753 0.24973
-0.00120643 0.11436 -0.139695 0.930848 0.266752 -0.24973
-0.0315261 -0.30257 -0.224331 -0.107859 -0.4524 -0.885269
-0.106337 0.101971 -0.0300884 -0.930848 -0.266753 0.24973
-0.00592451 0.0112441 0.247281 -0.930848 -0.266753 0.24973
0.136048 -0.273649 0.16939 -0.107858 -0.4524 -0.885269
0.0236184 -0.268627 -0.248395 -0.107858 -0.4524 -0.885269
-0.0862091 0.0282551 -0.0893519 -0.349126 0.850986 -0.392344
-0.0939409 0.564451 0.0661924 0.220532 -0.955044 -0.198131
0.243259 -0.334334 0.332766 0.349126 -0.850986 0.392344
0.113405 -0.114924 0.042595 0.930848 0.266753 -0.24973
-0.00247056 -0.34954 -0.203868 -0.107859 -0.4524 -0.885269
0.0462298 -0.0811576 -0.170608 0.93705 0.320126 -0.139484
0.0876472 -0.250708 -0.198454 0.930848 0.266753 -0.24973
-0.219101 0.472303 -0.0548292 -0.930848 -0.266753 0.24973
0.150346 -0.11904 0.188685 0.992226 -0.10463 -0.0673819
-0.219598 0.355002 -0.181978 -0.930848 -0.266753 0.24973
-0.192272 0.226111 -0.277209 0.107858 0.4524 0.885269
0.120246 -0.14804 0.443797 0.107858 0.4524 0.885269
0.241194 -0.329058 0.290189 0.930848 0.266753 -0.24973
0.143675 -0.287056 0.486267 -0.930844 -0.266762 0.249733
0.0021192 9.99715e-05 -0.249348 0.930848 0.266753 -0.24973
-0.0292905 -0.32025 -0.193904 -0.930848 -0.266753 0.24973
0.237703 -0.215034 0.463722 0.107858 0.4524 0.885269
-0.08917 0.31677 0.125171 -0.349126 0.850986 -0.392344
-0.0682462 0.060255 0.067334 -0.930848 -0.266753 0.249731
0.00921237 -0.203505 0.074315 -0.930848 -0.266753 0.24973
-0.0604958 -0.0427537 -0.353575 -0.107858 -0.4524 -0.885269
-0.110213 0.473885 0.154052 0.107858 0.4524 0.885269
0.185284 -0.258198 0.204816 0.718307 0.511914 0.471147
0.00608767 0.280598 0.0650622 0.930848 0.266753 -0.24973
0.0865896 -0.252971 0.0150063 0.349126 -0.850986 0.392344
0.238317 -0.331435 0.276923 0.930848 0.266753 -0.24973
-0.043722 -0.267794 -0.191665 -0.930848 -0.266753 0.24973
0.0664764 -0.0930132 -0.0377791 0.201019 0.862137 -0.465092
-0.14147 0.550408 0.0801362 0.124828 -0.874453 -0.468775
-0.159273 0.0892197 -0.241021 -0.930848 -0.266753 0.24973
-0.115327 0.15681 -0.00502063 -0.930848 -0.266753 0.24973
0.121155 0.0850141 0.293329 0.850034 0.111381 -0.514817
-0.0030279 0.085954 0.27802 -0.107858 -0.4524 -0.885269
0.000366495 -0.228555 0.0145852 -0.930848 -0.266753 0.24973
-0.127245 0.33823 -0.208988 0.349126 -0.850986 0.392344
-0.0209814 0.011093 0.04301 -0.107858 -0.4524 -0.885269
0.0933551 -0.114701 0.308892 0.349126 -0.850986 0.392344
-0.172955 0.310729 -0.227963 0.349126 -0.850986 0.392344
0.0966288 -0.394411 0.153496 -0.349127 0.850986 -0.392344
0.245877 -0.357505 0.277258 0.930848 0.266753 -0.24973
-0.132232 0.162845 -0.0615864 -0.930848 -0.266753 0.24973
0.0263884 -0.0518622 0.0694107 -0.107858 -0.4524 -0.885269
-0.0992153 0.501094 -0.0919188 0.930848 0.266753 -0.24973
0.0646202 -0.370344 -0.20141 -0.107858 -0.4524 -0.885269
-0.130119 -0.0029902 -0.230848 -0.930848 -0.266753 0.24973
-0.185835 0.530573 0.131408 -0.930848 -0.266753 0.24973
-0.0357462 -0.150011 -0.301779 -0.107858 -0.4524 -0.885269
0.1288 -0.390466 -0.177711 0.581941 -0.131272 -0.802566
-0.00556478 0.345039 0.207147 0.107858 0.4524 0.885269
-0.0537612 -0.223895 -0.182194 -0.930848 -0.266753 0.24973
-0.0207304 -0.0757276 0.0810478 0.349126 -0.850986 0.392344
-0.175536 0.112954 -0.276289 -0.930848 -0.266753 0.24973
0.0797124 -0.344088 -0.216667 -0.107858 -0.4524 -0.885269
0.0334671 -0.0634482 -0.151164 0.719975 0.511586 0.468952
0.0914545 -0.373585 0.183463 0.349127 -0.850986 0.392344
0.11816 0.0709897 0.33212 0.107858 0.4524 0.885269
0.193103 -0.302488 0.44647 0.349126 -0.850986 0.392344
0.135937 0.0379457 0.289873 0.930848 0.266753 -0.24973
-0.00714134 -0.36054 -0.154382 -0.930848 -0.266753 0.24973
0.115863 -0.560174 -0.110645 -0.107858 -0.4524 -0.885269
-0.138771 0.294035 -0.460532 0.930848 0.266753 -0.24973
0.0725106 -0.420445 -0.176768 -0.107858 -0.4524 -0.885269
-0.0567878 -0.208644 -0.269252 -0.107858 -0.4524 -0.885269
0.036024 0.170199 0.0785735 0.981412 -0.190634 -0.0221162
0.0267143 -0.0329657 -0.190906 0.935583 0.340168 -0.0947072
0.228843 -0.29836 0.423619 0.349126 -0.850986 0.392344
0.239161 -0.197489 0.427342 0.884598 0.16115 -0.437626
0.0326693 -0.0449575 0.331104 -0.930848 -0.266753 0.24973
0.00200613 -0.000216616 -0.173883 0.561911 0.525182 0.639094
0.0517817 0.237863 0.20329 0.992471 -0.100985 -0.0693126
-0.0768173 0.502208 -0.00724217 0.930848 0.266753 -0.24973
-0.0668157 0.112756 0.076672 -0.349126 0.850986 -0.392344
0.0879308 -0.344163 0.217485 -0.930848 -0.266753 0.24973
-0.145988 0.509327 -0.0397663 -0.349126 0.850986 -0.392344
0.196537 -0.485317 0.0468604 0.349126 -0.850986 0.392344
0.23011 -0.34476 0.232102 0.930848 0.266752 -0.24973
0.0720625 -0.280006 -0.236919 0.581942 -0.131272 -0.802565
-0.199999 0.417203 -0.0424832 -0.930848 -0.266753 0.24973
-0.253438 0.259266 -0.437304 -0.125105 -0.409473 -0.903704
0.063247 -0.109178 0.31207 -0.930848 -0.266753 0.24973
-0.0938141 0.0807033 -0.00612605 -0.930848 -0.266753 0.24973
0.000303814 0.0151783 -0.186112 0.689673 0.516797 0.507219
-0.0191387 0.378832 0.191531 0.107858 0.4524 0.885269
0.0562398 -0.0499129 0.0488294 -0.314711 0.860207 -0.401249
-0.188451 0.44263 -0.146645 -0.349126 0.850986 -0.392344
-0.154164 0.174984 -0.453433 -0.107858 -0.4524 -0.885269
-0.00561032 0.293843 0.189748 -0.333012 0.900619 -0.279265
0.020966 -0.395731 -0.0872034 -0.930848 -0.266753 0.24973
-0.12078 0.0866179 -0.100323 -0.930848 -0.266753 0.24973
0.177815 -0.425857 0.192489 0.349126 -0.850986 0.392344
-0.104227 0.265157 -0.362619 0.930848 0.266753 -0.24973
0.0413409 -0.309318 -0.0144933 0.107858 0.4524 0.885269
0.0357782 0.234898 0.126917 0.930848 0.266753 -0.24973
-0.188669 0.370386 -0.114673 -0.930847 -0.266754 0.249731
-0.134433 0.019958 -0.222415 -0.930848 -0.266753 0.24973
0.115416 -0.250082 0.41021 -0.349126 0.850986 -0.392344
0.0461901 -0.174896 0.180683 0.349126 -0.850986 0.392344
-0.114994 0.386564 -0.273072 0.930848 0.266753 -0.24973
0.00804481 0.18356 -0.0312943 0.930848 0.266753 -0.24973
0.12128 -0.240818 -0.0224961 0.93181 -0.356403 0.0686045
0.0584021 0.0242045 0.363309 0.107858 0.4524 0.885269
0.126919 -0.372759 0.332267 -0.930848 -0.266753 0.24973
0.149268 0.00916364 0.359925 0.107858 0.4524 0.885269
-0.0450985 0.328921 0.11231 -0.349126 0.850986 -0.392344
0.155424 -0.387452 0.295713 0.349126 -0.850986 0.392344
0.186626 -0.496229 0.0320139 0.349126 -0.850986 0.392344
-0.217043 0.424129 -0.0986157 -0.930848 -0.266753 0.24973
0.0250442 0.00941497 0.36076 -0.930848 -0.266753 0.24973
-0.0973934 -0.0971639 -0.209459 -0.930848 -0.266753 0.24973
0.228785 -0.267289 0.491064 0.349126 -0.850986 0.392344
-0.0903012 -0.0370248 -0.155162 0.107858 0.4524 0.885269
-0.19923 0.119225 -0.357908 -0.930848 -0.266753 0.24973
0.072705 -0.260074 0.223195 -0.107858 -0.4524 -0.885269
-0.016498 0.102591 0.305443 -0.930848 -0.266753 0.24973
0.0960664 -0.56151 -0.0289951 0.349126 -0.850986 0.392344
0.200733 -0.436932 0.148074 0.349126 -0.850986 0.392344
-0.238473 0.373866 -0.232185 -0.930848 -0.266753 0.24973
-0.088006 0.365128 0.206925 0.107858 0.4524 0.885269
-0.0499356 0.00579186 0.0668042 -0.107858 -0.4524 -0.885269
-0.159329 0.130528 -0.430086 -0.10786 -0.4524 -0.885269
-0.106423 0.105563 -0.0265697 -0.930848 -0.266753 0.24973
0.18437 -0.361364 0.121134 0.16428 0.870107 -0.464678
0.0161868 0.230906 0.0496275 0.930848 0.266753 -0.24973
-0.221639 0.172314 -0.384728 -0.930848 -0.266753 0.24973
-0.00411516 0.0473778 -0.104159 0.57442 -0.755142 0.315915
-0.0499762 0.300824 0.0557072 -0.349126 0.850986 -0.392344
0.0231894 -0.178823 0.152777 -0.930848 -0.266753 0.24973
0.108673 -0.275204 -0.146246 0.930848 0.266753 -0.24973
-0.0976271 0.148401 0.0519735 -0.930848 -0.266753 0.24973
0.0885595 -0.121806 -0.0546918 0.857457 0.408311 -0.313129
0.0343596 0.199734 0.0840682 0.930848 0.266753 -0.24973
-0.0868995 -0.0646933 -0.339146 -0.107858 -0.4524 -0.885269
-0.00377317 0.0616373 -0.0715058 0.47122 -0.807346 0.355167
0.0191448 -0.31264 -0.225358 -0.107858 -0.4524 -0.885269
0.0221626 -0.0544999 -0.232959 0.930848 0.266753 -0.24973
-0.000258891 -0.366066 -0.13463 -0.930848 -0.266753 0.24973
-0.174276 0.424676 0.000553231 -0.349127 0.850986 -0.392344
-0.0855429 -0.160574 -0.290314 -0.107858 -0.4524 -0.885269
-0.0998948 0.0711368 -0.0390098 -0.930848 -0.266753 0.24973
0.169105 -0.0317806 0.342432 0.984723 0.0738249 -0.157702
-0.112554 0.31158 0.154529 0.349125 -0.850986 0.392344
-0.0147787 -0.0737575 0.123482 -0.930848 -0.266753 0.24973
0.101457 0.0969454 0.272065 0.56374 -0.143714 -0.813354
-0.153881 0.278023 -0.0329617 0.107858 0.4524 0.885269
-0.132291 0.253852 -0.281136 0.107858 0.4524 0.885269
-0.175792 0.458142 0.0744897 -0.349127 0.850986 -0.392344
0.1094 -0.113138 0.0295763 0.930848 0.266753 -0.24973
0.100429 -0.43333 0.168826 -0.930848 -0.266753 0.24973
0.0974833 -0.392168 0.137793 0.349127 -0.850986 0.392344
0.135732 0.0525241 0.30468 0.930848 0.266753 -0.24973
0.104687 -0.417636 0.20146 -0.930848 -0.266753 0.24973
-0.12897 0.00255057 -0.220647 -0.930848 -0.266753 0.24973
0.122609 -0.279264 0.340512 -0.349126 0.850986 -0.392344
0.196184 -0.420062 0.188713 0.349126 -0.850986 0.392344
0.0733641 0.0173576 0.0758693 0.746877 0.505563 0.43195
-0.128944 -0.0384638 -0.26436 -0.930848 -0.266753 0.24973
-0.110667 0.187853 0.0455083 -0.930848 -0.266753 0.24973
0.0132404 0.0662772 0.347311 0.107858 0.4524 0.885269
0.0624014 -0.276123 -0.244559 0.581942 -0.131272 -0.802565
0.215042 -0.206946 0.46235 0.107858 0.4524 0.885269
-0.0157679 0.106653 -0.202204 0.930848 0.266753 -0.24973
0.112748 -0.124173 0.271091 0.349126 -0.850986 0.392344
0.011494 -0.00508806 -0.181454 0.775298 0.497482 0.389133
-0.118468 0.250473 0.0470603 -0.349126 0.850986 -0.392344
-0.197666 0.384137 -0.265315 -0.349126 0.850986 -0.392344
0.0182477 0.190868 0.0145423 0.930848 0.266753 -0.24973
-0.189483 0.352872 -0.34041 -0.349126 0.850986 -0.392344
-0.0390743 0.0156945 -0.13873 0.349126 -0.850986 0.392344
0.0913915 0.0765471 0.273446 0.178307 -0.350712 -0.919352
-0.0443172 0.454703 0.107838 0.59979 -0.118754 -0.791296
0.0550165 -0.527203 -0.12008 -0.107858 -0.4524 -0.885269
0.119762 -0.397832 0.0858737 -0.349126 0.850986 -0.392344
-0.120984 0.296459 -0.0288337 0.107858 0.4524 0.885269
-0.161282 0.420336 -0.000615511 0.349126 -0.850986 0.392344
0.245035 -0.306873 0.328203 0.930848 0.266753 -0.24973
0.0927556 -0.212591 -0.138697 0.930848 0.266753 -0.24973
-0.109666 0.0531781 -0.0946159 -0.930848 -0.266753 0.24973
-0.0996537 -0.0944326 -0.214967 -0.930848 -0.266753 0.24973
0.180671 -0.37377 0.302922 0.349126 -0.850986 0.392344
0.102207 -0.502778 0.0929288 0.349126 -0.850986 0.392344
-0.0573713 0.171188 0.214812 0.349126 -0.850986 0.392344
0.211521 -0.442945 0.125433 0.349126 -0.850986 0.392344
0.150102 -0.121907 0.201467 0.961216 -0.274807 0.0233573
-0.185528 0.341801 -0.0690851 -0.930848 -0.266753 0.24973
0.120475 -0.158961 0.188759 0.349126 -0.850986 0.392344
0.0509755 -0.117348 0.321054 -0.349126 0.850986 -0.392344
-0.118299 0.0261384 -0.155677 -0.930848 -0.266753 0.24973
-0.0817636 -0.172616 -0.231796 -0.930848 -0.266753 0.24973
0.0869578 -0.430882 0.04338 -0.349126 0.850986 -0.392344
-0.166244 0.486185 0.107009 0.349125 -0.850986 0.392344
0.176818 -0.0315334 0.368037 0.930848 0.266753 -0.249731
-0.123025 0.30196 -0.0313964 0.107858 0.4524 0.885269
0.0287232 -0.362948 -0.200816 -0.107858 -0.4524 -0.885269
0.114111 -0.418277 0.235905 -0.930848 -0.266753 0.24973
-0.104156 0.276966 -0.349741 0.930848 0.266753 -0.24973
-0.0170708 0.186744 -0.12151 0.930848 0.266753 -0.24973
0.123584 -0.0439287 0.156372 0.930848 0.266753 -0.24973
0.223533 -0.452332 0.0926831 0.930848 0.266753 -0.24973
-0.0163771 -0.0505625 0.131757 0.349126 -0.850986 0.392344
0.00905099 -0.0258892 0.142838 -0.349126 0.850986 -0.392344
-0.095113 0.385119 -0.0783561 0.297917 0.497764 0.814541
-0.082194 0.401966 -0.106412 0.821596 0.479335 0.308573
-0.0440614 0.18353 0.229739 0.349126 -0.850986 0.392344
0.0384357 -0.0921891 0.302146 -0.930848 -0.266753 0.24973
-0.069171 0.281159 0.200538 0.296773 -0.153169 0.942584
-0.00886428 0.300028 0.0591324 0.557177 0.709966 -0.430699
0.0800674 -0.292807 0.203558 -0.107857 -0.4524 -0.885269
-0.0247875 -0.113269 0.0230399 -0.349125 0.850986 -0.392344
0.11893 0.00155269 0.189329 0.857457 0.408311 -0.313129
-0.000163886 0.00176318 -0.173637 0.543326 0.524958 0.655146
0.0423767 0.197504 0.127969 0.988001 -0.147807 -0.0448036
0.0106316 0.041162 0.0237922 -0.107858 -0.4524 -0.885269
0.138606 -0.493279 0.081141 0.349126 -0.850986 0.392344
-0.128588 0.443541 0.0206241 0.349126 -0.850986 0.392344
-0.158226 0.469728 -0.114765 -0.349126 0.850986 -0.392344
-0.0617784 0.315993 -0.0488543 0.42483 0.516928 0.743172
-0.21177 0.24397 -0.271403 -0.930848 -0.266753 0.249731
-0.0204346 0.00518947 0.0459603 -0.107858 -0.4524 -0.885269
0.073912 -0.227371 0.081815 0.349126 -0.850986 0.392344
0.231221 -0.382393 0.196046 0.930848 0.266753 -0.24973
-0.147413 0.304058 -0.265161 0.349126 -0.850986 0.392344
0.149614 -0.430942 0.206555 0.349126 -0.850986 0.392344
-0.0815283 0.232495 0.201807 -0.930848 -0.266753 0.24973
0.0358544 0.283921 0.233333 0.107858 0.4524 0.885269
-0.124197 0.31572 -0.383045 0.930848 0.266753 -0.24973
-0.0568194 0.0530614 0.0378317 -0.930848 -0.266753 0.24973
0.169276 -0.470602 -0.129073 0.930848 0.266753 -0.24973
0.107483 -0.311225 -0.189161 0.930848 0.266753 -0.24973
0.201325 -0.471382 0.0728261 0.349126 -0.850986 0.392344
0.220464 -0.298388 0.264317 0.637833 0.651549 -0.410673
-0.17265 0.432403 0.0112825 -0.930848 -0.266753 0.24973
0.22927 -0.336213 0.238102 0.930848 0.266753 -0.24973
0.0210304 0.345011 0.189564 0.930848 0.266753 -0.24973
0.0126142 -0.0825741 -0.298538 0.930848 0.266753 -0.24973
0.153336 -0.465588 -0.147633 0.581941 -0.131272 -0.802566
-0.036855 0.446007 0.159361 0.107858 0.4524 0.885269
0.134379 -0.140197 0.214472 0.553695 -0.766911 0.324452
0.0123599 -0.0350732 -0.154764 0.465888 0.520906 0.715266
0.0888634 -0.302275 0.207325 -0.107858 -0.4524 -0.885269
-0.0948523 0.202187 -0.394939 0.930848 0.266753 -0.24973
0.139973 -0.354817 -0.114619 0.930848 0.266753 -0.24973
-0.172265 0.514607 -0.00493091 -0.349126 0.850986 -0.392344
0.00877803 0.195418 0.220642 -0.107858 -0.4524 -0.885269
-0.0805111 -0.0701493 -0.139428 0.107858 0.4524 0.885269
0.0364856 -0.122877 0.262098 -0.930848 -0.266753 0.24973
0.143519 -0.543587 -0.12249 -0.107858 -0.4524 -0.885269
-0.0320681 -0.262818 -0.142911 -0.930848 -0.266753 0.24973
0.0223038 -0.116831 -0.299012 0.930848 0.266753 -0.24973
-0.195172 0.337364 -0.368984 -0.349126 0.850986 -0.392344
-0.028568 0.17026 0.238048 -0.107858 -0.4524 -0.885269
0.0956528 -0.175032 0.426928 -0.930848 -0.266753 0.24973
0.101092 -0.413164 -0.183971 -0.107858 -0.4524 -0.885269
0.103635 -0.338127 0.28247 -0.930848 -0.266753 0.24973
-0.165168 0.460404 0.13349 -0.930848 -0.266753 0.24973
-0.0673454 -0.205488 -0.269578 -0.107858 -0.4524 -0.885269
0.0619569 -0.238815 0.204861 0.107858 0.4524 0.885269
0.12138 -0.287012 0.178006 -0.107858 -0.4524 -0.885269
-0.057836 0.150761 0.170922 0.349126 -0.850986 0.392344
-0.174006 0.0679203 -0.31869 -0.930848 -0.266753 0.24973
-0.140231 0.403519 0.150008 -0.107859 -0.4524 -0.885269
-0.123002 0.258324 0.0748063 -0.930848 -0.266753 0.24973
0.0717423 -0.284851 0.220499 -0.930848 -0.266753 0.24973
-0.0366809 -0.20396 -0.0972348 -0.930848 -0.266753 0.24973
0.0672066 -0.134608 -0.150595 0.933215 0.277776 -0.227928
0.0104001 0.184769 -0.0212244 0.930848 0.266753 -0.24973
-0.0409687 0.0173051 0.0587202 -0.930848 -0.266753 0.24973
-0.0885021 0.214361 -0.0975478 -0.349126 0.850986 -0.392344
-0.265045 0.272164 -0.439863 -0.930848 -0.266753 0.24973
0.00426679 0.149275 -0.0819993 0.930848 0.266753 -0.24973
-0.0866993 0.426944 -0.109133 0.990413 -0.126204 -0.0561745
0.0131772 0.0747569 -0.110889 0.987994 -0.147848 -0.044819
0.0846977 -0.221992 0.211051 0.107858 0.4524 0.885269
-0.110119 0.479771 0.0898146 -0.107858 -0.4524 -0.885269
0.122882 -0.279006 0.380446 -0.349126 0.850986 -0.392344
-0.194954 0.35901 -0.322227 -0.349126 0.850986 -0.392344
0.112328 -0.20314 -0.0556461 0.930848 0.266753 -0.24973
0.0810658 -0.315764 0.20639 0.107858 0.4524 0.885269
-0.135054 0.300738 -0.28336 0.360434 -0.847675 0.389274
0.0302374 -0.0902004 0.273712 -0.930848 -0.266753 0.24973
0.0203553 -0.24688 0.0475414 0.349126 -0.850986 0.392344
0.0616383 -0.164569 -0.203389 0.930848 0.266753 -0.24973
-0.0911197 0.435821 -0.131466 0.930848 0.266753 -0.24973
-0.0127148 -0.236069 -0.0422003 -0.930848 -0.266753 0.24973
-0.15484 0.340288 -0.10891 -0.107858 -0.4524 -0.885269
0.0946312 -0.388843 0.147543 0.349127 -0.850986 0.392344
-0.0532673 0.170893 -0.20566 0.238715 0.852627 -0.464803
0.121995 -0.258914 0.435517 -0.930848 -0.266753 0.24973
-0.189339 0.516559 0.103381 -0.930848 -0.266753 0.24973
-0.0582408 0.123162 -0.342884 0.930848 0.266753 -0.24973
0.179365 -0.484932 -0.106773 0.930848 0.266753 -0.24973
-0.11755 0.175408 -0.156187 -0.349126 0.850986 -0.392344
0.157553 -0.529929 -0.0152108 0.349126 -0.850986 0.392344
0.00968844 0.156623 0.240356 -0.107858 -0.4524 -0.885269
0.186559 -0.447709 0.137312 0.349126 -0.850986 0.392344
-0.0886926 0.306363 0.102174 -0.349126 0.850986 -0.392344
