ply
format ascii 1.0
comment Created by Open3D
element vertex 128
property double x
property double y
property double z
property double nx
property double ny
property double nz
end_header
0.496341 0.0618339 -0.0210138 0.98378 0.17136 -0.0530348
0.162735 -0.106058 -0.381463 0.0547436 -0.568356 -0.82096
-0.0119652 -0.063536 0.172331 0.17083 -0.804739 0.568518
-0.06955 0.320426 0.239268 -0.0547437 0.568356 0.82096
0.489473 0.181661 0.238776 0.983779 0.171367 -0.0530377
-0.277198 0.0193268 0.348628 -0.17083 0.804739 -0.568518
-0.127782 0.00579495 0.284576 -0.17083 0.804739 -0.568518
0.493041 -0.00913201 -0.311505 0.983779 0.171367 -0.053038
0.478513 0.0943502 -0.024803 -0.983779 -0.171367 0.0530378
-0.116779 0.322463 0.232868 -0.17083 0.804739 -0.568518
-0.232672 -0.268551 -0.281004 -0.0547437 0.568356 0.82096
-0.466023 -0.0769416 0.289792 0.17083 -0.804739 0.568518
-0.445779 -0.184983 -0.338895 0.480067 0.571859 0.665216
-0.297863 -0.0701965 0.228116 -0.17083 0.804739 -0.568518
0.319494 0.372098 0.215107 0.0547437 -0.568356 -0.82096
-0.37957 -0.34797 -0.119828 0.17083 -0.804739 0.568518
0.298225 -0.0927611 -0.367303 -0.0547436 0.568356 0.82096
0.175802 -0.206669 -0.296607 -0.0547437 0.568356 0.82096
0.463103 0.256971 -0.00703149 0.983779 0.171367 -0.0530377
-0.322416 -0.0896642 0.228631 0.17083 -0.804739 0.568518
0.0782758 -0.11751 0.0481203 -0.170845 0.80474 -0.568512
-0.380416 -0.24156 0.0103567 -0.17083 0.804739 -0.568518
-0.526108 0.147488 0.145195 -0.983779 -0.171367 0.0530377
0.0106579 -0.142954 -0.35173 -0.0547437 0.568356 0.82096
-0.425504 0.162528 0.310516 0.0547437 -0.568356 -0.82096
-0.244095 -0.384978 -0.215493 0.0547437 -0.568356 -0.82096
-0.482497 -0.0317432 0.153194 0.983779 0.171367 -0.0530378
0.050619 -0.196719 -0.0556893 -0.17083 0.804739 -0.568518
0.125654 -0.0433473 0.138862 -0.17083 0.804739 -0.568518
-0.463168 -0.0653435 0.284657 -0.17083 0.804739 -0.568518
0.0128266 -0.0669014 -0.075818 -0.874206 -0.389958 -0.289303
-0.514816 0.0412986 0.011551 -0.983779 -0.171367 0.0530377
0.0699853 0.339699 0.220899 0.0547437 -0.568356 -0.82096
-0.37346 -0.360135 -0.138884 0.17083 -0.804739 0.568518
-0.460106 -0.173996 0.150632 0.17083 -0.804739 0.568518
0.00430829 0.235048 0.303301 -0.0547437 0.568356 0.82096
0.425508 -0.149342 -0.333975 0.0547437 -0.568356 -0.82096
0.428489 -0.139558 -0.0883219 -0.17083 0.804739 -0.568518
0.403095 0.189782 0.346901 0.0547437 -0.568356 -0.82096
-0.261638 -0.159537 0.111463 0.17083 -0.804739 0.568518
-0.143742 0.167262 0.326027 0.0547437 -0.568356 -0.82096
-0.392045 -0.261305 0.00659467 0.17083 -0.804739 0.568518
0.185651 -0.174688 -0.0650787 -0.17083 0.804739 -0.568518
-0.500354 0.000534911 0.148085 -0.983779 -0.171367 0.0530377
-0.425702 -0.167974 0.128125 -0.17083 0.804739 -0.568518
-0.0999267 0.0826432 0.401861 -0.0547437 0.568356 0.82096
0.399139 -0.0225913 -0.410583 -0.17083 0.804739 -0.568517
-0.233504 0.257536 0.271875 -0.0547437 0.568356 0.82096
-0.269316 -0.279682 -0.0562952 0.17083 -0.804739 0.568518
0.294914 -0.0137534 0.129892 -0.17083 0.804739 -0.568518
-0.258659 0.0446409 0.378889 -0.17083 0.804739 -0.568518
0.325902 -0.195803 -0.13711 -0.17083 0.804739 -0.568518
0.0260134 -0.195485 -0.0465491 -0.17083 0.804739 -0.568518
0.0636855 0.0222152 0.27098 0.17083 -0.804739 0.568518
-0.361567 -0.326574 -0.26376 0.0547437 -0.568356 -0.82096
0.452987 0.356946 0.128357 0.983779 0.171367 -0.0530378
-0.097354 0.000951064 0.28927 0.17083 -0.804739 0.568518
0.484924 0.200085 0.213923 0.983779 0.171367 -0.0530377
0.486287 0.000950971 -0.182386 -0.983779 -0.171367 0.0530379
0.00930587 -0.133519 -0.358352 -0.0547437 0.568356 0.82096
0.13375 -0.0874106 -0.381975 -0.0547437 0.568356 0.82096
-0.476489 -0.249212 -0.232258 -0.969679 -0.23965 -0.0478532
-0.114381 -0.1438 -0.373812 0.0547437 -0.568356 -0.82096
-0.413132 0.0234363 0.39529 -0.17083 0.804739 -0.568518
0.393009 0.00638256 -0.0762727 -0.152424 0.548469 0.822161
-0.244734 -0.181975 0.0539292 -0.17083 0.804739 -0.568518
0.275224 -0.124433 -0.000164952 0.17083 -0.804739 0.568518
-0.177948 -0.305603 -0.141134 -0.17083 0.804739 -0.568518
0.317479 -0.215378 -0.141595 0.17083 -0.804739 0.568518
0.375189 -0.0718502 0.0442286 0.17083 -0.804739 0.568518
-0.0880645 -0.146262 0.0780984 0.17083 -0.804739 0.568518
0.483108 0.17005 0.0831916 0.983779 0.171367 -0.0530378
0.472542 0.141684 -0.200108 -0.17083 0.804739 -0.568518
0.466868 0.143114 -0.196378 -0.17083 0.804739 -0.568518
0.505611 -0.118663 -0.210431 -0.983779 -0.171367 0.053038
0.503283 0.0795333 0.164952 0.983779 0.171367 -0.0530379
0.395568 0.300651 0.282605 0.114252 0.589286 0.799806
-0.0072818 -0.0735655 0.156726 0.17083 -0.804739 0.568518
-0.5082 -0.0411147 -0.132023 -0.983779 -0.171367 0.0530377
0.25847 0.273346 0.293735 -0.0547437 0.568356 0.82096
0.43437 -0.136885 -0.326936 -0.174754 0.543105 0.821278
-0.411332 -0.214062 -0.34405 -0.0660947 -0.585059 -0.808293
0.146261 -0.0392616 0.159147 0.17083 -0.804739 0.568518
0.47349 -0.0112703 0.0797482 -0.17083 0.804739 -0.568518
-0.505159 0.213482 0.23297 0.809243 -0.214569 -0.546888
-0.0990209 -0.258966 -0.293058 0.0547437 -0.568356 -0.82096
-0.474554 -0.126757 -0.00647002 0.983779 0.171367 -0.0530377
0.514406 -0.0591216 -0.0767298 0.983779 0.171367 -0.0530375
-0.358405 -0.31039 -0.260423 -0.0547437 0.568356 0.82096
0.0136911 -0.279342 -0.140852 0.17083 -0.804739 0.568518
-0.491297 0.0729557 0.294815 0.971869 0.0426738 -0.231625
0.197819 0.0404104 0.25643 0.17083 -0.804739 0.568518
0.400288 0.0820182 0.254488 0.17083 -0.804739 0.568518
-0.293674 -0.17359 -0.365145 0.0547437 -0.568356 -0.82096
-0.388089 0.258379 0.260983 -0.0547437 0.568356 0.82096
-0.0832669 -0.153605 0.066262 0.17083 -0.804739 0.568518
0.46461 -0.234073 -0.212268 0.17083 -0.804739 0.568518
-0.0585999 -0.34839 -0.216868 0.17083 -0.804739 0.568518
-0.488526 -0.114723 -0.226739 0.983779 0.171367 -0.0530377
0.0646022 0.347 0.229816 -0.0547437 0.568356 0.82096
0.474897 0.0240667 -0.318967 -0.983779 -0.171367 0.0530377
-0.25893 -0.260299 -0.0526733 -0.170829 0.804738 -0.56852
-0.24283 0.292872 0.232459 0.0547437 -0.568356 -0.82096
-0.114141 -0.222728 -0.0429979 -0.17083 0.804739 -0.568518
0.294432 0.376079 0.21068 0.0547437 -0.568356 -0.82096
0.313453 -0.205015 -0.302904 0.0547437 -0.568356 -0.82096
0.162532 -0.275848 -0.180632 0.17083 -0.804739 0.568518
0.170152 -0.209421 -0.309409 0.0547437 -0.568356 -0.82096
0.445868 0.337351 0.15505 -0.98214 -0.185259 0.032882
0.247102 0.135061 0.354906 -0.17083 0.804739 -0.568518
-0.5107 -0.0195066 -0.108568 -0.983779 -0.171367 0.0530377
-0.290027 -0.166866 -0.355226 -0.0547437 0.568356 0.82096
-0.303389 0.160988 0.334055 -0.0547437 0.568356 0.82096
-0.472325 -0.23321 -0.0872458 -0.983779 -0.171367 0.0530377
0.118218 0.203431 0.332786 -0.0547437 0.568356 0.82096
0.0471383 -0.254144 -0.267363 -0.0434501 -0.582591 -0.811603
0.279929 0.131674 0.340248 -0.17083 0.804739 -0.568518
-0.158157 -0.0873629 0.182532 0.17083 -0.804739 0.568518
0.193396 -0.259414 -0.166643 0.17083 -0.804739 0.568518
0.0198648 0.122916 0.367638 0.0547437 -0.568356 -0.82096
0.193372 0.284082 0.267631 0.0547437 -0.568356 -0.82096
0.322235 -0.233492 -0.282603 0.0547437 -0.568356 -0.82096
0.246454 0.0523016 0.237955 -0.17083 0.804739 -0.568518
0.384157 0.0710805 0.243853 0.17083 -0.804739 0.568518
-0.170453 -0.127064 -0.374808 -0.0547437 0.568356 0.82096
-0.406894 0.0178797 0.38555 -0.170827 0.804741 -0.568515
0.42898 -0.22848 -0.214339 -0.17083 0.804739 -0.568518
0.0468735 0.00883001 0.257085 0.17083 -0.804739 0.568518
