ply
format ascii 1.0
comment Created by Open3D
element vertex 512
property double x
property double y
property double z
property double nx
property double ny
property double nz
end_header
0.208257 -0.179561 0.11478 0.383637 -0.506004 0.772517
0.0649466 0.177947 0.335568 -0.600687 0.498645 0.624922
-0.0770891 -0.11032 -0.226298 -0.701425 -0.703784 -0.112651
0.367314 0.0766541 0.203614 0.383638 -0.506004 0.772517
0.343343 0.350092 -0.0313277 -0.0568907 -0.102265 0.993129
0.239069 0.363803 0.216481 -0.701425 -0.703785 -0.112651
-0.148741 -0.0686905 -0.0402328 -0.701425 -0.703785 -0.112651
0.0804088 0.448442 0.0515676 0.600687 -0.498645 -0.624922
0.56576 0.0657543 0.0856729 0.705428 -0.708087 0.0313874
0.211831 -0.181577 -0.0448284 -0.701425 -0.703785 -0.112651
0.364208 0.276147 -0.0150696 -0.701435 -0.703775 -0.112646
-0.0401968 -0.0758872 0.096506 0.701425 0.703785 0.112651
0.217413 0.335343 0.273505 0.600687 -0.498645 -0.624922
0.287747 0.0201637 -0.0716043 -0.600687 0.498645 0.624922
0.459905 0.177318 0.00650733 -0.701424 -0.703785 -0.11265
0.0549317 0.348818 -0.0674544 0.383638 -0.506004 0.772517
0.0357919 -0.159004 0.142628 0.701425 0.703785 0.112651
-0.301041 -0.177284 0.0785494 -0.335661 0.932591 -0.132687
0.279442 0.381501 0.315115 0.701425 0.703784 0.112651
0.190394 0.0376636 -0.262172 0.600687 -0.498645 -0.624922
0.234067 0.453409 0.148399 0.701425 0.703784 0.112651
-0.22537 0.229608 -0.0449739 -0.701426 -0.703784 -0.112651
-0.180208 -0.0904988 0.0373692 0.600687 -0.498645 -0.624922
-0.121579 0.223198 -0.0620795 0.383638 -0.506004 0.772517
0.507071 0.213078 -0.0500015 0.701425 0.703785 0.112651
0.065921 0.171213 0.258852 0.600687 -0.498645 -0.624922
0.32188 0.330743 -0.0925991 -0.701422 -0.703788 -0.112648
-0.102088 0.151823 -0.173113 -0.701425 -0.703785 -0.112651
0.179562 -0.146256 0.150845 0.383637 -0.506004 0.772517
0.312949 0.287663 0.232154 -0.701425 -0.703784 -0.112651
0.311683 0.0785913 -0.178244 0.600687 -0.498645 -0.624922
0.0488914 0.434287 0.115594 -0.600687 0.498645 0.624922
0.0682581 -0.191767 -0.196501 0.600687 -0.498645 -0.624922
0.476611 0.250863 -0.0964092 0.701425 0.703785 0.112651
0.278129 -0.162673 -0.0179845 0.600687 -0.498645 -0.624922
-0.101258 -0.139461 0.106248 -0.701425 -0.703785 -0.112651
-0.0196337 0.0561328 0.351332 -0.570841 0.460075 0.680053
-0.244552 0.152395 -0.0572613 0.701425 0.703784 0.112651
-0.359147 -0.237428 -0.0115121 0.344438 -0.580313 -0.73797
-0.0548531 0.294211 -0.0487018 0.383638 -0.506004 0.772517
0.0972315 0.31882 -0.108109 0.383638 -0.506004 0.772517
0.350471 0.26791 0.121927 -0.701424 -0.703786 -0.112649
-0.30181 -0.228966 0.190615 -0.0184727 -0.790105 0.612694
0.371233 -0.0128372 0.0758874 -0.383638 0.506004 -0.772517
-0.330545 0.115065 -0.0962968 -0.383637 0.506004 -0.772517
-0.0347731 -0.192194 0.0217264 -0.701425 -0.703785 -0.112651
0.0615026 -0.299511 0.092726 -0.701425 -0.703785 -0.112651
-0.256403 -0.156259 0.111919 -0.284378 0.933558 -0.218169
-0.344583 -0.114249 0.175072 -0.600687 0.498645 0.624922
0.0679914 0.233462 0.294197 -0.600687 0.498645 0.624922
0.327808 0.150322 -0.136955 -0.600687 0.498645 0.624922
-0.0450715 -0.139782 -0.179421 -0.0214034 -0.137183 0.990314
0.53251 0.0939376 0.0217735 0.600687 -0.498646 -0.624922
-0.358428 -0.0683344 -0.144043 0.310632 -0.587077 -0.747562
0.293923 -0.0592581 0.083874 -0.383638 0.506004 -0.772517
0.186292 0.130171 -0.256904 -0.600687 0.498645 0.624922
0.0675439 0.0764729 -0.252105 0.383638 -0.506004 0.772517
0.229994 0.306218 0.391681 -0.570842 0.460076 0.680051
-0.027943 0.179548 0.161977 0.600687 -0.498645 -0.624922
-0.268685 -0.106465 0.162848 0.43265 0.217428 -0.874951
0.406808 0.342187 -0.23232 0.70143 0.70378 0.112652
-0.391054 -0.157294 -0.0802377 -0.0436382 -0.611577 -0.78998
0.199891 -0.0148661 -0.211128 0.600687 -0.498645 -0.624922
0.335643 0.149678 0.20001 -0.383638 0.506004 -0.772517
0.374386 0.363714 -0.164935 0.701425 0.703785 0.112651
-0.422442 -0.226274 0.0241047 -0.18096 0.910459 -0.371911
0.0396223 -0.120626 -0.163751 -0.328391 0.178836 0.927457
0.441576 0.0737667 0.164844 0.383638 -0.506004 0.772517
0.209193 -0.105511 0.0956559 -0.383637 0.506004 -0.772517
0.348801 -0.0293136 0.143398 0.383638 -0.506004 0.772517
-0.0601725 0.0122529 0.320316 -0.702131 0.669038 -0.243722
0.285664 0.32328 0.179524 -0.701425 -0.703785 -0.112651
-0.0603992 0.225532 0.177113 -0.600687 0.498645 0.624922
0.277743 -0.111997 0.0242345 -0.600687 0.498645 0.624922
0.1712 -0.138366 -0.0617925 -0.701425 -0.703785 -0.112651
0.155486 0.250951 0.281317 0.600687 -0.498645 -0.624922
0.316115 0.408315 -0.0807522 0.701425 0.703785 0.112651
0.415325 0.140639 -0.128132 0.600687 -0.498645 -0.624922
0.024744 0.0427792 0.284385 -0.383637 0.506004 -0.772517
-0.238599 0.0484385 0.147133 -0.600687 0.498645 0.624922
0.0149495 -0.247219 0.0558955 -0.701425 -0.703785 -0.112651
-0.138081 0.133794 0.163638 -0.701427 -0.703783 -0.112649
-0.0129955 0.254635 0.116431 0.600687 -0.498645 -0.624922
0.306092 0.407825 -0.0152827 0.701425 0.703785 0.112651
-0.41772 -0.107416 0.0993195 -0.600687 0.498645 0.624922
0.181881 0.0753055 0.227655 -0.383637 0.506004 -0.772517
-0.119334 -0.0666072 -0.23635 -0.701425 -0.703785 -0.112651
0.00148312 -0.244748 0.124307 -0.701425 -0.703785 -0.112651
0.166599 0.474457 -0.0235849 -0.701425 -0.703785 -0.112651
0.401428 0.219963 0.104189 -0.701425 -0.703785 -0.112651
-0.475731 -0.201142 0.0610926 -0.999725 0.0057032 -0.0227603
0.136998 -0.00974154 0.261401 0.383637 -0.506004 0.772517
-0.10741 0.29996 -0.0104887 0.600687 -0.498645 -0.624922
-0.110215 -0.0739863 -0.102755 0.668507 -0.704436 0.238469
-0.287613 0.0700483 -0.147103 -0.383638 0.506004 -0.772517
0.168319 0.111789 -0.32194 -0.328389 0.178835 0.927458
0.180012 0.232502 -0.205757 0.383637 -0.506004 0.772517
0.124359 0.23816 0.34463 -0.600687 0.498645 0.624922
0.239236 0.222253 0.362587 0.383637 -0.506004 0.772517
-0.162924 -0.175592 0.26363 -0.0184725 -0.790105 0.612694
0.163377 -0.0503127 0.221727 0.383637 -0.506004 0.772517
-0.472377 -0.0692014 -0.028647 -0.995394 0.0721024 0.0631881
-0.0989318 0.246833 0.123078 -0.600687 0.498645 0.624922
0.35074 0.237258 0.317041 0.383637 -0.506004 0.772517
-0.167911 0.0734572 -0.204315 -0.383637 0.506004 -0.772517
0.38855 -0.0616798 0.00756897 0.600687 -0.498646 -0.624922
0.210534 -0.0874665 0.173972 0.383637 -0.506004 0.772517
0.401072 0.316831 -0.0381967 0.701422 0.703788 0.112653
0.332098 0.137044 -0.205262 0.600687 -0.498645 -0.624922
0.261962 0.0596561 -0.127902 -0.600687 0.498645 0.624922
-0.24463 -0.2049 0.223373 -0.0184725 -0.790105 0.612694
-0.333636 -0.176777 -0.0412646 0.600687 -0.498645 -0.624922
-0.254422 -0.261009 0.150722 -0.0184725 -0.790105 0.612694
-0.0509691 0.0799508 0.302342 -0.600687 0.498645 0.624922
-0.119795 -0.0283686 0.231146 0.549214 -0.106444 -0.828875
0.0901063 -0.0189961 -0.302624 -0.701425 -0.703785 -0.112651
0.139749 0.532847 0.124283 -0.600687 0.498645 0.624922
-0.43106 0.021578 -0.107615 -0.383636 0.506005 -0.772517
0.121811 -0.261913 0.103769 0.383637 -0.506004 0.772517
0.246312 -0.213793 -0.00777652 0.600687 -0.498645 -0.624922
-0.341524 -0.132214 0.11998 0.489982 0.0795801 -0.868092
-0.120657 -0.106285 0.0197688 -0.701425 -0.703785 -0.112651
0.233202 0.197975 -0.254787 0.383637 -0.506004 0.772517
-0.0486149 -0.0549574 0.0181632 0.701425 0.703785 0.112651
-0.139555 -0.0977139 0.20051 -0.115689 0.88124 -0.458293
0.312294 0.0731897 0.161505 -0.383638 0.506004 -0.772517
0.437201 0.115804 0.127388 -0.383638 0.506004 -0.772517
0.246758 -0.22803 0.0639128 0.383637 -0.506004 0.772517
0.0574014 -0.260278 -0.126844 -0.701425 -0.703785 -0.112651
-0.000411221 -0.0637012 -0.227351 0.701424 0.703786 0.11265
-0.32494 -0.154016 0.225684 -0.600687 0.498646 0.624922
0.464305 0.114525 0.0228122 -0.600687 0.498645 0.624922
0.334526 -0.0320574 0.0150289 -0.600687 0.498645 0.624922
0.492657 0.18915 0.189231 0.701425 0.703785 0.112651
0.262808 0.0504663 -0.202782 0.600687 -0.498645 -0.624922
0.166578 0.281435 -0.167034 0.383637 -0.506004 0.772517
0.245174 0.279729 -0.207184 0.383637 -0.506004 0.772517
-0.266112 -0.143484 -0.00292537 0.600687 -0.498645 -0.624922
0.195204 0.527904 -0.0750237 0.701426 0.703784 0.11265
0.346872 0.115441 -0.0907969 -0.600687 0.498645 0.624922
0.229427 0.480709 -0.134883 -0.383637 0.506004 -0.772517
-0.24162 0.0248266 -0.113684 0.600687 -0.498645 -0.624922
-0.100606 -0.158056 0.16779 0.600687 -0.498645 -0.624922
-0.00169646 -0.00359525 0.334304 0.383637 -0.506004 0.772517
0.339953 -0.031174 -0.0634855 0.600687 -0.498645 -0.624922
0.416561 0.0904083 -0.0868621 0.600687 -0.498645 -0.624922
0.480701 0.139198 -0.0641406 0.600687 -0.498645 -0.624922
0.0368337 0.0288404 -0.269777 -0.701425 -0.703785 -0.112651
0.2527 0.393986 -0.056953 -0.701425 -0.703785 -0.112651
0.0906205 0.455842 -0.0150759 0.383638 -0.506004 0.772517
0.079523 -0.175197 -0.0284968 0.701425 0.703785 0.112652
-0.0773542 -0.0896199 -0.353969 -0.701425 -0.703785 -0.112651
-0.101621 0.210956 -0.147173 -0.383637 0.506004 -0.772517
0.105548 0.405482 0.110011 0.600687 -0.498645 -0.624922
0.047513 0.503947 0.0586841 -0.600687 0.498645 0.624922
-0.0808815 -0.0481614 -0.0352698 0.691591 -0.633835 -0.346346
0.0626417 0.249604 -0.136269 0.383638 -0.506004 0.772517
0.0839953 -0.0979441 0.228652 -0.701425 -0.703785 -0.112651
0.367318 0.218377 -0.15328 -0.600687 0.498645 0.624922
-0.187835 -0.0813517 0.299491 -0.600687 0.498646 0.624922
0.189168 -0.0768532 -0.0889484 -0.600687 0.498645 0.624922
0.131674 0.179711 0.315274 0.600687 -0.498645 -0.624922
0.0150112 0.39109 -0.0871042 -0.383637 0.506004 -0.772517
-0.107421 0.0151168 -0.0534627 0.701425 0.703785 0.112651
-0.0431392 -0.207083 0.166836 -0.701425 -0.703785 -0.112651
-0.0714131 0.160539 0.218387 -0.600687 0.498645 0.624922
0.178413 0.499557 0.188011 -0.600687 0.498645 0.624922
0.207091 0.492034 0.0750575 0.701415 0.703794 0.112654
0.255636 0.345632 -0.169212 0.383637 -0.506004 0.772517
0.093778 -0.00784391 0.216944 -0.383637 0.506004 -0.772517
0.344693 -0.10216 0.097723 0.383638 -0.506004 0.772517
-0.00960994 -0.174877 -0.243136 -0.701425 -0.703785 -0.112651
0.0534894 0.333499 -0.143935 -0.383637 0.506004 -0.772517
0.0649048 -0.177686 0.0780739 0.701425 0.703785 0.112651
0.139866 0.366892 0.173791 0.600687 -0.498645 -0.624922
0.439726 0.275001 -0.211888 0.600687 -0.498645 -0.624922
0.0824599 0.455775 -0.0782302 -0.383637 0.506004 -0.772517
0.568677 0.134527 0.0571487 0.701425 0.703784 0.112651
-0.0122283 0.255573 0.199445 -0.600687 0.498645 0.624922
0.443744 0.270741 -0.0159496 0.701425 0.703785 0.112651
0.462125 0.0256489 0.123122 0.383638 -0.506004 0.772517
0.198218 0.065445 -0.193793 -0.600687 0.498645 0.624922
0.29948 0.204965 -0.207786 -0.600687 0.498645 0.624922
-0.147528 0.235372 0.0855119 -0.600687 0.498645 0.624922
0.258731 -0.0111233 -0.157556 0.600687 -0.498645 -0.624922
0.387444 0.276923 0.295988 0.701425 0.703785 0.112651
-0.0578541 -0.148012 0.267598 0.383637 -0.506004 0.772517
0.264725 0.103368 0.204895 -0.383637 0.506004 -0.772517
-0.0744284 0.0964799 0.183577 0.600687 -0.498645 -0.624922
-0.297999 -0.064638 0.0760726 0.230185 -0.925286 0.30143
-0.257434 -0.0434183 0.114227 0.335636 -0.932603 0.132664
-0.434525 -0.059218 0.0447074 -0.600687 0.498645 0.624922
-0.223623 0.11355 0.0551129 0.701425 0.703785 0.112651
0.000313007 -0.0434791 -0.358198 0.701425 0.703784 0.112651
0.196297 0.441977 0.251147 -0.600687 0.498645 0.624922
0.338889 0.0156582 -0.0188513 -0.600687 0.498645 0.624922
-0.166198 -0.202837 0.140474 0.600687 -0.498645 -0.624922
-0.139394 0.0636103 -0.157345 0.701425 0.703785 0.112651
-0.0217073 0.356395 0.109885 -0.600687 0.498645 0.624922
0.330932 0.346061 0.215918 0.701426 0.703784 0.11265
-0.152698 0.0481542 0.0220531 0.701425 0.703785 0.112651
0.184247 0.337084 -0.139359 0.383637 -0.506004 0.772517
0.414554 0.194116 0.183941 -0.701425 -0.703785 -0.112651
-0.16144 0.288024 0.0301271 -0.600687 0.498645 0.624922
0.0490083 -0.0167409 0.300513 0.383637 -0.506004 0.772517
-0.107764 0.304229 0.068791 -0.600687 0.498645 0.624922
0.506376 0.0111572 0.0631984 0.657431 -0.577811 -0.483651
-0.320121 -0.155724 0.0123342 -0.581746 0.256959 0.771714
0.295271 0.350893 0.407775 0.701422 0.703788 0.112651
-0.110592 0.0468146 -0.231751 0.701425 0.703785 0.112651
0.228608 -0.0238141 0.139526 -0.383637 0.506004 -0.772517
0.166468 0.293962 0.340581 -0.600687 0.498645 0.624922
0.466888 0.238615 0.0406552 0.701426 0.703783 0.112654
-0.179758 0.310582 -0.0429541 -0.42679 0.541318 -0.724448
0.275204 -0.0705073 0.152965 0.383637 -0.506004 0.772517
-0.448258 0.0185301 -0.032689 -0.729492 0.429684 0.532178
-0.2389 -0.103785 0.0591605 -0.508912 -0.0267042 0.860404
0.274491 0.397687 0.244824 0.701425 0.703785 0.11265
0.477593 0.214232 0.126326 0.701425 0.703785 0.112651
0.198124 0.42255 0.104408 -0.701426 -0.703783 -0.11265
-0.313774 0.1092 0.0263891 -0.600687 0.498645 0.624922
-0.0807172 0.00807105 -0.175719 0.701425 0.703785 0.112651
0.253278 0.37794 -0.214042 -0.383637 0.506004 -0.772517
0.0895183 0.297767 -0.185232 -0.383637 0.506004 -0.772517
-0.400344 -0.203942 -0.0430868 -0.149484 -0.603747 -0.783035
0.0642463 0.16537 -0.259403 -0.383637 0.506004 -0.772517
0.0943461 0.456087 0.14189 -0.600687 0.498645 0.624922
-0.292463 -0.264303 0.0681515 0.600687 -0.498645 -0.624922
-0.184607 0.103115 -0.122629 0.701425 0.703785 0.112651
-0.112581 -0.0525877 0.342088 -0.302252 0.150576 0.94126
0.452216 0.185294 -0.128302 0.600687 -0.498645 -0.624922
-0.0967231 0.306421 -0.087075 -0.383637 0.506004 -0.772517
-0.00863156 0.114926 0.232104 0.600687 -0.498645 -0.624922
-0.273479 -0.0369559 0.181744 -0.600687 0.498645 0.624922
0.405944 0.227559 0.0286135 -0.701425 -0.703785 -0.112649
0.118829 0.198537 -0.197621 0.383637 -0.506004 0.772517
-0.097327 0.370106 0.0262576 -0.600687 0.498645 0.624922
0.0492081 0.505915 -0.0288755 -0.383637 0.506004 -0.772517
0.00430059 0.0927448 -0.277203 -0.383637 0.506004 -0.772517
0.491206 0.106131 0.161396 0.383638 -0.506004 0.772517
0.00159327 0.30231 -0.071429 0.383638 -0.506004 0.772517
0.244665 0.14184 -0.210105 -0.600687 0.498645 0.624922
-0.0251443 0.443837 -0.0326126 -0.383637 0.506004 -0.772517
0.399863 0.0139762 0.146396 0.383638 -0.506004 0.772517
0.0553231 0.129458 -0.211331 0.383638 -0.506004 0.772517
0.374441 0.0334957 -0.0819365 0.600687 -0.498645 -0.624922
0.273113 0.314569 -0.265401 -0.383637 0.506004 -0.772517
-0.167519 -0.00763492 -0.257626 -0.383637 0.506004 -0.772517
0.367994 0.0580361 0.123918 -0.383638 0.506004 -0.772517
0.123501 -0.334083 -0.0298422 0.600687 -0.498645 -0.624922
-0.0278656 0.421415 0.0520835 -0.600687 0.498645 0.624922
0.0099585 -0.123027 0.0787165 0.701425 0.703785 0.112651
0.112614 0.515314 -0.0542071 -0.383637 0.506004 -0.772517
0.0933015 -0.198001 0.0281782 0.701425 0.703785 0.112651
0.0560747 -0.190221 -0.100057 -0.705315 0.662632 0.251892
0.189014 0.398945 -0.16837 -0.383637 0.506004 -0.772517
0.100317 -0.0263924 -0.214617 -0.600687 0.498645 0.624922
0.228582 0.398654 -0.121047 0.383637 -0.506004 0.772517
-0.178373 0.250744 -0.0829954 -0.383637 0.506004 -0.772517
-0.123797 -0.072108 -0.174196 -0.701425 -0.703785 -0.112651
0.306798 0.184765 0.237317 -0.383637 0.506004 -0.772517
-0.34729 0.0203016 0.0651084 -0.600687 0.498645 0.624922
-0.209682 -0.127661 0.160606 -0.0935284 0.869037 -0.485827
0.31241 0.0101093 0.12013 -0.383638 0.506004 -0.772517
0.291756 0.275146 0.37115 0.383637 -0.506004 0.772517
0.54269 0.172605 -0.01893 0.701425 0.703784 0.112651
0.291236 0.39212 0.175337 0.701425 0.703784 0.112651
0.158069 -0.150665 0.0968021 -0.701425 -0.703785 -0.112651
-0.368909 -0.0714521 0.117541 -0.600687 0.498645 0.624922
0.307391 0.121024 0.262435 0.383637 -0.506004 0.772517
-0.0927629 0.0862776 0.25712 -0.600687 0.498645 0.624922
0.0789257 0.575324 0.00357327 -0.552699 0.636881 -0.5375
-0.464336 -0.0526331 -0.0965366 -0.918927 -0.228063 -0.321807
0.11681 0.18466 -0.272871 -0.383637 0.506004 -0.772517
0.169231 -0.275569 -0.0325756 0.600687 -0.498645 -0.624922
0.40443 0.249694 -0.100246 -0.701425 -0.703785 -0.112651
-0.364046 -0.286084 0.0245912 0.300592 -0.588837 -0.750277
-0.120915 -0.0547506 -0.300578 -0.701425 -0.703785 -0.112651
0.251038 0.385776 0.00468318 -0.701424 -0.703785 -0.112653
-0.195888 -0.0245711 0.246445 -0.600687 0.498645 0.624922
0.170028 0.383065 -0.10218 0.383637 -0.506004 0.772517
-0.178936 0.0572789 0.128419 0.701425 0.703785 0.112651
0.222367 -0.00381649 0.222887 0.383637 -0.506004 0.772517
0.246348 0.142303 0.239524 -0.383637 0.506004 -0.772517
0.548174 0.139992 0.150665 0.701425 0.703785 0.112651
0.246182 0.381581 0.0611292 -0.70142 -0.703789 -0.112658
-0.439457 -0.2813 0.0576388 -0.667605 -0.742933 -0.048516
-0.184341 0.0883851 -0.0322625 0.701425 0.703785 0.112651
0.066902 0.228733 -0.219218 -0.383637 0.506004 -0.772517
0.195182 -0.300273 0.0327625 0.701428 0.703783 0.112645
0.143237 -0.0116438 -0.268157 0.600687 -0.498645 -0.624922
-0.0405241 -0.0983113 0.238638 0.701425 0.703785 0.112651
0.121192 0.0455859 -0.334899 0.570834 -0.460066 -0.680065
-0.0964838 -0.0299388 0.159917 0.701425 0.703785 0.112651
0.124546 0.188611 0.379564 -0.364057 0.217893 0.90553
0.508759 0.19533 0.0503608 0.701425 0.703784 0.112651
0.0544721 -0.27691 -0.00469729 -0.701425 -0.703785 -0.112652
-0.215245 -0.0194607 -0.052993 0.600687 -0.498645 -0.624922
0.376359 0.351816 -0.102887 0.701418 0.703792 0.112647
0.206574 0.437719 0.0343707 -0.699321 0.649037 0.299502
0.230332 -0.0141815 -0.0993876 -0.600687 0.498645 0.624922
-0.121261 0.00331148 0.106463 0.701425 0.703785 0.112651
0.222866 0.212889 0.29742 -0.383637 0.506004 -0.772517
-0.100908 -0.00235925 0.0151612 0.701425 0.703785 0.112651
0.213131 -0.0643666 -0.158903 0.600687 -0.498645 -0.624922
0.142781 0.0854913 0.320908 0.383637 -0.506004 0.772517
-0.043396 0.364367 -0.0756024 -0.383637 0.506004 -0.772517
-0.142506 -0.0146458 0.289836 -0.600687 0.498645 0.624922
0.347527 0.324926 -0.21595 -0.701425 -0.703785 -0.112651
0.208216 0.359936 0.328066 -0.600687 0.498645 0.624922
0.260488 0.438687 0.0758594 0.701426 0.703784 0.112651
-0.011135 -0.159904 0.236608 0.383637 -0.506004 0.772517
0.228866 -0.13258 -0.089349 0.600687 -0.498645 -0.624922
0.139311 -0.245822 0.0404611 0.701425 0.703785 0.112651
0.328557 0.340163 -0.276171 -0.383637 0.506004 -0.772517
0.225653 0.104964 0.292507 0.383637 -0.506004 0.772517
0.312095 -0.102537 -0.0333202 0.600687 -0.498645 -0.624922
0.452662 -0.044362 0.0784644 0.612745 -0.676169 0.409072
0.318652 -0.178379 0.0576444 0.594155 -0.66467 0.452983
-0.075464 0.268857 -0.122237 -0.383637 0.506004 -0.772517
0.152719 0.549424 0.0550679 0.701425 0.703785 0.112651
0.288785 0.3906 0.103839 0.627676 -0.535064 -0.565446
-0.190319 -0.0151468 -0.115861 -0.701425 -0.703785 -0.112651
0.0439089 0.265975 0.245106 -0.600687 0.498645 0.624922
-0.358012 -0.11578 -0.106609 0.310632 -0.587077 -0.747562
0.130172 0.0790127 -0.270026 -0.600687 0.498645 0.624922
-0.414212 -0.0456818 -0.151299 -0.580529 0.0843286 -0.809861
-0.375025 -0.198334 0.0656585 -0.0483488 0.840593 -0.539506
0.131721 0.342125 -0.177135 -0.383637 0.506004 -0.772517
-0.0843991 0.16694 0.117771 0.600687 -0.498645 -0.624922
0.408708 0.224519 0.27991 0.383638 -0.506004 0.772517
-0.0137708 0.22886 -0.179072 -0.383637 0.506004 -0.772517
0.134424 0.426682 0.203877 -0.600687 0.498645 0.624922
0.229979 0.29317 0.319234 0.600687 -0.498645 -0.624922
0.296098 0.188616 0.312316 0.383637 -0.506004 0.772517
0.392938 -0.00937256 -0.0299511 0.600687 -0.498645 -0.624922
-0.353273 -0.209558 0.21409 -0.0184727 -0.790105 0.612694
-0.0520688 0.309624 0.0349951 0.600687 -0.498645 -0.624922
0.283605 0.223067 -0.314442 0.302236 -0.150559 -0.941268
0.0948751 0.272725 0.205683 0.600687 -0.498645 -0.624922
0.328945 0.413422 -0.192545 0.701425 0.703785 0.112651
0.0723718 0.0983628 0.297141 -0.383637 0.506004 -0.772517
0.204478 0.505 0.0103236 0.701422 0.703788 0.112652
0.194629 0.442316 -0.0755869 0.383637 -0.506004 0.772517
0.0300217 -0.191631 0.195388 0.383637 -0.506004 0.772517
0.290034 -0.00129226 0.190936 0.383637 -0.506004 0.772517
0.1998 0.342626 -0.210616 -0.383637 0.506004 -0.772517
0.0180163 -0.21741 -0.0281732 -0.58684 0.659961 -0.469116
0.330041 0.213442 -0.2682 0.600687 -0.498645 -0.624922
-0.14346 0.0563659 -0.0867692 0.701425 0.703785 0.112651
-0.407064 0.0934624 -0.0595667 -0.709575 0.704415 0.017375
0.409544 0.28758 0.0917977 0.701421 0.70379 0.112642
0.197896 -0.181056 0.0517835 -0.383637 0.506004 -0.772517
-0.361188 0.00828196 -0.151022 -0.383637 0.506004 -0.772517
0.0332253 0.398442 -0.0241701 0.383638 -0.506004 0.772517
0.275249 -0.1339 0.11142 0.383637 -0.506004 0.772517
0.358392 0.0804794 -0.134853 0.600687 -0.498645 -0.624922
0.242982 0.103676 -0.264296 0.600687 -0.498645 -0.624922
0.145706 -0.100047 -0.142448 -0.701425 -0.703785 -0.112651
-0.0434546 0.178488 -0.197325 -0.383637 0.506004 -0.772517
-0.214174 0.246428 0.0126284 -0.600687 0.498645 0.624922
-0.294705 0.063389 0.0812735 -0.600687 0.498645 0.624922
0.430055 0.30327 -0.133936 0.701425 0.703785 0.112651
-0.367477 -0.09236 0.0487976 0.36008 -0.928629 0.089391
0.200766 0.404255 0.202262 -0.701425 -0.703785 -0.112651
-0.367729 0.06727 -0.109137 -0.383637 0.506004 -0.772517
-0.0939223 -0.199618 0.230186 0.253574 -0.929948 0.266265
0.284081 0.309144 0.2777 -0.701425 -0.703785 -0.112651
0.167012 -0.0809366 0.1327 -0.383637 0.506004 -0.772517
-0.275764 -0.0996599 -0.0471718 0.600687 -0.498645 -0.624922
0.310901 0.356789 -0.186956 -0.701425 -0.703785 -0.112651
0.415905 0.157364 -0.0578934 -0.600687 0.498645 0.624922
-0.468942 -0.129308 0.0460058 -0.937238 0.22705 0.264637
0.281902 0.155008 -0.267845 0.600687 -0.498645 -0.624922
0.362342 0.280084 -0.290327 0.600687 -0.498645 -0.624922
0.436284 0.0336563 0.0604056 -0.600687 0.498645 0.624922
0.0313038 -0.081525 -0.313472 0.701425 0.703785 0.112651
0.0104923 0.156123 -0.171602 0.383638 -0.506004 0.772517
0.348347 -0.110565 0.0362818 -0.0213897 -0.137196 0.990313
-0.144748 0.0116014 0.200914 0.701425 0.703785 0.112651
-0.121689 -0.136612 0.306765 0.383637 -0.506004 0.772517
0.0320083 -0.0473791 0.236447 -0.701425 -0.703785 -0.112651
0.0473964 0.0332425 -0.337579 -0.383637 0.506004 -0.772517
-0.0235755 -0.131708 -0.332697 0.600687 -0.498645 -0.624922
-0.309694 -0.0686857 -0.104501 0.600687 -0.498645 -0.624922
0.19061 0.174165 0.355237 0.383637 -0.506004 0.772517
0.143405 0.437662 -0.12036 -0.383637 0.506004 -0.772517
0.220529 0.166453 -0.325247 0.204268 -0.0470741 -0.977783
0.364378 0.299085 -0.159428 -0.701419 -0.70379 -0.112653
-0.0234707 0.368767 0.0152922 0.600687 -0.498645 -0.624922
0.372861 0.196315 -0.213374 0.600687 -0.498645 -0.624922
-0.450906 -0.148785 -0.0515592 -0.736231 -0.403657 -0.543162
0.387319 -0.0643945 0.101292 0.383638 -0.506004 0.772517
0.39377 0.353681 -0.296073 -0.0725958 0.227776 -0.971004
0.0558776 0.389383 0.158139 -0.600687 0.498645 0.624922
0.0896143 0.346761 0.224577 -0.600687 0.498645 0.624922
0.328693 0.0322653 -0.124929 0.600687 -0.498645 -0.624922
-0.0141295 0.19246 0.247978 -0.600687 0.498645 0.624922
-0.225913 -0.166444 0.0540349 0.600687 -0.498645 -0.624922
-0.0575449 -0.182803 0.10485 -0.701424 -0.703785 -0.112651
-0.110127 0.373442 -0.036519 -0.383637 0.506004 -0.772517
-0.0550499 -0.128728 0.0267433 0.230443 -0.0743697 -0.97024
0.188367 -0.00177589 -0.149625 -0.600687 0.498645 0.624922
0.244232 0.160657 0.31976 0.383637 -0.506004 0.772517
-0.303228 0.185536 -0.0243846 -0.600687 0.498645 0.624922
0.288807 0.250689 -0.247873 0.383637 -0.506004 0.772517
0.256166 0.454798 0.00212243 0.701424 0.703785 0.112652
0.234934 -0.102436 -0.0245436 -0.600687 0.498645 0.624922
-0.201856 -0.0631312 0.204876 0.522194 -0.0135019 -0.85272
0.0182647 -0.186908 -0.150502 -0.548322 0.431856 0.716131
0.274498 0.0452235 0.22912 0.383637 -0.506004 0.772517
0.0424701 0.233343 0.186735 0.600687 -0.498645 -0.624922
0.244878 0.045375 0.176765 -0.383637 0.506004 -0.772517
0.0318637 -0.157183 0.0151881 -0.353219 0.48052 -0.802706
0.162101 0.315753 0.235969 0.600687 -0.498645 -0.624922
-0.2215 -0.0739862 -0.0154975 0.600687 -0.498645 -0.624922
0.439543 0.135029 0.205981 0.383638 -0.506004 0.772517
0.343039 0.265414 -0.21415 -0.600687 0.498645 0.624922
-0.0564491 0.306081 0.116638 -0.600687 0.498645 0.624922
-0.312223 -0.219448 0.0133664 0.600687 -0.498645 -0.624922
0.154096 0.00953168 0.198371 -0.383637 0.506004 -0.772517
0.218448 0.255748 -0.276782 -0.383637 0.506004 -0.772517
-0.156719 -0.0354828 -0.198022 -0.701425 -0.703785 -0.112651
0.351638 0.391563 -0.253966 -0.383637 0.506004 -0.772517
0.462524 0.160947 0.0924759 -0.701425 -0.703785 -0.112651
0.366846 0.237012 0.213001 -0.701425 -0.703785 -0.112651
0.0366815 0.108614 0.362661 -0.502022 0.375646 0.779015
0.112922 0.520126 0.0159559 0.383638 -0.506004 0.772517
0.108501 0.12629 -0.239815 0.383637 -0.506004 0.772517
-0.0847397 0.240537 0.0587181 0.600687 -0.498645 -0.624922
0.106202 0.38746 -0.0676049 0.383638 -0.506004 0.772517
0.103048 0.0276407 0.302746 0.383637 -0.506004 0.772517
0.284186 0.252191 0.292711 -0.383637 0.506004 -0.772517
0.137641 -0.228175 -0.100759 0.600687 -0.498645 -0.624922
-0.298991 -0.0983732 0.0328926 -0.263925 -0.515115 0.815476
0.0803682 0.326513 0.148819 0.600687 -0.498645 -0.624922
0.175957 0.230605 0.377611 0.230438 -0.0743636 -0.970241
0.410905 0.274026 0.168003 0.701425 0.703785 0.112651
-0.130802 0.169148 -0.102562 -0.701424 -0.703786 -0.112649
-0.0648317 -0.112628 -0.288201 -0.701424 -0.703785 -0.112651
0.0968606 0.380457 -0.134715 -0.383637 0.506004 -0.772517
-0.00421719 0.478469 0.0292899 -0.600687 0.498645 0.624922
0.457706 0.233843 -0.161765 0.600687 -0.498645 -0.624922
0.142891 0.570574 -0.0158782 0.701425 0.703785 0.112651
0.343574 0.323868 0.275857 0.701426 0.703784 0.112649
-0.181959 -0.0121566 0.14861 0.257564 -0.930593 0.260109
-0.00179795 0.299467 -0.13877 -0.383637 0.506004 -0.772517
0.0523239 0.0389197 0.335324 0.383637 -0.506004 0.772517
-0.0804485 -0.0638995 0.272242 0.701425 0.703785 0.112651
0.378174 0.112267 0.154385 -0.383638 0.506004 -0.772517
-0.17592 -0.220491 0.205339 -0.0184725 -0.790105 0.612694
0.137639 0.0252904 -0.219982 -0.600687 0.498645 0.624922
-0.157086 0.231142 -0.00332583 0.600687 -0.498645 -0.624922
-0.207565 0.0274021 0.193749 -0.600687 0.498645 0.624922
0.257387 0.464083 -0.0634897 0.701425 0.703785 0.112651
-0.171942 -0.140039 0.0848438 0.600687 -0.498645 -0.624922
-0.351884 0.140334 -0.0350851 -0.600687 0.498645 0.624922
0.0911543 -0.168791 -0.140942 0.701425 0.703785 0.112651
-0.443703 -0.26796 0.120378 -0.37973 -0.865878 0.325668
0.471892 0.0570346 -0.00704735 0.600687 -0.498646 -0.624922
-0.393544 0.0274424 0.0149498 -0.600687 0.498645 0.624922
-0.39757 -0.130506 -0.0176242 -0.129831 -0.683621 0.718197
0.108028 0.292109 0.285885 -0.600687 0.498645 0.624922
0.115773 -0.118792 0.161033 -0.701425 -0.703785 -0.112651
-0.141158 -0.071712 0.119509 -0.570778 0.198336 0.79679
-0.211586 0.0213658 -0.211551 -0.701429 -0.703779 -0.112659
0.166959 0.13185 0.272102 -0.383637 0.506004 -0.772517
0.446584 0.227808 0.234589 0.701425 0.703785 0.112651
-0.0207158 -0.000761436 0.278442 -0.383637 0.506004 -0.772517
0.115789 -0.283512 -0.0776077 0.600687 -0.498645 -0.624922
-0.192636 -0.0616172 0.0917658 -0.365659 -0.350443 0.862255
0.174294 0.202836 -0.289513 -0.383637 0.506004 -0.772517
-0.266361 0.123618 -0.122569 -0.383637 0.506004 -0.772517
0.152816 -0.0766683 -0.207064 0.600687 -0.498645 -0.624922
0.18062 0.284328 -0.239277 -0.383637 0.506004 -0.772517
0.162534 0.367595 0.278044 -0.600687 0.498645 0.624922
0.27654 -0.0440827 -0.0311131 -0.600687 0.498645 0.624922
0.348341 0.306588 0.354129 0.701425 0.703785 0.112651
-0.413866 -0.109969 -0.11119 -0.325515 -0.574782 -0.750777
0.126515 -0.35574 0.0392152 -0.701425 -0.703785 -0.112651
0.0251546 0.310685 0.191403 -0.600687 0.498645 0.624922
-0.217189 -0.143864 0.30291 -0.0184725 -0.790105 0.612694
0.0625843 -0.125155 -0.235663 0.701425 0.703785 0.112651
0.363799 0.162725 0.261737 0.383638 -0.506004 0.772517
-0.429551 -0.162848 0.132178 -0.600687 0.498645 0.624922
0.26632 0.443923 -0.1773 -0.383637 0.506004 -0.772517
-0.0531812 0.00063975 -0.300746 0.701425 0.703785 0.112651
-0.0054529 0.145641 -0.237712 -0.383637 0.506004 -0.772517
-0.23062 -0.215205 0.0884195 0.600687 -0.498645 -0.624922
-0.0358876 0.0926019 -0.215325 -0.701425 -0.703785 -0.112651
-0.0575725 -0.024882 -0.113957 0.701425 0.703785 0.112651
0.506924 0.114102 0.0916484 -0.383638 0.506004 -0.772517
-0.386322 -0.172967 0.181805 -0.600687 0.498645 0.624922
0.132317 0.489411 0.068773 0.600687 -0.498645 -0.624922
0.103421 0.126232 0.367139 0.383638 -0.506004 0.772517
-0.316588 -0.0105137 0.119208 -0.600687 0.498645 0.624922
0.264778 -0.0755372 -0.100346 0.600687 -0.498645 -0.624922
-0.148591 0.167807 0.0553759 0.600687 -0.498645 -0.624922
0.400753 0.0680572 -0.00119665 -0.600687 0.498645 0.624922
0.118621 0.260664 -0.223987 -0.383637 0.506004 -0.772517
-0.0267479 0.227057 -0.106646 0.383638 -0.506004 0.772517
0.0369531 0.316967 0.114705 0.600687 -0.498645 -0.624922
-0.0187071 -0.110704 0.180218 0.701425 0.703785 0.112651
0.0958893 -0.0630277 0.17975 -0.383637 0.506004 -0.772517
-0.0554722 0.152263 -0.141372 0.383638 -0.506004 0.772517
0.0859213 -0.210366 0.15138 0.701425 0.703785 0.112651
-0.06061 -0.0750493 -0.153343 0.383637 -0.506004 0.772517
0.151181 0.45547 0.113988 0.600687 -0.498645 -0.624922
-0.257752 -0.110451 0.255506 -0.600687 0.498646 0.624922
-0.345951 -0.291566 0.108557 -0.0184727 -0.790105 0.612694
-0.397194 -0.245504 0.166412 -0.0184727 -0.790105 0.612694
0.0902967 0.113425 -0.306364 -0.383637 0.506004 -0.772517
