ply
format ascii 1.0
comment Created by Open3D
element vertex 512
property double x
property double y
property double z
property double nx
property double ny
property double nz
end_header
0.309552 -0.0994491 0.12931 -0.593519 0.345853 0.726719
-0.340792 0.0159756 -0.157313 0.593519 -0.345854 -0.726719
-0.233158 -0.0829922 -0.426612 0.593519 -0.345853 -0.726719
-0.22692 0.225119 -0.0150142 0.118168 0.930621 -0.346384
-0.227415 0.219063 0.0351327 -0.593519 0.345854 0.726719
0.368302 0.0141461 0.303056 0.118168 0.930621 -0.346384
-0.141141 -0.00797773 0.105099 -0.118168 -0.930621 0.346384
-0.331403 -0.188107 -0.360163 -0.796097 -0.119711 -0.59321
0.137492 -0.0543436 0.153539 -0.118168 -0.930621 0.346384
-0.260012 0.135859 0.0481078 -0.593519 0.345854 0.726719
0.416611 -0.11162 0.117686 0.593519 -0.345854 -0.726719
-0.0453592 -0.103646 0.0292841 -0.118168 -0.930621 0.346384
0.35741 -0.198545 0.122061 0.576361 -0.447577 0.683727
-0.185469 0.24917 -0.0276049 0.118168 0.930621 -0.346384
-0.187442 0.121753 -0.208188 -0.580024 0.442172 -0.684146
-0.170703 -0.133838 -0.0945934 -0.118168 -0.930621 0.346384
-0.0532455 -0.149313 -0.0960978 -0.118168 -0.930621 0.346384
-0.281989 0.056441 -0.147505 -0.118168 -0.930621 0.346384
0.486326 -0.0688291 0.192305 0.118168 0.930621 -0.346384
-0.154048 -0.192632 -0.251108 -0.118168 -0.930621 0.346384
0.00169188 0.263476 0.0746804 0.118168 0.930621 -0.346384
0.225726 0.0811559 -0.179389 0.593519 -0.345854 -0.726719
0.130981 -0.00613795 0.167599 0.118168 0.930621 -0.346384
-0.147806 -0.243925 -0.183405 0.603592 -0.405998 0.686179
-0.0278793 -0.0655504 -0.267259 0.593519 -0.345854 -0.726719
-0.488096 -0.0131488 -0.185159 -0.792958 -0.0968361 -0.601532
0.0198597 -0.0213846 -0.298723 0.593519 -0.345854 -0.726719
0.26793 0.185277 0.012229 0.717612 0.636219 0.283298
0.089651 0.261215 0.194169 -0.593519 0.345853 0.726719
-0.0181684 0.188801 -0.132723 0.118168 0.930621 -0.346384
-0.398351 -0.0989651 -0.288306 -0.796097 -0.119711 -0.59321
-0.385126 -0.154425 -0.0252959 0.38315 0.915491 -0.12277
0.188851 0.229725 0.0478518 0.118168 0.930621 -0.346384
0.157896 0.162024 -0.1446 0.118168 0.930621 -0.346384
0.366767 0.0735492 0.142073 0.137669 0.933278 -0.331721
0.403019 -0.0799381 0.0915078 0.593519 -0.345854 -0.726719
0.236608 -0.146679 -0.0126394 0.593519 -0.345854 -0.726719
0.0315956 0.258275 0.0709089 0.118168 0.930621 -0.346384
-0.372212 -0.160814 -0.0775121 0.65215 0.73581 0.182438
0.306395 0.157243 -0.100283 0.593519 -0.345854 -0.726719
-0.220591 -0.131422 -0.0937476 -0.796097 -0.11971 -0.59321
-0.00883589 0.0926461 -0.326994 0.593519 -0.345854 -0.726719
-0.267211 -0.193479 -0.28643 -0.732357 0.142358 -0.665874
-0.300936 0.212449 -0.0217652 -0.593519 0.345854 0.726719
0.291473 -0.119795 0.0965703 -0.118168 -0.930621 0.346384
0.180044 0.189424 0.0561065 -0.118168 -0.930621 0.346384
-0.461572 -0.0843467 -0.0915637 -0.593519 0.345854 0.726719
-0.362401 -0.0436606 -0.14658 0.593519 -0.345854 -0.726719
0.251609 0.0212078 0.244184 -0.796097 -0.119711 -0.59321
0.132857 0.181778 -0.100068 0.118168 0.930621 -0.346384
-0.212993 -0.026959 0.0841422 -0.593519 0.345854 0.726719
0.244208 0.00718047 0.0251964 -0.593519 0.345854 0.726719
-0.00522827 -0.186079 -0.191399 0.593519 -0.345854 -0.726719
-0.293787 -0.0650871 -0.3999 -0.46336 0.591452 -0.65991
-0.104689 0.192799 -0.151498 0.118168 0.930621 -0.346384
0.331357 0.0818349 -0.0440096 0.593519 -0.345854 -0.726719
0.0927871 0.101142 0.272911 -0.593519 0.345854 0.726719
-0.0294338 -0.154574 -0.10211 -0.118168 -0.930621 0.346384
0.252042 -0.118425 -0.0134809 0.593519 -0.345854 -0.726719
-0.0108023 -0.00226656 0.164908 -0.118168 -0.930621 0.346384
0.0716548 -0.144306 -0.0400355 -0.118168 -0.930621 0.346384
0.249881 0.163636 0.0106492 -0.118168 -0.930621 0.346384
0.0284966 -0.158005 -0.177216 0.593519 -0.345854 -0.726719
0.406703 -0.0980516 0.103137 0.593519 -0.345854 -0.726719
0.411328 -0.00767553 0.259107 0.118168 0.930621 -0.346384
0.137607 0.111482 0.187948 0.593519 -0.345854 -0.726719
0.146117 -0.0643209 0.129676 -0.118168 -0.930621 0.346384
0.271767 -0.19272 0.142839 -0.593517 0.345854 0.72672
-0.12898 0.236533 0.0490623 0.118168 0.930621 -0.346384
0.30334 -0.0173033 0.357423 0.796097 0.11971 0.59321
-0.454873 -0.00792526 -0.224186 -0.718848 0.178255 -0.671925
0.181322 0.219396 0.0175324 0.118168 0.930621 -0.346384
0.160821 -0.136929 -0.0791752 0.593519 -0.345854 -0.726719
-0.223505 -0.135371 -0.268056 -0.593519 0.345854 0.726719
-0.0446781 0.176964 -0.17357 0.118168 0.930621 -0.346384
-0.15047 -0.243076 -0.18056 0.603592 -0.405998 0.686179
0.359944 0.0749516 0.0269161 0.717613 0.636218 0.283298
0.0803616 -0.138648 -0.14407 0.593519 -0.345854 -0.726719
0.214139 0.0245465 0.362222 0.118168 0.930621 -0.346383
0.32204 -0.102047 0.0358929 0.593519 -0.345854 -0.726719
0.426416 -0.101769 0.195272 -0.118168 -0.930621 0.346384
0.313783 -0.116553 0.0360526 0.593519 -0.345854 -0.726719
0.328863 -0.0827003 0.213224 -0.118168 -0.930621 0.346384
0.124997 0.210913 -0.0244756 0.118168 0.930621 -0.346384
0.218943 0.146283 0.354461 -0.593522 0.345855 0.726716
0.145775 -0.149192 -0.0278791 -0.118168 -0.930621 0.346384
-0.22971 -0.0633392 -0.0952487 -0.796097 -0.11971 -0.59321
0.366271 -0.0780628 0.238445 -0.118168 -0.930621 0.346384
-0.414311 0.0303346 -0.223599 -0.214584 0.802269 -0.557062
0.319759 0.162599 -0.0878366 0.118168 0.930621 -0.346384
-0.132422 0.0946641 -0.307485 -0.551315 0.483115 -0.680185
-0.250951 -0.0989702 -0.0282906 -0.118168 -0.930621 0.346384
0.0307268 -0.0729794 0.137632 -0.118168 -0.930621 0.346384
-0.0798086 -0.149095 -0.104576 -0.118168 -0.930621 0.346384
0.307485 -0.0758126 0.0115204 0.593519 -0.345854 -0.726719
-0.153083 -0.297687 -0.233967 0.160696 -0.83385 0.528082
-0.334277 0.0596809 -0.168721 -0.551314 0.483116 -0.680185
0.139584 0.254377 0.182155 0.717613 0.636219 0.283298
0.341732 -0.110441 0.0559699 0.593519 -0.345854 -0.726719
-0.252453 -0.118108 -0.425658 0.593519 -0.345854 -0.726719
0.00391057 0.0326491 0.232921 -0.593519 0.345854 0.726719
-0.215833 -0.151308 -0.254206 -0.593519 0.345854 0.726719
0.303892 -0.01544 0.356306 0.796097 0.11971 0.59321
0.08664 -0.129911 0.00375136 -0.118168 -0.930621 0.346384
0.221694 0.111253 -0.159014 0.118168 0.930621 -0.346384
0.106442 0.290246 0.182338 0.118168 0.930621 -0.346384
0.24571 0.045839 0.24713 -0.796098 -0.11971 -0.59321
-0.438051 0.0220461 -0.220468 -0.430513 0.62648 -0.649754
-0.0232159 -0.021004 0.236301 -0.593519 0.345854 0.726719
-0.368041 -0.0773289 -0.0185159 -0.593519 0.345854 0.726719
-0.341226 -0.180063 -0.195501 -0.79909 -0.145686 -0.583293
0.461622 -0.0715204 0.176647 0.118168 0.930621 -0.346384
0.353992 0.06833 0.1235 0.118168 0.930621 -0.346384
-0.3383 -0.154158 -0.206362 -0.118168 -0.930621 0.346384
0.240355 0.0725886 -0.163365 0.593519 -0.345854 -0.726719
-0.0770988 -0.0486779 0.166138 -0.118168 -0.930621 0.346384
0.307953 0.108499 0.21608 0.176415 0.936906 -0.301804
0.265525 0.140145 0.296292 0.361925 0.921202 -0.142822
-0.159963 0.237828 -0.0493756 0.118168 0.930621 -0.346384
0.340669 0.0366895 0.354197 0.118168 0.930621 -0.346384
0.0293092 -0.15073 -0.180015 0.593519 -0.345854 -0.726719
-0.313099 -0.0434653 -0.366085 -0.361789 0.691929 -0.624774
0.171437 -0.0310141 0.114566 0.118168 0.930621 -0.346384
-0.291149 0.0595797 -0.142197 -0.118168 -0.930621 0.346384
0.0770825 0.261049 0.185227 0.118168 0.930621 -0.346384
0.364711 -0.0413526 0.279915 0.796097 0.11971 0.59321
-0.350754 -0.17712 -0.336411 -0.796097 -0.11971 -0.59321
0.31821 0.0101504 0.388465 -0.118168 -0.930621 0.346384
-0.144918 0.140554 0.124574 -0.118168 -0.930621 0.346384
-0.36829 -0.160806 -0.234453 -0.118168 -0.930621 0.346384
-0.225138 0.23554 -0.0777591 0.118168 0.930621 -0.346384
0.112219 -0.168997 -0.103608 0.593519 -0.345854 -0.726719
0.274983 0.0479721 0.0309174 -0.593519 0.345854 0.726719
0.067531 0.26134 0.237327 0.730977 0.609476 0.30694
0.121936 -0.159451 -0.0635723 -0.118168 -0.930621 0.346384
0.0590973 0.100074 -0.275047 0.593519 -0.345854 -0.726719
-0.312179 -0.00684009 -0.00643902 -0.593519 0.345854 0.726719
-0.177366 -0.0874065 0.0278808 -0.118168 -0.930621 0.346384
-0.217977 -0.0390658 -0.309374 -0.593519 0.345854 0.726719
0.315052 -0.126119 0.087624 -0.118168 -0.930621 0.346384
0.263072 -0.0413091 0.118168 0.118168 0.930621 -0.346384
0.296365 0.0032129 0.18775 -0.796097 -0.119711 -0.59321
0.214482 -0.145322 -0.0313561 0.593519 -0.345854 -0.726719
0.164117 0.0550286 0.236466 0.593519 -0.345854 -0.726719
-0.153701 -0.0793984 -0.194013 -0.796097 -0.11971 -0.59321
-0.0856203 0.0156464 0.167892 -0.593519 0.345854 0.726719
0.190184 0.0327566 0.32757 -0.118168 -0.930621 0.346384
0.220136 -0.0928569 0.0782599 -0.118168 -0.930621 0.346384
-0.395623 -0.191762 -0.0376081 -0.451292 -0.890661 0.0553004
-0.0530558 0.0109235 0.196736 -0.593519 0.345854 0.726719
-0.315272 -0.0659106 -0.248641 0.796097 0.11971 0.59321
-0.185572 -0.0641483 -0.396716 0.593519 -0.345853 -0.726719
0.299464 0.0475465 0.0511138 -0.593519 0.345854 0.726719
0.0419765 -0.0761722 0.315799 -0.59352 0.345854 0.726718
0.21673 -0.0415577 0.214922 -0.118168 -0.930621 0.346384
-0.0409884 -0.0291875 -0.344704 0.593519 -0.345854 -0.726719
0.120568 0.210958 -0.0258644 0.118168 0.930621 -0.346384
-0.158515 0.108533 -0.276484 -0.551315 0.483115 -0.680185
-0.38605 -0.156393 -0.293226 -0.796097 -0.11971 -0.59321
0.241028 0.0268659 0.0132309 -0.593519 0.345854 0.726719
-0.309781 -0.103955 -0.0659905 -0.118168 -0.930621 0.346384
-0.19946 0.158504 0.0867846 -0.593519 0.345854 0.726719
-0.266164 -0.0968272 -0.0277228 -0.118168 -0.930621 0.346384
0.476588 -0.00426034 0.118321 0.798777 0.363579 0.479339
0.00224014 0.254677 0.142575 0.118168 0.930621 -0.346384
-0.202594 -0.261532 -0.273155 0.57463 0.814319 0.0817631
0.202261 0.227607 0.0467353 0.118168 0.930621 -0.346384
-0.416821 -0.179788 -0.030933 -0.545401 -0.836847 -0.0471703
0.037207 0.0715116 -0.328722 0.118168 0.930621 -0.346384
-0.373022 -0.139386 -0.109698 0.59352 -0.345854 -0.726718
-0.00937284 -0.0169287 0.174541 0.118168 0.930621 -0.346383
-0.340994 -0.147976 0.0371959 -0.59352 0.345853 0.726719
-0.222558 -0.146976 -0.0807235 0.798484 0.139969 0.585518
-0.0298308 -0.0977284 -0.253539 0.593519 -0.345854 -0.726719
0.431968 0.0107115 0.0720097 0.593519 -0.345853 -0.726719
-0.148118 -0.180411 -0.21625 -0.118168 -0.930621 0.346384
-0.202716 -0.239928 -0.327062 0.593519 -0.345855 -0.726718
0.243918 -0.146992 -0.00652085 0.593519 -0.345854 -0.726719
0.33108 -0.0720578 0.095919 -0.118168 -0.930621 0.346384
-0.211684 -0.0254266 0.084482 -0.593519 0.345854 0.726719
0.339288 0.0714638 0.289208 0.804579 0.277053 0.525256
-0.0377035 0.228096 -0.0338153 0.118168 0.930621 -0.346384
0.163776 0.168444 0.12741 0.769879 0.507148 0.387411
0.25664 -0.165791 0.0653905 0.788365 0.43149 0.438516
-0.252382 -0.0440901 -0.335082 -0.593519 0.345854 0.726719
-0.422203 0.0596323 -0.164665 0.118168 0.930621 -0.346384
0.0719857 0.169245 -0.154508 0.118168 0.930621 -0.346384
-0.139526 0.0158178 -0.357728 -0.551315 0.483116 -0.680185
-0.191989 -0.129764 -0.244985 -0.593519 0.345854 0.726719
0.34554 0.11804 -0.0333628 0.717613 0.636218 0.283298
-0.246976 0.0597723 -0.12661 -0.118168 -0.930621 0.346384
0.0864153 0.0375653 0.297964 -0.593519 0.345854 0.726719
-0.256967 -0.0960935 -0.0226142 -0.118168 -0.930621 0.346384
0.199107 0.165754 0.212347 0.593519 -0.345854 -0.726719
-0.15591 -0.0148802 -0.204068 -0.796097 -0.11971 -0.59321
-0.114259 -0.12253 -0.0449551 -0.118168 -0.930621 0.346384
0.493836 -0.0697091 0.194204 0.796098 0.11971 0.59321
0.335366 0.0160721 -0.0453538 -0.118168 -0.930621 0.346384
-0.301075 0.153317 -0.129125 -0.551315 0.483116 -0.680185
0.349184 -0.0295013 0.023536 0.593519 -0.345854 -0.726719
-0.145892 0.25385 0.00530378 -0.593519 0.345854 0.726719
0.0492752 0.276241 0.216556 0.118168 0.930621 -0.346384
-0.0171615 0.250588 0.111992 -0.593519 0.345853 0.726719
-0.276482 -0.142462 -0.433692 0.593519 -0.345854 -0.726719
0.431684 -0.116194 0.158314 -0.118168 -0.930621 0.346384
0.321203 -0.111307 0.177528 -0.796097 -0.119711 -0.59321
0.463339 -0.0321582 0.211074 0.118168 0.930621 -0.346384
0.3226 -0.0223811 0.157708 -0.796097 -0.119711 -0.59321
-0.190749 0.23606 -0.0228652 -0.593519 0.345854 0.726719
-0.259151 -0.0479357 -0.327584 0.796097 0.11971 0.59321
-0.332521 0.0668076 -0.0581027 -0.593519 0.345854 0.726719
0.293422 0.0528547 0.0436529 -0.593519 0.345854 0.726719
-0.188151 -0.0187012 -0.294707 -0.593519 0.345854 0.726719
0.14974 -0.112167 0.0729487 -0.118168 -0.930621 0.346384
0.105592 0.0423545 0.1947 0.593519 -0.345854 -0.726719
0.210624 -0.0515112 0.186098 -0.118168 -0.930621 0.346384
0.0919392 0.222942 0.255444 0.730977 0.609476 0.30694
0.00506685 -0.0288575 0.24742 -0.118168 -0.930621 0.346384
-0.416181 0.0373456 -0.212214 -0.137516 0.8461 -0.51498
-0.28481 -0.101552 -0.0383832 -0.804549 -0.278406 -0.524587
0.152794 0.202452 0.265305 0.717613 0.636219 0.283299
0.340925 0.074427 -0.0326696 0.593519 -0.345854 -0.726719
0.290981 -0.0470095 0.112373 0.118168 0.930621 -0.346384
0.047188 0.0128487 -0.292695 0.593519 -0.345854 -0.726719
0.0554879 0.263971 0.0943622 0.118168 0.930621 -0.346384
-0.118968 0.0161807 -0.374134 -0.551315 0.483116 -0.680185
-0.303773 -0.0504951 -0.379196 -0.396625 0.660004 -0.638031
-0.248752 0.0322501 -0.214055 -0.580024 0.442172 -0.684146
-0.283927 0.0496875 -0.172964 -0.580024 0.442172 -0.684146
0.376327 -0.100613 0.181291 -0.118168 -0.930621 0.346384
0.182272 0.0243592 0.350847 0.118168 0.93062 -0.346384
-0.190518 -0.180698 -0.1187 0.762784 -0.0462741 0.644996
0.12804 -0.0293913 -0.157127 0.593519 -0.345854 -0.726719
0.367112 -0.0785523 0.125512 0.118168 0.930621 -0.346384
0.249241 -0.0721685 0.143772 -0.118168 -0.930621 0.346384
-0.178536 0.231854 -0.0717623 0.118168 0.930621 -0.346384
-0.258818 0.0495491 -0.19434 -0.580024 0.442172 -0.684146
0.389594 0.05519 0.100343 0.118168 0.930621 -0.346384
0.458912 -0.0712494 0.133021 0.593519 -0.345854 -0.726719
-0.27739 0.102978 -0.144064 -0.580023 0.442172 -0.684147
0.224252 0.154588 -0.141941 0.118168 0.930621 -0.346384
-0.182714 -0.0494336 0.119567 -0.593519 0.345854 0.726719
-0.0230617 -0.168597 -0.137611 -0.118168 -0.930621 0.346384
0.0762916 0.237209 0.26438 0.730977 0.609476 0.30694
-0.192843 -0.175803 -0.349516 0.593519 -0.345854 -0.726719
-0.162476 0.212914 -0.117169 0.118168 0.930621 -0.346384
-0.267316 -0.0810874 -0.0511111 0.59352 -0.345854 -0.726718
-0.00537876 0.0549953 -0.355685 0.593519 -0.345854 -0.726719
-0.266333 0.235126 -0.092925 0.118168 0.930621 -0.346384
0.193711 0.165885 0.0712724 0.769879 0.507148 0.387411
0.120119 0.0117719 0.26493 -0.593519 0.345852 0.726719
0.277956 -0.0245307 0.35214 -0.118168 -0.930621 0.346384
-0.114011 0.0308305 -0.367746 -0.551315 0.483116 -0.680185
0.357542 0.0157972 0.359857 0.796097 0.119711 0.59321
0.109687 -0.0651352 -0.155105 0.593519 -0.345854 -0.726719
-0.336241 -0.192632 -0.309027 -0.118168 -0.930621 0.346384
-0.430117 0.0595546 -0.167287 0.0592834 0.919293 -0.389084
-0.192573 -0.17362 -0.350335 0.593519 -0.345854 -0.726719
0.317422 -0.0117088 0.337396 0.796097 0.11971 0.59321
-0.318828 0.158721 -0.0906621 -0.593519 0.345854 0.726719
0.422768 -0.0473229 0.269722 -0.118168 -0.930621 0.346384
0.0683086 -0.133377 -0.156422 0.593519 -0.345854 -0.726719
0.224416 0.129637 0.250206 0.59352 -0.345853 -0.726718
-0.12851 0.0364678 -0.35199 -0.551315 0.483116 -0.680185
0.143191 0.164881 -0.141942 0.118168 0.930621 -0.346384
0.2044 0.0512025 0.387833 -0.593519 0.345854 0.726719
-0.269769 -0.0473008 -0.069194 0.593519 -0.345854 -0.726719
-0.192678 -0.290974 -0.294571 0.593514 -0.345851 -0.726724
0.430134 0.0312604 0.060732 0.593519 -0.345853 -0.726719
0.172589 0.00118628 -0.140878 -0.118168 -0.930621 0.346384
-0.123714 -0.0184393 0.131475 0.118168 0.930621 -0.346384
0.133837 -0.112973 -0.0812966 -0.118168 -0.930621 0.346384
-0.18038 -0.262155 -0.235224 0.0383692 0.914091 -0.40369
0.0652468 -0.134444 -0.127631 0.118168 0.930621 -0.346384
-0.290182 -0.0224482 0.0189538 -0.593519 0.345854 0.726719
0.145674 0.00959048 0.359675 -0.593519 0.345854 0.726719
0.222353 -0.0583255 0.0585587 0.118168 0.930621 -0.346384
-0.173769 -0.0648022 0.0898383 -0.118168 -0.930621 0.346384
0.294515 0.117399 0.0156818 -0.593519 0.345853 0.726719
0.259632 -0.130854 0.0559955 -0.118168 -0.930621 0.346384
0.202321 0.229196 0.051024 0.118168 0.930621 -0.346384
0.174312 -0.1246 0.0479274 -0.118168 -0.930621 0.346384
-0.0794242 0.0124918 0.174454 -0.593519 0.345854 0.726719
-0.415934 -0.130336 -0.105358 -0.793332 -0.0993903 -0.600622
0.370627 0.0200674 0.319759 0.118168 0.930621 -0.346384
0.136554 -0.168089 -0.0817941 -0.118168 -0.930621 0.346384
-0.114222 0.162344 0.154572 -0.593519 0.345854 0.726719
-0.0720144 -0.196815 -0.230123 -0.118168 -0.930621 0.346384
-0.367362 -0.0881208 -0.332083 -0.796097 -0.119711 -0.59321
0.178175 0.207981 0.105326 -0.118168 -0.930621 0.346384
0.00877886 0.181486 -0.143184 0.118168 0.930621 -0.346384
0.0268491 0.254588 0.0593837 0.118168 0.930621 -0.346384
0.261313 -0.0553886 0.263557 -0.118168 -0.930621 0.346384
0.207195 0.0356483 0.384363 0.593519 -0.345852 -0.726719
0.263648 -0.0838246 0.0413008 -0.118168 -0.930621 0.346384
0.446416 0.0341846 0.119648 0.634527 0.756542 0.158178
-0.100269 -0.0763262 -0.321253 0.593519 -0.345854 -0.726719
0.0901869 -0.0454507 0.260807 0.769874 -0.0192099 0.637907
0.0916008 0.0752086 0.166485 0.796097 0.11971 0.59321
0.183973 0.167127 -0.121995 0.118168 0.930621 -0.346384
-0.279396 -0.0430571 -0.380839 -0.137514 0.846101 -0.514979
-0.160655 -0.0179882 0.122617 -0.593519 0.345854 0.726719
-0.177102 0.211881 -0.124934 0.118168 0.930621 -0.346384
0.217864 -0.142438 0.0454287 -0.76435 0.0405011 -0.643528
0.142391 0.255648 0.17219 0.717613 0.636219 0.283298
0.214512 0.225684 0.0457478 0.118168 0.930621 -0.346384
-0.278043 -0.052912 0.0433663 -0.593519 0.345854 0.726719
0.165637 -0.0591376 0.369871 0.716112 -0.185161 0.672977
0.243123 0.0544834 0.0263763 -0.118168 -0.930621 0.346384
0.044595 -0.0692206 -0.206322 0.593519 -0.345854 -0.726719
0.164291 -0.0423453 0.194917 -0.118168 -0.930621 0.346384
-0.02562 0.147723 -0.245628 0.118168 0.930621 -0.346384
-0.32767 -0.195588 -0.205834 0.796098 0.119711 0.59321
0.252746 0.00773162 -0.122379 0.593519 -0.345854 -0.726719
-0.228902 0.229173 -0.0507473 -0.593519 0.345854 0.726719
0.435775 -0.0428948 0.266711 0.796097 0.119709 0.593211
0.265313 0.0748448 0.389861 0.796097 0.119711 0.59321
0.100558 0.0974107 0.281034 -0.593519 0.345854 0.726719
-0.133443 0.246278 0.0737222 0.118168 0.930621 -0.346384
-0.183351 -0.160527 -0.137851 -0.796097 -0.11971 -0.59321
0.11426 -0.0527402 -0.157269 0.593519 -0.345854 -0.726719
-0.266613 -0.034273 -0.320327 0.796097 0.11971 0.59321
0.208078 -0.0204243 0.0294695 0.796097 0.11971 0.59321
-0.14231 0.243059 -0.0293009 0.118168 0.930621 -0.346384
0.324012 -0.0205319 0.330333 0.796097 0.11971 0.59321
-0.200138 -0.0100044 -0.326941 -0.551315 0.483116 -0.680185
-0.189923 -0.264659 -0.246678 0.235422 0.93807 -0.254166
-0.03721 0.26636 0.0691574 0.118168 0.930621 -0.346384
-0.312512 -0.108181 -0.243815 0.796097 0.11971 0.59321
0.0308126 0.136668 -0.256079 0.118168 0.930621 -0.346384
0.330311 -0.0102911 0.103833 -0.593519 0.345854 0.726719
0.298055 -0.0269924 0.0854375 -0.593519 0.345854 0.726719
-0.324824 0.165253 -0.0986677 -0.593519 0.345854 0.726719
-0.354381 -0.184759 -0.173982 -0.802266 -0.32612 -0.500015
-0.199759 0.139999 0.095347 -0.593519 0.345854 0.726719
-0.100884 0.259681 0.0294899 0.118168 0.930621 -0.346384
-0.127129 0.0865214 -0.283971 -0.118168 -0.930621 0.346384
0.422937 -0.00395123 0.273074 0.118168 0.930621 -0.346384
-0.310349 0.138568 -0.0676794 -0.606446 0.401443 -0.686343
0.177716 0.11288 0.22004 0.593519 -0.345854 -0.726719
0.0759698 0.239425 0.0354013 0.118168 0.930621 -0.346384
-0.229746 0.061094 0.0285537 -0.593519 0.345854 0.726719
-0.40126 -0.0922955 -0.0658721 -0.118168 -0.930621 0.346384
0.0334156 -0.0275768 0.285681 -0.59352 0.345851 0.726719
-0.38356 -0.150463 -0.0749722 0.715119 0.640891 0.279039
0.233552 -0.100969 -0.0130325 -0.593519 0.345853 0.726719
0.147622 0.0895526 -0.242584 0.118168 0.930621 -0.346384
0.114904 0.0252276 0.28166 -0.118168 -0.930621 0.346384
-0.388596 -0.142138 -0.0782897 0.762137 0.531676 0.369415
0.325902 -0.0630279 0.0204778 0.593519 -0.345854 -0.726719
-0.00644634 0.0439803 0.21907 -0.593519 0.345854 0.726719
-0.234969 0.230949 -0.00209784 0.118168 0.930621 -0.346384
0.220937 0.0333594 -0.160554 0.593519 -0.345854 -0.726719
0.223551 -0.0341197 0.237233 -0.118168 -0.930621 0.346384
0.252073 0.0419635 -0.13922 0.593519 -0.345854 -0.726719
0.417908 -0.0719977 0.214708 0.796098 0.11971 0.59321
-0.254926 0.0422988 -0.176268 -0.118168 -0.930621 0.346384
0.0605626 0.021953 0.254324 -0.118168 -0.930621 0.346384
0.337894 0.0731614 0.0703094 -0.593519 0.345854 0.726719
-0.223934 0.189001 -0.166306 -0.551315 0.483115 -0.680185
-0.191669 0.0847738 -0.228504 -0.580024 0.442172 -0.684146
0.263057 0.0230551 0.228447 -0.796097 -0.119711 -0.59321
0.188386 0.182933 0.18835 0.593519 -0.345854 -0.726719
0.366166 0.0560131 0.0945622 0.118168 0.930621 -0.346384
-0.235242 0.0357641 -0.223238 -0.580024 0.442172 -0.684146
0.13457 0.0856903 0.197743 0.593519 -0.345854 -0.726719
0.436354 0.0399038 0.132657 0.634527 0.756542 0.158178
0.180854 0.101595 0.344621 -0.593518 0.345853 0.72672
-0.0110549 -0.0945734 0.0653623 -0.118168 -0.930621 0.346384
-0.163143 0.020054 -0.204721 -0.118168 -0.930621 0.346384
0.0291685 0.265746 0.22247 -0.593519 0.345854 0.726719
0.216063 0.214096 0.0151444 0.118168 0.930621 -0.346384
0.106156 0.0368776 0.154687 0.796097 0.11971 0.59321
-0.119816 0.0269541 0.134583 -0.593519 0.345854 0.726719
-0.104493 0.120663 -0.311655 -0.551315 0.483115 -0.680185
0.213283 0.184206 0.0534265 -0.118168 -0.930621 0.346384
0.269167 -0.0919901 0.243464 -0.796097 -0.119711 -0.59321
0.0573975 0.126592 0.231896 -0.593519 0.345854 0.726719
0.168093 -0.038288 0.0938825 0.118168 0.930621 -0.346384
0.302659 -0.0187247 0.183732 -0.796097 -0.119711 -0.59321
0.28546 0.125273 0.326365 0.700304 0.666916 0.254553
0.0421422 -0.161997 -0.164172 0.593519 -0.345854 -0.726719
-0.166476 -0.150768 -0.339897 0.593519 -0.345854 -0.726719
0.23671 0.113605 0.384523 -0.593517 0.345851 0.726722
-0.379418 -0.168299 -0.141894 0.796098 0.119711 0.59321
0.252 0.121202 0.0139319 0.769879 0.507148 0.387411
0.0469003 0.275533 0.232294 -0.593519 0.345854 0.726719
0.168767 0.114234 0.212087 0.593519 -0.345854 -0.726719
-0.235964 0.0634758 -0.112904 -0.118168 -0.930621 0.346384
-0.144002 -0.156821 -0.147232 -0.118168 -0.930621 0.346384
0.24408 -0.0314384 0.264911 -0.796098 -0.11971 -0.59321
-0.442146 -0.0699616 -0.0825444 -0.59352 0.345853 0.726719
0.378533 0.00694497 0.333473 0.796098 0.119712 0.59321
0.0100444 -0.157187 -0.0956613 -0.118168 -0.930621 0.346384
0.152817 0.0390726 0.331791 -0.118168 -0.930621 0.346383
-0.257967 0.0448626 -0.170417 -0.118168 -0.930621 0.346384
0.0202818 -0.181333 -0.157042 -0.118168 -0.930621 0.346384
0.230649 -0.0925835 0.0271905 0.593519 -0.345854 -0.726719
-0.338405 -0.0609033 -0.218607 0.796097 0.11971 0.59321
0.142072 -0.127349 0.305257 0.59352 -0.345853 -0.726718
0.353186 -0.128584 0.0940107 -0.118168 -0.930621 0.346384
0.138593 0.258046 0.106793 0.118168 0.930621 -0.346384
0.0154029 0.12404 0.198813 -0.593519 0.345854 0.726719
-0.397848 0.0429697 -0.201123 0.118168 0.930621 -0.346384
-0.328787 -0.00682449 -0.307236 -0.05913 0.881779 -0.467941
0.00516411 0.0639662 0.219041 -0.593519 0.345854 0.726719
0.129736 0.0323622 0.305888 -0.118168 -0.930621 0.346384
-0.0786848 -0.0365948 -0.322533 0.593519 -0.345854 -0.726719
0.0568312 0.0908192 0.248458 -0.593519 0.345854 0.726719
0.107824 0.283759 0.165382 0.118168 0.930621 -0.346384
0.116276 0.12057 -0.238103 0.593519 -0.345854 -0.726719
0.0601856 -0.115308 0.0339591 -0.118168 -0.930621 0.346384
-0.228025 -0.233218 -0.336084 -0.77594 -0.00618411 -0.630776
0.201376 -0.115895 -0.0560644 0.593519 -0.345854 -0.726719
-0.132357 0.245669 0.072457 0.118168 0.930621 -0.346384
0.206819 0.147858 -0.165971 0.118168 0.930621 -0.346384
-0.414094 -0.142156 -0.104759 -0.804661 -0.237079 -0.544347
0.284567 0.00811972 -0.0965749 0.593519 -0.345854 -0.726719
-0.0244461 0.228233 0.196536 -0.593519 0.345854 0.726719
0.0524277 -0.172607 -0.150722 0.593519 -0.345854 -0.726719
0.139736 -0.00825442 -0.157634 0.593519 -0.345854 -0.726719
-0.0768445 0.145529 0.161163 -0.118168 -0.930621 0.346384
0.0629838 0.190558 -0.100318 0.118168 0.930621 -0.346384
0.233264 0.0560763 0.0272927 -0.118168 -0.930621 0.346384
0.346536 0.0288775 -0.00640957 0.593519 -0.345854 -0.726719
0.352879 0.0342737 0.101055 -0.59352 0.345853 0.726718
0.130966 0.0321418 0.33693 -0.593519 0.345854 0.726719
0.260698 0.148927 -0.0251805 -0.118168 -0.930621 0.346384
0.322669 0.0105724 -0.0666233 0.593519 -0.345854 -0.726719
0.272962 -0.0790332 -0.0151418 0.593519 -0.345854 -0.726719
-0.0552065 0.041578 -0.372116 -0.580023 0.442172 -0.684147
-0.188635 0.0697522 -0.240785 -0.580024 0.442172 -0.684146
0.193206 0.0822913 0.0840582 -0.118168 -0.930621 0.346384
0.0239251 0.182941 0.257596 -0.593519 0.345854 0.726719
-0.21654 0.0104295 -0.248795 -0.118168 -0.930621 0.346384
0.0831 0.248791 0.225168 0.730977 0.609476 0.30694
0.243148 0.124151 0.23566 0.118168 0.930621 -0.346383
0.201492 0.15927 0.217381 0.593519 -0.345854 -0.726719
-0.496679 -0.0579038 -0.132821 -0.593519 0.345854 0.726719
0.300561 0.0666167 0.420918 0.118168 0.930621 -0.346384
0.0985646 0.0711859 0.175239 0.593519 -0.345854 -0.726719
0.140714 -0.157424 -0.0517221 -0.118168 -0.930621 0.346384
-0.0376525 -0.0361795 -0.312992 -0.118168 -0.930621 0.346383
0.119975 0.143878 -0.206289 0.118168 0.930621 -0.346384
0.0742045 -0.0213973 -0.235117 -0.118168 -0.930621 0.346383
-0.177278 0.00797026 -0.290344 -0.580024 0.442172 -0.684146
-0.358016 -0.168736 0.0305456 0.276222 -0.760575 0.58756
0.161505 0.240124 0.158636 0.717613 0.636219 0.283299
0.189246 0.242375 0.0819719 0.118168 0.930621 -0.346384
0.112672 0.206867 0.238835 -0.593519 0.345854 0.726719
-0.334939 -0.197034 -0.0199508 0.121273 -0.854216 0.505576
0.0601028 -0.0411989 0.233038 -0.118168 -0.930621 0.346384
0.169067 -0.0060333 -0.134736 0.593519 -0.345854 -0.726719
0.0260795 0.012829 0.218047 -0.118168 -0.930621 0.346384
-0.30052 -0.208974 -0.243544 -0.804661 -0.237079 -0.544347
0.27161 -0.0329319 -0.0381864 0.593519 -0.345854 -0.726719
-0.0127293 0.0741362 0.199587 -0.593519 0.345854 0.726719
0.274004 -0.228298 0.112841 -0.196695 -0.93791 0.285719
-0.325 0.0565753 -0.163737 0.593519 -0.345854 -0.726718
0.219084 -0.142868 0.0141214 -0.118168 -0.930621 0.346384
0.192871 0.103601 0.141196 -0.118168 -0.930621 0.346384
-0.457219 0.0152471 -0.135406 -0.593522 0.345851 0.726717
-0.491461 0.00142979 -0.156796 -0.593525 0.345847 0.726717
0.174446 -0.0614793 0.146974 -0.118168 -0.930621 0.346384
0.245088 -0.0589022 0.0647653 0.118168 0.930621 -0.346384
0.192961 -0.0176735 0.270983 -0.118168 -0.930621 0.346384
-0.177938 -0.177927 -0.134475 0.792482 0.0936388 0.602665
0.0450006 -0.0887172 0.280193 -0.761778 -0.532748 -0.368612
0.281413 0.0127154 -0.072778 -0.118168 -0.930621 0.346384
-0.16707 -0.196391 -0.26565 -0.118168 -0.930621 0.346384
0.0548798 0.244519 0.0418935 0.118168 0.930621 -0.346384
-0.0716937 -0.0135603 0.12033 -0.593519 0.345853 0.726719
-0.117737 0.148892 -0.273914 0.118168 0.930621 -0.346384
0.0812358 -0.113648 0.0455993 -0.118168 -0.930621 0.346384
-0.380146 -0.198149 -0.0875492 0.593519 -0.345854 -0.726719
0.305777 -0.0743357 0.00942297 0.593519 -0.345854 -0.726719
-0.0968762 -0.0776231 0.0816244 -0.118168 -0.930621 0.346384
0.142232 0.0264262 0.335696 0.593519 -0.345854 -0.726719
0.0304759 -0.176147 -0.13963 -0.118168 -0.930621 0.346384
0.198936 -0.0383201 0.327626 0.804547 0.231475 0.546921
-0.246091 -0.00410303 0.0462333 -0.593519 0.345854 0.726719
-0.321241 -0.131316 -0.00111624 -0.577029 0.446595 -0.683806
-0.154666 -0.0782528 -0.364762 0.593519 -0.345854 -0.726719
-0.250293 -0.115637 -0.0570724 -0.796097 -0.11971 -0.59321
0.129636 -0.127057 0.330624 0.0815372 -0.872473 0.481812
0.163308 0.0609119 0.233005 0.593519 -0.345854 -0.726719
0.321787 -0.148007 0.162412 -0.593519 0.345854 0.726719
0.0414935 0.0256079 0.266967 -0.593519 0.345854 0.726719
0.425027 0.0453823 0.150935 0.658053 0.728401 0.190785
-0.372124 0.0265064 -0.236409 0.0985936 0.927402 -0.360839
-0.278191 -0.195383 -0.296612 -0.118168 -0.930621 0.346384
0.323137 0.0885102 0.30347 0.792983 0.405592 0.454612
0.347277 -0.0227707 0.12467 -0.796097 -0.119711 -0.59321
0.286805 -0.197671 0.0832454 0.400667 0.910084 -0.10589
-0.505514 -0.0941555 -0.122784 -0.593519 0.345854 0.726719
0.141679 -0.00122443 0.184449 0.118168 0.930621 -0.346384
-0.379835 -0.174887 0.0182808 -0.593517 0.345854 0.72672
0.242224 0.0884294 0.0762607 0.769879 0.507148 0.387411
-0.156535 -0.0599773 0.108681 -0.118168 -0.930621 0.346384
-0.406193 0.0688605 -0.13441 0.118168 0.930621 -0.346384
0.210519 -0.015701 -0.0962807 0.593519 -0.345854 -0.726719
0.491657 -0.0543111 0.182443 0.593519 -0.345854 -0.726719
0.0964031 0.0251626 0.312024 -0.593519 0.345854 0.726719
-0.402957 -0.178207 -0.0896072 -0.732203 -0.606863 -0.309185
-0.145106 0.069666 0.0936007 -0.593519 0.345854 0.726719
0.0323623 0.00745432 0.20575 -0.118168 -0.930621 0.346384
0.0252452 0.217266 0.242338 -0.593519 0.345854 0.726719
-0.367673 -0.161565 -0.0897246 0.69584 0.67423 0.247427
0.242269 0.141651 0.375716 -0.593516 0.345851 0.726722
0.259669 -0.0976161 0.00670218 -0.593519 0.345853 0.726719
0.284051 0.0209291 0.0511939 -0.593519 0.345854 0.726719
-0.383573 0.0620267 -0.0975217 -0.593519 0.345854 0.726719
