ply
format ascii 1.0
comment Created by Open3D
element vertex 128
property double x
property double y
property double z
property double nx
property double ny
property double nz
end_header
-0.0356077 0.304913 -0.135239 -0.956315 -0.00732389 -0.292245
0.105172 0.306537 -0.0215794 -0.137374 -0.871175 0.471363
0.0923481 0.0177612 0.518894 -0.258049 0.490918 0.832112
-0.147524 0.356287 0.244787 -0.258049 0.490918 0.832112
-0.287181 0.00514392 0.0681712 -0.956315 -0.00732452 -0.292245
0.138326 -0.560652 -0.127071 0.258049 -0.490918 -0.832112
0.123371 -0.34328 0.462257 -0.137373 -0.871175 0.471363
0.00911282 -0.250716 -0.349994 0.258049 -0.490918 -0.832112
-0.282582 0.175645 0.0488473 -0.956315 -0.00732452 -0.292245
-0.120338 0.344449 -0.459212 0.137374 0.871175 -0.471363
-0.170495 -0.408999 -0.303283 -0.956315 -0.0073245 -0.292245
-0.113952 -0.121048 -0.464658 0.258049 -0.490918 -0.832112
0.168826 -0.365096 -0.132837 -0.258049 0.490918 0.832112
-0.130203 0.162902 -0.449463 -0.956316 -0.00731981 -0.292244
-0.273649 0.187585 0.019317 -0.956315 -0.00732452 -0.292245
0.206588 0.597486 0.103729 0.137373 0.871175 -0.471363
-0.188728 0.377667 -0.263333 -0.956314 -0.0073164 -0.292252
0.0990898 0.47967 -0.145346 0.137374 0.871175 -0.471363
0.302514 -0.481118 -0.106416 0.956315 0.00732438 0.292245
0.366317 -0.0557317 -0.325859 0.956315 0.00732438 0.292245
-0.057553 0.15249 -0.0133549 0.956315 0.00732452 0.292245
-0.303481 0.214074 0.280324 -0.258049 0.490918 0.832112
0.179166 0.520475 0.249233 -0.258049 0.490918 0.832112
-0.0325894 -0.252643 0.0888711 0.258049 -0.490918 -0.832112
-0.206001 -0.577852 -0.182864 -0.956315 -0.0073244 -0.292247
0.0763503 0.395774 0.290918 -0.258049 0.490918 0.832112
0.343909 0.34653 -0.320066 0.137373 0.871175 -0.471363
-0.194701 -0.158021 -0.230362 -0.956316 -0.00732411 -0.292245
0.0488723 -0.104771 0.127041 -0.258049 0.490918 0.832112
-0.093836 0.0197382 0.108701 0.956315 0.00732452 0.292245
0.0973015 0.458389 -0.1852 0.137374 0.871175 -0.471363
-0.0175809 -0.54053 0.052791 0.98976 -0.102099 0.099755
-0.25835 -0.269671 -0.0192848 -0.956315 -0.00732594 -0.292245
0.28775 0.289419 -0.0774165 0.956315 0.00732456 0.292245
-0.0195368 0.460807 0.072916 0.957218 -0.239115 -0.162963
-0.28635 0.518342 0.0525907 -0.956315 -0.00732452 -0.292245
-0.210984 -0.527577 -0.0218737 0.956315 0.00732453 0.292245
-0.0544315 -0.105445 -0.0171049 0.956315 0.0073245 0.292245
0.14405 -0.309613 -0.273401 0.258049 -0.490918 -0.832112
-0.106999 -0.227313 0.496309 0.718844 -0.415078 -0.55765
0.341664 -0.00344106 -0.292603 -0.258049 0.490918 0.832112
-0.113458 0.209765 0.168147 0.956315 0.0073245 0.292245
0.00230273 0.0556451 0.368473 0.258049 -0.490918 -0.832112
-0.0418765 0.223811 -0.295543 -0.258049 0.490918 0.832112
-0.230322 0.273321 -0.124608 -0.956316 -0.00732079 -0.292242
-0.0824075 0.540278 -0.0862268 0.137374 0.871175 -0.471363
-0.143281 0.143136 0.371855 -0.258049 0.490918 0.832112
-0.149158 0.41283 -0.247756 0.956315 0.00732468 0.292245
0.136087 0.195548 0.421224 0.956315 0.00732454 0.292245
0.288111 0.430843 -0.180502 0.137373 0.871175 -0.471363
-0.334462 -0.0973329 0.454436 -0.258049 0.490918 0.832112
0.106417 -0.14193 0.387471 0.137374 0.871175 -0.471363
-0.217204 -0.0166226 -0.16027 -0.956315 -0.0073245 -0.292245
0.262939 -0.622457 -0.0130423 -0.137365 -0.871173 0.471369
0.0986795 -0.14374 0.381871 0.13737 0.871174 -0.471365
-0.317812 0.386713 0.158842 -0.956315 -0.00732451 -0.292245
0.251891 0.018494 -0.43353 0.258049 -0.490918 -0.832112
-0.0832654 -0.430128 -0.0605562 -0.956315 -0.0073245 -0.292245
0.303864 -0.187306 -0.195851 -0.258049 0.490918 0.832112
-0.14108 0.508379 0.157056 -0.258049 0.490918 0.832112
-0.0065275 0.372277 -0.331777 -0.956315 -0.00732538 -0.292245
0.2344 -0.0433216 0.105502 0.956315 0.00732446 0.292245
0.0847673 0.381191 0.302132 -0.258049 0.490918 0.832112
0.0298263 0.0160565 -0.295867 0.956315 0.0073245 0.292245
0.25008 0.183387 -0.228514 -0.504414 -0.348021 -0.79022
-0.250938 -0.218011 0.551534 -0.258049 0.490918 0.832112
0.337256 -0.250982 -0.248075 0.258049 -0.490918 -0.832112
-0.169082 -0.206131 0.193768 -0.258049 0.490918 0.832112
0.0387489 -0.219422 0.224529 0.137374 0.871175 -0.471363
-0.366839 0.014726 0.328595 -0.956315 -0.00732451 -0.292245
0.176489 0.375457 0.126585 -0.137377 -0.871174 0.471363
0.0366232 0.199167 0.294443 0.258049 -0.490918 -0.832112
-0.369528 0.0723667 0.343445 -0.258049 0.490918 0.832112
-0.163293 -0.0388646 0.291202 -0.956316 -0.00732538 -0.292245
0.0209268 -0.423321 -0.244499 0.258049 -0.490918 -0.832112
-0.241528 0.536052 -0.0945268 -0.956315 -0.00732448 -0.292245
-0.265259 0.374494 -0.0128212 -0.956315 -0.00732452 -0.292245
-0.304121 -0.282321 0.130808 -0.956316 -0.00732872 -0.292245
-0.0120785 -0.632328 -0.111438 -0.137374 -0.871175 0.471363
-0.187661 0.163213 -0.26145 -0.956315 -0.00732452 -0.292245
-0.00666108 -0.254649 -0.169685 0.956315 0.00732452 0.292245
-0.0806839 -0.321747 0.359768 0.461295 0.364851 0.808759
0.183436 -0.432569 0.282027 0.956315 0.00732449 0.292245
0.12516 0.574759 0.0975873 -0.278462 -0.422717 -0.862421
-0.215899 -0.20441 0.367803 -0.956315 -0.00732449 -0.292245
0.0842626 0.0638793 0.0385177 -0.258049 0.490918 0.832112
-0.316182 0.0177635 0.162755 -0.956315 -0.00732452 -0.292245
0.115128 -0.107566 -0.401571 0.258049 -0.490918 -0.832112
0.244268 -0.587115 0.0468342 -0.137373 -0.871175 0.471363
-0.0842883 -0.46603 0.17487 -0.137374 -0.871175 0.471363
-0.2372 -0.142933 -0.0916719 -0.956315 -0.0073245 -0.292245
0.105871 0.199305 -0.134825 0.258049 -0.490918 -0.832112
-0.0874393 0.335611 0.0798526 0.956315 0.0073245 0.292245
-0.171172 -0.00422247 0.450142 -0.258049 0.490918 0.832112
0.395209 0.214455 -0.427177 0.956315 0.00732465 0.292245
-0.0570913 0.178236 -0.0155109 0.956315 0.00732452 0.292245
0.392473 0.16748 -0.417047 0.956315 0.00732465 0.292245
-0.212923 -0.372802 -0.165351 -0.956316 -0.00732473 -0.292242
0.12519 -0.300085 0.10064 0.137374 0.871175 -0.471363
0.223868 -0.0509516 0.140157 0.956315 0.00732446 0.292245
0.101947 -0.496801 0.172276 -0.137375 -0.871175 0.471363
-0.376912 -0.295321 0.405093 -0.137373 -0.871175 0.471363
-0.0245667 -0.250074 -0.157459 -0.956315 -0.00732493 -0.292245
0.043293 -0.44969 -0.222006 0.258049 -0.490918 -0.832112
0.0730911 -0.187511 0.634026 -0.258049 0.490918 0.832112
-0.0392745 0.630377 0.0928661 0.137374 0.871175 -0.471363
0.20296 -0.22832 0.21302 0.956315 0.00732446 0.292245
-0.0965312 0.0899739 -0.557819 -0.956315 -0.0073245 -0.292245
-0.367312 -0.281547 0.337571 -0.956315 -0.00732452 -0.292245
-0.254943 -0.389457 0.266658 -0.137374 -0.871175 0.471363
-0.154551 -0.228617 -0.359976 -0.956315 -0.0073245 -0.292245
0.259883 0.453847 0.00965225 0.956315 0.00732456 0.292245
0.083008 0.246985 -0.580083 0.137374 0.871175 -0.471363
0.253554 0.128912 0.0385081 0.956315 0.00732446 0.292245
0.0608913 0.0408199 -0.505933 0.258049 -0.490918 -0.832112
-0.311889 0.243926 0.260104 -0.258049 0.490918 0.832112
-0.290557 -0.469105 0.0911048 -0.956315 -0.00732452 -0.292245
-0.0439462 -0.0555903 0.519902 -0.258049 0.490918 0.832112
0.252918 -0.364802 0.0182544 0.137374 0.871175 -0.471363
-0.338178 -0.133424 0.238522 -0.956315 -0.00732451 -0.292245
-0.0252016 0.00363043 -0.115488 0.956315 0.0073245 0.292245
0.124919 0.249836 -0.429463 0.850684 0.14001 0.50669
0.24553 0.190334 -0.536882 0.258049 -0.490918 -0.832112
0.242884 0.142515 0.0413157 -0.258049 0.490918 0.832112
0.14308 -0.154264 -0.265206 -0.258049 0.490918 0.832112
0.0977286 0.167626 -0.281696 0.927103 -0.280624 -0.248455
-0.162876 0.0447049 -0.339585 -0.956315 -0.0073245 -0.292245
0.0308146 -0.408265 0.315177 -0.137374 -0.871175 0.471363
