ply
format ascii 1.0
comment Created by Open3D
element vertex 128
property double x
property double y
property double z
property double nx
property double ny
property double nz
end_header
-0.216901 -0.0369324 0.0976002 -0.247994 -0.509 0.824268
-0.0190435 0.610746 0.06248 0.137374 0.871167 -0.471376
-0.210175 0.330519 0.240561 -0.258049 0.490918 0.832112
-0.0926938 0.36066 0.0964193 0.956315 0.0073245 0.292245
-0.0140429 -0.380924 -0.142365 0.956315 0.00732452 0.292245
0.0892146 0.223206 0.396716 -0.258049 0.490918 0.832112
-0.131675 0.377707 -0.304088 0.956315 0.00732468 0.292245
-0.098912 -0.234903 0.339763 0.733271 0.230482 0.639681
-0.176092 -0.125246 0.249616 -0.0173344 0.999348 0.0316776
-0.281655 -0.320042 0.0582376 -0.956315 -0.00732452 -0.292245
-0.267998 -0.231817 0.0113374 -0.956315 -0.00732451 -0.292245
0.134922 -0.0668157 -0.319327 -0.258049 0.490918 0.832112
0.0856493 -0.0192933 0.538677 -0.258049 0.490918 0.832112
0.0382474 0.178448 -0.594152 0.258049 -0.490918 -0.832112
-0.0681836 0.274123 -0.127559 -0.956315 -0.00732453 -0.292245
-0.245305 0.0534221 -0.0700691 -0.956315 -0.00732452 -0.292245
-0.382023 -0.0245194 0.379266 -0.956315 -0.00732451 -0.292245
-0.0894298 0.207046 -0.583991 -0.956315 -0.00732452 -0.292245
0.196715 0.236186 -0.566904 0.137374 0.871175 -0.471363
-0.103407 0.329848 0.274067 -0.258049 0.490918 0.832112
0.0522951 -0.0859692 0.11701 -0.258049 0.490918 0.832112
-0.0421303 0.189655 -0.210697 -0.956315 -0.00732446 -0.292245
0.218792 0.466465 0.143797 0.956315 0.00732449 0.292245
-0.0980983 -0.153537 -0.216387 -0.247994 -0.509 0.824268
-0.301348 -0.164859 0.118791 -0.956315 -0.00732534 -0.292245
-0.0560287 0.220707 -0.298101 -0.258049 0.490918 0.832112
0.144274 0.471808 0.134852 -0.586785 -0.31181 -0.747301
0.0524155 -0.147382 -0.297382 -0.258049 0.490918 0.832112
-0.156873 0.283292 -0.093693 0.247994 0.509 -0.824268
0.274986 -0.323141 -0.224815 0.258049 -0.490918 -0.832112
0.226332 0.404491 -0.247209 0.13737 0.871175 -0.471364
0.329503 0.051603 -0.328848 -0.258049 0.490918 0.832112
0.151861 0.250532 0.299876 0.258049 -0.490918 -0.832112
-0.189405 -0.121722 0.137667 -0.258049 0.490918 0.832112
-0.0257333 -0.283928 -0.252483 -0.956316 -0.00732389 -0.292245
0.392732 0.246211 -0.491247 0.137372 0.871174 -0.471365
-0.0335602 0.070503 -0.552736 0.258049 -0.490918 -0.832112
-0.120658 -0.119785 0.533986 -0.258049 0.490918 0.832112
-0.0268593 -0.220737 -0.10444 0.956315 0.00732452 0.292245
0.132234 -0.206079 0.443899 0.956315 0.00732448 0.292245
0.251388 0.0103962 0.0485641 0.956315 0.00732459 0.292245
0.243679 -0.078438 -0.278743 -0.258049 0.490918 0.832112
-0.140225 0.0346483 0.436807 -0.258049 0.490918 0.832112
0.141633 -0.564764 -0.035574 -0.442417 0.479734 0.757709
-0.289071 0.525194 0.0613218 -0.956316 -0.00732407 -0.292243
0.201002 0.394868 0.169603 -0.137374 -0.871175 0.471363
-0.12298 0.096947 -0.471447 -0.956315 -0.0073245 -0.292245
0.032916 0.236725 0.271135 0.258049 -0.490918 -0.832112
-0.149687 0.459549 -0.247197 0.956315 0.00732468 0.292245
0.0600332 -0.105632 0.030863 0.258049 -0.490918 -0.832112
-0.090692 0.077332 0.0969699 0.956315 0.00732452 0.292245
0.142744 -0.351583 -0.148898 -0.258049 0.490918 0.832112
0.164844 -0.348181 0.0600019 -0.504413 -0.348021 -0.79022
0.0749251 -0.232575 0.210763 0.137374 0.871175 -0.471363
-0.0883862 -0.37953 -0.0450676 -0.956315 -0.0073245 -0.292245
0.0217828 0.588508 0.0550733 0.718848 -0.415077 -0.557646
-0.112466 -0.559765 -0.205369 0.258049 -0.490918 -0.832112
-0.0593707 0.285074 0.213991 0.258049 -0.490918 -0.832112
-0.0463058 -0.310598 -0.0848054 -0.956315 -0.00732469 -0.292245
-0.31129 -0.0332252 0.282776 0.282148 -0.284755 -0.916137
-0.115863 -0.0625397 0.5017 -0.258049 0.490918 0.832112
-0.0159427 0.624724 0.0892163 0.137374 0.871175 -0.471363
0.107765 0.0103304 0.518544 0.956315 0.00732454 0.292245
0.0409244 0.00830634 0.408378 0.258049 -0.490918 -0.832112
0.177524 -0.165628 -0.24782 -0.258049 0.490918 0.832112
-0.224639 -0.172319 0.3956 -0.956315 -0.00732673 -0.292247
0.00872681 0.127596 -0.122645 0.258049 -0.490918 -0.832112
-0.0714802 0.292313 -0.541332 0.137374 0.871175 -0.471363
0.0570023 0.505304 -0.0916011 0.417034 0.380772 0.825285
-0.346159 -0.151387 0.482699 -0.258049 0.490918 0.832112
0.168098 -0.194453 -0.333884 0.258049 -0.490918 -0.832112
-0.262189 -0.249189 -0.00723532 -0.956315 -0.00732451 -0.292245
0.238196 0.0077806 0.091798 0.956315 0.00732446 0.292245
-0.224114 0.474181 -0.149959 -0.956316 -0.00732875 -0.292242
-0.232738 -0.482082 0.0481694 0.956315 0.00732453 0.292245
0.146301 0.154634 -0.41827 0.54628 0.330326 0.769716
-0.139884 -0.236598 -0.261829 0.956315 0.00732464 0.292245
0.0508708 -0.191267 0.0785437 0.258049 -0.490918 -0.832112
-0.0254553 -0.25339 -0.108216 0.956315 0.00732452 0.292245
-0.335056 -0.317455 0.232919 -0.956315 -0.00732452 -0.292245
0.100338 0.026355 -0.38502 -0.258049 0.490918 0.832112
0.259215 0.222687 -0.551726 0.258049 -0.490918 -0.832112
0.206787 0.369033 0.123541 -0.137374 -0.871175 0.471363
-0.135638 0.214367 -0.432967 -0.956315 -0.00732452 -0.292245
-0.348208 0.0708022 0.266225 -0.956315 -0.00732451 -0.292245
-0.145597 0.591842 0.106415 -0.258049 0.490918 0.832112
0.199301 0.526625 0.0346734 -0.962452 0.00491745 -0.271408
0.370202 0.245171 -0.499737 0.137374 0.871175 -0.471362
0.0872533 -0.313516 -0.188565 -0.258049 0.490918 0.832112
-0.0848138 0.319596 0.0716628 0.956315 0.0073245 0.292245
0.0644277 -0.269823 0.37054 -0.812386 0.371356 0.449581
-0.175835 0.161964 -0.300118 -0.956315 -0.00732452 -0.292245
-0.321695 -0.320223 0.189265 -0.956315 -0.00732452 -0.292245
-0.201381 -0.240351 -0.0604964 0.956315 0.00732446 0.292245
0.373139 0.183364 -0.354177 0.956315 0.00732465 0.292245
0.184101 -0.503461 0.0985879 -0.850683 -0.14001 -0.50669
-0.15557 0.141561 -0.365918 -0.956315 -0.00732452 -0.292245
0.212246 0.426397 0.166223 0.956315 0.00732449 0.292245
-0.232039 -0.458195 0.0737694 0.258049 -0.490918 -0.832112
-0.0267117 0.206183 0.270663 0.258049 -0.490918 -0.832112
-0.183587 0.00148037 -0.270729 -0.956315 -0.0073245 -0.292245
0.254552 -0.609965 0.00760004 -0.137373 -0.871175 0.471363
-0.347207 -0.335343 0.339781 -0.137373 -0.871175 0.471363
-0.152959 0.0662445 0.301005 0.956315 0.0073245 0.292245
0.0213587 0.495323 -0.13907 0.137374 0.871175 -0.471363
-0.177128 -0.161545 -0.141835 0.956315 0.00732456 0.292245
0.114787 0.618357 0.171521 -0.258049 0.490918 0.832112
0.0752101 0.209435 -0.209775 -0.137373 -0.871174 0.471364
-0.231661 0.519489 -0.126397 -0.956315 -0.00732448 -0.292245
0.123615 0.213099 -0.13746 0.258049 -0.490918 -0.832112
-0.0389129 -0.312157 -0.0627057 0.956315 0.00732452 0.292245
-0.132259 0.211127 -0.298 0.956316 0.00732468 0.292243
-0.19641 -0.553161 -0.214865 -0.956315 -0.0073245 -0.292245
-0.0943956 -0.0369135 0.493238 -0.258049 0.490918 0.832112
0.236895 0.00702442 -0.331267 -0.258049 0.490918 0.832112
0.000922565 0.435791 0.141836 0.689774 -0.425662 -0.585683
0.168016 0.281894 -0.275998 0.3977 -0.484343 -0.77926
-0.214887 0.204718 -0.173399 -0.956315 -0.00732742 -0.292247
0.147034 -0.483479 -0.1699 0.258049 -0.490918 -0.832112
0.158666 -0.404768 -0.21273 0.258049 -0.490918 -0.832112
0.12389 0.234524 -0.423504 0.850683 0.140011 0.50669
0.176952 -0.366501 0.301588 0.956315 0.00732449 0.292245
-0.318269 -0.134884 0.319352 0.956314 0.00732976 0.292249
-0.171049 0.465802 -0.177451 0.956315 0.0073246 0.292245
0.044991 -0.284123 0.548749 -0.13737 -0.871175 0.471363
-0.201191 0.121681 -0.216135 -0.956315 -0.00732452 -0.292245
-0.12231 0.385388 -0.334925 0.956315 0.00732468 0.292245
-0.154136 -0.275155 -0.233894 -0.291299 -0.0602733 0.954731
