ply
format ascii 1.0
comment Created by Open3D
element vertex 2096
property double x
property double y
property double z
property double nx
property double ny
property double nz
end_header
-0.115368 -0.0879059 0.0194453 0.479247 0.235212 0.845576
0.241867 -0.359424 0.0949544 -0.550754 -0.669533 0.498393
0.345947 -0.0946953 -0.118823 0.242062 0.890634 -0.384939
0.016383 -0.221024 0.26338 0.479247 0.235212 0.845576
0.110894 -0.38683 -0.0138591 -0.442754 -0.767062 0.464311
-0.448705 -0.0274107 0.0507541 -0.479247 -0.235212 -0.845576
-0.274759 0.0109835 -0.0261205 0.550754 0.669533 -0.498393
0.296942 -0.151226 -0.0761273 -0.792708 -0.297549 0.532051
-0.067138 -0.176933 0.285276 -0.550754 -0.669533 0.498393
-0.109185 -0.163139 0.0368682 0.479247 0.235212 0.845576
0.325242 -0.18958 -0.192073 0.746541 -0.615849 -0.251807
0.0758634 -0.255127 0.0579929 -0.822243 0.53786 -0.186073
0.124996 -0.346622 0.152285 0.479247 0.235212 0.845576
-0.379562 0.26366 0.286711 -0.683369 0.704557 0.191328
-0.229604 0.197754 0.274684 0.550754 0.669533 -0.498393
-0.285492 0.223742 0.247835 0.550754 0.669533 -0.498393
0.172047 -0.215957 0.0408766 -0.683369 0.704557 0.191328
-0.249905 0.000895347 -0.0122074 0.550754 0.669533 -0.498393
-0.0466799 -0.435952 -0.0400777 -0.550754 -0.669533 0.498393
0.361709 -0.295802 -0.193117 -0.479246 -0.235212 -0.845576
-0.473919 0.202967 0.173195 -0.683369 0.704557 0.191328
0.137484 -0.328964 0.209126 0.683369 -0.704557 -0.191328
0.262003 -0.146143 -0.0374486 0.479247 0.235212 0.845576
0.0533761 -0.112846 0.170138 0.550754 0.669533 -0.498393
-0.263416 -0.16999 -0.0146013 -0.479247 -0.235212 -0.845576
0.258644 -0.373973 0.0939495 -0.550754 -0.669533 0.498393
-0.303571 -0.0966903 0.131802 -0.550753 -0.669531 0.498397
-0.265958 0.0423305 0.350145 0.479247 0.235212 0.845576
-0.225258 -0.215282 -0.0236295 -0.479248 -0.235213 -0.845575
0.0828537 -0.41167 -0.0786946 -0.646452 -0.557048 0.521342
0.411255 -0.152335 0.0129123 -0.316433 0.944932 -0.0835052
0.0948219 -0.141859 0.176962 0.550754 0.669533 -0.498393
-0.0976565 -0.262955 -0.082689 -0.479247 -0.235212 -0.845576
0.187331 -0.414298 -0.0452564 0.683369 -0.704557 -0.191328
0.274221 -0.267792 -0.274409 0.683369 -0.704557 -0.191328
0.341676 -0.230263 -0.0451264 -0.479248 -0.235211 -0.845575
-0.517805 0.189881 0.0646319 -0.683369 0.704557 0.191328
-0.340491 0.129087 0.155445 0.550755 0.669534 -0.49839
-0.558636 0.103419 0.0766672 -0.479247 -0.235212 -0.845576
-0.445797 0.156638 -0.0020907 -0.479246 -0.235211 -0.845576
-0.382802 0.0427699 -0.00612014 -0.479247 -0.235212 -0.845576
0.241105 -0.302087 -0.263804 -0.479247 -0.235212 -0.845576
0.0361476 -0.305302 0.0855351 -0.794238 0.603966 -0.0664246
-0.328424 -0.00385161 0.229055 -0.550754 -0.669533 0.498393
0.079296 -0.333967 -0.163227 -0.479247 -0.235212 -0.845576
-0.265247 0.153585 0.175959 0.550756 0.669534 -0.498389
0.435633 -0.22397 -0.197074 0.806994 -0.496886 -0.319163
0.201105 -0.193471 0.0618603 -0.683369 0.704557 0.191328
0.069582 -0.167008 0.218203 0.479247 0.235212 0.845576
0.0550066 -0.442406 -0.00909904 0.646452 0.557048 -0.521342
0.150229 -0.396227 0.0274469 -0.840012 -0.156294 0.519569
0.17097 -0.398841 -0.160613 0.683369 -0.704557 -0.191328
0.24651 -0.350197 -0.0699319 0.683369 -0.704557 -0.191328
0.343354 -0.206302 -0.221689 0.479246 0.235212 0.845576
0.131792 -0.373676 0.0282716 -0.365104 -0.822679 0.435773
0.276383 -0.111803 -0.298614 0.550754 0.669533 -0.498393
0.196396 -0.127375 -0.0329799 -0.876803 0.0852426 0.473234
-0.443077 0.0360114 0.155909 -0.550754 -0.669533 0.498393
0.276246 0.0046499 -0.121021 -0.356852 0.932413 -0.0571142
0.189903 -0.196475 -0.137451 0.479247 0.23521 0.845576
0.241224 -0.26464 -0.0674125 -0.479973 -0.73636 0.476865
-0.442349 0.0881025 0.226691 -0.550754 -0.669533 0.498393
0.226367 -0.0328563 -0.189553 -0.479247 -0.235212 -0.845575
0.0941632 -0.367309 0.207776 -0.550754 -0.669533 0.498393
0.343925 -0.292443 0.0653272 0.683369 -0.704557 -0.191328
0.427601 -0.038458 -0.0329796 0.550754 0.669533 -0.498393
0.205565 -0.413811 0.0180789 0.683369 -0.704557 -0.191328
-0.524897 0.185725 0.0546077 -0.683369 0.704557 0.191328
0.406439 -0.274852 -0.0919282 0.434915 -0.900463 0.00398296
-0.362818 0.164409 0.178223 0.550752 0.669534 -0.498394
-0.157169 -0.281537 0.0452642 -0.550754 -0.669533 0.498393
0.275959 -0.252422 0.124994 0.479247 0.235212 0.845576
0.278052 -0.365366 0.126958 -0.550754 -0.669533 0.498393
-0.0609081 -0.21506 0.164738 -0.479247 -0.235212 -0.845576
0.115798 -0.404594 -0.164269 -0.479247 -0.235212 -0.845576
-0.247802 0.193783 0.249238 0.550753 0.669533 -0.498394
0.208208 -0.192649 -0.231624 0.81051 0.251036 -0.529202
-0.393696 0.233285 0.141083 0.550755 0.669532 -0.498394
-0.340632 0.0493657 0.287056 -0.550754 -0.669533 0.498393
0.286583 -0.13108 -0.313239 0.550754 0.669533 -0.498393
0.290506 -0.173768 -0.103938 0.616064 0.596049 -0.514968
-0.12682 -0.127349 0.0369077 0.479247 0.235212 0.845576
0.113873 -0.251314 -0.035585 -0.640992 0.751508 0.156095
-0.129228 -0.13163 0.179866 -0.390555 -0.320993 -0.862804
-0.257282 0.1643 0.199156 0.550754 0.669533 -0.498393
0.279063 -0.291011 -0.0901005 -0.199708 -0.908925 0.366022
0.255897 -0.0951828 -0.298925 0.550754 0.669533 -0.498393
0.0488883 -0.166148 0.229692 0.479247 0.235212 0.845576
0.260628 -0.3596 0.0151154 0.683369 -0.704557 -0.191328
-0.108785 -0.00795203 0.275052 0.479247 0.235212 0.845576
0.389232 -0.142416 -0.0993238 0.872856 -0.2286 -0.431119
0.348306 -0.182985 -0.0959991 0.275242 -0.955098 0.109679
-0.103483 -0.292138 -0.0712685 -0.479247 -0.235212 -0.845576
-0.321764 0.131986 0.180034 0.550754 0.669533 -0.498393
0.408441 -0.183067 -0.110174 0.479246 0.23521 0.845576
-0.295704 0.103629 0.15755 -0.772877 0.634553 -0.00162529
0.405233 -0.193115 0.0352277 0.479247 0.235212 0.845576
0.154847 -0.232432 0.0745097 -0.323126 0.943037 -0.0791846
-0.295927 -0.137227 0.0857915 -0.550754 -0.669533 0.498393
0.049377 -0.20062 0.239004 0.479247 0.235212 0.845576
0.368558 -0.160168 -0.00898533 0.199728 0.908917 -0.366031
0.0546793 -0.462882 -0.0419896 0.24206 0.890634 -0.384938
0.27412 -0.338742 0.150047 0.479247 0.235212 0.845576
-0.00664831 -0.206734 -0.0223207 0.550754 0.669533 -0.498393
-0.0957019 -0.153785 0.0266246 0.479247 0.235212 0.845576
0.271057 -0.192796 -0.151059 0.479968 0.736363 -0.476864
0.0995807 -0.422327 0.139852 -0.550754 -0.669533 0.498393
-0.150157 -0.339545 -0.0249144 -0.550754 -0.669533 0.498393
-0.301564 -0.0490199 -0.0266305 -0.479247 -0.235212 -0.845576
-0.262701 -0.124318 -0.0277114 -0.479247 -0.235212 -0.845576
0.194242 -0.104694 -0.289569 -0.683369 0.704557 0.191328
0.223333 -0.142143 -0.234677 0.669424 -0.721032 -0.178841
0.34191 -0.214576 -0.228611 0.683369 -0.704557 -0.191328
-0.159626 0.106203 0.229025 0.550754 0.669533 -0.498393
-0.217884 -0.189725 0.101509 -0.550754 -0.669533 0.498393
-0.25711 -0.0308244 -0.0568868 -0.479247 -0.235212 -0.845576
-0.26569 0.0581356 0.0472442 0.550754 0.669533 -0.498393
0.41214 -0.104747 -0.134057 0.479247 0.235211 0.845576
0.445633 -0.0847838 -0.0178037 0.479246 0.235208 0.845577
0.165101 -0.224269 -0.115663 0.479248 0.235208 0.845576
-0.0708843 -0.195978 0.0242953 0.479247 0.235212 0.845576
-0.320433 0.0957799 0.120077 -0.461041 0.741786 0.487027
0.274694 -0.215756 -0.306855 -0.479248 -0.235209 -0.845576
0.306015 -0.30238 -0.00485418 -0.479254 -0.235207 -0.845573
0.123519 -0.199045 -0.19473 -0.683369 0.704557 0.191328
0.372795 -0.172062 -0.0734572 0.472363 -0.881114 -0.0226239
0.0991092 -0.236614 -0.143567 -0.683369 0.704557 0.191328
-0.515129 0.197958 0.0444467 -0.683369 0.704557 0.191328
0.267339 -0.307284 -0.153564 0.683369 -0.704557 -0.191328
0.285276 -0.207329 -0.174395 0.0264071 0.959121 -0.281763
0.196789 -0.362971 -0.200484 0.683369 -0.704557 -0.191328
0.180324 -0.124998 -0.264511 -0.683369 0.704557 0.191328
-0.296028 0.148693 0.208605 -0.728288 0.0937751 -0.678825
-0.269396 -0.17926 -0.00863352 -0.479247 -0.235213 -0.845575
0.372979 -0.157506 -0.122393 -0.837344 0.411243 0.360186
0.0116983 -0.251433 -0.062094 0.550755 0.669532 -0.498393
0.17808 -0.275784 0.186967 0.479248 0.235211 0.845575
-0.479496 0.0159444 0.088705 -0.550754 -0.669533 0.498393
0.215202 -0.0483124 -0.0609972 -0.768623 0.577593 0.274965
0.411501 -0.194087 -0.249632 -0.479247 -0.235212 -0.845575
-0.246735 -0.129497 0.150537 -0.550754 -0.669535 0.498391
0.224581 -0.186582 -0.203711 0.792711 0.297542 -0.532051
0.0959195 -0.258062 -0.0759777 -0.683369 0.704557 0.191328
0.195192 -0.38734 0.106676 -0.876353 0.181203 0.446285
-0.482463 0.219279 0.0826077 -0.683369 0.704557 0.191328
-0.314967 -0.139408 0.00610946 -0.479248 -0.235213 -0.845574
0.107887 -0.223131 -0.161867 -0.683369 0.704557 0.191328
0.254245 -0.261161 -0.0492182 -0.442754 -0.767062 0.464311
-0.108629 -0.0895499 0.153994 -0.276253 -0.417241 -0.865791
-0.40416 0.112805 -0.0134962 -0.479247 -0.235212 -0.845576
0.186927 -0.241307 -0.0991024 -0.675241 -0.516652 0.526422
-0.223826 0.0444748 0.325669 0.479247 0.235212 0.845576
0.293464 -0.342648 0.0699711 0.683369 -0.704557 -0.191328
0.0798605 -0.385973 -0.0263996 0.104643 -0.971862 0.211032
0.0209714 -0.383569 0.105051 -0.550754 -0.669533 0.498393
-0.208397 -0.0870051 0.249985 -0.550754 -0.669533 0.498393
0.0677424 -0.395093 -0.0600091 -0.0264089 -0.95912 0.281764
-0.396495 0.208371 0.104521 0.550754 0.669532 -0.498394
-0.0668249 -0.188773 -0.0646911 0.550754 0.669533 -0.498393
0.428328 -0.192383 -0.00167712 0.683369 -0.704557 -0.191328
0.204993 -0.377998 -0.115844 0.683369 -0.704557 -0.191328
-0.293752 0.021518 0.301451 -0.550754 -0.669533 0.498393
0.113142 -0.338353 0.15676 0.683369 -0.704557 -0.191328
-0.398817 0.0160858 0.0103798 -0.479247 -0.235212 -0.845576
-0.270996 0.0884422 0.082095 0.550753 0.669533 -0.498395
-0.237434 0.0511102 0.331536 0.479247 0.235212 0.845576
0.282576 -0.116172 -0.201748 -0.061073 0.970023 -0.235215
-0.296281 0.0847969 0.355519 0.479247 0.235212 0.845576
-0.294181 -0.0275303 0.235087 -0.550754 -0.669533 0.498393
-0.128719 -0.161247 0.238299 -0.550754 -0.669533 0.498393
-0.309567 -0.0650677 -0.0176306 -0.479247 -0.235212 -0.845576
0.196479 -0.36992 0.110581 -0.810506 -0.251047 0.529203
0.328955 -0.189829 -0.179272 -0.696878 0.687658 0.203685
0.245605 -0.142765 0.0340787 -0.683369 0.704557 0.191328
0.346299 -0.245583 -0.198353 -0.479246 -0.235212 -0.845576
0.136969 -0.319121 0.17104 0.683369 -0.704557 -0.191328
-0.46532 0.171501 0.313344 -0.550754 -0.669533 0.498393
-0.480726 0.190474 0.0082941 -0.479247 -0.235212 -0.845576
-0.193665 -0.156185 -0.0579743 -0.479246 -0.235211 -0.845576
0.252338 -0.154142 -0.150846 0.876803 -0.0852494 -0.473232
-0.489152 0.0126585 0.0736212 -0.550754 -0.669533 0.498393
0.0251243 -0.27791 -0.0880784 0.30859 0.85675 -0.41322
0.140698 -0.194806 0.156529 0.550754 0.669533 -0.498393
0.22365 -0.278042 -0.133889 0.479247 0.235212 0.845576
-0.143475 0.0948007 0.231555 0.550754 0.669533 -0.498393
0.0353101 -0.416902 0.076117 -0.550754 -0.669533 0.498393
0.36475 -0.156612 -0.00327533 -0.324852 -0.847464 0.419853
-0.321996 -0.165843 0.0174467 -0.479247 -0.235212 -0.845576
0.38412 -0.211629 -0.229234 -0.479247 -0.235212 -0.845576
-0.263281 0.207849 0.25103 0.550754 0.669533 -0.498392
0.209894 -0.216279 0.152384 0.479247 0.235212 0.845576
0.377536 -0.0521532 -0.249953 0.542189 0.678268 -0.495968
0.0487436 -0.265051 -0.0437791 0.308591 0.85675 -0.41322
0.072386 -0.270536 -0.176955 -0.479247 -0.235212 -0.845576
-0.146038 -0.21039 0.0708991 0.479247 0.235212 0.845576
0.151073 -0.249706 -0.0490745 0.550754 0.669533 -0.498393
-0.320417 -0.00577957 0.235313 -0.550754 -0.669533 0.498393
-0.305554 0.128854 0.19374 0.550753 0.669535 -0.498392
-0.198623 -0.111503 0.122928 0.794268 -0.603928 0.0664044
-0.392563 0.149709 0.0300608 0.550754 0.669533 -0.498393
-0.487046 0.215149 0.0814464 -0.683369 0.704557 0.191328
0.244231 -0.216089 -0.00791921 0.479246 0.235212 0.845576
0.366741 -0.00627779 -0.179335 0.283813 0.870128 -0.402898
-0.0734688 -0.0508087 0.124085 -0.315165 -0.386094 -0.86695
-0.13285 -0.252239 0.0750657 0.479247 0.235212 0.845576
0.276318 -0.306936 0.012446 0.550754 0.669533 -0.498393
0.291013 -0.182891 -0.275197 0.876804 -0.0852645 -0.473228
0.103843 -0.280887 -0.191905 -0.479247 -0.235212 -0.845576
0.0219903 -0.067043 0.196985 0.550754 0.669533 -0.498393
0.280744 -0.208465 -0.0307346 0.479246 0.235212 0.845576
-0.162569 -0.0410431 0.0279648 0.550753 0.669533 -0.498394
-0.374403 0.165817 0.167312 0.550754 0.669534 -0.498391
0.244455 -0.359542 -0.0428654 0.683369 -0.704557 -0.191328
0.451606 -0.0699029 -0.177514 0.72771 0.432119 -0.532645
0.347395 -0.0791805 -0.0574474 -0.316442 0.94493 -0.0834991
-0.0303362 -0.191652 0.000110563 0.479247 0.235212 0.845576
0.264364 -0.151402 -0.0232448 -0.479246 -0.235212 -0.845576
0.114261 -0.489548 -0.0290941 0.669641 -0.720783 -0.179034
-0.206573 0.114132 0.187797 0.550754 0.669533 -0.498393
0.459582 -0.137052 -0.0938003 0.683369 -0.704557 -0.191328
-0.382248 0.0230826 0.20576 -0.550754 -0.669533 0.498393
0.289623 -0.138723 -0.320148 0.550754 0.669533 -0.498393
-0.104578 0.0354023 0.194743 0.550754 0.669533 -0.498393
0.437325 -0.176936 -0.0264249 0.683369 -0.704557 -0.191328
-0.355818 -0.0250908 0.170251 -0.550754 -0.669533 0.498393
-0.408061 0.179576 0.0530585 0.550754 0.669531 -0.498396
-0.503343 0.200076 0.0787441 -0.683369 0.704557 0.191328
-0.0596456 -0.28438 0.0425163 0.479247 0.235212 0.845576
-0.168692 -0.0277913 0.0390008 0.550753 0.669533 -0.498394
0.379858 -0.155005 0.00444715 0.123807 -0.655698 0.744803
0.230443 -0.150822 -0.197083 0.849415 -0.366828 -0.379383
0.230149 -0.174205 0.0946493 -0.683369 0.704557 0.191328
0.297544 -0.10941 -0.0921633 0.746545 -0.615842 -0.251811
0.446934 -0.165981 -0.136744 0.479247 0.235212 0.845576
0.343077 -0.168647 -0.0445131 0.283815 0.870127 -0.402899
0.333127 -0.301666 0.0607256 0.683369 -0.704557 -0.191328
-0.0221611 -0.30622 -0.113442 -0.479247 -0.235212 -0.845576
0.199972 -0.052778 -0.169052 -0.479246 -0.235211 -0.845576
0.328516 -0.115113 -0.0167329 0.876803 -0.0852506 -0.473232
0.269938 -0.222542 -0.252637 -0.434917 0.900462 -0.00398156
-0.0631643 -0.192117 0.159635 -0.479247 -0.235212 -0.845576
0.084948 -0.4977 0.00615033 -0.0567878 -0.953092 0.297305
-0.171877 0.0717288 0.169174 0.550753 0.669533 -0.498394
0.25802 -0.247448 0.133777 0.479243 0.235216 0.845576
-0.353963 0.143457 0.159862 0.550754 0.669533 -0.498393
-0.350601 0.13882 0.0753416 0.17617 0.490417 0.853496
0.126169 -0.331378 0.231853 0.479247 0.235212 0.845576
0.0402037 -0.275587 -0.0732332 0.184689 0.914823 -0.35915
0.261145 -0.1666 -0.0171931 -0.479247 -0.235211 -0.845576
-0.0510147 -0.436783 -0.0459849 -0.550754 -0.669533 0.498393
-0.0332111 -0.199718 0.144772 -0.479247 -0.235212 -0.845576
0.131359 -0.401845 0.16404 0.479246 0.235212 0.845576
0.165923 -0.224052 0.114039 -0.115163 0.971944 -0.205093
0.145104 -0.237651 0.0332206 -0.511723 0.857607 0.0514708
0.050796 -0.220645 0.102817 -0.528975 -0.181902 -0.828913
-0.440971 0.13573 0.000989827 -0.479247 -0.235212 -0.845576
0.246991 -0.0084399 -0.138797 -0.434919 0.900461 -0.00397993
0.374721 -0.0175863 -0.137094 0.479247 0.235211 0.845575
0.180883 -0.149929 -0.131208 -0.479247 -0.235212 -0.845576
-0.533734 0.161642 0.11173 -0.683369 0.704557 0.191328
-0.178853 -0.000425759 0.0645339 0.550753 0.669533 -0.498395
-0.153202 -0.0745611 -0.0067126 0.550754 0.669533 -0.498393
-0.114056 -0.140829 0.174212 -0.479247 -0.235212 -0.845576
0.131679 -0.331193 0.144205 0.479247 0.235212 0.845576
0.428817 -0.0437699 -0.180883 0.616059 0.596054 -0.514967
-0.305026 0.0371356 -0.0244346 0.550754 0.669533 -0.498393
0.436914 -0.218301 -0.201595 0.823191 -0.454634 -0.340095
0.30711 -0.179333 0.0870074 0.479248 0.23521 0.845575
0.425039 -0.0752003 -0.149586 0.479247 0.235212 0.845576
-0.35529 -0.0529136 0.00490311 -0.479247 -0.235212 -0.845576
-0.350083 -0.121195 0.0474829 -0.550754 -0.669533 0.498393
0.421251 -0.108825 -0.247466 0.792714 0.297534 -0.532051
-0.372138 0.263402 0.205365 0.550753 0.669534 -0.498393
0.172163 -0.104932 -0.0905048 -0.85937 0.321519 0.397629
0.131072 -0.183224 -0.226013 -0.683369 0.704557 0.191328
-0.11226 -0.105221 -0.00265754 0.550754 0.669533 -0.498393
0.30469 -0.226974 -0.315899 0.683369 -0.704557 -0.191328
0.113127 -0.253378 -0.02413 -0.518584 0.851977 0.0721487
-0.0730718 -0.0557087 0.126076 -0.3533 -0.353983 -0.865953
0.162944 -0.219527 0.179897 0.479247 0.235212 0.845575
-0.397874 -0.0563484 0.0817853 -0.550754 -0.669533 0.498393
0.266126 -0.154658 -0.295733 -0.584141 -0.633572 0.507313
0.231642 -0.178992 0.117611 -0.683369 0.704557 0.191328
-0.36021 -0.0737481 0.100032 -0.550754 -0.669534 0.498392
0.287454 -0.257386 -0.265466 0.683369 -0.704557 -0.191328
0.0493812 -0.238645 0.249579 0.479247 0.235212 0.845576
0.0223655 -0.10457 0.146987 0.550754 0.669533 -0.498393
-0.115049 -0.296632 0.071531 -0.550753 -0.669533 0.498393
0.137704 -0.400726 0.0059816 -0.82629 -0.203912 0.525038
0.20717 -0.405798 -0.0056955 0.683369 -0.704557 -0.191328
0.453191 -0.157045 -0.205706 0.876803 -0.0852463 -0.473233
0.350144 -0.117851 0.0455146 0.479249 0.235208 0.845575
-0.137661 0.054384 0.274077 0.479247 0.235212 0.845576
0.202502 -0.406493 -0.0198097 0.683369 -0.704557 -0.191328
0.223831 -0.178368 0.0874139 -0.683369 0.704557 0.191328
0.326972 -0.296458 -0.0966312 0.0610811 -0.970023 0.23521
-0.217226 0.0849979 0.310657 0.479247 0.235212 0.845576
0.196635 -0.198446 -0.12664 -0.479246 -0.235212 -0.845576
0.275568 -0.212128 -0.0267822 0.479245 0.235214 0.845576
0.327046 -0.113535 -0.17158 -0.404432 -0.79586 0.450602
0.326974 -0.116513 -0.249036 0.550754 0.669533 -0.498393
-0.179243 0.0185134 0.0895464 0.550752 0.669533 -0.498395
0.0739918 -0.254287 0.0662663 -0.833165 0.476815 -0.280149
0.152121 -0.413983 0.0339672 -0.859367 0.321532 0.397624
0.0134338 -0.298912 0.138476 -0.738227 0.112117 -0.665169
0.36197 -0.0116867 -0.0329908 -0.683369 0.704557 0.191328
0.277013 -0.105973 -0.0571298 0.479247 0.235212 0.845576
-0.363048 0.113361 0.348255 -0.550753 -0.669533 0.498394
0.0476725 -0.219225 0.245145 0.479247 0.235212 0.845576
0.0628041 -0.263329 -0.0304423 0.226581 0.897607 -0.378104
0.274803 -0.294358 -0.144264 -0.479247 -0.235212 -0.845575
0.000570674 -0.353079 0.123468 -0.550753 -0.669531 0.498396
-0.257182 -0.00378054 -0.0265309 0.550754 0.669533 -0.498393
-0.257365 0.0690664 0.337838 0.479247 0.235212 0.845576
0.350555 -0.0229741 -0.032195 -0.683369 0.704557 0.191328
0.331844 -0.0905001 -0.233299 -0.479247 -0.235212 -0.845576
0.119946 -0.210238 -0.166273 -0.683369 0.704557 0.191328
0.438803 -0.247883 -0.133111 0.669426 -0.72103 -0.178843
-0.0626172 -0.2255 0.168611 -0.479247 -0.235212 -0.845576
-0.312008 -0.0188174 -0.0291121 -0.479247 -0.235212 -0.845576
0.357498 -0.105547 -0.12881 -0.516002 -0.703824 0.488236
-0.503554 0.131051 0.037762 -0.479247 -0.235212 -0.845576
-0.147881 0.110655 0.247984 0.550754 0.669533 -0.498393
0.167177 -0.22525 0.0589921 -0.610815 0.781214 0.128883
0.1423 -0.478907 0.0407424 0.511721 -0.857609 -0.0514689
-0.33306 -0.0616233 -0.00527327 -0.479247 -0.235212 -0.845576
-0.125767 -0.127172 0.0362619 0.479247 0.235212 0.845576
0.0918472 -0.213448 0.0775033 0.550752 0.669535 -0.498392
0.21043 -0.235707 -0.0638151 -0.646452 -0.557048 0.521342
0.0809344 -0.430433 -0.137322 -0.479248 -0.235211 -0.845575
0.190006 -0.411115 -0.0474227 0.683369 -0.704557 -0.191328
0.359401 -0.133578 -0.15195 0.810505 0.251048 -0.529203
0.0771394 -0.255327 0.0496878 -0.795117 0.602485 -0.0692817
0.154987 -0.202913 -0.242582 -0.479246 -0.235212 -0.845576
-0.229008 -0.181945 -0.0307772 -0.479247 -0.235212 -0.845576
0.282558 -0.182697 -0.0389307 0.479247 0.235212 0.845576
0.257458 -0.223138 -0.23158 -0.0610909 0.970024 -0.235205
-0.187747 -0.234085 0.0752195 -0.550754 -0.669533 0.498393
-0.00428578 -0.121864 0.247511 0.479247 0.235212 0.845576
0.439804 -0.16664 0.00826952 0.479247 0.235212 0.845576
-0.132297 0.0180702 0.140829 0.550753 0.669533 -0.498393
0.362225 -0.296578 -0.179065 0.472377 -0.881106 -0.0226339
-0.294139 -0.106511 0.12903 -0.550753 -0.669532 0.498396
0.122161 -0.437347 -0.00560034 -0.722626 0.652539 0.228047
0.192816 -0.0587331 -0.163339 -0.479246 -0.235211 -0.845576
-0.424067 0.254742 0.136347 0.550753 0.669534 -0.498393
0.31896 -0.252763 -0.0400722 0.479245 0.235212 0.845576
0.305801 -0.212554 -0.198666 0.479246 0.235212 0.845576
0.149987 -0.474516 0.047361 0.579145 -0.808653 -0.103301
0.153943 -0.131545 -0.121053 -0.479247 -0.235212 -0.845576
-0.121145 -0.255613 0.0693704 0.479247 0.235212 0.845576
0.329665 -0.100218 -0.141363 -0.156867 -0.924953 0.3462
-0.42979 -0.027431 0.0853639 -0.550754 -0.669533 0.498393
0.298939 -0.0758745 -0.0779294 0.479247 0.235212 0.845575
0.0266559 -0.145404 0.236522 0.479247 0.235212 0.845576
0.307695 -0.236005 -0.179138 -0.479245 -0.235211 -0.845576
0.257671 -0.157011 -0.0319705 0.479247 0.235211 0.845576
0.332023 -0.258851 0.0950069 0.479247 0.235212 0.845576
0.227884 -0.299405 -0.130346 0.479247 0.235212 0.845576
0.332367 -0.0860868 -0.0776265 -0.356847 0.932415 -0.0571175
0.320252 -0.197257 -0.177181 -0.543676 0.835881 0.0756238
-0.289669 -0.0389703 0.224704 -0.550754 -0.669533 0.498393
-0.367436 0.120725 0.0188901 0.550754 0.669533 -0.498393
0.0395024 -0.289294 0.252177 -0.550754 -0.669533 0.498393
0.448137 -0.17784 -0.209427 0.876352 -0.181219 -0.446281
-0.41993 0.197261 0.0636984 0.550754 0.669533 -0.498393
-0.287536 -0.194864 0.0176356 -0.550754 -0.669533 0.498393
-0.119526 -0.0558723 0.294469 0.479247 0.235212 0.845576
0.313457 -0.138412 -0.293391 0.550754 0.669533 -0.498393
0.42098 -0.212273 -0.109157 0.479246 0.235211 0.845576
0.466443 -0.191455 -0.162688 0.849414 -0.366833 -0.379381
-0.34114 -0.03621 0.171534 -0.550754 -0.669533 0.498393
0.398058 -0.270886 -0.192509 0.640297 -0.752625 -0.153545
0.139428 -0.215809 0.192191 0.479247 0.235212 0.845576
0.00926654 -0.412782 -0.101613 -0.479247 -0.235212 -0.845575
0.109619 -0.237327 0.0591035 0.267909 0.878236 -0.39614
-0.0800797 -0.380796 -0.0598713 -0.479247 -0.235212 -0.845576
0.350941 -0.0900298 0.0045299 -0.298139 0.5299 0.793926
0.124384 -0.291483 0.221767 0.479247 0.235212 0.845576
0.239681 -0.224599 -0.253303 -0.394044 -0.775558 -0.493193
0.313631 -0.0667726 -0.229577 -0.479246 -0.235212 -0.845576
-0.54495 0.0993916 0.0700304 -0.479247 -0.235212 -0.845576
-0.511339 0.0383337 0.0835947 -0.550754 -0.669533 0.498393
-0.366737 0.268438 0.314923 -0.683369 0.704557 0.191328
0.116528 -0.454463 -0.150239 0.683369 -0.704557 -0.191328
-0.136158 -0.244918 0.074904 0.479247 0.235212 0.845576
0.389835 -0.21651 -0.0503179 0.683369 -0.704557 -0.191328
0.347007 -0.140275 0.00192119 -0.675235 -0.516661 0.526421
0.0628811 -0.372452 0.166299 -0.550754 -0.669533 0.498393
0.121248 -0.419114 -0.163319 -0.47925 -0.23521 -0.845575
0.358204 -0.156563 -0.00841846 0.365096 0.822684 -0.43577
0.30364 -0.220311 -0.195284 0.479246 0.235212 0.845576
0.147681 -0.250458 0.197151 0.479247 0.235212 0.845576
0.296968 -0.131295 -0.229666 -0.479984 -0.73635 0.476869
-0.0837292 -0.263806 -0.0903458 -0.479247 -0.235212 -0.845576
0.329452 -0.114329 -0.170668 -0.442742 -0.767071 0.464307
0.0793008 -0.288352 -0.175918 -0.479247 -0.235212 -0.845576
0.394185 -0.157192 0.00465281 -0.104626 0.971862 -0.211042
0.0917302 -0.242228 0.0373425 0.331348 0.807641 -0.487775
0.316192 -0.121987 -0.0383294 0.876803 -0.0852506 -0.473232
-0.236249 0.108198 0.314985 0.479247 0.235212 0.845576
-0.168811 -0.0551057 0.322189 0.479247 0.235212 0.845576
-0.433381 0.219079 0.078145 0.550752 0.669536 -0.498391
0.385746 -0.0719118 -0.0403248 -0.15687 -0.924952 0.346201
-0.401333 0.0806591 0.262017 -0.550754 -0.669533 0.498393
0.100934 -0.272397 -0.192617 -0.479247 -0.235212 -0.845576
0.30833 -0.18397 -0.334761 -0.479248 -0.235219 -0.845573
0.35896 -0.0843925 -0.0857633 -0.113619 -0.938688 0.325508
-0.253335 -0.0369267 0.267601 -0.550756 -0.669534 0.49839
0.0739604 -0.324044 -0.162963 -0.479247 -0.235212 -0.845576
-0.32367 -0.097796 -0.00053296 -0.479247 -0.235212 -0.845576
0.408701 -0.169883 0.0268 0.479245 0.235213 0.845576
-0.177564 -0.274533 -0.0341795 -0.479244 -0.235208 -0.845578
0.206476 -0.179648 -0.0257117 -0.810508 -0.251041 0.529203
0.409364 -0.188393 -0.0841051 0.683369 -0.704557 -0.191328
0.308775 -0.167033 -0.044068 -0.479247 -0.235212 -0.845576
0.132492 -0.437506 -0.155663 0.683369 -0.704557 -0.191328
0.200438 -0.314956 -0.110465 0.479247 0.235212 0.845576
0.13888 -0.216011 0.192558 0.479247 0.235212 0.845576
-0.061881 -0.413457 -0.0266569 -0.550754 -0.669533 0.498393
-0.156243 -0.0936742 0.157598 0.255368 -0.703648 -0.663073
0.218627 -0.155887 -0.218738 0.837339 -0.411259 -0.36018
-0.164926 -0.0261467 0.0453712 0.550753 0.669532 -0.498395
0.228356 -0.274387 -0.264283 -0.479247 -0.235212 -0.845576
-0.407638 0.135715 0.32901 -0.550754 -0.669533 0.498393
0.15953 -0.369748 -0.198748 -0.479253 -0.235206 -0.845573
0.368066 -0.288845 -0.091323 0.233353 -0.962893 0.135588
0.19104 -0.408918 -0.0518198 0.683369 -0.704557 -0.191328
0.126556 -0.200404 -0.178878 -0.683369 0.704557 0.191328
0.281923 -0.112335 -0.136474 0.609584 -0.78234 -0.127872
0.178316 -0.124196 -0.0677865 -0.877669 0.133401 0.460328
0.204317 -0.174385 -0.236354 -0.889169 0.127578 0.439434
0.294571 -0.125304 -0.296653 0.550754 0.669533 -0.498393
-0.40876 0.0457973 0.206977 -0.550754 -0.669533 0.498393
0.00144831 -0.0697423 0.229762 0.479247 0.235212 0.845576
0.0590061 -0.112253 0.177155 0.550754 0.669533 -0.498393
0.290268 -0.134583 -0.0840915 -0.876803 0.0852494 0.473232
0.407045 -0.0844614 -0.136812 0.479247 0.235212 0.845576
0.334141 -0.143705 -0.195441 0.810504 0.251051 -0.529203
-0.186447 -0.272682 0.024806 -0.550754 -0.669533 0.498393
-0.187799 -0.270857 -0.0294012 -0.479247 -0.235212 -0.845576
-0.417031 0.0985022 0.26864 -0.550754 -0.669533 0.498393
0.160918 -0.193228 -0.248637 -0.479246 -0.235212 -0.845576
0.175223 -0.166593 -0.264153 -0.479248 -0.235211 -0.845575
-0.271735 -0.0299553 0.256633 -0.550754 -0.669533 0.498392
0.325289 -0.282356 -0.0470408 -0.0700973 -0.950086 0.304012
0.0658019 -0.435098 0.0119294 0.675242 0.51665 -0.526422
-0.494527 0.196438 0.0144569 -0.479247 -0.235212 -0.845576
-0.190657 -0.295093 -0.00995394 -0.550754 -0.669533 0.498393
0.416899 -0.0204239 -0.16021 0.479248 0.235211 0.845575
0.206997 -0.125102 -0.16886 -0.683369 0.704557 0.191328
0.0943106 -0.502477 -0.0265658 0.36277 -0.93036 0.0531888
-0.0688309 -0.204253 0.246705 -0.550754 -0.669533 0.498393
0.334703 -0.287565 0.0144282 0.683369 -0.704557 -0.191328
0.27802 -0.0907227 -0.0417877 -0.683369 0.704557 0.191328
-0.238119 -0.231859 0.0225464 -0.550754 -0.669533 0.498393
-0.556606 0.0859319 0.0975147 -0.550753 -0.669531 0.498397
0.264528 -0.353288 0.00580308 0.683369 -0.704557 -0.191328
-0.256973 0.072564 0.0762609 0.550755 0.669535 -0.498389
0.414302 -0.123325 -0.2654 0.810508 0.251041 -0.529203
-0.214216 -0.0901467 0.239335 -0.55075 -0.669533 0.498397
-0.113034 -0.296366 -0.0646792 -0.479247 -0.235212 -0.845576
-0.18308 -0.0924716 0.110096 0.794268 -0.603928 0.0664049
0.264774 -0.224676 -0.250842 -0.356858 0.932411 -0.0571105
-0.0303696 -0.124354 0.262987 0.479247 0.235212 0.845576
0.383101 -0.101822 -0.0947244 0.646461 0.557035 -0.521344
0.339568 -0.0143087 -0.118082 0.479247 0.235212 0.845575
0.0556111 -0.16573 0.101563 0.550754 0.669533 -0.498393
0.247731 -0.283556 0.0122641 0.550754 0.669533 -0.498393
0.203662 -0.10967 -0.237601 -0.683369 0.704557 0.191328
0.271546 -0.348198 0.0121248 0.683369 -0.704557 -0.191328
0.182588 -0.389071 -0.155092 0.683369 -0.704557 -0.191328
-0.0259996 -0.186028 -0.0158884 0.550754 0.669533 -0.498393
0.206513 -0.230946 -0.0638114 -0.675241 -0.516652 0.526422
0.156264 -0.44739 -0.0343588 0.683369 -0.704557 -0.191328
-0.448364 0.230836 0.161844 -0.683369 0.704557 0.191328
0.375527 -0.099189 -0.114852 0.479247 0.235211 0.845575
-0.248107 0.0685046 0.0806046 0.550753 0.669533 -0.498395
0.296162 -0.291237 -0.157238 -0.479248 -0.235212 -0.845575
-0.36348 -0.0392949 0.142702 -0.550754 -0.669533 0.498393
-0.0805867 -0.173627 0.023577 0.479247 0.235212 0.845576
-0.0184693 -0.333473 -0.107954 -0.479247 -0.235212 -0.845576
0.0570865 -0.27472 -0.153337 -0.683369 0.704557 0.191328
0.225004 -0.242856 0.151212 0.479247 0.235212 0.845576
-0.184104 -0.266971 0.0350671 -0.550754 -0.669533 0.498393
0.237065 -0.141534 -0.193792 0.788787 -0.537913 -0.29743
-0.206459 -0.0454998 0.307885 -0.550754 -0.669533 0.498393
-0.0497036 -0.237785 -0.111612 0.550754 0.669533 -0.498393
-0.416787 0.21005 0.351172 -0.683369 0.704557 0.191328
0.427572 -0.188051 -0.0203304 0.683369 -0.704557 -0.191328
0.0672961 -0.253263 0.00875588 -0.483589 0.742647 0.463267
-0.349789 0.107858 0.355514 -0.550754 -0.669533 0.498393
0.351514 -0.277535 0.0891569 0.479247 0.235212 0.845576
0.341887 -0.153139 -0.281759 0.550754 0.669533 -0.498393
0.388142 -0.156243 -0.0866348 0.788795 -0.537896 -0.29744
-0.208086 -0.060337 0.286154 -0.550754 -0.669533 0.498393
-0.533278 0.159262 0.122122 -0.683369 0.704557 0.191328
0.37949 -0.239661 -0.0020129 0.683369 -0.704557 -0.191328
0.189829 -0.134166 -0.044058 -0.873757 0.0368732 0.484962
0.266617 -0.289821 0.140692 0.479247 0.235212 0.845576
-0.196802 0.0598789 0.306068 0.479247 0.235212 0.845576
0.44022 -0.150107 -0.114882 0.683369 -0.704557 -0.191328
-0.210375 -0.0155034 0.00944581 0.550754 0.669533 -0.498393
0.234651 -0.211635 -0.158596 0.479247 0.235212 0.845576
-0.0591107 -0.217391 0.164368 -0.479247 -0.235212 -0.845576
0.317483 -0.197416 -0.144943 -0.233362 0.962891 -0.135583
0.233108 -0.19563 -0.00730611 0.479247 0.235212 0.845576
0.47723 -0.136701 -0.16206 0.479247 0.235212 0.845575
0.0537677 -0.415168 0.000168917 0.877669 -0.133388 -0.460332
0.437779 -0.240595 -0.1108 0.479248 0.235213 0.845574
0.252573 -0.218146 -0.152864 -0.479246 -0.235212 -0.845576
0.288088 -0.127036 -0.229659 -0.324856 -0.847461 0.419855
-0.517818 0.087663 0.142703 -0.550754 -0.669533 0.498393
-0.13073 0.0123656 0.134897 0.550754 0.669533 -0.498392
0.0156338 -0.0687068 0.221434 0.479247 0.235212 0.845576
0.203348 -0.0428124 -0.173737 -0.479248 -0.235213 -0.845575
-0.373385 0.112864 0.00175643 0.550754 0.669533 -0.498393
-0.391696 0.131197 0.00614999 0.550754 0.669533 -0.498393
0.465863 -0.0765957 -0.0419312 0.550754 0.669533 -0.498393
-0.242721 -0.0940537 -0.0474539 -0.479246 -0.235211 -0.845576
0.0226618 -0.241856 0.124827 -0.479247 -0.235212 -0.845576
0.286771 -0.274388 -0.205297 0.683369 -0.704557 -0.191328
0.275615 -0.0959216 -0.0450546 -0.479246 -0.235212 -0.845576
0.243638 -0.161401 0.0956806 -0.683369 0.704557 0.191328
0.107678 -0.350168 0.245738 -0.550754 -0.669533 0.498393
-0.263278 -0.129499 0.132253 -0.550753 -0.669532 0.498396
-0.471972 0.00592441 0.0835594 -0.550754 -0.669533 0.498393
-0.103533 -0.366997 -0.0102715 -0.550754 -0.669533 0.498393
-0.245723 0.154757 0.307404 0.479247 0.235212 0.845576
-0.0297312 -0.271211 0.162687 -0.479247 -0.235212 -0.845576
-0.0996837 -0.277996 -0.077356 -0.479247 -0.235212 -0.845575
-0.10028 -0.211075 0.202787 -0.550754 -0.669533 0.498393
0.286091 -0.214206 -0.235436 -0.543676 0.835881 0.0756238
0.282718 -0.0903367 -0.262777 0.550754 0.669533 -0.498393
-0.400168 -0.0837138 0.0424885 -0.550754 -0.669533 0.498393
0.359017 -0.20256 -0.0626608 -0.479243 -0.235214 -0.845577
0.173308 -0.463559 0.0933885 0.546088 -0.834138 -0.0774759
0.107351 -0.492443 -0.0431554 0.683369 -0.704557 -0.191328
-0.0352853 -0.0364626 0.174774 0.550754 0.669533 -0.498393
-0.353412 -0.0583639 0.128212 -0.550754 -0.669534 0.498392
0.176758 -0.098709 -0.143118 -0.479246 -0.235211 -0.845576
-0.466691 0.224159 0.12097 -0.683369 0.704557 0.191328
-0.26918 0.097151 0.0958008 0.550751 0.669532 -0.498397
-0.272924 -0.143389 0.102934 -0.550754 -0.669534 0.498392
-0.278966 -0.00267436 0.285291 -0.550756 -0.669534 0.498391
0.405747 -0.259954 -0.205358 0.722618 -0.652549 -0.22804
-0.151629 -0.150894 0.22689 -0.550754 -0.669533 0.498393
0.277906 -0.295163 -0.160457 0.683369 -0.704557 -0.191328
-0.291942 0.159574 0.205554 -0.707058 0.0569323 -0.70486
0.280956 -0.117738 -0.0420131 -0.479246 -0.235212 -0.845576
-0.190213 -0.0030933 0.0483974 0.550754 0.669533 -0.498393
-0.0658078 -0.0210526 0.254337 0.479247 0.235212 0.845576
-0.273908 -0.212375 0.00313518 -0.479247 -0.235212 -0.845576
-0.0813326 -0.316278 -0.0771082 -0.479247 -0.235212 -0.845576
-0.433178 0.0118328 0.134367 -0.550754 -0.669533 0.498393
-0.0733587 -0.203346 -0.0914881 0.550754 0.669533 -0.498393
-0.451013 0.228015 0.16277 -0.683369 0.704557 0.191328
0.330536 -0.161186 -0.226975 0.479246 0.235214 0.845575
0.388463 -0.0594294 -0.104402 0.550754 0.669533 -0.498393
-0.0087925 -0.399062 0.0513476 -0.550755 -0.669533 0.498392
-0.320994 0.0304783 0.283384 -0.550754 -0.669533 0.498392
0.282455 -0.118503 -0.115096 0.768624 -0.57759 -0.274966
0.465702 -0.136283 -0.0747746 0.683369 -0.704557 -0.191328
-0.124106 0.0062219 0.279792 0.479247 0.235212 0.845576
0.326376 -0.0564283 -0.098889 0.479245 0.235212 0.845576
0.328968 -0.18935 -0.111105 -0.104627 0.971862 -0.211041
-0.115648 -0.313885 0.0476908 -0.550753 -0.669533 0.498393
-0.139392 -0.278316 0.0692357 -0.550753 -0.669533 0.498393
0.3968 -0.215499 -0.235344 -0.479247 -0.235212 -0.845576
0.328852 -0.178925 -0.221086 0.479245 0.235216 0.845575
0.236443 -0.378848 -0.000385544 0.683369 -0.704557 -0.191328
-0.486786 0.187482 0.18426 -0.683369 0.704557 0.191328
0.11767 -0.344372 0.195098 0.683369 -0.704557 -0.191328
-0.198687 0.157629 0.254945 0.550754 0.669533 -0.498393
-0.00400073 -0.306183 -0.123746 -0.479245 -0.235211 -0.845577
0.314363 -0.0543096 -0.0460701 -0.683369 0.704557 0.191328
0.163968 -0.400225 -0.180526 0.683369 -0.704557 -0.191328
-0.335164 -0.0778769 0.122163 -0.550753 -0.669533 0.498393
-0.216423 -0.240571 -0.0216022 -0.479247 -0.235212 -0.845576
-0.209428 -0.21653 0.0748436 -0.550754 -0.669533 0.498393
-0.438643 0.245806 0.141435 -0.683369 0.704557 0.191328
-0.177466 -0.119925 0.239942 -0.550754 -0.669533 0.498393
-0.0504016 -0.404966 -0.00256454 -0.550753 -0.669533 0.498393
-0.201263 0.096746 0.170309 0.550754 0.669533 -0.498393
0.253181 -0.218301 -0.216495 -0.156857 -0.924957 0.346195
-0.340694 0.0549968 0.294552 -0.550754 -0.669533 0.498393
0.0791885 -0.348206 0.216891 -0.550754 -0.669532 0.498394
-0.078624 -0.206234 0.172324 -0.479247 -0.235212 -0.845576
-0.497634 0.189537 0.137944 -0.683369 0.704557 0.191328
0.345679 -0.265856 -0.026312 0.683369 -0.704557 -0.191328
0.142109 -0.439624 0.163613 -0.550754 -0.669533 0.498393
0.194184 -0.171801 -0.041497 -0.826285 -0.203929 0.52504
-0.385873 0.140874 0.0255845 0.550754 0.669533 -0.498393
0.265246 -0.13332 -0.136128 -0.837339 0.41126 0.360179
-0.0881255 -0.15674 -0.0451962 0.550754 0.669533 -0.498393
0.319838 -0.112013 -0.250877 0.550754 0.669533 -0.498393
-0.290722 0.0240664 0.308223 -0.550754 -0.669533 0.498393
0.0567179 -0.16557 0.103001 0.550754 0.669533 -0.498393
0.380471 -0.127373 -0.250603 -0.479247 -0.23521 -0.845576
0.0923816 -0.132072 0.187413 0.550754 0.669533 -0.498393
-0.471407 0.146029 0.272398 -0.550754 -0.669533 0.498393
0.3631 -0.296117 -0.167048 0.434916 -0.900462 0.00398216
0.15367 -0.220751 -0.00710587 -0.683369 0.704557 0.191328
-0.0794808 -0.2426 0.183422 -0.550754 -0.669533 0.498393
0.240763 -0.238614 -0.154556 0.479247 0.235212 0.845576
0.221897 -0.190009 -0.255936 -0.479246 -0.235213 -0.845575
0.328309 -0.216582 -0.269806 0.683369 -0.704557 -0.191328
-0.222593 -0.0651698 0.263631 -0.550754 -0.669533 0.498393
-0.14053 0.0217186 0.136632 0.550754 0.669533 -0.498392
-0.0659825 0.0186291 0.214861 0.550754 0.669533 -0.498393
0.351201 -0.184373 -0.306647 0.683369 -0.704557 -0.191328
-0.53154 0.177198 0.0622815 -0.683369 0.704557 0.191328
-0.24891 -0.207896 -0.0122789 -0.479244 -0.235208 -0.845578
0.473547 -0.137001 -0.0441087 0.683369 -0.704557 -0.191328
-0.427147 0.164686 0.346371 -0.550754 -0.669533 0.498393
-0.11035 -0.249297 -0.0792941 -0.479247 -0.235212 -0.845576
0.255569 -0.354624 0.116543 -0.550754 -0.669533 0.498393
0.116975 -0.250265 0.0193149 -0.221884 0.958579 -0.178589
0.427609 -0.0566935 -0.156191 0.479247 0.235212 0.845576
-0.463461 0.0423832 0.0397026 -0.479247 -0.235212 -0.845576
-0.558596 0.138797 0.107055 -0.683369 0.704557 0.191328
-0.00479001 -0.178855 0.26365 0.479247 0.235212 0.845576
0.212278 -0.191461 0.017419 -0.479247 -0.235211 -0.845576
-0.0488471 0.00300809 0.238032 0.479247 0.235212 0.845576
0.344881 -0.0636975 -0.107355 0.479246 0.235212 0.845576
0.244748 -0.0904502 -0.0431611 0.479247 0.235212 0.845576
0.350733 -0.218451 -0.0535458 -0.479243 -0.235214 -0.845577
0.135415 -0.32061 0.170972 0.683369 -0.704557 -0.191328
-0.344968 -0.0620444 0.132598 -0.550754 -0.669534 0.498393
-0.296145 -0.0697795 -0.0239266 -0.479247 -0.235212 -0.845576
0.1639 -0.324332 -0.213859 -0.479248 -0.235211 -0.845575
-0.12583 -0.16486 0.0467807 0.479247 0.235212 0.845576
-0.152657 0.0593718 0.173813 0.550753 0.669533 -0.498393
0.357043 -0.146116 0.00714341 0.550756 0.669531 -0.498394
-0.492266 0.0203632 0.0805306 -0.550754 -0.669533 0.498393
0.257719 -0.00350047 -0.0982724 -0.472379 0.881105 0.0226353
0.443831 -0.0768565 -0.159776 0.479246 0.235213 0.845576
-0.260598 0.232485 0.287089 0.550754 0.669533 -0.498393
0.308799 -0.177468 -0.336835 -0.479247 -0.235212 -0.845576
-0.0278579 -0.0440021 0.239212 0.479247 0.235212 0.845576
-0.0566661 -0.412786 -0.0199921 -0.550753 -0.669533 0.498393
-0.108198 -0.153133 0.271877 -0.550754 -0.669533 0.498393
-0.4599 0.0927803 0.0236658 -0.479247 -0.235212 -0.845576
0.114158 -0.458961 -0.142137 0.683369 -0.704557 -0.191328
0.171668 -0.263573 -0.235162 -0.479243 -0.235214 -0.845577
0.0834382 -0.447218 -0.0875976 -0.859367 0.321532 0.397624
-0.1117 -0.105329 0.16212 -0.3533 -0.353983 -0.865953
-0.221764 0.0968494 0.147793 0.550754 0.669534 -0.498392
-0.0428708 -0.207573 0.270933 -0.550754 -0.669533 0.498393
0.389771 -0.151664 -0.0898437 -0.823197 0.454617 0.340103
-0.138768 -0.199921 -0.076922 -0.479247 -0.235212 -0.845576
0.121001 -0.318131 0.231097 0.479247 0.235212 0.845576
0.160891 -0.443786 -0.0311015 0.683369 -0.704557 -0.191328
0.0223346 -0.36219 0.135278 -0.550754 -0.669534 0.498392
-0.215829 -0.19261 0.099904 -0.550754 -0.669533 0.498393
0.331822 -0.0362625 -0.0501714 -0.683369 0.704557 0.191328
0.350092 -0.110658 0.0218941 0.868541 0.0115753 -0.495482
0.391714 -0.00366129 -0.0258912 0.550754 0.669533 -0.498393
0.358759 -0.0125174 -0.0414001 -0.683369 0.704557 0.191328
-0.0901459 -0.35492 0.0207469 -0.550753 -0.669533 0.498393
0.284761 -0.116007 -0.201325 -0.0173646 0.965773 -0.258805
0.363663 -0.03721 -0.125368 0.479247 0.235212 0.845576
-0.425685 0.223438 0.270085 -0.683369 0.704557 0.191328
-0.260597 -0.0615542 -0.0463625 -0.479247 -0.235212 -0.845576
0.258264 -0.211286 -0.00313017 -0.479247 -0.235212 -0.845576
-0.111674 -0.0537895 0.130758 0.0928454 -0.642553 -0.760596
0.306688 -0.245541 -0.240388 0.683369 -0.704557 -0.191328
-0.162824 -0.237665 -0.0527891 -0.479247 -0.235212 -0.845576
-0.200101 0.0478833 0.311275 0.479247 0.235212 0.845576
-0.2592 -0.135 -0.026724 -0.479247 -0.235212 -0.845576
0.374192 -0.222845 -0.079698 0.479246 0.235211 0.845576
0.267756 -0.139633 -0.0425199 0.479247 0.235211 0.845576
0.333015 -0.26721 -0.184808 -0.479247 -0.235212 -0.845575
-0.335064 0.218941 0.206076 -0.0526064 -0.568084 -0.821288
0.330141 -0.15789 -0.0384027 -0.550754 -0.669533 0.498393
-0.322574 0.223663 0.206751 0.550752 0.669534 -0.498394
0.0306197 -0.120157 0.135169 0.550754 0.669533 -0.498393
-0.0688668 -0.192778 -0.0723278 0.550754 0.669533 -0.498393
0.0113177 -0.300384 0.0330361 -0.215439 0.690914 0.69009
0.021053 -0.365552 0.129345 -0.550753 -0.669531 0.498396
0.105315 -0.154665 0.171353 0.550754 0.669533 -0.498393
-0.145517 -0.160538 0.0567366 0.479247 0.235212 0.845576
-0.146126 0.0452256 0.162027 0.550753 0.669533 -0.498393
0.226944 -0.320425 0.130855 -0.550754 -0.669533 0.498393
-0.173957 -0.271331 0.0404222 -0.550754 -0.669533 0.498393
0.353952 -0.19961 0.0660992 0.479247 0.235212 0.845576
0.342327 -0.0929039 -0.00328398 -0.823196 0.454619 0.340102
0.103687 -0.255096 0.00681409 -0.102757 0.97533 -0.195378
