ply
format ascii 1.0
comment Created by Open3D
element vertex 128
property double x
property double y
property double z
property double nx
property double ny
property double nz
end_header
-0.0298766 -0.091638 -0.274313 -0.998671 -0.0490706 0.0157382
-0.123899 0.076686 0.462254 0.0513542 -0.922276 0.383105
0.268007 0.0852879 0.117141 -0.998671 -0.0490706 0.0157381
-0.131588 0.147744 0.458393 -0.607041 0.609817 0.509533
0.323854 0.190654 0.176903 0.998671 0.0490706 -0.0157381
0.235545 0.290832 0.407534 -0.0513542 0.922276 -0.383105
0.108948 0.283307 0.406389 -0.0513542 0.922276 -0.383105
0.126623 0.134716 0.421072 0.0042857 -0.3834 -0.923573
-0.0230875 -0.135022 -0.336498 0.0118915 -0.516596 -0.856147
0.327247 0.188329 0.384959 0.998671 0.0490706 -0.0157382
0.0272863 0.0681139 0.421351 0.0513544 -0.922276 0.383105
0.270745 0.0621692 0.218792 -0.998671 -0.0490707 0.0157382
-0.0236434 -0.225423 -0.295917 -0.998671 -0.0490706 0.0157382
0.267986 0.0726015 0.0762507 -0.998671 -0.0490706 0.0157381
0.27463 0.0318501 -0.221172 -0.0513543 0.922276 -0.383105
0.019083 -0.0746302 -0.432595 -0.0482745 0.783964 -0.618926
0.0678806 -0.131685 -0.118281 -0.00428425 0.383404 0.923571
0.298447 0.0956969 0.451406 0.0513542 -0.922276 0.383105
0.334393 -0.0748565 0.0178572 0.998671 0.0490706 -0.0157382
0.328374 0.084152 0.131683 0.998671 0.0490706 -0.0157381
-0.0247391 -0.167961 -0.186282 -0.998671 -0.0490706 0.0157382
0.26849 0.167359 0.403625 -0.998671 -0.0490706 0.0157381
-0.105425 0.146293 0.480157 -0.00428416 0.383404 0.923571
0.222613 0.230204 0.446845 -0.00428428 0.383404 0.923571
-0.110514 0.0727879 0.451075 0.0513542 -0.922276 0.383105
0.278931 -0.0885637 -0.200171 0.00428423 -0.383404 -0.923571
0.324577 0.117233 -0.006101 0.998671 0.0490706 -0.0157381
0.172773 0.088807 0.440345 0.00428428 -0.383404 -0.923571
0.0234736 0.231648 0.306527 0.998671 0.0490706 -0.0157382
0.302555 0.138965 0.485092 -0.00428428 0.383404 0.923571
0.318476 -0.0850715 -0.201437 0.00428423 -0.383404 -0.923571
0.119743 -0.193463 -0.265641 0.00428779 -0.383401 -0.923572
0.329844 0.0852439 0.228356 0.998671 0.0490706 -0.0157382
0.0263529 0.273792 0.427839 -0.0042843 0.383404 0.923571
0.0204195 0.261534 0.365839 -0.0513546 0.922276 -0.383104
0.329938 0.0995788 0.456529 0.0513542 -0.922276 0.383105
0.324653 0.243192 0.391455 0.998671 0.0490706 -0.0157382
0.33207 0.114289 0.460194 0.998671 0.0490706 -0.0157382
-0.183999 0.0838325 0.487514 0.0513542 -0.922276 0.383105
-0.119596 0.113488 0.428742 0.00428599 -0.383401 -0.923572
-0.177655 0.245177 0.430813 -0.0548151 -0.380436 0.923181
0.332332 0.0671631 0.329848 0.998671 0.0490706 -0.0157382
-0.241206 0.270836 0.423578 -0.0762398 0.920766 -0.382593
0.0285516 0.140131 0.343408 0.998671 0.0490706 -0.0157381
-0.0318445 -0.0484548 -0.264544 -0.998671 -0.0490705 0.0157381
-0.147937 0.250057 0.436884 -0.00428425 0.383404 0.923571
0.265947 0.0601612 -0.0919686 -0.998671 -0.0490706 0.0157381
-0.0934138 0.0792517 0.464344 0.0513542 -0.922276 0.383105
-0.284604 0.257117 0.428644 -0.54381 0.774179 -0.323909
0.241243 0.0326305 -0.18569 -0.00428452 0.383404 0.923571
-0.028917 -0.171075 -0.461101 -0.998671 -0.0490705 0.0157381
0.0202431 -0.0970088 -0.329251 0.72758 -0.53678 -0.427193
0.0956675 0.089962 0.464782 0.0513543 -0.922276 0.383105
0.305053 0.0272857 0.285829 0.0513542 -0.922276 0.383105
-0.0216381 -0.0738272 -0.142715 -0.00428424 0.383404 0.923571
0.0365131 0.136149 0.485027 -0.00428416 0.383404 0.923571
0.326927 0.151133 0.248701 0.998671 0.0490706 -0.0157382
0.310847 -0.0725726 0.0446556 0.0513541 -0.922276 0.383105
0.2766 0.0473503 -0.184121 -0.0513542 0.922276 -0.383105
-0.106143 0.142295 0.416846 0.0042843 -0.383404 -0.923571
0.315749 0.0519582 0.343791 0.0513542 -0.922276 0.383105
0.332059 0.00538471 0.119896 0.998671 0.0490706 -0.0157382
0.0986463 -0.177505 -0.272363 0.00428437 -0.383404 -0.923571
-0.158081 0.0830132 0.441215 0.00428428 -0.383404 -0.923571
0.328068 -0.016183 -0.200574 0.998671 0.0490706 -0.0157381
-0.0153228 -0.144588 -0.405951 0.0275928 -0.25125 0.967529
0.32363 0.245529 0.33382 0.998671 0.0490706 -0.0157381
0.165396 0.140094 0.419019 0.00428398 -0.383404 -0.923571
0.112351 0.248151 0.438883 -0.00428067 0.383391 0.923576
0.267098 0.0629833 -0.0101092 -0.998671 -0.0490706 0.0157381
0.12702 -0.061322 -0.22864 0.0513553 -0.922276 0.383105
0.286228 0.189724 0.157335 -0.051354 0.922276 -0.383105
0.317949 -0.0170633 0.177335 0.0513542 -0.922276 0.383105
0.329983 0.132702 0.38516 0.998671 0.0490706 -0.0157382
-0.0719197 0.148481 0.414437 0.0042843 -0.383404 -0.923571
-0.14129 0.130733 0.421483 0.00428064 -0.38341 -0.923568
0.265458 0.0489934 -0.1578 -0.998671 -0.0490706 0.0157381
0.323009 0.24814 0.302548 0.998671 0.0490706 -0.0157381
-0.0257272 -0.223869 -0.423301 -0.998671 -0.0490708 0.0157383
0.324902 0.141006 0.0886405 0.998671 0.0490706 -0.0157381
0.269933 0.0490698 0.126433 -0.998671 -0.0490707 0.0157382
0.296596 -0.0892474 0.00642345 0.0513541 -0.922276 0.383105
0.177921 0.282451 0.395083 -0.0513542 0.922276 -0.383105
0.329781 0.135488 0.381035 0.998671 0.0490706 -0.0157382
-0.192091 0.222614 0.422093 0.12083 -0.371806 0.920413
0.28307 0.286319 0.3903 -0.0513543 0.922276 -0.383104
0.0310979 -0.105437 -0.260681 0.998671 0.0490709 -0.0157382
-0.120637 0.0748354 0.457361 0.0513542 -0.922276 0.383105
0.202861 0.0388785 -0.194631 -0.0513543 0.922276 -0.383105
0.327714 0.10295 0.148396 0.998671 0.0490706 -0.0157381
0.271685 -0.0404119 -0.0414165 -0.998671 -0.0490707 0.0157382
0.0174431 -0.127991 -0.310595 0.709087 -0.236454 -0.664293
0.323555 0.198356 0.181964 0.998671 0.0490706 -0.0157381
-0.0362613 0.233697 0.334919 -0.998671 -0.0490706 0.0157381
0.327353 0.0210457 -0.12988 0.998671 0.0490706 -0.0157381
0.324137 0.214349 0.268745 0.998671 0.0490706 -0.0157381
0.0889983 -0.161915 -0.140687 0.0513543 -0.922276 0.383105
0.0354656 -0.235977 -0.390544 0.998671 0.0490707 -0.0157388
0.212086 -0.0318958 -0.159038 -0.00428427 0.383404 0.923571
0.247527 0.026012 -0.231593 -0.0513543 0.922276 -0.383105
0.266867 0.187784 0.364366 -0.998671 -0.0490706 0.0157381
0.271899 -0.0143408 0.0534749 -0.998671 -0.0490707 0.0157382
0.311216 0.110759 -0.0361132 -0.0513542 0.922276 -0.383105
0.0367234 -0.167155 -0.276947 0.00428467 -0.383404 -0.923571
0.0328911 -0.226916 -0.361911 0.670276 0.736002 -0.0950342
-0.058802 0.122685 0.425207 0.0042843 -0.383404 -0.923571
0.266604 0.0276025 -0.151798 -0.998671 -0.0490707 0.0157382
-0.0542116 0.225678 0.447439 -0.0042832 0.383399 0.923573
0.159324 -0.0568517 -0.148923 -0.00428427 0.383404 0.923571
-0.0287398 -0.0805242 -0.167523 -0.998671 -0.0490706 0.0157382
0.282641 0.00903389 -0.240669 0.00428425 -0.383404 -0.923571
0.274266 -0.0448169 0.108638 -0.998671 -0.0490707 0.0157382
-0.106105 0.0865003 0.483495 0.0513543 -0.922276 0.383105
0.00789823 -0.161604 -0.317277 0.689705 0.143426 -0.709743
0.265417 0.21088 0.34435 -0.998671 -0.0490706 0.0157381
0.0292933 0.175649 0.444042 0.968695 0.230843 -0.0913368
-0.0855503 0.225603 0.382358 0.00428228 -0.383402 -0.923572
-0.257123 0.116172 0.491957 -0.00428146 0.383401 0.923572
-0.0236962 -0.196698 -0.209705 -0.998671 -0.0490706 0.0157382
-0.0239272 -0.236614 -0.348817 -0.998671 -0.0490707 0.0157379
0.305643 0.196394 0.461265 -0.00428428 0.383404 0.923571
0.263479 0.232971 0.290251 -0.998671 -0.0490706 0.0157381
0.130271 -0.117194 -0.216618 0.998671 0.0490705 -0.015738
0.272891 0.0410033 -0.198903 -0.0513543 0.922276 -0.383105
0.146812 0.0268374 -0.216106 -0.0513543 0.922276 -0.383105
0.270445 0.0988593 0.31415 -0.998671 -0.0490706 0.0157381
-0.283089 0.116523 0.426724 0.00428339 -0.383402 -0.923571
0.0236849 -0.219068 -0.368712 0.671143 0.740916 -0.0247095
