ply
format ascii 1.0
comment Created by Open3D
element vertex 128
property double x
property double y
property double z
property double nx
property double ny
property double nz
end_header
-0.406269 -0.164189 0.181487 -0.920501 0.376494 -0.10455
-0.197009 -0.518638 0.169415 -0.212749 -0.707346 -0.674091
0.132661 -0.367441 0.00387346 0.539013 -0.754044 -0.375343
-0.337771 -0.0208294 0.0946551 -0.920501 0.376494 -0.10455
0.207697 -0.254737 -0.111801 0.612176 -0.72398 -0.317952
0.0137205 0.241338 -0.0243262 0.327745 0.598258 -0.731212
0.262952 -0.104108 0.114173 0.920501 -0.376494 0.10455
0.153278 -0.310411 -0.0807339 0.500456 -0.766391 -0.402726
-0.0322251 -0.351113 0.382081 -0.327744 -0.598258 0.731212
-0.175216 -0.271025 0.383515 -0.327744 -0.598258 0.731212
-0.238324 0.000927616 0.511232 0.212749 0.707347 0.674091
-0.293937 -0.295514 0.310266 -0.327744 -0.598258 0.731212
-0.240799 -0.113558 -0.223424 -0.7196 -0.343424 -0.60352
-0.187197 -0.51211 0.159467 -0.212749 -0.707346 -0.674091
0.10471 0.214696 0.176592 0.212749 0.707347 0.674091
0.287341 -0.0763689 0.00457758 -0.327745 -0.598258 0.731212
-0.221698 -0.00599409 0.513247 0.212749 0.707347 0.674091
0.127703 0.294148 -0.315075 -0.549394 0.750332 0.367653
-0.325562 -0.00731817 0.521034 -0.442154 0.781098 0.440892
0.187948 -0.314172 0.0180845 0.920501 -0.376494 0.10455
0.0866229 -0.0316486 -0.215 0.327744 0.598258 -0.731212
0.106021 -0.159764 0.571172 0.212749 0.707347 0.674091
-0.370574 -0.286534 0.031777 -0.775918 -0.271117 -0.569603
-0.190359 -0.358009 0.30556 -0.327744 -0.598258 0.731212
-0.175534 -0.278738 -0.0870377 -0.212749 -0.707347 -0.674091
-0.0259675 -0.438367 0.313497 -0.327744 -0.598258 0.731212
-0.0420365 -0.0349008 -0.275329 0.327744 0.598258 -0.731212
0.257057 0.127924 0.118246 0.657825 -0.700029 -0.277895
-0.390252 -0.158094 0.379529 -0.327744 -0.598258 0.731212
0.178718 -0.324947 0.06054 0.920501 -0.376494 0.10455
-0.222802 0.22666 -0.039636 -0.920501 0.376494 -0.10455
0.229141 0.123758 -0.0239706 0.327745 0.598258 -0.731212
-0.15653 -0.0987993 0.532802 -0.327744 -0.59826 0.73121
0.091927 -0.426354 0.0637308 0.539013 -0.754044 -0.375343
-0.141938 0.295496 0.0557367 0.902034 -0.428288 0.0538955
0.208616 -0.250028 -0.120735 0.576284 -0.739895 -0.347061
-0.335221 -0.437776 0.128185 -0.212749 -0.707347 -0.674091
-0.398541 -0.394339 0.102589 -0.212749 -0.707347 -0.674091
-0.243347 -0.185716 -0.163247 -0.212749 -0.707347 -0.674091
-0.264479 0.0595298 0.416488 -0.419849 0.785567 0.454546
-0.246919 0.183786 0.0315945 -0.920501 0.376494 -0.10455
0.178086 -0.248735 -0.167276 0.500457 -0.766391 -0.402726
-0.226676 0.181041 0.235582 -0.539013 0.754044 0.375343
-0.206697 -0.153969 -0.208127 -0.212749 -0.707347 -0.674091
-0.235408 0.154743 -0.187633 -0.920501 0.376494 -0.10455
-0.211016 -0.487399 0.141055 -0.212749 -0.707346 -0.674091
-0.0470601 -0.110133 -0.306569 -0.212749 -0.707346 -0.674091
0.25048 -0.165921 0.00138596 0.920501 -0.376494 0.10455
0.146929 0.270447 0.106826 0.212749 0.707347 0.674091
0.143694 0.130751 -0.0945368 0.327743 0.59826 -0.731211
-0.0292567 0.109905 0.328834 0.212749 0.707347 0.674091
0.312082 0.00162832 0.0756641 0.920501 -0.376494 0.10455
-0.152542 -0.2532 0.408262 -0.327744 -0.598258 0.731212
-0.313889 -0.241303 0.345677 -0.327744 -0.598258 0.731212
0.0173738 -0.524877 0.113967 0.402022 -0.788706 -0.465104
0.244574 0.229482 0.0694476 0.327744 0.598258 -0.731212
-0.255165 -0.363447 0.272064 -0.327744 -0.598259 0.731212
0.203834 -0.289666 -0.0372008 0.646607 -0.706335 -0.288082
-0.188993 -0.18609 0.446832 -0.327744 -0.598258 0.731212
-0.116165 0.245494 -0.0791427 0.327744 0.598258 -0.731212
-0.340389 -0.0557314 -0.0079886 -0.920501 0.376494 -0.10455
-0.188586 -0.0579817 0.551829 -0.327745 -0.59826 0.73121
-0.323478 -0.0686022 -0.12096 -0.883291 -0.0805902 -0.461846
0.197599 0.0787896 0.289887 0.212749 0.707347 0.674091
0.194154 -0.290758 0.0477619 0.920501 -0.376494 0.10455
0.0509921 -0.321932 0.443256 -0.327744 -0.598258 0.731212
-0.330013 -0.200078 -0.0646258 -0.775918 -0.271117 -0.569603
-0.390126 -0.0420273 0.465987 -0.920501 0.376494 -0.10455
0.118409 0.197789 -0.0233838 0.390925 0.618721 0.681441
-0.00658297 -0.386516 -0.0272648 -0.212749 -0.707347 -0.674091
-0.363656 -0.00708345 0.358771 -0.920501 0.376494 -0.10455
-0.101279 -0.290149 0.401009 -0.327744 -0.598259 0.731212
0.160528 -0.131996 -0.263976 0.327744 0.598256 -0.731214
-0.28377 -0.176782 -0.136212 -0.7196 -0.343424 -0.60352
-0.252329 0.0972463 -0.245696 -0.920501 0.376494 -0.10455
-0.250799 0.113152 -0.201897 -0.920501 0.376494 -0.10455
0.24778 -0.159498 0.0482888 0.920501 -0.376494 0.10455
0.180176 0.110716 0.261884 0.212749 0.707347 0.674091
-0.121324 -0.476779 0.239328 -0.327744 -0.598258 0.731212
-0.242525 0.017443 0.495227 0.212749 0.707347 0.674091
0.173491 0.250688 -0.304317 0.943718 -0.170846 0.283212
0.111602 -0.0495482 0.451697 0.212749 0.707347 0.674091
-0.135052 -0.210423 0.4511 -0.327744 -0.598258 0.731212
-0.0342054 0.292442 0.140914 0.212749 0.707347 0.674091
-0.322478 -0.00322783 0.0233913 -0.920501 0.376494 -0.10455
0.0373345 0.173604 -0.107149 0.327743 0.598258 -0.731212
0.276597 -0.0891403 0.0479425 0.920501 -0.376494 0.10455
0.0286182 0.216029 0.199208 0.212749 0.707347 0.674091
-0.177742 0.248301 -0.104446 0.327744 0.598258 -0.731212
0.0987607 -0.48414 0.204538 0.920501 -0.376494 0.10455
0.0172899 -0.360566 0.39654 -0.327744 -0.598258 0.731212
-0.404625 -0.369695 0.199961 -0.327744 -0.598259 0.731212
0.131976 -0.337885 -0.0549222 0.500457 -0.766391 -0.402726
-0.341838 -0.000742018 0.202794 -0.920501 0.376494 -0.10455
-0.0386001 -0.500479 0.100364 -0.212749 -0.707347 -0.674091
0.0035519 -0.476912 0.295191 -0.327744 -0.598258 0.731212
-0.319 0.00130793 0.00910126 -0.920501 0.376494 -0.10455
0.129491 -0.178131 0.554377 0.763678 0.287901 0.577849
0.316757 0.0555458 -0.0405092 0.327744 0.598258 -0.731212
0.0042779 -0.149774 -0.281175 -0.212749 -0.707346 -0.674091
-0.142986 0.115262 0.359106 0.212749 0.707347 0.674091
-0.245663 0.0428762 0.46953 0.212749 0.707347 0.674091
0.176596 -0.305776 0.148267 0.920501 -0.376494 0.10455
-0.00254965 0.322971 0.0988878 0.212749 0.707347 0.674091
-0.147665 -0.354593 -0.016236 -0.212749 -0.707347 -0.674091
0.178073 -0.290006 -0.0862216 0.576284 -0.739896 -0.347061
0.116347 -0.418604 0.2857 0.920501 -0.376494 0.10455
-0.123137 0.194785 0.269396 0.212749 0.707347 0.674091
0.0783126 0.158303 -0.1013 0.327744 0.598258 -0.731212
0.0984995 -0.0802148 -0.249412 0.327744 0.598258 -0.731212
-0.275321 -0.452022 0.190559 -0.327744 -0.598258 0.731212
-0.317731 0.0193137 0.481437 -0.481291 0.771729 0.415684
-0.165262 -0.088399 -0.29207 -0.212749 -0.707347 -0.674091
0.0316803 -0.0120466 0.43757 0.212749 0.707347 0.674091
0.159776 0.18474 0.190647 0.212749 0.707347 0.674091
-0.22944 -0.29583 -0.0520899 -0.212749 -0.707347 -0.674091
-0.271174 -0.0608318 0.51248 -0.327744 -0.598257 0.731213
-0.310715 0.0141304 -0.0176662 -0.920501 0.376494 -0.10455
0.261199 -0.0749671 0.234552 0.920501 -0.376494 0.10455
0.178338 -0.0612118 0.395607 0.775918 0.271116 0.569603
0.341471 0.0595528 0.0255046 0.920501 -0.376494 0.10455
-0.370685 -0.0743992 0.191535 -0.920501 0.376494 -0.10455
0.142322 -0.392909 0.136256 0.920501 -0.376494 0.10455
-0.34378 -0.0461649 0.491936 -0.327744 -0.598259 0.731211
-0.175674 0.232986 -0.116049 0.327744 0.598258 -0.731212
0.0704127 0.14404 -0.221385 -0.514749 -0.53592 -0.669196
-0.22331 -0.454482 0.211859 -0.327744 -0.598258 0.731212
0.0751801 -0.0737392 0.488577 0.212749 0.707347 0.674091
