ply
format ascii 1.0
comment Created by Open3D
element vertex 512
property double x
property double y
property double z
property double nx
property double ny
property double nz
end_header
0.0363578 -0.093781 -0.0287174 -0.349126 0.850986 -0.392344
-0.0859172 -0.0846154 -0.153279 -0.930848 -0.266753 0.24973
-0.0673046 0.191044 -0.166289 -0.24464 0.87516 -0.417429
0.074256 -0.214789 0.108798 0.349126 -0.850986 0.392344
0.086205 -0.547668 -0.00632462 -0.930848 -0.266753 0.24973
0.0191399 0.27637 0.109198 0.930848 0.266754 -0.24973
-0.197993 0.239944 -0.266024 0.107858 0.4524 0.885269
-0.0954442 0.487667 -0.0922043 0.930848 0.266753 -0.24973
0.133788 -0.218434 0.478121 0.107858 0.4524 0.885269
-0.0154885 0.149396 -0.155505 0.930848 0.266753 -0.24973
0.16126 -0.430582 0.196971 0.349126 -0.850986 0.392344
-0.0740302 0.129121 -0.395372 0.930848 0.266753 -0.24973
0.008503 0.248859 0.254584 0.107858 0.4524 0.885269
0.0560013 -0.248394 -0.216934 0.0543347 -0.776877 -0.627304
0.0801024 -0.422581 -0.176602 -0.107858 -0.4524 -0.885269
0.0947437 -0.0405184 0.0760926 0.726581 -0.0185733 -0.68683
-0.116124 0.381137 0.140951 -0.107858 -0.4524 -0.885269
-0.12025 0.230192 -0.00939501 -0.930848 -0.266753 0.24973
-0.252567 0.215153 -0.454251 -0.930848 -0.266753 0.24973
-0.136342 0.143436 -0.0976364 -0.930848 -0.266753 0.24973
-0.09323 0.255861 -0.331559 0.930848 0.266753 -0.24973
-0.194698 0.302518 -0.444986 -0.349126 0.850986 -0.392344
-0.0501222 -0.231166 -0.258555 -0.107858 -0.4524 -0.885269
-0.129799 0.370674 -0.136345 0.349126 -0.850986 0.392344
0.0647809 0.0472817 0.0519537 0.878659 0.442804 0.178561
-0.193602 0.40529 -0.22305 -0.349126 0.850986 -0.392344
0.0439614 0.2159 0.139588 0.97683 0.117341 -0.178979
0.128113 -0.230222 0.148165 -0.107858 -0.4524 -0.885269
0.00611375 -0.055182 0.0735774 -0.107858 -0.4524 -0.885269
-0.0273126 0.284737 0.0165474 0.201001 0.862151 -0.465075
0.0302403 0.170702 0.125845 0.722035 -0.647758 0.243054
-0.00206597 -0.034136 -0.149852 0.142046 0.461911 0.875477
0.00689525 -0.420469 -0.166075 -0.930848 -0.266753 0.24973
-0.190286 0.340151 -0.367286 -0.349126 0.850986 -0.392344
-0.187619 0.482062 -0.0618578 -0.349126 0.850986 -0.392344
0.0961824 -0.499751 0.0820483 -0.930848 -0.266753 0.24973
0.143117 -0.0905989 0.316111 0.471209 -0.807352 0.35517
-0.0416331 -0.177894 -0.0878505 -0.930848 -0.266753 0.24973
-0.101757 0.222621 -0.0678365 -0.349126 0.850986 -0.392344
-0.0230763 0.219237 -0.0915688 0.671586 0.623397 -0.400436
-0.0981852 -0.026171 -0.15097 -0.107858 -0.4524 -0.885269
-0.231947 0.382187 -0.239038 -0.349126 0.850986 -0.392344
-0.167305 0.324423 -0.0374806 0.107858 0.4524 0.885269
-0.151454 0.244582 -0.0604136 -0.107858 -0.4524 -0.885269
0.235586 -0.204989 0.458847 0.107858 0.4524 0.885269
-0.150424 0.485068 -0.0884359 -0.349126 0.850986 -0.392344
-0.0295584 -0.223951 -0.0920396 -0.930848 -0.266753 0.24973
-0.146714 0.464997 0.0832922 0.349126 -0.850986 0.392344
-0.000673629 -0.0445578 -0.307459 0.930848 0.266753 -0.24973
-0.121652 0.308854 -0.285558 0.687636 -0.677053 0.262212
0.0659372 -0.241781 0.0576549 0.349126 -0.850986 0.392344
-0.127411 0.47172 -0.137864 -0.349126 0.850986 -0.392344
-0.0645177 0.0348221 0.0537455 -0.107858 -0.4524 -0.885269
-0.0887567 0.0296957 -0.0641524 0.349126 -0.850986 0.392344
0.0243941 -0.297287 -0.0336817 -0.930848 -0.266753 0.24973
-0.128916 0.410386 0.188781 0.107858 0.4524 0.885269
-0.0631193 0.167337 -0.254949 0.665861 0.519888 0.535113
0.00752325 -0.0529072 0.228882 -0.930848 -0.266753 0.24973
0.000709763 0.026026 -0.180407 0.89471 -0.432388 0.111956
-0.098604 0.286812 -0.0884336 -0.107858 -0.4524 -0.885269
0.0356622 -0.223653 -0.27253 0.581942 -0.131272 -0.802565
0.0946912 -0.0208126 0.334272 0.125144 0.409375 0.903743
-0.121078 0.40183 -0.279443 0.930848 0.266753 -0.24973
0.10818 -0.0257058 0.125299 0.786683 0.505618 -0.354233
-0.138582 0.273397 -0.0149046 0.107858 0.4524 0.885269
0.16939 -0.206467 0.165993 0.893533 0.428466 0.134226
0.0938797 0.0915316 0.269158 0.375541 -0.256535 -0.890594
0.227143 -0.260317 0.48815 0.107858 0.4524 0.885269
-0.133844 0.168302 -0.157101 -0.349126 0.850986 -0.392344
0.0250429 -0.264118 0.0257889 -0.349125 0.850986 -0.392344
-0.100336 0.566233 0.0430396 -0.349126 0.850986 -0.392344
0.0727172 0.0949636 0.325405 0.107858 0.4524 0.885269
-0.0889755 0.44088 -0.117998 0.939135 0.245789 -0.240027
-0.00301494 0.148454 0.246079 -0.107858 -0.4524 -0.885269
-0.00659159 -0.369498 -0.161901 -0.930848 -0.266753 0.24973
0.161262 -0.269088 0.165993 0.177738 -0.350953 -0.91937
-0.0822483 0.47719 0.0456557 0.669822 -0.691128 0.271442
-0.0886148 -0.146144 -0.229056 -0.930848 -0.266753 0.24973
0.0956685 0.169304 0.280087 0.930848 0.266753 -0.249731
-0.166969 0.277078 -0.28878 0.107858 0.4524 0.885269
0.0918254 -0.319985 -0.0151931 0.107858 0.4524 0.885269
-0.198391 0.341106 -0.159251 -0.349127 0.850986 -0.392344
0.154632 -0.112043 0.421212 0.107858 0.4524 0.885269
-0.247183 0.349077 -0.291127 -0.930848 -0.266753 0.24973
-0.121468 -0.00327917 -0.366319 -0.107858 -0.4524 -0.885269
-0.145209 0.11532 -0.225132 -0.930848 -0.266753 0.24973
0.0957683 -0.26478 -0.0187729 0.349126 -0.850986 0.392344
-0.128477 0.183988 -0.0250024 -0.930848 -0.266753 0.24973
-0.150186 0.122037 -0.172096 -0.930848 -0.266753 0.24973
-0.191273 0.517938 0.0192096 -0.349126 0.850986 -0.392344
0.108961 -0.246882 0.220815 0.107858 0.4524 0.885269
-0.0265415 0.124622 -0.223168 0.930848 0.266753 -0.24973
0.123722 -0.293934 0.404547 -0.930848 -0.266753 0.24973
0.0163179 -0.0135098 -0.210961 0.930848 0.266753 -0.24973
0.154835 -0.394467 0.0619632 -0.349126 0.850986 -0.392344
0.175838 -0.0869409 0.35611 0.563744 -0.143711 -0.813351
0.246051 -0.331089 0.306122 0.930848 0.266752 -0.24973
-0.220189 0.443338 -0.0898223 -0.930848 -0.266753 0.24973
0.179673 -0.248913 0.203112 0.688027 0.517038 0.509206
0.0326184 -0.115589 0.255468 -0.930848 -0.266753 0.24973
0.178762 -0.340313 0.161498 -0.100849 0.890792 -0.443079
-0.0278598 -0.0763635 -0.340376 -0.107858 -0.4524 -0.885269
0.16244 -0.451223 0.151151 0.349126 -0.850986 0.392344
0.124339 -0.149005 0.206917 0.349126 -0.850986 0.392344
-0.0996153 0.382579 -0.216765 0.984723 0.0738241 -0.157702
0.143644 -0.304659 0.467347 -0.930848 -0.266753 0.24973
-0.105829 0.126077 -0.00244479 -0.930848 -0.266753 0.24973
0.109912 -0.278297 0.35391 -0.349126 0.850986 -0.392344
0.156223 -0.485558 0.0822111 0.349126 -0.850986 0.392344
0.0435797 -0.401645 -0.00922954 -0.930848 -0.266753 0.24973
-0.228432 0.169081 -0.413503 -0.930848 -0.266753 0.24973
0.0818736 -0.155591 0.23042 0.349126 -0.850986 0.392344
-0.179426 0.423637 0.022691 0.349126 -0.850986 0.392344
-0.150064 0.307034 -0.474907 -0.349126 0.850987 -0.392343
0.127807 -0.21394 0.00427271 0.992471 -0.100985 -0.0693124
0.1493 -0.276291 0.505797 0.107858 0.452401 0.885269
0.0457922 -0.241889 0.169663 -0.930848 -0.266753 0.24973
-0.132322 0.325709 -0.104203 -0.107858 -0.4524 -0.885269
-0.0843573 0.502392 -0.0351512 0.930848 0.266753 -0.24973
0.118772 -0.339629 0.205213 -0.107858 -0.4524 -0.885269
-0.131519 0.250879 -0.471371 0.581942 -0.131272 -0.802565
-0.166863 0.438362 -0.175111 -0.349126 0.850986 -0.392344
0.0586982 -0.54151 -0.102276 -0.930848 -0.266753 0.24973
-0.130216 0.0995481 -0.121681 -0.930848 -0.266753 0.24973
0.125217 -0.307211 0.249664 0.107858 0.4524 0.885269
-0.0175186 -0.159855 0.0213028 -0.930848 -0.266753 0.24973
-0.0454479 -0.250805 -0.179951 -0.930848 -0.266753 0.24973
0.0227195 0.203718 0.0449356 0.930848 0.266753 -0.24973
-0.0790924 -0.068682 -0.338059 -0.107858 -0.4524 -0.885269
0.103003 0.0413065 0.349136 0.107858 0.4524 0.885269
-0.182968 0.127237 -0.288735 -0.930848 -0.266753 0.24973
0.00687024 0.0555512 0.0787002 0.107858 0.4524 0.885269
0.115516 -0.488687 -0.147134 -0.107858 -0.4524 -0.885269
-0.191654 0.511055 0.0888696 -0.930848 -0.266753 0.24973
0.21792 -0.443411 0.118728 0.349126 -0.850986 0.392344
-0.146092 0.0736118 -0.208561 -0.930848 -0.266753 0.24973
0.0661961 -0.0388883 0.394602 0.107858 0.4524 0.885269
-0.0985572 0.0675303 -0.405296 -0.107858 -0.4524 -0.885269
0.113988 -0.459675 0.175933 0.349126 -0.850986 0.392344
0.0262914 0.143422 0.0634501 0.806212 -0.560835 0.188378
0.109434 -0.0763755 0.408491 0.107858 0.4524 0.885269
0.2006 -0.405772 0.215778 0.349126 -0.850986 0.392344
-0.0040916 0.0817824 -0.185248 0.930848 0.266753 -0.24973
-0.236169 0.221794 -0.386035 -0.930848 -0.266753 0.24973
-0.112105 0.335591 -0.243352 0.785588 -0.584468 0.203099
0.131741 -0.0581366 0.171601 0.930847 0.266754 -0.249731
-0.112489 0.176951 0.0270735 -0.930845 -0.266761 0.249734
-0.219084 0.313236 -0.400039 -0.349126 0.850986 -0.392344
0.116454 0.0363947 0.234462 0.637835 0.651548 -0.410673
0.00216066 0.19337 -0.0427488 0.930848 0.266753 -0.24973
0.12353 0.0636249 0.288706 0.674486 0.620882 -0.399467
-0.128611 0.0233075 -0.197137 -0.930848 -0.266753 0.24973
0.0321507 -0.145555 0.221716 -0.930848 -0.266753 0.24973
0.178091 -0.458628 -0.0834256 0.930848 0.266753 -0.24973
-0.0293666 -0.171554 -0.0353554 -0.930848 -0.266753 0.24973
-0.0550568 0.0248061 -0.37895 0.581942 -0.131272 -0.802565
-0.23228 0.253425 -0.33775 -0.930848 -0.266753 0.24973
-0.0673293 0.140983 0.156983 -0.930848 -0.266753 0.24973
0.190285 -0.415732 0.0313452 0.599649 0.680642 -0.420888
0.069615 -0.474289 0.0102191 -0.930848 -0.266753 0.24973
-0.0919692 0.226677 0.156675 -0.930848 -0.266753 0.24973
-0.0597802 0.297735 0.0577319 -0.349126 0.850986 -0.392344
-0.0596683 0.310822 0.231224 0.107858 0.4524 0.885269
-0.01797 -0.125788 -0.316323 -0.107858 -0.4524 -0.885269
0.160222 -0.0352721 0.302184 0.930848 0.266753 -0.24973
-0.0332023 0.0598891 0.0195626 -0.107858 -0.4524 -0.885269
0.0715469 -0.413876 0.0264801 -0.107858 -0.4524 -0.885269
0.0905428 -0.121897 -0.0491366 0.881111 0.368916 -0.295879
-0.184936 0.377134 -0.0622695 0.107858 0.4524 0.885269
0.222748 -0.142691 0.428575 0.107858 0.4524 0.885269
-0.209695 0.141748 -0.372855 -0.930848 -0.266753 0.24973
-0.127568 0.340771 -0.368854 0.930848 0.266753 -0.24973
-0.146847 0.328907 -0.430328 -0.349126 0.850986 -0.392344
0.231014 -0.18459 0.416442 0.829657 0.0860629 -0.551599
0.0243501 -0.106712 -0.280577 0.930848 0.266753 -0.24973
-0.102532 0.0766133 -0.0429885 -0.930848 -0.266753 0.24973
0.162934 -0.134756 0.370589 -0.107858 -0.4524 -0.885269
-0.031714 0.284028 -0.0646121 0.848247 0.109066 -0.518248
0.153461 -0.245772 0.385703 -0.349126 0.850986 -0.392344
0.000332616 0.239319 -0.000482019 0.930848 0.266753 -0.24973
-0.150954 0.221491 -0.262325 0.107858 0.4524 0.885269
-0.0491216 -0.0254998 -0.363778 -0.107858 -0.4524 -0.885269
0.0498306 -0.475547 -0.06487 -0.930848 -0.266753 0.24973
-0.169315 0.286395 -0.0796054 -0.107858 -0.4524 -0.885269
-0.111144 0.303551 -0.343605 0.931863 0.35939 -0.0497048
-0.0882616 0.258179 0.204144 -0.930848 -0.266753 0.24973
-0.213974 0.282086 -0.293205 0.349126 -0.850986 0.392344
0.0310418 0.180677 0.225462 -0.107858 -0.4524 -0.885269
0.205653 -0.103947 0.398168 0.930848 0.266753 -0.249731
-0.0509222 0.186457 0.241273 0.107858 0.4524 0.885269
-0.141132 0.507035 -0.0490581 -0.349126 0.850986 -0.392344
0.0821462 -0.207738 -0.173059 0.930848 0.266753 -0.24973
0.114946 -0.221907 0.0544959 0.553669 -0.766924 0.324467
-0.0134477 0.236796 -0.0468968 0.771545 0.523454 -0.361544
0.108921 -0.536765 -0.121761 -0.107858 -0.4524 -0.885269
0.210317 -0.469586 0.0687202 0.349126 -0.850986 0.392344
-0.208846 0.480426 -0.00792864 -0.930848 -0.266753 0.24973
0.0344563 0.183511 0.284816 0.107858 0.4524 0.885269
0.115176 0.117583 0.308673 0.107858 0.4524 0.885269
0.0131646 -0.121402 -0.0679882 -0.349126 0.850986 -0.392344
-0.0866656 0.394956 -0.091199 0.622598 0.523568 0.581591
-0.00289412 0.173824 -0.0824688 0.930848 0.266753 -0.24973
0.0846871 -0.373592 0.17396 -0.930848 -0.266752 0.24973
-0.151999 0.310252 -0.247645 0.349126 -0.850986 0.392344
-0.261126 0.282974 -0.428265 -0.349126 0.850986 -0.392344
-0.0691103 0.23732 0.253248 -0.930848 -0.266753 0.24973
-0.0794549 0.592285 0.080964 -0.349126 0.850986 -0.392343
-0.112625 0.355701 -0.297205 0.930848 0.266753 -0.24973
0.165589 -0.329747 0.411828 0.349126 -0.850986 0.392344
0.0062706 -0.00885241 0.271271 -0.930848 -0.266753 0.24973
-0.0813314 0.432233 0.171819 0.107858 0.4524 0.885269
0.000468942 -0.0110624 -0.267422 0.930848 0.266753 -0.24973
-0.0996821 0.213916 -0.265101 0.232142 0.484182 0.84361
0.0317001 0.127596 0.00626129 0.83829 0.0965135 -0.536614
0.00599663 0.340218 0.145559 0.674482 0.620886 -0.399468
-0.0432373 0.0115585 0.098508 -0.107858 -0.4524 -0.885269
0.00378927 0.104806 0.328773 0.107858 0.4524 0.885269
0.0934905 -0.420335 0.156844 -0.930848 -0.266753 0.24973
0.0510272 -0.124803 0.314243 -0.930848 -0.266753 0.24973
-0.0949497 0.0114295 -0.118069 -0.349126 0.850986 -0.392344
-0.0503062 0.486595 0.0994311 0.728726 -0.0166655 -0.684602
0.0637392 -0.188847 -0.221491 0.930848 0.266753 -0.24973
0.00305062 0.0389224 0.288752 -0.349126 0.850986 -0.392344
-0.143226 0.455809 0.167312 0.107858 0.4524 0.885269
-0.0725275 0.522275 0.030182 0.930848 0.266753 -0.24973
0.0580982 -0.00169314 0.151674 -0.349126 0.850986 -0.392344
0.1937 -0.281438 0.455676 -0.090003 0.82975 0.550831
0.0195434 0.175622 0.00308585 0.930848 0.266753 -0.24973
0.196896 -0.495397 0.0246777 0.349126 -0.850986 0.392344
-0.0734705 0.330855 -0.106848 0.405115 -0.240474 -0.882074
-0.0135171 0.308134 0.0678404 0.389005 0.80026 -0.456353
0.0929997 -0.522848 0.0455138 -0.930848 -0.266753 0.24973
0.126729 -0.559275 -0.0514324 0.349126 -0.850986 0.392344
-0.0174371 -0.0787892 0.108199 -0.930848 -0.266753 0.24973
0.203864 -0.535458 -0.0684136 0.349126 -0.850986 0.392344
-0.172442 0.48426 0.131862 -0.930848 -0.266753 0.24973
0.0743088 0.188213 0.239466 0.756758 0.00911308 -0.653632
0.077347 -0.367509 0.010857 0.107858 0.4524 0.885269
-0.143514 0.407453 -0.0443675 0.349126 -0.850986 0.392344
-0.0665931 0.26408 -0.00920201 -0.349126 0.850986 -0.392344
-0.126921 0.0512117 -0.161029 -0.930848 -0.266753 0.24973
-0.231456 0.272545 -0.477288 -0.349126 0.850986 -0.392344
-0.156244 0.424219 0.128102 -0.930848 -0.266753 0.24973
0.158034 0.015745 0.348524 0.930848 0.266753 -0.24973
-0.0502322 -0.0840691 -0.118446 0.107858 0.4524 0.885269
0.0531949 0.0197535 0.202554 -0.349126 0.850986 -0.392344
0.0748378 -0.137686 0.275515 0.349126 -0.850986 0.392344
0.215532 -0.227496 0.382828 0.142973 0.874151 -0.464133
-0.202113 0.162035 -0.322927 -0.930848 -0.266753 0.24973
-0.193596 0.0706413 -0.388801 -0.930848 -0.266753 0.24973
-0.0726301 0.121577 0.0811691 0.349126 -0.850986 0.392344
-0.158245 0.000367428 -0.332097 -0.930838 -0.266779 0.249739
-0.0780712 0.34316 -0.0589482 0.297917 0.497764 0.814541
-0.0158678 0.167726 0.170372 0.349126 -0.850986 0.392344
0.131818 -0.179829 0.120102 0.768545 -0.602797 0.214416
0.10576 -0.160559 -0.0346446 0.930848 0.266753 -0.24973
0.232857 -0.412165 0.173207 0.349126 -0.850986 0.392344
-0.0832279 0.431085 0.111418 -0.107858 -0.4524 -0.885269
0.0100548 -0.167781 -0.298278 -0.107858 -0.4524 -0.885269
-0.0334982 0.411669 0.1765 0.107858 0.4524 0.885269
0.0955212 -0.100882 -0.008109 0.881111 0.368916 -0.295879
0.110546 -0.237444 -0.0989328 0.930848 0.266753 -0.24973
-0.0278092 -0.0946512 0.046302 0.349126 -0.850986 0.392344
-0.0230735 0.192834 -0.131022 0.804014 0.484056 -0.345326
0.106798 -0.193985 0.194046 0.107858 0.4524 0.885269
-0.179806 0.181729 -0.453757 -0.107858 -0.4524 -0.885269
-0.0462475 0.0582399 -0.0400674 0.349126 -0.850986 0.392344
0.0646342 -0.142353 -0.168492 0.930848 0.266753 -0.24973
0.199914 -0.495606 -0.0415791 0.930848 0.266753 -0.24973
0.209562 -0.377706 0.124978 0.831735 0.446726 -0.329626
0.141208 0.0605846 0.334629 0.107858 0.4524 0.885269
-0.0465529 -0.287111 -0.22285 -0.930848 -0.266753 0.24973
0.252663 -0.23658 0.431718 0.930847 0.266754 -0.249731
-0.0877659 0.164299 0.105712 -0.930848 -0.266753 0.24973
0.132028 -0.331144 -0.118945 0.930848 0.266753 -0.24973
-0.00101272 0.0412006 -0.126477 0.705048 -0.662604 0.252711
-0.230769 0.394336 -0.181604 -0.930848 -0.266753 0.24973
-0.113239 0.26639 0.0373153 -0.349126 0.850986 -0.392344
0.0242191 -0.203185 0.130593 -0.930848 -0.266753 0.24973
0.0124827 -0.274443 -0.244066 -0.107858 -0.4524 -0.885269
0.0411158 0.137302 0.307619 0.107858 0.4524 0.885269
-0.10758 0.205422 0.0757842 -0.930848 -0.266753 0.24973
0.0279988 0.303126 0.170798 0.930847 0.266754 -0.249731
0.0565065 0.0145234 0.0926595 0.297928 0.497766 0.814535
0.244782 -0.286684 0.434761 0.349126 -0.850986 0.392344
0.0443422 -0.14397 -0.245855 0.930848 0.266753 -0.24973
-0.00135972 0.084718 0.00299475 -0.107858 -0.4524 -0.885269
0.0686144 -0.0642561 0.0169009 0.0937191 0.881812 -0.462195
-0.0974275 -0.101108 -0.2138 -0.930848 -0.266753 0.24973
0.0942284 -0.279766 -0.204961 0.930848 0.266754 -0.249728
0.0211381 0.10766 -0.035076 0.961204 -0.274848 0.0233458
-0.182903 0.0824538 -0.336326 -0.930848 -0.266753 0.24973
0.00999042 -0.0875722 0.00821227 -0.349126 0.850986 -0.392344
-0.0490217 0.282589 0.19663 -0.0180535 0.716169 0.697693
-0.117609 -0.0376289 -0.221218 -0.930848 -0.266753 0.24973
0.129001 -0.154104 0.445829 0.107858 0.4524 0.885269
-0.0288949 0.210582 0.278701 0.107858 0.4524 0.885269
-0.0448009 0.164803 -0.209804 0.476804 0.75783 -0.445367
0.184936 -0.356998 0.335506 0.349126 -0.850986 0.392344
0.21157 -0.309075 0.208765 0.848244 0.109062 -0.518255
-0.0253328 -0.339677 -0.199903 -0.930848 -0.266753 0.24973
0.0503835 0.241189 0.191281 0.984724 0.0738216 -0.1577
-0.114073 -0.0212088 -0.312998 -0.346437 0.426912 -0.835301
0.0518981 -0.500569 -0.133311 -0.107858 -0.4524 -0.885269
0.0870916 -0.176692 -0.121464 0.930848 0.266753 -0.24973
0.0847137 -0.587569 -0.0754165 0.349126 -0.850987 0.392343
-0.0277083 -0.266439 -0.130528 -0.930848 -0.266753 0.24973
-0.0524765 0.0775856 0.0746705 0.107858 0.4524 0.885269
0.124169 -0.116575 0.277408 0.349126 -0.850986 0.392344
0.16639 -0.534822 -0.033687 0.349126 -0.850986 0.392344
-0.176648 0.277653 -0.503162 -0.107858 -0.4524 -0.885269
-0.0568458 0.120309 -0.340731 0.930848 0.266753 -0.24973
0.00114309 0.370669 0.193232 0.107858 0.4524 0.885269
0.163442 -0.412687 -0.0889544 0.930848 0.266753 -0.24973
-0.148894 0.381114 -0.315272 -0.349126 0.850986 -0.392344
0.13493 -0.402819 0.0218857 0.107858 0.4524 0.885269
-0.0563738 -0.132944 -0.094781 -0.930848 -0.266753 0.24973
0.129188 -0.381933 0.330922 -0.930848 -0.266753 0.24973
0.145571 -0.334 -0.0282202 0.748533 0.505144 0.429568
-0.0771177 0.300932 -0.0364643 0.107858 0.4524 0.885269
-0.00109995 -0.0243275 0.175066 0.349126 -0.850986 0.392344
0.123731 -0.0819207 0.116338 0.930848 0.266753 -0.24973
0.0701639 -0.534275 -0.0518102 -0.930848 -0.266753 0.24973
-0.0534444 0.364702 0.202932 0.107858 0.4524 0.885269
-0.00631112 -0.334311 -0.12327 -0.930848 -0.266753 0.24973
-0.0698078 -0.130359 -0.142094 -0.930848 -0.266753 0.24973
-0.127361 -0.0933159 -0.317051 -0.930848 -0.266753 0.24973
-0.0659298 0.181403 -0.309333 0.930848 0.266753 -0.24973
0.148092 -0.195652 0.403517 -0.107858 -0.4524 -0.885269
0.0446589 -0.105495 -0.203577 0.930848 0.266753 -0.24973
-0.148778 0.132397 -0.432327 -0.107858 -0.4524 -0.885269
0.104169 -0.0828528 0.0424256 0.930848 0.266753 -0.24973
0.0451697 -0.0279941 0.0549251 -0.107858 -0.4524 -0.885269
0.102614 -0.395443 0.106315 -0.349126 0.850986 -0.392344
0.077447 -0.116468 0.421623 -0.930848 -0.266753 0.24973
-0.198214 0.111478 -0.415613 -0.107858 -0.4524 -0.885269
-0.144877 0.0364619 -0.243715 -0.930848 -0.266753 0.24973
0.150762 -0.308797 0.185559 -0.107858 -0.4524 -0.885269
0.13389 -0.359872 0.155639 -0.349126 0.850986 -0.392344
0.0614207 -0.0868629 0.37604 -0.107858 -0.4524 -0.885269
-0.138126 0.185465 -0.0764476 -0.349126 0.850986 -0.392344
-0.102171 0.326366 0.225133 -0.930848 -0.266753 0.24973
-0.222142 0.327609 -0.220722 -0.930848 -0.266753 0.24973
-0.137112 0.531514 0.000459292 -0.349126 0.850986 -0.392344
-0.0225596 0.00819156 -0.332692 0.930847 0.266755 -0.249731
0.121853 -0.231784 -0.0462489 0.984724 0.0738218 -0.1577
-0.0722597 0.0929498 0.0228866 -0.930848 -0.266753 0.24973
0.0486279 0.133642 0.247356 -0.107858 -0.4524 -0.885269
-0.169226 0.219493 -0.474344 -0.107858 -0.4524 -0.885269
0.0553514 0.0442706 0.253812 -0.349126 0.850986 -0.392344
0.138466 -0.577799 -0.102056 0.349126 -0.850987 0.392343
0.142582 -0.35627 0.374773 0.349126 -0.850986 0.392344
0.066701 0.0087213 0.370211 0.107858 0.4524 0.885269
-0.0619247 -0.18173 -0.28238 -0.107858 -0.4524 -0.885269
-0.000849592 -0.180937 0.0609163 -0.930848 -0.266753 0.24973
0.143148 -0.510805 0.0390867 0.349126 -0.850986 0.392344
-0.171263 0.0233044 -0.373837 -0.107858 -0.4524 -0.885269
-0.0155976 0.114455 0.0545884 0.349126 -0.850986 0.392344
0.0139618 0.0152579 0.227715 -0.349126 0.850986 -0.392344
-0.00652271 -0.103115 -0.114038 0.107858 0.4524 0.885269
-0.129302 0.195992 -0.460785 0.581942 -0.131272 -0.802565
0.172681 -0.286482 0.233277 0.1192 0.455619 0.882158
-0.0249163 0.00869047 0.0447172 -0.107858 -0.4524 -0.885269
-0.115632 0.486612 0.148209 0.107858 0.4524 0.885269
0.025328 -0.398885 -0.0743133 -0.930848 -0.266753 0.24973
0.0959777 -0.273806 0.174352 -0.107858 -0.4524 -0.885269
-0.0104303 0.0525005 -0.240152 0.930848 0.266753 -0.24973
-0.118009 0.574383 0.103645 0.107858 0.4524 0.885269
-0.0906509 0.547976 -0.00517694 -0.349126 0.850986 -0.392344
0.178792 -0.171978 0.448897 0.107858 0.4524 0.885269
-0.0569468 0.0884109 -0.37518 0.930848 0.266753 -0.24973
-0.186275 0.336581 -0.103186 -0.107858 -0.4524 -0.885269
0.151894 -0.0558313 0.249183 0.930848 0.266753 -0.24973
0.0790386 -0.452392 0.0687341 -0.930848 -0.266753 0.24973
0.188277 -0.181401 0.391552 -0.00461084 -0.420245 -0.907399
0.152517 -0.104381 0.205082 0.990246 0.0301165 -0.136038
0.0866577 -0.105207 0.335443 0.349126 -0.850986 0.392344
0.187924 -0.558952 -0.107282 0.581942 -0.131272 -0.802566
-0.0865003 0.215756 -0.349313 0.930848 0.266753 -0.24973
0.221487 -0.29271 0.274915 0.637833 0.651549 -0.410673
-0.0139863 -0.222589 -0.0325408 -0.930848 -0.266753 0.24973
0.0962152 -0.163332 0.393321 -0.107858 -0.4524 -0.885269
-0.00087863 -0.0346875 0.125759 0.107858 0.4524 0.885269
-0.230642 0.31621 -0.264579 -0.930848 -0.266753 0.24973
-0.14629 0.340598 -0.186904 0.349126 -0.850986 0.392344
-0.0761153 0.212375 -0.112878 -0.349126 0.850986 -0.392344
-0.25303 0.286075 -0.38022 -0.930848 -0.266753 0.24973
0.126076 -0.0186111 0.376944 0.107858 0.4524 0.885269
0.0331523 0.206624 0.0869273 0.930848 0.266753 -0.24973
0.136058 -0.012368 0.236579 0.930848 0.266753 -0.24973
0.145306 -0.168983 0.16815 0.62259 0.523568 0.581599
0.00637035 -0.296314 -0.187342 0.234765 -0.9603 -0.150693
0.101591 -0.390961 0.218416 -0.930848 -0.266753 0.24973
0.160702 -0.373174 0.102927 -0.349126 0.850986 -0.392344
0.0425696 -0.342949 -0.0147088 -0.930848 -0.266752 0.249731
0.0985251 -0.467756 0.124956 -0.930848 -0.266753 0.24973
-0.103651 -0.146197 -0.285159 -0.930848 -0.266753 0.24973
0.109627 -0.364679 0.276441 -0.930848 -0.266753 0.24973
-0.121167 0.271192 0.0953926 -0.930848 -0.266753 0.24973
0.0124525 -0.10792 0.188493 -0.930848 -0.266753 0.24973
-0.100297 0.157725 -0.433495 0.581942 -0.131272 -0.802565
0.0115923 -0.347091 -0.0701875 -0.930848 -0.266753 0.24973
-0.00285292 0.264847 0.202797 -0.24843 0.963176 0.102831
0.112254 -0.310609 -0.170718 0.930848 0.266753 -0.24973
0.0304985 -0.447311 -0.106767 -0.930848 -0.266753 0.24973
0.151695 -0.358245 -0.0745867 0.930848 0.266753 -0.24973
-0.158176 0.55123 0.0619677 -0.349126 0.850986 -0.392344
0.224767 -0.35352 0.202828 0.930848 0.266753 -0.24973
0.172919 -0.501594 -0.127543 0.581941 -0.131272 -0.802566
-0.163057 0.0411458 -0.306476 -0.930848 -0.266753 0.24973
-0.114063 0.325705 0.1667 -0.349126 0.850986 -0.392344
-0.185588 0.462175 0.0592692 -0.930848 -0.266753 0.24973
-0.141891 0.531022 0.128713 0.107858 0.4524 0.885269
-0.213728 0.220326 -0.303955 -0.930848 -0.266753 0.24973
0.0354613 0.0972976 0.0460251 0.622591 0.523568 0.581598
-0.124277 0.297873 -0.402409 0.930848 0.266753 -0.24973
0.19501 -0.452077 -0.0133628 0.930848 0.266753 -0.24973
0.0141502 0.0338325 0.346236 -0.930848 -0.266753 0.24973
-0.220821 0.431322 -0.142365 -0.349126 0.850986 -0.392344
-0.214557 0.394695 -0.12079 -0.930848 -0.266753 0.24973
0.00262872 0.0971064 -0.143829 0.930848 0.266753 -0.24973
-0.0022071 -0.209944 0.0248722 -0.930848 -0.266752 0.24973
0.167094 -0.259825 0.343092 -0.349126 0.850986 -0.392344
0.239921 -0.28573 0.331724 0.930848 0.266753 -0.24973
0.130053 -0.144548 0.0730082 0.930848 0.266753 -0.24973
0.0226092 -0.460078 -0.149812 -0.930848 -0.266753 0.24973
-0.173113 0.150398 -0.227262 -0.930848 -0.266753 0.24973
0.0226332 -0.0640399 -0.241395 0.930848 0.266753 -0.24973
0.123611 -0.451025 -0.167367 -0.107858 -0.4524 -0.885269
0.01901 -0.224699 0.0881959 -0.930848 -0.266753 0.24973
-0.0700395 -0.191063 -0.207799 -0.930848 -0.266753 0.24973
-0.197026 0.55951 0.114496 -0.349126 0.850986 -0.392345
-0.201626 0.429303 -0.0356237 -0.930848 -0.266753 0.24973
-0.0187925 0.333987 0.214406 0.107858 0.4524 0.885269
0.0218071 -0.0114143 0.326445 -0.930848 -0.266753 0.24973
0.118374 -0.118538 0.36773 -0.107858 -0.4524 -0.885269
0.172324 -0.38751 -0.0258777 0.931862 0.359393 -0.0496993
-0.0829113 0.446658 -0.0406328 0.893522 -0.434512 0.113214
0.142256 -0.123264 0.14123 0.930848 0.266752 -0.24973
-0.246574 0.307031 -0.333769 -0.930848 -0.266753 0.24973
-0.0488616 -0.207877 -0.146821 -0.930848 -0.266753 0.24973
0.124722 -0.171781 0.0240453 0.930848 0.266753 -0.24973
0.241527 -0.354393 0.264367 0.930848 0.266753 -0.24973
-0.142439 0.4241 -0.227779 -0.349126 0.850986 -0.392344
-0.0507264 0.00731328 -0.146541 0.349126 -0.850986 0.392344
0.213801 -0.314605 0.401771 0.349126 -0.850986 0.392344
-0.105853 0.248972 -0.385967 0.930848 0.266753 -0.24973
0.00653793 0.00969466 0.102175 0.107858 0.4524 0.885269
-0.0940878 0.407439 -0.170372 0.976831 0.117339 -0.178977
0.137861 -0.396663 -0.167189 0.930848 0.266753 -0.24973
-0.0954126 0.152771 -0.224986 -0.349126 0.850986 -0.392344
-0.0680138 0.17699 0.192892 -0.930848 -0.266753 0.24973
0.183103 -0.0444255 0.377695 0.930848 0.266753 -0.249731
-0.0362663 -0.0363118 0.0690976 -0.107858 -0.4524 -0.885269
0.0350234 -0.357753 -0.204239 -0.107858 -0.4524 -0.885269
0.117167 -0.00261623 0.179065 0.857456 0.408312 -0.313129
0.0715525 -0.283804 0.220909 -0.930848 -0.266753 0.24973
-0.123923 0.253578 -0.282016 0.107858 0.4524 0.885269
-0.0752016 0.474344 -0.000712684 0.962079 -0.271905 0.0217356
-0.0145556 0.167186 0.299131 0.107858 0.4524 0.885269
0.0408383 -0.0521982 0.353818 -0.930848 -0.266753 0.24973
0.0984531 -0.251829 -0.159372 0.930853 0.26674 -0.249724
-0.19815 0.371916 -0.29139 -0.349126 0.850986 -0.392344
-0.0879824 0.183878 -0.388888 0.930848 0.266753 -0.24973
-0.0660571 0.540348 0.114708 0.107858 0.4524 0.885269
-0.0251809 0.0585082 -0.288717 0.930848 0.266753 -0.24973
-0.00417988 0.0805405 0.280926 -0.107858 -0.4524 -0.885269
0.033858 -0.0769352 -0.13886 0.580138 0.525089 0.622673
-0.0238643 -0.118901 -0.0098067 0.349126 -0.850986 0.392344
0.191089 -0.225257 0.474626 0.107858 0.4524 0.885269
0.192123 -0.384885 0.268625 0.349126 -0.850986 0.392344
-0.0267696 0.453827 0.129779 0.898704 0.185482 -0.397402
0.00161251 -0.112979 0.142684 -0.930848 -0.266753 0.24973
0.00255622 -0.152785 0.103682 -0.930848 -0.266753 0.24973
-0.0886803 0.307758 0.105188 -0.349126 0.850986 -0.392344
0.0687566 -0.216585 0.21023 0.107858 0.4524 0.885269
0.0385087 -0.194412 0.185027 0.107858 0.4524 0.885269
-0.0269703 0.12366 0.288913 -0.930848 -0.266753 0.24973
-0.137038 0.183407 -0.244558 0.107858 0.4524 0.885269
0.159748 -0.284259 0.296631 -0.349126 0.850986 -0.392344
-0.128096 0.354052 -0.057399 0.107858 0.4524 0.885269
0.125366 -0.265408 0.441143 -0.930848 -0.266753 0.24973
-0.0576146 0.389099 0.129754 -0.107858 -0.4524 -0.885269
0.0075715 -0.382429 -0.122921 -0.930848 -0.266753 0.24973
0.0247399 0.319121 0.216699 0.107858 0.452399 0.885269
0.160697 -0.437107 -0.125272 0.930848 0.266753 -0.24973
-0.106508 0.368907 0.207248 0.107858 0.4524 0.885269
0.125361 -0.411003 0.271382 0.349126 -0.850986 0.392344
-0.0203569 0.0475061 -0.0863874 0.349126 -0.850986 0.392344
-0.134195 -0.00858311 -0.252016 -0.930848 -0.266753 0.24973
0.0324146 -0.070243 0.303145 -0.930848 -0.266753 0.24973
-0.163805 0.081556 -0.266101 -0.930848 -0.266753 0.24973
-0.00720427 -0.295573 -0.0852199 -0.930848 -0.266753 0.24973
0.132398 -0.290911 -0.0613392 0.8947 0.427198 0.130439
0.108419 -0.311766 0.302452 0.349127 -0.850986 0.392344
0.258155 -0.302308 0.381983 0.930848 0.266753 -0.24973
0.0206483 -0.153801 0.170034 -0.930848 -0.266753 0.24973
0.105327 -0.2006 0.428813 -0.107857 -0.452399 -0.885269
-0.122939 -0.0618365 -0.266942 -0.930848 -0.266753 0.24973
-0.0151514 0.142854 0.115789 0.349126 -0.850986 0.392344
-0.186649 0.184768 -0.256767 0.107859 0.4524 0.885269
0.143258 0.00720197 0.284322 0.930847 0.266754 -0.249731
-0.0434694 0.334968 0.123976 -0.349126 0.850986 -0.392344
-0.0362019 0.11212 -0.27253 0.930848 0.266753 -0.24973
0.093291 -0.348935 -0.210252 0.581942 -0.131272 -0.802565
-0.00904517 0.384866 0.145828 0.728726 -0.0166655 -0.684602
0.0565061 -0.12445 -0.100291 0.167146 0.869592 -0.464619
0.0259544 0.0278166 0.0287452 -0.107858 -0.4524 -0.885269
0.0617041 0.252985 0.242873 0.930848 0.266753 -0.24973
0.0125037 0.112741 -0.0903217 0.930848 0.266753 -0.24973
0.0664782 -0.299942 -0.237614 -0.107858 -0.4524 -0.885269
-0.00736709 -0.263255 -0.0513069 -0.930848 -0.266753 0.24973
