ply
format ascii 1.0
comment Created by Open3D
element vertex 2096
property double x
property double y
property double z
property double nx
property double ny
property double nz
end_header
0.259134 -0.112976 0.115853 0.920501 -0.376494 0.10455
0.189189 -0.15105 -0.190293 -0.0261196 -0.767927 -0.640005
0.00542389 0.233569 -0.0631991 -0.386213 0.791178 0.474213
-0.222842 0.0466721 0.458344 0.212749 0.707347 0.674091
-0.107592 0.186383 0.273307 0.212749 0.707347 0.674091
-0.439903 -0.211462 0.294089 -0.920501 0.376494 -0.10455
-0.0417074 -0.194813 0.505711 -0.327744 -0.598258 0.731212
0.22101 0.0736164 0.269747 0.7196 0.343423 0.60352
-0.252 -0.441144 0.209912 -0.327744 -0.598258 0.731212
-0.38356 -0.173418 0.369991 -0.327744 -0.598258 0.731212
0.184345 -0.100536 -0.227561 0.327744 0.598258 -0.731212
0.157315 -0.247276 -0.227163 -0.212749 -0.707346 -0.674091
0.182962 -0.138913 -0.213175 0.623196 -0.7186 -0.308611
-0.303834 -0.0378973 0.516605 -0.327744 -0.59826 0.73121
0.152557 -0.327885 0.280294 0.920501 -0.376494 0.10455
-0.287376 -0.346716 0.271315 -0.327744 -0.598259 0.731212
-0.325814 -0.0718887 -0.115918 -0.883291 -0.0805902 -0.461846
-0.181682 -0.0645465 0.549553 -0.327745 -0.59826 0.73121
0.0884149 0.0249332 -0.205892 0.327743 0.598258 -0.731212
-0.181767 -0.251525 -0.113627 -0.212749 -0.707347 -0.674091
-0.138112 0.265383 0.060043 0.474621 0.564947 0.674959
-0.286064 -0.0994761 0.474188 -0.327744 -0.598258 0.731212
-0.390295 -0.118996 0.203589 -0.920501 0.376494 -0.10455
-0.272157 -0.0450613 -0.214607 -0.824825 -0.196221 -0.530246
-0.380973 -0.0996188 0.191289 -0.920501 0.376494 -0.10455
-0.000332973 0.325814 0.0384912 0.327744 0.598258 -0.731212
-0.105838 -0.330844 0.36567 -0.327744 -0.598258 0.731212
-0.115097 -0.435718 0.275714 -0.327744 -0.598258 0.731212
-0.000349043 -0.284124 -0.136676 -0.212749 -0.707347 -0.674091
0.348227 0.170293 0.088966 0.812984 0.215688 0.540866
0.089544 -0.463856 0.137408 0.576284 -0.739895 -0.347061
-0.0776703 -0.00140387 0.460914 0.212749 0.707347 0.674091
0.0373611 -0.520324 0.124728 0.442154 -0.781098 -0.440892
-0.46736 -0.356092 0.165078 -0.834915 -0.178809 -0.520523
0.146804 -0.288129 0.487396 0.920501 -0.376494 0.10455
0.133644 -0.00684549 -0.199976 0.470144 -0.774603 -0.423032
-0.0982951 -0.250992 0.434383 -0.327744 -0.598258 0.731212
-0.323433 -0.343534 0.257756 -0.327744 -0.598259 0.731212
-0.197062 0.30114 0.0911317 -0.591844 0.733287 0.33468
-0.174432 -0.50318 0.193924 -0.327744 -0.598258 0.731212
-0.336137 -0.0272801 0.510813 -0.327744 -0.59826 0.73121
-0.03317 -0.296392 -0.113444 -0.212749 -0.707347 -0.674091
-0.241449 0.178921 -0.0473722 -0.920501 0.376494 -0.10455
0.209216 0.179956 0.0130784 0.327744 0.598259 -0.731212
0.0017142 -0.163633 -0.265823 -0.212749 -0.707347 -0.674091
-0.231255 0.213137 0.161166 -0.612176 0.72398 0.317952
0.254163 0.0656454 -0.0603016 0.327744 0.598258 -0.731212
0.211269 -0.232941 0.105271 0.920501 -0.376494 0.10455
-0.157119 -0.142635 0.496673 -0.327744 -0.598258 0.731212
-0.368198 -0.179802 -0.0139201 -0.846352 -0.158023 -0.508643
0.168791 -0.0262093 0.388815 0.7196 0.343423 0.60352
0.192872 0.0702095 0.300382 0.212749 0.707347 0.674091
0.0301905 0.274686 0.0103404 0.327744 0.598258 -0.731212
-0.331534 -0.346876 0.251391 -0.327744 -0.598259 0.731212
0.282854 -0.0191879 0.213973 0.883291 0.0805914 0.461847
0.0156573 -0.295246 0.449252 -0.327744 -0.598258 0.731212
0.120234 0.186485 -0.0594521 0.327744 0.598259 -0.731212
0.215809 -0.238519 -0.160152 -0.327743 -0.598258 0.731213
0.0760095 0.0101856 0.40025 0.212749 0.707347 0.674091
0.00604823 -0.490794 0.284952 -0.327744 -0.598258 0.731212
0.195814 -0.0032976 -0.142862 0.327744 0.598258 -0.731212
-0.0182967 -0.104928 -0.321108 -0.212749 -0.707346 -0.674091
0.0888696 0.234188 -0.26134 -0.850082 0.524452 0.0480687
0.153409 -0.330107 0.264794 0.920501 -0.376494 0.10455
-0.322353 -0.0235773 -0.0509949 -0.920501 0.376494 -0.10455
0.203773 0.128932 0.235322 0.212749 0.707347 0.674091
0.266554 0.224768 0.0754418 0.327744 0.598258 -0.731212
0.111975 -0.161438 -0.302926 -0.212749 -0.707346 -0.674091
-0.143807 -0.527361 0.161777 -0.212749 -0.707346 -0.674091
0.195117 0.205527 0.15974 0.212749 0.707347 0.674091
-0.0579091 -0.284099 0.425398 -0.327744 -0.598259 0.731212
-0.326999 -0.441782 0.129793 -0.212749 -0.707347 -0.674091
-0.177722 -0.0826222 -0.294199 -0.212749 -0.707347 -0.674091
-0.0617495 0.234539 -0.0637158 0.32774 0.59826 -0.731213
-0.217601 -0.327872 -0.0222034 -0.212749 -0.707347 -0.674091
0.30616 0.0287807 0.161029 0.883291 0.0805914 0.461847
0.0154991 0.129043 -0.153394 0.327744 0.598262 -0.731209
-0.348366 -0.403595 0.0964657 -0.212749 -0.707347 -0.674091
0.187982 0.278223 0.0839601 0.327744 0.598258 -0.731212
0.0105947 0.253812 -0.0155208 0.327745 0.598258 -0.731212
-0.184763 -0.104586 0.515413 -0.327744 -0.598259 0.731211
0.21795 -0.208226 0.135457 0.920501 -0.376494 0.10455
0.0117909 -0.494939 0.284136 -0.327744 -0.598258 0.731212
-0.106083 0.380224 0.0545582 -0.442154 0.781098 0.440891
0.0902973 -0.388941 -0.00780027 0.460702 -0.776907 -0.429149
0.00944231 0.208746 -0.0908977 0.327744 0.598258 -0.731212
-0.140611 -0.0430226 0.526511 0.212749 0.707347 0.674091
-0.0269438 -0.485392 0.0829146 -0.212749 -0.707347 -0.674091
0.0891397 0.0702557 0.333072 0.212749 0.707347 0.674091
-0.0397542 0.37021 0.0610603 0.212749 0.707347 0.674091
-0.345948 0.0415145 0.396685 -0.591844 0.733287 0.33468
-0.452905 -0.268487 0.203217 -0.920501 0.376494 -0.10455
-0.407646 -0.311704 0.0798526 0.327745 0.598258 -0.731212
-0.27603 0.0710149 -0.118201 -0.920501 0.376494 -0.10455
-0.0295363 0.22464 -0.0953653 0.327745 0.598259 -0.731211
-0.328444 0.0227328 0.169406 -0.920501 0.376494 -0.10455
-0.277635 0.0953749 -0.0163498 -0.920501 0.376494 -0.10455
-0.0312865 -0.408028 0.00310473 -0.212749 -0.707347 -0.674091
-0.239131 0.186161 0.206221 -0.576284 0.739895 0.347061
-0.359811 -0.146414 -0.037226 -0.865856 -0.119449 -0.485825
0.3018 -0.016989 0.0858673 0.920501 -0.376494 0.10455
0.104513 -0.173095 -0.288338 -0.212749 -0.707346 -0.674091
0.0355579 -0.123221 -0.31281 0.327744 0.598258 -0.731212
-0.357231 -0.124299 -0.0466878 -0.883291 -0.0805902 -0.461846
-0.270695 0.0493349 -0.256534 -0.920501 0.376494 -0.104549
0.179884 -0.2336 -0.239501 0.402023 -0.788705 -0.465103
-0.181731 0.112119 0.374633 0.212749 0.707347 0.674091
-0.347238 -0.237217 -0.0234847 -0.775918 -0.271117 -0.569603
-0.0854565 -0.127119 -0.276626 -0.212749 -0.707347 -0.674091
0.09605 -0.288362 -0.162653 -0.212749 -0.707347 -0.674091
-0.155394 -0.457943 0.239469 -0.327744 -0.598258 0.731212
0.126044 0.191695 -0.288237 0.161509 -0.798046 -0.580549
0.333295 0.0199815 -0.0450103 0.920501 -0.376494 0.10455
0.109817 0.10295 -0.132467 0.327744 0.598256 -0.731214
0.262412 0.123926 0.0811441 0.694321 0.372348 0.615854
0.0843626 0.213012 -0.273056 -0.916187 0.0123361 -0.400561
-0.397663 -0.270278 0.284421 -0.327744 -0.598258 0.731212
0.0359379 -0.570263 0.216835 0.519338 -0.760621 -0.389543
-0.165253 -0.217562 -0.154477 -0.212749 -0.707347 -0.674091
-0.155942 -0.528359 0.166654 -0.212749 -0.707346 -0.674091
0.0297043 -0.012388 -0.224754 0.327744 0.598258 -0.731212
0.0378633 -0.442907 0.0378632 0.377991 -0.79235 -0.478857
-0.28479 -0.100673 -0.173191 -0.801329 -0.233948 -0.550582
-0.0595798 -0.140339 -0.270921 -0.212749 -0.707347 -0.674091
0.241681 -0.0861528 0.304402 0.883291 0.0805909 0.461846
-0.117553 0.275862 -0.0549192 0.327744 0.598258 -0.731212
-0.0924037 0.197498 0.25685 0.212749 0.707347 0.674091
-0.225292 0.166183 0.26571 -0.500456 0.766391 0.402726
-0.171541 0.073577 0.41186 0.212749 0.707347 0.674091
-0.396056 -0.0723875 0.408868 -0.920501 0.376494 -0.10455
-0.156198 -0.162252 -0.215374 -0.212749 -0.707347 -0.674091
-0.291817 -0.069418 0.496202 -0.327744 -0.598258 0.731212
-0.263975 0.135722 0.00867501 -0.920501 0.376494 -0.10455
0.0611761 -0.504638 0.132135 0.327743 0.598258 -0.731212
0.260818 -0.177003 -0.116256 0.920501 -0.376494 0.10455
-0.0923744 -0.369624 -0.0179137 -0.212749 -0.707347 -0.674091
-0.207836 -0.467192 0.208396 -0.327744 -0.598258 0.731212
0.0846356 -0.0607309 -0.239685 0.327744 0.598258 -0.731212
0.22088 -0.221201 0.0629302 0.920501 -0.376494 0.10455
0.0821643 0.267413 0.13045 0.212749 0.707347 0.674091
-0.341649 -0.285076 0.297421 -0.327744 -0.598258 0.731212
-0.304952 -0.208088 -0.0931413 -0.7196 -0.343424 -0.60352
-0.215015 0.0454405 -0.287128 0.327744 0.598258 -0.731212
0.310337 0.169237 0.142305 0.763678 0.287901 0.577849
0.0603868 0.0600701 -0.189706 0.327744 0.598258 -0.731212
-0.121227 0.0804149 0.388806 0.212749 0.707347 0.674091
0.118086 -0.266814 -0.18887 0.335233 -0.79724 -0.502023
0.0836678 -0.178215 -0.276387 -0.212749 -0.707346 -0.674091
-0.239016 0.0700406 0.420326 -0.377991 0.79235 0.478857
-0.323365 -0.387476 0.0716609 -0.212749 -0.707347 -0.674091
0.221701 -0.234973 0.00610538 0.920501 -0.376494 0.10455
-0.356173 -0.197764 -0.0274074 -0.824825 -0.196221 -0.530246
0.0688412 0.185621 -0.0831946 0.327742 0.598259 -0.731212
-0.264245 -0.446482 0.114919 -0.212749 -0.707347 -0.674091
0.124915 -0.00994862 0.405942 0.212749 0.707347 0.674091
-0.0802093 0.0487589 0.409078 0.212749 0.707347 0.674091
0.0976053 -0.102819 0.514074 0.212749 0.707347 0.674091
0.0288771 0.294033 0.119335 0.212749 0.707347 0.674091
-0.245733 -0.111889 -0.218491 -0.7196 -0.343424 -0.60352
0.266303 -0.100797 0.0965998 0.920501 -0.376494 0.10455
0.261875 -0.148578 -0.0364834 0.920501 -0.376494 0.10455
0.0605194 0.182694 -0.201568 -0.869573 0.493603 0.0140929
-0.162445 -0.0114604 0.500283 0.212749 0.707347 0.674091
-0.204855 -0.143374 0.474671 -0.327744 -0.598258 0.731212
0.243341 -0.216324 -0.117258 0.920501 -0.376494 0.10455
-0.0115536 -0.551143 0.144992 -0.212749 -0.707346 -0.674091
-0.127016 -0.520955 0.200634 -0.327744 -0.598258 0.731212
-0.105175 -0.182706 -0.210014 -0.212749 -0.707347 -0.674091
0.229565 -0.232857 -0.0555094 0.920501 -0.376494 0.10455
0.329856 0.188315 0.107004 0.763678 0.287901 0.577849
0.0196797 -0.067074 0.50116 0.212749 0.707347 0.674091
0.258602 -0.124022 0.080766 0.920501 -0.376494 0.10455
-0.142291 0.277489 0.0580811 0.871578 0.107226 0.478388
-0.359196 -0.442644 0.140859 -0.212749 -0.707346 -0.674091
0.0291134 -0.301018 -0.128247 -0.212749 -0.707347 -0.674091
-0.327534 0.0204231 0.153072 -0.920501 0.376494 -0.10455
-0.155521 -0.450597 0.0849233 -0.212749 -0.707347 -0.674091
-0.0272652 0.02835 0.413784 0.212749 0.707347 0.674091
-0.264954 0.00247843 0.518009 0.212749 0.707347 0.674091
0.0531185 -0.440489 0.0466774 0.419848 -0.785567 -0.454546
-0.430202 -0.245931 0.114096 -0.883291 -0.0805902 -0.461846
0.295164 -0.107261 -0.167502 0.920501 -0.376494 0.10455
0.331102 0.0300051 0.010395 0.920501 -0.376494 0.10455
0.0323983 -0.397906 -0.0276166 -0.212749 -0.707347 -0.674091
0.0837426 -0.188103 -0.266035 -0.212749 -0.707346 -0.674091
-0.243607 0.0531595 0.45809 0.212749 0.707347 0.674091
-0.277491 -0.425442 0.211334 -0.327744 -0.598258 0.731212
-0.267769 0.0628983 -0.233452 -0.920501 0.376494 -0.10455
-0.396859 -0.402798 0.176357 -0.327744 -0.598259 0.731212
0.161494 -0.180704 -0.174266 0.828476 -0.553999 -0.0819273
-0.399946 -0.0742214 0.436516 -0.920501 0.376494 -0.10455
0.149681 0.135574 0.245424 0.212749 0.707347 0.674091
-0.109759 0.372697 0.0278026 0.327744 0.598259 -0.731212
-0.048634 0.285403 -0.0162219 0.327744 0.598258 -0.731212
0.197252 0.0875635 0.280789 0.212749 0.707347 0.674091
0.158675 0.273386 0.100035 0.212749 0.707347 0.674091
-0.257663 0.139782 0.273971 -0.539014 0.754044 0.375342
-0.372281 -0.0824482 0.176597 -0.920501 0.376494 -0.10455
0.0859862 0.194328 -0.183419 -0.161512 0.798046 0.580548
-0.113743 0.0942066 -0.201837 0.327746 0.598257 -0.731212
0.0614583 -0.375912 -0.0534305 0.335233 -0.79724 -0.502023
-0.0570572 -0.551961 0.206622 -0.327744 -0.598258 0.731212
0.30549 -0.0728595 -0.134538 0.920501 -0.376494 0.10455
-0.205668 0.0886221 0.406844 0.212749 0.707347 0.674091
-0.292094 -0.313499 0.296377 -0.327744 -0.598258 0.731212
0.193755 -0.244936 -0.154498 0.539013 -0.754044 -0.375343
-0.0850535 -0.287054 0.410813 -0.327744 -0.598259 0.731212
-0.31835 0.0274951 0.0976835 -0.920501 0.376494 -0.10455
0.193589 -0.19587 0.394432 0.920501 -0.376494 0.10455
-0.19279 0.0611614 -0.264304 0.327744 0.598258 -0.731212
0.239841 0.18681 0.0324125 0.327744 0.598258 -0.731212
0.0534793 0.323929 0.080199 0.212749 0.707347 0.674091
-0.275964 -0.0503363 -0.226608 -0.327744 -0.598259 0.731211
-0.0310396 -0.441337 0.308793 -0.327744 -0.598258 0.731212
0.183184 -0.147227 0.423374 0.846351 0.158024 0.508643
0.0985677 0.104411 0.294256 0.212749 0.707347 0.674091
0.1062 0.0374859 0.362074 0.212749 0.707347 0.674091
0.326584 0.0376105 0.0775622 0.920501 -0.376494 0.10455
0.0672995 0.293822 0.0426302 0.327744 0.598258 -0.731212
-0.412063 -0.416051 0.158699 -0.327744 -0.598259 0.731212
-0.119353 0.217799 0.244052 0.212749 0.707347 0.674091
-0.212935 -0.0513424 0.546348 -0.327745 -0.59826 0.73121
0.358021 0.110634 0.0637418 0.920501 -0.376494 0.10455
0.174144 -0.311662 0.148657 0.920501 -0.376494 0.10455
0.194912 0.132102 -0.0654603 0.871581 0.107218 0.478383
0.102097 -0.272402 -0.181309 -0.212749 -0.707347 -0.674091
0.116019 -0.25788 -0.200941 -0.212749 -0.707347 -0.674091
0.0988894 -0.319279 0.466895 -0.327744 -0.598258 0.731212
0.268385 -0.184972 -0.211573 0.920501 -0.376494 0.104549
-0.236239 0.208821 0.161397 -0.612176 0.72398 0.317952
-0.437207 -0.332965 0.109652 -0.812984 -0.215687 -0.540865
0.103129 0.0933602 -0.143312 0.327744 0.598259 -0.731212
-0.197653 -0.16672 0.458799 -0.327744 -0.598258 0.731212
-0.224596 -0.0248627 -0.250716 0.553597 0.50556 0.66177
0.0999609 0.185863 -0.0690482 0.327743 0.598259 -0.731212
-0.259121 0.160726 0.0559797 -0.920501 0.376494 -0.10455
-0.354684 -0.251154 -0.00670812 -0.775918 -0.271117 -0.569603
-0.180595 -0.52373 0.169578 -0.212749 -0.707346 -0.674091
0.111502 0.247977 0.0249337 0.327744 0.598258 -0.731212
-0.0732348 -0.403681 0.0117824 -0.212749 -0.707347 -0.674091
0.126101 -0.119147 -0.268894 0.327744 0.598263 -0.731208
-0.289744 -0.0154409 0.541294 -0.327745 -0.59826 0.73121
-0.240095 0.143603 0.290284 -0.500456 0.766391 0.402727
0.103956 -0.345895 0.447389 -0.327743 -0.598259 0.731212
-0.122021 0.124822 -0.180498 0.327744 0.598258 -0.731212
0.13113 -0.338384 0.444423 0.920501 -0.376494 0.10455
-0.326358 0.0475367 0.240358 -0.920501 0.376494 -0.10455
-0.296519 0.0649192 0.0402422 -0.920501 0.376494 -0.10455
-0.387381 -0.133626 0.400835 -0.327744 -0.598258 0.731212
-0.299915 0.00969042 -0.128747 -0.920501 0.376494 -0.10455
0.275018 0.170273 0.0520238 0.933826 -0.322581 0.154632
0.202491 -0.200602 0.299019 0.920501 -0.376494 0.10455
-0.127195 0.268265 0.0472709 0.120044 0.741317 0.660332
0.235363 -0.125497 0.280057 0.920501 -0.376494 0.10455
0.307395 0.0296732 -0.0658734 0.327744 0.598258 -0.731212
0.229628 -0.140577 0.276244 0.920501 -0.376494 0.10455
-0.430211 -0.21664 0.190116 -0.920501 0.376494 -0.10455
0.182234 -0.286042 0.169687 0.920501 -0.376494 0.10455
0.188813 0.0267007 -0.122255 0.869573 -0.493604 -0.0140933
0.0567203 -0.397319 -0.0226 0.335233 -0.79724 -0.502023
0.0731813 -0.413776 0.378057 -0.327742 -0.598259 0.731212
-0.257368 0.187369 0.136497 -0.920501 0.376494 -0.10455
0.0439515 -0.117415 0.546324 0.212749 0.707347 0.674091
-0.0378509 0.134972 0.305242 0.212749 0.707347 0.674091
-0.333782 0.016765 0.19491 -0.920501 0.376494 -0.10455
-0.186832 0.322628 -0.01074 -0.920501 0.376494 -0.10455
-0.118284 -0.238282 0.435823 -0.327744 -0.598258 0.731212
0.298533 -0.0476992 0.0173207 0.920501 -0.376494 0.10455
-0.10222 -0.0221626 0.492505 0.212749 0.707347 0.674091
-0.101698 0.234793 -0.0814136 0.327742 0.598259 -0.731212
0.26931 -0.0844791 0.12888 0.920501 -0.376494 0.10455
0.11934 -0.373802 -0.00227378 0.500456 -0.766391 -0.402726
-0.307249 0.00867462 -0.0678336 -0.920501 0.376494 -0.10455
-0.385326 -0.0360052 0.445409 -0.920501 0.376494 -0.10455
0.248407 0.035422 -0.0876095 0.327744 0.598258 -0.731212
0.123463 0.00128852 -0.209528 0.327744 0.598258 -0.731212
0.268313 -0.0906343 0.115496 0.920501 -0.376494 0.10455
-0.22274 -0.00085857 0.508187 0.212749 0.707347 0.674091
0.0436842 0.223197 -0.0324964 -0.068024 0.786894 0.613327
-0.0743423 0.315102 0.129804 0.212749 0.707347 0.674091
0.13396 -0.396221 0.197953 0.920501 -0.376494 0.10455
-0.346635 -0.280889 0.298611 -0.327744 -0.598258 0.731212
0.0959143 -0.288272 -0.162705 -0.212749 -0.707347 -0.674091
-0.0917568 -0.449849 0.274614 -0.327744 -0.598258 0.731212
-0.348055 0.0184413 0.32661 -0.920501 0.376494 -0.10455
-0.349866 -0.201386 0.362211 -0.327744 -0.598258 0.731212
0.148805 -0.363329 0.185696 0.920501 -0.376494 0.10455
-0.241587 -0.0392675 -0.297919 -0.763678 -0.287901 -0.577849
0.120473 -0.10918 0.513531 0.212749 0.707347 0.674091
-0.379255 -0.337 0.238081 -0.327744 -0.598258 0.731212
-0.229731 0.189049 -0.114067 -0.920501 0.376494 -0.10455
0.161825 0.0252841 -0.172701 0.327743 0.598258 -0.731212
-0.398516 -0.142317 0.191989 -0.920501 0.376494 -0.10455
0.20025 -0.244025 0.162374 0.920501 -0.376494 0.10455
0.0644636 -0.334454 -0.104319 -0.212749 -0.707347 -0.674091
-0.0492825 -0.0179463 0.469313 0.212749 0.707347 0.674091
-0.0649458 0.19149 -0.138359 0.327744 0.598259 -0.731211
-0.294733 -0.379386 0.0561954 -0.212749 -0.707347 -0.674091
0.204805 -0.208119 0.251573 0.920501 -0.376494 0.10455
-0.306264 -0.325562 0.00335581 -0.212749 -0.707347 -0.674091
0.140802 -0.346591 -0.0263223 0.539013 -0.754044 -0.375343
0.0394468 0.181798 0.231711 0.212749 0.707347 0.674091
0.337167 0.0273545 -0.0525512 0.920501 -0.376494 0.10455
0.232025 -0.234946 -0.0846894 0.920501 -0.376494 0.10455
0.196019 -0.232018 0.242871 0.920501 -0.376494 0.10455
-0.243722 -0.256522 -0.0888289 -0.212749 -0.707347 -0.674091
-0.260799 0.078074 -0.240166 -0.920501 0.376494 -0.10455
0.365242 0.147532 0.0697459 0.854963 0.141528 0.499007
-0.134007 -0.443308 0.0725446 -0.212749 -0.707347 -0.674091
0.25482 -0.137532 0.0654122 0.920501 -0.376494 0.10455
-0.253772 -0.259727 -0.0822938 -0.212749 -0.707347 -0.674091
-0.316371 -0.206195 -0.0797482 -0.748653 -0.307638 -0.587263
0.0510741 0.110067 0.303311 0.212749 0.707347 0.674091
0.224877 -0.0303155 0.316048 0.824826 0.19622 0.530246
0.190366 -0.247003 -0.206054 0.442154 -0.781098 -0.440891
0.203137 0.133441 0.230792 0.212749 0.707347 0.674091
0.0890674 -0.139518 -0.30216 0.327744 0.598258 -0.731212
-0.0174319 -0.159263 -0.264366 -0.212749 -0.707347 -0.674091
-0.0571627 0.129335 -0.185724 0.327744 0.598259 -0.731212
0.00294723 -0.286563 -0.135157 -0.212749 -0.707347 -0.674091
-0.409715 -0.144355 0.269971 -0.920501 0.376494 -0.10455
-0.128943 -0.329224 -0.0487661 -0.212749 -0.707347 -0.674091
-0.162023 -0.201111 0.44663 -0.327744 -0.598258 0.731212
0.0648044 0.181435 -0.179206 -0.587027 0.735379 0.33855
-0.399823 -0.119053 0.273986 -0.920501 0.376494 -0.10455
-0.216083 0.193754 0.224687 -0.500456 0.766391 0.402727
0.136423 -0.216584 0.561612 0.812984 0.215688 0.540866
0.0928001 0.120166 0.279545 0.212749 0.707347 0.674091
0.176615 -0.269385 0.279143 0.920501 -0.376494 0.10455
-0.249335 0.0654859 0.419717 -0.377991 0.79235 0.478857
0.167923 0.2347 -0.301539 0.914911 -0.39401 0.0877132
-0.413415 -0.140115 0.31781 -0.920501 0.376494 -0.10455
0.0104478 0.220456 -0.0808662 0.327743 0.598258 -0.731212
0.256856 0.201384 0.0519631 0.327742 0.598255 -0.731216
0.283062 0.095156 0.17805 0.801328 0.233948 0.550582
0.0148418 -0.13195 0.570764 0.212749 0.707347 0.674091
-0.190946 -0.428531 0.247598 -0.327744 -0.598258 0.731212
-0.00216806 -0.182296 -0.245014 -0.212749 -0.707347 -0.674091
-0.257802 0.130051 -0.0793753 -0.920501 0.376494 -0.10455
0.08401 -0.101379 -0.273223 0.327744 0.598263 -0.731208
-0.152078 0.0279682 0.453577 0.212749 0.707347 0.674091
-0.36132 -0.08919 0.0558148 -0.920501 0.376494 -0.10455
-0.320484 0.0746152 0.302651 -0.646607 0.706334 0.288082
-0.116291 -0.523585 0.14913 -0.212749 -0.707346 -0.674091
0.0521543 0.15104 -0.118967 0.327745 0.598258 -0.731211
-0.204935 0.133771 0.341776 -0.377991 0.79235 0.478857
0.0956414 -0.309491 -0.136086 0.335233 -0.79724 -0.502023
-0.16826 0.0837772 -0.234805 0.327744 0.598258 -0.731212
-0.183713 -0.0748435 -0.30047 -0.212749 -0.707347 -0.674091
-0.24374 0.190577 0.0280626 -0.920501 0.376494 -0.10455
0.112523 -0.447507 0.215289 0.920501 -0.376494 0.10455
0.237649 -0.169986 0.0997255 0.920501 -0.376494 0.10455
0.173123 -0.312959 0.152976 0.920501 -0.376494 0.10455
-0.443635 -0.320386 0.114757 -0.834915 -0.178809 -0.520523
0.109339 0.210097 -0.00702855 0.327744 0.598258 -0.731212
-0.0378782 -0.169016 -0.247679 -0.212749 -0.707347 -0.674091
-0.2401 -0.379124 0.26599 -0.327744 -0.598258 0.731212
-0.365691 -0.0348966 0.289813 -0.920501 0.376494 -0.10455
-0.0756742 -0.452361 0.0636334 -0.212749 -0.707347 -0.674091
0.127608 -0.0496035 -0.21132 0.327745 0.598259 -0.731211
0.135611 0.274688 -0.375233 -0.661524 -0.407249 -0.629709
0.093334 -0.48482 0.249867 0.920501 -0.376494 0.10455
-0.190484 0.107981 -0.224963 0.327744 0.598258 -0.731212
0.294527 0.226616 0.106237 0.212749 0.707347 0.674091
-0.158715 0.319309 0.108602 -0.48129 0.771729 0.415684
-0.10893 0.349356 0.104536 -0.402023 0.788706 0.465103
-0.144105 -0.409594 0.284087 -0.327744 -0.598258 0.731212
-0.231996 0.221122 0.0346515 -0.920501 0.376494 -0.10455
-0.369849 -0.0591471 0.239092 -0.920501 0.376494 -0.10455
0.315174 0.20662 0.11625 0.736414 0.323074 0.594406
-0.221563 -0.114557 -0.244451 -0.688828 -0.378389 -0.618335
-0.0355566 -0.348059 -0.0584755 -0.212749 -0.707347 -0.674091
-0.251639 -0.444341 0.207458 -0.327744 -0.598258 0.731212
-0.232554 0.163378 -0.181661 -0.920501 0.376494 -0.10455
-0.175026 -0.0985357 0.524727 -0.327744 -0.598257 0.731213
-0.110184 0.0912158 0.373986 0.212749 0.707347 0.674091
-0.395129 -0.0875191 0.346214 -0.920501 0.376494 -0.10455
-0.0283861 -0.585898 0.191707 -0.327744 -0.598259 0.731211
-0.169684 -0.412043 0.270617 -0.327744 -0.598258 0.731212
0.0513679 -0.399335 0.380095 -0.327744 -0.598258 0.731212
-0.109561 0.275686 0.0434897 -0.510397 0.763418 0.395838
-0.409583 -0.323397 0.0694173 0.327745 0.598258 -0.731212
-0.0808833 -0.342317 0.367468 -0.327744 -0.598258 0.731212
0.124605 -0.322058 -0.0919709 0.419848 -0.785567 -0.454546
-0.206448 -0.45654 0.217733 -0.327744 -0.598258 0.731212
-0.159996 0.284545 -0.0668383 0.327744 0.598258 -0.731212
-0.194182 -0.472367 0.119968 -0.212749 -0.707347 -0.674091
0.155115 -0.329394 0.252338 0.920501 -0.376494 0.10455
0.0147167 0.0162777 0.413202 0.212749 0.707347 0.674091
-0.249401 -0.00784858 -0.302043 -0.789222 -0.252076 -0.559988
-0.0556514 -0.4045 0.327901 -0.327744 -0.598258 0.731212
0.18338 -0.255283 -0.19839 0.442154 -0.781098 -0.440891
0.0138399 -0.069498 -0.27859 0.327744 0.598258 -0.731212
-0.349568 -0.139407 -0.0572037 -0.865855 -0.119451 -0.485825
0.0503076 -0.0962416 -0.284126 0.327744 0.598269 -0.731203
-0.262481 -0.414574 0.226953 -0.327744 -0.598258 0.731212
0.182312 0.0827305 0.290576 0.212749 0.707347 0.674091
-0.0669702 -0.381346 -0.0136317 -0.212749 -0.707347 -0.674091
0.0265694 0.0944172 0.327467 0.212749 0.707347 0.674091
-0.435724 -0.29322 0.248591 -0.327744 -0.598258 0.731212
-0.323222 -0.340994 0.0249008 -0.212749 -0.707347 -0.674091
-0.0587077 0.219709 0.222907 0.212749 0.707347 0.674091
-0.399049 -0.0869841 0.382657 -0.920501 0.376494 -0.10455
-0.190398 -0.0156071 -0.240394 -0.933826 0.32258 -0.154633
0.220868 -0.169055 0.250818 0.920501 -0.376494 0.10455
0.128222 -0.419451 0.164817 0.920501 -0.376494 0.10455
0.0289123 -0.425397 0.348707 -0.327744 -0.598258 0.731212
0.0459048 0.0962448 0.319446 0.212749 0.707347 0.674091
-0.345097 -0.448469 0.162191 -0.327744 -0.598258 0.731212
0.17333 -0.154339 0.441979 0.846351 0.158024 0.508643
-0.118336 0.384435 0.0344456 -0.481291 0.771729 0.415684
0.00560538 -0.252896 -0.171324 -0.212749 -0.707347 -0.674091
-0.333605 -0.0560778 -0.0689645 -0.920501 0.376494 -0.10455
0.350425 0.0756319 0.00456905 0.920501 -0.376494 0.10455
-0.299923 -0.393603 0.227329 -0.327744 -0.598258 0.731212
-0.0828195 0.196254 -0.104484 0.327744 0.598259 -0.731212
-0.263637 0.0776683 0.385226 -0.460703 0.776907 0.429149
0.145701 -0.367439 0.19822 0.920501 -0.376494 0.10455
0.185056 -0.306749 0.0702704 0.920501 -0.376494 0.10455
0.0606346 -0.512996 0.13794 0.51934 -0.760621 -0.389541
0.171046 0.288744 -0.370887 0.327743 0.598259 -0.731212
0.265097 0.116303 0.192203 0.748653 0.307638 0.587263
0.181943 -0.260428 0.264488 0.920501 -0.376494 0.10455
0.245758 -0.105796 0.259479 0.920501 -0.376494 0.10455
0.146493 0.278345 0.0654638 0.327744 0.598258 -0.731212
-0.103988 -0.0863177 -0.313592 -0.212749 -0.707346 -0.674091
-0.144704 0.220296 -0.112551 0.327744 0.598258 -0.731212
0.191988 -0.289518 0.0712975 0.920501 -0.376494 0.10455
0.188549 -0.192455 0.444646 0.327744 0.598258 -0.731212
0.195428 -0.228129 0.262076 0.920501 -0.376494 0.10455
-0.113912 0.37579 0.0284715 0.327744 0.598258 -0.731212
-0.330064 0.0105513 0.139798 -0.920501 0.376494 -0.10455
0.0227083 0.287397 0.128245 0.212749 0.707347 0.674091
0.0372187 0.112942 -0.165167 -0.830948 -0.185752 -0.524425
-0.210704 -0.148783 -0.212304 -0.212749 -0.707347 -0.674091
0.0317574 -0.530472 0.264012 -0.327742 -0.598259 0.731212
-0.425182 -0.402655 0.12659 -0.736413 -0.323074 -0.594406
-0.351929 0.0263494 0.419335 -0.591844 0.733287 0.33468
-0.10392 0.295842 -0.0324608 0.327746 0.598258 -0.731211
0.053869 -0.380736 -0.0508373 0.335233 -0.79724 -0.502023
0.047288 0.0736568 0.342712 0.212749 0.707347 0.674091
-0.0689386 -0.0309597 -0.284162 0.327744 0.598258 -0.731212
-0.062734 0.0665335 -0.214292 -0.782056 -0.262441 -0.565255
0.0980641 -0.470989 0.169974 0.646607 -0.706335 -0.288082
0.0403534 -0.240287 0.505287 -0.327744 -0.598258 0.731212
0.278118 0.203655 0.063351 0.327744 0.598258 -0.731212
0.0671736 -0.38022 -0.0427268 0.377992 -0.79235 -0.478856
-0.212732 -0.153902 -0.206292 -0.212749 -0.707347 -0.674091
0.0253391 -0.0487111 0.478044 0.212749 0.707347 0.674091
-0.0654683 -0.417096 0.313195 -0.327744 -0.598258 0.731212
-0.20682 0.267247 -0.0341881 -0.920501 0.376494 -0.10455
-0.270567 0.0612726 -0.21467 -0.920501 0.376494 -0.10455
0.0512059 0.139081 0.272823 0.212749 0.707347 0.674091
0.336071 0.0304268 -0.0524036 0.327744 0.598258 -0.731212
-0.168204 0.330281 0.0754172 -0.519339 0.760621 0.389542
0.105023 -0.450554 0.270353 0.920501 -0.376494 0.10455
-0.0713486 0.134431 -0.187913 0.327744 0.598259 -0.731211
-0.418421 -0.413415 0.158006 -0.327744 -0.598259 0.731212
-0.114349 0.327292 0.129639 0.212749 0.707347 0.674091
-0.0855632 -0.219064 -0.178052 -0.212749 -0.707347 -0.674091
-0.351647 0.0170887 0.353364 -0.920501 0.376494 -0.10455
0.0396404 -0.44296 0.0393527 0.377991 -0.79235 -0.478857
-0.29804 -0.451844 0.131211 -0.212749 -0.707347 -0.674091
0.289391 -0.105418 -0.110039 0.920501 -0.376494 0.10455
0.153923 -0.314557 0.329548 0.920501 -0.376494 0.10455
0.323884 0.172376 0.0582726 0.327744 0.598257 -0.731213
0.255962 -0.159208 -0.0226995 0.920501 -0.376494 0.10455
-0.316988 -0.249691 -0.0551168 -0.7196 -0.343423 -0.60352
0.0501259 0.322657 0.0585252 0.327744 0.598258 -0.731212
-0.289874 0.0593088 -0.0384655 -0.920501 0.376494 -0.10455
-0.395566 -0.159498 0.104143 -0.920501 0.376494 -0.10455
0.155268 -0.17678 0.517412 0.812984 0.215688 0.540866
-0.140639 -0.153288 0.495343 -0.327744 -0.598258 0.731212
0.348028 0.123184 0.106145 0.854963 0.141529 0.499007
-0.467256 -0.341233 0.159976 -0.854963 -0.141529 -0.499007
-0.275199 -0.0223009 -0.257753 -0.812984 -0.215687 -0.540866
-0.0318977 0.176544 -0.135774 0.327744 0.598258 -0.731212
-0.367461 -0.0527312 0.241178 -0.920501 0.376494 -0.10455
-0.406277 -0.153522 0.376087 -0.327744 -0.598258 0.731212
0.156476 -0.282127 -0.130126 0.460702 -0.776907 -0.429149
0.135205 -0.0953949 0.46823 0.7196 0.343423 0.60352
0.0208325 -0.268234 -0.160035 -0.212749 -0.707347 -0.674091
-0.24251 0.0196119 0.492947 0.212749 0.707347 0.674091
0.255991 0.161841 0.0192223 0.327744 0.598258 -0.731212
0.0261135 -0.470482 0.0742156 0.377991 -0.79235 -0.478857
0.101648 0.076804 0.322253 0.212749 0.707347 0.674091
-0.318586 -0.384095 0.226744 -0.327744 -0.598259 0.731212
-0.0468606 -0.0806438 0.5364 0.212749 0.707347 0.674091
-0.20878 0.151921 0.308261 -0.419849 0.785567 0.454546
0.257287 0.00779894 0.251528 0.824826 0.19622 0.530246
0.193502 0.0954611 0.273686 0.212749 0.707347 0.674091
-0.241749 0.158767 -0.117309 -0.920501 0.376494 -0.10455
-0.180108 -0.210037 0.431221 -0.327744 -0.598258 0.731212
-0.2452 -0.464746 0.128074 -0.212749 -0.707346 -0.674091
0.104058 -0.0298227 -0.205691 0.327744 0.598259 -0.731211
-0.238956 0.156249 -0.150964 -0.920501 0.376494 -0.10455
0.087434 -0.492453 0.274327 0.920501 -0.376494 0.10455
-0.373289 -0.131211 0.00986695 -0.920501 0.376494 -0.10455
0.291608 -0.0964275 -0.0971796 0.920501 -0.376494 0.10455
0.126663 0.160852 -0.228021 0.779143 -0.608892 -0.148952
-0.191464 -0.49218 0.195289 -0.327744 -0.598258 0.731212
-0.108613 0.0580137 0.408331 0.212749 0.707347 0.674091
0.118274 0.268952 0.0451298 0.327744 0.598258 -0.731212
-0.223291 0.240547 0.113963 -0.646607 0.706334 0.288082
-0.065583 -0.0786999 -0.321718 0.327744 0.598258 -0.731212
-0.223251 -0.082624 -0.279827 -0.212749 -0.707347 -0.674091
-0.39908 -0.0893962 0.374241 -0.920501 0.376494 -0.10455
0.0151396 0.259415 0.157936 0.212749 0.707347 0.674091
0.12131 0.179662 -0.189844 0.782057 0.262439 0.565254
-0.260698 0.136649 0.275906 -0.539014 0.754044 0.375342
-0.139872 0.00877402 -0.283447 0.327744 0.598258 -0.731212
-0.45413 -0.292774 0.126538 -0.920501 0.376494 -0.10455
0.0223919 0.278884 0.137278 0.212749 0.707347 0.674091
0.0489031 -0.438465 0.346975 -0.327744 -0.598258 0.731212
0.145586 0.00459649 -0.196906 0.327745 0.598259 -0.731211
0.030906 0.283862 0.129368 0.212749 0.707347 0.674091
0.0372622 0.0780172 0.341301 0.212749 0.707347 0.674091
0.169829 0.257642 0.0589846 0.327744 0.598258 -0.731212
0.237737 -0.0586979 -0.169399 0.327744 0.598258 -0.731212
-0.0748859 0.0983701 0.355339 0.212749 0.707347 0.674091
-0.154949 -0.23494 -0.139493 -0.212749 -0.707347 -0.674091
0.10186 -0.298626 -0.149187 0.335233 -0.79724 -0.502023
0.252185 -0.202548 -0.209669 0.591844 -0.733287 -0.33468
-0.21037 -0.180573 0.441764 -0.327744 -0.598258 0.731212
0.247989 0.218096 0.129865 0.212749 0.707347 0.674091
-0.311526 0.0631215 0.165898 -0.920501 0.376494 -0.10455
0.0506944 -0.138597 0.566422 0.212749 0.707347 0.674091
0.0109294 0.166795 -0.124555 0.32774 0.598256 -0.731216
-0.159773 -0.518968 0.158008 -0.212749 -0.707346 -0.674091
0.210138 0.17317 0.186893 0.212749 0.707347 0.674091
0.25516 -0.0207449 0.264315 0.846351 0.158024 0.508643
0.0469464 0.075178 -0.18337 0.327744 0.598258 -0.731212
-0.202952 -0.099251 -0.268787 -0.212749 -0.707347 -0.674091
0.243891 0.00839956 0.271925 0.801328 0.233948 0.550582
-0.423347 -0.360294 0.199261 -0.327744 -0.598258 0.731212
0.157735 -0.364714 0.102085 0.920501 -0.376494 0.10455
-0.00697603 -0.230513 0.49207 -0.327744 -0.598258 0.731212
-0.111274 0.374486 0.0595185 -0.442154 0.781098 0.440891
-0.288865 0.128565 0.202046 -0.920501 0.376494 -0.10455
-0.062747 -0.36667 0.355672 -0.327744 -0.598258 0.731212
0.202819 -0.169343 -0.231983 -0.298459 0.799889 0.520673
-0.296039 0.0417538 -0.0474083 -0.920501 0.376494 -0.10455
0.245451 -0.19655 -0.0646275 0.920501 -0.376494 0.10455
-0.201056 -0.222569 0.411579 -0.327744 -0.598258 0.731212
-0.368555 -0.0976505 0.0890446 -0.920501 0.376494 -0.10455
-0.410078 -0.309829 0.0802965 0.327745 0.598258 -0.731212
0.0815263 0.039256 0.368004 0.212749 0.707347 0.674091
-0.349401 -0.421425 0.115502 -0.212749 -0.707347 -0.674091
0.141012 -0.341983 -0.0352753 0.539013 -0.754044 -0.375343
-0.111938 -0.459302 0.0823625 -0.212749 -0.707347 -0.674091
0.24769 -0.179793 -0.263289 0.519339 -0.760621 -0.389542
0.122837 0.205193 -0.305255 -0.12004 -0.741318 -0.660331
-0.337335 -0.256469 -0.0266864 -0.748652 -0.307639 -0.587263
0.221656 0.0421635 0.28642 0.748652 0.307639 0.587263
0.111484 -0.452554 0.206264 0.920501 -0.376494 0.10455
-0.00676686 -0.0978865 -0.311053 0.327744 0.598258 -0.731212
-0.245768 0.145163 0.280243 -0.539013 0.754044 0.375343
-0.256036 0.171589 0.0679415 -0.920501 0.376494 -0.10455
-0.346948 -0.150681 -0.0583274 -0.846352 -0.158023 -0.508643
-0.162744 0.331533 0.080252 -0.519339 0.760621 0.389542
0.0838915 0.011917 0.395945 0.212749 0.707347 0.674091
0.0172142 -0.291109 0.453334 -0.327744 -0.598258 0.731212
0.0436498 -0.31661 0.444319 -0.327744 -0.598258 0.731212
-0.338823 0.0260235 0.272635 -0.920501 0.376494 -0.10455
-0.420791 -0.174426 0.259195 -0.920501 0.376494 -0.10455
-0.326895 -0.269864 0.31648 -0.327744 -0.598258 0.731212
-0.215188 0.226525 -0.10716 -0.920501 0.376494 -0.10455
0.108737 0.13883 -0.157791 0.926543 -0.0522561 0.372541
-0.355855 -0.0930259 0.448184 -0.327744 -0.598258 0.731212
-0.2535 0.132802 -0.107354 -0.920501 0.376494 -0.10455
-0.26369 -0.437306 0.207813 -0.327744 -0.598258 0.731212
-0.244085 -0.309268 0.321358 -0.327744 -0.598258 0.731212
0.259272 -0.128011 -0.216457 0.327744 0.598258 -0.731212
-0.286365 0.0703525 -0.0295961 -0.920501 0.376494 -0.10455
0.184808 -0.256901 0.251962 0.920501 -0.376494 0.10455
-0.223865 0.193956 0.213674 -0.539013 0.754044 0.375343
-0.227949 -0.502897 0.162662 -0.212749 -0.707346 -0.674091
0.201442 -0.255996 0.108771 0.920501 -0.376494 0.10455
0.351376 0.162001 0.0621064 0.327744 0.598259 -0.731212
0.284409 -0.0607477 0.0814065 0.920501 -0.376494 0.10455
-0.0307579 -0.242623 -0.170628 -0.212749 -0.707347 -0.674091
-0.353432 -0.0512136 0.123125 -0.920501 0.376494 -0.10455
-0.357024 -0.319282 0.0322191 -0.7196 -0.343423 -0.60352
-0.253563 -0.486644 0.171985 -0.327744 -0.598258 0.731212
-0.345561 -0.220537 -0.0337082 -0.775918 -0.271117 -0.569603
-0.165795 -0.325148 -0.0414124 -0.212749 -0.707347 -0.674091
-0.297097 0.0811783 0.103882 -0.920501 0.376494 -0.10455
-0.187449 -0.192588 -0.173678 -0.212749 -0.707347 -0.674091
-0.344225 -0.0692134 -0.0227585 -0.920501 0.376494 -0.10455
-0.239786 -0.291239 -0.0536416 -0.212749 -0.707347 -0.674091
0.165344 -0.348287 0.094244 0.920501 -0.376494 0.10455
-0.311673 -0.435148 0.117995 -0.212749 -0.707347 -0.674091
0.334669 0.0748613 0.14052 0.920501 -0.376494 0.10455
0.315514 -0.0377845 -0.096479 0.920501 -0.376494 0.10455
-0.190094 0.250621 -0.108085 0.327744 0.598258 -0.731212
0.274075 -0.113374 -0.0171225 0.920501 -0.376494 0.10455
-0.275032 -0.360407 0.265646 -0.327744 -0.598259 0.731212
-0.37905 -0.239265 0.0235361 -0.824825 -0.196221 -0.530246
0.196768 -0.214553 0.299164 0.920501 -0.376494 0.10455
-0.309852 0.0552455 0.367889 -0.576283 0.739896 0.347061
-0.281862 0.0940204 0.015989 -0.920501 0.376494 -0.10455
0.175456 0.264237 -0.30665 0.903554 0.027613 0.427584
-0.319824 0.00464651 0.0283781 -0.920501 0.376494 -0.10455
-0.24061 0.136094 -0.208989 -0.920501 0.376494 -0.10455
0.307464 -0.0648519 -0.143181 0.327744 0.598258 -0.731212
0.137629 -0.0576011 0.443306 0.688828 0.378389 0.618335
-0.200769 -0.0283227 -0.341094 0.327744 0.598258 -0.731212
0.294623 -0.11468 -0.189462 0.920501 -0.376494 0.10455
0.297348 0.203567 0.129532 0.212749 0.707347 0.674091
0.154528 0.103535 -0.111948 0.327744 0.598259 -0.731212
-0.354084 -0.302832 0.27732 -0.327744 -0.598258 0.731212
-0.274527 0.158804 0.184702 -0.920501 0.376494 -0.10455
0.12378 -0.263077 -0.191003 0.335233 -0.79724 -0.502023
-0.0665421 0.219244 0.225868 0.212749 0.707347 0.674091
0.247149 -0.15649 0.0646799 0.920501 -0.376494 0.10455
0.0921369 -0.443374 0.0982249 0.539013 -0.754044 -0.375343
-0.0533704 -0.353986 -0.0466331 -0.212749 -0.707347 -0.674091
0.211407 -0.268075 -0.0224609 0.920501 -0.376494 0.10455
-0.280135 0.123293 0.271628 -0.612176 0.72398 0.317952
0.22274 -0.181966 0.187844 0.920501 -0.376494 0.10455
-0.267207 0.162043 0.131918 -0.920501 0.376494 -0.10455
-0.148477 -0.108859 -0.275897 -0.212749 -0.707347 -0.674091
-0.21725 0.103059 -0.240987 0.327744 0.598258 -0.731212
-0.0359202 0.0683686 -0.226084 0.327744 0.598259 -0.731212
0.230173 -0.129353 0.311862 0.920501 -0.376494 0.10455
-0.330261 -0.43778 0.126623 -0.212749 -0.707347 -0.674091
-0.29932 -0.34972 0.263504 -0.327744 -0.598259 0.731212
-0.252 0.13535 -0.11138 -0.920501 0.376494 -0.10455
-0.279824 0.0169849 0.50748 0.212749 0.707347 0.674091
-0.0354928 -0.535738 0.136382 -0.212749 -0.707346 -0.674091
-0.106591 -0.172658 0.494756 -0.327744 -0.598258 0.731212
0.0814577 -0.396054 -0.00394142 0.419848 -0.785567 -0.454546
-0.0954171 -0.104195 -0.297537 -0.212749 -0.707347 -0.674091
0.120535 -0.320768 -0.0979597 0.419848 -0.785567 -0.454546
0.304234 0.0239618 0.165553 0.883291 0.0805914 0.461847
0.179038 -0.308901 0.115508 0.920501 -0.376494 0.10455
-0.39193 -0.0883826 0.314942 -0.920501 0.376494 -0.10455
-0.0382755 -0.133904 -0.284398 -0.212749 -0.707347 -0.674091
0.0749593 0.310058 0.0593474 0.327744 0.598258 -0.731212
0.0817329 -0.284683 -0.161995 -0.212749 -0.707347 -0.674091
0.220728 -0.191108 0.17264 0.920501 -0.376494 0.10455
-0.389906 -0.132174 0.400891 -0.327744 -0.598258 0.731212
0.239332 -0.120593 -0.219325 0.327744 0.598258 -0.731212
0.22196 -0.134169 0.350498 0.883291 0.0805914 0.461847
0.202887 0.0496708 -0.0963549 0.327744 0.598258 -0.731212
-0.385468 -0.120238 0.156616 -0.920501 0.376494 -0.10455
-0.15753 0.142672 0.334935 0.212749 0.707347 0.674091
-0.24917 -0.00235927 0.518104 0.212749 0.707347 0.674091
0.267654 -0.160912 -0.11849 0.920501 -0.376494 0.10455
-0.0207946 -0.096598 0.544914 0.212749 0.707347 0.674091
0.293119 -0.0395247 0.0811424 0.920501 -0.376494 0.10455
0.214927 -0.259061 -0.020993 0.920501 -0.376494 0.10455
-0.319902 -0.44598 0.175521 -0.327744 -0.598258 0.731212
0.171048 -0.301006 -0.074434 0.576284 -0.739896 -0.347061
-0.250468 0.150644 0.262483 -0.539014 0.754044 0.375342
-0.291443 -0.160432 0.421904 -0.327744 -0.598258 0.731212
-0.228382 -0.0206791 -0.324632 -0.763678 -0.287901 -0.577849
-0.288635 0.056681 0.395379 -0.500456 0.766391 0.402727
0.187708 -0.275699 0.158739 0.920501 -0.376494 0.10455
0.0626729 0.273092 0.130643 0.212749 0.707347 0.674091
0.225261 -0.168592 -0.264904 0.327744 0.598258 -0.731212
-0.342641 0.0264947 0.385694 0.327744 0.598258 -0.731213
-0.180583 0.0696993 0.418783 0.212749 0.707347 0.674091
-0.414948 -0.226296 0.312659 -0.327744 -0.598258 0.731212
-0.326536 -0.334916 0.0195695 -0.212749 -0.707347 -0.674091
0.0731748 -0.525597 0.280517 0.920501 -0.376494 0.10455
0.0925458 -0.432628 0.371312 -0.327746 -0.598258 0.731212
-0.312894 -0.00199067 -0.0565364 -0.920501 0.376494 -0.10455
0.196197 0.0236039 0.327792 0.7196 0.343423 0.60352
0.265132 0.108998 0.195986 0.748653 0.307638 0.587263
0.199513 0.0480767 -0.12386 0.914911 -0.394012 0.0877111
0.332683 0.159516 0.0516949 0.327745 0.59826 -0.73121
0.234685 -0.011524 -0.13217 0.327744 0.598258 -0.731212
-0.297233 -0.0395726 0.518193 -0.327744 -0.59826 0.73121
0.368152 0.149501 0.0642007 0.854963 0.141528 0.499007
-0.0257984 -0.0095828 0.453125 0.212749 0.707347 0.674091
-0.410075 -0.264527 0.283563 -0.327744 -0.598258 0.731212
-0.000233573 -0.355112 -0.0622228 -0.212749 -0.707347 -0.674091
0.0742874 -0.327044 -0.115194 -0.212749 -0.707347 -0.674091
0.0800941 -0.496509 0.147265 0.327745 0.598259 -0.731211
0.216724 -0.169477 0.285785 0.920501 -0.376494 0.10455
0.178218 0.142248 -0.0316677 0.327744 0.598258 -0.731212
0.0947967 -0.263317 -0.188539 -0.212749 -0.707347 -0.674091
0.28951 0.0231881 0.192816 0.865856 0.11945 0.485825
0.0464292 0.140506 -0.188367 -0.903552 -0.0276193 -0.427588
0.278721 -0.0471606 0.180411 0.920501 -0.376494 0.10455
-0.223649 0.038271 0.467414 0.212749 0.707347 0.674091
0.293792 -0.0342721 0.0941363 0.920501 -0.376494 0.10455
-0.25956 -0.358815 0.0235089 -0.212749 -0.707347 -0.674091
0.13374 -0.275813 -0.162941 0.377992 -0.79235 -0.478856
-0.387529 -0.386553 0.0909437 -0.212749 -0.707347 -0.674091
0.2416 0.0039939 -0.116374 0.327744 0.598258 -0.731212
0.290275 -0.0816188 -0.0321149 0.920501 -0.376494 0.10455
-0.268026 0.157241 0.217643 -0.612176 0.72398 0.317951
-0.069741 -0.122078 0.552656 -0.327744 -0.598259 0.731211
