ply
format ascii 1.0
comment Created by Open3D
element vertex 2096
property double x
property double y
property double z
property double nx
property double ny
property double nz
end_header
0.150749 0.128083 -0.259621 0.383637 -0.506004 0.772517
0.437569 0.283452 -0.220705 0.600687 -0.498645 -0.624922
-0.130183 -0.0353129 0.318172 -0.600687 0.498646 0.624922
0.0383694 0.30073 -0.15789 -0.383637 0.506004 -0.772517
0.0688178 0.330265 -0.153666 -0.383637 0.506004 -0.772517
-0.213162 -0.07304 0.0784542 -0.388965 -0.306828 0.868656
0.373423 -0.0105211 -0.0477924 0.600687 -0.498645 -0.624922
-0.285342 -0.0841227 0.151354 0.586669 -0.288253 -0.756789
0.253456 0.346886 0.232593 -0.701423 -0.703788 -0.112643
0.196884 0.176607 0.353721 0.383637 -0.506004 0.772517
0.389388 0.275274 0.294182 0.701425 0.703785 0.112651
0.147136 -0.247406 0.00163546 0.701425 0.703784 0.112651
0.0491081 -0.178292 0.180217 0.701425 0.703785 0.112651
-0.0464206 0.186723 0.221517 -0.600687 0.498645 0.624922
0.242059 -0.131948 0.00585417 -0.600687 0.498645 0.624922
0.272572 -0.0650537 0.0906808 -0.383638 0.506004 -0.772517
0.100781 0.362873 -0.14818 -0.383637 0.506004 -0.772517
0.364103 0.0204265 0.101216 -0.383638 0.506004 -0.772517
0.112111 -0.192832 -0.121232 0.701425 0.703785 0.112651
-0.0936608 -0.0990867 -0.193292 -0.701425 -0.703785 -0.112651
-0.192995 -0.0434725 0.264307 -0.600687 0.498645 0.624922
0.168095 0.274675 0.357534 -0.600687 0.498645 0.624922
0.11181 0.114505 0.355292 0.383637 -0.506004 0.772517
-0.0363757 0.152692 0.175301 0.600687 -0.498645 -0.624922
0.42274 0.274833 0.0892662 0.701426 0.703783 0.112654
-0.0718801 -0.0713894 -0.14435 0.441541 -0.553139 0.706455
-0.365847 -0.19025 -0.00748759 -0.60041 0.508458 0.617234
0.127122 -0.131347 0.168805 -0.701431 -0.703777 -0.112661
0.0812538 0.180968 0.348832 -0.600687 0.498645 0.624922
-0.00100594 -0.130787 0.195467 0.701425 0.703785 0.112651
-0.283905 0.0145737 0.130605 -0.600687 0.498645 0.624922
-0.249767 0.0717743 0.117778 -0.600687 0.498645 0.624922
0.347113 0.3401 0.152414 0.701425 0.703785 0.112651
0.0948779 -0.0140319 -0.229709 -0.600687 0.498645 0.624922
0.0231105 -0.227685 -0.0631182 -0.689797 0.710092 -0.14124
0.315971 0.0169612 -0.04192 -0.600687 0.498645 0.624922
-0.270994 0.0449368 0.118788 -0.600687 0.498645 0.624922
0.0872517 -0.164855 -0.141232 0.701425 0.703785 0.112651
0.0814559 0.0256534 0.312168 0.383637 -0.506004 0.772517
0.537341 0.0946992 0.0258098 0.600687 -0.498646 -0.624922
0.235317 0.232565 0.371288 0.383637 -0.506004 0.772517
0.190924 0.272822 0.380956 -0.600687 0.498645 0.624922
0.30337 0.199075 -0.199347 -0.600687 0.498645 0.624922
0.154212 0.557256 -0.0031635 0.701425 0.703785 0.112651
0.430244 0.290299 -0.0540715 0.701425 0.703785 0.112651
0.206584 -0.172635 -0.0680211 -0.701425 -0.703785 -0.112651
0.102281 0.509756 -0.0527154 -0.383637 0.506004 -0.772517
-0.301025 -0.167678 0.106592 -0.0861468 0.864674 -0.494892
0.101639 -0.0445755 0.188981 -0.383637 0.506004 -0.772517
0.256309 0.412521 0.265359 0.701436 0.703769 0.112677
-0.0662707 0.205779 0.187231 -0.600687 0.498645 0.624922
0.445451 0.129051 0.131968 -0.383638 0.506004 -0.772517
-0.114918 -0.075427 -0.208749 -0.701425 -0.703785 -0.112651
0.0417839 -0.209673 -0.0831879 -0.712734 0.693405 0.105828
0.271299 0.394661 0.0548929 0.70883 -0.705345 -0.00693152
-0.150337 0.031822 0.109384 0.701425 0.703785 0.112651
-0.312676 -0.108921 -0.0752619 0.600687 -0.498645 -0.624922
0.0707044 -0.277784 -0.10031 -0.701425 -0.703785 -0.112651
0.277169 0.397213 0.231104 0.701425 0.703784 0.112651
-0.422716 0.0375679 -0.101285 -0.383638 0.506004 -0.772517
-0.120377 0.161679 -0.120806 -0.701425 -0.703785 -0.112651
0.0948836 0.166703 -0.206581 0.383638 -0.506004 0.772517
-0.103164 0.37898 -0.00325257 0.643724 -0.557688 -0.524026
-0.0916988 0.253906 0.124387 -0.600687 0.498645 0.624922
0.21585 0.26114 0.349124 -0.196534 0.0390563 0.979719
-0.16542 0.335653 -0.0180231 -0.712738 0.691992 0.114681
0.00926276 0.402597 -0.0767121 -0.383637 0.506004 -0.772517
-0.20992 0.261241 -0.0463029 0.223548 -0.36731 0.902834
0.11572 0.443012 0.0898427 0.600687 -0.498645 -0.624922
0.0777093 0.43622 -0.0215167 0.383638 -0.506004 0.772517
0.172421 0.513906 0.154286 0.701425 0.703785 0.112651
0.312466 0.35621 0.267491 0.701421 0.703789 0.112651
0.131872 0.00446701 0.273253 0.383637 -0.506004 0.772517
0.227995 0.0521664 0.189598 -0.383637 0.506004 -0.772517
-0.285254 0.141519 -0.101461 -0.383638 0.506004 -0.772517
0.185613 0.439647 0.242735 -0.600687 0.498645 0.624922
0.0772376 -0.0677168 0.185941 -0.383637 0.506004 -0.772517
0.0556065 0.0285046 0.259709 -0.383637 0.506004 -0.772517
0.354826 0.252976 0.325308 0.383637 -0.506004 0.772517
0.386301 0.279778 0.0946319 -0.586838 0.659961 -0.469119
-0.0614151 0.292986 0.122313 -0.600687 0.498645 0.624922
-0.053681 -0.111869 -0.362371 -0.701425 -0.703785 -0.112651
-0.110806 0.182516 0.0799586 0.600687 -0.498645 -0.624922
0.502848 0.203908 0.033578 0.701418 0.703793 0.112644
0.510873 0.204085 -0.017501 0.701425 0.703785 0.112651
0.542757 0.172792 -0.0205157 0.701425 0.703784 0.112651
-0.0639486 0.354659 0.0706668 -0.600687 0.498645 0.624922
0.465908 0.248917 -0.0176067 0.701425 0.703785 0.112651
0.222792 0.453722 0.0513133 -0.668506 0.704436 -0.238475
0.108643 0.386247 -0.0696115 0.383638 -0.506004 0.772517
0.517192 0.179693 0.0955473 0.701425 0.703785 0.112651
-0.151532 0.163685 0.0606528 -0.701424 -0.703786 -0.112652
-0.227399 -0.0314162 -0.0551363 0.600687 -0.498645 -0.624922
-0.206744 -0.155469 0.0637041 0.600687 -0.498645 -0.624922
-0.0880474 0.406426 -0.0247696 -0.529951 0.620669 -0.577861
0.1807 0.535368 -0.0313477 0.701425 0.703785 0.112651
0.0205485 -0.0661822 -0.342358 0.701425 0.703785 0.112651
-0.0255443 0.130627 0.286345 -0.600687 0.498645 0.624922
0.0724262 -0.145293 -0.171131 0.701425 0.703785 0.112651
-0.458184 -0.234694 0.157744 -0.75265 0.414223 0.511798
0.207709 0.0286823 0.251453 0.383637 -0.506004 0.772517
0.338886 0.306799 -0.0319824 -0.263776 0.109494 0.958349
0.49341 0.181133 0.209428 0.383638 -0.506004 0.772517
0.041812 0.320595 0.199507 -0.600687 0.498645 0.624922
0.210305 0.508604 -0.0484726 0.701421 0.703788 0.112656
0.303885 0.35621 -0.0260743 0.223549 -0.367311 0.902833
0.384178 -0.0316282 0.124314 0.383638 -0.506004 0.772517
0.392834 0.300109 0.117568 0.701426 0.703783 0.112654
-0.120566 -0.112535 0.0582508 -0.701425 -0.703785 -0.112651
0.182415 0.00731275 -0.162598 -0.600687 0.498645 0.624922
0.528761 0.0372714 0.0970297 0.48068 -0.583801 0.654311
0.286479 0.419427 0.0343558 0.701425 0.703785 0.112651
-0.471815 -0.204357 0.10006 -0.953357 0.19853 0.227368
-0.101389 -0.0392733 0.238738 0.33522 0.403715 -0.851259
0.310436 -0.139671 0.0639766 0.389749 -0.24641 -0.887343
-0.0500007 0.151542 -0.144561 0.383638 -0.506004 0.772517
0.0805423 -0.199727 0.118408 0.701425 0.703785 0.112651
-0.179881 -0.102868 0.047553 0.600687 -0.498645 -0.624922
0.518705 0.14757 -0.0342907 0.600687 -0.498645 -0.624922
0.0937663 0.0316198 -0.303551 -0.321922 0.45384 -0.8309
0.229018 0.361876 0.346513 -0.600687 0.498645 0.624922
0.134233 -0.0842154 0.14683 -0.383637 0.506004 -0.772517
0.187269 0.379036 -0.113381 0.383637 -0.506004 0.772517
0.374154 0.23104 0.204809 -0.701415 -0.703797 -0.11264
0.248556 0.350273 0.374552 -0.600687 0.498645 0.624922
-0.172277 -0.0333053 0.115842 -0.180497 -0.625528 0.759036
0.157079 -0.00066337 -0.180587 -0.600687 0.498645 0.624922
-0.100625 0.00181584 -0.0126827 0.701425 0.703785 0.112651
0.253042 0.0898211 0.268987 0.383637 -0.506004 0.772517
0.299192 0.18436 0.307992 0.383637 -0.506004 0.772517
0.221302 0.405224 0.0683363 -0.701435 -0.703777 -0.112639
0.47582 0.0346851 0.0645125 0.495077 -0.594793 0.633341
0.20861 0.0572529 -0.260293 0.600687 -0.498645 -0.624922
0.0980207 0.0843471 -0.329246 -0.383637 0.506004 -0.772517
-0.0916405 0.0256366 -0.217445 0.701425 0.703785 0.112651
-0.203902 0.219274 0.0394401 -0.701424 -0.703786 -0.112652
0.151208 -0.133415 0.106174 -0.383637 0.506004 -0.772517
0.22399 0.0432647 -0.234348 0.600687 -0.498645 -0.624922
0.0108838 0.416139 0.0105143 0.600687 -0.498645 -0.624922
0.263588 0.268983 -0.223367 0.383637 -0.506004 0.772517
0.0794371 0.420944 -0.0995437 -0.383637 0.506004 -0.772517
0.47917 0.0788064 0.149476 0.383638 -0.506004 0.772517
-0.205005 0.109522 -0.0356524 0.701425 0.703785 0.112651
0.140377 -0.00431356 -0.276754 0.600687 -0.498645 -0.624922
-0.283819 -0.246638 0.0623649 0.600687 -0.498645 -0.624922
-0.256404 0.147827 0.0450809 0.701425 0.703784 0.112651
0.216745 0.383796 -0.192064 -0.383637 0.506004 -0.772517
-0.230091 -0.143669 0.0318462 0.600687 -0.498645 -0.624922
0.392516 -0.0221017 -0.0201992 0.600687 -0.498645 -0.624922
0.246226 0.384726 0.0412073 -0.701422 -0.703787 -0.112656
-0.361111 -0.096941 0.0277715 0.123012 -0.885061 0.448927
-0.0234007 -0.119681 0.265525 0.701425 0.703785 0.112651
0.36165 0.371804 -0.136174 0.701425 0.703783 0.112656
0.00795536 -0.159807 0.0218097 -0.22355 0.367312 -0.902833
0.201133 0.4142 0.137838 -0.701423 -0.703786 -0.112652
-0.469651 -0.00443092 -0.0898725 -0.937563 0.147728 -0.314884
-0.129201 0.00092986 0.170784 0.701424 0.703785 0.112652
0.296939 0.295661 0.281873 -0.701425 -0.703785 -0.112651
0.457968 0.0687747 0.0862705 -0.383638 0.506004 -0.772517
0.0199925 -0.217425 -0.121784 -0.670994 0.59874 0.437352
0.152118 0.214442 0.342686 0.321908 -0.453829 0.830912
-0.329895 -0.0886213 0.114332 0.596722 -0.565649 -0.569179
0.0105814 -0.203061 -0.192783 -0.701425 -0.703785 -0.112651
0.412768 0.252059 0.293638 0.701425 0.703785 0.112651
0.25773 0.387246 0.353868 -0.600687 0.498645 0.624922
0.36794 0.0780777 0.204236 0.383638 -0.506004 0.772517
-0.206241 -0.202036 0.228224 -0.0184725 -0.790105 0.612694
0.294505 0.156193 -0.173651 -0.600687 0.498645 0.624922
0.421387 -0.0189908 0.114113 0.383638 -0.506004 0.772517
0.0851038 -0.0604885 0.253932 0.383637 -0.506004 0.772517
0.399489 0.161646 0.176143 -0.383638 0.506004 -0.772517
0.393195 0.249868 -0.0313742 -0.701425 -0.703785 -0.112651
-0.140882 0.298796 -0.0301799 -0.658187 0.578948 0.481258
-0.160722 -0.097835 0.115946 -0.600687 0.498645 0.624923
0.297359 -0.164882 0.0801466 0.383638 -0.506004 0.772517
-0.121632 0.289361 -0.0858792 -0.383637 0.506004 -0.772517
0.407372 0.292247 0.0292395 -0.699324 0.649043 0.299483
0.40225 0.118371 -0.122931 0.600687 -0.498645 -0.624922
0.182964 0.0526465 -0.28127 0.600687 -0.498645 -0.624922
-0.0623094 0.0350275 0.308886 -0.701425 -0.703785 -0.112651
-0.130705 -0.0886333 0.338571 0.0464446 -0.202849 0.978108
-0.0562004 0.38084 -0.00807836 -0.704229 0.708692 -0.042632
0.226504 0.212034 -0.309416 -0.383637 0.506004 -0.772517
0.370103 0.370176 -0.178636 0.701425 0.703785 0.112651
-0.0517095 -0.190944 0.119372 -0.701426 -0.703783 -0.112651
0.359219 0.370287 -0.271666 -0.383637 0.506004 -0.772517
0.315325 0.0844684 -0.179433 0.600687 -0.498645 -0.624922
-0.283716 -0.0547613 0.101986 0.360082 -0.928628 0.0893864
0.0425658 0.074986 -0.307838 -0.383637 0.506004 -0.772517
-0.24965 -0.100728 0.053354 -0.472027 -0.125886 0.87255
0.0685006 0.377376 0.0968272 0.600687 -0.498645 -0.624922
0.238979 0.450806 0.134076 0.701425 0.703784 0.112651
0.314848 0.290968 0.19968 -0.701425 -0.703785 -0.112651
0.410422 0.212828 0.0927645 -0.701425 -0.703784 -0.112653
-0.267671 -0.278382 0.117682 0.378366 -0.923975 0.0557525
-0.293438 -5.44614e-05 -0.143638 0.600687 -0.498645 -0.624922
-0.000708888 0.334774 -0.0490214 0.383638 -0.506004 0.772517
-0.0170599 -0.217789 0.0713381 -0.701425 -0.703785 -0.112651
-0.282176 -0.0167225 -0.119513 0.600687 -0.498645 -0.624922
0.270343 0.20766 0.270418 -0.383637 0.506004 -0.772517
0.282859 0.257897 -0.27841 0.69159 -0.633833 -0.346351
0.00832996 0.208553 0.173699 0.600687 -0.498645 -0.624922
0.515025 0.168564 0.178566 0.701425 0.703785 0.112651
0.133344 0.421518 -0.125938 -0.383637 0.506004 -0.772517
0.328875 0.352389 0.189192 0.701425 0.703785 0.112651
-0.414977 -0.0300636 0.0402342 -0.600687 0.498645 0.624922
0.218844 0.155852 -0.28421 -0.38363 0.505998 -0.772525
0.0938451 0.354186 -0.0832623 0.383638 -0.506004 0.772517
-0.0383743 -0.140836 -0.276709 -0.701424 -0.703785 -0.112651
-0.170534 -0.229929 0.158613 0.588685 -0.626385 -0.510972
0.203987 -0.111616 0.094242 -0.383637 0.506004 -0.772517
0.267257 0.145122 0.230987 -0.383637 0.506004 -0.772517
-0.224626 0.0254981 -0.156172 -0.701425 -0.703785 -0.112651
0.477341 0.157434 0.0221631 -0.701425 -0.703785 -0.112651
0.27231 -0.224225 0.0511574 0.594155 -0.66467 0.452983
-0.376154 0.0239894 0.0344207 -0.600687 0.498645 0.624922
0.393249 0.217922 0.167873 -0.701424 -0.703785 -0.11265
-0.365699 -0.14934 0.182775 -0.600687 0.498645 0.624922
0.304612 -0.0651509 0.141869 0.383638 -0.506004 0.772517
0.150303 0.555872 -0.0463577 -0.383637 0.506004 -0.772517
0.0672451 -0.180595 0.0816751 0.701425 0.703785 0.112651
0.150127 -0.0966834 -0.190993 -0.701425 -0.703785 -0.112651
-0.41916 -0.272813 0.0157252 -0.337277 -0.571955 -0.747738
-0.442855 -0.277472 0.085741 -0.568581 -0.815915 0.104874
0.0822996 -0.149332 -0.216865 0.600687 -0.498645 -0.624922
0.253475 -0.186238 -0.0228788 0.600687 -0.498645 -0.624922
-0.238455 0.124911 0.0764854 0.701425 0.703784 0.112651
0.454489 0.264463 -0.0436299 0.701425 0.703785 0.112651
0.0811998 0.0195906 -0.269685 -0.600687 0.498645 0.624922
-0.0152696 0.041132 0.358133 -0.204269 0.0470756 0.977782
0.370294 0.104986 0.220692 0.383638 -0.506004 0.772517
0.404563 0.304456 -0.269191 0.600687 -0.498645 -0.624922
-0.148407 0.215333 0.0176308 0.600687 -0.498645 -0.624922
0.0243539 0.0772982 0.319021 0.0496421 -0.205909 0.977311
-0.0790486 0.173479 -0.115767 0.383638 -0.506004 0.772517
-0.0505569 -0.0105347 -0.317609 -0.383637 0.506004 -0.772517
-0.044153 -0.0186635 -0.236364 0.701425 0.703785 0.112651
-0.0729411 0.136725 0.235919 -0.600687 0.498645 0.624922
-0.44427 -0.262818 0.132365 -0.316239 -0.866103 0.387116
-0.171879 0.0388859 0.199385 0.701425 0.703785 0.112651
-0.257043 0.102382 0.0863611 -0.600687 0.498645 0.624922
0.517166 0.107225 0.0794491 -0.600687 0.498645 0.624922
0.380318 -0.00115871 0.079025 -0.383638 0.506004 -0.772517
0.20094 0.10926 -0.226138 -0.600687 0.498645 0.624922
0.0663937 -0.167359 0.00428597 0.701425 0.703785 0.112651
0.345746 0.14793 0.193848 -0.383638 0.506004 -0.772517
-0.0797916 -0.0517087 -0.114576 0.606274 -0.672248 0.424871
0.329377 0.23012 -0.282146 0.600687 -0.498645 -0.624922
0.0994483 0.399869 -0.123286 -0.383637 0.506004 -0.772517
-0.154668 -0.22405 0.200189 0.120823 -0.883941 0.451718
-0.190925 0.108239 -0.115308 0.701425 0.703785 0.112651
0.0776848 0.435016 0.142688 -0.600687 0.498645 0.624922
0.108294 0.374878 0.220096 -0.600687 0.498645 0.624922
0.0454795 0.431415 -0.0758217 -0.383637 0.506004 -0.772517
0.161247 -0.0194756 0.17582 -0.383637 0.506004 -0.772517
0.0981206 -0.198751 0.00286046 0.701425 0.703785 0.112651
0.040508 -0.281667 0.131206 0.383638 -0.506004 0.772517
-0.093044 0.199499 -0.0917732 0.383638 -0.506004 0.772517
-0.180692 0.217101 -0.0915039 -0.701425 -0.703785 -0.112651
-0.0210031 -0.101291 0.135704 0.701425 0.703785 0.112651
-0.334048 -0.139253 0.205151 -0.600687 0.498645 0.624922
-0.0293885 -0.174686 0.23599 0.383637 -0.506004 0.772517
0.336713 0.197972 -0.249443 0.600687 -0.498645 -0.624922
0.395667 0.274555 0.0558736 -0.704231 0.708691 -0.0426131
-0.0868973 0.3899 0.0204882 -0.600687 0.498645 0.624922
-0.396251 0.0978852 -0.0440029 -0.627277 0.534511 0.566411
0.183876 0.238573 0.344908 0.0850152 -0.239538 0.967158
-0.00197081 0.210068 -0.197241 -0.383637 0.506004 -0.772517
-0.380546 -0.249784 -0.00809147 0.101431 -0.611118 -0.785014
0.0774022 0.578774 0.0231479 -0.709036 0.672906 0.210869
0.467685 0.169083 0.0546891 -0.709554 0.674576 0.203668
0.346106 0.0489813 -0.0385036 -0.600687 0.498645 0.624922
0.13832 0.0724246 -0.256937 -0.600687 0.498645 0.624922
0.241654 0.267384 0.364847 -0.709553 0.674572 0.203684
-0.0305301 0.296079 0.0665067 0.600687 -0.498645 -0.624922
-0.153172 0.0568758 -0.029483 0.701425 0.703785 0.112651
0.334752 0.332446 0.27719 0.701425 0.703785 0.112651
0.16977 0.0102508 -0.260123 0.600687 -0.498645 -0.624922
0.114166 0.0821285 0.332915 0.383637 -0.506004 0.772517
0.374167 0.286214 -0.139968 -0.701425 -0.703785 -0.112651
-0.451379 -0.117584 0.0729494 -0.721432 0.434858 0.53892
0.373174 0.254156 0.0666492 -0.679998 0.708145 -0.190087
-0.21612 0.00686342 -0.0927172 -0.701425 -0.703785 -0.112651
0.382165 0.129532 -0.151143 0.600687 -0.498645 -0.624922
0.0525547 -0.0248608 0.22627 -0.383637 0.506004 -0.772517
0.0190786 0.248546 -0.182491 -0.383637 0.506004 -0.772517
-0.212922 0.0784491 0.147868 -0.600687 0.498645 0.624922
-0.0945563 0.000732694 -0.0437039 0.701425 0.703785 0.112651
-0.470462 -0.105038 -0.0387257 -0.967696 -0.139718 -0.209867
0.180491 0.00935815 0.185149 -0.383637 0.506004 -0.772517
0.135666 -0.0119161 0.193475 -0.383637 0.506004 -0.772517
0.434937 -0.0527299 0.0450157 0.600687 -0.498646 -0.624922
0.0262674 0.464509 -5.45237e-06 -0.705315 0.66263 0.251898
0.0604775 0.424535 0.0514859 0.600687 -0.498645 -0.624922
-0.0388885 -0.198069 0.0840573 -0.701424 -0.703786 -0.112651
0.104776 0.234325 -0.1672 0.383638 -0.506004 0.772517
-0.159483 -0.107995 0.18554 -0.144929 0.895617 -0.420555
-0.108465 0.285386 0.000126466 0.600687 -0.498645 -0.624922
-0.00280682 -0.16147 -0.288985 0.600687 -0.498645 -0.624922
-0.122374 0.0175536 0.0244186 0.701425 0.703785 0.112651
0.157923 -0.0465895 0.226874 0.383637 -0.506004 0.772517
0.336697 0.0525425 0.203025 0.383638 -0.506004 0.772517
0.200687 0.511031 -0.00375233 0.701425 0.703785 0.112651
0.0136614 0.499566 0.00949956 0.712029 -0.684842 -0.154936
-0.210163 -0.0697905 -0.00794817 0.600687 -0.498645 -0.624922
0.326107 0.0921562 0.234232 0.383637 -0.506004 0.772517
-0.163738 0.308068 0.0119237 -0.600687 0.498645 0.624922
0.225025 0.469609 0.103489 0.701431 0.703779 0.11265
0.0746395 0.512116 0.0121518 -0.708833 0.705342 0.00695695
0.272813 0.0387664 -0.100804 -0.600687 0.498645 0.624922
0.13297 0.149127 -0.304171 -0.383637 0.506004 -0.772517
0.253617 0.276304 0.323686 -0.383637 0.506004 -0.772517
0.474542 0.0733501 -0.0175188 0.600687 -0.498646 -0.624922
-0.0654845 0.329572 0.00618247 0.600687 -0.498645 -0.624922
0.177781 0.337023 0.234069 0.600687 -0.498645 -0.624922
0.225852 0.424678 -0.169809 -0.383637 0.506004 -0.772517
0.010953 -0.254725 0.16353 0.383638 -0.506004 0.772517
-0.0977373 0.021825 -0.155671 0.701425 0.703785 0.112651
0.357693 -0.058367 0.119952 0.383638 -0.506004 0.772517
0.425838 0.0689848 0.0221754 -0.600687 0.498645 0.624922
0.26769 0.201024 -0.235198 -0.600687 0.498645 0.624922
-0.412468 -0.113386 0.041476 0.485904 -0.857084 -0.171188
0.0151051 0.189017 -0.21951 -0.383637 0.506004 -0.772517
0.236992 -0.173175 0.104693 0.383637 -0.506004 0.772517
-0.122439 0.201468 0.0536553 0.600687 -0.498645 -0.624922
0.432711 0.171798 0.233458 0.383638 -0.506004 0.772517
0.0288127 -0.189494 -0.139951 -0.590937 0.485876 0.643986
0.383685 0.231941 0.13983 -0.701425 -0.703785 -0.112651
0.256312 0.45701 -0.012604 0.701422 0.703787 0.112657
0.0947962 0.458312 0.0575218 0.600687 -0.498645 -0.624922
0.00532686 0.120128 0.24137 0.600687 -0.498645 -0.624922
-0.138781 0.0619099 -0.150539 0.701425 0.703785 0.112651
0.336982 0.0145721 -0.102843 0.600687 -0.498645 -0.624922
0.175413 -0.173802 0.133358 -0.701425 -0.703785 -0.112651
-0.0149933 0.138882 0.206873 0.600687 -0.498645 -0.624922
0.166993 0.246928 0.378615 -0.600687 0.498645 0.624922
-0.156166 -0.0627637 0.315101 -0.600687 0.498646 0.624922
0.244251 -0.204202 0.0481842 0.701427 0.703782 0.112654
-0.202166 -0.0355061 -0.0276177 0.600687 -0.498645 -0.624922
0.387659 -0.0849814 0.0876383 0.383638 -0.506004 0.772517
0.358584 0.25624 -0.274914 0.600687 -0.498645 -0.624922
-0.28121 -0.168879 0.078764 -0.427778 0.902937 0.0413584
-0.425797 -0.1711 0.068781 0.472028 0.125882 -0.87255
0.207045 0.462869 0.244807 -0.600687 0.498645 0.624922
0.239388 0.0238625 0.165401 -0.383637 0.506004 -0.772517
0.173098 -0.0834387 -0.0991403 -0.600687 0.498645 0.624922
-0.0896825 0.0735078 0.238921 -0.701425 -0.703785 -0.112651
0.432325 0.251505 0.175332 0.701425 0.703785 0.112651
0.212068 -0.153157 -0.00605116 -0.600687 0.498645 0.624922
0.313271 0.332618 -0.0507085 -0.701425 -0.703785 -0.112651
-0.0505442 -0.0920961 0.262199 0.701425 0.703785 0.112651
-0.227591 0.127293 -0.00604134 0.701425 0.703785 0.112651
-0.0910465 -0.0959649 -0.229073 -0.701425 -0.703785 -0.112651
-0.297007 -0.119236 0.0251713 -0.452348 -0.173157 0.874871
0.24791 0.0415951 -0.126998 -0.600687 0.498645 0.624922
0.478264 -0.0177613 0.0839656 0.594155 -0.66467 0.452983
-0.240156 -0.0373431 0.214084 -0.600687 0.498645 0.624922
0.455612 0.0829358 0.0396623 -0.600687 0.498645 0.624922
0.30998 0.356791 -0.181238 -0.701425 -0.703785 -0.112651
-0.022474 0.0801707 -0.221181 -0.701425 -0.703785 -0.112651
-0.380857 -0.0986333 0.0570983 0.467676 -0.874553 -0.128204
-0.0814625 -0.146129 0.024651 -0.701425 -0.703785 -0.112651
-0.0819516 0.173988 0.197525 -0.600687 0.498645 0.624922
0.0587066 0.171384 -0.185549 0.383638 -0.506004 0.772517
-0.10353 -0.0507995 0.334118 0.701426 0.703783 0.112652
0.0450096 0.314015 -0.0853231 0.383638 -0.506004 0.772517
-0.305819 -0.120553 0.217363 -0.600687 0.498645 0.624922
-0.0536999 0.417367 -0.0357697 -0.383637 0.506004 -0.772517
0.443586 0.112399 0.18915 0.383638 -0.506004 0.772517
-0.140439 0.347843 0.00258172 -0.600687 0.498645 0.624922
0.171717 0.465927 0.0244451 0.495057 -0.594778 0.63337
0.227243 -0.0290764 -0.173498 0.600687 -0.498645 -0.624922
0.459453 0.156686 0.138214 -0.701425 -0.703785 -0.112651
0.332347 0.00246962 -0.0146155 -0.600687 0.498645 0.624922
-0.121552 0.00522115 0.0963467 0.701425 0.703785 0.112651
-0.0467832 0.269529 0.155095 -0.600687 0.498645 0.624922
-0.158727 -0.0649997 -0.00111152 -0.701425 -0.703785 -0.112651
-0.0835061 0.0664443 0.281844 -0.600687 0.498645 0.624922
0.285637 0.371759 -0.123177 -0.701425 -0.703785 -0.112651
-0.320288 -0.0779654 0.169474 -0.600687 0.498645 0.624922
-0.337014 -0.24123 0.173738 -0.0184727 -0.790105 0.612694
0.291846 0.354982 0.403557 0.701426 0.703783 0.112651
-0.430885 -0.143254 -0.0759841 -0.510617 -0.51915 -0.685386
0.341171 0.157294 -0.212699 0.600687 -0.498645 -0.624922
0.3283 0.287773 0.135885 -0.701426 -0.703784 -0.112652
-0.16889 0.0365045 -0.228033 -0.383637 0.506004 -0.772517
0.100854 -0.272717 0.1071 0.383638 -0.506004 0.772517
0.0496037 0.246705 -0.198856 -0.383637 0.506004 -0.772517
0.107869 0.165159 0.304003 0.600687 -0.498645 -0.624922
0.0625158 0.178347 -0.250043 -0.383637 0.506004 -0.772517
-0.12213 -0.0856584 -0.0504423 0.705315 -0.662631 -0.251895
-0.413612 -0.137209 0.0719031 0.596731 -0.375311 -0.709263
-0.0241544 0.222028 -0.178391 -0.383637 0.506004 -0.772517
-0.0160145 0.28549 0.171934 -0.600687 0.498645 0.624922
-0.198762 -0.0156863 -0.0599159 -0.701425 -0.703785 -0.112651
-0.335172 -0.104062 0.17599 -0.600687 0.498645 0.624922
0.16194 0.0938428 -0.251324 -0.600687 0.498645 0.624922
-0.169946 -0.043626 -0.0647908 -0.701425 -0.703785 -0.112651
0.092941 0.294104 0.186765 0.600687 -0.498645 -0.624922
0.308176 0.135788 -0.144228 -0.600687 0.498645 0.624922
-0.137787 -0.0946077 0.205845 -0.0861468 0.864674 -0.494892
-0.297284 -0.116139 0.146195 0.452888 0.171881 -0.874842
-0.164213 0.181337 0.029564 0.600687 -0.498645 -0.624922
-0.472106 -0.236124 0.126447 -0.937238 0.22705 0.264637
0.212428 -0.00283999 0.228463 0.383637 -0.506004 0.772517
-0.203317 -0.0477959 0.201104 0.586669 -0.288253 -0.756789
0.196147 0.396665 -0.173405 -0.383637 0.506004 -0.772517
0.303281 0.383924 0.121207 0.524945 -0.403205 -0.749572
0.398499 0.353298 -0.296243 0.0322306 0.126571 -0.991434
0.23197 0.357607 0.269732 0.600687 -0.498645 -0.624922
-0.0310755 0.332553 -0.0353962 0.383638 -0.506004 0.772517
0.135647 0.0456348 -0.23813 -0.600687 0.498645 0.624922
0.180624 -0.277459 -0.020117 0.600687 -0.498645 -0.624922
0.161029 0.466717 0.0594491 -0.701425 -0.703785 -0.112651
-0.354519 -0.200044 0.226321 -0.0184727 -0.790105 0.612694
-0.309243 -0.00828377 0.124489 -0.600687 0.498645 0.624922
-0.0670943 -0.00964924 -0.149835 0.701425 0.703785 0.112651
-0.444519 -0.0136337 -0.11809 -0.58957 0.251658 -0.767513
0.00995573 0.227572 0.243112 -0.600687 0.498645 0.624922
0.0985575 0.583915 0.04394 -0.600687 0.498645 0.624922
0.402586 0.334254 -0.156469 0.701421 0.703789 0.112651
0.0736469 -0.296806 0.000207622 -0.701425 -0.703785 -0.112652
-0.135921 0.179885 0.140944 -0.600687 0.498645 0.624922
0.012502 0.37186 -0.0984534 -0.383637 0.506004 -0.772517
-0.0722376 0.418071 0.0121009 -0.600687 0.498645 0.624922
0.0824856 0.344561 0.136454 0.600687 -0.498645 -0.624922
0.0624571 -0.0739531 0.212878 -0.701425 -0.703785 -0.112651
0.00218501 -0.0613075 -0.258472 0.701425 0.703785 0.112651
-0.18275 -0.00307002 -0.238439 -0.701425 -0.703785 -0.112651
0.385815 0.294412 0.19686 0.701425 0.703785 0.112651
0.071154 0.251158 -0.139478 0.383638 -0.506004 0.772517
-0.154745 0.0282547 0.159117 0.701426 0.703784 0.11265
0.159364 -0.280415 0.0164145 0.586835 -0.659957 0.469129
0.385586 0.0600971 0.116532 -0.383638 0.506004 -0.772517
0.147898 0.428565 0.215326 -0.600687 0.498645 0.624922
0.0534523 0.450974 0.023636 0.600687 -0.498645 -0.624922
0.402725 0.00991905 0.0470893 -0.600687 0.498645 0.624922
-0.0266795 -0.144797 -0.32478 -0.701425 -0.703785 -0.112651
-0.21913 -0.0355289 0.177068 0.585119 -0.645306 -0.491137
0.136818 0.316263 0.21126 0.600687 -0.498645 -0.624922
-0.193757 -0.116653 0.321968 -0.600687 0.498645 0.624922
0.291081 0.126313 0.273999 0.383637 -0.506004 0.772517
0.289247 0.398251 0.149415 0.701425 0.703784 0.112651
0.0800399 0.258445 -0.206281 -0.383637 0.506004 -0.772517
0.142308 0.277653 -0.224622 -0.383637 0.506004 -0.772517
-0.265084 0.176564 -0.0804116 0.701425 0.703784 0.112651
-0.269364 0.172072 -0.0256953 0.701425 0.703784 0.112651
0.360606 0.341166 -0.151582 0.353212 -0.480514 0.802713
0.113768 -0.0103495 -0.297515 0.600687 -0.498645 -0.624922
0.214569 0.462294 0.214297 0.701425 0.703785 0.112651
0.273397 -0.112688 0.0206087 -0.600687 0.498645 0.624922
-0.0559141 0.253035 -0.142309 -0.383637 0.506004 -0.772517
-0.00538536 0.052113 0.285344 0.600687 -0.498645 -0.624922
0.262013 0.463461 -0.0884094 0.701425 0.703785 0.112651
0.0689904 0.510634 0.073993 -0.600687 0.498645 0.624922
0.00999209 0.041329 0.319933 -0.570338 0.459437 0.680905
-0.290269 0.0772063 0.0745114 -0.600687 0.498645 0.624922
0.304669 0.141365 -0.235075 0.600687 -0.498645 -0.624922
-0.109944 0.0201724 -0.0693388 0.701425 0.703785 0.112651
0.416831 0.0181046 -0.0289093 0.600687 -0.498645 -0.624922
0.131791 -0.0341346 -0.178187 -0.600687 0.498645 0.624922
0.0891847 0.0290203 0.243372 -0.383637 0.506004 -0.772517
-0.31598 -0.147818 -0.0474009 0.600687 -0.498645 -0.624922
-0.193637 -0.00563285 -0.154639 -0.701425 -0.703785 -0.112651
0.275615 -0.188782 0.000432574 0.600687 -0.498645 -0.624922
0.412688 0.33423 -0.219222 0.701425 0.703785 0.112651
-0.159733 -0.157489 0.287072 -0.0184725 -0.790105 0.612694
0.471104 0.269103 -0.176067 0.701425 0.703785 0.112651
-0.0202574 0.218304 0.221466 -0.600687 0.498645 0.624922
0.0771377 0.465325 -0.0693319 -0.383637 0.506004 -0.772517
0.00991559 0.161097 0.21309 0.600687 -0.498645 -0.624922
0.239109 -0.139772 -0.0737647 0.600687 -0.498645 -0.624922
0.210067 0.513783 -0.079349 0.701425 0.703785 0.112651
-0.042744 -0.205054 0.151701 -0.701425 -0.703785 -0.112651
-0.156364 0.19586 -0.110281 -0.701425 -0.703785 -0.112651
-0.131186 0.126857 0.187808 -0.600687 0.498645 0.624922
0.427094 0.287698 -0.0182151 0.701425 0.703785 0.112651
0.185731 -0.0614335 0.203341 0.383637 -0.506004 0.772517
-0.196103 0.119951 -0.156235 0.701425 0.703784 0.112652
0.437448 0.167344 -0.045149 -0.600687 0.498645 0.624922
0.350368 -0.0365874 0.0338717 -0.600687 0.498645 0.624922
-0.129582 -0.00544041 0.212953 0.701425 0.703785 0.112651
0.108944 0.122963 -0.309377 -0.383637 0.506004 -0.772517
0.485287 0.198156 0.178855 0.701425 0.703785 0.112651
-0.283644 -0.013056 0.152903 -0.600687 0.498645 0.624922
0.0269029 0.173477 0.302566 -0.600687 0.498645 0.624922
0.363451 0.25345 0.131442 -0.701425 -0.703785 -0.112651
0.127734 0.478815 0.0728227 0.600687 -0.498645 -0.624922
0.288051 0.300536 -0.282011 -0.383637 0.506004 -0.772517
0.363508 0.224251 -0.244655 0.600687 -0.498645 -0.624922
0.31643 0.263726 0.284253 -0.383637 0.506004 -0.772517
-0.392271 -0.216551 0.0310096 -0.277734 0.933043 -0.22868
0.486128 0.10999 -0.035618 0.600687 -0.498645 -0.624922
0.0738678 0.231077 0.218723 0.600687 -0.498645 -0.624922
-0.299153 -0.28991 0.109597 0.191988 -0.914337 0.35655
0.304695 0.0602835 0.223989 0.383637 -0.506004 0.772517
-0.407263 -0.0623909 0.0734442 -0.600687 0.498645 0.624922
-0.448038 -0.251827 0.0217689 -0.67407 -0.442748 -0.591273
0.375696 0.0999233 -0.133735 0.600687 -0.498645 -0.624922
0.343951 0.394885 -0.170169 0.701425 0.703785 0.112651
-0.0645854 -0.128974 -0.187612 -0.701425 -0.703784 -0.112651
0.26257 0.151666 -0.200735 -0.600687 0.498645 0.624922
0.510394 0.171292 -0.0612088 0.600687 -0.498645 -0.624922
0.2001 0.444776 0.0208296 -0.474336 0.342967 0.810789
0.318053 0.387102 -0.0158304 0.32192 -0.453839 0.830902
0.119564 -0.315317 0.0699045 0.383638 -0.506004 0.772517
-0.411933 -0.189675 0.170519 -0.600687 0.498645 0.624922
0.368755 0.145005 0.247669 0.383638 -0.506004 0.772517
0.0395846 0.137798 -0.265215 -0.383637 0.506004 -0.772517
0.346899 0.285244 -0.291603 -0.474332 0.342962 0.810794
0.0204426 0.130153 0.330926 -0.600687 0.498645 0.624922
0.0786721 0.102096 0.296458 -0.383637 0.506004 -0.772517
0.144968 0.0192087 0.209243 -0.383637 0.506004 -0.772517
0.30652 0.295445 0.377115 0.383637 -0.506004 0.772517
0.272596 0.328779 0.404423 -0.204268 0.0470741 0.977783
0.0891256 0.298644 -0.117299 0.383638 -0.506004 0.772517
-0.193496 -0.143857 0.303633 -0.0184725 -0.790105 0.612694
-0.0871618 0.246485 -0.0639182 0.383638 -0.506004 0.772517
0.247821 0.150874 -0.297307 0.600687 -0.498645 -0.624922
0.0727433 0.170952 0.265618 0.600687 -0.498645 -0.624922
-0.469788 -0.0171695 -0.0565767 -0.979759 0.136416 0.146504
0.174787 0.037259 0.206257 -0.383637 0.506004 -0.772517
0.3929 0.174795 0.255191 0.383638 -0.506004 0.772517
0.0531201 0.341459 -0.0713743 0.383638 -0.506004 0.772517
0.0725122 0.149689 -0.273779 -0.383637 0.506004 -0.772517
-0.0774049 0.284194 0.0309329 0.600687 -0.498645 -0.624922
0.0873391 -0.306055 -0.0272649 -0.701425 -0.703785 -0.112651
0.502172 0.0355993 0.0391623 0.600687 -0.498646 -0.624922
0.275615 0.310705 -0.202012 0.383637 -0.506004 0.772517
0.412845 0.202724 0.140798 -0.701434 -0.703774 -0.112661
0.0994971 0.252501 0.226264 0.600687 -0.498645 -0.624922
-0.0581921 0.00279253 -0.282995 0.701425 0.703785 0.112651
0.14391 0.312308 -0.202718 -0.383637 0.506004 -0.772517
-0.253673 -0.227095 0.194479 -0.0184725 -0.790105 0.612694
0.199967 0.500202 0.0683867 0.701425 0.703785 0.112651
-0.25481 -0.0691946 0.225414 -0.600687 0.498645 0.624922
0.157329 0.316588 -0.139416 0.383637 -0.506004 0.772517
-0.163831 -0.0965977 0.332088 -0.422375 0.283132 0.861067
0.488321 0.152971 0.193509 0.383638 -0.506004 0.772517
0.0112815 0.393749 -0.0163472 0.383638 -0.506004 0.772517
-0.0406623 -0.0854146 0.158927 0.701425 0.703785 0.112651
0.382236 0.0632054 -0.0151243 -0.600687 0.498645 0.624922
-0.334874 -0.104068 -0.100448 0.589086 -0.50374 -0.631841
0.260308 0.0600631 0.245887 0.383637 -0.506004 0.772517
-0.0779382 -0.0276235 0.0299784 0.701425 0.703785 0.112651
0.0307624 -0.103321 -0.303117 0.600687 -0.498645 -0.624922
0.0704333 0.0616807 -0.263229 0.383637 -0.506004 0.772517
0.523453 0.110691 -0.000300328 0.600687 -0.498646 -0.624922
0.102066 0.48875 0.000795346 0.383638 -0.506004 0.772517
-0.254221 -0.0620516 0.0737436 -0.0707686 -0.743626 0.66484
0.0308198 -0.157337 0.163175 0.701425 0.703785 0.112651
-0.0867254 -0.193727 0.241354 0.120823 -0.883941 0.451718
0.00709776 0.166354 -0.163215 0.383638 -0.506004 0.772517
0.354118 0.0464783 -0.111831 0.600687 -0.498645 -0.624922
0.263444 0.0232749 -0.180473 0.600687 -0.498645 -0.624922
0.119752 0.515484 0.011797 -0.701425 -0.703785 -0.112651
-0.319909 0.148821 -0.0111219 -0.600687 0.498645 0.624922
-0.123744 0.0382405 -0.0962917 0.701425 0.703784 0.112652
-0.298012 -0.141605 0.241665 -0.600687 0.498646 0.624922
0.459557 0.197688 0.0875881 0.092224 0.0671053 -0.993475
0.261123 0.0820192 -0.229579 0.600687 -0.498645 -0.624922
0.311057 0.199407 -0.275249 0.600687 -0.498645 -0.624922
0.295434 -0.0943855 -0.0558391 0.600687 -0.498645 -0.624922
-0.00148675 -0.143606 0.242492 0.383637 -0.506004 0.772517
0.233863 0.431568 0.286118 0.701425 0.703785 0.11265
0.149273 -0.0524089 -0.1468 -0.600687 0.498645 0.624922
-0.119146 -0.0765284 -0.175542 -0.701425 -0.703785 -0.112651
0.336824 0.0819088 -0.0736994 -0.600687 0.498645 0.624922
0.253293 -0.195143 0.0822086 0.383637 -0.506004 0.772517
0.257365 0.0537839 -0.210661 0.600687 -0.498645 -0.624922
-0.0539786 -0.0143564 -0.202093 0.701425 0.703785 0.112651
0.0630523 -0.2219 -0.177461 0.600687 -0.498645 -0.624922
0.233768 0.127547 -0.209175 -0.600687 0.498645 0.624922
-0.399486 -0.119175 0.126229 -0.600687 0.498645 0.624922
0.114722 -0.231652 -0.120014 0.600687 -0.498645 -0.624922
0.273784 0.258862 0.302246 -0.383637 0.506004 -0.772517
-0.168322 0.0229892 0.234991 -0.600687 0.498645 0.624922
0.0544978 0.0619716 0.282181 -0.383637 0.506004 -0.772517
0.228558 0.0682703 0.26703 0.383637 -0.506004 0.772517
0.131648 0.576826 0.0150726 0.701423 0.703785 0.112658
0.190763 0.403431 0.276584 -0.600687 0.498645 0.624922
-0.252521 -0.108322 0.169707 0.365633 0.350426 -0.862273
-0.276985 0.174776 0.00486173 0.701425 0.703784 0.112651
-0.0229704 -0.119782 -0.341631 0.600687 -0.498645 -0.624922
0.134623 0.118621 0.279496 -0.383637 0.506004 -0.772517
-0.147622 -0.0118885 0.141316 -0.0334564 -0.777441 0.628066
-0.185184 -0.23065 0.191958 -0.0184725 -0.790105 0.612694
-0.135187 -0.042129 -0.290569 -0.701425 -0.703785 -0.112651
-0.0308484 0.128602 -0.169098 0.383638 -0.506004 0.772517
-0.101707 -0.0926192 -0.010667 0.610066 -0.511106 -0.605467
0.11021 0.12955 0.298778 -0.383637 0.506004 -0.772517
-0.449565 0.016517 -0.0328871 -0.743208 0.420764 0.520192
0.0445668 -0.10865 -0.226594 0.701425 0.703785 0.112651
0.132868 0.233516 0.273489 0.600687 -0.498645 -0.624922
0.459208 0.149945 -0.0103497 -0.600687 0.498645 0.624922
-0.379337 -0.010443 0.0588365 -0.600687 0.498645 0.624922
0.058433 0.244779 0.275979 -0.600687 0.498645 0.624922
-0.0195318 0.178687 -0.141912 0.383638 -0.506004 0.772517
0.17364 -0.141603 -0.0567655 -0.701425 -0.703785 -0.112651
-0.0257745 0.00134949 0.291803 -0.701425 -0.703785 -0.112651
0.194612 0.426474 -0.153119 -0.383637 0.506004 -0.772517
-0.297216 -0.0779098 -0.085147 0.600687 -0.498645 -0.624922
0.432102 0.206898 -0.164876 0.600687 -0.498645 -0.624922
0.0419487 0.205475 -0.222061 -0.383637 0.506004 -0.772517
0.21396 0.425809 -0.0145505 -0.701424 -0.703785 -0.112653
0.358041 0.309152 -0.182867 -0.701431 -0.703779 -0.112651
0.199706 -0.0576326 -0.177181 0.600687 -0.498645 -0.624922
-0.106002 0.103441 0.230699 -0.600687 0.498645 0.624922
-0.321399 0.0660268 0.0535091 -0.600687 0.498645 0.624922
0.483818 0.225029 0.0201141 0.701426 0.703783 0.112654
0.222664 0.191532 -0.282215 0.548318 -0.431851 -0.716137
-0.241689 -0.086079 0.251498 -0.600687 0.498645 0.624922
0.0668536 0.532076 -0.0205027 -0.383637 0.506004 -0.772517
-0.00137647 0.107207 -0.197748 0.383638 -0.506004 0.772517
0.181635 -0.29541 0.0521191 0.383638 -0.506004 0.772517
0.18306 0.414613 -0.0879874 0.383637 -0.506004 0.772517
-0.07897 -0.0713047 0.309299 0.701425 0.703785 0.112651
0.47726 0.105839 0.16813 0.383638 -0.506004 0.772517
0.108531 0.446242 0.163381 -0.600687 0.498645 0.624922
-0.290367 0.162945 -0.0613808 -0.29646 0.144353 0.944073
-0.0911385 -0.0884872 -0.275217 -0.701425 -0.703785 -0.112651
0.0971019 -0.190364 -0.0431943 0.701424 0.703785 0.112653
-0.100217 0.205087 -0.151714 -0.383637 0.506004 -0.772517
0.168797 -0.161922 0.100336 -0.70142 -0.703791 -0.112641
0.0545057 -0.00540248 -0.319408 -0.701424 -0.703785 -0.112652
-0.11924 0.115291 0.161926 -0.701425 -0.703785 -0.112651
0.00721179 -0.213404 0.192453 0.383637 -0.506004 0.772517
-0.136741 -0.102262 0.153406 -0.518704 0.815789 0.255801
0.135834 0.55998 0.0942452 0.701425 0.703785 0.112651
0.287829 -0.0785166 0.00721448 -0.600687 0.498645 0.624922
0.297415 0.224848 -0.225636 -0.600687 0.498645 0.624922
0.326797 0.282074 -0.261942 0.16214 -0.00365085 -0.986761
0.0621277 -0.130876 -0.197079 0.701425 0.703785 0.112651
0.20505 0.0816894 -0.200188 -0.600687 0.498645 0.624922
0.105874 0.495536 0.121493 -0.600687 0.498645 0.624922
0.22606 0.195861 -0.252625 0.383637 -0.506004 0.772517
-0.0207047 0.418125 0.0615921 -0.600687 0.498645 0.624922
-0.0931705 0.155104 0.118784 0.600687 -0.498645 -0.624922
-0.0449766 -0.072298 0.103845 0.701425 0.703785 0.112651
0.192232 -0.163997 -0.032624 -0.701425 -0.703785 -0.112651
0.359623 0.312839 -0.302657 0.0671315 0.0921151 -0.993483
0.144634 -0.250262 0.0350562 0.701425 0.703785 0.112651
0.110888 0.264362 -0.150562 0.383638 -0.506004 0.772517
0.158398 -0.11371 -0.136121 -0.701425 -0.703785 -0.112651
0.164934 0.272991 0.272812 0.600687 -0.498645 -0.624922
0.0288557 -0.267291 0.0947065 -0.701425 -0.703785 -0.112651
-0.140827 -0.0483345 0.119978 -0.432645 -0.217439 0.874951
-0.183221 0.0743991 0.0481375 0.701425 0.703785 0.112651
-0.105606 0.259341 0.0236564 0.600687 -0.498645 -0.624922
0.250945 0.246907 -0.298711 -0.383637 0.506004 -0.772517
-0.112218 0.352733 0.0258057 -0.600687 0.498645 0.624922
-0.426204 -0.118573 0.100067 -0.600687 0.498645 0.624922
0.278208 0.0340333 0.152785 -0.383638 0.506004 -0.772517
0.186731 -0.135184 0.0873745 -0.383637 0.506004 -0.772517
-0.0483591 -0.0572329 0.00982309 0.524944 -0.403203 -0.749574
-0.293882 -0.215724 0.207929 -0.0184727 -0.790105 0.612694
0.110939 -0.191374 -0.155789 0.600687 -0.498645 -0.624922
0.314493 0.159693 0.284236 0.383637 -0.506004 0.772517
0.464396 0.00963556 0.111505 0.383638 -0.506004 0.772517
-0.26949 -0.135832 0.264476 -0.600687 0.498645 0.624922
0.101596 0.20064 -0.254849 -0.383637 0.506004 -0.772517
0.205626 -0.0353585 -0.106238 -0.600687 0.498645 0.624922
0.313084 0.31935 0.13765 0.0922334 0.0670961 -0.993474
0.0302222 -0.247402 -0.0380585 -0.701423 -0.703786 -0.112658
0.163074 -0.0542864 0.152111 -0.383637 0.506004 -0.772517
-0.16652 -0.0384817 0.218658 -0.799271 -0.356491 -0.483818
-0.0775007 0.00473828 -0.174926 0.701425 0.703785 0.112651
0.156117 0.350581 -0.116549 0.383637 -0.506004 0.772517
0.27279 0.143817 0.294548 0.383637 -0.506004 0.772517
-0.230786 0.123015 0.0405822 0.701425 0.703784 0.112651
0.155941 0.0400635 -0.297204 0.600687 -0.498645 -0.624922
0.0912175 0.232941 0.316939 -0.600687 0.498645 0.624922
0.191721 0.132563 0.260273 -0.383637 0.506004 -0.772517
0.1911 0.180781 -0.245142 0.383637 -0.506004 0.772517
-0.249627 0.00937535 0.167702 -0.600687 0.498645 0.624922
0.248647 -0.0508888 -0.0524933 -0.600687 0.498645 0.624922
0.312675 -0.013806 -0.103563 0.600687 -0.498645 -0.624922
0.129938 -0.311478 -0.041692 0.600687 -0.498645 -0.624922
-0.111985 0.000758611 -0.279706 -0.383637 0.506004 -0.772517
-0.284142 -0.0832005 0.208395 -0.600687 0.498645 0.624922
-0.245514 -0.0679641 -0.0433855 0.600687 -0.498645 -0.624922
-0.157098 0.158442 0.128064 -0.701424 -0.703786 -0.112652
0.403221 0.314088 -0.034438 0.701427 0.703783 0.11265
0.337578 0.0362121 0.124728 -0.383638 0.506004 -0.772517
-0.415842 -0.027361 -0.144129 -0.531747 0.334509 -0.778042
0.115753 -0.211597 -0.0266731 0.701425 0.703785 0.112651
0.242508 0.376626 0.114966 -0.701417 -0.703791 -0.112661
0.375071 0.124904 0.164203 -0.383638 0.506004 -0.772517
0.267471 0.452549 -0.0542164 0.701425 0.703785 0.112651
-0.307997 -0.252515 0.0438135 0.600687 -0.498645 -0.624922
0.00928732 0.196712 -0.144417 0.383638 -0.506004 0.772517
0.259425 0.356708 0.134062 -0.701424 -0.703785 -0.112652
0.388586 0.033733 0.0144959 -0.600687 0.498645 0.624922
-0.00629902 -0.037831 -0.352314 0.701425 0.703784 0.112651
