ply
format ascii 1.0
comment Created by Open3D
element vertex 128
property double x
property double y
property double z
property double nx
property double ny
property double nz
end_header
-0.445727 -0.261627 -0.289702 -0.601122 -0.542297 -0.586997
0.0351105 -0.231183 -0.253494 -0.742485 0.274166 0.611187
0.239602 -0.161152 -0.338195 0.0547437 -0.568356 -0.82096
-0.00313743 0.217767 0.314768 -0.0547437 0.568356 0.82096
0.117317 0.0297422 0.265519 0.17083 -0.804739 0.568518
-0.0301279 0.203349 0.32295 -0.0547437 0.568356 0.82096
-0.0144614 -0.230223 -0.0835588 -0.17083 0.804739 -0.568518
-0.300822 0.130854 0.340758 0.0547437 -0.568356 -0.82096
0.47395 0.0307598 -0.314908 -0.983779 -0.171367 0.0530377
-0.321082 0.0883691 0.368819 0.0547437 -0.568356 -0.82096
-0.487842 0.00143104 0.161252 0.983779 0.171367 -0.0530378
0.0171455 -0.300902 -0.172409 0.17083 -0.804739 0.568518
0.118041 -0.00220849 0.199382 -0.17083 0.804739 -0.568518
0.492103 0.0110133 -0.235747 0.170829 -0.804739 0.568518
0.209771 -0.100595 -0.382108 0.0547436 -0.568356 -0.82096
-0.483336 -0.105758 -0.10151 0.983779 0.171367 -0.0530377
-0.345641 -0.191984 -0.355875 0.0547437 -0.568356 -0.82096
-0.059733 -0.13276 0.0680027 -0.17083 0.804739 -0.568518
0.244976 -0.106128 -0.37593 0.0547437 -0.568356 -0.82096
0.398508 -0.0720021 0.0163127 -0.17083 0.804739 -0.568518
0.0235506 -0.0513832 -0.0608901 -0.103707 0.559109 0.822583
0.241878 0.123617 0.360972 0.17083 -0.804739 0.568517
0.310846 -0.174533 -0.32418 0.0547437 -0.568356 -0.82096
-0.493491 -0.000362674 0.272478 -0.983779 -0.171367 0.0530377
0.328899 -0.0954678 0.024707 0.17083 -0.804739 0.568518
0.196652 -0.257577 -0.185714 -0.17083 0.804739 -0.568518
-0.433242 -0.143548 0.185659 0.17083 -0.804739 0.568518
-0.519712 0.0826957 0.0544811 -0.983779 -0.171367 0.0530377
-0.329254 -0.0134836 0.33852 0.17083 -0.804739 0.568518
-0.41351 -0.0784483 0.271879 0.17083 -0.804739 0.568518
-0.513059 0.00333643 -0.0785163 -0.983779 -0.171367 0.0530377
0.294191 0.0198447 0.177668 -0.17083 0.804739 -0.568518
-0.479886 -0.14204 0.0670674 -0.983779 -0.171367 0.0530377
0.487128 -0.140019 -0.106594 -0.17083 0.804739 -0.568518
0.00801204 -0.193984 -0.0390158 -0.17083 0.804739 -0.568518
0.461285 0.321302 0.167414 0.982139 0.185263 -0.0328758
-0.477486 -0.24283 -0.214062 -0.983779 -0.171367 0.0530377
0.460441 0.323973 0.160088 0.983779 0.171367 -0.0530377
-0.10432 -0.237827 -0.0673217 -0.17083 0.804739 -0.568518
0.0527503 -0.141045 -0.000648065 0.550363 0.556529 0.622395
0.0520916 -0.0988282 -0.393846 0.0547438 -0.568356 -0.820959
-0.490637 -0.0107911 0.291736 -0.983779 -0.171367 0.0530377
-0.231893 -0.212093 -0.334369 0.0547437 -0.568356 -0.82096
0.499926 -0.192601 -0.248907 -0.809236 0.214576 0.546895
-0.00891216 0.149249 0.347488 0.0547437 -0.568356 -0.82096
-0.514399 0.108483 0.236354 -0.983779 -0.171367 0.0530377
0.493415 0.0464557 0.0968541 -0.983779 -0.171367 0.0530377
-0.310762 0.0391996 0.407537 0.17083 -0.804739 0.568517
-0.206676 0.263645 0.255104 0.0547437 -0.568356 -0.82096
-0.00797129 0.0585055 0.343881 0.17083 -0.804739 0.568517
0.153627 -0.115226 0.0494059 0.17083 -0.804739 0.568518
-0.51034 0.105207 0.0792368 0.983779 0.171367 -0.0530377
-0.381102 -0.276905 -0.0187753 0.17083 -0.804739 0.568518
-0.453922 -0.351959 -0.129591 -0.983779 -0.171367 0.0530377
0.430918 -0.175524 -0.139961 -0.17083 0.804739 -0.568518
0.0513172 0.0423277 0.282472 -0.17083 0.804739 -0.568518
-0.301886 -0.00669893 0.319206 -0.17083 0.804739 -0.568518
0.474456 0.123104 -0.00716121 -0.983779 -0.171367 0.0530378
0.476087 0.196226 0.0375381 0.983779 0.171367 -0.0530378
0.460981 -0.0462899 0.0339364 -0.17083 0.804739 -0.568518
0.166581 -0.100733 0.0660272 0.17083 -0.804739 0.568518
-0.104907 -0.349431 -0.230821 0.0547437 -0.568356 -0.82096
0.464428 -0.18362 -0.161491 -0.17083 0.804739 -0.568518
0.446773 -0.0769846 0.0154511 0.17083 -0.804739 0.568518
-0.0519447 0.0726894 0.377171 0.17083 -0.804739 0.568517
0.509976 -0.175804 -0.261634 0.860436 -0.15929 -0.484022
-0.134264 0.144689 0.356617 -0.0547437 0.568356 0.82096
0.407179 -0.268688 -0.252572 0.0547437 -0.568356 -0.82096
-0.492214 -0.00857608 0.269633 -0.983779 -0.171367 0.0530377
0.379231 0.0614104 0.231645 0.17083 -0.804739 0.568518
0.495484 0.0935718 0.160366 -0.138669 0.91404 0.381186
0.393593 0.248266 0.320078 -0.0305819 0.572391 0.819411
0.0170823 0.32698 0.240508 -0.0547437 0.568356 0.82096
0.484695 0.197219 0.200408 0.983779 0.171367 -0.0530377
0.160609 -0.117527 0.0440501 0.17083 -0.804739 0.568518
0.468724 0.154026 -0.0135752 -0.983779 -0.171367 0.0530378
0.0943097 -0.192696 -0.326046 0.0547437 -0.568356 -0.82096
0.443418 -0.248805 -0.247447 -0.170836 0.804725 -0.568535
-0.0833883 -0.220587 -0.0492082 -0.17083 0.804739 -0.568518
0.142083 0.0899275 0.322576 -0.17083 0.804739 -0.568518
0.436451 -0.0292377 0.0861384 0.17083 -0.804739 0.568518
0.0748241 0.163397 0.357608 -0.0547437 0.568356 0.82096
0.470863 -0.137039 -0.307877 -0.611229 0.366002 0.701742
-0.192554 -0.265872 -0.280184 -0.0547437 0.568356 0.82096
0.213335 -0.11086 0.0169501 -0.17083 0.804739 -0.568518
-0.223255 0.0702821 0.402195 -0.0547437 0.568356 0.82096
0.474256 0.188737 -0.0206192 0.983779 0.171367 -0.0530378
-0.513221 0.0494419 0.0674441 -0.983779 -0.171367 0.0530377
-0.0287296 0.0570537 0.32737 -0.17083 0.804739 -0.568518
0.419921 0.0368616 0.163976 -0.170832 0.804739 -0.568517
0.0632054 -0.133035 -0.355093 -0.0547437 0.568356 0.82096
-0.148209 0.0788366 0.386947 0.0547437 -0.568356 -0.82096
0.127971 -0.255332 -0.1619 -0.17083 0.804739 -0.568518
-0.510298 -0.0339127 -0.147671 -0.983779 -0.171367 0.0530377
-0.112547 -0.306076 -0.140763 0.17083 -0.804739 0.568518
-0.279349 -0.157043 0.120315 0.17083 -0.804739 0.568518
0.357069 0.208802 0.330664 0.0547437 -0.568356 -0.82096
-0.174062 -0.368707 -0.222087 0.0547437 -0.568356 -0.82096
-0.505523 0.133565 0.245355 0.98308 0.100496 -0.153146
-0.223672 0.0754851 0.384235 0.0547437 -0.568356 -0.82096
-0.218452 -0.137248 0.130036 0.17083 -0.804739 0.568518
-0.0333784 -0.101736 0.103999 -0.17083 0.804739 -0.568518
-0.253007 -0.227756 -0.310603 -0.0547437 0.568356 0.82096
0.0699394 0.00688074 0.247395 0.17083 -0.804739 0.568518
0.488567 0.142418 0.313458 0.170824 -0.804743 0.568514
0.499114 0.0831181 0.0991997 0.983779 0.171367 -0.0530376
0.458367 0.296274 0.0321228 0.983779 0.171367 -0.0530377
0.00893473 -0.0495362 -0.0768467 -0.971295 -0.0406008 0.234387
0.342421 -0.146584 -0.341424 0.0547437 -0.568356 -0.82096
-0.128186 -0.28246 -0.123328 -0.17083 0.804739 -0.568518
0.266825 -0.231797 -0.287472 0.0547437 -0.568356 -0.82096
0.429273 -0.1455 -0.321972 -0.0788747 0.563978 0.822014
-0.502291 -0.0576127 -0.0757152 -0.983779 -0.171367 0.0530377
-0.0580268 0.321557 0.224923 0.0547437 -0.568356 -0.82096
-0.499779 0.0495111 0.303871 -0.983082 -0.100507 0.153131
-0.490989 -0.0688159 0.0977149 -0.983779 -0.171367 0.0530377
0.17367 0.178682 0.339287 0.0547437 -0.568356 -0.82096
-0.277536 -0.194504 0.0460505 -0.17083 0.804739 -0.568518
-0.293043 0.0581594 0.391604 0.0547437 -0.568356 -0.82096
0.481868 0.00679711 -0.245465 -0.983779 -0.171367 0.0530377
-0.497912 -0.0362646 -0.147339 0.983779 0.171367 -0.0530377
0.208716 -0.16935 -0.0437607 0.17083 -0.804739 0.568518
0.4675 0.171788 0.021109 -0.983779 -0.171367 0.0530378
0.388582 -0.106016 -0.319096 -0.830732 0.192626 0.522283
0.435075 0.304484 0.26087 0.562096 0.553491 0.614569
-0.11865 -0.250989 -0.0609534 0.17083 -0.804739 0.568518
0.102534 0.358228 0.217593 -0.17083 0.804739 -0.568518
-0.493263 -0.108139 -0.0715189 -0.983779 -0.171367 0.0530377
