ply
format ascii 1.0
comment Created by Open3D
element vertex 2096
property double x
property double y
property double z
property double nx
property double ny
property double nz
end_header
-0.183053 0.381683 -0.0736024 -0.107858 -0.4524 -0.885269
0.184937 -0.409828 0.220918 0.349126 -0.850986 0.392344
-0.0474268 -0.185488 -0.117557 -0.930848 -0.266753 0.24973
-0.177816 0.371272 -0.0601416 0.107858 0.4524 0.885269
-0.0707664 0.00697501 -0.377737 -0.107858 -0.4524 -0.885269
0.112736 -0.201102 -0.0519512 0.930848 0.266753 -0.24973
0.0675273 0.0344572 0.065612 0.798582 0.489254 0.350566
-0.103552 0.339742 0.16986 -0.930848 -0.266753 0.249731
0.129154 -0.160324 0.448989 0.107858 0.4524 0.885269
-0.079275 0.377517 -0.0834114 0.622598 0.523568 0.581591
-0.0888105 -0.0428871 -0.350057 -0.107858 -0.4524 -0.885269
0.0893544 -0.135497 0.441151 0.107858 0.4524 0.885269
0.236387 -0.374199 0.224051 0.930848 0.266753 -0.24973
-0.152388 0.0328543 -0.275566 -0.930848 -0.266753 0.24973
-0.0818867 0.125408 0.0860837 -0.930848 -0.266753 0.24973
-0.140748 0.297339 -0.0268757 0.107858 0.4524 0.885269
0.0174042 0.248573 0.0730361 0.930848 0.266753 -0.24973
0.0287113 -0.411132 -0.074784 -0.930848 -0.266753 0.24973
0.10792 -0.260742 -0.133605 0.930848 0.266753 -0.24973
0.0323605 0.0806381 0.0101717 0.485707 -0.193723 -0.852385
-0.0795488 0.153257 -0.390161 0.930848 0.266753 -0.24973
0.0939858 -0.142142 -0.0588603 0.930848 0.266753 -0.24973
-0.108133 0.245706 -0.0662665 -0.107858 -0.4524 -0.885269
0.148752 -0.299526 0.273302 -0.349126 0.850986 -0.392344
0.156327 -0.0700773 0.342271 0.289572 -0.300223 -0.908853
0.169367 -0.280302 0.466024 0.174624 -0.925081 -0.337242
0.109178 -0.055889 0.0898989 0.930848 0.266753 -0.24973
-0.179598 0.190608 -0.26061 0.107858 0.4524 0.885269
0.225278 -0.157052 0.415097 0.92039 0.232748 -0.314182
-0.154303 0.4333 0.127725 0.107858 0.4524 0.885269
0.0261965 -0.0897484 -0.255574 0.930848 0.266753 -0.24973
-0.0422643 0.165843 0.189777 0.349126 -0.850986 0.392344
-0.133883 0.418518 0.141569 -0.107858 -0.4524 -0.885269
-0.195121 0.11022 -0.35221 -0.930848 -0.266753 0.24973
-0.174376 0.331543 -0.0402579 0.107858 0.4524 0.885269
0.0895674 -0.175741 0.403488 -0.930848 -0.266753 0.24973
0.122886 -0.174115 0.0147111 0.930848 0.266753 -0.24973
-0.053212 0.14934 -0.296176 0.930848 0.266753 -0.24973
0.129103 -0.00697801 0.216411 0.930848 0.266753 -0.24973
-0.00260631 -0.169512 0.066572 -0.930848 -0.266753 0.24973
0.0185697 -0.370386 -0.0690633 -0.930848 -0.266753 0.24973
-0.03799 0.332744 0.21738 0.107858 0.4524 0.885269
-0.0528525 0.200532 -0.14994 0.0679057 0.885028 -0.460559
-0.0709091 -0.0709916 -0.337876 -0.107858 -0.4524 -0.885269
-0.23052 0.255985 -0.328454 -0.930848 -0.266753 0.24973
-0.0913244 0.490905 -0.0733905 0.930848 0.266753 -0.24973
0.254327 -0.269675 0.463159 0.349126 -0.850986 0.392344
0.000418475 -0.0392938 -0.147534 0.142042 0.46191 0.875479
-0.237967 0.265953 -0.485792 -0.349126 0.850986 -0.392344
-0.00901317 0.0557905 -0.0785396 0.360521 -0.847649 0.38925
0.109841 -0.179682 0.410436 -0.930848 -0.266754 0.249728
-0.10851 0.346903 0.166297 0.107858 0.4524 0.885269
0.179296 -0.0408392 0.367333 0.930848 0.266753 -0.249731
-0.10745 0.280418 0.0919639 -0.930848 -0.266753 0.24973
-0.0548196 0.24477 -0.0715877 0.0633714 -0.39629 -0.915936
-0.105348 0.282641 0.105156 -0.349126 0.850986 -0.392344
0.0145522 0.312684 0.22123 0.107858 0.452399 0.885269
0.0896904 -0.134088 -0.0661892 0.921999 0.287558 -0.259284
0.10865 0.136945 0.29391 0.930848 0.266753 -0.249731
-0.00185757 0.0489436 -0.104749 0.631549 -0.718885 0.29043
0.0376468 0.0476923 0.276988 -0.349126 0.850986 -0.392344
-0.0765005 0.145031 0.127122 -0.930848 -0.266753 0.24973
0.078066 -0.267945 0.217785 0.107859 0.4524 0.885269
0.0954869 -0.112105 -0.0211807 0.930848 0.266753 -0.24973
0.180503 -0.056398 0.360826 0.868362 0.136429 -0.476797
0.110757 -0.285534 0.33746 -0.349126 0.850986 -0.392344
0.0858325 -0.208862 0.1424 -0.107858 -0.4524 -0.885269
-0.192099 0.360414 -0.321723 -0.349126 0.850986 -0.392344
0.111953 -0.278001 0.17455 -0.107858 -0.4524 -0.885269
0.107344 -0.315742 0.294785 0.349127 -0.850986 0.392344
-0.0405904 0.377069 0.195046 0.107858 0.4524 0.885269
0.207321 -0.348727 0.333527 0.349126 -0.850986 0.392344
0.124677 -0.203765 0.196865 0.107858 0.4524 0.885269
0.233706 -0.2951 0.299064 0.90264 0.328637 -0.277918
-0.207789 0.374724 -0.276724 -0.349126 0.850986 -0.392344
-0.00255444 0.0320087 0.278744 -0.349126 0.850986 -0.392344
-0.212947 0.293065 -0.230689 0.349126 -0.850986 0.392344
-0.0359614 0.316513 0.225428 0.107858 0.4524 0.885269
-0.0296129 -0.16606 -0.0304056 -0.930848 -0.266753 0.24973
0.208451 -0.511088 -0.0196378 0.349126 -0.850986 0.392344
0.120691 -0.217515 0.474877 -0.930848 -0.266753 0.24973
-0.0640851 0.328712 -0.100732 0.597675 -0.120254 -0.792669
0.0730693 -0.248734 -0.241304 0.581941 -0.131272 -0.802566
0.0984301 -0.160555 0.20492 0.349126 -0.850986 0.392344
-0.0237872 0.288433 0.192939 -0.261492 0.963657 0.054655
-0.0843616 0.437067 -0.0904911 0.992226 -0.104632 -0.0673813
-0.0265782 -0.131865 0.0174317 -0.930848 -0.266753 0.24973
0.0870991 -0.413869 0.0801554 -0.349126 0.850986 -0.392344
0.143117 -0.11867 0.426002 0.107858 0.4524 0.885269
0.0216611 0.150637 -0.0157084 0.930848 0.266753 -0.24973
0.0802607 0.201496 0.270045 0.107858 0.4524 0.885269
-0.177469 0.362688 -0.0645759 -0.107858 -0.4524 -0.885269
0.0701438 0.0554671 0.264934 -0.349126 0.850986 -0.392344
0.135858 -0.185029 0.399579 -0.107858 -0.4524 -0.885269
-0.0240879 0.0369715 -0.105917 0.349126 -0.850986 0.392344
-0.00352232 -0.29913 -0.0752954 -0.930848 -0.266753 0.24973
0.239352 -0.361793 0.248358 0.930848 0.266753 -0.24973
0.0651842 -0.0283766 0.350958 -0.285813 0.105701 -0.952438
0.118098 -0.0983092 0.0778364 0.930848 0.266753 -0.24973
0.210751 -0.306103 0.238723 0.474113 0.759276 -0.445777
0.134379 -0.253681 0.422858 -0.930849 -0.266751 0.249729
0.25543 -0.303153 0.370925 0.930848 0.266752 -0.24973
0.207254 -0.294885 0.450369 0.349126 -0.850986 0.392344
-0.0108351 0.155793 0.140011 0.349126 -0.850986 0.392344
0.151138 -0.343645 0.175485 -0.349126 0.850986 -0.392344
0.132616 -0.146841 0.201774 0.553695 -0.766911 0.324452
-0.11239 0.396752 -0.252481 0.930848 0.266753 -0.24973
0.07517 0.0236049 0.0583273 0.906267 0.413105 0.0895778
-0.209104 0.412744 -0.193087 -0.349126 0.850986 -0.392344
0.137102 -0.261355 0.224782 0.107858 0.4524 0.885269
0.0833071 -0.432287 0.0435809 -0.349126 0.850986 -0.392344
0.0513672 -0.25305 -0.223038 0.248671 0.038318 0.96783
0.0821962 -0.474752 0.0566197 -0.930848 -0.266753 0.24973
0.0532697 -0.225107 0.154669 -0.107858 -0.4524 -0.885269
0.0243282 0.307731 0.162036 0.930848 0.266752 -0.24973
0.0229416 -0.384671 -0.18901 -0.107859 -0.4524 -0.885269
-0.000328879 -0.0125062 0.242769 -0.930848 -0.266753 0.24973
-0.200755 0.510007 0.0538301 -0.930848 -0.266753 0.24973
-0.011095 -0.0205542 -0.320664 0.930848 0.266753 -0.24973
0.245412 -0.306768 0.32972 0.930848 0.266753 -0.24973
0.0769476 -0.331027 -0.223004 -0.107858 -0.4524 -0.885269
-0.0667116 0.0777594 0.0675373 -0.107858 -0.4524 -0.885269
-0.0505582 0.0903118 0.0679333 0.107858 0.4524 0.885269
0.0320977 -0.354304 -0.205644 -0.107858 -0.4524 -0.885269
-0.0858376 0.434556 -0.105256 0.993552 -0.0176329 -0.112
-0.0382796 0.28535 -0.0734167 0.754644 0.00711027 -0.656095
-0.107006 -0.00929291 -0.151427 -0.930848 -0.266753 0.24973
-0.112071 0.41514 -0.231649 0.930848 0.266753 -0.24973
0.150002 -0.353428 0.155277 -0.349126 0.850986 -0.392344
0.198779 -0.535404 -0.0637712 0.349126 -0.850986 0.392344
-0.0339186 -0.305341 -0.222623 -0.107859 -0.4524 -0.885269
0.103607 -0.0558319 0.0726154 0.831736 0.446724 -0.329625
0.14777 -0.104203 0.274522 0.705078 -0.662622 0.25258
-0.0678964 0.370986 0.140263 -0.107858 -0.4524 -0.885269
-0.0119695 0.19269 -0.0961438 0.930848 0.266753 -0.24973
-0.108624 0.364778 -0.272597 0.930848 0.266753 -0.24973
0.162045 -0.396507 0.270181 0.349126 -0.850986 0.392344
-0.170397 0.0392034 -0.33591 -0.930848 -0.266753 0.249729
0.0590799 -0.0550627 0.0362351 -0.197166 0.882509 -0.426969
-0.0195873 -0.206042 -0.0357434 -0.930848 -0.266753 0.24973
-0.14176 0.32536 -0.223988 0.349126 -0.850986 0.392344
0.147636 -0.251269 0.493213 0.107858 0.452401 0.885269
-0.0684518 -0.0358963 -0.35611 -0.107858 -0.4524 -0.885269
0.0144831 0.118659 0.320391 0.107858 0.4524 0.885269
0.146371 -0.106034 0.17497 0.930848 0.266752 -0.24973
-0.0472239 0.0113464 -0.140909 0.349126 -0.850986 0.392344
0.101849 -0.194621 0.194974 0.107858 0.4524 0.885269
-0.187527 0.393746 -0.0547422 -0.349127 0.850986 -0.392344
-0.12609 0.231226 0.0120957 -0.349126 0.850986 -0.392344
-0.109433 0.265557 0.0686978 -0.930848 -0.266753 0.24973
-0.0915278 0.370666 -0.0708959 0.254044 0.488963 0.834492
0.111716 -0.293474 -0.154418 0.930848 0.266753 -0.24973
0.20304 -0.293635 0.214676 0.821598 0.479334 0.30857
0.0955918 -0.414505 0.110835 -0.349127 0.850986 -0.392344
-0.205994 0.311667 -0.196529 0.349126 -0.850986 0.392344
0.0673754 -0.0966172 0.380299 -0.107858 -0.4524 -0.885269
-0.0694046 0.222493 0.236313 -0.930848 -0.266753 0.24973
0.129306 -0.302658 0.416042 -0.930848 -0.266753 0.24973
-0.244188 0.32161 -0.309305 -0.930848 -0.266753 0.24973
-0.124172 0.205022 -0.0860616 -0.349126 0.850986 -0.392344
0.0783195 -0.528216 -0.0149387 -0.930848 -0.266753 0.24973
0.105178 -0.209863 0.424786 0.107858 0.4524 0.885269
-0.136203 0.296586 -0.448236 0.930848 0.266754 -0.249731
-0.023864 -0.295444 -0.14718 -0.93085 -0.266749 0.249728
0.116673 -0.25895 0.164239 -0.107858 -0.4524 -0.885269
0.104434 -0.388274 -0.195737 0.581942 -0.131272 -0.802565
-0.134605 0.0476234 -0.193505 -0.930848 -0.266753 0.24973
0.0128093 0.236299 0.260478 0.107858 0.4524 0.885269
-0.193693 0.386514 -0.263695 -0.349126 0.850986 -0.392344
0.0185968 0.257754 0.248808 0.107858 0.4524 0.885269
-0.0838888 0.335815 -0.0534657 0.107858 0.4524 0.885269
0.107691 -0.45097 0.177052 -0.930848 -0.266753 0.24973
-0.0847199 0.340799 -0.114175 0.266906 -0.311041 -0.912148
0.236648 -0.30407 0.404289 0.349126 -0.850986 0.392344
0.203964 -0.348236 0.337579 0.349126 -0.850986 0.392344
-0.0708321 0.243821 0.253774 -0.930848 -0.266753 0.24973
-0.127626 -0.05349 -0.275498 -0.930848 -0.266753 0.24973
0.131594 -0.095263 0.131396 0.930848 0.266753 -0.24973
-0.204584 0.394738 -0.236164 -0.349126 0.850986 -0.392344
0.21492 -0.380628 0.257572 0.349126 -0.850986 0.392344
0.094294 -0.490265 0.085142 -0.930848 -0.266753 0.24973
-0.170453 0.300487 -0.470965 -0.349126 0.850986 -0.392343
-0.0936712 0.303734 0.232639 -0.930848 -0.266753 0.24973
0.129999 -0.134278 0.233736 0.383071 -0.840617 0.382909
0.0421104 -0.404158 -0.0173912 -0.930848 -0.266753 0.24973
0.0279565 0.214683 0.0761693 0.930848 0.266753 -0.24973
0.0884073 -0.539849 0.0102361 -0.930848 -0.266753 0.24973
0.117872 -0.338014 0.335656 -0.930848 -0.266753 0.24973
0.215097 -0.323281 0.381799 0.349126 -0.850986 0.392344
-0.0513836 0.464719 0.101194 0.526334 -0.168325 -0.83345
0.0922952 0.163724 0.263636 0.898703 0.185481 -0.397403
-0.102124 0.181256 -0.247712 0.107858 0.4524 0.885269
0.106112 -0.269345 -0.149533 0.930848 0.266753 -0.24973
-0.180411 0.0894905 -0.319522 -0.930848 -0.266753 0.24973
0.104807 -0.399675 0.0239493 0.107858 0.4524 0.885269
-0.20016 0.159779 -0.318054 -0.930848 -0.266753 0.24973
-0.106021 0.324214 -0.0448404 0.107858 0.4524 0.885269
0.0820582 -0.224064 -0.190826 0.930848 0.266753 -0.24973
0.139182 -0.400533 0.0627348 -0.349126 0.850986 -0.392344
0.107295 0.0606134 0.338746 0.107858 0.4524 0.885269
-0.0866853 -0.156765 -0.23321 -0.930848 -0.266753 0.24973
-0.106496 -0.036404 -0.351215 -0.107858 -0.4524 -0.885269
-0.0309258 -0.168455 -0.0378578 -0.930848 -0.266753 0.24973
-0.0299512 -0.134735 -0.310292 -0.107858 -0.4524 -0.885269
0.126829 -0.190357 0.107035 0.687056 -0.677521 0.262526
0.0565696 -0.511398 -0.0780454 -0.930848 -0.266753 0.24973
-0.131106 0.048698 -0.391707 -0.107858 -0.4524 -0.885269
0.115412 -0.199283 0.105571 0.405255 -0.83313 0.376381
-0.0377563 0.288554 0.239934 0.107858 0.4524 0.885269
0.0930144 0.0181756 0.362173 0.107858 0.4524 0.885269
-0.180998 0.498939 0.115649 -0.930848 -0.266753 0.24973
-0.109166 0.261408 -0.385034 0.930848 0.266753 -0.24973
-0.104176 0.150242 -0.222673 -0.349126 0.850986 -0.392344
0.0375219 0.17988 0.084526 0.994078 -0.0612003 -0.0898007
-0.219117 0.129998 -0.420527 -0.930848 -0.266753 0.24973
-0.100276 0.333457 0.180944 -0.107859 -0.4524 -0.885269
0.0865698 -0.43056 0.120126 -0.930848 -0.266753 0.24973
0.0617005 -0.15164 0.25694 0.349126 -0.850986 0.392344
-0.0156812 -0.039635 -0.145362 0.107858 0.4524 0.885269
0.102862 -0.0666283 0.0564596 0.881111 0.368916 -0.295879
-0.210734 0.313278 -0.193509 -0.930848 -0.266753 0.24973
-0.0139535 0.0753154 0.284787 -0.107858 -0.4524 -0.885269
0.0903545 -0.455695 0.107384 -0.930848 -0.266753 0.24973
0.184437 -0.470325 -0.0722636 0.930848 0.266753 -0.24973
0.0349133 -0.404219 -0.0442826 -0.930848 -0.266753 0.24973
-0.130156 0.0284966 -0.197354 -0.930848 -0.266753 0.24973
0.0808036 -0.279372 -0.0346048 0.107858 0.4524 0.885269
-0.221284 0.393412 -0.147234 -0.930848 -0.266753 0.24973
-0.175692 0.503422 -0.026141 -0.349126 0.850986 -0.392344
-0.035779 -0.0413745 -0.354147 0.581942 -0.131272 -0.802565
-0.0248978 -0.119673 -0.0105601 0.349126 -0.850986 0.392344
0.0629355 -0.485445 -0.0265953 -0.930848 -0.266753 0.24973
-0.140826 0.307056 -0.454284 0.930848 0.266753 -0.24973
0.0540926 -0.40104 0.0132681 0.107858 0.4524 0.885269
0.105889 -0.156355 -0.0296735 0.930848 0.266753 -0.24973
0.0517667 -0.0451213 0.399546 0.107858 0.4524 0.885269
-0.0122099 0.245218 -0.03206 0.77153 0.523492 -0.361521
0.120245 -0.00590931 0.371164 0.107858 0.452399 0.885269
-0.148989 0.255942 -0.484866 0.581942 -0.131272 -0.802565
0.049113 -0.102097 -0.183346 0.930848 0.266753 -0.24973
-0.0636667 0.117642 0.104275 0.349126 -0.850986 0.392344
0.046902 -0.407016 -0.00258336 -0.930848 -0.266753 0.24973
0.171144 -0.173136 0.389202 -0.107858 -0.4524 -0.885269
-0.171361 0.489346 -0.0605254 -0.349126 0.850986 -0.392344
0.250018 -0.319517 0.333271 0.930848 0.266752 -0.24973
0.082427 -0.541158 -0.0134528 -0.930848 -0.266753 0.24973
0.0768005 -0.545943 -0.0395362 -0.930848 -0.266753 0.24973
-0.173365 0.42784 -0.192148 -0.349126 0.850986 -0.392344
0.14325 -0.390227 -0.140229 0.930848 0.266753 -0.24973
-0.0383789 0.159559 0.17269 0.349126 -0.850986 0.392344
0.147015 -0.106616 0.419366 0.107858 0.4524 0.885269
-0.19402 0.527205 0.0973032 -0.930848 -0.266753 0.24973
-0.12051 0.231738 0.0556965 -0.930848 -0.266753 0.24973
0.166642 -0.470587 0.105412 0.349126 -0.850986 0.392344
-0.0273033 -0.146662 -0.086766 -0.349126 0.850986 -0.392344
0.020931 0.194031 0.194682 0.349126 -0.850986 0.392344
-0.0126915 0.283921 0.0276312 0.557177 0.709966 -0.430699
0.104434 -0.509532 0.0762967 0.349126 -0.850986 0.392344
-0.156253 0.450495 0.127954 -0.107858 -0.4524 -0.885269
-0.072454 0.560053 0.0708093 0.930848 0.266753 -0.24973
-0.0203003 -0.128549 0.0443747 -0.930848 -0.266753 0.24973
-0.184311 0.360234 -0.0624881 -0.107858 -0.4524 -0.885269
-0.024096 -0.134585 0.0237787 -0.930848 -0.266753 0.24973
-0.118288 0.291426 -0.0883933 -0.107858 -0.4524 -0.885269
0.0912881 0.0779532 0.331835 0.107858 0.4524 0.885269
-0.0774826 0.464839 -0.0187332 0.954742 -0.29541 0.0346412
0.00134106 0.198845 -0.0399555 0.930848 0.266753 -0.24973
-0.194897 0.466638 0.029338 -0.930848 -0.266753 0.24973
0.132997 -0.0168993 0.220329 0.930848 0.266753 -0.24973
-0.217952 0.334525 -0.354871 -0.349126 0.850986 -0.392344
-0.20819 0.287365 -0.267093 -0.349127 0.850986 -0.392344
-0.0689506 0.188511 -0.26885 0.748536 0.505143 0.429563
0.096177 -0.0561501 0.399771 0.107858 0.4524 0.885269
0.131187 -0.390334 0.31103 0.349126 -0.850986 0.392344
-0.180758 0.426348 -0.0098605 0.349125 -0.850986 0.392344
0.0814723 -0.00292998 0.0855947 0.746877 0.505563 0.43195
-0.0345519 -0.112585 -0.32105 -0.107858 -0.4524 -0.885269
0.0302754 -0.0959072 0.267758 -0.930848 -0.266753 0.24973
0.0350164 0.175108 0.119711 0.846663 -0.508522 0.156741
0.0511034 -0.134602 0.263708 0.349126 -0.850986 0.392344
0.140528 -0.065157 0.196854 0.930848 0.266753 -0.24973
-0.0540325 -0.166028 -0.291366 -0.107858 -0.4524 -0.885269
0.167343 -0.0478921 0.328452 0.99247 -0.100988 -0.0693108
-0.0161129 -0.195934 -0.0119956 -0.930848 -0.266753 0.24973
-0.099761 0.24994 0.15248 -0.930848 -0.266754 0.24973
0.0478261 -0.0288908 0.347863 0.36529 -0.69664 0.61746
0.216616 -0.388681 0.134887 0.930848 0.266753 -0.24973
0.154432 -0.28108 0.170959 -0.0965161 -0.449118 -0.888244
-0.23241 0.167111 -0.430433 -0.930848 -0.266753 0.24973
0.184205 -0.36394 0.3211 0.349126 -0.850986 0.392344
-0.115647 0.37803 0.203699 0.107858 0.4524 0.885269
-0.128396 0.204145 -0.0643985 0.349126 -0.850986 0.392344
-0.0222953 0.047272 0.0864845 0.107858 0.4524 0.885269
-0.034352 0.245579 -0.0653288 0.485706 -0.193723 -0.852385
0.0609426 -0.411086 -0.180141 -0.107858 -0.4524 -0.885269
-0.102077 0.380822 -0.230511 0.954008 0.203429 -0.220192
-0.142153 0.322338 -0.101283 -0.107858 -0.4524 -0.885269
-0.00450961 0.126844 0.0715934 0.349126 -0.850986 0.392344
0.0774526 -0.425917 0.0266916 -0.930848 -0.266752 0.249731
-0.173494 0.312295 -0.224086 0.349126 -0.850986 0.392344
0.082947 -0.448641 0.0480471 -0.349125 0.850986 -0.392344
-0.140096 0.381897 -0.321401 -0.349126 0.850986 -0.392344
-0.181919 0.407127 -0.229462 -0.349126 0.850986 -0.392344
-0.100036 0.217608 -0.397788 0.930848 0.266753 -0.24973
0.147921 -0.127478 0.167376 0.994078 -0.0612027 -0.0897995
0.0140793 0.347893 0.172832 0.804014 0.484056 -0.345326
0.166635 -0.451603 -0.118622 0.930848 0.266753 -0.24973
-0.0200974 0.238363 0.263432 0.107858 0.4524 0.885269
-0.0369418 -0.149048 -0.0635577 0.349126 -0.850986 0.392344
-0.0557689 0.184484 0.222419 -0.349126 0.850986 -0.392344
0.0897742 -0.428434 0.0858005 -0.349127 0.850986 -0.392344
-0.125904 0.228982 0.0326469 -0.930848 -0.266753 0.24973
-0.122617 0.393752 -0.293806 0.930848 0.266753 -0.24973
-0.13408 0.407159 0.138619 0.107858 0.4524 0.885269
-0.12887 0.49162 -0.093404 -0.349126 0.850986 -0.392344
0.0130256 0.185875 -0.0102564 0.930848 0.266753 -0.24973
-0.14317 0.241812 -0.0424499 -0.107858 -0.4524 -0.885269
0.0291914 0.293418 0.164874 0.930848 0.266753 -0.24973
0.00585889 0.126846 0.0623708 0.349126 -0.850986 0.392344
-0.127194 0.26753 -0.0750968 -0.107858 -0.4524 -0.885269
-0.0957435 0.0783046 -0.0158799 -0.930848 -0.266753 0.24973
-0.0910971 0.0328169 -0.094916 0.349126 -0.850986 0.392344
0.0164604 0.183158 0.175078 0.349126 -0.850986 0.392344
0.0829312 -0.275287 -0.0301411 0.349126 -0.850986 0.392344
-0.127035 0.445517 0.170599 0.107858 0.4524 0.885269
-0.189634 0.477067 0.0600952 -0.930848 -0.266753 0.24973
-0.0480324 0.184404 0.275291 -0.930848 -0.266753 0.24973
-0.128416 0.277304 -0.439806 0.930848 0.266753 -0.24973
-0.0321692 0.0708682 -0.301563 0.930848 0.266753 -0.24973
-0.172317 0.231453 -0.264813 0.107858 0.4524 0.885269
-0.190262 0.16759 -0.272819 -0.930848 -0.266753 0.24973
-0.252158 0.320521 -0.354807 -0.349126 0.850986 -0.392344
0.0088118 -0.0954932 0.188196 -0.930848 -0.266753 0.24973
0.170458 -0.0109489 0.367621 0.107858 0.4524 0.885269
0.103454 -0.478833 0.131498 -0.930848 -0.266753 0.24973
-0.120746 0.0338652 -0.156542 -0.930848 -0.266753 0.24973
-0.178057 0.408915 -0.229021 -0.349126 0.850986 -0.392344
-0.0950979 0.55541 0.0640826 -0.14181 0.893584 0.425908
0.0239286 -0.353628 -0.0311874 -0.930848 -0.266753 0.24973
-0.18071 0.410402 -0.0422622 -0.930848 -0.266753 0.24973
-0.148857 0.259918 -0.485421 0.581942 -0.131272 -0.802565
0.104608 -0.156991 0.207152 0.349126 -0.850986 0.392344
0.125579 -0.276565 -0.0845997 0.933214 0.277774 -0.227932
-0.19534 0.144535 -0.432856 -0.107858 -0.4524 -0.885269
0.0335846 0.0397569 0.263391 -0.349126 0.850986 -0.392344
-0.1628 0.519215 -0.00335896 -0.349126 0.850986 -0.392344
0.0619967 0.0555932 0.0440822 0.906267 0.413105 0.0895768
-0.122814 0.513509 0.135338 0.107858 0.4524 0.885269
0.0242932 -0.198449 -0.284341 -0.107858 -0.4524 -0.885269
0.165028 -0.370303 0.105647 -0.267977 0.870735 -0.412322
-0.139373 0.4177 0.184026 -0.930848 -0.266753 0.24973
0.0177471 0.0916364 0.272585 -0.107858 -0.4524 -0.885269
-0.077219 0.11395 0.0912439 -0.930848 -0.266753 0.24973
0.122341 -0.299823 0.393108 -0.930848 -0.266753 0.24973
0.00698082 -0.0463062 0.233911 -0.930848 -0.266753 0.24973
0.177189 -0.248829 0.169122 0.665313 -0.0697438 -0.743299
0.175032 -0.564781 -0.115499 -0.107858 -0.4524 -0.885269
0.0932181 -0.389918 0.188319 -0.930848 -0.266753 0.24973
0.112681 -0.229928 -0.082947 0.930848 0.266753 -0.24973
-0.0185204 -0.0828889 0.0437407 -0.349126 0.850986 -0.392344
-0.0319882 -0.250237 -0.129175 -0.930848 -0.266753 0.24973
-0.0664823 -0.133189 -0.132721 -0.930848 -0.266753 0.24973
-0.162165 0.334442 -0.10503 -0.107858 -0.4524 -0.885269
-0.205253 0.314621 -0.409341 -0.349126 0.850986 -0.392344
0.0623609 -0.409199 -0.181279 -0.107858 -0.4524 -0.885269
0.220481 -0.134546 0.420753 0.930848 0.266753 -0.24973
-0.0255026 0.230893 -0.0763526 0.557189 0.709943 -0.430722
-0.000787175 -0.298697 -0.187962 0.346301 -0.862102 0.369941
-0.062995 0.0311798 0.0558501 -0.930848 -0.266753 0.24973
0.181218 -0.237256 0.48196 0.107858 0.4524 0.885269
0.0335322 0.121192 0.0214441 0.842652 0.468266 0.265829
0.00141748 -0.304333 -0.182091 -0.333129 0.338663 -0.879962
-0.185973 0.37067 -0.10432 -0.930848 -0.266754 0.249729
-0.0710299 0.517862 0.0310507 0.930848 0.266753 -0.24973
0.125091 -0.268329 0.362023 -0.349126 0.850986 -0.392344
-0.125877 0.228518 0.0322513 -0.930848 -0.266753 0.24973
-0.0980343 0.0879019 -0.415771 -0.107858 -0.4524 -0.885269
0.225288 -0.413911 0.140264 0.930848 0.266753 -0.24973
-0.20147 0.322508 -0.17704 0.349126 -0.850986 0.392344
-0.0608442 0.329229 -0.0597466 0.587599 0.524958 0.615749
0.103031 0.0192508 0.188958 0.433427 0.779984 -0.451404
0.038385 -0.479121 -0.11135 -0.930848 -0.266753 0.24973
-0.139697 0.311464 -0.445369 0.930848 0.266753 -0.24973
-0.231882 0.305453 -0.280693 -0.930848 -0.266753 0.24973
0.144935 -0.24163 0.213748 0.107858 0.4524 0.885269
-0.0397576 -0.169141 -0.0715099 -0.930848 -0.266753 0.24973
-0.146935 0.493479 0.148513 0.107858 0.4524 0.885269
0.176002 -0.276804 0.226984 0.297908 0.497763 0.814545
-0.0850314 0.412376 -0.116233 0.87866 0.442802 0.178556
0.0871253 -0.271792 0.174402 -0.107858 -0.4524 -0.885269
0.150346 -0.193429 0.402106 -0.107858 -0.4524 -0.885269
-0.011183 0.100621 -0.191557 0.930848 0.266753 -0.24973
-0.0154063 -0.0910862 0.102633 -0.930848 -0.266753 0.24973
0.0430173 -0.461202 -0.0749429 -0.930848 -0.266753 0.24973
-0.138393 0.502036 0.143099 0.107858 0.4524 0.885269
-0.187905 0.338432 -0.154571 0.349126 -0.850986 0.392344
-0.093807 -0.0953338 -0.194136 -0.930848 -0.266753 0.24973
-0.0915954 0.548815 -0.00251652 -0.349126 0.850986 -0.392344
-0.0851722 0.336397 0.221262 0.107858 0.4524 0.885269
-0.0799321 0.537183 0.0185067 0.930848 0.266753 -0.24973
0.163054 -0.0388464 0.38278 0.107858 0.4524 0.885269
0.0913737 -0.088225 -0.00104809 0.739974 0.558124 -0.375413
-0.0875895 -0.171839 -0.252682 -0.930848 -0.266753 0.24973
-0.0288849 -0.0566991 -0.346641 0.581942 -0.131272 -0.802565
-0.202474 0.224089 -0.266154 -0.107858 -0.4524 -0.885269
-0.040899 0.285402 0.194004 0.0365179 0.612098 0.789938
-0.03123 -0.228806 -0.103456 -0.930848 -0.266753 0.24973
-0.118416 0.210958 0.0413071 -0.930848 -0.266753 0.24973
0.0682447 -0.281317 0.211237 -0.930848 -0.266753 0.24973
0.13216 -0.305575 -0.0911421 0.930848 0.266753 -0.24973
-0.173823 0.375899 -0.304399 -0.349126 0.850986 -0.392344
0.150711 -0.483756 0.0910249 0.349126 -0.850986 0.392344
-0.148636 0.286511 -0.0821841 -0.107858 -0.4524 -0.885269
0.0119599 0.0998465 -0.00366212 0.222594 -0.331393 -0.916859
0.124682 -0.373026 0.1353 -0.349126 0.850986 -0.392344
0.134894 -0.0124542 0.372724 0.107858 0.4524 0.885269
0.0149187 -0.0690409 -0.275492 0.930848 0.266753 -0.24973
-0.141951 0.5245 -0.0104465 -0.349126 0.850986 -0.392344
-0.00048243 -0.268521 -0.0312698 -0.930848 -0.266753 0.24973
-0.140322 0.36741 -0.0627359 0.107858 0.4524 0.885269
-0.189417 0.340478 -0.148789 0.349126 -0.850986 0.392344
-0.210972 0.310397 -0.214661 -0.349127 0.850986 -0.392344
-0.0327708 0.341001 0.127897 -0.267991 0.870731 -0.41232
-0.204125 0.338956 -0.141445 -0.930848 -0.266753 0.24973
0.134721 -0.420247 0.243003 0.349126 -0.850986 0.392344
-0.105298 0.287082 0.107103 -0.930848 -0.266753 0.24973
-0.137108 0.392762 0.146346 0.107858 0.4524 0.885269
0.0517731 -0.238647 0.0770563 0.349126 -0.850986 0.392344
-0.0182628 0.158911 -0.155683 0.930848 0.266753 -0.24973
0.214898 -0.445524 0.0677663 0.930848 0.266753 -0.24973
-0.147378 0.14742 -0.134516 -0.930848 -0.266753 0.24973
0.0712229 -0.228282 0.154104 -0.107858 -0.4524 -0.885269
0.00126716 -0.0721214 -0.322255 0.581941 -0.131272 -0.802566
0.00386039 0.17117 -0.0601269 0.930848 0.266753 -0.24973
0.1373 -0.122512 0.123557 0.930848 0.266753 -0.24973
-0.00142375 0.32394 0.108271 0.599647 0.680644 -0.420889
0.0379471 -0.343415 -0.0142128 0.107858 0.4524 0.885269
-0.226446 0.429055 -0.128403 -0.930848 -0.266753 0.24973
0.242019 -0.369296 0.250284 0.930848 0.266753 -0.24973
-0.0287121 0.0221722 -0.133901 0.349126 -0.850986 0.392344
0.041097 -0.256645 -0.211024 -0.261683 0.00963783 -0.965106
0.205442 -0.313387 0.200586 0.71193 -0.03137 -0.701549
-0.0712029 -0.098817 -0.117133 -0.107858 -0.4524 -0.885269
-0.138371 0.0361781 -0.21977 -0.930848 -0.266753 0.24973
0.0266488 -0.00166526 0.354906 -0.930848 -0.266753 0.24973
-0.0641961 -0.231107 -0.228792 -0.930848 -0.266753 0.24973
-0.0633229 0.143288 0.139786 -0.349126 0.850986 -0.392344
0.118284 0.074948 0.288908 0.72873 -0.0166623 -0.684598
-0.0345898 -0.0285907 -0.355375 0.581942 -0.131272 -0.802565
0.0427816 -0.40773 -0.179644 -0.107859 -0.4524 -0.885269
0.20025 -0.25683 0.489644 0.107858 0.452401 0.885269
0.0498434 0.173059 0.288283 0.107858 0.4524 0.885269
0.0299365 -0.115264 -0.112272 0.107858 0.4524 0.885269
-0.00491965 0.166466 -0.0978779 0.930848 0.266753 -0.24973
0.0529555 -0.214193 0.161536 -0.930848 -0.266753 0.249731
-0.0293749 -0.0143254 0.101268 0.107858 0.4524 0.885269
-0.0388238 0.172259 0.296643 -0.930848 -0.266753 0.24973
-0.0269309 0.267908 -0.0600343 0.82776 0.0838147 -0.554787
-0.067975 0.0841517 0.0556458 0.107858 0.4524 0.885269
-0.0787727 0.459026 -0.0369074 0.972476 -0.233001 0.000622024
0.0932031 0.0351284 0.353487 0.107858 0.4524 0.885269
-0.0269331 -0.276347 -0.238291 -0.107858 -0.4524 -0.885269
0.00276676 0.008355 0.222704 -0.349126 0.850986 -0.392344
-0.196483 0.36047 -0.118948 -0.349127 0.850986 -0.392344
-0.118002 0.423027 -0.0332897 0.349126 -0.850986 0.392344
0.084818 -0.0220459 0.101803 0.248378 0.849963 -0.464619
0.15284 -0.45804 0.144908 0.349126 -0.850986 0.392344
0.127926 -0.188062 0.402095 -0.107858 -0.4524 -0.885269
-0.0362001 -0.138139 -0.0603633 -0.349126 0.850986 -0.392344
0.0092334 0.0584171 -0.126933 0.948623 -0.313262 0.0445098
-0.0781112 -0.0372995 -0.13895 0.107858 0.4524 0.885269
0.0140751 0.129184 -0.0669005 0.930848 0.266753 -0.24973
-0.178517 0.458794 0.0820141 -0.930848 -0.266753 0.24973
-0.144747 0.13501 -0.434153 -0.107858 -0.4524 -0.885269
-0.0721411 0.121536 0.118274 -0.930848 -0.266753 0.24973
-0.0999221 0.0744844 -0.035536 -0.930848 -0.266753 0.24973
0.133187 0.0312001 0.350623 0.107858 0.4524 0.885269
0.190852 -0.372509 0.296598 0.349126 -0.850986 0.392344
0.197994 -0.251656 0.335507 -0.148787 0.887781 -0.435554
-0.00343154 0.391079 0.153876 0.868363 0.136431 -0.476794
-0.130282 0.259967 0.049425 -0.930848 -0.266753 0.24973
-0.141364 0.35727 -0.155128 0.349126 -0.850986 0.392344
0.161223 -0.361366 0.128076 -0.349126 0.850986 -0.392344
-0.0679297 0.0790147 0.0670442 -0.107858 -0.4524 -0.885269
0.00406311 0.115977 0.0481629 0.107858 0.4524 0.885269
0.181242 -0.215099 0.409416 -0.107858 -0.4524 -0.885269
-0.193971 0.216667 -0.272176 0.107859 0.4524 0.885269
0.115145 -0.473239 0.145485 0.349126 -0.850986 0.392344
0.155943 -0.559421 -0.115913 -0.107858 -0.4524 -0.885269
0.149501 -0.0334202 0.381658 0.107858 0.4524 0.885269
0.0576103 -0.274118 -0.248361 0.581942 -0.131272 -0.802565
0.207418 -0.490915 0.0250371 0.349126 -0.850986 0.392344
0.0646765 -0.201021 0.202774 0.107858 0.4524 0.885269
0.12473 -0.386218 0.30973 -0.930848 -0.266753 0.24973
-0.140475 0.0959155 -0.414695 -0.107858 -0.4524 -0.885269
-0.114498 -0.0659563 -0.239881 -0.930848 -0.266753 0.24973
0.102995 -0.292328 -0.185701 0.930848 0.266753 -0.24973
-0.159109 0.317389 -0.0524423 0.107858 0.4524 0.885269
0.121959 -0.396633 0.0203051 0.107858 0.4524 0.885269
-0.0523831 0.446094 0.161209 0.107858 0.4524 0.885269
-0.187205 0.281266 -0.460322 0.306888 -0.941684 0.138026
-0.0662458 0.186475 -0.271568 0.800185 0.488625 0.347776
-0.0169044 -0.173787 -0.291924 -0.107858 -0.4524 -0.885269
-0.0537167 0.0817746 0.0726809 0.107858 0.4524 0.885269
0.0814495 -0.542185 -0.0181927 -0.930848 -0.266753 0.24973
-0.248541 0.328459 -0.340807 -0.349126 0.850986 -0.392344
-0.0435723 0.203078 0.284324 0.107858 0.4524 0.885269
0.00426151 0.378571 0.16483 0.898704 0.185482 -0.397402
0.14327 -0.134168 0.134489 0.966585 0.160573 -0.199823
0.0809447 -0.342023 -0.00260534 0.107858 0.4524 0.885269
-0.136792 0.364048 -0.144494 0.349126 -0.850986 0.392344
-0.0214071 -0.0347347 0.110727 0.107858 0.4524 0.885269
0.237085 -0.311565 0.293558 0.930847 0.266754 -0.249731
-0.101511 0.251768 -0.00483583 -0.349126 0.850986 -0.392344
-0.0958137 0.176243 0.0884727 -0.930848 -0.266753 0.24973
-0.119455 0.170327 -0.00596619 -0.930848 -0.266753 0.24973
-0.143731 0.468473 -0.130385 -0.349126 0.850986 -0.392344
0.241007 -0.210358 0.427451 0.829657 0.0860629 -0.551599
-0.169163 0.555941 0.0819614 -0.349126 0.850986 -0.392343
-0.0989908 0.0245484 -0.105826 0.349126 -0.850986 0.392344
0.0408082 -0.159444 0.218987 0.349126 -0.850986 0.392344
-0.154661 -0.0204514 -0.3535 -0.107858 -0.4524 -0.885269
-0.20027 0.278133 -0.274357 0.349126 -0.850986 0.392344
-0.0786238 0.459731 -0.0319283 0.961216 -0.274807 0.0233571
-0.0129276 0.155106 0.140384 0.349126 -0.850986 0.392344
-0.00200245 -0.349803 -0.123757 -0.930848 -0.266753 0.24973
0.202036 -0.496824 -0.0349713 0.930848 0.266753 -0.24973
-0.138611 0.189606 -0.106652 -0.349126 0.850986 -0.392344
-0.0980395 0.379015 -0.0739566 0.18717 0.47358 0.860633
0.0301727 -0.103953 0.258781 -0.930848 -0.266753 0.24973
0.214937 -0.419851 0.172483 0.349126 -0.850986 0.392344
0.0517705 0.00716216 0.0395331 0.266911 -0.311039 -0.912148
-0.112583 0.163665 -0.443375 0.581942 -0.131272 -0.802565
-0.133886 0.447392 0.170475 0.107858 0.4524 0.885269
-0.00760769 0.338404 0.125959 0.389005 0.80026 -0.456353
-0.170711 0.0305815 -0.377623 -0.107859 -0.4524 -0.885269
-0.0527489 0.156264 -0.23178 0.343639 0.818611 -0.460204
0.00244423 -0.183927 -0.2891 -0.107858 -0.4524 -0.885269
0.108134 0.00410747 0.170306 0.65365 0.63876 -0.405867
-0.0930744 0.0290381 -0.0815446 -0.349126 0.850986 -0.392344
-0.241001 0.360788 -0.255577 -0.930848 -0.266753 0.24973
0.102664 -0.493901 -0.142904 -0.107858 -0.4524 -0.885269
-0.0993907 0.428775 -0.169821 0.930848 0.266753 -0.24973
-0.0393756 0.166542 0.250044 0.107858 0.4524 0.885269
0.0417719 -0.138732 0.263054 0.349126 -0.850986 0.392344
-0.0890419 0.433423 -0.0508547 0.785524 -0.584577 0.203032
0.0952631 -0.283104 -0.20467 0.930847 0.266748 -0.249737
-0.141522 0.319144 -0.237682 0.349126 -0.850986 0.392344
0.0820985 -0.222024 0.0861272 0.349126 -0.850986 0.392344
0.123317 -0.204409 -0.0160416 0.930848 0.266752 -0.24973
-0.111777 0.235645 0.0924229 -0.930848 -0.266753 0.24973
0.125341 -0.220928 0.427984 0.107858 0.4524 0.885269
-0.0587837 0.362165 0.204879 0.107858 0.4524 0.885269
0.215245 -0.208466 0.406805 0.332946 -0.278721 -0.900812
-0.0495426 0.266588 0.252596 0.107858 0.4524 0.885269
-0.159655 0.188938 -0.244629 0.107858 0.4524 0.885269
0.125101 -0.37265 0.325603 -0.930848 -0.266753 0.24973
0.00611249 -0.0208782 0.193425 -0.930848 -0.266753 0.24973
-0.162175 0.296782 -0.0682258 -0.107858 -0.4524 -0.885269
-0.0918777 0.238471 -0.0645492 -0.107858 -0.4524 -0.885269
-0.0991506 -0.0743049 -0.332742 -0.107858 -0.4524 -0.885269
-0.117147 0.337471 0.180948 -0.107859 -0.4524 -0.885269
-0.0321053 0.141688 -0.223238 0.857456 0.408312 -0.31313
0.0139751 0.0160098 0.326546 -0.930848 -0.266753 0.24973
0.118728 -0.00599133 0.179399 0.902641 0.328636 -0.277918
-0.0519413 0.32114 0.101521 -0.349126 0.850986 -0.392344
0.0988634 0.0924775 0.32349 0.107858 0.4524 0.885269
-0.178318 0.324514 -0.193292 0.349126 -0.850986 0.392344
-0.192103 0.543443 0.0752673 -0.349126 0.850986 -0.392344
0.0965943 -0.294138 -0.211495 0.930848 0.266753 -0.24973
0.0782561 -0.174528 -0.152085 0.930848 0.266753 -0.24973
-0.113174 0.455874 -0.184902 -0.349126 0.850986 -0.392344
0.196701 -0.403825 0.0603044 0.671574 0.623407 -0.40044
-0.167009 0.109244 -0.248468 -0.930848 -0.266753 0.24973
-0.0201901 -0.1163 0.0578687 -0.930848 -0.266753 0.24973
0.0138929 -0.0502314 0.255483 -0.930848 -0.266753 0.24973
0.0238646 -0.0664364 -0.239365 0.930848 0.266753 -0.24973
-0.14104 0.162223 -0.163883 -0.349126 0.850986 -0.392344
0.13647 -0.393844 -0.169362 0.930848 0.266753 -0.24973
-0.130636 0.456473 0.165439 0.107858 0.4524 0.885269
-0.185246 0.486206 -0.054981 -0.349126 0.850986 -0.392344
-0.00145396 0.0503958 0.0823489 0.107858 0.4524 0.885269
-0.0882188 0.317192 0.125239 -0.349126 0.850986 -0.392344
-0.0160718 -0.277418 -0.0988804 -0.930848 -0.266753 0.24973
-0.0616861 -0.148089 -0.130759 -0.930848 -0.266753 0.24973
0.140508 -0.318197 -0.0735078 0.930848 0.266753 -0.24973
-0.147388 0.261794 -0.0254596 0.107858 0.4524 0.885269
-0.01574 -0.0394206 0.129988 0.107858 0.4524 0.885269
-0.0472849 -0.272101 -0.209546 -0.930848 -0.266753 0.24973
0.120813 -0.131083 0.0529494 0.930848 0.266753 -0.24973
0.252174 -0.279763 0.383772 0.930848 0.266752 -0.24973
0.0571241 -0.470496 -0.0322885 -0.930848 -0.266753 0.24973
-0.113681 0.294872 0.119293 0.349125 -0.850986 0.392344
0.0452539 -0.475152 -0.14549 -0.107858 -0.4524 -0.885269
0.237812 -0.256966 0.359994 0.804014 0.484057 -0.345326
0.116792 -0.339353 -0.184505 0.930848 0.266753 -0.24973
-0.154959 0.0677711 -0.247851 -0.930848 -0.266753 0.24973
0.133354 -0.566138 -0.0722134 0.349126 -0.850985 0.392346
-0.0209934 -0.00962444 0.115402 0.107858 0.4524 0.885269
0.015873 -0.0424214 0.271206 -0.930848 -0.266753 0.24973
-0.070474 0.370687 0.14073 -0.107858 -0.4524 -0.885269
0.113745 -0.339596 0.318583 -0.930848 -0.266753 0.24973
-0.0646262 -0.170606 -0.165771 -0.930848 -0.266753 0.24973
-0.107196 -0.13427 -0.301118 -0.107858 -0.4524 -0.885269
-0.20918 0.218777 -0.288656 -0.930848 -0.266753 0.24973
-0.051056 0.166501 0.244897 -0.930848 -0.266753 0.249731
-0.0694576 0.1906 -0.165842 -0.291388 0.865742 -0.406919
-0.185283 0.411744 -0.0177013 -0.349127 0.850986 -0.392344
0.249054 -0.261089 0.438622 0.274081 -0.0577052 0.959974
0.0712426 -0.0530559 0.0388024 0.0937191 0.881812 -0.462195
0.0271365 0.00541068 0.364282 -0.930848 -0.266753 0.24973
0.000569674 -0.0619667 -0.321421 0.930848 0.266753 -0.249731
-0.0121104 0.0759154 -0.221404 0.930848 0.266753 -0.24973
-0.0714921 0.102233 0.077817 0.349126 -0.850986 0.392344
0.0702959 -0.128191 0.382446 -0.930848 -0.266753 0.249731
-0.133212 0.42671 0.119744 -0.107858 -0.4524 -0.885269
0.0753208 0.017691 0.179162 -0.22068 0.879143 -0.422384
-0.255316 0.296036 -0.405105 -0.349126 0.850986 -0.392344
-0.121342 0.220694 0.0407995 -0.930848 -0.266753 0.24973
0.164343 -0.396164 -0.0679479 0.930848 0.266753 -0.24973
-0.151823 0.330119 -0.423272 -0.349126 0.850986 -0.392344
0.0668299 -0.103576 0.336816 -0.349126 0.850986 -0.392344
0.0137562 0.0570794 0.351949 0.107858 0.4524 0.885269
0.0199987 -0.0337592 -0.21887 0.930848 0.266753 -0.24973
0.0684003 -0.252486 -0.224901 -0.124875 0.874509 0.468659
0.131379 -0.142197 0.214396 0.470974 -0.807453 0.355251
0.0558929 0.258804 0.227428 0.930848 0.266753 -0.24973
-0.168209 0.549182 0.122639 0.107858 0.4524 0.885269
0.0702545 -0.00910093 0.126074 -0.19716 0.882511 -0.426969
0.0606754 -0.536961 -0.0900471 -0.930848 -0.266753 0.24973
-0.0728408 0.0774824 0.00419868 -0.930848 -0.266753 0.24973
0.214364 -0.273568 0.448434 0.107832 0.452463 0.88524
0.201164 -0.213538 0.406378 -0.0275778 -0.427839 -0.903434
0.055778 0.260184 0.228474 0.930848 0.266753 -0.24973
0.0546746 -0.00546359 0.332773 -0.20571 0.947395 0.245207
-0.0442179 -0.27971 -0.206241 -0.930848 -0.266753 0.24973
-0.0350457 0.0931511 -0.288483 0.930848 0.266753 -0.24973
0.104705 -0.424196 -0.178774 -0.107858 -0.4524 -0.885269
-0.0731738 0.225415 0.225385 -0.930848 -0.266753 0.24973
-0.0521037 0.0821057 -0.363863 0.930848 0.266753 -0.24973
0.209706 -0.186458 0.45253 0.107858 0.4524 0.885269
0.145856 -0.150349 0.380638 -0.107858 -0.4524 -0.885269
-0.0363088 0.261851 0.215882 -0.107855 -0.452407 -0.885266
-0.0173345 -0.349749 -0.180849 -0.930848 -0.266753 0.24973
-0.064285 0.173017 0.185317 0.349126 -0.850986 0.392344
-0.113971 0.508054 0.137049 0.107858 0.4524 0.885269
0.120397 -0.284293 0.37119 -0.349126 0.850986 -0.392344
-0.0663546 -0.236607 -0.242713 -0.930848 -0.266753 0.24973
0.166686 -0.092186 0.409596 0.107858 0.4524 0.885269
-0.0931727 0.0543771 -0.0463055 0.349126 -0.850986 0.392344
-0.173181 0.372058 -0.313301 -0.349126 0.850986 -0.392344
-0.0559088 0.195471 0.226566 0.349126 -0.850986 0.392344
0.138542 -0.120454 0.254003 0.533997 -0.777467 0.332252
0.0783506 -0.0058616 0.057901 0.696779 -0.0442123 -0.715922
-0.0605763 -0.192901 -0.17449 -0.930848 -0.266753 0.24973
-0.0852575 0.365639 -0.0701484 0.361496 0.50859 0.781445
-0.172577 0.0913035 -0.288386 -0.930848 -0.266753 0.24973
0.117135 -0.0717766 0.405203 0.107858 0.4524 0.885269
-0.133384 0.0271845 -0.210788 -0.930848 -0.266753 0.24973
-0.0942353 0.50246 -0.071898 0.930848 0.266753 -0.24973
0.0836507 0.18837 0.256093 0.920391 0.23275 -0.314177
0.0486982 -0.483235 -0.141779 -0.107858 -0.4524 -0.885269
-0.0139649 0.280406 0.2412 0.107858 0.4524 0.885269
-0.0854586 0.339338 0.158576 -0.107858 -0.4524 -0.885269
-0.00564186 -0.0315229 0.202652 -0.930848 -0.266753 0.24973
0.0818805 -0.330449 -0.0086338 0.107858 0.4524 0.885269
0.0729749 -0.130654 0.379453 -0.107858 -0.4524 -0.885269
0.205662 -0.476664 7.90563e-05 0.930848 0.266753 -0.24973
-0.0116096 0.0129351 -0.286811 0.930848 0.266753 -0.24973
-0.133556 0.378773 0.164126 -0.930848 -0.266753 0.24973
-0.0134817 0.0681194 -0.234843 0.930848 0.266753 -0.24973
0.217078 -0.295771 0.439705 0.349126 -0.850986 0.392344
0.0670334 0.123886 0.311318 0.107858 0.4524 0.885269
0.00376382 -0.0223045 0.247558 -0.930848 -0.266753 0.24973
-0.0526436 0.190736 0.239297 0.107858 0.4524 0.885269
0.0366578 -0.39858 -0.031757 -0.930848 -0.266753 0.24973
0.0371378 -0.335549 -0.215843 -0.107858 -0.4524 -0.885269
-0.00604044 -0.0236114 -0.30509 0.930848 0.266753 -0.24973
0.029704 0.199756 0.198005 0.49256 -0.797806 0.347692
-0.100778 0.276845 -0.32155 0.879948 0.441677 0.174969
0.212278 -0.37643 0.133781 0.857457 0.408311 -0.313129
0.113342 -0.0897336 0.0692693 0.930848 0.266753 -0.24973
0.0506349 -0.0381072 0.396099 0.107858 0.4524 0.885269
-0.207353 0.441795 -0.0436288 -0.930848 -0.266753 0.24973
-0.105567 0.353801 -0.0600157 0.107858 0.4524 0.885269
0.224369 -0.229507 0.472743 0.107858 0.4524 0.885269
0.117981 -0.236482 0.152598 -0.107858 -0.4524 -0.885269
0.108066 -0.194825 0.194321 0.107858 0.4524 0.885269
-0.0209527 -0.058111 -0.340659 0.581942 -0.131272 -0.802565
-0.101582 0.383698 -0.145706 0.754091 -0.617504 0.223688
0.157384 -0.336486 0.404514 0.349126 -0.850986 0.392344
-0.124036 0.201547 -0.0541047 -0.349126 0.850986 -0.392344
-0.0817726 0.189505 -0.359731 0.930848 0.266753 -0.24973
0.153904 -0.0300062 0.28426 0.930848 0.266753 -0.24973
-0.0778052 0.252508 0.237061 -0.930857 -0.266727 0.249724
-0.211146 0.493515 -0.00252125 -0.930848 -0.266753 0.24973
0.205126 -0.420685 0.0579467 0.921999 0.287558 -0.259284
-0.207658 0.237561 -0.263628 0.107858 0.4524 0.885269
-0.0901562 0.470152 0.0922977 -0.107858 -0.4524 -0.885269
0.0943571 -0.0894313 0.00377815 0.804011 0.484061 -0.345328
