ply
format ascii 1.0
comment Created by Open3D
element vertex 512
property double x
property double y
property double z
property double nx
property double ny
property double nz
end_header
0.0298531 -0.0660871 -0.216984 0.998671 0.0490706 -0.0157381
0.333806 -0.0567677 0.0369975 0.998671 0.0490706 -0.0157382
0.126948 -0.0518013 -0.223577 0.998671 0.0490707 -0.0157381
0.26739 0.0480393 -0.0381641 -0.998671 -0.0490707 0.0157382
-0.145738 0.266232 0.399423 -0.0513542 0.922276 -0.383105
0.325675 0.226081 0.40292 0.998671 0.0490706 -0.0157382
0.05645 -0.209383 -0.259326 0.00428437 -0.383404 -0.923571
-0.0246917 0.0212474 -0.206573 -0.0513542 0.922276 -0.383105
0.126869 -0.0589377 -0.25084 0.998671 0.0490707 -0.0157381
0.267494 0.100777 0.132825 -0.998671 -0.0490706 0.0157381
0.269127 0.258743 0.325782 -0.051354 0.922276 -0.383105
0.190738 0.0352123 -0.201832 -0.0513543 0.922276 -0.383105
0.155323 -0.0588599 -0.148108 -0.00428427 0.383404 0.923571
-0.228262 0.082005 0.488944 0.0264409 -0.923213 0.383378
-0.203525 0.219212 0.384464 0.00427959 -0.383408 -0.923569
0.292978 0.165551 0.47401 -0.00428428 0.383404 0.923571
0.0910635 0.0037639 -0.264179 -0.0513542 0.922276 -0.383105
0.152403 0.158564 0.411292 0.00428276 -0.383406 -0.92357
-0.0275134 -0.117151 -0.203903 -0.998671 -0.0490706 0.0157382
0.331341 0.0974631 0.361478 0.998671 0.0490706 -0.0157382
0.273218 -0.0995355 -0.128469 -0.998671 -0.0490707 0.0157382
-0.0448116 0.260344 0.371718 -0.0513546 0.922276 -0.383106
0.0272942 -0.0643284 -0.373876 0.998671 0.0490706 -0.0157381
-0.0129012 -0.191931 -0.36531 -0.0505955 0.991648 -0.118638
0.329197 0.143361 0.368502 0.998671 0.0490706 -0.0157382
0.0715799 0.141625 0.465096 0.17216 0.910072 -0.377001
0.329299 0.120484 0.303643 0.998671 0.0490706 -0.0157382
-0.249431 0.16411 0.462992 0.682047 0.434323 0.588366
0.274626 -0.0661316 0.0649971 -0.998671 -0.0490707 0.0157382
0.311516 -0.142003 -0.122579 0.0513541 -0.922276 0.383105
0.0882351 0.226104 0.398196 -0.17216 -0.910072 0.377002
-0.274303 0.237787 0.376424 0.00428693 -0.383401 -0.923572
0.267012 0.0503586 -0.0549028 -0.998671 -0.0490707 0.0157382
-0.296136 0.183443 0.398883 0.00428401 -0.383405 -0.92357
0.299413 0.0482675 0.337096 0.0513542 -0.922276 0.383105
0.162325 0.250854 0.437993 -0.00428627 0.383409 0.923569
0.323575 0.228203 0.276284 0.998671 0.0490706 -0.0157381
0.264587 0.206614 0.278357 -0.998671 -0.0490706 0.0157381
-0.298663 0.242491 0.421115 -0.66281 0.690471 -0.289711
0.329273 0.0173105 -0.0196599 0.998671 0.0490706 -0.0157381
-0.166237 0.0709742 0.454179 0.0513542 -0.922276 0.383105
0.296926 0.264556 0.336049 -0.051354 0.922276 -0.383105
0.0368839 -0.175213 -0.165713 0.0513544 -0.922276 0.383105
-0.0459964 0.272937 0.402193 -0.0513542 0.922276 -0.383105
0.308269 0.0700182 0.388271 0.0513542 -0.922276 0.383105
0.179764 -0.0871818 -0.201204 0.00428423 -0.383404 -0.923571
0.0686236 -0.0214073 -0.194138 0.272292 -0.888234 0.369997
-0.0184977 0.0940483 0.489922 0.0513543 -0.922276 0.383105
0.270125 0.127324 0.382601 -0.998671 -0.0490706 0.0157381
0.0282096 0.183508 0.417162 0.995171 -0.0889361 0.0415366
0.174273 0.033638 -0.203415 -0.0513543 0.922276 -0.383105
0.326292 0.0315165 -0.164526 0.998671 0.0490706 -0.0157381
0.302477 0.129654 0.0105461 -0.0513542 0.922276 -0.383105
0.0761772 0.0825981 0.442474 0.00428428 -0.383404 -0.923571
-0.00977219 -0.178533 -0.167452 0.0513541 -0.922276 0.383105
0.15756 -0.0253785 -0.161997 -0.00428406 0.383404 0.923571
0.324683 0.11974 0.00841922 0.998671 0.0490706 -0.0157381
0.20417 -0.157621 -0.145787 0.0513542 -0.922276 0.383105
-0.132481 0.172855 0.437968 -0.710238 0.268919 0.650573
-0.208877 0.264492 0.403696 -0.0513542 0.922276 -0.383105
0.326526 0.113123 0.104762 0.998671 0.0490706 -0.0157381
-0.0321041 -0.101203 -0.445484 -0.998671 -0.0490704 0.0157383
0.0222041 0.241076 0.31635 -0.0513541 0.922276 -0.383105
-0.0257635 -0.170565 -0.259408 -0.998671 -0.0490706 0.0157382
0.323163 0.254403 0.331843 0.998671 0.0490706 -0.0157381
-0.0887874 0.0745807 0.452479 0.0513542 -0.922276 0.383105
0.040548 0.215375 0.418567 0.76701 -0.591333 0.249039
0.324782 0.114263 -0.00236493 0.998671 0.0490706 -0.0157381
0.288729 -0.0193649 -0.228852 0.00428423 -0.383404 -0.923571
0.0163777 -0.247971 -0.339092 0.0515309 -0.948349 0.313017
0.330398 0.0466568 0.143176 0.998671 0.0490706 -0.0157382
0.0276627 0.158434 0.34407 0.998671 0.0490706 -0.0157381
0.32007 0.260395 0.322929 -0.0513542 0.922276 -0.383105
0.263981 0.154602 0.0777851 -0.998671 -0.0490706 0.0157381
0.267404 0.183286 0.384412 -0.998671 -0.0490706 0.0157381
0.268849 0.118118 0.27288 -0.998671 -0.0490706 0.0157381
0.273383 -0.00701931 0.170455 -0.998671 -0.0490707 0.0157382
0.104096 -0.190438 -0.211377 0.0513544 -0.922276 0.383105
-0.0298535 0.130146 0.418663 -0.998671 -0.0490706 0.0157382
0.151442 0.113311 0.495041 -0.00428421 0.383404 0.923571
-0.0318749 -0.0423393 -0.247407 -0.998671 -0.0490706 0.0157382
0.0981894 0.0245268 -0.21515 -0.0513543 0.922276 -0.383105
-0.00730599 0.178887 0.315491 0.00428424 -0.383404 -0.923571
0.138647 0.00637292 -0.240233 0.00428425 -0.383404 -0.923571
0.264799 0.13572 0.0707825 -0.998671 -0.0490706 0.0157381
0.291226 0.139126 0.0348573 -0.0513542 0.922276 -0.383105
0.0271841 0.166462 0.338728 0.998671 0.0490706 -0.0157381
0.264886 0.185259 0.230745 -0.998671 -0.0490706 0.0157381
-0.0332023 -0.0556524 -0.373143 -0.998671 -0.0490706 0.0157382
0.0260125 0.195535 0.355036 0.998671 0.0490706 -0.0157381
0.332505 0.0872521 0.403486 0.998671 0.0490706 -0.0157382
0.325237 0.058994 -0.145846 0.998671 0.0490706 -0.0157381
0.0994189 0.276382 0.390995 -0.0513542 0.922276 -0.383105
-0.0302225 -0.0693343 -0.226722 -0.998671 -0.0490706 0.0157382
0.0330556 0.194697 0.395738 0.00427514 -0.383405 -0.923571
0.327444 0.0352834 -0.0796899 0.998671 0.0490706 -0.0157381
0.226777 -0.00969984 -0.168184 -0.00428427 0.383404 0.923571
0.331181 -0.0656278 -0.157185 0.998671 0.0490706 -0.0157381
0.133751 -0.179903 -0.19131 0.998671 0.0490706 -0.0157382
-0.0267258 -0.169146 -0.316043 -0.998671 -0.0490706 0.0157382
0.314898 0.136959 0.0264678 -0.0513542 0.922276 -0.383105
0.0278048 0.190996 0.448365 0.99999 0.0030384 0.00337738
0.245048 -0.07458 -0.141166 -0.00428427 0.383404 0.923571
-0.142854 0.159241 0.409641 0.00428192 -0.383407 -0.92357
-0.105596 0.213284 0.387379 0.00428512 -0.383405 -0.92357
0.0147924 0.0839175 0.355019 0.00428431 -0.383404 -0.923571
-0.176044 0.200475 0.409039 -0.172163 -0.910071 0.377001
0.32748 0.0724296 0.0384088 0.998671 0.0490706 -0.0157381
0.26551 0.097445 -0.00340624 -0.998671 -0.0490706 0.0157381
0.0104955 0.117875 0.492492 -0.00428425 0.383404 0.923571
0.327095 0.148013 0.24966 0.998671 0.0490706 -0.0157382
0.0429288 -0.0416654 -0.199096 0.767008 -0.591336 0.24904
-0.0280996 -0.124934 -0.265364 -0.998671 -0.0490706 0.0157382
-0.025453 -0.193505 -0.311224 -0.998671 -0.0490706 0.0157382
-0.208728 0.0707967 0.446051 0.00428428 -0.383404 -0.923571
0.21196 0.104025 0.434209 0.00428549 -0.383399 -0.923573
0.330497 0.0907377 0.286954 0.998671 0.0490706 -0.0157382
0.259448 0.232713 0.445974 -0.00428428 0.383404 0.923571
0.0555945 -0.16497 -0.143564 0.0513544 -0.922276 0.383105
0.24661 -0.111513 -0.190794 0.00428423 -0.383404 -0.923571
0.0180146 0.214481 0.452422 -0.00428322 0.383395 0.923574
0.0505865 -0.115987 -0.124878 -0.00428494 0.383405 0.92357
0.265302 0.0433363 -0.185308 -0.998671 -0.0490707 0.0157382
-0.125932 0.142585 0.471529 -0.587956 0.637231 0.498241
0.241547 0.190391 0.398493 0.00428429 -0.383404 -0.923571
0.0796522 0.253184 0.371674 0.00428416 -0.383404 -0.923571
0.104862 -0.0423153 -0.226313 -0.452061 -0.824562 0.340205
0.178734 0.196779 0.39555 0.00428429 -0.383404 -0.923571
0.307637 0.107174 -0.0442631 -0.0513542 0.922276 -0.383105
0.112111 -0.074867 -0.293811 -0.579222 -0.753822 0.310249
0.273308 0.00214252 0.194227 -0.998671 -0.0490707 0.0157382
-0.0236835 -0.246668 -0.364702 -0.998671 -0.0490706 0.0157383
-0.157174 0.0892274 0.496906 0.0513543 -0.922276 0.383105
0.329962 0.00350225 -0.0190024 0.998671 0.0490706 -0.0157381
-0.030692 0.130022 0.365067 -0.998671 -0.0490706 0.0157381
0.0161009 -0.03487 -0.347137 -0.0513542 0.922276 -0.383105
0.267894 0.0164268 -0.104736 -0.998671 -0.0490707 0.0157382
0.0277922 -0.0621655 -0.33553 0.998671 0.0490706 -0.0157382
0.273119 -0.0748808 -0.0579174 -0.998671 -0.0490707 0.0157382
0.0743761 -0.12618 -0.120536 -0.00428425 0.383404 0.923571
-0.16986 0.211198 0.417908 -0.193544 -0.358271 0.913336
0.327797 -0.103394 -0.193788 0.00428423 -0.383404 -0.923571
0.112502 -0.0677622 -0.275819 -0.579222 -0.753822 0.310249
0.32192 -0.127734 -0.18371 0.00428423 -0.383404 -0.923571
0.269144 0.123218 0.30751 -0.998671 -0.0490706 0.0157381
0.080075 -0.161008 -0.272792 0.0724774 0.921269 -0.382112
0.0271593 0.182101 0.385917 0.998671 0.0490706 -0.0157382
0.0871218 0.0303077 -0.19975 -0.0513543 0.922276 -0.383105
0.316304 -0.0876647 0.00759177 0.0513541 -0.922276 0.383105
-0.0293222 -0.158151 -0.446519 -0.998671 -0.0490707 0.0157382
0.0677026 0.0167806 -0.229712 -0.0513542 0.922276 -0.383105
0.326079 0.0778377 -0.0336287 0.998671 0.0490706 -0.0157381
-0.125955 0.0706307 0.447952 0.0513542 -0.922276 0.383105
-0.0804241 0.257944 0.370716 -0.0513542 0.922276 -0.383105
-0.235117 0.171858 0.403975 0.00428448 -0.383403 -0.923571
0.0317064 0.0953105 0.403849 0.998671 0.0490706 -0.0157382
0.264715 0.103641 -0.0345554 -0.998671 -0.0490706 0.0157381
0.18768 0.233467 0.445328 -0.00428637 0.383407 0.923569
-0.0256159 -0.203473 -0.352643 -0.998671 -0.0490707 0.015738
0.333952 -0.025161 0.144797 0.998671 0.0490706 -0.0157382
0.324781 0.196541 0.254134 0.998671 0.0490706 -0.0157381
0.315408 -0.026708 -0.22568 0.00428423 -0.383404 -0.923571
0.273149 0.0265165 0.260158 -0.998671 -0.0490707 0.0157382
0.0859667 0.118654 0.427551 0.00428428 -0.383404 -0.923571
0.0278604 -0.0600117 -0.32449 0.998671 0.0490706 -0.0157382
-0.200097 0.0779974 0.475625 0.0513542 -0.922276 0.383105
0.289558 -0.0889589 0.00806146 0.0513541 -0.922276 0.383105
0.332507 0.00412705 0.144429 0.998671 0.0490706 -0.0157382
-0.0571324 0.165748 0.472305 -0.00428435 0.383403 0.923571
0.152407 0.219503 0.385994 0.00428429 -0.383404 -0.923571
0.0219987 -0.232787 -0.302321 0.0513541 -0.922276 0.383105
0.123873 -0.0632632 -0.233162 -0.821899 -0.527441 0.215145
0.0999205 0.223875 0.401136 -0.363932 -0.860842 0.355675
0.0293777 0.14486 0.410574 0.998671 0.0490706 -0.0157382
0.328023 0.0804129 0.0977227 0.998671 0.0490706 -0.0157381
-0.0363768 0.233035 0.325528 -0.998671 -0.0490706 0.0157381
0.273747 -0.0367731 0.1008 -0.998671 -0.0490707 0.0157382
0.330622 0.1037 0.335293 0.998671 0.0490706 -0.0157382
0.271093 0.0325857 0.148608 -0.998671 -0.0490707 0.0157382
0.317932 0.0202398 0.26714 0.0513542 -0.922276 0.383105
0.206776 -0.0616239 -0.146722 -0.00428427 0.383404 0.923571
0.282104 -0.135584 -0.103183 0.0513541 -0.922276 0.383105
-0.164818 0.0987571 0.499615 -0.00428421 0.383404 0.923571
0.272269 0.0846926 0.385711 -0.998671 -0.0490707 0.0157382
0.204271 0.249511 0.373777 0.00428822 -0.383412 -0.923568
0.27322 0.28698 0.393211 -0.0513543 0.922276 -0.383104
0.0915106 0.128856 0.433181 -0.223993 0.899743 -0.374552
0.321951 0.168319 0.101017 -0.0513542 0.922276 -0.383105
-0.307123 0.0973925 0.436332 -0.765065 -0.595991 0.243866
-0.24559 0.193191 0.395071 0.00428427 -0.383404 -0.923571
0.0176198 0.166165 0.320888 0.00428431 -0.383404 -0.923571
0.265337 0.14451 0.132356 -0.998671 -0.0490706 0.0157381
-0.0279609 -0.114282 -0.223354 -0.998671 -0.0490706 0.0157382
-0.31824 0.171748 0.403636 0.00428429 -0.383405 -0.92357
0.307357 0.251379 0.30293 -0.051354 0.922276 -0.383105
0.264462 0.239744 0.373745 -0.998671 -0.0490706 0.0157381
0.264169 0.244726 0.370697 -0.998671 -0.0490706 0.0157381
0.278265 -0.0836146 0.022441 0.0513541 -0.922276 0.383105
0.330028 0.0131546 0.0152463 0.998671 0.0490706 -0.0157381
-0.19589 0.261702 0.431827 -0.0042843 0.383404 0.923571
0.0545451 0.0111936 -0.241398 -0.0513542 0.922276 -0.383105
0.109644 -0.154175 -0.275558 -0.541171 0.775757 -0.324552
0.164722 0.16395 0.409113 0.00428429 -0.383404 -0.923571
-0.0229915 -0.105442 -0.129597 -0.00428424 0.383404 0.923571
0.184557 0.28888 0.42231 -0.0042843 0.383404 0.923571
-0.0259157 -0.0561639 -0.392767 -0.0513543 0.922276 -0.383105
0.269254 0.0524796 -0.170788 -0.0513542 0.922276 -0.383105
-0.00872871 -0.147099 -0.331906 -0.00597662 -0.193052 -0.98117
0.230451 -0.157474 -0.148956 0.0513542 -0.922276 0.383105
0.030226 0.172242 0.444572 0.955118 0.275131 -0.109785
0.269083 0.0727084 0.146197 -0.998671 -0.0490706 0.0157381
0.0248861 0.214114 0.341486 0.998671 0.0490706 -0.0157382
0.0109225 -0.208542 -0.24247 0.0513541 -0.922276 0.383105
0.300687 -0.021784 0.168285 0.0513541 -0.922276 0.383105
-0.318922 0.122048 0.452315 -0.87749 -0.444371 0.180402
0.330529 -0.0265736 -0.0768191 0.998671 0.0490706 -0.0157381
-0.268882 0.159633 0.473861 -0.0042845 0.383405 0.923571
-0.209418 0.12744 0.466823 0.318659 0.85328 0.412758
-0.00956613 -0.217502 -0.261293 0.0513541 -0.922276 0.383105
-0.0804343 0.142681 0.481772 -0.00428416 0.383404 0.923571
0.328832 0.0868721 0.169235 0.998671 0.0490706 -0.0157382
-0.330906 0.149391 0.421933 -0.99487 -0.0949853 0.0348168
0.223791 -0.142513 -0.113063 -0.00428425 0.383404 0.923571
0.254034 0.0368141 -0.187367 -0.00428574 0.383406 0.92357
0.0267395 0.181792 0.358314 0.998671 0.0490706 -0.0157381
-0.287481 0.134152 0.419385 0.00428381 -0.383402 -0.923571
-0.0613829 0.194286 0.395471 0.0042843 -0.383404 -0.923571
-0.0112188 0.250045 0.342422 -0.0513546 0.922276 -0.383104
-0.0297441 0.108062 0.356747 -0.998671 -0.0490706 0.0157381
0.274737 -0.0792335 0.0311869 -0.998671 -0.0490707 0.0157382
0.0292945 0.138323 0.384906 0.998671 0.0490706 -0.0157381
0.115966 0.102955 0.493339 0.0513543 -0.922276 0.383105
0.328848 -0.0290013 -0.191027 0.998671 0.0490706 -0.0157381
-0.0297025 -0.072564 -0.203794 -0.998671 -0.0490706 0.0157382
0.144009 -0.0784141 -0.140043 -0.00428458 0.383403 0.923571
-0.106048 0.273898 0.412556 -0.0513542 0.922276 -0.383105
0.328341 0.160094 0.366382 0.998671 0.0490706 -0.0157382
0.294885 0.231668 0.25715 -0.051354 0.922276 -0.383105
0.247614 -0.152801 -0.140008 0.0513542 -0.922276 0.383105
0.325177 0.155629 0.151641 0.998671 0.0490706 -0.0157381
0.323469 0.212762 0.221425 0.998671 0.0490706 -0.0157381
-0.0350941 0.21841 0.361321 -0.998671 -0.0490706 0.0157381
0.266648 0.143353 0.211911 -0.998671 -0.0490706 0.0157381
0.287808 0.0789639 0.412549 0.0513542 -0.922276 0.383105
0.112367 -0.0165526 -0.315944 -0.0513542 0.922276 -0.383105
0.327858 0.184184 0.410848 0.998671 0.0490706 -0.0157382
-0.0304846 -0.0704779 -0.246918 -0.998671 -0.0490706 0.0157382
0.0126925 0.274748 0.398687 -0.0513542 0.922276 -0.383105
0.326334 0.177444 0.29308 0.998671 0.0490706 -0.0157382
-0.237176 0.162073 0.408028 0.00428427 -0.383405 -0.92357
0.274512 -0.0748675 0.0305107 -0.998671 -0.0490707 0.0157382
0.00515204 -0.196046 -0.394839 0.681713 0.644665 0.345939
0.328549 0.16455 0.393481 0.998671 0.0490706 -0.0157382
-0.0444539 0.265042 0.382982 -0.0513546 0.922276 -0.383106
0.191054 0.283211 0.395152 -0.0513543 0.922276 -0.383104
-0.0310339 -0.109892 -0.404662 -0.998671 -0.0490706 0.0157382
-0.319768 0.188445 0.396697 0.00428401 -0.383405 -0.92357
0.103508 0.110745 0.430916 0.00428428 -0.383404 -0.923571
0.038107 -0.101191 -0.185011 0.862217 0.469233 -0.190794
0.271042 0.0772758 0.284733 -0.998671 -0.0490707 0.0157382
0.0250973 -0.127505 -0.439315 0.728539 -0.210184 0.651961
-0.0292529 -0.115729 -0.30985 -0.998671 -0.0490706 0.0157382
-0.0282914 0.265201 0.431152 -0.00428347 0.383397 0.923574
0.227786 0.120497 0.427444 0.00428429 -0.383404 -0.923571
0.333635 -0.121503 -0.175682 0.998671 0.0490706 -0.0157381
-0.230731 0.0773225 0.477838 0.026441 -0.923213 0.383378
0.112874 0.144955 0.445632 -0.624662 0.720188 -0.301871
0.332675 0.057932 0.322861 0.998671 0.0490706 -0.0157382
0.0510112 0.252242 0.4369 -0.00428493 0.383407 0.92357
0.300952 0.220148 0.228602 -0.051354 0.922276 -0.383105
0.332678 0.0445851 0.281425 0.998671 0.0490706 -0.0157382
-0.0447209 0.240827 0.376227 0.0042843 -0.383404 -0.923571
0.281607 0.0930593 0.447313 0.0513542 -0.922276 0.383105
0.139169 0.27948 0.393125 -0.0513542 0.922276 -0.383105
0.0380082 -0.193149 -0.26615 0.00428467 -0.383404 -0.923571
0.328235 -0.084493 0.0136281 0.0513542 -0.922276 0.383105
0.299555 -0.0722766 0.046882 0.0513541 -0.922276 0.383105
0.327346 0.0941476 0.0975831 0.998671 0.0490706 -0.0157381
0.26696 0.12733 0.181736 -0.998671 -0.0490706 0.0157381
-0.261057 0.100859 0.433329 0.00428285 -0.383402 -0.923572
0.00610113 -0.0297219 -0.160896 -0.00428424 0.383404 0.923571
-0.0311679 0.147565 0.389572 -0.998671 -0.0490706 0.0157382
0.27108 0.0119158 0.0833449 -0.998671 -0.0490707 0.0157382
0.284195 -0.0633513 0.0704274 0.0513541 -0.922276 0.383105
0.265605 0.0413686 -0.172254 -0.998671 -0.0490707 0.0157382
0.325595 0.0483967 -0.156144 0.998671 0.0490706 -0.0157381
0.052599 0.151546 0.470352 0.541272 0.777476 -0.320244
0.0174699 -0.087384 -0.386475 0.742471 -0.64621 0.176493
0.0256258 -0.102519 -0.456682 -0.0374791 0.482014 -0.875362
0.118969 -0.167628 -0.158456 0.0513543 -0.922276 0.383105
0.154021 0.234508 0.44474 -0.00428577 0.383407 0.92357
0.186833 0.205706 0.391881 0.00428429 -0.383404 -0.923571
0.00309448 0.262497 0.370481 -0.0513546 0.922276 -0.383106
0.193587 0.200701 0.458958 -0.00428428 0.383404 0.923571
-0.0307496 -0.0947945 -0.33955 -0.998671 -0.0490706 0.0157382
0.12466 -0.019885 -0.269285 0.998671 0.0490706 -0.0157382
0.110925 -0.0340385 -0.209403 -0.541272 -0.777475 0.320244
0.306392 -0.0537988 0.0904485 0.0513541 -0.922276 0.383105
0.270512 0.0272285 0.0950618 -0.998671 -0.0490707 0.0157382
0.251042 0.272358 0.429477 -0.00428577 0.383407 0.92357
0.308039 -0.0819082 -0.202798 0.00428423 -0.383404 -0.923571
-0.00728643 -0.189821 -0.194961 0.0513541 -0.922276 0.383105
0.00171783 0.250693 0.342249 -0.0513546 0.922276 -0.383104
-0.134716 0.269202 0.405094 -0.0513542 0.922276 -0.383105
-0.012129 0.269409 0.42948 -0.00428356 0.383397 0.923574
0.0759511 0.24361 0.375632 0.00428416 -0.383404 -0.923571
0.251299 -0.163918 -0.169017 0.00428424 -0.383404 -0.923571
0.21892 -0.154767 -0.140895 0.0513542 -0.922276 0.383105
0.235564 -0.103409 -0.129242 -0.00428427 0.383404 0.923571
0.308827 0.0481364 -0.186549 -0.0513542 0.922276 -0.383105
0.141242 0.251185 0.37279 0.00428416 -0.383404 -0.923571
0.149179 0.116389 0.428785 0.00428417 -0.383404 -0.923571
0.23332 0.164981 0.409003 0.00428429 -0.383404 -0.923571
-0.0226947 -0.228079 -0.284997 0.0513541 -0.922276 0.383105
0.229905 0.232977 0.38076 0.00428429 -0.383404 -0.923571
-0.156877 0.0790122 0.472274 0.0513542 -0.922276 0.383105
0.31568 0.294835 0.420446 -0.00428428 0.383404 0.923571
0.324199 0.191315 0.200895 0.998671 0.0490706 -0.0157381
0.246712 0.187706 0.399631 0.00428429 -0.383404 -0.923571
0.19728 -0.0981385 -0.131607 -0.00428522 0.383402 0.923571
0.327276 0.0256998 -0.120245 0.998671 0.0490706 -0.0157381
0.264797 0.0839942 -0.0906358 -0.998671 -0.0490706 0.0157381
-0.246449 0.116246 0.491976 -0.004284 0.383404 0.923571
-0.00411364 0.223158 0.297127 0.00428424 -0.383404 -0.923571
-0.0259884 -0.204822 -0.380485 -0.998671 -0.0490706 0.015738
-0.283389 0.249097 0.407547 -0.501302 0.798322 -0.333735
0.304936 0.217617 0.221977 -0.0513542 0.922276 -0.383105
0.268946 0.140246 0.348027 -0.998671 -0.0490706 0.0157381
0.169169 -0.12572 -0.185255 0.00428424 -0.383404 -0.923571
-0.0649449 0.210512 0.388718 0.0042843 -0.383404 -0.923571
-0.0133593 -0.168943 -0.404193 -0.00428471 0.383414 0.923567
0.16623 -0.0643151 -0.21076 0.00428423 -0.383404 -0.923571
0.323082 0.263738 0.355793 0.998671 0.0490706 -0.0157381
0.0642674 -0.208546 -0.249631 0.0513542 -0.922276 0.383105
0.333891 -0.135806 -0.11066 0.0513542 -0.922276 0.383105
0.328588 0.138505 0.314736 0.998671 0.0490706 -0.0157382
0.331837 -0.0867461 -0.18145 0.998671 0.0490706 -0.0157381
0.0283572 -0.0743824 -0.337772 0.998671 0.0490706 -0.0157382
0.26134 0.149662 0.415493 0.00428429 -0.383404 -0.923571
0.265532 0.1428 0.139397 -0.998671 -0.0490706 0.0157381
0.101309 -0.0577018 -0.322085 0.00428869 -0.383406 -0.92357
-0.0824501 0.143986 0.481221 -0.00428416 0.383404 0.923571
0.327948 0.112042 0.191634 0.998671 0.0490706 -0.0157382
-0.0265761 -0.158001 -0.271797 -0.998671 -0.0490707 0.0157382
0.27134 -0.0221882 -0.00651658 -0.998671 -0.0490707 0.0157382
0.269963 0.11194 0.324362 -0.998671 -0.0490706 0.0157381
0.0282826 -0.16369 -0.136822 0.0513544 -0.922276 0.383105
0.328846 0.0681385 0.380987 0.0513542 -0.922276 0.383105
0.27494 -0.0692117 0.05756 0.0513541 -0.922276 0.383105
0.27199 0.0883703 0.379456 -0.998671 -0.0490706 0.0157381
-0.226733 0.137193 0.466021 0.514665 0.716908 0.47028
0.0314322 -0.0749251 -0.168326 0.988596 0.140655 -0.0538047
0.0319579 0.0159167 -0.227 -0.0513542 0.922276 -0.383105
0.113645 -0.0268633 -0.1872 -0.58251 -0.75166 0.309336
0.333615 -0.0628483 0.00592995 0.998671 0.0490706 -0.0157382
0.283538 0.0573766 -0.160914 -0.0513542 0.922276 -0.383105
0.0247503 -0.2172 -0.390832 0.676822 0.703153 0.217919
0.290978 0.165948 0.0994608 -0.051354 0.922276 -0.383105
0.267111 0.115722 0.155142 -0.998671 -0.0490706 0.0157381
0.275931 0.0240802 0.282016 0.0513541 -0.922276 0.383105
0.292133 -0.0919809 0.000441336 0.0513541 -0.922276 0.383105
0.300489 -0.111614 -0.0479421 0.0513541 -0.922276 0.383105
0.0313228 -0.097002 -0.220113 0.998671 0.0490707 -0.0157382
0.0345559 -0.227026 -0.388703 0.6748 0.72256 0.150171
-0.239959 0.148733 0.465898 0.617549 0.585328 0.52538
0.279484 0.0878355 -0.0870447 -0.0513542 0.922276 -0.383105
-0.0346666 0.0831791 0.441719 0.0042843 -0.383404 -0.923571
0.235246 0.160371 0.410926 0.00428429 -0.383404 -0.923571
0.319786 0.0732213 -0.127629 -0.0513542 0.922276 -0.383105
0.00658666 -0.0999829 -0.386628 0.742501 -0.635996 0.210243
-0.0302652 0.126196 0.380221 -0.998671 -0.0490706 0.0157382
0.0756075 -0.151694 -0.114285 0.0513543 -0.922276 0.383105
0.200198 -0.0846907 -0.202144 0.00428423 -0.383404 -0.923571
-0.0069662 0.0935754 0.350908 0.00428431 -0.383404 -0.923571
0.278553 0.0489078 0.341433 0.0513541 -0.922276 0.383105
-0.204494 0.236136 0.429918 0.223217 -0.347407 0.910759
0.271953 0.0623874 0.296109 -0.998671 -0.0490707 0.0157382
0.199774 0.105613 0.433493 0.00428417 -0.383404 -0.923571
0.269738 0.0516869 0.122178 -0.998671 -0.0490707 0.0157382
0.0689681 0.23011 0.381204 0.00428076 -0.383408 -0.923569
0.286345 0.280907 0.426092 -0.00428428 0.383404 0.923571
-0.0197495 -0.058107 -0.398271 -0.0513542 0.922276 -0.383105
0.23678 0.285336 0.394137 -0.0513543 0.922276 -0.383104
0.0684848 0.0977667 0.487214 0.0513543 -0.922276 0.383105
0.266204 0.129605 0.140882 -0.998671 -0.0490706 0.0157381
-0.320279 0.174635 0.467395 -0.00428404 0.383404 0.923571
0.124565 -0.035795 -0.324916 0.998671 0.0490707 -0.0157381
0.0877349 0.097358 0.48365 0.0513543 -0.922276 0.383105
0.295468 -0.105379 -0.0322611 0.0513541 -0.922276 0.383105
0.224675 0.105117 0.483973 0.0513543 -0.922276 0.383105
0.139653 -0.135674 -0.18126 0.00428424 -0.383404 -0.923571
0.287117 0.110625 0.488862 0.0513543 -0.922276 0.383105
0.175564 0.215279 0.452822 -0.00428428 0.383404 0.923571
0.331367 0.0554075 0.231964 0.998671 0.0490706 -0.0157382
0.098023 0.0863396 0.441022 0.00428428 -0.383404 -0.923571
0.30658 0.115073 -0.0251051 -0.0513542 0.922276 -0.383105
-0.000622104 -0.0159885 -0.29944 -0.0513543 0.922276 -0.383105
0.0299292 0.189405 0.408002 0.956008 -0.269326 0.116241
0.131337 -0.129451 -0.187165 0.998671 0.0490706 -0.0157382
0.240322 0.287373 0.423194 -0.00428383 0.383401 0.923572
0.225322 -0.0626743 -0.1462 -0.00428427 0.383404 0.923571
-0.18674 0.253153 0.434099 0.0508896 -0.380116 0.923538
0.2241 0.103909 0.481142 0.0513543 -0.922276 0.383105
0.330435 0.00265228 0.00837801 0.998671 0.0490706 -0.0157381
0.125396 -0.0260527 -0.241778 0.998671 0.0490706 -0.0157382
0.0203744 -0.0825701 -0.377604 0.741839 -0.666616 0.0727822
0.271167 -0.0402616 -0.0737976 -0.998671 -0.0490707 0.0157382
-0.255365 0.215635 0.450675 -0.00428154 0.383408 0.923569
0.131902 -0.155134 -0.231407 0.998671 0.0490705 -0.015738
-0.230022 0.151459 0.412467 0.00428431 -0.383403 -0.923571
0.116109 -0.147283 -0.271769 -0.659779 0.692944 -0.290724
0.0472241 -0.0436525 -0.215647 0.69931 -0.659037 0.276831
0.0522409 -0.127816 -0.222171 0.657054 0.697309 -0.286427
-0.24654 0.254974 0.434385 -0.00428581 0.383403 0.923571
0.12695 0.201941 0.412025 -0.87749 -0.444372 0.180403
0.223702 -0.022279 -0.162976 -0.00428427 0.383404 0.923571
0.240486 -0.0791793 -0.139277 -0.00428427 0.383404 0.923571
0.0201639 0.193192 0.46127 -0.00428433 0.383408 0.923569
-0.0318789 0.0157665 -0.218804 -0.0513543 0.922276 -0.383105
-0.0320183 -0.0971254 -0.427327 -0.998671 -0.0490707 0.015738
0.327822 0.0197337 0.264596 0.0513542 -0.922276 0.383105
0.325033 0.0992837 -0.0331248 0.998671 0.0490706 -0.0157381
-0.309317 0.226705 0.41245 -0.767006 0.591338 -0.249042
-0.266239 0.130976 0.420803 0.00428423 -0.383404 -0.923571
0.0200129 0.0229638 -0.182703 -0.00428425 0.383404 0.923571
0.0456978 -0.105494 -0.129257 -0.00428459 0.383404 0.923571
0.0123046 -0.138952 -0.42824 0.725571 -0.142996 0.673126
-0.228653 0.27023 0.428135 -0.00428547 0.383401 0.923572
0.0217387 0.254941 0.349792 -0.0513541 0.922276 -0.383105
0.324203 0.187642 0.189685 0.998671 0.0490706 -0.0157381
-0.201056 0.25373 0.435113 -0.00428695 0.3834 0.923572
-0.0399065 0.106397 0.497023 -0.00428421 0.383404 0.923571
0.0514284 0.2707 0.383748 -0.0513542 0.922276 -0.383105
0.201217 -0.0537697 -0.214975 0.00428423 -0.383404 -0.923571
0.298776 0.0796164 0.41265 0.0513542 -0.922276 0.383105
0.27353 -0.0647025 -6.28926e-05 -0.998671 -0.0490707 0.0157382
0.125094 -0.104423 -0.17991 -0.798037 0.555237 -0.234199
0.329012 0.0681727 0.122368 0.998671 0.0490706 -0.0157382
-0.0308201 -0.0929854 -0.338384 -0.998671 -0.0490706 0.0157382
-0.0806028 0.261925 0.380323 -0.0513542 0.922276 -0.383105
0.153712 -0.143103 -0.17811 0.00428424 -0.383404 -0.923571
0.0310683 0.0996728 0.376957 0.998671 0.0490706 -0.0157381
0.0230423 0.0084627 -0.176669 -0.00428458 0.383403 0.923571
0.131554 -0.147028 -0.228197 0.998671 0.0490705 -0.015738
0.268784 0.150296 0.369115 -0.998671 -0.0490706 0.0157381
0.0308696 -0.107011 -0.280078 0.998671 0.0490707 -0.0157382
0.0286999 0.149714 0.382692 0.998671 0.0490706 -0.0157381
-0.226037 0.0653713 0.448706 0.0513542 -0.922276 0.383105
-0.0238117 -0.184829 -0.392141 -0.0304334 0.808064 0.588308
0.0461218 0.133143 0.486319 -0.00428424 0.383403 0.923571
0.271992 0.0276544 0.190317 -0.998671 -0.0490707 0.0157382
0.324561 0.237283 0.367169 0.998671 0.0490706 -0.0157382
0.312977 -0.0910897 -0.198964 0.00428423 -0.383404 -0.923571
0.287726 0.0682097 -0.135396 -0.0513542 0.922276 -0.383105
0.328648 0.026319 -0.0312282 0.998671 0.0490706 -0.0157381
0.00341155 -0.197593 -0.352827 0.669675 0.693498 -0.265699
-0.00288385 -0.0783171 -0.435333 -0.0473156 0.752143 -0.657299
0.0565423 0.148842 0.46959 0.454863 0.823249 -0.339647
0.000745625 0.231101 0.445443 -0.00428442 0.383404 0.923571
0.177866 0.257199 0.43543 -0.00428242 0.383398 0.923573
0.099835 -0.144772 -0.24063 -0.318356 0.875003 -0.364719
0.270729 -0.0524749 -0.139727 -0.998671 -0.0490707 0.0157382
-0.256993 0.110769 0.494201 -0.00428782 0.383407 0.923569
0.0308619 -0.0716545 -0.191907 0.998822 -0.0430014 0.0224846
0.209354 0.103648 0.482488 0.0513543 -0.922276 0.383105
0.22696 -0.0829511 -0.202742 0.00428423 -0.383404 -0.923571
0.105844 -0.0751783 -0.30466 -0.452062 -0.824561 0.340205
0.0356739 -0.224677 -0.342092 0.998671 0.0490702 -0.015739
0.0161897 -0.11293 -0.319915 0.719658 -0.416665 -0.555412
0.321032 0.0979298 -0.0683131 -0.0513542 0.922276 -0.383105
-0.161735 0.100193 0.434066 0.00428428 -0.383404 -0.923571
0.276408 0.103837 0.473955 0.0513542 -0.922276 0.383105
0.330366 0.0616283 0.187857 0.998671 0.0490706 -0.0157382
0.228021 0.27082 0.430009 -0.00428627 0.383409 0.923569
-0.0860342 0.137732 0.483801 -0.00428456 0.383398 0.923573
0.107299 0.0969871 0.480134 0.0513543 -0.922276 0.383105
0.090897 -0.12909 -0.197057 -0.174393 0.90914 -0.378222
0.272606 0.0836856 0.403942 -0.998671 -0.0490707 0.0157382
0.0446323 -0.0220708 -0.163894 -0.00428574 0.383402 0.923572
-0.0289756 -0.128224 -0.331211 -0.998671 -0.0490711 0.0157386
-0.0883205 0.176708 0.46761 -0.00428409 0.383402 0.923571
0.267447 0.00994788 -0.153326 -0.998671 -0.0490707 0.0157382
0.326154 0.227056 0.436352 0.998671 0.0490706 -0.0157382
0.146302 0.270407 0.370327 -0.0513543 0.922276 -0.383104
0.221877 -0.101807 -0.194937 0.00428423 -0.383404 -0.923571
-0.02496 -0.176106 -0.225692 -0.998671 -0.0490706 0.0157382
0.181163 -0.0227431 -0.162981 -0.00428427 0.383404 0.923571
-0.0123527 -0.204555 -0.229751 0.0513541 -0.922276 0.383105
-0.0810218 0.224792 0.382716 0.00428424 -0.383404 -0.923571
0.263242 0.260354 0.360604 -0.998671 -0.0490706 0.0157381
0.102114 -0.159775 -0.278874 -0.364936 0.859282 -0.358408
0.273027 -0.148409 -0.175354 0.00428424 -0.383404 -0.923571
0.323786 0.187316 0.162234 0.998671 0.0490706 -0.0157381
0.0337314 -0.216481 -0.439801 0.998671 0.0490707 -0.0157382
0.283303 0.130606 0.488472 -0.00428375 0.383405 0.92357
0.100775 -0.0205323 -0.18949 -0.31705 -0.876451 0.362372
0.268229 0.101685 0.18233 -0.998671 -0.0490706 0.0157381
0.0662002 -0.150601 -0.110436 -0.00428425 0.383404 0.923571
0.0180549 -0.157837 -0.434631 0.713867 0.101549 0.692879
-0.117138 0.202114 0.447403 -0.667223 0.0456499 0.743458
-0.027091 -0.164978 -0.326225 -0.998671 -0.0490701 0.0157381
0.0505466 -0.0105838 -0.168635 -0.0042841 0.383404 0.923571
0.333249 0.00710005 0.20078 0.998671 0.0490706 -0.0157382
0.0135201 -0.251664 -0.353951 0.0510199 -0.984468 0.167988
0.269505 0.158122 0.0834999 -0.051354 0.922276 -0.383105
0.313877 0.0984203 0.455893 0.0513542 -0.922276 0.383105
0.155518 0.0346369 -0.198496 -0.0513543 0.922276 -0.383105
-0.0256222 -0.219538 -0.403129 -0.998671 -0.0490704 0.0157379
0.225637 0.236176 0.444379 -0.00428428 0.383404 0.923571
0.0366343 -0.235259 -0.31415 0.998671 0.0490707 -0.0157381
-0.153394 0.0784691 0.4705 0.0513542 -0.922276 0.383105
0.240631 0.291002 0.421689 -0.00428512 0.38341 0.923568
