ply
format ascii 1.0
comment Created by Open3D
element vertex 512
property double x
property double y
property double z
property double nx
property double ny
property double nz
end_header
-0.310439 0.255514 0.268144 -0.0547437 0.568356 0.82096
-0.210626 -0.139427 0.103908 -0.17083 0.804739 -0.568518
0.186686 0.00980159 0.216449 0.17083 -0.804739 0.568518
-0.213436 -0.131403 0.116109 -0.17083 0.804739 -0.568518
0.417239 -0.137022 -0.292206 0.590397 0.545547 0.594819
-0.334066 -0.223683 0.0424279 0.17083 -0.804739 0.568518
-0.49738 0.151619 0.290086 -0.780682 0.241474 0.57639
0.026062 -0.211068 -0.277695 -0.978339 -0.0700677 0.194793
0.451693 0.259901 0.0126136 -0.983779 -0.171367 0.0530377
0.471662 -0.179902 -0.158401 -0.17083 0.804739 -0.568518
0.183513 -0.169667 -0.0366361 0.17083 -0.804739 0.568518
-0.0410396 0.308794 0.234892 0.0547437 -0.568356 -0.82096
-0.339181 0.0113911 0.376713 0.17083 -0.804739 0.568517
0.458293 0.178995 -0.126373 -0.983779 -0.171367 0.0530377
0.49518 0.141779 0.215765 0.983779 0.171367 -0.0530377
-0.355558 -0.155533 0.145353 0.17083 -0.804739 0.568518
-0.365267 -0.284051 -0.0336488 0.17083 -0.804739 0.568518
-0.363393 -0.358847 -0.241539 0.0547437 -0.568356 -0.82096
-0.465963 -0.157455 0.0537031 0.983779 0.171367 -0.0530378
0.10453 -0.0888531 0.101489 0.17083 -0.804739 0.568518
0.49391 0.136447 0.174983 0.983778 0.171365 -0.0530483
-0.287943 -0.104228 0.176964 -0.17083 0.804739 -0.568518
-0.131687 0.100355 0.373151 0.0547437 -0.568356 -0.82096
-0.471576 -0.131492 0.0334716 0.983779 0.171367 -0.0530378
-0.0309967 -0.326381 -0.194009 0.17083 -0.804739 0.568518
0.480487 0.194077 0.11221 0.983779 0.171367 -0.0530378
-0.190011 0.251013 0.26496 0.0547437 -0.568356 -0.82096
0.398421 -0.120159 -0.0518269 -0.17083 0.804739 -0.568518
-0.116766 -0.269124 -0.0871897 0.17083 -0.804739 0.568518
0.326783 -0.274828 -0.253683 0.0547437 -0.568356 -0.82096
0.37962 0.350869 0.23307 -0.0660896 -0.585058 -0.808294
-0.144592 0.188204 0.311472 0.0547437 -0.568356 -0.82096
0.495715 -0.0087618 0.0766208 -0.17083 0.804739 -0.568518
0.222534 -0.158956 -0.0331996 0.17083 -0.804739 0.568518
0.48044 0.129146 0.123359 -0.983779 -0.171367 0.0530378
0.371297 -0.236749 -0.188016 0.17083 -0.804739 0.568518
-0.177698 -0.242076 -0.295667 -0.0547437 0.568356 0.82096
-0.453693 -0.279217 -0.112124 0.983779 0.171367 -0.0530377
0.501997 -0.0373748 -0.014823 -0.983779 -0.171367 0.0530377
-0.0634934 -0.314057 -0.238218 -0.0547437 0.568356 0.82096
0.406732 0.280478 0.28056 -0.209617 -0.593473 -0.777078
0.218351 -0.0697609 -0.402883 0.0547438 -0.568356 -0.820959
0.20479 -0.203662 -0.111843 -0.17083 0.804739 -0.568518
-0.440277 0.133407 0.327637 0.268957 -0.517001 -0.812633
-0.340948 0.0253967 0.397069 0.17083 -0.804739 0.568517
-0.517274 0.0850528 0.107319 -0.983779 -0.171367 0.0530377
0.129698 0.209082 0.329639 -0.0547437 0.568356 0.82096
-0.5129 0.0787158 0.167976 -0.983779 -0.171367 0.0530377
0.314283 -0.0699088 0.0445839 -0.17083 0.804739 -0.568518
0.474047 0.0828542 -0.144802 -0.983779 -0.171367 0.0530375
-0.498135 -0.116273 -0.188165 -0.983779 -0.171367 0.0530377
0.254448 0.188454 0.352238 -0.0547437 0.568356 0.82096
-0.151855 0.0538021 0.359764 -0.17083 0.804739 -0.568518
0.430584 -0.0990214 -0.0108776 0.17083 -0.804739 0.568518
-0.0363337 -0.16169 0.0407157 0.17083 -0.804739 0.568518
-0.248824 0.263782 0.266529 -0.0547437 0.568356 0.82096
-0.217072 0.244927 0.2817 -0.0547437 0.568356 0.82096
-0.0388374 -0.193437 -0.334411 0.0547437 -0.568356 -0.82096
-0.373149 0.222139 0.272738 0.0547437 -0.568356 -0.82096
-0.0933759 -0.21461 -0.309059 -0.0547437 0.568356 0.82096
-0.247025 -0.310854 -0.267005 0.0547437 -0.568356 -0.82096
0.461094 0.150914 -0.165158 -0.983779 -0.171367 0.0530377
-0.458435 -0.0975566 0.237637 -0.17083 0.804739 -0.568518
0.102602 -0.294984 -0.240348 -0.0547437 0.568356 0.82096
0.498966 0.0552025 0.186879 0.17083 -0.804739 0.568518
0.179619 -0.216214 -0.122048 -0.17083 0.804739 -0.568518
-0.320704 -0.372485 -0.172217 0.17083 -0.804739 0.568518
0.431768 0.389976 0.163604 -0.17083 0.804738 -0.568519
-0.466823 -0.136176 0.106509 0.983779 0.171367 -0.0530378
0.104873 0.219006 0.321113 -0.0547437 0.568356 0.82096
0.0578272 0.0360462 0.271625 -0.17083 0.804739 -0.568518
-0.0632469 0.0331617 0.324616 0.17083 -0.804739 0.568518
0.0420763 -0.0653431 0.13284 -0.17083 0.804739 -0.568518
0.457355 -0.179819 -0.292148 -0.360574 0.485915 0.796161
0.484867 -0.0409817 -0.315903 -0.971869 -0.0426733 0.231626
0.484625 0.061949 -0.0161238 -0.983777 -0.171374 0.0530399
0.187201 -0.00664983 0.193007 0.17083 -0.804739 0.568518
-0.275129 -0.17402 -0.36361 0.0547437 -0.568356 -0.82096
0.483769 0.089795 -0.163854 0.983779 0.171367 -0.0530377
0.375083 -0.222558 -0.286649 0.0547437 -0.568356 -0.82096
0.453701 0.237977 -0.0209719 -0.983779 -0.171367 0.0530377
0.384791 -0.0326199 -0.417497 0.0547438 -0.568356 -0.820959
0.262882 0.310604 0.253905 0.0547437 -0.568356 -0.82096
-0.348103 0.0556573 0.389664 0.0547437 -0.568356 -0.82096
-0.344675 0.164617 0.32879 -0.0547437 0.568356 0.82096
-0.272474 -0.366495 -0.198924 -0.17083 0.804741 -0.568515
0.196516 -0.302423 -0.228461 0.17083 -0.804739 0.568518
0.0978516 0.276681 0.266385 0.0547437 -0.568356 -0.82096
-0.512158 -0.0153905 -0.122315 -0.983779 -0.171367 0.0530377
0.307041 -0.184085 -0.114857 -0.17083 0.804739 -0.568518
0.12022 -0.126152 0.0439783 0.17083 -0.804739 0.568518
-0.263004 -0.167915 -0.367028 0.0547437 -0.568356 -0.82096
-0.187906 -0.104963 0.166558 0.17083 -0.804739 0.568518
0.0862208 0.010739 0.22727 -0.17083 0.804739 -0.568518
0.177678 0.318744 0.242588 0.0547437 -0.568356 -0.82096
0.0586527 -0.247268 -0.265787 0.742482 -0.274169 -0.61119
0.070813 -0.237462 -0.0987359 0.17083 -0.804739 0.568518
-0.437467 -0.0383334 0.315167 -0.17083 0.804739 -0.568518
0.455397 0.0305225 0.144343 -0.17083 0.804739 -0.568518
-0.194121 -0.126187 -0.378959 -0.17083 0.804739 -0.568517
-0.491066 0.120575 0.289042 0.882952 -0.131043 -0.450804
0.00900151 -0.0573501 0.174787 0.17083 -0.804739 0.568518
-0.435294 -0.345554 -0.0996646 0.17083 -0.804739 0.568518
-0.224416 -0.253114 -0.0321809 0.17083 -0.804739 0.568518
0.220652 0.10496 0.34094 0.17083 -0.804739 0.568517
-0.388218 -0.059252 0.270759 -0.17083 0.804739 -0.568518
-0.313889 -0.277541 -0.0605645 -0.170828 0.804736 -0.568522
0.339272 -0.1185 -0.346747 -0.0547436 0.568356 0.82096
0.377145 -0.12641 -0.0335882 0.17083 -0.804739 0.568518
-0.376982 -0.254311 -0.314816 0.0547437 -0.568356 -0.82096
-0.116957 -0.140114 0.0954819 0.17083 -0.804739 0.568518
0.492071 -0.0264234 -0.163555 -0.983779 -0.171367 0.0530379
-0.436926 -0.305765 -0.0428519 0.17083 -0.804739 0.568518
-0.398986 -0.113832 0.217429 0.17083 -0.804739 0.568518
0.122153 0.202269 0.319522 0.0547437 -0.568356 -0.82096
0.291565 0.0590938 0.254708 0.17083 -0.804739 0.568518
-0.527851 0.152342 0.128543 -0.983779 -0.171367 0.0530377
0.248232 -0.0551886 0.105961 0.17083 -0.804739 0.568518
0.404252 -0.0646331 -0.0371156 0.637639 -0.349588 -0.686443
-0.0626736 0.323015 0.237935 -0.0547437 0.568356 0.82096
0.117451 -0.108122 0.0496385 -0.17083 0.804739 -0.568518
0.129398 0.108846 0.353167 -0.17083 0.804739 -0.568518
-0.0218561 0.187527 0.320125 0.0547437 -0.568356 -0.82096
0.0664089 -0.0416344 0.159089 -0.17083 0.804739 -0.568518
0.479742 0.168323 0.0151742 0.983779 0.171367 -0.0530378
-0.079204 -0.15391 0.0646098 0.17083 -0.804739 0.568518
-0.092264 -0.194786 0.0106734 0.17083 -0.804739 0.568518
0.505677 0.074056 0.21155 0.17083 -0.804739 0.568518
0.0654858 0.093743 0.350993 -0.17083 0.804739 -0.568518
-0.397376 -0.283545 -0.294898 -0.0660947 -0.585059 -0.808293
-0.499607 -0.0250749 0.0791902 -0.983779 -0.171367 0.0530377
-0.303285 -0.379168 -0.209132 -0.0547437 0.568356 0.82096
-0.467444 -0.123672 0.135389 0.983779 0.171367 -0.0530378
0.182625 0.119668 0.373186 0.17083 -0.804739 0.568517
-0.298502 0.00963201 0.362 0.17083 -0.804739 0.568517
0.510903 -0.163338 -0.229187 -0.978654 -0.0716769 0.19261
0.271403 0.0265977 0.214768 0.17083 -0.804739 0.568518
0.224492 -0.213659 -0.302852 0.0547437 -0.568356 -0.82096
-0.306324 -0.254618 -0.295562 -0.0547437 0.568356 0.82096
-0.487065 -0.176874 -0.178634 -0.983779 -0.171367 0.0530377
-0.473263 -0.265404 -0.216136 -0.977084 -0.21272 -0.00750827
0.152051 0.112895 0.352092 -0.17083 0.804739 -0.568518
-0.181601 0.173761 0.333333 -0.0547437 0.568356 0.82096
0.493067 0.171857 0.274733 0.982139 0.185259 -0.0328808
0.180922 -0.109503 -0.363534 -0.0547436 0.568356 0.82096
0.0386262 -0.157122 -0.0048051 0.982108 0.185486 -0.03255
0.384333 0.179534 0.352744 0.0547437 -0.568356 -0.82096
0.498393 -0.0889608 -0.248357 -0.983779 -0.171367 0.053038
0.500781 -0.0409519 -0.270761 0.983779 0.171367 -0.053038
-0.416331 0.2291 0.265039 0.0547437 -0.568356 -0.82096
-0.171283 -0.286545 -0.278783 0.0547436 -0.568356 -0.82096
0.512377 -0.0656013 -0.135313 0.983776 0.171379 -0.0530453
-0.287329 0.0941303 0.367082 0.0547437 -0.568356 -0.82096
-0.336088 -0.279853 -0.036474 0.17083 -0.804739 0.568518
0.0318772 -0.113988 -0.0520606 -0.237648 -0.593617 -0.768858
0.286451 -0.181282 -0.104703 -0.17083 0.804739 -0.568518
-0.196577 0.11163 0.375348 -0.0547437 0.568356 0.82096
0.410268 -0.228267 -0.187721 0.17083 -0.804739 0.568518
-0.516008 0.0698105 0.0815517 -0.983779 -0.171367 0.0530377
-0.30634 -0.27574 -0.0395906 0.17083 -0.804739 0.568518
-0.495002 -0.12445 -0.156476 -0.983779 -0.171367 0.0530377
0.472642 0.191225 0.179298 -0.983779 -0.171367 0.0530379
-0.471094 -0.193354 -0.157457 0.983779 0.171367 -0.0530377
-0.474096 -0.138088 0.187247 -0.983779 -0.171367 0.0530377
0.490362 0.0268111 -0.245064 0.983779 0.171367 -0.0530377
-0.220696 0.193976 0.316732 -0.0547437 0.568356 0.82096
0.203579 -0.294668 -0.248163 0.0547437 -0.568356 -0.82096
0.177125 -0.154512 -0.332628 -0.0547437 0.568356 0.82096
-0.464704 0.23796 0.253035 0.268957 -0.517001 -0.812633
-0.492416 -0.117613 -0.0864177 -0.983779 -0.171367 0.0530377
0.0449866 -0.166627 -0.0152531 -0.0924901 -0.587549 -0.803886
0.48119 -0.0803539 -0.31992 -0.860433 0.159293 0.484026
-0.434953 -0.243822 0.0442361 0.17083 -0.804739 0.568518
-0.480993 -0.184048 -0.0891867 -0.983779 -0.171367 0.0530377
0.374328 0.339852 0.241029 0.0305806 -0.572391 -0.81941
0.367527 -0.220056 -0.183949 -0.17083 0.804739 -0.568518
-0.384023 -0.228838 -0.33292 0.0547437 -0.568356 -0.82096
-0.476323 -0.190618 -0.245605 0.983779 0.171367 -0.0530378
-0.256186 0.0324513 0.381585 0.17083 -0.804739 0.568517
-0.379375 0.102515 0.36947 -0.0547437 0.568356 0.82096
-0.511586 0.0251555 0.0192983 -0.983779 -0.171367 0.0530377
0.411548 -0.121474 -0.354199 0.0547437 -0.568356 -0.82096
0.381698 0.0427193 0.204446 0.17083 -0.804739 0.568518
0.46194 0.228068 0.0998274 -0.983779 -0.171367 0.0530378
0.102622 0.170859 0.339965 0.0547437 -0.568356 -0.82096
-0.499631 0.114871 0.26757 0.971869 0.0426732 -0.231626
0.0163771 -0.0153412 0.21134 -0.17083 0.804739 -0.568518
0.461242 0.15852 -0.137825 -0.983779 -0.171367 0.0530377
0.0597354 0.040333 0.277119 -0.17083 0.804739 -0.568518
0.135054 -0.302313 -0.233109 -0.0547437 0.568356 0.82096
-0.356785 0.179271 0.317837 -0.0547437 0.568356 0.82096
0.1717 -0.256893 -0.177249 -0.17083 0.804739 -0.568518
0.122956 0.000208071 0.201325 -0.17083 0.804739 -0.568518
0.449761 -0.210788 -0.27479 -0.174754 0.543105 0.821278
0.427657 -0.222144 -0.184278 0.17083 -0.804739 0.568518
0.122954 -0.0125534 0.183262 -0.170842 0.80474 -0.568513
-0.178737 -0.220744 -0.310505 -0.0547437 0.568356 0.82096
0.226123 -0.225355 -0.294646 0.0547437 -0.568356 -0.82096
-0.250956 0.230994 0.274756 0.0547437 -0.568356 -0.82096
-0.412907 -0.378036 -0.173063 -0.17083 0.804741 -0.568515
0.393759 -0.110893 -0.0373104 -0.170826 0.804737 -0.568522
-0.0526479 -0.193083 -0.321247 -0.0547437 0.568356 0.82096
0.516069 -0.0720642 -0.0877103 0.983779 0.171367 -0.0530375
0.487343 0.193365 0.237082 0.983779 0.171367 -0.0530377
-0.498467 -0.0313706 -0.141828 0.983779 0.171367 -0.0530377
0.128679 -0.162849 -0.0105081 0.17083 -0.804739 0.568518
-0.151654 -0.134444 0.113935 0.17083 -0.804739 0.568518
0.520919 -0.122925 -0.0718573 0.17083 -0.804739 0.568518
-0.482306 -0.0437464 0.117964 0.983779 0.171367 -0.0530378
0.19373 0.0939724 0.333476 0.17083 -0.804739 0.568517
-0.119396 -0.189089 0.0268903 0.17083 -0.804739 0.568518
-0.242863 -0.186181 -0.353039 0.0547437 -0.568356 -0.82096
0.242579 -0.293865 -0.246119 0.0547437 -0.568356 -0.82096
-0.214842 -0.231867 -0.0256748 -0.17083 0.804739 -0.568518
-0.237558 -0.184915 0.0683046 0.17083 -0.804739 0.568518
0.526914 -0.148919 -0.134865 0.983779 0.171367 -0.0530375
-0.467042 -0.215733 -0.154618 0.983779 0.171367 -0.0530377
-0.223285 0.083695 0.392907 -0.0547437 0.568356 0.82096
-0.138803 -0.257734 -0.0851392 -0.17083 0.804739 -0.568518
0.492264 0.128901 0.120061 0.983779 0.171367 -0.0530378
0.128577 -0.165673 -0.342468 0.0547436 -0.568356 -0.82096
0.301732 -0.200981 -0.292148 -0.0547437 0.568356 0.82096
0.395117 0.165865 0.374727 0.17083 -0.804739 0.568517
-0.0193975 -0.314202 -0.249508 0.0547437 -0.568356 -0.82096
0.490372 0.0509022 -0.167044 0.983779 0.171367 -0.0530378
0.398737 -0.259175 -0.228007 0.17083 -0.804739 0.568518
-0.463241 -0.056177 0.297654 -0.17083 0.804739 -0.568518
0.437568 -0.242725 -0.245766 0.637683 -0.34956 -0.686417
0.231605 0.321584 0.258548 -0.0547437 0.568356 0.82096
0.0498791 0.248159 0.297263 -0.0547437 0.568356 0.82096
0.0226688 0.250892 0.279226 0.0547437 -0.568356 -0.82096
-0.326731 0.0741733 0.378271 0.0547437 -0.568356 -0.82096
0.471507 0.233046 0.0715506 0.983779 0.171367 -0.0530378
-0.499627 0.0263113 0.24485 -0.983779 -0.171367 0.0530377
-0.494779 -0.0224769 0.177137 -0.983779 -0.171367 0.0530377
0.485648 -0.0911304 -0.308212 -0.882958 0.131035 0.450794
0.440407 -0.24374 -0.242091 0.773832 -0.247594 -0.582993
0.34568 -0.0639693 0.0642509 0.17083 -0.804739 0.568518
-0.379277 -0.210477 0.0540117 -0.17083 0.804739 -0.568518
-0.306078 -0.166681 0.114704 0.17083 -0.804739 0.568518
-0.270211 -0.0863477 0.196945 -0.17083 0.804739 -0.568518
-0.472451 0.237664 0.250007 0.36058 -0.485913 -0.79616
0.093541 0.12662 0.384316 -0.0547437 0.568356 0.82096
0.289191 -0.224128 -0.145481 0.17083 -0.804739 0.568518
-0.448785 -0.319754 -0.228138 -0.772801 -0.467371 -0.429352
-0.438484 -0.20408 0.0808579 -0.17083 0.804739 -0.568518
0.389543 -0.112727 -0.336011 -0.735016 -0.488345 -0.470394
-0.465201 0.0530006 0.372985 -0.684026 0.318434 0.656283
-0.449692 0.0552226 0.368845 0.572571 -0.388496 -0.721965
0.407978 -0.0276145 -0.0707207 -0.982949 -0.0993492 0.15473
-0.512042 0.142995 0.266062 -0.937557 0.0446698 0.34495
0.261386 -0.028477 0.119126 -0.17083 0.804739 -0.568518
0.0774259 -0.255246 -0.14659 -0.17083 0.804739 -0.568518
0.189408 -0.302054 -0.243995 0.0547437 -0.568356 -0.82096
-0.137896 0.15424 0.335432 0.0547437 -0.568356 -0.82096
0.145427 -0.29667 -0.236325 -0.0547437 0.568356 0.82096
-0.267124 0.195907 0.297968 0.0547437 -0.568356 -0.82096
-0.46101 0.0285661 0.370476 0.750246 -0.267793 -0.604498
-0.463025 -0.308367 -0.157593 -0.983779 -0.171367 0.0530377
-0.493313 -0.164662 -0.302603 -0.94788 -0.291732 -0.128126
-0.278629 -0.264899 -0.300927 0.0547437 -0.568356 -0.82096
0.211456 0.0959702 0.310284 -0.17083 0.804739 -0.568518
0.0307158 -0.0993837 -0.0627581 -0.0924901 -0.587549 -0.803886
-0.347386 0.084685 0.369616 0.0547437 -0.568356 -0.82096
0.510247 -0.145456 -0.2699 0.903346 -0.102474 -0.416492
0.465712 0.197017 -0.119731 -0.17083 0.804739 -0.568518
-0.404425 0.000820751 0.381355 0.17083 -0.804739 0.568517
0.0422039 -0.139016 -0.352352 -0.0547437 0.568356 0.82096
0.0285048 0.116114 0.387253 -0.0547437 0.568356 0.82096
0.0191982 0.00979178 0.246069 -0.17083 0.804739 -0.568518
-0.450104 -0.247922 0.0222906 -0.17083 0.804739 -0.568518
-0.44542 -0.198629 -0.327367 0.521714 0.563353 0.640662
0.438628 -0.137173 -0.0672987 0.17083 -0.804739 0.568518
-0.0431618 0.245113 0.293168 -0.0547437 0.568356 0.82096
-0.42435 0.0184813 0.391647 -0.170828 0.80474 -0.568516
-0.48367 -0.0979456 0.139358 -0.983779 -0.171367 0.0530377
0.507457 -0.150979 -0.27419 0.882956 -0.131037 -0.450797
-0.473307 -0.176169 -0.142984 0.983779 0.171367 -0.0530377
-0.503427 0.0673901 0.0852722 0.983779 0.171367 -0.0530377
0.110401 -0.101347 -0.373883 -0.0547437 0.568356 0.82096
-0.172009 0.310155 0.232041 -0.17083 0.80474 -0.568517
-0.213917 -0.190859 -0.33354 -0.0547437 0.568356 0.82096
0.514734 -0.0503225 -0.0422148 0.983779 0.171367 -0.0530375
0.43666 0.337428 0.228321 0.674752 0.516016 0.527671
0.461227 0.254958 0.240512 -0.916954 -0.341 -0.207157
-0.0691282 -0.284674 -0.258937 -0.0547437 0.568356 0.82096
0.485203 0.0406556 -0.074206 -0.98378 -0.171359 0.0530362
0.0209264 -0.0727251 -0.0668685 0.915116 0.343456 0.211187
0.489712 0.0219358 -0.051064 -0.98378 -0.171362 0.0530362
-0.482065 -0.170561 -0.330466 -0.801858 -0.448851 -0.394406
-0.476378 -0.0297742 0.273057 0.983779 0.171367 -0.0530378
0.279894 -0.00399107 0.168918 0.17083 -0.804739 0.568518
-0.0233148 0.280962 0.269672 -0.0547437 0.568356 0.82096
0.488793 0.16686 0.17834 0.983779 0.171367 -0.0530377
-0.477474 -0.043826 0.207335 0.983779 0.171367 -0.0530378
-0.0251993 0.00828343 0.257274 -0.17083 0.804739 -0.568518
-0.481409 -0.0658655 0.0631237 0.983779 0.171367 -0.0530378
0.0989239 -0.277625 -0.184727 -0.170822 0.804734 -0.568528
0.465682 0.236856 -0.0241877 0.983779 0.171367 -0.0530377
-0.174007 -0.0312981 0.24596 -0.17083 0.804739 -0.568518
0.493266 0.163891 0.251707 0.983779 0.171367 -0.0530377
0.469331 0.279817 0.21783 0.947878 0.291735 0.128131
0.475803 0.0797871 -0.122127 -0.983779 -0.171367 0.0530375
-0.466144 -0.240221 0.00474005 -0.983779 -0.171367 0.0530377
-0.101045 -0.306988 -0.166203 -0.17083 0.804739 -0.568517
0.258517 0.131684 0.36739 0.17083 -0.804739 0.568517
0.457669 0.226407 0.286367 -0.772799 -0.467372 -0.429355
-0.329617 -0.292016 -0.0556346 0.17083 -0.804739 0.568518
0.0995514 -0.0900833 -0.396735 0.0547438 -0.568356 -0.820959
-0.0773096 -0.251437 -0.074009 0.17083 -0.804739 0.568518
0.153764 -0.143862 0.00882973 0.17083 -0.804739 0.568518
0.291544 -0.139254 -0.0260485 0.17083 -0.804739 0.568518
0.469747 -0.1429 -0.0847553 0.17083 -0.804739 0.568518
0.0616807 0.146507 0.354094 0.0547437 -0.568356 -0.82096
0.116646 -0.172742 -0.0208963 0.17083 -0.804739 0.568518
-0.125165 -0.342008 -0.237311 0.0547437 -0.568356 -0.82096
-0.520156 0.080531 0.0116192 -0.170831 0.804739 -0.568518
0.054207 -0.304742 -0.236819 -0.0547437 0.568356 0.82096
0.433624 -0.231638 -0.243067 -0.91923 0.0775638 0.386005
0.486574 0.073444 0.19573 -0.17083 0.804739 -0.568518
-0.100347 -0.0439186 0.226656 0.17083 -0.804739 0.568518
0.214701 -0.0749782 0.0673311 -0.17083 0.804739 -0.568518
0.432114 -0.221166 -0.204928 -0.17083 0.804739 -0.568518
0.19797 -0.19366 -0.318466 0.0547437 -0.568356 -0.82096
0.490527 -0.0844826 -0.00830978 0.17083 -0.804739 0.568518
-0.289058 -0.220267 -0.332522 0.0547437 -0.568356 -0.82096
0.0689239 -0.0433617 0.155888 -0.17083 0.804739 -0.568518
0.0291867 -0.296566 -0.169889 0.17083 -0.804739 0.568518
0.274485 0.214526 0.335525 -0.0547437 0.568356 0.82096
0.512523 -0.133152 -0.129047 -0.983779 -0.171367 0.0530377
0.490088 0.0766703 0.132757 -0.983779 -0.171368 0.0530379
-0.458136 -0.322747 -0.113364 -0.983779 -0.171367 0.0530377
0.0182752 0.255142 0.290321 -0.0547437 0.568356 0.82096
0.520964 -0.124487 -0.166286 0.983779 0.171367 -0.0530375
-0.495931 0.0848108 0.274701 0.98514 0.129095 -0.113283
0.501328 -0.0111275 -0.164253 0.983779 0.171367 -0.053038
-0.213296 -0.154267 0.0837036 -0.17083 0.804739 -0.568518
0.48169 0.177715 0.0816533 0.983779 0.171367 -0.0530378
0.455563 0.118726 0.269146 -0.170829 0.804739 -0.568518
-0.0319491 -0.291558 -0.266022 0.0547437 -0.568356 -0.82096
-0.474594 -0.0602637 0.315975 0.17083 -0.804739 0.568518
-0.209869 0.0288813 0.362614 0.17083 -0.804739 0.568517
-0.138069 -0.23581 -0.0336316 0.17083 -0.804739 0.568518
0.457937 0.300863 0.0389696 0.983779 0.171367 -0.0530377
-0.298228 0.0016056 0.329862 -0.17083 0.804739 -0.568518
-0.496567 -0.0427557 -0.143359 0.983779 0.171367 -0.0530377
0.49284 0.0650563 -0.0755403 0.983778 0.171368 -0.0530391
-0.328699 -0.0373344 0.283898 -0.17083 0.804739 -0.568518
0.506483 -0.095031 -0.117897 -0.983779 -0.171367 0.0530377
-0.487701 0.0221134 0.347874 -0.937559 0.0446673 0.344947
0.500647 0.00531986 -0.123735 0.983778 0.171369 -0.0530433
0.136238 -0.281091 -0.247723 -0.0547437 0.568356 0.82096
0.284976 -0.259831 -0.215446 -0.17083 0.804739 -0.568518
0.0958835 -0.156946 0.00770098 0.17083 -0.804739 0.568518
0.461241 0.246753 0.147244 -0.983779 -0.171367 0.0530378
0.231475 -0.132231 -0.0187503 -0.17083 0.804739 -0.568518
0.178928 -0.0434052 0.122772 -0.17083 0.804739 -0.568518
-0.471785 -0.188327 -0.300152 0.854121 0.408609 0.321739
-0.514414 0.0237156 -0.0705284 -0.170831 0.804739 -0.568518
0.468169 0.230903 0.245164 -0.959936 -0.266011 -0.0880947
0.329817 -0.00328005 0.154923 0.17083 -0.804739 0.568518
0.355471 -0.156454 -0.0902978 -0.17083 0.804739 -0.568518
0.499733 -0.03618 0.0366027 -0.17083 0.804739 -0.568518
0.471923 0.1904 -0.0585293 0.983779 0.171367 -0.0530377
0.359191 -0.110607 -0.00582488 0.17083 -0.804739 0.568518
0.498661 -0.0270518 -0.265169 0.983779 0.171367 -0.0530389
0.491853 0.070601 0.1459 -0.983779 -0.171367 0.0530377
-0.187356 -0.324559 -0.144447 0.17083 -0.804739 0.568518
-0.325394 -0.157046 -0.364383 -0.0547437 0.568356 0.82096
0.452369 0.307008 0.178268 -0.98214 -0.185259 0.032882
-0.424035 -0.300558 -0.0393556 0.17083 -0.804739 0.568518
0.131458 -0.0515669 0.146177 0.17083 -0.804739 0.568518
-0.527552 0.143893 0.106796 -0.983779 -0.171367 0.0530377
0.467957 -0.0717503 -0.360964 0.648413 -0.342628 -0.679828
-0.475849 -0.111777 0.23973 -0.983779 -0.171367 0.0530377
0.388726 0.0143393 -0.082612 -0.295811 0.508493 0.80866
-0.365488 -0.196951 0.0897082 0.17083 -0.804739 0.568518
0.485145 0.094228 -0.124006 0.983779 0.171367 -0.0530378
-0.486695 -0.0896203 -0.111675 0.983779 0.171367 -0.0530377
-0.0110423 -0.0298377 0.219753 0.17083 -0.804739 0.568518
-0.141272 -0.160183 0.0743808 0.17083 -0.804739 0.568518
-0.497823 0.0472675 0.124208 0.983779 0.171367 -0.0530378
0.461786 0.26537 -0.00432134 0.983779 0.171367 -0.0530377
-0.335924 -0.314661 -0.0857933 0.17083 -0.804739 0.568518
0.43715 0.197103 0.350383 0.302978 0.591946 0.746863
0.214069 -0.0677659 0.07773 -0.17083 0.804739 -0.568518
0.39378 0.0809173 0.254885 0.17083 -0.804739 0.568518
-0.491878 -0.0675798 0.0852311 -0.983779 -0.171367 0.0530377
-0.0426107 0.215852 0.313462 -0.0547437 0.568356 0.82096
-0.398959 -0.339649 -0.102224 0.17083 -0.804739 0.568518
-0.0497223 0.093217 0.397889 -0.0547437 0.568356 0.82096
-0.508773 -0.0471291 -0.162086 -0.983779 -0.171367 0.0530377
0.0532747 -0.0721351 0.119861 -0.17083 0.804739 -0.568518
-0.341697 -0.325435 -0.0993098 0.17083 -0.804739 0.568518
0.517653 -0.0811934 -0.011805 0.17083 -0.804739 0.568518
0.0691058 -0.0472884 0.170969 0.17083 -0.804739 0.568518
0.142264 0.0742755 0.32106 0.17083 -0.804739 0.568517
-0.488552 -0.11159 -0.217108 0.983779 0.171367 -0.0530377
0.360672 0.389315 0.205934 0.0547437 -0.568356 -0.82096
-0.497214 -0.100688 -0.120729 -0.983779 -0.171367 0.0530377
0.496032 -0.0166875 -0.0586265 -0.983779 -0.171368 0.0530379
-0.225646 -0.071128 0.205098 -0.170831 0.804738 -0.568518
0.0833123 -0.232326 -0.115916 -0.17083 0.804739 -0.568518
0.121644 -0.281252 -0.248584 -0.0547437 0.568356 0.82096
-0.0936626 -0.119743 0.0966243 -0.170831 0.804738 -0.568518
-0.176904 0.109599 0.363736 0.0547437 -0.568356 -0.82096
-0.460384 -0.227831 -0.279548 0.80186 0.44885 0.394404
-0.16318 -0.1569 0.064917 -0.17083 0.804739 -0.568518
0.457066 -0.0193453 -0.379456 -0.750242 0.267796 0.604501
-0.0752093 -0.00856483 0.269146 0.17083 -0.804739 0.568518
-0.424451 -0.281073 -0.271683 0.480065 0.571859 0.665218
-0.473226 -0.180906 0.0650318 -0.983779 -0.171367 0.0530377
-0.0450139 -0.312953 -0.17079 0.17083 -0.804739 0.568518
0.384848 -0.025026 -0.40842 -0.0547437 0.568356 0.82096
0.219461 -0.181794 -0.325247 0.0547436 -0.568356 -0.82096
0.124028 -0.0153221 0.199714 0.17083 -0.804739 0.568518
0.420852 0.0540917 0.188085 -0.170832 0.804739 -0.568517
-0.387274 -0.164684 0.121236 -0.17083 0.804739 -0.568518
-0.473883 -0.0355627 0.350725 0.17083 -0.804739 0.568518
-0.217969 -0.21067 0.0259628 0.17083 -0.804739 0.568518
0.467283 0.126635 -0.128796 -0.983779 -0.171367 0.0530377
0.343094 -0.0432527 0.0736587 -0.17083 0.804739 -0.568518
0.187454 -0.250931 -0.265188 -0.0547437 0.568356 0.82096
0.365657 -0.0449929 0.0644158 -0.170835 0.804737 -0.568519
0.495829 -0.0254853 -0.311228 0.984826 0.157366 -0.0731712
-0.037617 0.0351874 0.319782 0.17083 -0.804739 0.568518
0.334337 0.269347 0.287232 0.0547437 -0.568356 -0.82096
0.456154 0.25787 0.0887991 -0.983779 -0.171367 0.0530378
-0.458307 -0.293476 -0.238616 -0.828992 -0.429244 -0.358499
0.298047 -0.0834793 0.0302537 -0.17083 0.804739 -0.568518
0.0151846 -0.0226883 -0.0909011 0.432596 -0.457154 -0.777091
-0.0269337 -0.27905 -0.260016 -0.0547437 0.568356 0.82096
-0.260004 -0.113939 0.154823 -0.17083 0.804739 -0.568518
0.348742 -0.0476914 0.0656787 -0.17083 0.804739 -0.568518
0.478897 -0.215479 -0.259203 -0.532536 0.410052 0.740448
0.384077 0.208034 0.332996 0.0547437 -0.568356 -0.82096
-0.161006 -0.264481 -0.0673237 0.17083 -0.804739 0.568518
-0.304392 -0.382752 -0.191652 0.17083 -0.804739 0.568518
-0.474974 -0.101275 0.0680804 0.983779 0.171367 -0.0530378
0.413398 -0.185402 -0.14868 -0.17083 0.804739 -0.568518
-0.133526 0.00074415 0.279153 -0.17083 0.804739 -0.568518
-0.017222 -0.0725505 0.16115 0.17083 -0.804739 0.568518
0.401781 0.156948 0.339409 -0.17083 0.804739 -0.568518
0.154406 -0.112343 -0.377667 0.0547436 -0.568356 -0.82096
-0.316535 -0.317449 -0.0955662 0.17083 -0.804739 0.568518
-0.303761 -0.261641 -0.304859 0.0547437 -0.568356 -0.82096
0.460453 0.256265 0.163349 -0.983779 -0.171367 0.0530379
-0.206744 -0.168622 0.0614148 -0.17083 0.804739 -0.568518
-0.45412 -0.260467 -0.059468 0.983779 0.171367 -0.0530377
-0.462157 -0.299924 -0.114202 -0.983779 -0.171367 0.0530377
0.311881 0.278329 0.279517 0.0547437 -0.568356 -0.82096
-0.377888 -0.312066 -0.260561 -0.0547437 0.568356 0.82096
0.078156 0.131725 0.379756 -0.0547437 0.568356 0.82096
0.464542 -0.109554 -0.344071 0.532536 -0.410052 -0.740448
-0.309728 -0.356311 -0.152621 0.17083 -0.804739 0.568518
-0.081487 0.323368 0.223543 -0.17083 0.80474 -0.568517
-0.477743 -0.150415 -0.142061 0.983779 0.171367 -0.0530377
-0.229591 -0.324199 -0.131246 0.17083 -0.804739 0.568518
-0.0309588 0.171012 0.345282 -0.0547437 0.568356 0.82096
-0.398248 -0.235753 0.0239346 -0.17083 0.804739 -0.568518
-0.123828 -0.179541 0.0210436 -0.17083 0.804739 -0.568518
0.315471 0.386656 0.219091 -0.0547437 0.568356 0.82096
0.0881047 0.00911985 0.224412 -0.17083 0.804739 -0.568518
0.324326 -0.261537 -0.229683 -0.17083 0.804739 -0.568518
-0.26875 0.0815401 0.391367 -0.0547437 0.568356 0.82096
0.519897 -0.0700128 -0.010084 0.983779 0.171367 -0.0530379
-0.0794829 -0.295586 -0.13585 0.17083 -0.804739 0.568518
0.402191 -0.00855274 0.125713 0.17083 -0.804739 0.568518
0.363546 0.177958 0.36678 -0.0547437 0.568356 0.82096
0.254941 0.301686 0.27388 -0.0547437 0.568356 0.82096
-0.4582 -0.303086 -0.0510241 -0.983779 -0.171367 0.0530377
0.414562 -0.0365977 -0.0726657 0.856081 -0.164429 -0.489988
-0.145292 0.0591136 0.36531 -0.17083 0.804739 -0.568518
0.360734 0.286617 0.277037 0.0547437 -0.568356 -0.82096
0.200263 -0.125921 -0.365209 0.0547437 -0.568356 -0.82096
0.46248 -0.0801706 -0.0144723 -0.17083 0.804739 -0.568518
-0.0316657 -0.270388 -0.11455 0.17083 -0.804739 0.568518
0.181074 0.355126 0.231957 -0.0547437 0.568356 0.82096
-0.254765 0.226618 0.291861 -0.0547437 0.568356 0.82096
-0.0113668 -0.248355 -0.294559 0.0547437 -0.568356 -0.82096
0.000907098 -0.151018 0.0239375 -0.17083 0.804739 -0.568518
0.268509 0.00280546 0.161266 -0.17083 0.804739 -0.568518
0.347203 -0.153191 -0.0831946 -0.17083 0.804739 -0.568518
0.205547 0.366065 0.226016 -0.0547437 0.568356 0.82096
0.1641 0.165888 0.347506 0.0547437 -0.568356 -0.82096
-0.475092 0.0136175 0.377008 -0.835842 0.18716 0.516081
0.387657 -0.11665 -0.32532 -0.959331 -0.267447 -0.0903091
-0.133604 -0.119317 -0.377714 -0.0547437 0.568356 0.82096
0.110466 0.0243704 0.23928 -0.17083 0.804739 -0.568518
0.349454 0.0393309 0.209339 0.17083 -0.804739 0.568518
0.437232 0.039234 0.182826 0.17083 -0.804739 0.568518
0.500654 -0.0519015 -0.153442 0.0547442 -0.568356 -0.82096
-0.24105 -0.361544 -0.180665 0.17083 -0.804739 0.568518
0.493106 0.122282 0.114307 0.983779 0.171367 -0.0530378
-0.111541 -0.183574 -0.331757 -0.0547437 0.568356 0.82096
-0.126722 -0.233089 -0.0331894 0.17083 -0.804739 0.568518
0.291857 -0.0530443 -0.395224 -0.0547437 0.568356 0.82096
0.248123 -0.285971 -0.251214 0.0547437 -0.568356 -0.82096
0.498536 0.00872455 0.100525 -0.17083 0.804739 -0.568518
0.480621 0.0335049 -0.182298 -0.983779 -0.171367 0.0530375
-0.356109 -0.191124 0.0744446 -0.17083 0.804739 -0.568518
-0.00114072 -0.191553 -0.333202 0.0547436 -0.568356 -0.82096
0.195465 -0.150436 -0.334227 -0.0547437 0.568356 0.82096
0.358062 0.153363 0.347472 -0.17083 0.804739 -0.568518
0.444332 0.285435 0.269049 0.638707 0.529795 0.558006
0.530872 -0.207469 -0.204322 0.97187 0.0426792 -0.231618
0.180411 -0.306369 -0.229206 0.17083 -0.804739 0.568518
0.233795 0.26856 0.295403 -0.0547437 0.568356 0.82096
0.367567 -0.0848284 0.028148 0.17083 -0.804739 0.568518
0.418844 -0.103572 -0.0137912 0.17083 -0.804739 0.568518
0.490117 0.0777994 -0.0848719 0.983778 0.171371 -0.0530425
-0.455068 -0.216573 0.0647806 0.983779 0.171367 -0.0530378
