ply
format ascii 1.0
comment Created by Open3D
element vertex 512
property double x
property double y
property double z
property double nx
property double ny
property double nz
end_header
0.0306017 -0.17904 -0.28547 -0.258049 0.490918 0.832112
0.181222 0.59438 0.206269 -0.258049 0.490918 0.832112
-0.179497 0.407519 0.204647 -0.258049 0.490918 0.832112
0.137854 0.213266 0.414997 0.956315 0.00732454 0.292245
0.14824 0.126843 0.0212112 -0.258049 0.490918 0.832112
-0.111066 0.595327 0.00716389 0.137374 0.871175 -0.471363
-0.311108 0.257041 0.140154 -0.956314 -0.00732629 -0.292251
-0.370745 -0.191663 0.498836 -0.258049 0.490918 0.832112
0.0931236 -0.40465 0.105428 0.0634391 -0.482636 -0.873521
0.0995024 0.059505 0.0458245 -0.258049 0.490918 0.832112
-0.228945 -0.471005 0.0354826 0.956315 0.00732453 0.292245
0.0707608 -0.26524 0.128353 0.258049 -0.490918 -0.832112
-0.267622 -0.175834 0.00870518 -0.956315 -0.00731887 -0.292248
-0.0636027 0.203179 -0.640327 0.258049 -0.490918 -0.832112
0.104095 0.194405 -0.289074 0.908569 -0.300356 -0.290326
-0.256177 0.439827 -0.0441788 -0.956315 -0.00732452 -0.292245
-0.283979 0.112217 0.0550096 -0.956315 -0.00732706 -0.292247
0.0606735 -0.120906 0.447064 -0.663328 -0.272498 -0.696951
0.213583 0.0897694 -0.0367996 0.258049 -0.490918 -0.832112
0.196376 -0.198049 -0.222846 -0.258049 0.490918 0.832112
-0.0765924 -0.370338 -0.305999 0.258049 -0.490918 -0.832112
-0.168811 -0.249131 -0.312799 -0.956315 -0.0073245 -0.292245
-0.00573731 0.139829 -0.134347 0.258049 -0.490918 -0.832112
0.205119 -0.220652 0.205763 0.956315 0.00732446 0.292245
0.0817385 -0.267898 -0.317335 0.258049 -0.490918 -0.832112
-0.18562 -0.376905 -0.254591 -0.956315 -0.0073245 -0.292245
-0.224085 -0.0443341 -0.137057 -0.956315 -0.0073245 -0.292245
0.283162 -0.428704 -0.044404 0.956315 0.00732454 0.292245
-0.300482 0.334251 0.103449 -0.956316 -0.00732407 -0.292243
0.108388 0.140583 -0.37152 0.850683 0.140011 0.50669
0.298161 0.317871 -0.112195 0.956315 0.00732456 0.292245
0.0918158 0.108839 -0.536472 0.258049 -0.490918 -0.832112
-0.02045 -0.254156 0.0935285 0.258049 -0.490918 -0.832112
0.176235 -0.281594 -0.27995 0.258049 -0.490918 -0.832112
-0.382876 -0.300032 0.388964 -0.956315 -0.00732452 -0.292245
0.255541 -0.044215 -0.395402 0.258049 -0.490918 -0.832112
0.191838 0.208359 -0.464521 0.230718 0.434517 0.870611
0.30387 -0.49976 -0.110387 0.956315 0.00732438 0.292245
0.141224 0.283708 0.377151 -0.258049 0.490918 0.832112
-0.214926 0.489708 0.145171 -0.258049 0.490918 0.832112
-0.0204741 -0.0649311 0.0820313 -0.258049 0.490918 0.832112
-0.179024 0.0805567 0.397691 -0.258049 0.490918 0.832112
0.0348303 -0.32093 0.03578 0.137374 0.871175 -0.471362
0.0312456 -0.402522 -0.116064 0.137374 0.871175 -0.471363
-0.0797987 -0.526861 -0.21465 0.258049 -0.490918 -0.832112
0.268372 0.228197 -0.260726 -0.586786 -0.311809 -0.7473
0.0675898 0.381747 -0.335509 0.137374 0.871175 -0.471363
0.140204 0.0595536 0.411162 0.956315 0.00732449 0.292245
0.125775 0.517898 0.124933 -0.37173 -0.395749 -0.839762
0.038293 0.0664121 -0.324835 0.956315 0.0073245 0.292245
-0.144483 0.532003 -0.119612 0.137374 0.871175 -0.471363
0.00741071 -0.0822921 -0.220052 0.956315 0.00732452 0.292245
0.077948 -0.365053 -0.261192 0.258049 -0.490918 -0.832112
-0.152997 0.0140453 0.256185 -0.956315 -0.00732438 -0.292246
-0.222893 0.0712904 0.300539 0.0100554 -0.999919 -0.0078435
0.0782777 -0.0491583 -0.447457 0.258049 -0.490918 -0.832112
-0.140081 -0.0823508 0.505877 -0.258049 0.490918 0.832112
-0.396715 -0.14794 0.430437 -0.956315 -0.00732451 -0.292245
0.139695 -0.440055 -0.197795 0.258049 -0.490918 -0.832112
0.176344 0.154639 -0.537279 0.258049 -0.490918 -0.832112
0.0926493 -0.296861 0.539095 -0.137373 -0.871175 0.471363
-0.126495 -0.130748 -0.454238 -0.956315 -0.0073245 -0.292245
-0.156527 0.0285806 0.167682 -0.956315 -0.00732448 -0.292245
-0.16657 0.403906 -0.336498 -0.956315 -0.00732448 -0.292245
0.0961081 -0.158722 0.365854 -0.984485 0.172535 0.0319626
-0.0803812 0.183315 -0.202419 -0.0100554 0.999919 0.00784366
0.0172054 0.359039 -0.392163 0.137374 0.871175 -0.471363
0.163618 0.384578 -0.302291 0.137376 0.871175 -0.471362
-0.233281 0.0418656 -0.109126 -0.956316 -0.00732329 -0.292245
0.347747 0.259868 -0.273004 0.956315 0.00732456 0.292245
0.195857 -0.403439 0.240651 0.956315 0.00732449 0.292245
0.139185 -0.544397 -0.0497458 -0.397705 0.484343 0.779258
-0.021389 0.252026 -0.601192 0.137374 0.871175 -0.471363
-0.0307935 -0.19515 0.279403 0.182436 0.44548 0.876507
-0.282503 0.0701143 0.371761 -0.258049 0.490918 0.832112
-0.200761 0.211537 -0.219794 -0.956315 -0.00732835 -0.292247
0.11954 -0.355911 0.437797 -0.137373 -0.871175 0.471363
-0.111325 -0.397976 0.292769 -0.137374 -0.871175 0.471363
0.234663 0.176458 -0.0814061 0.258049 -0.490918 -0.832112
-0.00802359 0.0217536 -0.172154 0.956315 0.0073245 0.292245
-0.403036 -0.255682 0.453821 -0.956315 -0.00732452 -0.292245
-0.0225833 0.255512 -0.276311 -0.956315 -0.00732449 -0.292245
0.199193 -0.456597 -0.0473064 -0.864775 0.337533 0.371801
-0.275303 -0.0702719 0.147997 -0.285611 0.236619 0.928675
0.174821 -0.286451 0.140303 0.137374 0.871175 -0.471363
-0.107175 0.464965 0.193184 -0.258049 0.490918 0.832112
0.0836799 0.314343 -0.455397 0.137374 0.871175 -0.471363
-0.0793521 -0.232072 0.166731 0.137374 0.871175 -0.471363
0.0522084 0.1235 0.444064 -0.258049 0.490918 0.832112
0.0222269 0.225509 -0.0760767 -0.258049 0.490918 0.832112
-0.0682227 -0.0264938 0.495208 -0.258049 0.490918 0.832112
0.022738 0.285727 -0.526044 0.137374 0.871175 -0.471363
0.00882739 -0.49628 0.1461 -0.137358 -0.871178 0.471362
0.169336 -0.191377 0.314421 0.137374 0.871175 -0.471363
0.076737 0.635038 0.135291 0.137374 0.871175 -0.471363
0.177579 0.0626317 0.0681923 -0.258049 0.490918 0.832112
-0.233726 0.475596 -0.11854 -0.956316 -0.00732545 -0.292244
-0.298515 0.00763097 0.105198 -0.956315 -0.00732539 -0.292246
-0.100679 -0.452984 -0.00300057 -0.956315 -0.0073245 -0.292245
0.337007 0.33122 -0.239648 0.956315 0.00732456 0.292245
0.200071 0.583376 0.0757517 0.137366 0.871176 -0.471363
0.159828 0.619848 0.131432 0.137369 0.871177 -0.47136
-0.127266 -0.21171 0.418045 0.984485 -0.172536 -0.0319634
-0.170677 -0.221534 0.20236 -0.258049 0.490918 0.832112
-0.153426 -0.101838 0.260493 -0.956316 -0.00732464 -0.292245
-0.0122459 0.277319 0.333327 -0.258049 0.490918 0.832112
-0.200922 0.364765 -0.197511 0.190022 -0.77526 -0.602382
-0.0895719 0.252967 -0.327536 -0.258049 0.490918 0.832112
-0.162171 -0.464082 -0.183196 0.956315 0.00732448 0.292245
0.120925 0.0334529 -0.0323091 0.258049 -0.490918 -0.832112
-0.0140869 -0.528508 0.0355667 0.98098 -0.0537746 0.18651
0.174197 0.495818 -0.0604085 -0.718847 0.415077 0.557647
0.268538 0.189224 -0.438099 -0.528462 0.46695 0.709004
0.00521778 -0.445178 -0.0318508 0.934357 0.0439906 0.353612
0.176332 -0.610985 -0.0855901 0.258049 -0.490918 -0.832112
-0.0454957 0.137225 0.405667 -0.258049 0.490918 0.832112
-0.0977976 0.167855 -0.555627 -0.956315 -0.0073245 -0.292245
-0.288211 -0.322401 0.225692 0.956315 0.00732459 0.292245
-0.269809 -0.315031 0.0193505 -0.956315 -0.00732452 -0.292245
-0.0510545 -0.456379 -0.247318 0.258049 -0.490918 -0.832112
-0.074922 0.476543 -0.153863 0.258049 -0.490918 -0.832112
-0.272672 -0.457375 0.135963 -0.137373 -0.871175 0.471363
0.222568 0.300151 -0.275884 -0.084599 -0.463817 -0.881883
0.0873798 -0.519569 -0.167108 0.258049 -0.490918 -0.832112
0.0129646 -0.513145 -0.193975 0.258049 -0.490918 -0.832112
0.27132 -0.619953 -0.00597342 -0.137373 -0.871175 0.471363
-0.188917 -0.137397 -0.249807 -0.956315 -0.00732665 -0.292247
-0.242939 0.567047 -0.0835375 0.137374 0.871175 -0.471363
-0.122371 0.111994 0.199766 0.956315 0.0073245 0.292245
-0.188973 -0.063267 0.322601 0.287402 0.159356 -0.944461
-0.122711 -0.359568 0.360436 -0.137375 -0.871174 0.471364
-0.0653678 -0.303115 0.0236362 0.956315 0.00732452 0.292245
-0.123141 0.152452 0.272458 0.258049 -0.490918 -0.832112
-0.115728 0.31125 0.173032 0.956315 0.0073245 0.292245
0.165127 0.327552 0.0347348 -0.137375 -0.871175 0.471361
-0.106553 -0.120427 0.406451 0.908567 -0.300357 -0.290329
0.0557743 -0.593762 -0.0276753 0.278462 0.422717 0.862421
0.0352529 0.0243926 0.497276 -0.258049 0.490918 0.832112
-0.133213 0.0386565 -0.436499 -0.956315 -0.0073245 -0.292245
-0.34388 -0.226101 0.405445 0.956315 0.00732452 0.292245
-0.19902 -0.359357 0.316453 -0.956315 -0.00732449 -0.292245
-0.247972 -0.121371 -0.0569601 -0.956315 -0.0073245 -0.292245
0.378269 0.290143 -0.37364 0.956315 0.00732456 0.292245
0.00922348 0.0728845 -0.229873 0.956315 0.0073245 0.292245
-0.100315 0.183738 -0.281962 -0.0100555 0.999919 0.00784353
-0.313051 -0.284996 0.160097 -0.956315 -0.0073218 -0.292245
0.181642 0.270129 -0.508562 0.137372 0.871177 -0.47136
-0.070689 0.313875 -0.120357 -0.956315 -0.00732381 -0.292245
0.0525665 -0.37343 0.385899 -0.137369 -0.871176 0.471363
0.371558 -0.0634984 -0.342815 0.956315 0.00732438 0.292245
0.0715265 0.0961335 -0.0846077 0.258049 -0.490918 -0.832112
0.0930417 -0.0930972 0.133851 -0.258049 0.490918 0.832112
-0.127234 0.0816392 0.312966 0.258049 -0.490918 -0.832112
-0.190303 -0.240341 0.284946 -0.956316 -0.00732447 -0.292244
-0.337292 -0.37911 0.241782 -0.956315 -0.00732452 -0.292245
-0.082096 -0.314385 -0.0672838 -0.956315 -0.00732451 -0.292245
0.0684431 0.300859 0.344462 -0.258049 0.490918 0.832112
-0.0914272 0.244556 0.0951845 0.956315 0.0073245 0.292245
0.0218297 0.472249 0.137029 0.569566 -0.458807 -0.681976
0.130458 -0.222669 0.245257 0.137374 0.871175 -0.471363
-0.262194 -0.529193 -0.000201005 -0.956315 -0.00732452 -0.292245
0.00403964 -0.388544 -0.270253 0.258049 -0.490918 -0.832112
0.041075 0.567779 0.0884731 0.528464 -0.466949 -0.709002
0.164117 0.138824 -0.0810798 0.258049 -0.490918 -0.832112
0.236487 0.53424 -0.00444871 0.137373 0.871175 -0.471363
-0.216119 0.122705 -0.167313 -0.956315 -0.00732452 -0.292245
0.313935 0.206503 -0.366681 -0.97782 0.195231 0.0758506
-0.332665 0.174744 0.212758 -0.956315 -0.00732451 -0.292245
-0.202117 0.46907 -0.221812 -0.956315 -0.00732448 -0.292245
0.186354 0.233916 -0.241174 0.161546 -0.489208 -0.857075
0.104398 0.348862 0.227146 0.258049 -0.490918 -0.832112
-0.218104 -0.318096 0.409283 -0.137374 -0.871175 0.471363
0.169051 -0.380142 0.071074 -0.546283 -0.330324 -0.769715
-0.146116 0.311109 -0.302471 -0.291299 -0.0602733 0.954731
0.0637818 -0.515975 -0.0681447 0.325504 0.409741 0.85215
-0.149747 0.186527 -0.151303 0.247994 0.509 -0.824268
0.215243 0.554245 0.153211 0.956315 0.00732449 0.292245
-0.214418 -0.136739 0.13877 -0.258049 0.490918 0.832112
0.226329 0.0271322 -0.446553 0.258049 -0.490918 -0.832112
0.260488 0.463696 0.00742576 0.956315 0.00732456 0.292245
-0.136487 -0.271911 0.518429 -0.137374 -0.871174 0.471365
-0.0348912 -0.277688 0.322459 0.133679 0.455215 0.880289
-0.192695 0.596537 -0.0143912 0.137374 0.871175 -0.471363
-0.195296 -0.143729 0.524966 -0.258049 0.490918 0.832112
0.0431156 0.439455 0.254841 -0.258049 0.490918 0.832112
-0.0698115 0.200296 -0.120382 -0.956315 -0.00732453 -0.292245
-0.159789 0.43125 -0.15346 0.258049 -0.490918 -0.832112
-0.150714 -0.298777 -0.229975 -0.282147 0.284758 0.916136
0.343482 0.221417 -0.524845 0.258049 -0.490918 -0.832112
-0.212635 -0.604902 -0.1192 -0.137373 -0.871175 0.471363
-0.224168 -0.0844543 0.391857 -0.956315 -0.00732454 -0.292245
0.259242 0.0476657 0.0219313 0.956315 0.00732459 0.292245
0.181978 0.41719 0.0215807 -0.927104 0.280623 0.248454
0.0617333 0.171949 -0.583034 0.258049 -0.490918 -0.832112
0.152098 0.505763 0.249518 -0.258049 0.490918 0.832112
-0.23525 -0.247189 0.535337 -0.137374 -0.871175 0.471363
0.169162 -0.451307 0.0999822 -0.663325 -0.272499 -0.696953
0.255374 -0.361151 -0.208472 0.258049 -0.490918 -0.832112
-0.10159 0.0509856 0.43915 -0.258049 0.490918 0.832112
0.0819642 -0.585005 -0.130182 0.258049 -0.490918 -0.832112
0.131088 -0.437638 -0.116136 -0.161551 0.489208 0.857074
0.142121 -0.167417 0.192918 -0.258049 0.490918 0.832112
0.0172306 0.093285 0.00038175 -0.258049 0.490918 0.832112
-0.0738173 -0.495045 -0.0898464 -0.956315 -0.0073245 -0.292245
-0.170608 0.19229 -0.317981 -0.956315 -0.00732452 -0.292245
0.00675495 -0.0647922 -0.460414 0.258049 -0.490918 -0.832112
-0.243561 0.247122 -0.0806316 -0.956315 -0.00732452 -0.292245
-0.346926 0.012986 0.26348 -0.956315 -0.00732451 -0.292245
0.141308 0.282853 -0.297102 0.647424 -0.439124 -0.622906
0.100579 0.205983 -0.0402584 -0.258049 0.490918 0.832112
-0.078349 0.34844 0.270869 -0.258049 0.490918 0.832112
-0.24212 0.250879 0.277639 -0.258049 0.490918 0.832112
-0.18104 -0.479231 0.101996 0.258049 -0.490918 -0.832112
-0.212733 0.0720699 0.214193 0.0100554 -0.999919 -0.0078435
-0.0266069 -0.312909 -0.149208 -0.956315 -0.00732402 -0.292246
-0.015214 -0.202683 -0.142999 0.956315 0.00732452 0.292245
0.348277 0.0263905 -0.308151 -0.258049 0.490918 0.832112
0.329044 -0.224302 -0.266363 0.258049 -0.490918 -0.832112
0.160564 0.0675741 -0.490808 0.258049 -0.490918 -0.832112
0.189619 0.428726 -0.213118 0.137379 0.871175 -0.471362
0.0751092 -0.187907 0.0840777 0.258049 -0.490918 -0.832112
0.0902573 -0.491393 0.152823 -0.0352913 -0.471268 -0.881284
0.0216313 0.217879 -0.171906 0.258049 -0.490918 -0.832112
-0.17303 0.314032 0.261807 -0.258049 0.490918 0.832112
0.21668 0.467475 0.150684 0.956315 0.00732449 0.292245
0.0320507 -0.206863 -0.368752 0.258049 -0.490918 -0.832112
0.0680468 -0.252716 0.613515 -0.137372 -0.871175 0.471363
-0.0998134 -0.179848 -0.233151 -0.247994 -0.509 0.824268
0.38306 0.0565137 -0.383463 0.956315 0.00732438 0.292245
-0.141492 -0.312985 0.441057 -0.137377 -0.871177 0.471359
-0.0652936 0.538792 0.162616 -0.258049 0.490918 0.832112
0.104037 0.212571 -0.195579 -0.137374 -0.871175 0.471363
0.156027 0.361547 0.335819 -0.258049 0.490918 0.832112
-0.01869 -0.0967315 0.00119894 0.258049 -0.490918 -0.832112
-0.0673546 0.0789352 0.0205626 0.956315 0.00732452 0.292245
0.138911 -0.268262 -0.199243 -0.258049 0.490918 0.832112
-0.105655 -0.265287 0.358607 0.765555 0.208585 0.60862
0.112152 0.0177885 0.504003 0.956315 0.00732454 0.292245
-0.225955 -0.473308 -0.120186 -0.956315 -0.00732452 -0.292245
0.201411 -0.387377 -0.109587 -0.258049 0.490918 0.832112
0.320691 -0.238814 -0.171971 0.956315 0.00732455 0.292245
0.0658377 0.0657543 -0.414953 0.956315 0.00732452 0.292245
0.0382676 0.147916 -0.326795 0.956315 0.0073245 0.292245
-0.0829353 0.345103 0.0648763 0.956315 0.0073245 0.292245
-0.10235 -0.168381 0.323788 0.850681 0.140012 0.506693
0.170596 -0.288247 0.320425 0.956315 0.00732449 0.292245
-0.339978 -0.258056 0.247535 -0.956315 -0.00732716 -0.292245
-0.188997 0.0667674 -0.254661 -0.956315 -0.0073245 -0.292245
-0.0425111 0.240535 0.245496 0.258049 -0.490918 -0.832112
0.073413 0.264611 0.267242 0.258049 -0.490918 -0.832112
0.227943 -0.180525 0.130068 0.956315 0.00732459 0.292245
-0.141926 -0.19826 -0.0516386 0.258049 -0.490918 -0.832112
-0.0155712 -0.0595563 0.430895 0.258049 -0.490918 -0.832112
0.231589 0.202609 0.00235956 -0.258049 0.490918 0.832112
0.301895 0.229153 -0.122191 0.956315 0.00732465 0.292245
0.25962 -0.109978 -0.255192 -0.258049 0.490918 0.832112
0.315343 0.0365638 -0.424513 0.258049 -0.490918 -0.832112
-0.0217671 -0.351888 -0.0379315 0.137374 0.871175 -0.471363
-0.282959 0.394361 0.0446011 -0.956315 -0.00732452 -0.292245
-0.283732 0.477786 0.0450392 -0.956315 -0.00732452 -0.292245
0.1389 -0.0363475 0.114592 -0.258049 0.490918 0.832112
0.178672 -0.0189884 0.0165376 0.258049 -0.490918 -0.832112
0.281237 -0.186062 -0.203601 -0.258049 0.490918 0.832112
-0.075399 -0.17135 0.488449 0.528457 -0.466951 -0.709006
-0.142282 0.1126 -0.408675 -0.956315 -0.0073245 -0.292245
-0.277615 0.0402621 0.03599 -0.956315 -0.00732452 -0.292245
-0.285593 -0.0695376 0.0648471 -0.956315 -0.0073245 -0.292245
-0.0370064 -0.156467 -0.0728465 0.956315 0.0073245 0.292245
-0.254052 0.337759 0.222683 -0.258049 0.490918 0.832112
0.260843 -0.122035 -0.347847 0.258049 -0.490918 -0.832112
0.0120089 0.42529 -0.0249152 0.699169 0.251802 0.669147
0.310431 0.434105 -0.155262 0.956315 0.00732456 0.292245
0.241297 0.125074 0.0511134 -0.258049 0.490918 0.832112
0.269098 -0.524375 0.00401356 0.956315 0.00732454 0.292245
-0.101454 0.410301 0.12384 0.956315 0.0073245 0.292245
0.085095 -0.463756 0.228438 -0.137373 -0.871175 0.471363
-0.326912 -0.127056 0.201496 -0.956314 -0.00730969 -0.29225
-0.203024 -0.0770449 -0.205157 -0.956315 -0.0073245 -0.292245
-0.271524 0.181152 0.0125253 -0.956315 -0.00732452 -0.292245
0.276667 0.0964439 -0.471835 0.258049 -0.490918 -0.832112
-0.00225452 0.627551 0.129801 -0.258049 0.490918 0.832112
-0.250322 -0.422911 0.206174 -0.137374 -0.871175 0.471363
0.0810075 -0.122362 0.0472375 0.258049 -0.490918 -0.832112
-0.0149081 0.311284 0.212317 0.258049 -0.490918 -0.832112
-0.145141 -0.218831 -0.391014 -0.956315 -0.0073245 -0.292245
0.147685 -0.271741 0.394983 0.956315 0.00732449 0.292245
-0.289003 -0.242824 0.080349 -0.956315 -0.00732451 -0.292245
-0.362586 -0.198884 0.320032 -0.956315 -0.00732451 -0.292245
-0.209648 -0.306092 0.240162 -0.258049 0.490918 0.832112
-0.0925735 -0.0120707 0.105367 0.956315 0.00732452 0.292245
-0.237426 0.378347 -0.103995 -0.956315 -0.00732452 -0.292245
-0.125526 0.286935 -0.467876 -0.956316 -0.00732829 -0.292244
0.10135 -0.0520753 0.0120793 0.258049 -0.490918 -0.832112
0.250266 -0.42595 -0.171827 0.258049 -0.490918 -0.832112
-0.0370111 -0.59359 -0.0471085 -0.137376 -0.871173 0.471365
0.0695304 -0.432038 -0.224284 0.258049 -0.490918 -0.832112
-0.0345346 -0.161537 0.134665 -0.258049 0.490918 0.832112
-0.12372 0.200478 0.201961 0.956315 0.0073245 0.292245
0.20469 -0.561043 0.0834867 -0.137373 -0.871175 0.471363
-0.304956 -0.248474 0.477645 0.258049 -0.490918 -0.832112
-0.0356501 0.329628 -0.461923 0.137374 0.871175 -0.471363
-0.0913648 -0.622613 -0.161746 0.258049 -0.490918 -0.832112
-0.118585 -0.00612828 0.367428 0.258049 -0.490918 -0.832112
0.193278 -0.493472 0.205045 -0.137373 -0.871175 0.471363
-0.0646307 -0.502121 0.113896 -0.137375 -0.871178 0.471357
0.406106 0.241578 -0.463513 0.956315 0.00732456 0.292245
0.11867 -0.064033 0.475166 0.258049 -0.490918 -0.832112
0.269179 0.379165 -0.0188962 0.956315 0.00732456 0.292245
-0.340998 -0.00448154 0.39763 -0.258049 0.490918 0.832112
-0.0889081 -0.12055 0.0960916 0.956315 0.00732452 0.292245
0.120826 0.235051 -0.418312 0.874917 0.11638 0.47008
0.122851 0.115263 0.466549 0.956315 0.00732454 0.292245
-0.321219 0.375505 0.170272 -0.956315 -0.00732451 -0.292245
-0.271077 0.540129 0.00206462 -0.956315 -0.00732452 -0.292245
-0.333496 -0.113583 0.368645 0.956315 0.00732442 0.292245
0.237915 0.343126 0.0843137 0.956315 0.00732449 0.292245
0.217519 -0.0877008 0.161854 0.956315 0.00732446 0.292245
-0.316959 -0.0662278 0.441513 -0.258049 0.490918 0.832112
0.194334 0.44221 0.224441 0.956315 0.00732449 0.292245
-0.137429 -0.535933 -0.15206 -0.258049 0.490918 0.832112
-0.169055 -0.442126 -0.292321 0.258049 -0.490918 -0.832112
-0.248282 -0.0412867 -0.0579531 -0.956315 -0.0073245 -0.292245
-0.316342 0.0783818 0.16176 -0.956315 -0.00732498 -0.292247
-0.301843 -0.163518 0.428488 0.258049 -0.490918 -0.832112
-0.136696 0.15569 0.366491 -0.258049 0.490918 0.832112
-0.303042 0.183136 0.115614 -0.956315 -0.00732452 -0.292245
0.0435167 0.395121 0.180974 0.258049 -0.490918 -0.832112
0.252162 0.280607 -0.0266635 -0.137374 -0.871175 0.471363
-0.202742 -0.380185 0.0368316 0.258049 -0.490918 -0.832112
0.16846 -0.599125 0.00254442 -0.137372 -0.871173 0.471366
-0.042676 0.0536325 0.355711 0.258049 -0.490918 -0.832112
0.0603629 -0.258236 -0.229517 -0.258049 0.490918 0.832112
-0.0919598 -0.152892 -0.138073 0.0100553 -0.999919 -0.00784347
-0.0390077 0.00572762 0.0345975 -0.258049 0.490918 0.832112
-0.0711487 0.17069 0.0306782 0.956315 0.0073245 0.292245
0.0421467 -0.298051 0.361376 -0.647425 0.439124 0.622906
0.0394137 -0.231728 0.314167 -0.528461 0.46695 0.709004
0.244738 -0.333493 0.0737361 0.137374 0.871175 -0.471363
0.0996965 -0.206098 0.550372 0.956315 0.00732448 0.292245
0.0741 -0.327857 -0.184183 -0.258049 0.490918 0.832112
-0.0337788 -0.0425128 -0.0862642 0.956315 0.0073245 0.292245
0.156986 -0.0140731 -0.443748 0.258049 -0.490918 -0.832112
0.273288 0.397474 -0.246494 0.137371 0.871174 -0.471364
0.12119 0.327515 -0.375512 0.943333 -0.260193 -0.205966
0.16454 -0.368437 -0.232343 0.258049 -0.490918 -0.832112
-0.177412 -0.063846 -0.289298 -0.956315 -0.0073245 -0.292245
0.162734 -0.370648 0.348218 0.956315 0.00732449 0.292245
0.174605 0.121892 -0.41678 0.238548 0.43277 0.86937
-0.201279 -0.147729 0.318544 -0.956315 -0.00732449 -0.292245
-0.245669 0.150486 -0.0713124 -0.956315 -0.00732533 -0.292246
-0.0516401 0.404535 -0.184963 -0.956315 -0.00732435 -0.292246
0.108796 -0.191753 -0.25372 -0.258049 0.490918 0.832112
-0.309746 -0.12799 0.29129 0.956315 0.00732465 0.292245
0.135111 0.0391473 -0.381783 -0.258049 0.490918 0.832112
0.214495 -0.385736 0.00799903 -0.949584 -0.0195623 -0.312901
0.270971 -0.277712 -0.252862 0.258049 -0.490918 -0.832112
-0.178265 -0.181891 -0.137607 0.956315 0.00732456 0.292245
-0.0120702 0.589785 0.0257721 0.137373 0.871175 -0.471363
0.214182 -0.0868194 0.0675681 0.258049 -0.490918 -0.832112
-0.000368643 -0.270057 0.561525 -0.137375 -0.871174 0.471364
-0.0435036 -0.393698 -0.191582 -0.956315 -0.00732447 -0.292245
0.118706 -0.430889 0.298979 -0.13737 -0.871175 0.471364
0.237857 -0.0204828 -0.314741 -0.258049 0.490918 0.832112
-0.0156891 -0.128609 0.482501 0.0140915 -0.477545 -0.878494
0.082802 0.16955 -0.124424 0.258049 -0.490918 -0.832112
0.0530904 -0.157396 0.159396 -0.258049 0.490918 0.832112
-0.246094 -0.38848 -0.0564133 -0.956315 -0.00732452 -0.292245
-0.0864228 0.388358 -0.105403 0.258049 -0.490918 -0.832112
0.173068 -0.0981941 -0.389132 0.258049 -0.490918 -0.832112
-0.217151 -0.38555 -0.151195 -0.956315 -0.00732417 -0.292247
-0.00580877 -0.204062 0.521096 -0.182436 -0.44548 -0.876507
-0.0200023 0.145286 -0.592651 0.258049 -0.490918 -0.832112
-0.0146369 0.307268 -0.203921 -0.956315 -0.00732419 -0.292245
-0.206941 0.0227143 -0.194839 -0.956315 -0.0073245 -0.292245
-0.0292166 0.0467653 -0.10343 0.956315 0.0073245 0.292245
-0.364572 -0.0350828 0.322427 -0.956315 -0.00732451 -0.292245
-0.148805 0.53621 0.138242 -0.258049 0.490918 0.832112
-0.243142 -0.217514 -0.0703581 -0.956316 -0.00732696 -0.292244
-0.147434 0.387413 -0.252764 0.956314 0.00732177 0.29225
-0.359806 -0.330383 0.314233 -0.956315 -0.00732452 -0.292245
-0.00591042 -0.124416 0.572302 -0.258049 0.490918 0.832112
-0.1324 0.630863 0.0874867 -0.258049 0.490918 0.832112
0.227005 -0.211176 -0.30575 0.258049 -0.490918 -0.832112
-0.148049 0.299595 -0.0809712 0.247994 0.509 -0.824268
-0.156444 0.00423866 -0.359619 -0.956315 -0.0073245 -0.292245
-0.0146663 -0.108537 -0.147151 0.956315 0.0073245 0.292245
-0.195386 -0.214398 -0.226709 -0.956316 -0.00732403 -0.292245
0.0238071 -0.00804466 -0.275567 0.956315 0.0073245 0.292245
0.0551244 0.0225629 -0.496951 0.258049 -0.490918 -0.832112
-0.0570551 0.541946 -0.0757546 0.137373 0.871175 -0.471363
-0.11467 -0.367621 0.0406423 -0.956315 -0.00732452 -0.292245
0.3867 0.158414 -0.397926 0.956315 0.00732465 0.292245
0.0901092 -0.130139 -0.396012 0.258049 -0.490918 -0.832112
-0.188504 -0.519418 -0.241584 -0.956315 -0.0073245 -0.292245
-0.222683 0.164579 0.334581 -0.258049 0.490918 0.832112
0.0540603 -0.0026407 -0.3747 0.956315 0.00732452 0.292245
0.113759 -0.322247 0.0612637 0.0140928 -0.477545 -0.878494
0.225755 0.469885 -0.126516 0.137383 0.871176 -0.471359
-0.122111 0.141054 -0.475394 -0.956315 -0.0073245 -0.292245
-0.20064 -0.596452 -0.199941 -0.956315 -0.0073245 -0.292245
0.158098 0.171926 0.349788 0.956315 0.00732449 0.292245
0.30501 -0.362006 -0.117568 0.956315 0.00732455 0.292245
-0.1699 -0.443943 0.190742 -0.137374 -0.871175 0.471363
0.0110682 0.366327 0.288046 -0.258049 0.490918 0.832112
0.0709385 -0.000915824 0.423127 0.258049 -0.490918 -0.832112
-0.0790372 -0.40439 -0.0750373 -0.956315 -0.0073245 -0.292245
0.00124536 -0.156516 0.0426518 0.258049 -0.490918 -0.832112
0.362797 0.142592 -0.319313 0.956315 0.00732465 0.292245
-0.000214098 -0.042567 0.525781 -0.258049 0.490918 0.832112
0.0936325 0.458593 -0.185892 0.137374 0.871175 -0.471363
-0.134199 -0.327681 -0.34903 0.258049 -0.490918 -0.832112
-0.327676 0.268717 0.240583 -0.258049 0.490918 0.832112
-0.0923169 -0.227497 0.606321 -0.258049 0.490918 0.832112
0.00962847 0.0644443 -0.535768 0.258049 -0.490918 -0.832112
0.324685 -0.321511 -0.210364 0.258049 -0.490918 -0.832112
0.0237032 0.492216 -0.14413 0.137374 0.871175 -0.471363
0.282586 -0.573241 -0.074907 0.258049 -0.490918 -0.832112
0.299295 0.0674824 -0.347584 -0.258049 0.490918 0.832112
-0.044299 -0.148914 -0.426618 0.258049 -0.490918 -0.832112
0.00738428 0.452141 -0.222952 0.137374 0.871175 -0.471363
0.0387114 -0.0949681 -0.32216 0.956315 0.00732452 0.292245
0.0517598 0.185886 0.306972 0.258049 -0.490918 -0.832112
-0.103195 -0.540542 0.0316476 -0.137374 -0.871175 0.471363
-0.166399 0.0914214 -0.329226 -0.956315 -0.0073245 -0.292245
0.198789 -0.306094 0.228616 0.956315 0.00732449 0.292245
0.115245 0.433907 0.169176 -0.37173 -0.395749 -0.839762
-0.314318 -0.369712 0.166365 -0.956315 -0.00732452 -0.292245
0.101828 0.363402 -0.0224058 -0.210061 0.490673 0.845644
-0.189876 -0.0533212 0.0971667 -0.258049 0.490918 0.832112
0.0340585 -0.23126 0.201283 0.137374 0.871175 -0.471363
-0.286446 0.0711754 0.233733 0.0100554 -0.999919 -0.0078435
0.283199 0.475148 -0.0671789 0.956315 0.00732456 0.292245
0.275851 0.265288 -0.490055 0.137374 0.871176 -0.471361
-0.0247638 0.414398 0.0449224 0.972925 -0.0293825 0.229244
0.179481 0.427139 0.10119 -0.934357 -0.0439909 -0.353612
-0.264386 0.338693 -0.0147791 -0.956315 -0.00732452 -0.292245
0.0862249 0.2869 -0.0633934 -0.137374 -0.871175 0.471363
-0.0317749 0.375096 0.169439 0.258049 -0.490918 -0.832112
-0.368099 0.0606355 0.331569 -0.956315 -0.00732451 -0.292245
-0.140322 0.351196 -0.421068 -0.956315 -0.00732448 -0.292245
0.364246 0.15139 -0.477092 0.258049 -0.490918 -0.832112
0.115947 0.233264 -0.595842 0.137374 0.871175 -0.471363
0.134223 -0.198616 0.437205 0.956315 0.00732448 0.292245
-0.233727 -0.302172 -0.0990447 -0.956316 -0.0073279 -0.292245
-0.0144923 0.311437 -0.338748 -0.258049 0.490918 0.832112
0.0800485 0.106505 0.362577 0.258049 -0.490918 -0.832112
-0.0377463 -0.237414 -0.0683962 0.956315 0.00732452 0.292245
-0.279901 0.258081 0.0380102 -0.956315 -0.00732452 -0.292245
-0.111792 -0.0805255 0.169973 0.956315 0.00732452 0.292245
-0.183252 0.290855 -0.165121 0.280649 0.25685 -0.924805
-0.234132 -0.228021 0.428059 -0.956315 -0.00732449 -0.292245
-0.0666968 0.261529 0.0138336 0.956315 0.0073245 0.292245
-0.0370131 -0.268089 -0.215969 -0.956315 -0.00732503 -0.292245
0.321181 0.156764 -0.235436 -0.137374 -0.871175 0.471363
0.231809 0.233902 -0.560897 0.137374 0.871175 -0.471363
0.232732 0.00975545 0.10963 0.956315 0.00732446 0.292245
-0.0916192 0.236672 0.332693 -0.258049 0.490918 0.832112
0.168938 0.27082 -0.0573116 -0.258049 0.490918 0.832112
-0.0983899 0.145273 0.120457 0.956315 0.0073245 0.292245
-0.014889 0.157254 -0.0473183 -0.258049 0.490918 0.832112
0.212879 0.0457734 -0.361575 -0.258049 0.490918 0.832112
0.183811 0.368392 0.260724 0.956315 0.00732449 0.292245
0.287492 0.168182 -0.510801 0.258049 -0.490918 -0.832112
0.077193 -0.272473 0.447442 -0.986597 0.0780338 -0.143311
0.181033 -0.0747975 -0.300318 -0.258049 0.490918 0.832112
-0.105525 0.0357499 -0.527029 -0.956315 -0.0073245 -0.292245
-0.03836 -0.371493 0.36298 -0.13737 -0.87118 0.471355
-0.00195682 -0.311741 -0.317424 0.258049 -0.490918 -0.832112
0.0367489 0.0128134 0.0539103 -0.258049 0.490918 0.832112
0.0108848 -0.421872 0.0545476 0.864774 -0.337534 -0.371802
0.145257 -0.177172 -0.351162 0.258049 -0.490918 -0.832112
0.024598 0.0119582 -0.0495002 0.258049 -0.490918 -0.832112
-0.259549 -0.20876 0.167264 -0.258049 0.490918 0.832112
0.257686 0.195789 -0.181816 -0.137373 -0.871175 0.471363
0.0137126 -0.62763 -0.126201 0.258049 -0.490918 -0.832112
0.0168304 0.174434 -0.25731 0.956315 0.0073245 0.292245
-0.13588 0.209936 -0.432063 -0.956315 -0.00732452 -0.292245
-0.137668 -0.180691 0.564643 -0.258049 0.490918 0.832112
-0.0317045 0.139549 0.308426 0.258049 -0.490918 -0.832112
-0.17335 -0.284012 -0.0107928 0.258049 -0.490918 -0.832112
0.326333 -0.151245 -0.310304 0.258049 -0.490918 -0.832112
0.231121 -0.497886 0.127624 0.956315 0.00732449 0.292245
0.0806979 -0.0470437 0.553514 -0.258049 0.490918 0.832112
0.0454694 -0.423844 0.290655 -0.137381 -0.871174 0.471363
0.0860469 0.46727 -0.0809922 0.084594 0.463817 0.881883
-0.268427 0.543866 0.0966285 -0.258049 0.490918 0.832112
0.0928024 0.576546 0.18937 -0.258049 0.490918 0.832112
-0.0216056 0.482301 0.209492 -0.258049 0.490918 0.832112
-0.0244337 0.383493 -0.273463 -0.956315 -0.00732447 -0.292245
0.248246 -0.432887 0.0699575 0.956315 0.00732454 0.292245
-0.262416 -0.114659 0.487001 -0.258049 0.490918 0.832112
0.205505 -0.541088 -0.11778 0.258049 -0.490918 -0.832112
-0.253221 0.634816 0.0476862 -0.258049 0.490918 0.832112
-0.198419 -0.549478 -0.0624423 0.956315 0.00732453 0.292245
-0.0774211 -0.26644 -0.367553 0.258049 -0.490918 -0.832112
-0.0731828 -0.204402 0.0467353 0.956315 0.0073245 0.292245
-0.0047448 -0.205474 0.620485 -0.258049 0.490918 0.832112
0.00954509 0.20129 0.38494 -0.258049 0.490918 0.832112
-0.135794 -0.0469809 -0.425906 -0.956315 -0.00732609 -0.292247
0.0757154 -0.167354 0.622948 -0.258049 0.490918 0.832112
0.3266 0.353917 -0.311459 0.137376 0.871175 -0.471362
-0.331473 0.161713 0.302534 -0.258049 0.490918 0.832112
-0.163939 -0.155795 -0.331081 -0.956316 -0.00732374 -0.292244
0.238306 -0.28458 -0.158793 -0.258049 0.490918 0.832112
0.18984 0.501907 0.0643988 -0.916807 -0.0683099 -0.393444
-0.287756 -0.386851 0.0798761 -0.956315 -0.00732452 -0.292245
0.34155 -0.0756522 -0.250036 -0.258049 0.490918 0.832112
-0.0771295 -0.458378 0.191099 -0.137374 -0.871175 0.471363
-0.222982 0.00436534 0.429009 -0.258049 0.490918 0.832112
-0.0108681 0.326274 -0.0189199 -0.137375 -0.871174 0.471363
-0.306936 0.446257 0.121759 -0.956315 -0.00732451 -0.292245
-0.0911067 0.286914 -0.557029 0.137374 0.871175 -0.471363
