ply
format ascii 1.0
comment Created by Open3D
element vertex 128
property double x
property double y
property double z
property double nx
property double ny
property double nz
end_header
-0.151485 -0.495178 -0.413911 -0.502086 0.574647 0.64629
-0.054772 -0.390101 -0.22626 -0.60032 -0.750027 0.277624
0.219353 0.380078 -0.314696 0.576013 0.779635 -0.24572
0.299077 0.0903011 0.00391884 -0.72581 -0.495202 0.477467
0.0838859 -0.532077 0.111776 -0.751685 -0.0368162 0.658494
0.454634 0.012365 -0.431448 0.502086 -0.574647 -0.64629
-0.015629 0.591377 -0.195118 0.576013 0.779635 -0.24572
-0.210759 0.113137 0.125565 0.617672 -0.386755 -0.684764
-0.393191 -0.000518008 0.15946 0.745992 0.409866 -0.524887
0.0881087 -0.475471 0.0949795 -0.516286 0.555037 0.652214
0.322182 0.430177 0.0853082 0.576013 0.779635 -0.24572
0.162396 -0.443896 0.0594184 0.265746 0.959519 0.0932915
0.109376 -0.247607 -0.431381 -0.502086 0.574647 0.64629
-0.407701 -0.0568019 0.470285 0.502086 -0.574647 -0.64629
-0.177489 0.0334151 0.585247 0.645073 -0.2489 0.722447
-0.250687 0.352427 -0.0367773 0.645073 -0.248899 0.722447
0.1233 0.173167 0.284559 0.109252 -0.905706 -0.409587
-0.156236 0.641372 0.0819974 -0.502086 0.574647 0.64629
-0.176712 -0.0621664 0.222227 -0.763753 -0.180654 0.619715
-0.398347 -0.0455189 0.467519 0.502086 -0.574647 -0.64629
-0.182374 -0.486996 0.062147 -0.576013 -0.779635 0.24572
0.300455 0.0651355 -0.25714 -0.757594 -0.0850137 0.647166
-0.354972 -0.00162018 0.217031 0.682095 0.613728 -0.397599
-0.0860669 -0.506258 0.129122 0.576013 0.779635 -0.24572
-0.154323 -0.592044 -0.366471 -0.0522748 -0.957622 -0.283246
-0.106813 -0.463415 0.314098 -0.576013 -0.779635 0.24572
0.341399 -0.191663 -0.338007 0.502086 -0.574647 -0.64629
0.10172 0.347963 -0.386199 -0.645077 0.248895 -0.722445
-0.146125 0.288232 0.36671 0.502086 -0.574647 -0.64629
0.117679 0.574212 0.0629202 0.576013 0.779635 -0.24572
-0.129117 -0.486327 0.0914441 0.576013 0.779635 -0.24572
0.125571 0.625437 0.258877 0.0522748 0.957622 0.283246
-0.162432 -0.505184 -0.0464833 0.576013 0.779635 -0.24572
0.0395523 0.251815 0.140765 0.00468555 0.946733 0.321987
0.1348 -0.322235 0.161047 0.19309 0.967874 0.161045
-0.0806977 -0.160398 0.25465 0.736817 0.453096 -0.501801
-0.526303 -0.118207 0.412958 -0.762331 -0.144948 0.630747
0.429064 -0.300834 -0.135697 -0.502086 0.574647 0.64629
0.387468 0.0684934 -0.363391 -0.709575 0.155684 0.687216
0.285945 -0.284014 -0.261838 -0.502086 0.574647 0.64629
-0.224735 -0.034411 0.427118 0.369551 0.929158 -0.00985574
-0.481873 -0.0569048 -0.00459621 -0.645073 0.248899 -0.722448
0.225089 0.154804 -0.402898 0.39443 -0.701303 -0.593801
-0.183355 0.551414 -0.0210208 0.594487 -0.430525 -0.679142
-0.319163 0.26007 -0.0406748 -0.645073 0.2489 -0.722447
-0.545734 -0.00272192 0.314965 0.502086 -0.574647 -0.64629
-0.441323 0.239778 0.0614105 -0.645073 0.248899 -0.722447
-0.336487 -0.262444 0.413352 -0.576013 -0.779635 0.24572
0.176543 0.577571 0.309236 -0.576013 -0.779635 0.24572
-0.0762692 -0.323514 -0.425391 0.645073 -0.248901 0.722446
0.36918 -0.260403 -0.218168 -0.502086 0.574647 0.64629
0.0607681 0.499192 0.0642651 0.753313 0.36561 -0.546671
0.173534 0.216568 -0.46237 0.645077 -0.248896 0.722445
-0.0662629 0.513072 -0.146104 0.645073 -0.248899 0.722448
-0.142146 0.449863 0.226088 0.502086 -0.574647 -0.64629
-0.183451 -0.155015 0.429402 -0.569811 0.473248 0.671828
0.37062 0.0668916 0.0889291 -0.712999 -0.536077 0.451945
0.373451 0.191378 -0.552183 0.576013 0.779635 -0.24572
-0.238449 -0.380544 0.170783 0.576013 0.779635 -0.24572
0.00561102 0.377922 -0.290062 -0.645073 0.248899 -0.722448
0.367677 0.0147834 -0.316681 0.0427684 0.95574 0.291086
-0.270785 0.477814 -0.00885353 -0.645071 0.248895 -0.722451
-0.0210591 -0.448784 -0.256748 0.722825 -0.107842 -0.682564
0.124219 -0.41087 -0.31182 0.502086 -0.574647 -0.64629
0.366137 0.258363 -0.356793 0.576013 0.779635 -0.24572
0.0455 -0.481646 0.0618364 -0.63933 0.342007 0.688686
0.154374 0.53766 0.0329651 0.576013 0.779635 -0.24572
-0.0320714 -0.218219 0.261862 0.682095 0.613728 -0.397598
0.0968647 0.2599 -0.378984 0.645073 -0.248899 0.722448
0.57302 0.208368 -0.0304491 0.576013 0.779635 -0.24572
-0.0538778 0.311923 -0.0502369 0.155998 0.968446 0.194361
-0.359758 -0.077377 0.56296 -0.502086 0.574647 0.64629
-0.459152 -0.179257 -0.0338162 0.645073 -0.248899 0.722448
-0.0529664 -0.24491 0.24152 -0.644412 -0.68528 0.339301
-0.245073 -0.531904 -0.227317 -0.576013 -0.779635 0.24572
-0.242672 -0.357501 -0.304103 0.543723 -0.514784 -0.662844
-0.505598 -0.19626 0.226917 -0.576013 -0.779635 0.24572
0.433492 -0.313351 -0.121128 -0.502086 0.574647 0.64629
-0.112873 0.612207 -0.0703315 0.645078 -0.248896 0.722444
0.128984 -0.134865 -0.553527 0.502086 -0.574647 -0.64629
-0.0293102 0.421405 0.106267 0.434305 0.897326 -0.0786418
-0.308221 -0.252902 0.509884 -0.576013 -0.779635 0.24572
-0.00319833 0.353454 -0.257406 0.645073 -0.248899 0.722448
-0.112403 -0.415742 -0.424903 0.645073 -0.248899 0.722448
-0.280203 0.253428 0.330629 -0.502086 0.574647 0.64629
-0.112778 0.350287 0.33744 0.502086 -0.574647 -0.64629
0.323875 0.0690449 -0.230781 -0.73428 0.0597251 0.676214
0.0474813 0.384986 0.113146 0.146817 -0.887474 -0.436847
0.277815 0.0347541 -0.588721 0.502086 -0.574647 -0.64629
-0.0891577 -0.242714 0.0432829 0.434308 0.897325 -0.0786444
-0.486611 -0.213937 0.215338 -0.576013 -0.779635 0.24572
0.49422 0.0685978 -0.413558 -0.502086 0.574647 0.64629
-0.406234 -0.0644501 -0.0415131 0.645072 -0.2489 0.722448
0.261731 0.30142 -0.464926 0.576013 0.779635 -0.24572
-0.458364 -0.0784005 0.45013 0.502086 -0.574647 -0.64629
-0.136253 -0.452154 -0.359772 0.487569 -0.593905 -0.639964
0.294142 0.0912161 -0.0515202 0.736816 0.453098 -0.5018
0.187824 0.320833 0.294886 -0.0046827 -0.946732 -0.321989
0.209109 0.223398 0.13586 0.335755 0.941628 0.0246168
0.218624 0.324123 -0.396273 -0.576013 -0.779635 0.24572
-0.407862 0.203313 0.0521908 0.645073 -0.248899 0.722448
0.188185 -0.0764309 -0.198502 0.67782 -0.25009 -0.691386
-0.439522 0.244386 0.0946103 0.645073 -0.248899 0.722448
0.137085 -0.0541438 -0.523092 0.645071 -0.248898 0.722449
-0.487466 0.0607379 0.091945 0.576014 0.779634 -0.245721
-0.255781 0.219967 0.0446344 -0.485676 0.596361 0.639119
-0.278524 -0.0556094 0.486537 -0.361324 0.733723 0.575409
0.201986 0.478098 0.293626 0.402428 0.914379 -0.0443037
-0.0271813 -0.562701 0.185747 -0.576013 -0.779635 0.24572
-0.154837 -0.162874 -0.315731 -0.109252 0.905706 0.409587
0.0217671 0.602754 -0.0713575 0.576013 0.779635 -0.24572
0.315706 -0.14883 -0.396051 0.502086 -0.574647 -0.64629
-0.282588 -0.381072 -0.261 0.645074 -0.248896 0.722447
0.0467756 -0.407641 -0.140123 0.623142 0.718545 -0.308848
0.181305 0.539782 0.200501 -0.576013 -0.779635 0.24572
0.262013 0.390621 -0.181246 0.576013 0.779635 -0.24572
-0.0360742 0.378237 0.372178 0.502086 -0.574647 -0.64629
-0.135035 -0.330764 -0.408638 -0.645073 0.248899 -0.722448
0.142657 0.5845 0.251785 -0.576013 -0.779635 0.24572
-0.0614674 0.615085 -0.14846 -0.645073 0.248899 -0.722448
0.0405781 0.445533 0.272406 -0.709574 0.155689 0.687216
0.0249848 0.222777 0.147841 0.0714178 -0.921685 -0.38131
0.0268982 0.548308 -0.134406 -0.576013 -0.779635 0.24572
-0.186016 0.0451283 0.210841 -0.709576 0.155683 0.687216
0.617121 0.148844 -0.11593 0.576013 0.779635 -0.24572
-0.0318967 0.570886 0.241265 -0.502086 0.574647 0.64629
-0.0035347 0.24129 -0.285427 -0.644412 -0.68528 0.3393
0.427637 0.28254 -0.038244 -0.576013 -0.779635 0.24572
