ply
format ascii 1.0
comment Created by Open3D
element vertex 128
property double x
property double y
property double z
property double nx
property double ny
property double nz
end_header
0.142311 0.0403858 0.344817 0.107858 0.4524 0.885269
-0.0996014 0.0618388 -0.047848 -0.930848 -0.266753 0.24973
0.174266 -0.559163 -0.0934911 0.349126 -0.850986 0.392344
0.119583 -0.285175 -0.0431233 0.580129 0.525089 0.622682
0.00971181 0.167867 -0.0418444 0.930848 0.266753 -0.24973
0.0228227 -0.282912 -0.0241838 -0.930848 -0.266753 0.24973
-0.210869 0.491121 -0.00404392 -0.930848 -0.266753 0.24973
0.128075 -0.242981 0.4752 -0.930848 -0.266753 0.24973
-0.197588 0.463638 -0.0929481 -0.349126 0.850986 -0.392344
0.0450227 0.248281 0.17567 0.930848 0.266753 -0.24973
-0.0969691 0.459466 0.0270192 0.360517 -0.84765 0.389251
-0.23759 0.306449 -0.398292 -0.349126 0.850986 -0.392344
0.00485324 0.0204614 -0.214966 0.935583 0.340168 -0.0947072
0.204369 -0.48853 -0.0174173 0.930848 0.266753 -0.24973
0.0903777 -0.167696 0.415101 -0.930848 -0.266753 0.24973
-0.0686198 0.126082 0.107181 -0.349126 0.850986 -0.392344
-0.0658193 0.276699 0.249412 0.107858 0.4524 0.885269
-0.056143 0.171541 0.214486 0.349126 -0.850986 0.392344
0.0089255 0.0784037 -0.140154 0.939136 0.245788 -0.240026
-0.0378477 -0.175016 -0.288744 -0.107858 -0.4524 -0.885269
0.141631 -0.554071 -0.116903 -0.107858 -0.4524 -0.885269
0.177263 -0.290381 0.267767 -0.349126 0.850986 -0.392344
-0.0728087 -0.149601 -0.173833 -0.930848 -0.266753 0.24973
-0.145734 0.0203437 -0.264127 -0.930848 -0.266753 0.24973
0.123707 -0.0597118 0.13997 0.930848 0.266753 -0.24973
-0.0388062 0.207655 -0.129917 0.389006 0.80026 -0.456353
-0.0129287 0.110425 0.284278 -0.107858 -0.4524 -0.885269
-0.00958374 -0.315635 -0.115519 -0.930848 -0.266753 0.24973
0.167805 -0.43759 -0.0992928 0.930848 0.266753 -0.24973
-0.24234 0.345061 -0.310317 -0.349126 0.850986 -0.392344
-0.0822223 0.478569 0.148248 0.107858 0.4524 0.885269
-0.254242 0.257239 -0.483275 -0.107858 -0.4524 -0.885269
0.138504 -0.167155 0.0902331 0.994088 -0.039349 -0.101192
-0.0885254 0.220083 -0.352239 0.930848 0.266753 -0.24973
0.139422 -0.434519 0.207865 0.349126 -0.850986 0.392344
0.0465861 0.0883204 0.0379168 0.821599 0.479334 0.308567
0.143778 -0.374559 0.114984 -0.349126 0.850986 -0.392344
0.0238228 -0.322225 -0.22103 -0.107858 -0.4524 -0.885269
0.116796 -0.288166 0.346185 0.349127 -0.850986 0.392344
-0.176287 0.457415 0.0888551 -0.930848 -0.266753 0.24973
-0.0167242 0.0666797 -0.0480327 0.349126 -0.850986 0.392344
-0.227875 0.241759 -0.333793 -0.930848 -0.266753 0.24973
0.0889657 -0.338185 0.216885 0.107857 0.4524 0.885269
-0.133259 0.0872097 -0.146205 -0.930848 -0.266753 0.24973
0.176202 -0.118551 0.42191 0.107858 0.4524 0.885269
0.010765 -0.42254 -0.168175 -0.107858 -0.4524 -0.885269
-0.0318736 -0.208861 -0.0845503 -0.930848 -0.266753 0.24973
-0.111927 -0.0969721 -0.263427 -0.930848 -0.266753 0.24973
0.0492956 -0.23704 0.17003 0.107858 0.4524 0.885269
-0.0799303 0.353131 -0.115744 0.485707 -0.193722 -0.852385
0.0468741 -0.503128 -0.105351 -0.930848 -0.266753 0.24973
-0.112779 0.267717 0.122946 -0.930848 -0.266753 0.24973
-0.0851214 0.481688 -0.0601134 0.930848 0.266753 -0.24973
0.0699287 -0.237289 0.0638477 0.349126 -0.850986 0.392344
0.0813353 -0.023296 0.062318 0.597674 -0.120255 -0.792669
0.140785 -0.0131109 0.253406 0.930847 0.266754 -0.249731
-0.232774 0.406232 -0.186151 -0.349126 0.850986 -0.392344
-0.0998011 0.578272 0.0994389 0.107858 0.4524 0.885269
0.018502 0.158489 0.11908 0.449371 -0.816491 0.362504
0.0826625 -0.329762 0.213231 -0.930848 -0.266753 0.24973
0.233535 -0.261909 0.343593 0.742825 0.555145 -0.374199
-0.106987 0.546237 0.00558671 -0.349126 0.850986 -0.392344
0.201594 -0.319459 0.402105 0.349126 -0.850986 0.392344
0.128697 -0.24906 0.471022 -0.930848 -0.266753 0.24973
-0.156256 0.0680665 -0.398541 -0.107858 -0.4524 -0.885269
-0.160622 0.409641 -0.0243979 0.349126 -0.850986 0.392344
0.0736203 -0.515629 -0.0190097 -0.930848 -0.266753 0.24973
-0.104525 0.160928 -0.237032 0.107858 0.4524 0.885269
-0.063494 0.118419 -0.367531 0.930848 0.266753 -0.24973
0.0048644 0.00904875 0.261959 -0.349126 0.850986 -0.392344
0.178129 -0.0623393 0.356265 0.782965 0.0348694 -0.621088
0.172208 -0.219448 0.181506 0.798584 0.489253 0.350564
-0.016943 -0.181283 0.000560003 -0.930848 -0.266753 0.24973
0.0997579 -0.248927 -0.15141 0.930849 0.26675 -0.249729
0.147147 -0.377764 0.00629937 0.320021 0.501794 0.80361
0.0296997 0.0345893 0.3615 0.107858 0.4524 0.885269
0.0186799 0.226948 0.0546916 0.930848 0.266753 -0.24973
-0.0282421 0.10382 -0.251727 0.930848 0.266753 -0.24973
-0.0429827 -0.121311 -0.100297 0.107858 0.4524 0.885269
0.0253143 -0.409896 -0.0861262 -0.930848 -0.266753 0.24973
0.104964 -0.17833 -0.0565949 0.930848 0.266753 -0.24973
0.230223 -0.423822 0.148072 0.930848 0.266753 -0.24973
0.115203 -0.36114 -0.192367 0.581941 -0.131272 -0.802566
-0.0153712 0.313963 0.0766424 0.341223 0.819525 -0.460376
0.114693 0.117682 0.29586 0.930848 0.266753 -0.24973
0.0150723 -0.0223794 0.145092 -0.349126 0.850986 -0.392344
-0.105867 0.351909 -0.223327 0.872367 -0.470136 0.133968
0.223095 -0.346025 0.204646 0.921999 0.287558 -0.259284
0.0449705 -0.0853727 -0.018144 -0.349126 0.850986 -0.392344
-0.0877204 0.476433 0.15001 0.107858 0.4524 0.885269
0.018721 -0.0484306 -0.149207 0.485698 0.522392 0.70086
0.0042326 0.377845 0.164425 0.898704 0.185482 -0.397402
-0.18504 0.545768 0.074025 -0.349126 0.850986 -0.392344
-0.135807 0.239251 0.00670306 -0.930848 -0.266753 0.24973
0.112326 -0.488572 0.114736 0.349126 -0.850986 0.392344
-0.0487781 -0.000139534 0.0521368 -0.107858 -0.4524 -0.885269
0.0802326 0.028268 0.198746 -0.173195 0.885397 -0.431364
-0.127083 0.367183 0.175876 -0.930848 -0.266753 0.24973
-0.20528 0.314038 -0.231637 0.349126 -0.850986 0.392344
-0.0594607 -0.251742 -0.233183 -0.930848 -0.266753 0.24973
-0.0549622 0.292694 0.239915 0.107858 0.452399 0.885269
0.0784518 0.208704 0.266582 0.107858 0.4524 0.885269
0.040552 -0.379928 0.00268198 -0.930848 -0.266753 0.24973
0.128685 -0.130817 0.242498 0.349126 -0.850986 0.392344
0.246097 -0.199678 0.454852 0.107858 0.4524 0.885269
-0.183041 0.123846 -0.292627 -0.930848 -0.266753 0.24973
-0.17473 0.223292 -0.260348 0.107858 0.4524 0.885269
0.0435912 -0.124835 0.286492 -0.930848 -0.266753 0.24973
0.0820675 -0.0662088 0.40663 0.107858 0.4524 0.885269
-0.139432 0.279271 -0.478765 0.930848 0.266753 -0.24973
0.0153762 -0.114271 0.192607 -0.930848 -0.266753 0.24973
-0.013587 -0.0923875 -0.329711 0.581942 -0.131272 -0.802565
-0.0365301 0.270286 -0.013492 0.0678934 0.885031 -0.460554
-0.152406 -0.0311266 -0.348319 -0.107858 -0.4524 -0.885269
-0.0233745 -0.0978299 0.0657285 -0.930848 -0.266753 0.24973
0.0559074 -0.136826 -0.195115 0.930848 0.266753 -0.24973
-0.134084 0.168974 -0.0619409 -0.930848 -0.266753 0.24973
-0.167283 0.323017 -0.0810103 -0.107858 -0.4524 -0.885269
0.0947841 -0.228719 -0.148364 0.930848 0.266753 -0.24973
-0.166249 0.16337 -0.446026 -0.107858 -0.4524 -0.885269
-0.137823 0.293061 -0.458039 0.930848 0.266754 -0.249731
0.0477491 -0.230817 -0.262594 0.581942 -0.131272 -0.802565
-0.192233 0.071251 -0.383071 -0.930848 -0.266753 0.24973
-0.126883 0.458253 -0.167543 -0.349126 0.850986 -0.392344
-0.0974159 0.00982408 -0.139164 0.349126 -0.850986 0.392344
0.141346 -0.388675 0.305587 0.349126 -0.850986 0.392344
-0.117949 0.339694 -0.334149 0.930848 0.266753 -0.24973
-0.0389633 0.00807731 -0.364544 0.581942 -0.131272 -0.802565
