ply
format ascii 1.0
comment Created by Open3D
element vertex 2096
property double x
property double y
property double z
property double nx
property double ny
property double nz
end_header
0.04447 -0.389193 0.00738965 -0.930848 -0.266753 0.24973
-0.204838 0.399465 -0.225687 -0.349126 0.850986 -0.392344
-0.10638 0.289199 -0.324804 0.863085 0.455083 0.219051
0.0207442 -0.0363377 -0.218846 0.930848 0.266753 -0.24973
-0.0757844 -0.0689358 -0.338333 -0.107858 -0.4524 -0.885269
-0.119451 0.363405 -0.161345 0.360512 -0.847652 0.389252
-0.0373641 0.0376359 -0.35173 -0.248654 -0.038379 -0.967832
-7.53333e-05 -0.0901471 0.160781 -0.930848 -0.266753 0.24973
0.131035 -0.264966 0.398335 -0.930849 -0.266751 0.249729
0.0482154 -0.443356 -0.0365047 -0.930848 -0.266753 0.24973
0.0104078 0.13134 0.0678553 0.405392 -0.833082 0.37634
-0.0468622 -0.17527 -0.104539 -0.930848 -0.266753 0.24973
0.161039 -0.0113234 0.330809 0.930848 0.266753 -0.249731
-0.0706811 0.180652 -0.327846 0.930848 0.266753 -0.24973
-0.0113575 -0.24389 -0.256775 -0.107858 -0.4524 -0.885269
0.0605206 -0.385269 -0.193283 -0.107858 -0.4524 -0.885269
-0.0918752 0.236679 0.167709 -0.930848 -0.266753 0.24973
-0.0348351 -0.0705089 -0.127251 0.107858 0.4524 0.885269
0.0766724 -0.281486 -0.233334 0.581941 -0.131272 -0.802566
0.119914 -0.398054 0.279134 -0.930848 -0.266753 0.24973
0.152804 -0.0229589 0.287688 0.930848 0.266753 -0.24973
0.00960801 -0.295401 -0.18812 0.234766 -0.960301 -0.15069
-0.0567421 0.406808 0.120602 -0.0964284 -0.449093 -0.888267
0.199868 -0.51041 -0.0575658 0.930848 0.266753 -0.24973
0.161357 -0.379507 -0.0612841 0.930848 0.266753 -0.24973
-0.0200084 0.0449987 -0.0921359 0.349126 -0.850986 0.392344
-0.084004 0.147443 -0.412978 0.930848 0.266753 -0.24973
-0.123845 0.23597 -0.273027 0.107858 0.4524 0.885269
0.154342 -0.567262 -0.0933289 0.349126 -0.850986 0.392344
0.0618286 0.0540238 0.0497283 0.870472 0.449545 0.200467
-0.0209193 -0.0701787 0.0734433 -0.349126 0.850986 -0.392344
-0.184072 0.565206 0.115325 -0.349126 0.850986 -0.392345
-0.132593 0.258671 0.039427 -0.930848 -0.266753 0.24973
0.142878 -0.323922 0.443917 -0.930848 -0.266753 0.24973
0.119492 -0.0895526 0.0923869 0.930848 0.266753 -0.24973
0.00807162 -0.0930089 0.188091 -0.930848 -0.266753 0.24973
-0.167603 0.311319 -0.231445 0.349126 -0.850986 0.392344
0.258207 -0.22501 0.464743 0.930848 0.266753 -0.24973
0.146324 -0.0486773 0.23606 0.930848 0.266753 -0.24973
0.121958 -0.342579 0.346009 -0.930848 -0.266753 0.24973
-0.0143241 0.0230205 -0.286156 0.930848 0.266753 -0.24973
0.15552 -0.211717 0.146938 0.561671 -0.145108 -0.814536
-0.0148571 -0.0684677 0.12884 -0.930848 -0.266753 0.24973
-0.105888 0.379871 -0.246278 0.930848 0.266753 -0.24973
-0.0145322 0.205865 -0.0909973 0.902642 0.328633 -0.277916
0.00502728 -0.129085 0.138209 -0.930848 -0.266753 0.24973
-0.074373 0.572686 0.0771505 0.930848 0.266753 -0.24973
-0.189193 0.287984 -0.481408 -0.349126 0.850986 -0.392344
-0.0758289 -0.155217 -0.19109 -0.930848 -0.266753 0.24973
-0.0693334 0.110378 -0.397886 0.930848 0.266753 -0.249731
-0.0361125 0.134962 0.117323 0.349126 -0.850986 0.392344
-0.13651 -0.00717501 -0.362496 -0.107858 -0.4524 -0.885269
0.109668 -0.337482 0.305645 -0.930848 -0.266753 0.24973
0.104012 0.025983 0.201532 0.45281 0.770482 -0.448688
0.0104184 -0.233848 0.0463985 -0.930848 -0.266753 0.24973
0.0985126 -0.300313 -0.21094 0.930848 0.266753 -0.24973
-0.0410483 0.245938 0.262114 0.107858 0.4524 0.885269
0.131741 -0.524941 0.0185758 0.349126 -0.850986 0.392344
0.24183 -0.244473 0.478264 0.107858 0.4524 0.885269
-0.0951551 0.438021 0.109327 -0.107858 -0.4524 -0.885269
0.150452 -0.556742 -0.0670497 0.349126 -0.850986 0.392344
0.0721537 0.00343517 0.151145 -0.220926 0.879105 -0.422333
-0.226208 0.228449 -0.471978 -0.107858 -0.4524 -0.885269
-0.0245334 0.115517 0.289298 -0.930848 -0.266753 0.24973
-0.222623 0.259716 -0.295035 -0.930848 -0.266753 0.24973
0.239385 -0.204286 0.458025 0.107858 0.4524 0.885269
0.105886 -0.264254 -0.144941 0.930848 0.266753 -0.24973
0.187334 -0.518871 -0.113321 0.930848 0.266753 -0.24973
-0.11939 0.492083 0.14587 0.107858 0.4524 0.885269
0.186688 -0.210666 0.406487 -0.107858 -0.4524 -0.885269
-0.14968 0.417513 -0.235621 -0.349126 0.850986 -0.392344
-0.11315 0.096088 -0.0617655 -0.930848 -0.266751 0.249729
0.141027 -0.274598 0.231071 0.107858 0.4524 0.885269
0.094365 -0.294185 0.230442 -0.930848 -0.266753 0.24973
-0.102466 0.256257 0.149145 -0.930848 -0.266753 0.24973
-0.0431208 0.156414 0.170088 0.349126 -0.850986 0.392344
0.144662 -0.0799898 0.19642 0.930848 0.266753 -0.24973
0.20857 -0.429038 0.158223 0.349126 -0.850986 0.392344
-0.0676437 0.194349 -0.280377 0.863083 0.455085 0.219058
0.00428447 0.124111 -0.108813 0.930848 0.266753 -0.24973
0.0814171 -0.213386 0.14525 -0.107858 -0.4524 -0.885269
0.0429496 0.0451309 0.0245154 0.405113 -0.240475 -0.882074
0.112081 -0.0280221 0.132051 0.881111 0.368916 -0.295879
0.109024 -0.442195 -0.170102 -0.107858 -0.4524 -0.885269
0.0203075 -0.381867 -0.190123 -0.107856 -0.452399 -0.88527
-0.106423 0.294014 0.174725 -0.930848 -0.266753 0.24973
0.0330141 -0.197874 0.169049 -0.930848 -0.266753 0.24973
-0.0103611 -0.0655598 -0.132762 0.107858 0.4524 0.885269
0.119328 -0.290294 0.392055 -0.930848 -0.266753 0.24973
-0.0671422 -0.131966 -0.307175 -0.107858 -0.4524 -0.885269
0.0178542 -0.0200419 0.147687 -0.349126 0.850986 -0.392344
0.000610813 0.038971 -0.137828 0.791707 -0.577667 0.198747
-0.206817 0.29396 -0.263953 -0.930848 -0.266754 0.24973
0.0939453 -0.111482 0.367101 -0.107858 -0.4524 -0.885269
0.105863 -0.0547205 0.0802441 0.881111 0.368916 -0.295879
-0.210991 0.228747 -0.284757 -0.930848 -0.266753 0.24973
0.0182878 -0.103669 -0.299923 0.930848 0.266753 -0.249731
0.12586 -0.357205 -0.000319294 0.107858 0.4524 0.885269
0.10709 -0.2482 -0.123302 0.930848 0.266753 -0.24973
-0.0238123 0.191199 0.287987 0.107858 0.4524 0.885269
-0.126555 0.114394 -0.0921768 -0.930848 -0.266753 0.24973
0.0948103 -0.0589858 0.0496356 0.671586 0.623397 -0.400436
0.128262 -0.323205 0.390204 -0.930848 -0.266753 0.24973
-0.0209102 0.164692 -0.159376 0.930848 0.266753 -0.24973
0.146654 -0.346597 0.39213 0.349126 -0.850986 0.392344
0.0791812 -0.310703 0.220613 -0.930848 -0.266753 0.24973
-0.197199 0.109923 -0.360274 -0.930848 -0.266753 0.24973
0.0275358 -0.0252457 0.333024 -0.930848 -0.266753 0.24973
0.150411 -0.369806 -0.000928921 0.485685 0.522391 0.70087
0.184523 -0.35394 0.342506 0.349126 -0.850986 0.392344
-0.1903 0.325692 -0.180074 0.349126 -0.850986 0.392344
-0.21134 0.177632 -0.340658 -0.930848 -0.266753 0.24973
-0.0909828 0.407798 -0.137723 0.972468 -0.233037 0.000606798
-0.0603181 0.279748 -0.0276874 0.119194 0.455617 0.88216
-0.0393371 0.466278 0.111797 0.782959 0.0348636 -0.621095
0.0831344 -0.381652 0.153562 -0.349126 0.850986 -0.392344
0.171741 -0.44457 -0.092077 0.930848 0.266753 -0.24973
-0.0390563 -0.202612 -0.104649 -0.930848 -0.266753 0.24973
-0.0250529 -0.21677 -0.0675757 -0.930848 -0.266753 0.24973
0.132751 -0.449037 0.182312 0.349126 -0.850986 0.392344
0.117059 -0.259189 -0.0978832 0.930848 0.266753 -0.24973
0.146823 -0.39582 0.285217 0.349126 -0.850986 0.392344
-0.122093 0.188306 0.00340397 -0.930848 -0.266753 0.24973
0.118489 -0.061725 0.118373 0.930848 0.266753 -0.24973
-0.138235 0.239766 -0.00179601 -0.930848 -0.266753 0.24973
-0.0474113 -0.0573181 -0.347727 -0.107858 -0.4524 -0.885269
-0.113548 -0.0657915 -0.236165 -0.930848 -0.266753 0.24973
-0.226731 0.221522 -0.351146 -0.930848 -0.266753 0.24973
-0.0650894 0.226018 0.256163 -0.930848 -0.266753 0.24973
-0.092887 0.168767 -0.423311 0.930848 0.266753 -0.24973
-0.0770591 0.326618 -0.0496953 0.164576 0.467865 0.868342
0.0606613 -0.197446 0.201436 0.107858 0.4524 0.885269
0.181175 -0.508416 0.0104299 0.349126 -0.850986 0.392344
0.117992 -0.296984 -0.134779 0.930848 0.266753 -0.24973
0.00958326 0.0519272 0.348541 -0.930848 -0.266753 0.24973
0.206028 -0.330245 0.374765 0.349126 -0.850986 0.392344
-0.0490974 0.140413 0.1407 0.349126 -0.850986 0.392344
0.0603841 0.0121613 0.0925323 0.3615 0.508591 0.781443
-0.000936396 0.0615415 0.29024 -0.107858 -0.4524 -0.885269
-0.0148067 0.103423 -0.202071 0.930848 0.266753 -0.24973
-0.00908204 -0.030108 0.149823 -0.349126 0.850986 -0.392344
-0.0847228 0.523613 0.125534 0.107858 0.4524 0.885269
-0.0819362 -0.0167442 -0.364255 -0.107858 -0.4524 -0.885269
-0.0758199 0.297891 0.239801 0.107858 0.4524 0.885269
-0.175371 0.307889 -0.450535 -0.349126 0.850986 -0.392344
-0.202288 0.293818 -0.457101 -0.349126 0.850986 -0.392344
-0.0907131 -0.137011 -0.227122 -0.930848 -0.266753 0.24973
0.16412 -0.367771 -0.036068 0.935583 0.340169 -0.0947071
0.120672 -0.233344 0.457897 -0.930848 -0.266753 0.24973
0.0724456 -0.186637 -0.186678 0.930848 0.266753 -0.24973
-0.0439347 0.388945 0.189384 0.107858 0.4524 0.885269
0.000612602 -0.109735 -0.316578 0.581942 -0.131272 -0.802565
0.0543755 -0.248443 0.0534933 0.349126 -0.850986 0.392344
-0.123505 0.274581 -0.42441 0.930848 0.266753 -0.24973
0.153248 -0.263365 0.162662 0.0410517 -0.404398 -0.913661
-0.121893 0.35343 -0.0578369 0.107858 0.4524 0.885269
0.135742 -0.511683 -0.137846 -0.107858 -0.4524 -0.885269
0.0426178 0.197695 0.140337 0.961214 -0.274812 0.0233599
0.0881475 -0.478017 -0.149253 -0.107858 -0.4524 -0.885269
-0.0824958 0.122701 -0.414858 0.581942 -0.131272 -0.802565
0.009492 -0.398563 -0.132997 -0.930848 -0.266753 0.24973
0.0591128 0.0826475 0.272138 -0.107858 -0.4524 -0.885269
-0.0682403 -0.091064 -0.327944 -0.107858 -0.4524 -0.885269
-0.236474 0.178482 -0.433435 -0.930848 -0.266753 0.24973
-0.105226 0.270475 -0.360663 0.930848 0.266753 -0.24973
-0.0441204 -0.273513 -0.199259 -0.930846 -0.266743 0.249747
-0.126432 0.264489 0.0647395 0.349125 -0.850986 0.392344
0.0177114 -0.0129826 0.309504 -0.930848 -0.266753 0.24973
-0.0775802 -0.101421 -0.140154 -0.930848 -0.266753 0.24973
-0.0318032 0.0758022 -0.0148283 0.349126 -0.850986 0.392344
0.254724 -0.238906 0.436917 0.930848 0.266753 -0.24973
-0.0585442 0.170442 -0.293512 0.930848 0.266753 -0.24973
-0.00554671 0.0741843 -0.198787 0.930848 0.266753 -0.24973
0.146888 -0.198789 0.189809 0.361513 0.508593 0.781436
0.120084 -0.173592 0.00482384 0.930848 0.266753 -0.24973
0.0223881 0.205001 0.0450714 0.930848 0.266753 -0.24973
0.0155369 0.0917664 0.0591372 0.107858 0.4524 0.885269
0.143759 -0.321286 -0.0646661 0.933214 0.277774 -0.227932
-0.0210246 -0.00357218 0.0505096 -0.107858 -0.4524 -0.885269
-0.133137 0.164284 -0.127832 -0.930848 -0.266753 0.24973
-0.0807908 0.464508 0.155259 0.107858 0.4524 0.885269
0.17908 -0.239668 0.193859 0.77367 0.498 0.391704
0.215057 -0.203696 0.460688 0.107858 0.4524 0.885269
-0.0972077 0.00550341 -0.148721 0.349126 -0.850986 0.392344
-0.0222168 0.127591 -0.203877 0.930848 0.266753 -0.24973
0.0597605 0.0265223 0.0384926 0.597671 -0.120257 -0.792671
-0.107188 0.347612 -0.229796 0.871128 -0.472099 0.135122
-0.0130756 -0.276273 -0.199715 -0.325082 0.916635 -0.232597
-0.195624 0.306468 -0.435594 -0.349126 0.850986 -0.392344
0.140071 -0.163095 0.105963 0.990409 -0.126124 -0.0564081
-0.0791275 0.363451 -0.11733 0.561668 -0.145109 -0.814538
0.118185 -0.408574 0.026867 0.107858 0.4524 0.885269
0.201564 -0.4406 0.0233269 0.930848 0.266753 -0.24973
0.0135029 -0.0478019 -0.258083 0.930848 0.266753 -0.24973
-0.00557684 0.150022 -0.117893 0.930848 0.266753 -0.24973
0.135119 -0.240811 0.439361 -0.930849 -0.266751 0.249729
0.14841 -0.304082 0.263724 -0.349126 0.850986 -0.392344
-0.0783182 -0.0075591 -0.154123 0.107858 0.4524 0.885269
-0.151378 0.527255 0.00391553 -0.349126 0.850986 -0.392344
0.214229 -0.436788 0.0746051 0.930848 0.266753 -0.24973
-0.0649451 0.55007 0.0881342 0.930848 0.266753 -0.24973
0.247987 -0.33451 0.328176 0.349126 -0.850986 0.392344
-0.129947 0.546563 0.0719032 0.00018032 0.683095 0.73033
-0.00686068 -0.112591 0.111515 -0.930848 -0.266753 0.24973
0.162948 -0.05158 0.296043 0.966585 0.160573 -0.199823
0.204833 -0.283664 0.273996 0.191142 0.864359 -0.465133
0.0182404 0.171019 -0.006688 0.930848 0.266753 -0.24973
-0.15148 0.10037 -0.200063 -0.930848 -0.266753 0.24973
-0.251693 0.273878 -0.456388 -0.349126 0.850985 -0.392345
0.0160316 0.0901453 -0.0552158 0.89471 -0.432388 0.111956
0.152349 -0.43419 -0.153273 0.930848 0.266753 -0.24973
-0.0165698 0.265214 0.201953 0.220752 0.134093 0.966068
-0.160547 0.186819 -0.243438 0.107858 0.4524 0.885269
-0.205882 0.201157 -0.295187 -0.930848 -0.266753 0.24973
0.13409 -0.349463 0.178037 -0.349126 0.850986 -0.392344
-0.0891475 0.0129944 -0.378573 -0.107858 -0.4524 -0.885269
0.11247 -0.150724 0.000868836 0.930848 0.266753 -0.24973
-0.0129574 0.0688644 0.0125094 -0.107858 -0.4524 -0.885269
0.162968 -0.295309 0.488856 0.349126 -0.850986 0.392344
0.0126502 0.0150096 0.228343 -0.349126 0.850986 -0.392344
0.239582 -0.243226 0.383471 0.77434 0.520259 -0.360179
0.0618113 -0.00351448 0.331316 -0.234756 0.960298 0.150722
0.0391049 0.294054 0.202504 0.930848 0.266753 -0.24973
-0.0849165 -0.052314 -0.130448 0.107858 0.4524 0.885269
-0.0816375 0.217702 0.185598 -0.930848 -0.266753 0.24973
-0.137809 0.143796 -0.167109 -0.349126 0.850986 -0.392344
0.0364796 0.197686 0.0898013 0.939136 0.245788 -0.240026
-0.156431 0.390548 -0.0695399 0.349126 -0.850986 0.392344
-0.0838963 0.234452 -0.299655 0.863085 0.455083 0.219051
0.0670641 -0.285956 -0.207774 0.0546633 0.574084 0.81697
0.151276 -0.164962 0.152222 0.861683 0.456082 0.222466
0.0910221 -0.263377 -0.0115064 0.349126 -0.850986 0.392344
-0.0267719 0.0494499 -0.304323 0.930848 0.266753 -0.24973
-0.160974 0.51046 -0.0239712 -0.349126 0.850986 -0.392344
-0.155897 0.0905417 -0.41007 -0.10786 -0.4524 -0.885269
0.0618184 -0.100025 -0.0526565 0.142967 0.87415 -0.464136
-0.106175 0.329675 -0.0476125 0.107858 0.4524 0.885269
-0.0616448 0.147958 -0.329085 0.930848 0.266753 -0.24973
-0.103931 0.035595 -0.0920174 -0.930848 -0.266753 0.24973
0.134009 -0.270342 0.468091 -0.930848 -0.266753 0.24973
0.0113431 -0.187199 -0.288512 -0.107858 -0.4524 -0.885269
-0.0963002 0.476853 -0.106946 0.930848 0.266753 -0.24973
0.187286 -0.48257 -0.0747239 0.930848 0.266753 -0.24973
-0.246302 0.342021 -0.313384 -0.349126 0.850986 -0.392344
-0.117843 0.57179 0.0706704 -0.349126 0.850986 -0.392343
-0.0991106 0.51649 -0.0659435 -0.349126 0.850986 -0.392344
0.0421932 -0.408813 -0.0220548 -0.930848 -0.266753 0.24973
-0.00692734 -0.276724 -0.0640547 -0.930848 -0.266753 0.24973
-0.101364 0.226799 -0.272239 0.320014 0.501792 0.803614
-0.0849613 0.0768035 0.0227064 -0.930848 -0.266753 0.24973
0.0971029 -0.214157 0.0898385 0.349126 -0.850986 0.392344
0.230183 -0.398851 0.174596 0.930848 0.266753 -0.24973
-0.0491983 0.103668 0.0610921 0.349126 -0.850986 0.392344
-0.0424384 0.0437604 0.0289302 -0.107858 -0.4524 -0.885269
-0.0214468 -0.15523 0.0116005 -0.930848 -0.266753 0.24973
-0.202386 0.436159 -0.14828 -0.349126 0.850986 -0.392344
-0.00673668 0.101408 -0.174144 0.930848 0.266753 -0.24973
0.0066596 0.0875453 -0.0278077 0.594573 -0.743016 0.307263
-0.185489 0.322959 -0.408844 -0.349126 0.850986 -0.392344
-0.115007 0.207632 0.0504582 -0.930848 -0.266753 0.24973
-0.0823704 0.234446 -0.0636508 -0.107858 -0.4524 -0.885269
-0.0855856 0.452222 -0.0930968 0.954009 0.203427 -0.22019
-0.168068 0.0192108 -0.348586 -0.930848 -0.266753 0.24973
0.182357 -0.43969 -0.0472938 0.930848 0.266753 -0.24973
-0.110937 0.376123 -0.0707688 0.107858 0.4524 0.885269
0.0830852 -0.404961 -0.18597 -0.107858 -0.4524 -0.885269
0.152471 -0.403807 -0.120364 0.930848 0.266753 -0.24973
-0.160762 0.457006 0.146286 -0.930848 -0.266753 0.24973
0.0918671 -0.391949 0.0215774 0.107858 0.4524 0.885269
0.178977 -0.191061 0.458626 0.107858 0.4524 0.885269
-0.121362 0.233282 0.0541707 -0.930848 -0.266753 0.24973
0.238115 -0.338103 0.26905 0.930848 0.266753 -0.24973
0.165263 -0.236251 0.395853 -0.349126 0.850986 -0.392344
0.167068 -0.315912 0.44052 0.349126 -0.850986 0.392344
0.13303 -0.310341 0.421715 -0.930848 -0.266753 0.24973
0.0819832 -0.468068 0.0629649 -0.930848 -0.266753 0.24973
-0.140133 0.415076 0.178389 -0.930848 -0.266753 0.24973
-0.16262 0.399068 -0.0455546 0.349126 -0.850986 0.392344
-0.204065 0.268543 -0.495166 -0.107858 -0.4524 -0.885269
0.00358848 0.173854 -0.0582729 0.930848 0.266753 -0.24973
-0.118596 -0.083864 -0.274283 -0.930848 -0.266753 0.24973
-0.0708074 -0.232092 -0.254488 -0.930848 -0.266753 0.24973
-0.198047 0.196497 -0.27096 -0.930848 -0.266753 0.24973
-0.0554219 -0.241047 -0.206705 -0.930848 -0.266753 0.249731
0.0939029 -0.350266 -0.20959 0.581942 -0.131272 -0.802565
-0.121008 0.125006 -0.0601656 -0.930848 -0.266753 0.24973
-0.150835 0.262226 -0.487232 0.581942 -0.131272 -0.802565
-0.113295 0.278759 -0.301767 0.543315 0.524958 0.655155
0.188835 -0.376709 0.0957911 0.341235 0.819509 -0.460396
0.159701 -0.231286 0.481531 0.107858 0.4524 0.885269
-0.00126443 0.0114377 0.252786 0.349125 -0.850986 0.392344
0.0473149 -0.269877 -0.250644 -0.107858 -0.4524 -0.885269
0.13457 -0.452834 -0.163326 0.581942 -0.131272 -0.802565
-0.166699 0.108977 -0.247598 -0.930848 -0.266753 0.24973
-0.0870614 0.310552 0.109807 -0.349126 0.850986 -0.392344
0.107337 0.121348 0.307704 0.107858 0.4524 0.885269
-0.144845 0.359188 -0.366432 -0.349126 0.850986 -0.392344
0.069331 0.231015 0.256291 0.107858 0.4524 0.885269
-0.0594211 0.125361 -0.344935 0.930848 0.266753 -0.24973
-0.231967 0.341231 -0.242791 -0.930848 -0.266753 0.24973
0.00986664 -0.256219 0.0204462 -0.930848 -0.266753 0.24973
0.150954 -0.181886 0.173699 0.656092 0.520926 0.546057
0.171804 -0.215698 0.17658 0.842651 0.468266 0.26583
-0.0382589 -0.178912 -0.0763612 -0.930848 -0.266753 0.24973
-0.0607735 -0.169439 -0.288801 -0.107858 -0.4524 -0.885269
0.136974 -0.391928 0.0833638 -0.349126 0.850986 -0.392344
-0.087643 0.213261 -0.356237 0.930848 0.266753 -0.24973
-0.114317 0.204536 -0.451318 0.581942 -0.131272 -0.802565
-0.0364001 -0.266266 -0.16274 -0.930848 -0.266753 0.24973
0.00945556 0.0692007 -0.144794 0.984724 0.07382 -0.1577
-0.141363 0.279872 -0.0350251 -0.930848 -0.266753 0.24973
-0.101641 0.25928 -0.0739937 -0.107858 -0.4524 -0.885269
0.0994166 -0.0148465 0.378269 0.107858 0.4524 0.885269
-0.0803932 0.181836 -0.362781 0.930848 0.266753 -0.24973
-0.0101688 0.183683 0.199911 0.349126 -0.850986 0.392344
0.000424201 0.214535 -0.0266137 0.930848 0.266753 -0.24973
0.00442519 0.35662 0.160905 0.756757 0.00911272 -0.653633
-0.00938323 -0.0564555 0.162075 -0.930848 -0.266753 0.24973
-0.134568 -0.00767821 -0.252438 -0.930848 -0.266753 0.24973
-0.173688 0.494883 0.138561 -0.930848 -0.266753 0.24973
-0.0983263 0.134351 0.0343592 -0.930848 -0.266753 0.24973
0.117605 -0.00788904 0.331547 0.296596 -0.950755 0.0899731
0.0124307 -0.0512258 -0.143951 0.320018 0.501793 0.803612
-0.0139566 -0.0301643 0.173111 -0.930848 -0.266753 0.24973
-0.0197407 -0.25817 -0.0919965 -0.930848 -0.266753 0.24973
0.0944602 -0.0360146 0.38969 0.107858 0.4524 0.885269
-0.10333 0.117433 -0.00236237 -0.930848 -0.266753 0.24973
0.0729505 0.182417 0.23811 0.698942 -0.0424023 -0.713921
-0.163534 0.296788 -0.266584 0.349126 -0.850986 0.392344
-0.0915362 0.267573 0.020568 -0.349126 0.850986 -0.392344
-0.00262056 0.10665 0.328612 0.107858 0.4524 0.885269
0.0302585 -0.0607612 -0.20947 0.930848 0.266753 -0.24973
-0.115934 0.351939 -0.191772 0.553673 -0.766922 0.324466
-0.0336951 -0.230423 -0.114372 -0.930848 -0.266753 0.24973
-0.0375809 0.0150139 -0.141536 0.349126 -0.850986 0.392344
0.202713 -0.480678 -0.0152017 0.930848 0.266753 -0.24973
0.0296964 0.195266 0.279389 0.107858 0.4524 0.885269
-0.0222867 0.24625 -0.0554454 0.754644 0.00711027 -0.656095
-0.117833 0.295968 -0.380423 0.930848 0.266753 -0.24973
0.00164744 -0.0507912 -0.305466 0.930848 0.266753 -0.24973
0.0611746 -0.087919 0.391465 -0.930848 -0.266753 0.24973
-0.00563477 -0.134746 -0.313248 -0.107858 -0.4524 -0.885269
-0.0754065 0.19149 0.180825 -0.930848 -0.266753 0.24973
-0.12032 0.360955 -0.320277 0.930848 0.266753 -0.24973
0.0764107 -0.499217 -0.136989 -0.107858 -0.4524 -0.885269
-0.0779464 0.493535 0.0766568 0.669822 -0.691128 0.271442
-0.139971 0.227337 -0.0215428 -0.930848 -0.266753 0.24973
-0.164082 0.322284 -0.429358 -0.349126 0.850986 -0.392344
-0.0161915 -0.0497047 0.0822747 0.107858 0.4524 0.885269
-0.198266 0.477794 -0.0616396 -0.349126 0.850986 -0.392344
0.257201 -0.301294 0.379509 0.930848 0.266752 -0.24973
-0.126813 0.490007 -0.0987333 -0.349126 0.850986 -0.392344
0.0262895 -0.0854221 0.2641 -0.930848 -0.266753 0.24973
0.0140672 0.307045 0.123056 0.930848 0.266753 -0.24973
-0.11078 0.223641 -0.431391 0.930848 0.266753 -0.24973
0.0191674 -0.0827471 -0.274296 0.930848 0.266753 -0.24973
-0.130562 0.368324 0.149258 -0.107858 -0.4524 -0.885269
0.00494823 -0.10627 -0.113823 0.107858 0.4524 0.885269
-0.0786943 0.157833 -0.228859 -0.337678 0.854195 -0.395379
-0.188119 0.106337 -0.330257 -0.930848 -0.266753 0.24973
-0.182503 0.518531 0.130965 -0.930848 -0.266753 0.24973
0.234935 -0.353219 0.241051 0.930848 0.266753 -0.24973
-0.0738817 0.487345 -0.00684664 0.990245 0.0301212 -0.136041
0.17694 -0.258562 0.214084 0.50453 0.523526 0.686563
-0.238759 0.326463 -0.283882 -0.930848 -0.266753 0.24973
0.0701327 -0.143985 -0.14974 0.930848 0.266753 -0.24973
0.16649 -0.455672 0.137897 0.349126 -0.850986 0.392344
0.229533 -0.352511 0.305553 0.349126 -0.850986 0.392344
0.101151 -0.124512 0.280674 0.349126 -0.850986 0.392344
-0.0471899 -0.258349 -0.24502 -0.107858 -0.4524 -0.885269
0.155562 -0.469667 0.117267 0.349126 -0.850986 0.392344
0.210166 -0.302105 0.244944 0.430796 0.781252 -0.45173
0.204954 -0.181408 0.450529 0.107858 0.4524 0.885269
0.0189376 -0.00597911 0.108674 0.107858 0.4524 0.885269
-0.198906 0.502619 -0.00722561 -0.349126 0.850986 -0.392344
-0.0634439 0.0457316 0.0697208 -0.930848 -0.266753 0.249731
0.03459 -0.0770848 0.0090694 -0.349126 0.850986 -0.392344
0.101455 -0.0811712 0.0343969 0.902641 0.328635 -0.277917
0.116886 -0.258083 -0.0533578 0.914904 -0.393587 0.0896668
-0.0937627 0.408432 0.124278 -0.107858 -0.4524 -0.885269
0.123174 -0.195041 -0.00656892 0.930848 0.266753 -0.24973
-0.00320424 0.0726531 -0.0474191 0.427235 -0.825188 0.369507
0.1215 -0.172982 0.181521 0.107858 0.4524 0.885269
0.110758 -0.104217 0.0441659 0.930848 0.266753 -0.24973
0.115654 -0.301288 0.36662 -0.930848 -0.266753 0.24973
-0.0203989 -0.12461 -0.101363 0.107858 0.4524 0.885269
0.0802308 -0.193592 -0.165088 0.930848 0.266753 -0.24973
0.228439 -0.268408 0.444256 0.190694 0.228357 0.954719
-0.124327 0.0556294 -0.146644 -0.930848 -0.266753 0.24973
0.086384 -0.36634 0.00915887 0.107858 0.4524 0.885269
0.120319 -0.382791 0.118003 -0.349126 0.850986 -0.392344
-0.13102 0.0383845 -0.19001 -0.930848 -0.266753 0.24973
0.00659457 0.387787 0.181448 0.930848 0.266753 -0.24973
-0.0877668 0.180022 -0.172682 -0.349126 0.850986 -0.392344
0.0345058 0.188044 0.159392 0.722035 -0.647758 0.243054
-0.00503415 0.00412463 -0.271712 0.930848 0.266753 -0.24973
-0.0129389 -0.0099014 0.198549 -0.930848 -0.266753 0.24973
-0.0649424 0.117697 -0.373701 0.930848 0.266753 -0.24973
-0.0618864 -0.0882439 -0.123671 -0.107858 -0.4524 -0.885269
0.235287 -0.309772 0.28877 0.930848 0.266753 -0.24973
0.0154064 -0.0653688 0.244955 -0.930848 -0.266753 0.24973
0.121076 0.0531658 0.268307 0.674486 0.620882 -0.399467
-0.193715 0.379771 -0.0597395 0.349126 -0.850986 0.392344
0.00585855 -0.166934 0.100878 -0.930848 -0.266753 0.24973
-0.186233 0.423823 -0.189409 -0.349126 0.850986 -0.392344
0.0100081 0.00938428 0.304682 -0.930848 -0.266753 0.24973
0.0129182 -0.0516669 0.070952 -0.107858 -0.4524 -0.885269
0.111686 -0.335136 0.251263 -0.930848 -0.266753 0.24973
-0.102064 0.241979 -0.379317 0.930848 0.266753 -0.24973
-0.10458 0.279466 -0.0839514 -0.107858 -0.4524 -0.885269
-0.236379 0.254692 -0.351676 -0.930848 -0.266753 0.24973
0.156726 -0.525462 -0.00478714 0.349126 -0.850986 0.392344
0.196382 -0.111468 0.415831 0.107858 0.4524 0.885269
0.0356089 -0.489777 -0.13308 -0.930848 -0.266753 0.24973
-0.206054 0.436483 -0.0444587 -0.930848 -0.266753 0.24973
0.0868283 -0.571373 -0.101384 -0.107858 -0.452399 -0.885269
0.0924982 -0.184239 0.405335 -0.930848 -0.266753 0.24973
-0.0932474 0.246799 -0.341303 0.930848 0.266753 -0.24973
0.128042 -0.247104 0.1568 -0.107858 -0.4524 -0.885269
0.0836097 0.0550695 0.252666 -0.244388 0.875206 -0.41748
-0.124819 0.093559 -0.415398 -0.107858 -0.4524 -0.885269
0.0871429 -0.194678 -0.140484 0.930848 0.266753 -0.24973
0.149531 -0.0719064 0.223202 0.930848 0.266753 -0.24973
-0.187376 0.475002 0.0663074 -0.930848 -0.266753 0.24973
-0.123804 -0.0196806 -0.31887 0.333127 -0.338652 0.879966
-0.100021 0.270808 0.173803 -0.930848 -0.266753 0.24973
-0.139893 -0.0391581 -0.305913 -0.930846 -0.26675 0.249741
0.0990573 -0.19373 -0.0950608 0.930848 0.266753 -0.24973
-0.0647252 0.303611 -0.039774 0.23192 0.484132 0.8437
0.0962658 -0.246883 0.0196007 0.349126 -0.850986 0.392344
-0.178795 0.319095 -0.0951613 -0.107858 -0.4524 -0.885269
-0.145137 0.383223 -0.31404 -0.349126 0.850986 -0.392344
-0.110261 0.254451 0.11816 -0.930848 -0.266753 0.24973
-0.0730108 0.169854 0.166644 -0.930848 -0.266753 0.24973
0.123084 -0.0827688 0.410095 0.107858 0.4524 0.885269
-0.0777829 -0.154845 -0.294187 -0.107858 -0.4524 -0.885269
0.0308532 -0.309401 -0.0131735 0.107858 0.4524 0.885269
-0.0020303 0.0274522 -0.160784 0.785592 -0.584463 0.203096
-0.0232256 0.215578 0.275457 0.107858 0.4524 0.885269
-0.236273 0.278833 -0.325495 -0.930848 -0.266753 0.24973
-0.0263262 -0.214679 -0.269879 -0.107858 -0.4524 -0.885269
0.0849803 -0.284296 -0.0325973 0.107858 0.4524 0.885269
0.0196139 -0.232386 -0.266428 -0.107858 -0.4524 -0.885269
0.120332 -0.143241 0.222983 0.349126 -0.850986 0.392344
0.0304749 0.146646 0.0372439 0.972477 -0.232999 0.000621029
-0.0936994 0.563218 0.0305938 -0.349126 0.850986 -0.392344
-0.0171952 0.444656 0.153519 0.930848 0.266753 -0.24973
0.00944146 -0.0834232 0.0176999 -0.349126 0.850986 -0.392344
0.142852 0.0297548 0.3069 0.930848 0.266736 -0.249749
-0.124091 0.390123 -0.303175 0.930848 0.266753 -0.24973
0.0910983 -0.0876101 -0.000676713 0.739974 0.558124 -0.375413
-0.0592339 0.342017 0.153291 -0.349126 0.850986 -0.392344
0.224948 -0.155462 0.415309 0.92039 0.232748 -0.314182
-0.0457738 -0.017891 0.0608423 -0.107858 -0.4524 -0.885269
-0.139889 0.14973 -0.104134 -0.930848 -0.266753 0.24973
-0.096435 0.445024 -0.00563196 0.471234 -0.807341 0.355161
0.0286162 -0.0414782 -0.194995 0.930848 0.266753 -0.24973
-0.0194135 -0.136408 0.0392849 -0.930848 -0.266753 0.24973
0.0890341 0.0567699 0.342935 0.107858 0.4524 0.885269
-0.0759437 0.548002 0.0449291 0.930848 0.266753 -0.24973
0.0222585 0.102473 0.327715 0.107858 0.4524 0.885269
-0.11565 0.0575271 -0.112272 -0.930848 -0.266753 0.24973
0.149522 -0.38164 -0.107677 0.930848 0.266753 -0.24973
0.0435644 -0.00993596 0.107695 0.107858 0.4524 0.885269
0.133952 -0.142429 0.0898035 0.930848 0.266752 -0.24973
-0.13217 0.447972 0.0334217 0.349126 -0.850986 0.392344
0.0354651 -0.381222 -0.0176617 -0.930848 -0.266753 0.24973
-0.0111791 0.146077 -0.142988 0.930848 0.266753 -0.24973
0.153809 -0.288601 0.464162 0.261695 -0.00968311 0.965102
-0.163779 0.42869 0.0197274 0.349126 -0.850986 0.392344
0.188122 -0.444804 0.14222 0.349126 -0.850986 0.392344
-0.120377 0.272054 -0.0164361 0.107858 0.4524 0.885269
-0.131066 0.202189 -0.0152108 -0.930848 -0.266753 0.249731
0.214509 -0.235695 0.36711 0.167098 0.869546 -0.464724
0.0551652 -0.221198 -0.25879 0.581941 -0.131272 -0.802566
0.179155 -0.275231 0.501618 0.107859 0.452396 0.885271
-0.126256 -0.0325771 -0.248052 -0.930848 -0.266753 0.24973
0.0190107 -0.443915 -0.158256 -0.107858 -0.4524 -0.885269
-0.116174 0.474595 0.076932 0.349126 -0.850986 0.392344
0.127182 -0.203881 0.41027 -0.107858 -0.4524 -0.885269
0.127395 -0.323106 -0.127631 0.930848 0.266753 -0.24973
0.0485258 -0.106469 0.324503 -0.930848 -0.266753 0.24973
-0.00505336 0.0294245 0.0935044 0.107858 0.4524 0.885269
0.0150851 0.203138 0.0158594 0.930848 0.266753 -0.24973
-0.0142864 0.132341 -0.169243 0.930848 0.266753 -0.24973
0.0464549 0.175848 0.22704 0.0872827 -0.387338 -0.917797
0.0953947 -0.14069 0.250706 0.349126 -0.850986 0.392344
-0.150053 0.039561 -0.384729 -0.10786 -0.4524 -0.885269
-0.253177 0.288137 -0.378564 -0.930848 -0.266753 0.24973
-0.189795 0.0850732 -0.359219 -0.930848 -0.266752 0.249732
0.0392573 -0.284286 -0.0107947 0.349126 -0.850986 0.392344
0.0180331 -0.0944374 0.223696 -0.930848 -0.266753 0.24973
0.0233113 0.148848 0.0876747 0.66828 -0.692261 0.272354
-0.238183 0.39169 -0.212062 -0.930848 -0.266753 0.24973
0.0494611 -0.135257 0.297238 -0.930848 -0.266753 0.24973
-0.153365 0.307561 -0.470827 -0.349126 0.850986 -0.392344
-0.078933 0.128418 0.100309 -0.930848 -0.266753 0.24973
-0.0221891 0.128511 0.311916 -0.930848 -0.266753 0.24973
-0.0668149 0.0319243 0.0424072 -0.930848 -0.266753 0.24973
-0.0465372 -0.128761 -0.0960569 0.107858 0.4524 0.885269
0.0361704 -0.273634 0.0150544 0.349126 -0.850986 0.392344
0.1746 -0.411382 0.0241649 0.215042 0.858823 -0.464952
-0.121456 0.306622 0.13189 -0.349126 0.850986 -0.392344
0.118949 -0.208349 0.199906 0.107858 0.4524 0.885269
-0.0783169 0.566429 0.102874 0.107858 0.4524 0.885269
0.00165967 0.324324 0.216853 0.107858 0.4524 0.885269
0.215553 -0.319867 0.213013 0.848244 0.109062 -0.518255
-0.154018 0.161617 -0.144103 -0.930848 -0.266753 0.24973
-0.125046 0.186257 -0.247475 0.107858 0.4524 0.885269
0.154859 -0.350341 -0.0543507 0.930848 0.266753 -0.24973
-0.0295238 0.283224 0.241655 0.107858 0.4524 0.885269
0.0198598 -0.341411 -0.0333035 -0.930848 -0.266753 0.24973
-0.232931 0.213924 -0.382373 -0.930848 -0.266753 0.24973
0.0191097 0.103764 -0.00241841 0.405113 -0.240475 -0.882074
-0.197797 0.157315 -0.31188 -0.930848 -0.266753 0.24973
-0.0517951 0.152111 -0.256536 0.800185 0.488625 0.347776
0.160905 -0.127969 0.428586 0.107858 0.4524 0.885269
-0.0347554 -0.16766 -0.0512831 -0.930848 -0.266753 0.24973
0.072835 -0.140885 0.27036 0.349126 -0.850986 0.392344
0.0771263 0.0758088 0.334657 0.107858 0.4524 0.885269
-0.0254149 0.327171 0.218696 0.107858 0.452399 0.885269
-0.020013 -0.155387 -0.300948 -0.107858 -0.4524 -0.885269
-0.101847 -0.0740761 -0.201398 -0.930848 -0.266753 0.24973
0.120359 -0.18447 0.401182 -0.107858 -0.4524 -0.885269
-0.221865 0.194929 -0.455377 -0.107858 -0.4524 -0.885269
-0.0671094 0.537846 0.0670102 0.930848 0.266753 -0.24973
0.19274 -0.382618 0.272992 0.349126 -0.850986 0.392344
0.154352 -0.153535 0.381231 -0.107858 -0.4524 -0.885269
-0.115889 0.326352 -0.255846 0.738606 -0.632503 0.233239
0.161199 -0.389177 0.0057822 0.561916 0.525182 0.639089
0.0101897 0.129089 -0.0814842 0.930848 0.266753 -0.24973
0.0488078 -0.449813 -0.158873 -0.107858 -0.4524 -0.885269
0.0177143 0.103937 -0.0769635 0.984724 0.0738216 -0.1577
0.0372153 0.025588 0.229429 -0.349126 0.850986 -0.392344
0.151962 -0.297574 0.241481 0.107858 0.4524 0.885269
0.0436242 -0.0399104 0.377328 -0.930848 -0.266753 0.24973
0.161975 -0.192031 0.399975 -0.107858 -0.4524 -0.885269
-0.0474134 0.273092 -0.00591647 -0.22092 0.879106 -0.422334
-0.00868539 -0.365994 -0.194702 -0.107858 -0.4524 -0.885269
0.0514675 -0.506888 -0.0922456 -0.930848 -0.266753 0.249731
0.255318 -0.295524 0.406211 0.349126 -0.850986 0.392344
0.111302 -0.127795 0.0210092 0.930848 0.266753 -0.24973
-0.0530744 0.269753 0.251409 0.107858 0.4524 0.885269
-0.192478 0.353825 -0.0821484 -0.930848 -0.266753 0.24973
0.155497 -0.2759 0.318544 -0.349126 0.850986 -0.392344
-0.202323 0.325816 -0.387667 -0.349126 0.850986 -0.392344
0.062196 -0.124305 -0.130638 0.823153 0.478588 0.305568
-0.144705 0.03998 -0.239315 -0.930848 -0.266753 0.24973
-0.109875 0.16211 0.0209633 -0.930848 -0.266753 0.24973
-0.0946232 0.57472 0.0563633 -0.349126 0.850986 -0.392343
0.127763 -0.212361 0.0363692 0.913756 -0.39594 0.0910086
-0.00189092 -0.23598 -0.00176004 -0.930848 -0.266753 0.24973
-0.00917449 0.223568 -0.0525939 0.921998 0.287559 -0.259285
0.137696 -0.344828 -0.112436 0.930848 0.266753 -0.24973
-0.028663 -0.159265 -0.0196061 -0.930848 -0.266753 0.24973
-0.0247706 -0.0565963 -0.343675 0.581942 -0.131272 -0.802565
0.0120435 -0.312044 -0.0310691 -0.930848 -0.266753 0.24973
0.0155957 -0.133585 -0.101162 0.107858 0.4524 0.885269
-0.0465341 0.307931 0.0680597 -0.349126 0.850986 -0.392344
-0.0790523 0.343416 0.216929 0.107858 0.4524 0.885269
0.111985 -0.511494 0.0653235 0.349126 -0.850986 0.392344
0.0427224 -0.133224 -0.240414 0.930848 0.266753 -0.24973
-0.0514112 0.322532 -0.0656504 0.773669 0.498 0.391704
0.0947979 -0.132679 -0.0457261 0.930848 0.266753 -0.24973
-0.0836571 0.478457 0.0519174 0.613924 -0.730703 0.298614
0.154078 -0.515754 0.0186257 0.349126 -0.850986 0.392344
0.125677 -0.273856 -0.0785114 0.935583 0.340169 -0.0947071
-0.049136 0.12262 -0.309525 0.930848 0.266753 -0.24973
-0.186157 0.507863 0.105952 -0.930848 -0.266753 0.24973
0.161669 -0.282935 0.171708 0.0633791 -0.396287 -0.915936
0.0883424 -0.443761 0.05383 -0.349127 0.850986 -0.392344
-0.187146 0.490146 -0.0447429 -0.349126 0.850986 -0.392344
0.0646653 -0.45111 0.0165286 -0.930848 -0.266753 0.24973
0.0465568 0.214971 0.162486 0.988427 -0.144343 -0.0466628
-0.16858 0.448122 0.0432443 -0.930848 -0.266753 0.24973
-0.103216 0.19182 0.0775213 -0.930848 -0.266753 0.24973
-0.0176904 -0.12176 -0.0413096 -0.349126 0.850986 -0.392344
-0.0166428 -0.302096 -0.127369 -0.930848 -0.266753 0.24973
-0.223412 0.352747 -0.198602 -0.930848 -0.266753 0.24973
0.0143038 0.168662 0.145555 0.349126 -0.850986 0.392344
0.123382 -0.127323 0.254795 0.349126 -0.850986 0.392344
-0.0610141 0.226775 -0.0949242 -0.291553 0.865705 -0.406881
0.114425 -0.274439 0.234231 0.107858 0.4524 0.885269
0.0895418 -0.44057 0.120512 -0.930848 -0.266753 0.24973
-0.0173037 -0.000434916 -0.165197 0.107858 0.4524 0.885269
0.0266853 -0.453222 -0.127295 -0.930848 -0.266753 0.24973
0.0584645 -0.195594 -0.248359 0.930848 0.266753 -0.24973
0.135461 -0.163712 0.0731909 0.95401 0.203426 -0.22019
-0.242847 0.35879 -0.264592 -0.930848 -0.266753 0.24973
0.160915 -0.433413 0.191139 0.349126 -0.850986 0.392344
0.0702386 -0.269448 0.231347 -0.930848 -0.266753 0.249731
0.197497 -0.256466 0.325886 -0.125869 0.889511 -0.439234
0.164636 -0.516397 -0.131128 0.581941 -0.131272 -0.802566
0.0885718 -0.557753 -0.0141783 0.349126 -0.850986 0.392344
-0.0943193 0.262292 -0.318455 0.907291 0.411696 0.0856108
0.0776224 -0.0989464 0.376582 -0.930848 -0.266753 0.24973
0.0227689 -0.128372 -0.297464 0.581941 -0.131272 -0.802566
-0.12325 0.462597 0.161409 0.107858 0.4524 0.885269
0.0903944 -0.15872 -0.0899557 0.930848 0.266753 -0.24973
-0.113633 -0.00556223 -0.172145 -0.930848 -0.266753 0.24973
-0.0526589 0.177514 0.224341 0.349126 -0.850986 0.392344
-0.0869587 0.333963 0.160493 -0.349126 0.850986 -0.392344
-0.146896 0.289095 -0.488771 0.581942 -0.131272 -0.802565
-0.0961475 0.426062 0.176778 0.107858 0.4524 0.885269
0.111527 -0.191982 -0.046715 0.930848 0.266753 -0.24973
0.133127 -0.424955 -0.168932 0.581945 -0.13127 -0.802564
0.0743521 -0.17117 0.203322 0.349126 -0.850986 0.392344
0.204979 -0.276536 0.492191 0.349126 -0.850986 0.392344
-0.0955081 0.476628 0.0896403 -0.107858 -0.4524 -0.885269
-0.194514 0.274293 -0.284001 0.107858 0.4524 0.885269
-0.109445 0.331349 -0.295152 0.988427 -0.144342 -0.0466628
0.0902486 0.0750687 0.273814 0.132942 -0.369475 -0.919682
-0.0428728 0.218303 -0.11333 0.201014 0.862138 -0.465092
0.178018 -0.0288735 0.375353 0.930848 0.266753 -0.24973
0.0272456 -0.103327 0.248539 -0.930848 -0.266753 0.24973
0.0826185 -0.208198 0.204255 0.107858 0.4524 0.885269
-0.00362149 -0.268456 -0.042901 -0.930848 -0.266753 0.24973
-0.119691 0.503877 -0.0749855 -0.349126 0.850986 -0.392344
0.247484 -0.291583 0.353662 0.930848 0.266752 -0.24973
-0.0299891 0.169747 0.299702 0.107858 0.4524 0.885269
-0.0685043 0.195343 0.210668 -0.930848 -0.266753 0.24973
-0.0255873 -0.110813 0.0436129 -0.930848 -0.266753 0.24973
-0.0826685 0.442681 -0.0687375 0.972476 -0.233001 0.000622024
0.036721 0.0255296 0.0904052 0.107858 0.4524 0.885269
0.0993177 -0.283542 -0.190025 0.930848 0.266753 -0.24973
0.116106 -0.314305 -0.160308 0.930848 0.266753 -0.24973
0.149445 -0.285941 0.508965 -0.930848 -0.266754 0.249731
-0.130492 0.155625 -0.18758 -0.349126 0.850986 -0.392344
-0.0859008 -0.040863 -0.153737 0.107858 0.4524 0.885269
0.121362 -0.341489 -0.169755 0.930848 0.266753 -0.24973
-0.152709 0.0427063 -0.266239 -0.930848 -0.266753 0.24973
-0.0792606 0.513886 -0.0038756 0.930848 0.266753 -0.24973
0.0964624 -0.568886 -0.0453475 0.349126 -0.850986 0.392344
0.130643 -0.362095 -0.157169 0.930848 0.266753 -0.24973
0.206167 -0.295424 0.450166 0.349126 -0.850986 0.392344
-0.151843 0.321821 -0.0998378 -0.107858 -0.4524 -0.885269
-0.173206 0.479015 -0.0812922 -0.349126 0.850986 -0.392344
0.102888 -0.138176 -0.0214436 0.930848 0.266753 -0.24973
-0.0978879 0.386993 -0.152158 0.871128 -0.472099 0.135122
0.245613 -0.341943 0.292897 0.930848 0.266753 -0.24973
0.0813352 -0.129983 0.42168 -0.930848 -0.266753 0.24973
0.173595 -0.540993 -0.120609 0.581941 -0.131272 -0.802566
-0.192815 0.306848 -0.218709 0.349126 -0.850986 0.392344
-0.0530993 0.490585 0.0964019 0.698945 -0.0423997 -0.713918
-0.189213 0.377535 -0.287156 -0.349126 0.850986 -0.392344
-0.155797 0.0635448 -0.396286 -0.107858 -0.4524 -0.885269
-0.228914 0.267917 -0.489588 -0.349126 0.850986 -0.392344
0.184073 -0.533782 -0.0471676 0.349126 -0.850986 0.392344
0.0130046 -0.0103654 0.17299 -0.349126 0.850986 -0.392344
0.0853367 -0.428273 -0.174331 -0.107858 -0.4524 -0.885269
-0.0778216 0.376117 -0.0837473 0.65609 0.520927 0.54606
0.208489 -0.194486 0.399998 0.311358 -0.289557 -0.905104
-0.0955974 0.318702 0.135079 -0.349126 0.850986 -0.392344
0.113162 -0.223181 0.0543669 0.512715 -0.788221 0.34034
0.120133 0.0249843 0.35539 0.107858 0.4524 0.885269
0.0784895 -0.120967 -0.074163 0.637834 0.651548 -0.410673
0.0191144 0.331565 0.16806 0.930848 0.266753 -0.24973
0.0344247 0.166293 0.0595005 0.994078 -0.0612003 -0.0898007
-0.134192 0.123067 -0.111379 -0.930848 -0.266753 0.24973
0.046969 -0.22196 0.117527 0.349126 -0.850986 0.392344
-0.111969 0.313972 0.159198 0.349125 -0.850986 0.392344
-0.000928127 -0.271107 -0.244137 -0.107858 -0.4524 -0.885269
0.149625 -0.249846 0.217375 0.107858 0.4524 0.885269
0.127486 -0.274739 0.439082 -0.930848 -0.266753 0.24973
-0.214079 0.164275 -0.365134 -0.930848 -0.266753 0.24973
-0.157896 0.186539 -0.458884 -0.107858 -0.4524 -0.885269
-0.109213 0.478264 -0.139865 -0.349126 0.850986 -0.392344
0.120864 -0.373387 0.309023 -0.930848 -0.266753 0.24973
0.120889 -0.209021 -0.0300192 0.930848 0.266753 -0.24973
0.0634062 -0.0129064 0.122629 -0.349126 0.850986 -0.392344
0.0674012 -0.281283 0.208129 -0.930848 -0.266753 0.24973
-0.204022 0.17056 -0.445099 -0.107858 -0.4524 -0.885269
0.082183 -0.585334 -0.0683154 0.349126 -0.850987 0.392343
0.240753 -0.380917 0.23315 0.930848 0.266753 -0.24973
-0.110583 0.296544 -0.352786 0.930848 0.266753 -0.24973
-0.0263432 0.187597 0.222794 0.349126 -0.850986 0.392344
0.154113 -0.101543 0.218242 0.994078 -0.0612027 -0.0897995
-0.146496 0.124441 -0.155775 -0.930848 -0.266753 0.24973
-0.0958395 0.556495 0.0698897 -0.359883 0.550879 -0.753005
0.00380233 0.0565649 -0.0998892 0.738591 -0.632517 0.233248
-0.220377 0.380247 -0.253542 -0.349126 0.850986 -0.392344
0.0324116 -0.0837975 0.288656 -0.930848 -0.266753 0.24973
0.182969 -0.0886579 0.405809 0.107858 0.4524 0.885269
-0.0835068 0.271674 0.207461 -0.158392 0.910442 0.382109
-0.0473318 0.296432 0.0438275 -0.349126 0.850986 -0.392344
-0.00927294 0.41338 0.172674 0.107858 0.4524 0.885269
0.226548 -0.434369 0.123108 0.930848 0.266753 -0.24973
-0.103569 -0.0597428 -0.339645 -0.107858 -0.4524 -0.885269
-0.163245 0.247611 -0.274175 0.107858 0.4524 0.885269
-0.108605 0.282137 0.153905 -0.930848 -0.266753 0.24973
0.123617 0.0367319 0.24875 0.804011 0.484061 -0.345328
0.108171 -0.0759658 0.0647001 0.930848 0.266753 -0.24973
0.192343 -0.247305 0.347809 -0.314631 0.860227 -0.401269
0.0488858 -0.245344 -0.259394 0.581942 -0.131272 -0.802565
0.0258446 -0.257415 -0.254396 -0.107858 -0.4524 -0.885269
-0.0421591 -0.131858 -0.0406372 -0.930848 -0.266753 0.24973
0.197128 -0.52401 -0.0823065 0.930848 0.266753 -0.24973
0.0991885 -0.182874 0.431731 -0.930848 -0.266753 0.24973
