ply
format ascii 1.0
comment Created by Open3D
element vertex 128
property double x
property double y
property double z
property double nx
property double ny
property double nz
end_header
-0.330425 0.0769396 0.021148 0.329308 -0.890841 -0.312982
-0.308712 0.128738 -0.454584 -0.587476 0.665928 -0.459796
0.365577 0.0326872 -0.333901 -0.0630697 -0.604131 -0.794385
0.236706 0.0404465 0.136504 0.425936 0.0347416 0.904086
0.0023841 -0.334509 -0.10771 0.0630694 0.604132 0.794385
-0.247901 -0.0608886 -0.261069 0.80678 0.437683 -0.396912
-0.297288 -0.339027 0.150372 -0.80678 -0.437682 0.396912
-0.00742192 -0.126873 -0.267461 0.0630704 0.604131 0.794385
-0.293435 -0.0989163 -0.158259 -0.587475 0.665927 -0.459797
-0.494027 0.124259 -0.276261 -0.587475 0.665928 -0.459796
0.160637 0.0557226 -0.422291 0.0630698 0.604131 0.794385
-0.452642 -0.271205 -0.0906177 -0.80678 -0.437682 0.396912
-0.331138 -0.413269 -0.000301658 -0.80678 -0.437682 0.396912
-0.0642751 -0.464209 0.297696 0.425936 0.0347415 0.904086
0.100759 0.0387536 -0.156048 -0.80678 -0.437682 0.396912
-0.385158 -0.0959895 -0.263581 0.0630697 0.604131 0.794385
-0.363496 0.0911807 -0.269045 -0.80678 -0.437682 0.396912
-0.0696209 -0.118415 0.261804 -0.80678 -0.437682 0.396912
0.0513458 0.281393 -0.00766137 -0.409492 0.898458 0.158396
-0.190442 0.234245 -0.414233 0.587476 -0.665927 0.459797
-0.263894 0.220659 -0.184791 -0.329308 0.890841 0.312982
-0.145356 0.259761 -0.304495 0.329308 -0.890841 -0.312982
-0.55121 -0.0424427 -0.29112 0.0630697 0.604131 0.794385
0.286409 -0.13748 0.119925 0.425936 0.0347416 0.904086
-0.323756 -0.0434787 0.422478 -0.80678 -0.437682 0.396912
-0.146817 0.271002 -0.338027 0.329308 -0.890841 -0.312982
-0.316518 -0.201376 -0.241335 -0.0630697 -0.604131 -0.794385
-0.0031053 0.158312 0.133931 0.329308 -0.890841 -0.312982
-0.341115 -0.256478 0.152314 -0.80678 -0.437682 0.396912
-0.0520875 -0.630621 0.116564 0.0630696 0.604132 0.794385
-0.399114 0.0292463 0.258027 -0.409492 0.898458 0.158396
0.141606 -0.44694 0.15395 -0.425936 -0.0347416 -0.904086
0.115552 0.0980762 0.191368 0.425936 0.0347417 0.904086
-0.107587 -0.491395 0.319146 0.425936 0.0347415 0.904086
-0.351684 0.152978 -0.217646 0.329308 -0.890842 -0.312982
-0.466565 -0.019487 0.0536772 0.80678 0.437683 -0.396912
0.23473 -0.210263 -0.208685 -0.587475 0.665927 -0.459797
-0.47732 0.0361985 0.11568 -0.329308 0.890841 0.312982
0.277546 -0.0835473 -0.37811 -0.0630697 -0.604131 -0.794385
-0.322203 -0.0760824 0.284706 0.80678 0.437682 -0.396912
0.284224 -0.107079 -0.0489191 0.80678 0.437682 -0.396912
0.301788 0.0699067 -0.393733 -0.806781 -0.437682 0.396912
-0.0727349 -0.620228 0.191468 -0.587476 0.665927 -0.459797
-0.057493 -0.0666964 0.279225 0.425936 0.0347416 0.904086
-0.250618 -0.456862 0.0103203 0.80678 0.437682 -0.396912
0.228472 -0.193189 -0.238379 0.0630697 0.604131 0.794385
-0.213995 0.0932433 0.230374 -0.329308 0.890841 0.312982
0.296717 -0.185454 -0.00497374 -0.80678 -0.437682 0.396912
0.196337 0.190495 -0.475102 -0.80678 -0.437683 0.396912
-0.0310887 0.0313086 -0.388502 0.0630698 0.604131 0.794385
0.219166 -0.292017 -0.157531 0.930142 0.25293 -0.266198
-0.191246 -0.247201 0.303089 -0.425936 -0.0347416 -0.904086
0.22454 -0.0553234 -0.00818575 -0.80678 -0.437682 0.396912
0.108665 -0.133417 0.203508 0.425936 0.0347416 0.904086
-0.00781247 0.314858 -0.621443 -0.587476 0.665927 -0.459797
0.13141 0.237721 -0.554999 -0.806779 -0.437683 0.396913
0.240734 -0.0153956 0.136752 0.425936 0.0347415 0.904086
-0.476973 -0.244296 -0.110402 -0.80678 -0.437682 0.396912
-0.305694 -0.029674 0.436847 0.490572 -0.121802 0.862846
-0.247264 -0.442935 -0.0106756 0.0630698 0.604131 0.794385
0.228298 -0.144435 -0.0988138 -0.80678 -0.437682 0.396912
-0.322454 0.128718 0.0152853 -0.329308 0.890841 0.312982
-0.182961 -0.405139 0.309854 -0.80678 -0.437682 0.396912
0.201609 -0.00835778 -0.00300744 -0.80678 -0.437682 0.396912
-0.194326 -0.347029 -0.0878158 0.0630697 0.604131 0.794385
-0.435803 -0.115217 -0.244937 0.0630697 0.604131 0.794385
-0.634023 0.0664535 -0.135311 -0.329308 0.890841 0.312982
0.0523615 0.161087 -0.119524 -0.80678 -0.437682 0.396912
0.0258952 0.0395272 -0.371588 0.587475 -0.665928 0.459797
-0.389736 -0.0917601 0.130147 0.806781 0.437682 -0.396912
0.376344 -0.390056 0.0416665 0.587476 -0.665927 0.459797
0.297679 -0.0710463 0.0181651 0.80678 0.437682 -0.396912
-0.162207 -0.217548 0.334355 0.425936 0.0347416 0.904086
0.0203687 0.227837 -0.215924 0.80678 0.437682 -0.396912
0.522367 -0.255885 -0.214033 0.06307 0.604131 0.794385
-0.444529 0.0403871 0.138259 -0.329308 0.890841 0.312982
0.591228 -0.312944 -0.228557 -0.0630698 -0.604131 -0.794385
-0.571009 0.0188324 -0.330592 -0.587476 0.665927 -0.459797
0.0936731 0.0648781 -0.141643 -0.80678 -0.437682 0.396912
0.439902 -0.412416 -0.0841404 0.806781 0.437682 -0.396912
-0.053503 0.122074 -0.508201 -0.0630698 -0.604131 -0.794385
0.271288 -0.0346178 0.123096 0.425936 0.0347416 0.904086
-0.378466 -0.303193 -0.0800963 0.80678 0.437682 -0.396912
-0.359307 -0.135691 0.248532 -0.80678 -0.437682 0.396912
0.0270119 0.141552 -0.192592 -0.80678 -0.437682 0.396912
-0.219029 -0.307185 0.344556 -0.80678 -0.437682 0.396912
-0.230495 0.216774 -0.388362 0.587476 -0.665927 0.459797
-0.293085 0.0113433 0.38027 -0.329308 0.890841 0.312982
-0.200834 -0.0603598 -0.357763 -0.0630697 -0.604131 -0.794385
-0.236035 0.0356252 0.238055 0.329308 -0.890841 -0.312982
-0.246915 0.129358 -0.0401827 0.329308 -0.890841 -0.312982
0.152976 0.0108777 -0.147321 -0.0630697 -0.604131 -0.794385
-0.174358 -0.125414 0.316542 0.806781 0.437682 -0.396912
0.0625548 0.182239 -0.180457 0.80678 0.437682 -0.396912
-0.0444026 -0.315683 0.282626 0.425936 0.0347415 0.904086
-0.176433 -0.520215 0.196228 -0.80678 -0.437682 0.396912
0.127118 0.13838 -0.0975859 0.80678 0.437682 -0.396912
0.175015 -0.0142305 -0.129976 -0.0630697 -0.604131 -0.794385
-0.0614991 -0.628266 0.16547 -0.587476 0.665927 -0.459797
-0.628218 -0.0962888 -0.254618 -0.80678 -0.437682 0.396913
-0.530415 0.0975354 -0.268472 -0.587476 0.665927 -0.459797
-0.188884 -0.102369 0.31243 0.806781 0.437682 -0.396912
-0.177373 0.108677 -0.435727 0.0630697 0.604131 0.794385
-0.311934 -0.102764 -0.0516067 0.587475 -0.665927 0.459797
0.15755 0.259065 -0.478329 -0.80678 -0.437682 0.396912
-0.327893 -0.146275 0.195736 0.80678 0.437682 -0.396912
0.146149 -0.228283 -0.257605 -0.0630697 -0.604131 -0.794385
-0.337009 0.0788318 -0.400355 0.0630697 0.604131 0.794385
-0.519042 0.0890543 -0.295287 -0.587476 0.665927 -0.459797
0.0583017 0.201263 0.209417 -0.329308 0.890841 0.312982
-0.336602 0.103444 -0.0607905 0.329308 -0.890841 -0.312982
0.253913 -0.00394556 -0.436771 -0.0630697 -0.604131 -0.794385
-0.277571 -0.387952 -0.0500848 0.0630698 0.604131 0.794385
0.464136 -0.175366 -0.323095 -0.0630696 -0.604131 -0.794385
0.577862 -0.233227 -0.181645 0.06307 0.604131 0.794385
-0.00462437 -0.551478 0.0526066 0.0630698 0.604131 0.794385
-0.0948032 -0.696427 0.154757 0.587476 -0.665927 0.459797
-0.343861 -0.0489233 0.270631 0.80678 0.437683 -0.396912
0.275711 -0.470316 0.0540028 0.587476 -0.665927 0.459797
-0.0342131 0.184786 -0.269366 -0.80678 -0.437682 0.396912
0.311963 -0.333599 -0.137346 -0.80678 -0.437682 0.396912
-0.0198471 -0.0708379 0.261649 0.425936 0.0347416 0.904086
-0.0738997 0.069895 0.235619 -0.425936 -0.0347413 -0.904086
0.030375 -0.621765 0.0508303 -0.0630698 -0.604131 -0.794385
-0.26098 -0.0561714 -0.303722 0.0630695 0.604131 0.794385
-0.144101 -0.180298 0.324394 0.425936 0.0347415 0.904086
-0.517119 0.117624 -0.157956 -0.329308 0.890841 0.312982
-0.313259 0.0601485 0.0870018 0.329308 -0.890841 -0.312982
