ply
format ascii 1.0
comment Created by Open3D
element vertex 2096
property double x
property double y
property double z
property double nx
property double ny
property double nz
end_header
0.435817 -0.254908 -0.260355 -0.06307 -0.604131 -0.794385
-0.275088 -0.432633 -0.0687531 -0.0630697 -0.604131 -0.794385
-0.269496 -0.217276 -0.180525 0.0630698 0.604131 0.794385
-0.220618 -0.283527 0.262438 0.80678 0.437682 -0.396912
-0.246527 0.193317 -0.0886947 -0.329308 0.890841 0.312982
0.290797 -0.433444 -0.00248976 -0.587475 0.665927 -0.459797
0.0562006 -0.393175 0.19212 -0.425936 -0.0347416 -0.904086
-0.0625924 -0.027733 -0.335855 0.0630697 0.604131 0.794385
0.181569 -0.387389 0.132834 -0.425936 -0.0347416 -0.904086
-0.0974347 -0.0431214 0.288297 -0.80678 -0.437682 0.396912
-0.596917 -0.0398689 -0.12878 -0.80678 -0.437683 0.396912
-0.663046 0.0417918 -0.179745 -0.587476 0.665927 -0.459797
0.170761 0.0618891 -0.427785 0.0630698 0.604131 0.794385
0.400019 -0.431313 -0.123356 -0.0630698 -0.604131 -0.794385
-0.262042 0.0762201 0.0951467 0.329308 -0.890841 -0.312982
-0.194798 0.0318669 -0.428381 -0.0630698 -0.604131 -0.794385
-0.076265 0.253572 -0.214183 0.329308 -0.890841 -0.312982
-0.233992 0.0270657 0.264567 0.329308 -0.890841 -0.312982
-0.402246 -0.308133 -0.15334 -0.0630697 -0.604131 -0.794385
-0.277899 0.0212146 0.368152 -0.329308 0.890841 0.312982
0.311138 -0.481966 -0.00813371 0.587476 -0.665927 0.459797
-0.141999 0.224006 -0.529614 -0.587476 0.665927 -0.459797
0.13325 -0.53584 0.0297681 0.0630696 0.604132 0.794385
-0.423895 0.102193 -0.0159473 -0.329308 0.890841 0.312982
-0.325145 0.0967085 0.103563 -0.329308 0.890841 0.312982
-0.0786221 -0.485497 0.00830309 0.0630701 0.604131 0.794385
-0.130138 -0.576695 0.228047 -0.80678 -0.437682 0.396912
-0.0751218 -0.420218 -0.0416195 0.0630695 0.604132 0.794385
0.136088 -0.365529 0.199508 0.425936 0.0347416 0.904086
-0.195623 0.139537 0.11794 -0.329308 0.890841 0.312982
-0.0807378 0.281471 -0.57481 0.0630691 0.604132 0.794385
-0.0256847 -0.391645 0.23064 -0.425936 -0.0347417 -0.904086
-0.164773 0.297445 -0.299056 -0.329308 0.890841 0.312982
0.12832 -0.00388048 -0.374397 0.0630697 0.604131 0.794385
0.24266 -0.0838754 0.0923891 -0.425936 -0.0347415 -0.904086
-0.284505 0.0410591 -0.428249 -0.0630698 -0.604131 -0.794385
-0.275107 -0.281325 0.259087 -0.80678 -0.437682 0.396912
-0.231983 0.110521 0.162269 -0.329308 0.890841 0.312982
-0.198094 -0.270607 0.353302 0.425936 0.0347415 0.904086
-0.481223 0.117681 -0.12035 -0.329308 0.890841 0.312982
0.169953 0.186359 -0.574832 -0.0630697 -0.604131 -0.794385
-0.563712 0.00864581 -0.0077877 -0.80678 -0.437682 0.396912
0.0071744 -0.431799 -0.0917976 -0.0630697 -0.604131 -0.794385
0.09045 -0.542013 0.186868 0.587476 -0.665927 0.459797
0.0479556 -0.504117 -0.0400369 -0.0630697 -0.604131 -0.794385
-0.00900635 0.142044 0.174026 0.329308 -0.890841 -0.312982
0.552519 -0.206658 -0.199838 0.06307 0.604131 0.794385
0.0405236 0.0852073 0.22721 0.425936 0.0347416 0.904086
0.251392 -0.041245 0.0619184 -0.80678 -0.437682 0.396912
0.299847 0.0598324 -0.426856 0.587475 -0.665928 0.459797
0.103312 0.343429 -0.531638 0.0630705 0.604132 0.794385
-0.137309 0.26804 -0.186464 -0.329308 0.890841 0.312982
0.0266299 -0.07514 -0.364582 -0.0630697 -0.604131 -0.794385
0.0297083 -0.567184 0.228022 0.587476 -0.665927 0.459797
-0.172585 0.217637 -0.213247 0.329308 -0.890841 -0.312982
0.0233849 0.12699 -0.225335 -0.0630697 -0.604131 -0.794385
-0.0810387 0.171718 0.0137756 0.329308 -0.890841 -0.312982
-0.0677018 0.221428 -0.29703 -0.80678 -0.437682 0.396912
-0.00359806 -0.0655766 0.207704 -0.425936 -0.0347416 -0.904086
-0.520285 -0.10693 -0.15194 0.80678 0.437682 -0.396912
0.0585499 -0.033597 0.198362 0.80678 0.437682 -0.396912
-0.327052 -0.0898832 -0.0368063 0.0630697 0.604131 0.794385
-0.293387 -0.0354747 -0.266203 -0.80678 -0.437682 0.396912
-0.0694632 0.263352 -0.359357 0.80678 0.437682 -0.396912
-0.209522 0.0258711 0.293714 0.329308 -0.890841 -0.312982
-0.614912 -0.0191461 -0.304041 -0.0630698 -0.604131 -0.794385
-0.203203 0.229222 -0.145308 -0.329308 0.890841 0.312982
-0.119278 -0.577533 0.029073 -0.0630697 -0.604131 -0.794385
0.179533 0.233889 -0.505663 0.80678 0.437682 -0.396913
-0.528298 0.0750328 -0.213149 0.587475 -0.665927 0.459797
-0.174294 -0.0886943 -0.280625 0.0630702 0.604132 0.794384
-0.435407 -0.0685637 0.0628928 0.80678 0.437683 -0.396912
0.0519812 -0.171256 -0.293498 -0.0630697 -0.604131 -0.794385
-0.193595 -0.00846766 -0.340105 0.0630696 0.60413 0.794386
-0.305801 0.193591 -0.416339 -0.587475 0.665928 -0.459796
-0.411537 -0.261939 -0.135281 0.0630698 0.604131 0.794385
0.205523 -0.110622 -0.351801 -0.0630697 -0.604131 -0.794385
-0.058868 -0.0760429 -0.357107 -0.0630697 -0.604131 -0.794385
-0.460039 0.00305152 -0.385408 -0.0630698 -0.604131 -0.794385
-0.319688 0.183377 -0.137378 -0.329308 0.890841 0.312982
0.253187 0.121377 0.139917 0.80678 0.437682 -0.396912
-0.288151 -0.198328 -0.245905 -0.0630697 -0.604131 -0.794385
0.00627434 0.24849 -0.221799 0.80678 0.437682 -0.396912
0.249119 -0.000803932 -0.00308385 0.80678 0.437682 -0.396912
0.225364 0.137344 0.100969 0.80678 0.437682 -0.396912
-0.506526 0.0210122 0.122088 -0.80678 -0.437682 0.396912
0.154426 0.170376 -0.00679734 0.80678 0.437682 -0.396912
0.210415 -0.426435 0.110364 -0.587475 0.665927 -0.459797
-0.293355 0.176129 -0.0890433 -0.329308 0.890841 0.312982
-0.347297 -0.323523 0.0658175 -0.80678 -0.437682 0.396912
0.143109 -0.567822 0.0530452 -0.0630698 -0.604131 -0.794385
-0.590501 0.0391045 -0.0286526 -0.80678 -0.437682 0.396912
0.3328 -0.262652 -0.121734 0.80678 0.437682 -0.396912
-0.163373 0.204608 -0.166469 0.329308 -0.890841 -0.312982
-0.536755 -0.0296492 -0.301997 0.0630697 0.604131 0.794385
-0.351917 -0.25724 0.129518 -0.80678 -0.437682 0.396912
0.118586 0.0173416 -0.149506 -0.0630697 -0.604131 -0.794385
-0.338611 -0.167442 -0.111194 0.587476 -0.665927 0.459797
0.00891545 0.198806 0.16445 -0.329308 0.890841 0.312982
-0.265398 -0.0440129 -0.218727 -0.80678 -0.437682 0.396912
0.0303083 -0.511419 0.0193682 0.0630698 0.604131 0.794385
0.125793 0.0514823 0.142247 -0.425936 -0.0347415 -0.904086
-0.200848 0.0718802 0.171885 0.329308 -0.890841 -0.312982
0.0558447 0.0127717 -0.433759 -0.0630697 -0.604131 -0.794385
-0.359514 0.0317508 -0.326484 -0.80678 -0.437682 0.396912
-0.0149666 0.0189255 -0.380365 0.0630698 0.604131 0.794385
0.302726 -0.137601 -0.0449685 0.80678 0.437682 -0.396912
-0.353812 -0.199871 -0.13874 0.587476 -0.665927 0.459797
-0.226787 -0.0730198 0.359227 0.425936 0.0347415 0.904086
0.0246612 -0.470197 -0.0639843 -0.0630697 -0.604131 -0.794385
-0.406084 0.0532328 0.142147 -0.329308 0.890841 0.312982
0.430944 -0.375982 -0.115439 0.0630676 0.604132 0.794385
-0.156143 0.175403 -0.0757353 0.329308 -0.890842 -0.312982
0.41105 -0.312701 -0.0178689 0.80678 0.437682 -0.396912
-0.0823328 -0.526215 0.262499 -0.425936 -0.0347416 -0.904086
0.296498 -0.00930781 -0.383622 0.0630697 0.604131 0.794385
0.0755445 0.197023 -0.0327736 -0.80678 -0.437682 0.396912
-0.310995 -0.143201 0.233474 0.80678 0.437682 -0.396912
-0.370554 0.185778 -0.344921 -0.587475 0.665928 -0.459797
-0.243978 -0.302396 -0.170269 -0.0630697 -0.604131 -0.794385
-0.500586 -0.17602 -0.193553 0.0630697 0.604131 0.794385
0.134254 0.288131 0.16846 -0.409492 0.898458 0.158396
-0.553493 -0.0841863 -0.0893845 -0.80678 -0.437682 0.396912
0.00948168 0.213223 -0.00911753 0.329308 -0.890841 -0.312982
0.17261 0.0260471 0.121167 -0.425936 -0.0347415 -0.904086
0.293797 0.0976578 -0.41073 0.0630696 0.604131 0.794385
-0.251314 -0.248379 0.238803 0.80678 0.437682 -0.396912
0.0854605 0.0945717 0.159592 -0.425936 -0.0347415 -0.904086
-0.108734 0.209728 -0.498313 0.80678 0.437682 -0.396912
-0.670233 -0.0408578 -0.278896 -0.806781 -0.437682 0.396912
-0.259929 0.112764 -0.432281 0.0630697 0.604131 0.794385
-0.00705886 -0.335766 -0.111249 0.0630699 0.604131 0.794385
-0.0594137 -0.329531 0.29023 0.425936 0.0347415 0.904086
-0.239181 -0.344754 -0.0859842 0.0630698 0.604131 0.794385
-0.0733781 -0.636998 0.123104 0.0630693 0.604131 0.794385
-0.202289 0.263403 -0.447486 -0.587476 0.665927 -0.459798
-0.317529 -0.13778 -0.28962 -0.0630697 -0.604131 -0.794385
0.166428 0.0176961 -0.0457874 -0.80678 -0.437682 0.396912
-0.302558 0.113066 -0.481577 -0.0630698 -0.604131 -0.794385
0.0758992 -0.105399 -0.345482 -0.0630697 -0.604131 -0.794385
-0.109091 -0.541089 0.000549015 -0.0630697 -0.604131 -0.794385
0.000515064 -0.0916506 -0.292256 0.0630701 0.604131 0.794385
-0.16192 0.26063 -0.324395 0.329308 -0.890841 -0.312982
-0.0710365 -0.681274 0.104139 -0.0630698 -0.604131 -0.794385
-0.114543 0.166126 0.127568 -0.329308 0.890841 0.312982
0.159291 0.0111607 -0.148037 -0.0630697 -0.604131 -0.794385
-0.198194 -0.0453738 -0.312129 -0.989025 -0.0687248 0.13079
-0.191023 -0.522159 0.164429 -0.80678 -0.437682 0.396912
-0.448675 -0.167255 -0.20434 0.0630697 0.604131 0.794385
0.0688525 0.0772231 -0.191097 -0.0630697 -0.604131 -0.794385
-0.286544 0.0697662 0.220864 -0.329308 0.890841 0.312982
0.188591 -0.0547619 -0.100229 -0.0630697 -0.604131 -0.794385
0.420087 -0.346824 -0.0371305 0.806781 0.437682 -0.396912
-0.609751 0.0469418 -0.059139 -0.80678 -0.437682 0.396912
0.119371 0.20167 -0.582459 -0.0630697 -0.604131 -0.794385
-0.59185 0.0052207 -0.323678 -0.587476 0.665927 -0.459797
-0.485873 -0.233878 -0.117005 -0.80678 -0.437682 0.396912
0.19409 -0.533514 0.0667572 0.587476 -0.665927 0.459797
-0.0212933 0.0570131 0.21133 -0.425936 -0.0347415 -0.904086
0.185289 -0.0197271 -0.0487159 -0.80678 -0.437682 0.396912
-0.402192 -0.157004 -0.103432 -0.587476 0.665927 -0.459797
0.045687 0.0682993 -0.475181 -0.0630697 -0.604131 -0.794385
-0.0845784 -0.528653 0.0415963 0.0630698 0.604131 0.794385
-0.252514 -0.0744408 -0.2905 0.0630695 0.604131 0.794385
-0.0430323 -0.107187 -0.334679 -0.0630697 -0.604131 -0.794385
-0.301112 0.21291 -0.201893 -0.329308 0.890841 0.312982
-0.192758 -0.347505 -0.14003 -0.0630697 -0.604131 -0.794385
-0.511687 -0.0601834 -0.0829153 0.80678 0.437682 -0.396912
0.0674233 0.183418 -0.169261 0.80678 0.437682 -0.396912
0.0431558 -0.0488068 -0.333469 0.0630697 0.604131 0.794385
-0.125736 0.178079 -0.462795 -0.80678 -0.437682 0.396912
0.0502034 -0.13169 -0.323447 -0.0630697 -0.604131 -0.794385
-0.0433953 -0.581039 0.210739 -0.587476 0.665927 -0.459797
-0.213064 0.274039 -0.283245 -0.329308 0.890841 0.312982
-0.00986641 0.142053 -0.266999 -0.80678 -0.437682 0.396912
0.265978 0.133393 -0.440769 0.80678 0.437682 -0.396913
0.159902 -0.233432 -0.197085 0.0630697 0.60413 0.794386
-0.570727 -0.0147729 -0.0478711 -0.80678 -0.437682 0.396912
0.0330693 0.141293 -0.285542 0.80678 0.437682 -0.396912
-0.137209 -0.0485853 -0.316695 0.0630694 0.604131 0.794385
0.116034 -0.505222 0.207466 0.587476 -0.665927 0.459797
-0.0276661 -0.0469291 -0.324029 0.0630697 0.604131 0.794385
-0.0891364 0.0776424 0.288587 0.425936 0.0347417 0.904086
-0.427873 -0.248996 -0.0157835 -0.80678 -0.437682 0.396912
0.345509 -0.462908 -0.0244486 0.587476 -0.665927 0.459797
-0.316257 -0.0603655 -0.296143 0.0630697 0.604131 0.794385
0.333628 -0.146889 -0.28194 0.0630698 0.604131 0.794385
-0.111395 -0.613065 0.0554694 -0.0630697 -0.604131 -0.794385
-0.602731 -0.0982111 -0.297069 -0.0630697 -0.604131 -0.794385
0.00787603 -0.650498 0.0744681 -0.0630698 -0.604131 -0.794385
0.115676 0.236497 -0.0126487 0.80678 0.437682 -0.396912
0.06172 0.131711 0.16935 -0.425936 -0.0347415 -0.904086
-0.152687 0.0785943 0.31849 0.425936 0.0347417 0.904086
0.207703 -0.426129 -0.11203 -0.0630698 -0.604131 -0.794385
0.25891 -0.0495247 -0.402504 -0.0630697 -0.604131 -0.794385
0.252332 -0.0777813 0.02354 -0.80678 -0.437682 0.396912
0.165761 -0.430051 -0.105717 -0.0630698 -0.604131 -0.794385
0.116343 -0.578844 0.0113631 -0.0630698 -0.604131 -0.794385
-0.428189 0.0951949 -0.133676 0.329308 -0.890841 -0.312982
-0.258622 0.0558981 0.289715 -0.329308 0.890841 0.312982
-0.0697993 0.257333 -0.609773 -0.0630697 -0.604132 -0.794385
0.115801 -0.360371 -0.0996686 0.0630693 0.604132 0.794385
0.340718 -0.232568 -0.269795 -0.0630698 -0.604131 -0.794385
0.000570977 0.288677 -0.189077 0.80678 0.437682 -0.396912
0.19444 -0.170255 -0.253118 0.0630697 0.604131 0.794385
0.114185 0.293426 0.0865418 -0.409492 0.898458 0.158396
-0.00288387 0.24581 -0.114881 0.329308 -0.890841 -0.312982
-0.0838314 0.268497 -0.277912 -0.80678 -0.437682 0.396912
-0.406924 0.0942841 0.02442 -0.329308 0.890841 0.312982
0.316686 -0.107454 0.0166524 0.80678 0.437682 -0.396912
-0.254909 -0.29189 -0.124939 0.0630698 0.604131 0.794385
-0.0565169 0.236524 -0.257649 -0.80678 -0.437682 0.396912
-0.476879 -0.213627 -0.0763905 -0.80678 -0.437682 0.396912
-0.215997 -0.0576047 -0.133301 -0.80678 -0.437682 0.396912
0.257394 -0.463096 -0.00275643 -0.587476 0.665927 -0.459797
-0.134274 0.262597 -0.38695 -0.80678 -0.437682 0.396912
-0.150562 -0.538205 0.228976 -0.80678 -0.437682 0.396912
-0.413493 -0.133355 0.00311698 0.0630698 0.604131 0.794385
0.180775 0.125486 -0.00273991 0.80678 0.437682 -0.396912
0.384025 -0.424407 -0.0178978 0.587476 -0.665927 0.459797
-0.353499 -0.17205 -0.187437 -0.587475 0.665927 -0.459797
-0.133585 -0.0911319 -0.284615 0.992404 0.0462717 -0.113984
0.290808 -0.0496901 0.0277486 0.80678 0.437682 -0.396912
0.138671 -0.439424 0.155044 -0.425936 -0.0347416 -0.904086
0.172159 -0.357856 -0.103433 0.0630695 0.604131 0.794385
-0.539713 -0.170294 -0.156327 -0.80678 -0.437682 0.396912
-0.346424 0.0355485 0.255254 -0.329308 0.890841 0.312982
0.0838276 -0.592929 0.121588 0.587476 -0.665927 0.459797
0.0752135 0.281649 0.0525927 -0.409492 0.898458 0.158396
-0.409469 -0.196062 -0.237997 -0.0630697 -0.604131 -0.794385
-0.599777 0.0382318 -0.153448 0.80678 0.437683 -0.396912
-0.611275 0.0672375 -0.209039 -0.587476 0.665927 -0.459797
0.323061 -0.0941289 0.100991 0.425936 0.0347416 0.904086
0.0754787 0.188746 -0.569146 -0.0630697 -0.604131 -0.794385
-0.151811 0.123987 0.208295 -0.329308 0.890841 0.312982
0.222643 -0.361058 -0.10551 -0.877527 0.412698 -0.244187
-0.375688 -0.0894755 -0.0332549 0.0630698 0.604131 0.794385
0.393135 -0.146923 -0.286638 0.0630702 0.604131 0.794385
-0.189372 0.220589 -0.106184 -0.329308 0.890841 0.312982
-0.23039 -0.267544 -0.197852 -0.0630697 -0.604131 -0.794385
-0.244434 -0.101086 -0.323329 -0.0630697 -0.604131 -0.794385
-0.495809 -0.0598525 0.0547009 -0.80678 -0.437682 0.396912
0.120336 -0.478451 0.150121 -0.587475 0.665927 -0.459797
0.184538 -0.412615 0.178492 0.425936 0.0347416 0.904086
-0.101929 0.160571 -0.433711 -0.80678 -0.437682 0.396912
0.57094 -0.336505 -0.209029 -0.0630698 -0.604131 -0.794385
-0.0467139 0.258169 -0.0630478 -0.329308 0.890841 0.312982
-0.174014 -0.0067864 0.331819 0.425936 0.0347417 0.904086
0.207354 -0.165225 0.112149 -0.425936 -0.0347417 -0.904086
0.205891 -0.546853 -0.0128068 0.587476 -0.665927 0.459797
-0.0977506 0.0346918 -0.385783 0.0630698 0.604131 0.794385
0.28727 -0.014462 -0.431421 -0.0630697 -0.604131 -0.794385
0.397077 -0.334656 -0.070482 0.806781 0.437682 -0.396912
-0.0392819 -0.406557 -0.0548545 0.0630699 0.604131 0.794385
-0.250739 0.144962 -0.457497 0.0630697 0.604131 0.794385
-0.27105 -0.353016 -0.129623 -0.0630697 -0.604131 -0.794385
-0.466052 -0.0097432 0.170442 -0.80678 -0.437682 0.396912
-0.220368 -0.126059 -0.306248 -0.0630697 -0.604131 -0.794385
-0.02793 -0.454551 0.280202 0.425936 0.0347416 0.904086
-0.0102364 -0.494279 0.273393 0.425936 0.0347416 0.904086
0.222781 0.0147709 -0.448533 -0.0630697 -0.604131 -0.794385
-0.279125 0.0395096 -0.375047 0.063069 0.60413 0.794386
-0.184427 0.171464 0.038845 -0.329308 0.890841 0.312982
0.507075 -0.14186 -0.254232 0.80678 0.437682 -0.396913
-0.00179302 -0.498098 0.223474 -0.425936 -0.0347416 -0.904086
-0.0160593 -0.470039 -0.00841999 0.0630698 0.604131 0.794385
-0.252261 -0.455134 0.113862 -0.80678 -0.437682 0.396912
-0.352172 -0.153546 -0.274879 -0.0630697 -0.604131 -0.794385
0.226113 -0.0957638 -0.0720262 -0.0630697 -0.604131 -0.794385
-0.151994 0.233487 -0.103568 -0.329308 0.890841 0.312982
0.225327 -0.203465 0.105151 -0.425936 -0.0347417 -0.904086
-0.0799956 -0.69751 0.179437 0.587476 -0.665927 0.459797
-0.184107 -0.316596 -0.164223 -0.0630697 -0.604131 -0.794385
0.0760314 0.27758 -0.0479291 0.80678 0.437682 -0.396912
0.435531 -0.419616 -0.0860052 -0.80678 -0.437683 0.396912
0.0452126 0.234513 -0.0321222 0.329308 -0.890841 -0.312982
0.0432818 0.108366 -0.196116 -0.80678 -0.437682 0.396912
0.0307933 0.21515 -0.103748 -0.80678 -0.437682 0.396912
-0.495542 -0.112317 -0.107588 0.80678 0.437682 -0.396912
0.314173 -0.33245 -0.131587 -0.80678 -0.437682 0.396912
0.205134 0.0216273 -0.0677529 0.80678 0.437682 -0.396912
-0.0675736 -0.628602 0.172745 -0.587476 0.665927 -0.459797
0.229454 -0.370299 -0.156216 -0.0630698 -0.604131 -0.794385
0.45464 -0.386082 -0.162091 -0.0630698 -0.604131 -0.794385
-0.0527934 0.217661 -0.375857 0.80678 0.437682 -0.396912
0.158984 -0.572434 0.00310321 -0.0630698 -0.604131 -0.794385
-0.024718 0.181763 -0.503429 0.0630698 0.604131 0.794385
-0.190981 0.0684379 0.325192 -0.329308 0.890841 0.312982
0.363397 -0.318638 -0.0163004 -0.806781 -0.437682 0.396912
-0.0068754 -0.0390861 0.254317 0.425936 0.0347416 0.904086
-0.22403 -0.0889984 0.312455 -0.425936 -0.0347416 -0.904086
-0.188126 -0.0317674 -0.106969 0.587475 -0.665927 0.459797
0.250417 0.0529367 -0.427301 0.0630696 0.604132 0.794384
0.095341 -0.150965 0.164373 -0.425936 -0.0347416 -0.904086
-0.208695 -0.47577 0.0112329 0.0630698 0.604131 0.794385
-0.139518 -0.260975 -0.210063 -0.0630697 -0.604131 -0.794385
0.210794 0.0357573 0.102805 -0.425936 -0.0347415 -0.904086
-0.369483 -0.260113 -0.0143314 0.80678 0.437682 -0.396912
0.226855 0.0364552 -0.00725208 0.80678 0.437682 -0.396912
0.155087 0.264606 -0.477225 -0.80678 -0.437682 0.396912
-0.269426 -0.470438 0.0620952 -0.80678 -0.437682 0.396912
-0.185565 -0.452893 0.251903 -0.80678 -0.437682 0.396912
-0.380807 -0.215142 0.117217 -0.80678 -0.437682 0.396912
-0.256842 -0.393001 0.173067 -0.80678 -0.437682 0.396912
-0.0783459 0.241568 -0.0490785 -0.329308 0.890841 0.312982
-0.200321 -0.443797 0.126962 0.80678 0.437682 -0.396912
0.356201 -0.264816 -0.0765548 0.806781 0.437682 -0.396912
0.147447 0.280284 0.100215 0.80678 0.437682 -0.396912
0.268179 -0.068999 -0.0395416 0.80678 0.437682 -0.396912
0.0301849 -0.350966 -0.155098 -0.0630697 -0.604131 -0.794385
0.191895 0.216754 0.188729 0.490573 -0.121802 0.862846
0.283291 0.118941 -0.37726 -0.80678 -0.437682 0.396912
-0.46866 -0.173322 -0.0152391 -0.80678 -0.437682 0.396912
0.310166 0.0593319 -0.388366 -0.806781 -0.437682 0.396912
0.252156 -0.414182 -0.0721937 0.0630696 0.604133 0.794384
0.469875 -0.379326 -0.0622954 0.587476 -0.665927 0.459797
0.20049 -0.505529 0.0991123 0.587476 -0.665927 0.459797
0.245947 0.102467 0.104348 0.80678 0.437682 -0.396912
0.32202 -0.142687 -0.336665 -0.0630698 -0.604131 -0.794385
-0.299545 -0.315311 -0.156035 -0.0630697 -0.604131 -0.794385
0.0295792 0.263199 -0.158208 0.80678 0.437682 -0.396912
-0.289847 -0.356938 0.0407692 0.80678 0.437682 -0.396912
0.029588 0.0397736 0.2204 0.80678 0.437682 -0.396912
-0.0247421 -0.10432 0.219154 -0.425936 -0.0347416 -0.904086
0.122252 0.219007 0.0864078 -0.80678 -0.437682 0.396912
-0.293057 0.122717 -0.0698309 0.329308 -0.890841 -0.312982
-0.179407 0.159679 0.0776689 -0.329308 0.890841 0.312982
-0.484679 0.14133 -0.191298 -0.329308 0.890841 0.312982
-0.000790834 0.220984 -0.587608 -0.0630697 -0.604132 -0.794385
0.222498 -0.187696 -0.160373 -0.587475 0.665927 -0.459797
-0.478518 -0.0268283 0.126264 -0.80678 -0.437682 0.396912
-0.328284 0.0796208 -0.210218 -0.80678 -0.437682 0.396912
0.133234 0.251012 -0.58089 0.80678 0.437682 -0.396913
-0.206338 -0.456198 0.206033 -0.80678 -0.437682 0.396912
0.488373 -0.307422 -0.224591 -0.0630696 -0.604131 -0.794385
-0.35469 0.0722809 -0.271986 -0.80678 -0.437682 0.396912
-0.140227 -0.0981803 -0.333812 -0.0630697 -0.604131 -0.794385
-0.484518 -0.109449 -0.297907 -0.0630697 -0.604131 -0.794385
0.162044 0.0649043 -0.481837 -0.0630697 -0.604131 -0.794385
0.34563 -0.224195 0.0953568 0.425936 0.0347416 0.904086
-0.220903 0.0990447 -0.424946 0.0630697 0.604131 0.794385
-0.0706288 -0.201072 -0.261089 -0.0630697 -0.604131 -0.794385
-0.0708421 -0.593888 0.0376656 -0.0630697 -0.604131 -0.794385
-0.0891574 -0.392423 -0.0616436 0.0630697 0.604131 0.794385
-0.0364534 -0.521131 0.240689 -0.425936 -0.0347416 -0.904086
-0.0300703 0.144695 -0.410131 0.80678 0.437682 -0.396912
-0.524837 -0.0551136 -0.336029 -0.0630697 -0.604131 -0.794385
-0.276749 -0.516565 -0.00479088 -0.0630697 -0.604131 -0.794385
-0.439192 -0.103432 -0.253631 0.0630697 0.604131 0.794385
-0.442944 0.147654 -0.307645 -0.587476 0.665926 -0.459798
0.278965 -0.346816 -0.125554 0.06307 0.604132 0.794385
-0.56812 0.0796148 -0.103431 -0.329308 0.890841 0.312982
-0.130327 -0.373047 0.279224 -0.425936 -0.0347416 -0.904086
-0.37694 -0.051396 -0.298147 0.0630697 0.604131 0.794385
-0.379981 0.136352 -0.312038 0.806781 0.437682 -0.396912
-0.0305638 0.286685 -0.254559 0.80678 0.437682 -0.396912
-0.555116 -0.0969449 -0.211729 0.80678 0.437682 -0.396912
0.291813 -0.227738 -0.269585 -0.0630698 -0.604131 -0.794385
-0.564361 0.0595535 -0.18949 0.587475 -0.665927 0.459797
-0.588513 -0.0405238 -0.342069 -0.0630698 -0.604131 -0.794385
-0.182533 -0.490678 -0.0319578 -0.0630697 -0.604131 -0.794385
-0.289069 0.145819 -0.416286 0.587476 -0.665927 0.459797
0.104264 -0.373674 -0.14371 -0.0630697 -0.604131 -0.794385
-0.104498 0.211289 -0.572001 -0.0630697 -0.604131 -0.794385
-0.0186984 -0.566948 0.0654893 0.0630698 0.604131 0.794385
0.0780946 0.305771 -0.632586 0.80678 0.437683 -0.396912
0.479695 -0.197454 -0.255081 0.0630697 0.604131 0.794385
-0.363064 0.179824 -0.172905 -0.329308 0.890841 0.312982
-0.239597 -0.421435 -0.0800872 -0.0630697 -0.604131 -0.794385
-0.0425554 0.266653 -0.566572 0.0630698 0.604131 0.794385
0.152039 -0.285299 -0.157016 0.0630699 0.604131 0.794385
-0.443641 0.100235 -0.284812 0.587475 -0.665927 0.459797
-0.409163 -0.125452 -0.0488278 -0.587476 0.665927 -0.459797
-0.166377 -0.325156 -0.106669 0.0630698 0.604131 0.794385
-0.317956 -0.0288577 0.335398 0.329308 -0.890841 -0.312982
-0.469007 0.0407621 0.111437 -0.329308 0.890841 0.312982
-0.276472 0.201978 -0.277981 0.329308 -0.890841 -0.312982
0.184933 0.192194 0.0792722 0.80678 0.437682 -0.396912
-0.201522 -0.403616 0.273805 -0.80678 -0.437682 0.396912
-0.364538 0.0432802 0.0810611 0.329308 -0.890841 -0.312982
-0.0642658 0.321775 -0.262555 -0.329308 0.890841 0.312983
-0.530409 -0.0430425 0.00290859 -0.80678 -0.437682 0.396912
-0.261562 -0.17943 0.390616 0.490573 -0.121802 0.862846
0.0266452 0.170289 -0.498781 0.0630697 0.604131 0.794385
0.23417 -0.00859565 -0.379215 0.0630697 0.604131 0.794385
-0.296307 0.166389 -0.467868 -0.587476 0.665927 -0.459797
0.235146 -0.440475 0.14905 0.587476 -0.665927 0.459797
-0.250309 -0.364571 0.11272 0.80678 0.437682 -0.396912
-0.10766 -0.444996 0.317397 0.425936 0.0347415 0.904086
-0.538296 0.0669367 -0.302719 -0.587476 0.665927 -0.459797
0.160098 -0.31062 0.139999 -0.425936 -0.0347416 -0.904086
-0.343233 -0.355984 -0.0666944 0.80678 0.437682 -0.396912
0.206392 -0.471786 0.140441 0.587476 -0.665927 0.459797
0.113441 -0.562488 0.127838 0.587476 -0.665927 0.459797
0.268359 -0.415461 -0.124959 -0.0630698 -0.604131 -0.794385
0.0895768 -0.133097 -0.269257 -0.577666 -0.626979 0.522684
-0.345937 0.08354 -0.0139593 0.329308 -0.890841 -0.312982
0.287259 -0.215652 0.0764414 -0.425936 -0.0347415 -0.904086
-0.509895 0.0713728 -0.01871 -0.329308 0.890841 0.312982
-0.0386891 0.181167 -0.387432 0.80678 0.437682 -0.396912
0.237047 -0.161231 -0.263364 0.0630697 0.604131 0.794385
-0.219005 -0.463226 0.0675588 0.80678 0.437682 -0.396912
-0.182015 -0.117814 0.339855 0.425936 0.0347415 0.904086
-0.371373 -0.332215 -0.137477 -0.0630697 -0.604131 -0.794385
-0.279397 -0.240693 -0.214382 -0.0630697 -0.604131 -0.794385
0.142695 -0.306534 -0.197821 -0.0630697 -0.604131 -0.794385
-0.112592 -0.65263 0.0856538 -0.0630697 -0.604131 -0.794385
0.00774355 -0.22757 -0.247159 -0.0630697 -0.604131 -0.794385
-0.38446 -0.359605 -0.0495092 -0.80678 -0.437682 0.396912
-0.199308 0.137573 -0.508412 -0.0630698 -0.604131 -0.794385
-0.280736 -0.30922 0.216886 -0.80678 -0.437682 0.396912
-0.24884 0.227058 -0.320294 0.329308 -0.890841 -0.312982
-0.327696 -0.319887 0.109669 -0.80678 -0.437682 0.396912
0.446955 -0.221645 -0.234084 0.0630698 0.604131 0.794385
-0.0353287 0.0784409 -0.388902 -0.80678 -0.437682 0.396912
0.192124 0.0749949 0.0696282 -0.80678 -0.437682 0.396912
-0.357904 -0.132177 -0.12406 -0.587475 0.665927 -0.459797
-0.412234 -0.0882829 0.193227 -0.80678 -0.437682 0.396912
-0.341748 -0.424418 -0.0341614 -0.80678 -0.437682 0.396912
0.257762 -0.272722 -0.18022 0.0630699 0.604132 0.794385
-0.0168108 -0.315091 0.269604 0.425936 0.0347415 0.904086
0.0209571 0.288366 -0.588127 0.0630697 0.604131 0.794385
-0.238748 0.155733 0.0264645 -0.329308 0.890841 0.312982
-0.01432 -0.308958 -0.183512 -0.0630697 -0.604131 -0.794385
0.193149 0.189393 -0.527052 0.806781 0.437683 -0.396912
-0.0897228 0.142676 0.220427 -0.329308 0.890841 0.312982
-0.0458819 -0.025383 0.272168 0.425936 0.0347416 0.904086
0.274039 -0.472982 0.0522768 0.587476 -0.665927 0.459797
-0.500177 0.0874553 -0.0542607 -0.329308 0.890841 0.312982
-0.134945 0.223256 -0.189634 0.329308 -0.890841 -0.312982
-0.318293 -0.469053 -0.035706 -0.80678 -0.437682 0.396913
0.317574 -0.136329 0.105198 0.425936 0.0347416 0.904086
0.0512972 0.387516 -0.591736 -0.587476 0.665927 -0.459797
-0.430097 0.136508 -0.120143 -0.329308 0.890841 0.312982
-0.521109 0.0460542 -0.354922 -0.587476 0.665927 -0.459797
-0.245915 -0.21866 -0.233796 -0.0630697 -0.604131 -0.794385
-0.268936 -0.47404 -0.0377512 -0.0630697 -0.604131 -0.794385
0.503807 -0.22851 -0.233378 0.0630697 0.604131 0.794385
-0.610872 -0.0186538 -0.243332 0.587475 -0.665927 0.459797
-0.0717801 -0.314726 0.25906 -0.409492 0.898458 0.158395
0.176174 -0.478341 -0.017368 0.0630697 0.604131 0.794385
-0.467108 -0.0210761 0.0508215 0.80678 0.437683 -0.396912
0.387401 -0.258788 -0.253561 -0.0630698 -0.604131 -0.794385
-0.382833 -0.235786 -0.153676 0.587476 -0.665927 0.459797
0.0260898 0.25682 -0.564544 0.0630698 0.604131 0.794385
0.211612 -0.381008 0.164522 0.425936 0.0347416 0.904086
-0.261186 -0.0573223 0.328743 -0.425936 -0.0347416 -0.904086
0.458894 -0.254832 -0.209794 0.0630697 0.604131 0.794385
-0.452873 -0.0271969 -0.362973 -0.0630698 -0.604131 -0.794385
-0.378071 0.198986 -0.243237 -0.329308 0.890841 0.312982
0.262858 0.0544626 0.125473 0.490573 -0.121802 0.862846
-0.404491 0.0783213 0.0724139 -0.329308 0.890841 0.312982
0.0100886 -0.421506 0.26102 0.425936 0.0347416 0.904086
-0.188456 -0.263638 -0.204152 -0.0630697 -0.604131 -0.794385
-0.096687 -0.0621636 0.251429 -0.425936 -0.0347416 -0.904086
-0.207868 0.189484 -0.0371106 -0.329308 0.890841 0.312982
0.041075 0.214691 0.0199446 0.329308 -0.890841 -0.312982
-0.288633 -0.00761983 -0.225823 -0.80678 -0.437682 0.396912
0.00857747 -0.384149 -0.0756956 0.0630696 0.604132 0.794385
-0.225146 0.18332 -0.443648 0.587476 -0.665927 0.459797
0.227921 -0.156749 -0.113157 -0.80678 -0.437682 0.396912
0.0723671 0.333406 -0.591709 -0.0630707 -0.604132 -0.794385
0.0577463 0.166601 -0.207474 0.80678 0.437682 -0.396912
0.488391 -0.171257 -0.324627 0.80678 0.437682 -0.396913
-0.0192942 -0.573305 0.280697 0.425936 0.0347416 0.904086
-0.0931876 0.00280003 0.293371 0.425936 0.0347417 0.904086
0.0838644 -0.14527 -0.315792 -0.0630697 -0.604131 -0.794385
0.0258056 -0.616077 0.0468673 -0.0630698 -0.604131 -0.794385
-0.0256684 -0.54262 -0.00491039 -0.0630697 -0.604131 -0.794385
0.0983612 -0.336648 -0.171399 -0.0630697 -0.604131 -0.794385
0.537113 -0.327967 -0.0738224 0.587477 -0.665926 0.459796
-0.286238 -0.231388 0.291527 -0.80678 -0.437682 0.396912
0.0139963 0.125637 -0.341574 0.80678 0.437682 -0.396912
-0.053852 0.320734 -0.508799 0.587475 -0.665928 0.459796
0.0741622 -0.485663 -0.00370088 0.0630698 0.604131 0.794385
-0.0773489 -0.0393278 -0.383562 -0.0630697 -0.604131 -0.794385
-0.516956 0.0368605 -0.0610349 0.329308 -0.890841 -0.312982
-0.101001 -0.457888 -0.0633684 -0.0630697 -0.604131 -0.794385
-0.36217 -0.0645783 0.32113 -0.80678 -0.437682 0.396912
0.378654 -0.0414467 -0.404538 0.80678 0.437682 -0.396913
0.113537 0.101671 -0.0606952 -0.80678 -0.437682 0.396912
0.402217 -0.246907 0.0367288 0.80678 0.437682 -0.396912
0.10014 -0.325198 -0.122552 0.0630698 0.604131 0.794385
0.0422654 0.292192 -0.10045 0.80678 0.437682 -0.396912
-0.364855 -0.232393 0.0256421 0.80678 0.437682 -0.396912
0.203137 0.0574546 -0.479434 -0.0630697 -0.604131 -0.794385
-0.179735 0.300265 -0.422915 -0.587476 0.665927 -0.459797
0.201692 -0.210714 -0.222925 0.0630697 0.604131 0.794385
0.0216631 -0.305984 -0.130934 0.0630697 0.604131 0.794385
0.380028 -0.278794 -0.0435372 0.806781 0.437682 -0.396912
-0.204793 -0.122997 -0.257362 0.0630695 0.604131 0.794385
-0.604238 0.0249988 -0.188585 0.587475 -0.665927 0.459797
-0.162993 0.191073 -0.127544 0.329308 -0.890841 -0.312982
-0.312064 -0.238721 0.12597 0.80678 0.437682 -0.396912
-0.161763 -0.333463 0.292514 -0.425936 -0.0347416 -0.904086
-0.0177888 -0.580623 0.178625 -0.587476 0.665927 -0.459797
-0.280637 -0.320907 0.0992211 0.80678 0.437682 -0.396912
0.112764 0.199361 0.0454582 -0.80678 -0.437682 0.396912
-0.437972 0.0513512 -0.0191765 0.329308 -0.890841 -0.312982
0.0965901 -0.60817 0.0380402 0.587476 -0.665927 0.459797
-0.326919 -0.185535 0.259401 -0.80678 -0.437682 0.396912
-0.295106 -0.00405597 -0.294349 0.80678 0.437683 -0.396912
0.444931 -0.428535 -0.129035 -0.0630698 -0.604131 -0.794385
-0.465725 -0.131644 -0.0682916 0.80678 0.437682 -0.396912
0.0484048 -0.278426 0.237471 0.425936 0.0347416 0.904086
-0.229011 -0.00325633 0.311507 -0.425936 -0.0347413 -0.904086
-0.332209 0.103294 -0.0557412 0.329308 -0.890841 -0.312982
-0.00333949 0.161496 -0.232293 -0.80678 -0.437682 0.396912
0.0916606 0.236901 -0.607053 -0.0630697 -0.604132 -0.794385
0.066752 0.153468 0.21223 0.425936 0.0347416 0.904086
-0.292849 -0.394623 0.098089 -0.80678 -0.437682 0.396912
0.0353311 -0.0696493 0.235607 0.425936 0.0347416 0.904086
-0.569797 9.63741e-05 -0.134562 0.80678 0.437682 -0.396912
-0.0160765 -0.268609 -0.158984 0.0630687 0.604132 0.794385
0.323655 -0.0468627 -0.409669 -0.0630697 -0.604131 -0.794385
0.105345 0.227965 0.182913 -0.329308 0.890841 0.312982
0.0693937 0.0278153 -0.393823 0.0630699 0.604131 0.794385
-0.516805 -0.0223542 0.053374 -0.80678 -0.437682 0.396912
0.0293212 0.17629 0.116878 0.329308 -0.890841 -0.312982
-0.213099 -0.169307 -0.273935 -0.0630697 -0.604131 -0.794385
-0.465368 -0.0625204 0.113634 -0.80678 -0.437682 0.396912
0.0545855 -0.573471 0.187131 0.587476 -0.665927 0.459797
-0.0955848 -0.488453 -0.0405535 -0.0630697 -0.604131 -0.794385
0.127326 -0.527119 0.161324 0.587476 -0.665927 0.459797
-0.180401 0.0593743 0.228994 0.329308 -0.890841 -0.312982
-0.384295 -0.186055 -0.0797822 0.587476 -0.665927 0.459797
0.207162 -0.396092 -0.134831 -0.0630698 -0.604131 -0.794385
0.00480699 -0.430671 -0.0400157 0.0630701 0.604131 0.794385
-0.138884 -0.256977 0.278796 -0.425936 -0.0347417 -0.904086
0.417658 -0.328634 0.065436 0.425936 0.0347416 0.904086
0.19204 0.0332465 -0.407691 0.0630697 0.604131 0.794385
0.0929366 -0.0164825 -0.414456 -0.0630697 -0.604131 -0.794385
0.243614 0.0578925 -0.482981 -0.0630697 -0.604131 -0.794385
0.208866 -0.256027 -0.189034 0.0630689 0.604132 0.794385
0.20737 -0.140489 -0.276782 0.0630696 0.604131 0.794385
-0.0176323 0.109405 -0.501415 -0.0630698 -0.604131 -0.794385
-0.0875351 0.117458 -0.449537 0.0630698 0.604131 0.794385
-0.222716 -0.0143493 -0.102534 0.0630697 0.604131 0.794385
-0.226289 0.205951 -0.409411 0.587476 -0.665927 0.459797
-0.0960091 0.114398 0.161173 0.329308 -0.890841 -0.312982
0.369135 -0.0842664 -0.384834 -0.0630698 -0.604131 -0.794385
-0.549466 -0.159055 -0.255025 -0.0630697 -0.604131 -0.794385
0.232742 -0.0157806 -0.0528877 0.80678 0.437682 -0.396912
0.386329 -0.309848 0.0794739 0.425936 0.0347416 0.904086
-0.532759 -0.0172861 -0.364168 -0.0630698 -0.604131 -0.794385
-0.0485607 0.224449 -0.586451 -0.0630697 -0.604132 -0.794385
-0.0976332 0.216142 -0.130127 0.329308 -0.890841 -0.312982
-0.221585 -0.0673566 -0.350794 -0.0630697 -0.604131 -0.794385
-0.148471 -0.362688 0.333461 0.425936 0.0347415 0.904086
-0.197535 0.0999212 0.228686 -0.329308 0.890841 0.312982
-0.216383 -0.0337031 -0.167026 0.80678 0.437682 -0.396912
0.268959 -0.280079 -0.227965 -0.0630698 -0.604131 -0.794385
-0.185835 -0.497052 0.0976815 0.80678 0.437682 -0.396912
0.238036 -0.302091 -0.20877 -0.0630698 -0.604131 -0.794385
-0.0727287 -0.371037 0.298098 0.425936 0.0347415 0.904086
-0.0290424 -0.335754 0.230074 -0.425936 -0.0347416 -0.904086
0.00695652 0.254576 -0.613769 -0.0630697 -0.604132 -0.794385
-0.307309 -0.270441 0.205634 -0.80678 -0.437682 0.396912
-0.0220114 0.19641 -0.231745 -0.80678 -0.437682 0.396912
0.05028 -0.227383 0.234626 0.425936 0.0347416 0.904086
0.211991 -0.169394 0.156212 0.425936 0.0347417 0.904086
0.190181 0.0939319 -0.453695 0.0630698 0.604131 0.794385
-0.319762 -0.361061 0.0803922 -0.80678 -0.437682 0.396912
-0.378475 -0.129995 0.215852 -0.80678 -0.437682 0.396912
-0.449477 0.0752669 -0.313518 0.587475 -0.665927 0.459797
0.148723 0.022457 -0.396047 0.0630697 0.604131 0.794385
0.140845 -0.313271 0.195259 0.425936 0.0347416 0.904086
0.241458 0.171747 -0.429802 -0.0630697 -0.604131 -0.794385
0.0923517 -0.260179 -0.229078 -0.0630697 -0.604131 -0.794385
0.170725 0.116432 0.0718242 -0.80678 -0.437682 0.396912
0.145086 0.124962 0.0291163 -0.80678 -0.437682 0.396912
0.20257 0.0867891 0.104718 -0.425936 -0.0347415 -0.904086
0.129835 0.0548774 -0.178945 -0.0630697 -0.604131 -0.794385
-0.122766 -0.557476 0.159247 0.80678 0.437682 -0.396912
0.00992248 0.102106 -0.270826 -0.80678 -0.437682 0.396912
-0.271664 0.0857413 0.0579218 0.329308 -0.890841 -0.312982
-0.233355 -0.409699 -0.0370562 0.0630698 0.604131 0.794385
-0.572133 0.063255 -0.061089 -0.329308 0.890841 0.312982
-0.134867 -0.213226 -0.194294 0.0630698 0.604131 0.794385
0.00968042 -0.580624 0.143525 -0.587476 0.665927 -0.459797
-0.272865 0.228525 -0.407826 -0.587475 0.665928 -0.459797
0.518017 -0.265186 -0.206614 0.06307 0.604131 0.794385
-0.205709 0.16239 -0.474326 0.0630697 0.604131 0.794385
-0.416066 0.0658605 -0.36983 0.587475 -0.665927 0.459797
-0.0594015 0.161862 -0.345844 -0.80678 -0.437682 0.396912
-0.301477 -0.309952 0.173918 -0.80678 -0.437682 0.396912
-0.0403026 0.192707 -0.273009 -0.80678 -0.437682 0.396912
-0.187064 -0.38592 0.217732 0.80678 0.437682 -0.396912
-0.14426 0.224414 -0.578098 -0.587476 0.665927 -0.459797
0.221273 -0.476722 0.02366 -0.587476 0.665927 -0.459797
-0.0360263 0.316353 -0.217411 -0.329308 0.890841 0.312983
0.0306746 0.0227407 -0.38689 0.0630699 0.604131 0.794385
-0.409211 0.052645 0.00740226 0.329308 -0.890841 -0.312982
-0.00259883 0.194201 0.0323132 0.329308 -0.890841 -0.312982
-0.540042 0.116057 -0.177613 -0.329308 0.890841 0.312982
-0.526775 -0.119616 -0.0741439 -0.80678 -0.437682 0.396912
-0.292342 0.0896918 -0.185353 0.80678 0.437682 -0.396912
0.407135 -0.430556 -0.0563316 0.587476 -0.665927 0.459797
0.476067 -0.330685 -0.153471 0.06307 0.604131 0.794385
-0.566998 -0.123638 -0.160339 -0.80678 -0.437682 0.396912
-0.415967 -0.120488 0.0451497 0.806781 0.437682 -0.396912
0.169952 0.0406165 -0.0133489 -0.80678 -0.437682 0.396912
0.263962 -0.159796 -0.148236 0.80678 0.437682 -0.396912
0.0509862 0.232278 0.113442 -0.329308 0.890841 0.312982
-0.209072 -0.213787 -0.187975 0.0630697 0.604131 0.794385
-0.0819447 0.224837 -0.00524332 -0.329308 0.890841 0.312982
0.101999 -0.556061 0.0476268 0.0630696 0.604132 0.794385
-0.104259 -0.148143 -0.298671 -0.0630697 -0.604131 -0.794385
-0.220402 -0.0495878 0.309231 -0.425936 -0.0347416 -0.904086
-0.338194 0.0965109 -0.463591 -0.587476 0.665927 -0.459797
0.332408 -0.184078 -0.25356 0.0630698 0.604131 0.794385
0.561003 -0.310466 -0.175591 0.0630698 0.604131 0.794385
0.424332 -0.317794 -0.159167 0.0630698 0.604131 0.794385
-0.186313 0.0309134 -0.375878 0.0630697 0.604131 0.794385
-0.219071 0.143962 0.0806726 -0.329308 0.890841 0.312982
-0.147595 -0.303624 -0.176987 -0.0630697 -0.604131 -0.794385
-0.203523 -0.378182 -0.115845 -0.0630697 -0.604131 -0.794385
0.116399 0.281235 -0.537528 -0.80678 -0.437682 0.396913
-0.336202 -0.148825 0.281013 -0.80678 -0.437682 0.396912
-0.344624 -0.0287571 -0.317929 0.0630697 0.604131 0.794385
-0.437657 -0.084615 0.145596 -0.80678 -0.437682 0.396912
0.10278 0.227155 -0.0491633 0.80678 0.437682 -0.396912
-0.3711 -0.253069 0.0951249 -0.80678 -0.437682 0.396912
0.0358956 -0.0683903 0.189206 -0.425936 -0.0347416 -0.904086
0.0485274 0.231789 -0.547289 0.0630697 0.604132 0.794385
0.243501 -0.190356 0.142172 0.425936 0.0347417 0.904086
-0.479414 0.093295 -0.182164 0.329308 -0.890841 -0.312982
-0.559184 -0.190874 -0.218597 -0.80678 -0.437682 0.396913
-0.285586 -0.141886 0.39155 -0.80678 -0.437682 0.396912
-0.307254 -0.140195 -0.111798 0.587475 -0.665927 0.459797
-0.329608 0.146714 -0.45283 -0.0630698 -0.604131 -0.794385
-0.446237 -0.121746 -0.291595 -0.0630697 -0.604131 -0.794385
-0.0914645 -0.585159 0.192346 0.80678 0.437682 -0.396912
-0.0840615 0.135296 0.114262 0.329308 -0.890841 -0.312982
-0.430159 -0.282352 -0.0572117 -0.80678 -0.437682 0.396912
-0.264054 0.214854 -0.168437 -0.329308 0.890841 0.312982
-0.0646697 0.158994 0.0672147 0.329308 -0.890841 -0.312982
-0.64635 -0.00877557 -0.274314 -0.587476 0.665927 -0.459797
-0.163743 0.0601412 -0.452349 -0.0630698 -0.604131 -0.794385
-0.385827 -0.155971 0.172263 -0.80678 -0.437682 0.396912
-0.313209 -0.376728 -0.0285402 0.80678 0.437682 -0.396912
-0.243402 0.151283 -0.0988925 0.329308 -0.890841 -0.312982
0.14603 0.0218939 -0.0826193 -0.80678 -0.437682 0.396912
0.360798 -0.389055 0.062978 0.587476 -0.665927 0.459797
0.378769 -0.353404 -0.180919 -0.0630698 -0.604131 -0.794385
0.127708 -0.446885 0.206582 0.425936 0.0347416 0.904086
0.535234 -0.14247 -0.196403 0.0630697 0.604131 0.794385
0.0641642 -0.201891 -0.271168 -0.0630697 -0.604131 -0.794385
0.365053 -0.296175 -0.223353 -0.0630698 -0.604131 -0.794385
0.361398 -0.299461 -0.104194 0.80678 0.437682 -0.396912
-0.0708024 0.319798 -0.299835 0.80678 0.437682 -0.396912
0.58096 -0.314081 -0.139673 -0.0630698 -0.604131 -0.794385
0.0356401 0.0592759 0.187244 0.409492 -0.898458 -0.158396
0.0126263 0.259258 -0.00371153 -0.329308 0.890841 0.312982
0.0914077 0.153232 -0.048819 -0.80678 -0.437682 0.396912
-0.243395 0.123806 0.112449 -0.329308 0.890841 0.312982
-0.0612271 0.0387828 0.230844 -0.425936 -0.0347413 -0.904086
0.137134 0.0992665 -0.505992 -0.0630697 -0.604131 -0.794385
0.0987281 0.236082 -0.55454 0.0630697 0.604132 0.794385
0.158389 -0.195893 -0.228627 0.854954 0.377922 -0.355287
-0.288849 0.108656 -0.0253816 0.329308 -0.890841 -0.312982
-0.396475 -0.0812773 -0.273871 0.0630697 0.604131 0.794385
0.277157 -0.278084 0.0835997 -0.425936 -0.0347416 -0.904086
0.23054 -0.0203813 0.141747 0.425936 0.0347415 0.904086
0.116583 -0.590826 0.0827825 0.587476 -0.665927 0.459797
0.355109 -0.208685 -0.0168776 0.80678 0.437682 -0.396912
-0.126797 0.266141 -0.303127 0.329308 -0.890841 -0.312982
-0.0949584 0.185752 -0.391774 -0.80678 -0.437682 0.396912
0.070365 -0.578224 0.0145424 -0.0630698 -0.604131 -0.794385
-0.25205 -0.389516 -0.103373 -0.0630697 -0.604131 -0.794385
0.350288 -0.314413 0.096629 0.425936 0.0347416 0.904086
-0.0232182 0.311471 -0.602191 0.0630691 0.604132 0.794385
-0.00697619 -0.590734 0.240785 0.587476 -0.665927 0.459797
-0.380427 0.093935 -0.300421 -0.80678 -0.437682 0.396912
-0.211632 -0.314308 -0.111326 0.0630697 0.604131 0.794385
-0.0506981 -0.13536 -0.257571 0.0630683 0.604131 0.794385
-0.432766 -0.00533002 -0.328748 0.0630697 0.604131 0.794385
0.272856 0.000647946 0.0467659 0.80678 0.437682 -0.396912
0.219069 -0.0247761 -0.418162 -0.0630697 -0.604131 -0.794385
-0.252901 0.107055 0.017 0.329308 -0.890841 -0.312982
0.0569913 0.105107 -0.451619 0.0630698 0.604131 0.794385
-0.599772 -0.00743548 -0.0988184 -0.80678 -0.437682 0.396912
0.185244 -0.313172 -0.138455 0.0630699 0.604132 0.794385
0.181658 -0.244978 0.173406 0.425936 0.0347416 0.904086
