ply
format ascii 1.0
comment Created by Open3D
element vertex 2096
property double x
property double y
property double z
property double nx
property double ny
property double nz
end_header
0.181417 0.408761 0.189572 -0.137372 -0.871176 0.471362
-0.0365783 0.381695 -0.233677 -0.956315 -0.00732447 -0.292245
-0.216594 -0.585348 -0.148012 -0.956315 -0.00732452 -0.292245
-0.267092 -0.136702 0.498555 -0.258049 0.490918 0.832112
0.199293 -0.03837 0.134514 -0.258049 0.490918 0.832112
0.246361 -0.45904 -0.153516 0.258049 -0.490918 -0.832112
0.0547531 0.149575 0.329323 0.258049 -0.490918 -0.832112
-0.121925 -0.115631 0.204011 0.956315 0.00732452 0.292245
-0.0328368 0.252075 0.341835 -0.258049 0.490918 0.832112
-0.395455 -0.168305 0.426825 -0.956315 -0.00732758 -0.292247
0.0974636 0.0645677 0.0422054 -0.258049 0.490918 0.832112
0.0173433 0.312561 -0.0360416 -0.137375 -0.871174 0.471363
0.0606521 -0.257978 -0.229579 -0.258049 0.490918 0.832112
0.382243 0.088714 -0.434534 0.258049 -0.490918 -0.832112
0.152057 -0.22557 -0.220353 -0.258049 0.490918 0.832112
0.38248 0.162671 -0.384225 0.956315 0.00732465 0.292245
-0.149695 -0.0267842 0.246402 -0.956316 -0.00732358 -0.292243
0.112396 -0.0613816 0.121142 -0.258049 0.490918 0.832112
-0.0574572 0.114614 -0.0127193 0.956315 0.00732452 0.292245
-0.271277 0.124878 0.0131285 -0.956316 -0.00732281 -0.292244
-0.00970668 0.165573 0.400041 -0.258049 0.490918 0.832112
-0.357656 0.0337834 0.298071 -0.956315 -0.00732451 -0.292245
0.265775 0.29599 -0.00567105 0.956315 0.00732449 0.292245
0.166309 0.34894 0.318483 0.956315 0.00732454 0.292245
0.00108078 -0.150269 0.0389153 0.258049 -0.490918 -0.832112
-0.270516 -0.219982 0.170484 -0.258049 0.490918 0.832112
-0.0612562 0.0786947 0.43531 -0.258049 0.490918 0.832112
-0.0618336 -0.152377 -0.165079 0.0100553 -0.999919 -0.00784347
0.247206 -0.0471316 0.0543947 0.258049 -0.490918 -0.832112
0.313203 0.419058 -0.194969 0.137373 0.871175 -0.471363
0.364233 0.30672 -0.38772 0.137372 0.871175 -0.471364
0.0302917 -0.364591 0.395744 -0.137379 -0.871172 0.471367
0.0560636 0.00779561 -0.487947 0.258049 -0.490918 -0.832112
-0.36657 -0.233823 0.333945 -0.956315 -0.00732451 -0.292245
-0.177977 -0.157744 0.242542 -0.956316 -0.00732365 -0.292242
-0.136256 -0.0218207 0.248554 0.956315 0.00732452 0.292245
-0.0576718 -0.380548 -0.294108 0.258049 -0.490918 -0.832112
-0.209634 -0.373942 0.280195 -0.258049 0.490918 0.832112
0.249394 0.52289 0.0422445 0.956315 0.00732456 0.292245
-0.212435 0.0790624 -0.178272 -0.956315 -0.00732452 -0.292245
-0.0292702 -0.351789 -0.0932663 0.956315 0.00732452 0.292245
-0.0856596 -0.274726 -0.0566166 -0.956315 -0.00732431 -0.292245
-0.106929 0.288094 -0.353642 -0.258049 0.490918 0.832112
-0.175706 -0.221269 -0.210582 -0.174302 -0.78827 0.590127
0.0484091 0.165373 -0.299022 -0.137374 -0.871175 0.471363
0.138002 -0.0841852 0.0423895 0.258049 -0.490918 -0.832112
0.157116 -0.370033 0.366585 0.956315 0.00732449 0.292245
-0.128881 -0.498773 0.0904324 -0.956315 -0.0073245 -0.292245
-0.0820202 -0.450957 -0.18501 -0.258049 0.490918 0.832112
0.162186 -0.115957 0.16878 -0.258049 0.490918 0.832112
-0.217168 -0.316656 -0.00512231 0.258049 -0.490918 -0.832112
-0.144163 0.0951186 0.271497 0.956315 0.0073245 0.292245
0.109783 0.100293 0.0249493 -0.258049 0.490918 0.832112
0.0931774 0.0944177 -0.527542 0.258049 -0.490918 -0.832112
-0.202323 0.45173 -0.220703 -0.956315 -0.00732448 -0.292245
0.182077 -0.0414457 0.130989 -0.258049 0.490918 0.832112
-0.0889265 -0.348036 -0.044089 -0.956315 -0.00732551 -0.292246
-0.326692 -0.234029 0.462382 0.258049 -0.490918 -0.832112
-0.191763 0.498125 0.147388 -0.258049 0.490918 0.832112
-0.200142 0.0312904 -0.217303 -0.956315 -0.0073245 -0.292245
-0.0425894 0.246515 -0.0646768 0.956315 0.0073245 0.292245
0.122135 -0.435873 -0.205708 0.258049 -0.490918 -0.832112
-0.169129 -0.124734 0.244985 -0.0463053 0.990861 0.126691
-0.0935768 -0.230962 0.513686 0.609251 -0.449525 -0.653254
-0.0878516 -0.579504 -0.041805 -0.956315 -0.0073245 -0.292245
0.18952 0.28608 -0.0348058 -0.137374 -0.871175 0.471363
0.0565226 0.10946 -0.547783 0.258049 -0.490918 -0.832112
-0.130504 0.133735 -0.447746 -0.956315 -0.0073245 -0.292245
0.0850396 0.173442 -0.576687 0.258049 -0.490918 -0.832112
-0.366346 -0.0231286 0.327931 -0.956315 -0.00732451 -0.292245
-0.0611185 0.5038 -0.147441 0.137373 0.871175 -0.471363
0.0849343 0.0872425 0.475603 -0.258049 0.490918 0.832112
-0.0538833 0.268486 -0.136414 0.235733 0.5719 -0.785723
0.114731 0.352747 0.328205 -0.258049 0.490918 0.832112
-0.0332067 0.577327 0.149832 -0.258049 0.490918 0.832112
-0.0029294 -0.303503 0.0569837 0.137375 0.871176 -0.471361
-0.117222 0.183539 -0.278251 -0.0100555 0.999919 0.00784353
0.185432 -0.367432 0.273862 0.956315 0.00732449 0.292245
0.006726 -0.12786 -0.216669 0.956315 0.00732452 0.292245
-0.173644 0.0468056 0.419271 -0.258049 0.490918 0.832112
0.0936981 -0.00221485 -0.0197097 0.258049 -0.490918 -0.832112
0.372178 0.171304 -0.48638 0.258049 -0.490918 -0.832112
-0.047484 0.398035 0.103038 -0.137374 -0.871175 0.471362
0.120971 0.229319 -0.417161 0.874917 0.11638 0.47008
-0.345945 0.106685 0.330511 -0.258049 0.490918 0.832112
0.210711 0.297002 -0.00844275 -0.137373 -0.871174 0.471364
-0.102876 -0.393473 0.303554 -0.137374 -0.871175 0.471363
-0.165074 -0.22002 -0.205657 -0.162381 -0.817974 0.551862
-0.389049 -0.237753 0.507954 -0.137374 -0.871175 0.471363
-0.0853289 0.408733 0.111781 -0.137377 -0.871176 0.471359
-0.0927795 -0.485902 -0.16773 -0.258049 0.490918 0.832112
-0.0696995 0.330842 0.283933 -0.258049 0.490918 0.832112
-0.0958101 -0.192418 -0.239709 -0.247994 -0.509 0.824268
0.0693164 -0.126591 0.0461069 0.258049 -0.490918 -0.832112
0.136043 0.418765 0.295865 -0.258049 0.490918 0.832112
0.0311691 -0.483341 0.176524 -0.137381 -0.871174 0.471363
0.0258388 -0.151125 -0.278629 0.956315 0.00732452 0.292245
-0.0514851 -0.403933 0.299198 -0.137374 -0.871175 0.471363
0.358733 0.218061 -0.307906 0.956315 0.00732465 0.292245
-0.180133 0.0725491 0.194897 0.0100554 -0.999919 -0.0078435
-0.122389 -0.204679 0.443249 0.927104 -0.280623 -0.248454
0.280567 0.483495 -0.0853893 0.137373 0.871175 -0.471363
-0.326762 -0.322305 0.205899 -0.956315 -0.00732452 -0.292245
-0.141491 -0.088152 0.267348 0.956315 0.00732452 0.292245
0.186718 0.581767 0.215414 -0.258049 0.490918 0.832112
0.184726 -0.404992 0.277116 0.956315 0.00732449 0.292245
0.247446 -0.542187 0.0753148 0.956315 0.00732449 0.292245
-0.0342918 -0.366252 0.369568 -0.0140895 0.477545 0.878494
0.0384572 -0.447942 -0.224537 0.258049 -0.490918 -0.832112
-0.0931741 0.2601 0.100511 0.956315 0.0073245 0.292245
-0.0809755 -0.0861255 0.526434 -0.258049 0.490918 0.832112
0.0300847 0.310265 -0.478553 0.137374 0.871175 -0.471363
-0.173388 -0.224463 0.57939 -0.258049 0.490918 0.832112
0.0363845 0.348335 0.306511 -0.258049 0.490918 0.832112
-0.308448 0.205359 0.132744 -0.956315 -0.00732498 -0.292247
-0.291173 -0.353967 0.0902335 -0.956315 -0.00732452 -0.292245
-0.350665 -0.216167 0.427399 0.956317 0.0073203 0.292241
0.151564 -0.182802 0.380061 0.956315 0.00732448 0.292245
0.257277 -0.461174 0.0411137 0.956315 0.00732454 0.292245
0.0580073 0.228299 -0.179925 -0.137374 -0.871175 0.471363
0.293493 -0.165891 -0.311848 0.258049 -0.490918 -0.832112
0.21446 0.501501 0.157096 0.956315 0.00732449 0.292245
-0.295722 -0.0596999 0.0977466 -0.956315 -0.0073245 -0.292245
0.311361 -0.349938 -0.197725 0.258049 -0.490918 -0.832112
-0.0927046 -0.0486695 0.106713 0.956315 0.00732452 0.292245
-0.0666772 0.257895 -0.132082 -0.956315 -0.00732453 -0.292245
-0.0832014 0.318167 -0.0795203 -0.956315 -0.00732614 -0.292246
0.0645725 -0.0985212 0.455505 0.137372 0.871176 -0.471361
-0.0662311 -0.519511 -0.114058 -0.956316 -0.00732433 -0.292245
-0.00434249 0.267914 0.341327 -0.258049 0.490918 0.832112
-0.287294 0.488037 0.0564386 -0.956315 -0.00732452 -0.292245
-0.25399 -0.313368 -0.0324567 -0.956316 -0.00732778 -0.292245
0.334881 0.168268 -0.228607 0.956315 0.00732465 0.292245
-0.0488207 -0.583708 -0.0322855 -0.137374 -0.871175 0.471363
0.0447221 -0.519822 -0.056558 0.504418 0.348019 0.790218
0.255864 0.0917176 -0.383246 -0.569566 0.458807 0.681975
0.195328 0.470148 0.0278938 -0.988703 0.149408 -0.012011
0.132449 -0.50047 -0.0792515 -0.258071 0.49078 0.832186
0.19313 0.397346 0.226059 0.258049 -0.490918 -0.832112
-0.0454675 -0.263609 -0.0424738 0.956315 0.00732452 0.292245
-0.0103558 0.149104 -0.141251 0.258049 -0.490918 -0.832112
0.115141 -0.186315 0.499337 0.956315 0.00732448 0.292245
-0.139453 0.181582 0.35036 -0.258049 0.490918 0.832112
0.334018 -0.14275 -0.217987 0.956315 0.00732455 0.292245
0.284617 0.18077 -0.0644421 0.956315 0.00732459 0.292245
0.289554 0.201091 -0.162728 -0.137372 -0.871175 0.471363
-0.205233 -0.0260994 0.1078 -0.247994 -0.509 0.824268
0.132976 -0.0550997 -0.326843 -0.258049 0.490918 0.832112
-0.0983067 0.231321 0.118028 0.956315 0.0073245 0.292245
-0.275155 -0.493185 0.041308 -0.956315 -0.00732452 -0.292245
-0.195805 -0.198915 -0.225723 -0.956316 -0.00732207 -0.292243
-0.182563 0.299523 -0.135608 0.956315 0.00732327 0.292245
-0.235528 -0.337573 -0.0922628 -0.956315 -0.00732452 -0.292245
-0.127194 0.0119966 0.454212 -0.258049 0.490918 0.832112
0.319745 0.0986954 -0.343177 -0.137374 -0.871174 0.471364
-0.118341 -0.154208 -0.446455 0.258049 -0.490918 -0.832112
-0.352392 -0.23589 0.433544 0.956315 0.00732465 0.292245
0.127105 -0.455408 0.25611 -0.137385 -0.871174 0.471361
-0.101297 0.403136 0.123507 0.956315 0.0073245 0.292245
0.2148 -0.390276 0.00711573 -0.962452 0.00491777 -0.271407
-0.144462 0.637379 0.0799021 -0.258049 0.490918 0.832112
-0.367157 0.0840302 0.327902 -0.956315 -0.00732451 -0.292245
-0.0862008 0.128171 0.080999 0.956315 0.00732452 0.292245
-0.238666 -0.470164 0.122237 -0.137374 -0.871175 0.471363
0.247964 0.206703 0.00502233 -0.258049 0.490918 0.832112
0.00886761 -0.490735 0.15636 -0.137373 -0.871175 0.471363
-0.00307551 -0.1788 -0.183319 0.956315 0.00732452 0.292245
-0.336478 0.233139 0.223772 -0.956315 -0.00732451 -0.292245
-0.172334 0.186335 -0.166242 0.956316 0.00732319 0.292244
-0.172419 -0.365837 -0.298066 -0.956315 -0.0073245 -0.292245
-0.212935 0.418745 -0.185151 -0.956315 -0.007323 -0.292246
-0.153947 0.382554 -0.377271 -0.956315 -0.00732448 -0.292245
0.126416 0.286492 0.370917 -0.258049 0.490918 0.832112
0.0957822 0.454499 -0.192833 0.137374 0.871175 -0.471363
0.268641 0.511386 -0.0373161 0.137373 0.871175 -0.471363
0.0628339 0.280249 0.254736 0.258049 -0.490918 -0.832112
-0.165542 -0.0151813 0.34422 0.956315 0.0073245 0.292245
-0.136177 -0.0678484 0.190191 -0.288363 0.187898 0.938904
-0.111726 -0.00699647 0.167912 0.956315 0.00732452 0.292245
-0.0187498 0.404213 0.0274831 0.916807 0.0683097 0.393444
-0.349958 -0.319316 0.281729 -0.956315 -0.00732452 -0.292245
0.0192731 -0.00489169 -0.260809 0.956315 0.0073245 0.292245
-0.243744 0.0534352 -0.0751797 -0.956315 -0.00732452 -0.292245
0.124246 0.237607 -0.0515769 -0.258049 0.490918 0.832112
0.128616 -0.228574 0.456301 0.956315 0.00732448 0.292245
0.16002 0.39649 -0.00475034 -0.718845 0.415078 0.557648
-0.00494764 0.459245 0.115455 0.783128 -0.386904 -0.486843
-0.329727 -0.07534 0.367819 0.258049 -0.490918 -0.832112
0.317579 -0.400248 -0.157741 0.956315 0.00732438 0.292245
0.000219068 -0.100052 -0.441638 0.258049 -0.490918 -0.832112
0.189656 -0.396253 -0.107996 -0.258049 0.490918 0.832112
-0.285035 -0.161477 0.211269 0.956315 0.00732469 0.292246
-0.0381755 0.345738 0.00909616 -0.137373 -0.871175 0.471363
0.125991 0.571771 0.202479 -0.258049 0.490918 0.832112
0.206611 -0.244612 0.20148 0.956315 0.00732446 0.292245
0.252917 -0.0708495 -0.380502 0.258049 -0.490918 -0.832112
0.0670155 0.16526 -0.293808 -0.137378 -0.871175 0.471361
-0.342974 -0.13838 0.25434 -0.956315 -0.00732451 -0.292245
-0.362033 -0.153182 0.478835 -0.258049 0.490918 0.832112
0.00789823 -0.375692 -0.176492 -0.258049 0.490918 0.832112
0.142454 0.203802 0.400183 0.956315 0.00732454 0.292245
-0.0731037 -0.117877 0.0969464 -0.258049 0.490918 0.832112
0.176923 -0.39393 -0.213462 0.258049 -0.490918 -0.832112
-0.267974 -0.514934 0.0309518 -0.137373 -0.871175 0.471363
-0.064244 0.18302 -0.144154 -0.0100554 0.999919 0.00784366
-0.286565 0.0318657 0.317957 0.258049 -0.490918 -0.832112
0.31276 0.169133 -0.503526 0.258049 -0.490918 -0.832112
-0.17121 -0.199576 -0.306191 -0.956315 -0.00732479 -0.292245
0.324826 0.306626 -0.370427 -0.962452 0.00491789 -0.271407
0.258326 -0.189137 -0.309039 0.258049 -0.490918 -0.832112
0.249296 0.132697 -0.501711 0.258049 -0.490918 -0.832112
0.324608 0.283027 -0.418514 -0.95722 0.239113 0.162959
-0.0438033 -0.216745 -0.195036 -0.956315 -0.00732448 -0.292245
-0.0245797 -0.0831706 -0.008628 0.258049 -0.490918 -0.832112
0.000318002 0.475851 0.220096 -0.258049 0.490918 0.832112
-0.055019 -0.559246 0.0111176 -0.137374 -0.871175 0.471363
0.256981 0.220645 -0.465122 -0.351983 0.48775 0.798879
0.203671 0.0978662 -0.407386 -0.0634435 0.482636 0.87352
0.0185325 -0.0980815 -0.25605 0.956315 0.00732452 0.292245
-0.0514266 -0.19852 0.236879 0.137374 0.871175 -0.471363
-0.0487248 -0.6239 -0.147764 0.258049 -0.490918 -0.832112
0.226777 0.0313513 -0.348757 -0.258049 0.490918 0.832112
-0.00163833 -0.288677 0.330253 -0.210061 0.490673 0.845644
-0.0392943 -0.178842 -0.210741 -0.956315 -0.00732448 -0.292245
0.00165954 0.379765 0.00302991 0.699168 0.251803 0.669148
0.014625 -0.152579 -0.241898 0.956315 0.00732452 0.292245
-0.255138 0.364443 0.206603 -0.258049 0.490918 0.832112
0.00362834 0.198165 0.284802 0.258049 -0.490918 -0.832112
-0.127017 -0.556948 -0.211543 0.258049 -0.490918 -0.832112
-0.133289 0.207488 -0.294541 0.956314 0.0073236 0.292249
0.193226 -0.295605 0.246558 0.956315 0.00732449 0.292245
-0.351849 -0.0710616 0.281694 -0.956316 -0.00732225 -0.292244
0.0571675 0.205264 -0.153444 0.258049 -0.490918 -0.832112
0.168766 -0.299831 0.326704 0.956315 0.00732449 0.292245
-0.250333 -0.487594 -0.0400567 -0.956315 -0.00732452 -0.292245
-0.0545166 -0.453269 -0.250227 0.258049 -0.490918 -0.832112
0.092275 0.0102873 -0.0275268 0.258049 -0.490918 -0.832112
-0.185334 -0.317241 0.270613 -0.956316 -0.00732352 -0.292242
0.0504788 -0.0951689 0.572535 -0.258049 0.490918 0.832112
-0.391697 -0.241275 0.500672 -0.137374 -0.871175 0.471363
0.158421 -0.402219 0.0879009 -0.504414 -0.348021 -0.79022
0.00525673 -0.468106 -0.0284392 0.916807 0.0683097 0.393444
0.200571 0.571827 0.200782 0.956315 0.00732449 0.292245
-0.268418 -0.265947 0.0135667 -0.956315 -0.00732518 -0.292245
0.211675 0.0578962 -0.469248 0.258049 -0.490918 -0.832112
-0.140751 -0.297046 0.462806 0.988703 -0.149408 0.012011
-0.0259996 0.251311 -0.106255 -0.258049 0.490918 0.832112
-0.298533 0.246017 0.263013 -0.258049 0.490918 0.832112
-0.22366 0.169796 -0.143815 -0.956315 -0.00732564 -0.292246
-0.0849076 -0.270653 0.340329 0.586786 0.31181 0.7473
-0.000112392 0.419107 -0.00868309 0.795932 0.186171 0.576049
0.203343 0.489665 0.193772 0.956315 0.00732449 0.292245
0.0555156 0.0750762 -0.38141 0.956315 0.0073245 0.292245
0.270282 -0.451224 -0.150709 0.258049 -0.490918 -0.832112
-0.157094 -0.077526 0.172198 -0.956315 -0.00732485 -0.292245
0.298709 -0.121172 -0.336613 0.258049 -0.490918 -0.832112
-0.183227 -0.288729 0.473725 -0.137374 -0.871175 0.471363
0.07847 -0.0954333 0.465262 0.137372 0.871176 -0.471361
-0.36156 -0.11628 0.314607 -0.956316 -0.00732128 -0.292243
-0.272007 0.47058 0.00685306 -0.956315 -0.00732452 -0.292245
0.174172 -0.19847 -0.329631 0.258049 -0.490918 -0.832112
-0.29002 -0.123722 0.197402 -0.0888099 0.959718 0.26656
-0.240145 0.514076 -0.0984996 -0.956315 -0.00732359 -0.292246
-0.006793 -0.445618 -0.239941 0.258049 -0.490918 -0.832112
-0.137381 -0.0116057 -0.421602 -0.956316 -0.00732403 -0.292245
-0.299428 -0.177747 0.437632 0.258049 -0.490918 -0.832112
-0.23933 -0.547744 -0.0745562 -0.956315 -0.00732452 -0.292245
-0.264485 0.480505 0.135232 -0.258049 0.490918 0.832112
-0.121549 0.254857 -0.480086 -0.956315 -0.00732147 -0.292245
-0.194159 -0.239451 -0.0435354 0.258049 -0.490918 -0.832112
-0.108978 0.365538 -0.416926 0.137373 0.871175 -0.471363
-0.376244 -0.100235 0.362253 -0.956315 -0.00732451 -0.292245
-0.0234661 0.209733 -0.0809393 -0.258049 0.490918 0.832112
-0.201373 0.411607 -0.222807 -0.956316 -0.00732696 -0.292243
0.190166 0.638379 0.174523 0.137374 0.871175 -0.471363
0.128025 0.215857 0.413087 -0.258049 0.490918 0.832112
0.392404 0.112807 -0.415449 0.956315 0.00732438 0.292245
0.277588 0.379978 -0.0464324 0.956315 0.00732456 0.292245
-0.111325 0.122074 0.163364 0.956315 0.0073245 0.292245
0.184455 0.0486892 -0.0215966 0.258049 -0.490918 -0.832112
-0.171662 0.0904581 -0.311981 -0.956315 -0.0073245 -0.292245
-0.3313 -0.40067 0.222712 -0.956315 -0.00732452 -0.292245
0.0668049 0.492106 0.145215 0.161549 -0.489208 -0.857075
-0.27529 -0.478135 0.096832 -0.137373 -0.871175 0.471363
-0.103187 -0.0422552 0.140853 0.956315 0.00732452 0.292245
0.11757 -0.144309 0.490334 0.956315 0.00732448 0.292245
-0.154458 -0.163566 -0.36191 -0.956315 -0.0073245 -0.292245
0.0964703 0.132954 -0.0985951 0.258049 -0.490918 -0.832112
-0.0585287 -0.489575 -0.154941 -0.258049 0.490918 0.832112
-0.371287 -0.26747 0.350223 -0.956315 -0.00732452 -0.292245
0.0286974 0.0212999 -0.292305 0.956315 0.0073245 0.292245
0.257015 0.104283 0.0277987 0.956315 0.00732459 0.292245
-0.208552 0.568658 0.10057 -0.258049 0.490918 0.832112
0.322709 0.293244 -0.363162 -0.962452 0.00491789 -0.271407
0.0343428 0.0112569 0.404596 0.258049 -0.490918 -0.832112
0.0979943 -0.0037353 -0.0174804 0.258049 -0.490918 -0.832112
0.0564622 -0.470463 -0.205667 0.258049 -0.490918 -0.832112
0.0697354 0.145101 -0.0139058 -0.258049 0.490918 0.832112
-0.0736027 0.172217 0.376306 -0.258049 0.490918 0.832112
-0.0120035 0.28245 -0.542227 0.137374 0.871175 -0.471363
-0.0264346 0.281917 -0.16468 -0.956316 -0.00732424 -0.292245
-0.154849 -0.122418 -0.361662 -0.956315 -0.00732609 -0.292247
0.0238768 0.0315119 -0.276786 0.956315 0.0073245 0.292245
0.000794052 0.298698 -0.256856 -0.290399 0.138704 0.9468
0.215761 0.446633 0.154212 0.956315 0.00732449 0.292245
-0.209837 0.404127 -0.194923 -0.956316 -0.00732483 -0.292245
-0.0903735 -0.205589 0.499213 0.609251 -0.449525 -0.653254
0.241522 -0.0194181 0.0815969 0.956315 0.00732459 0.292245
-0.0133746 -0.0243974 -0.490488 0.258049 -0.490918 -0.832112
0.0548124 0.324253 -0.00351269 -0.137374 -0.871175 0.471363
-0.217947 0.345931 -0.166925 -0.956315 -0.00732452 -0.292245
-0.038128 -0.271893 -0.0662833 0.956315 0.00732452 0.292245
-0.0959409 0.0737126 0.327347 0.258049 -0.490918 -0.832112
-0.375456 -0.237239 0.512865 -0.137374 -0.871175 0.471363
0.0201609 0.079211 -0.265822 0.956315 0.0073245 0.292245
0.134143 0.118323 -0.528941 0.258049 -0.490918 -0.832112
0.142672 -0.231448 0.230865 -0.258049 0.490918 0.832112
0.0729394 -0.220246 -0.348177 0.258049 -0.490918 -0.832112
-0.256508 -0.0207393 0.11439 0.956315 0.00732439 0.292245
0.305641 0.106124 -0.333558 -0.137374 -0.871174 0.471364
-0.192627 0.426432 -0.251798 -0.956315 -0.00732448 -0.292245
0.232053 -0.0933992 0.114435 0.956315 0.00732446 0.292245
-0.18043 0.348519 -0.143815 0.956315 0.0073246 0.292245
-0.114451 -0.173741 0.181008 0.956315 0.00732452 0.292245
0.140879 -0.14563 0.414095 0.956315 0.00732448 0.292245
-0.148132 -0.00928344 0.141161 -0.956315 -0.00732448 -0.292245
-0.230388 -0.158622 0.146728 -0.258049 0.490918 0.832112
-0.293013 -0.231162 0.0931787 -0.956315 -0.00732451 -0.292245
0.196969 -0.538083 0.0538272 -0.990463 0.125909 -0.0559535
0.0144865 0.295156 0.230947 0.258049 -0.490918 -0.832112
0.170356 -0.547968 -0.124621 0.258049 -0.490918 -0.832112
-0.285823 -0.161078 0.213837 0.956315 0.00732498 0.292247
-0.178477 -0.350633 -0.173355 -0.0318587 0.996343 0.0792808
-0.34319 0.11816 0.248616 -0.956315 -0.00732451 -0.292245
-0.120257 -0.186206 0.429826 0.943333 -0.260193 -0.205965
0.219168 -0.297434 0.132929 0.137374 0.871175 -0.471363
0.0477515 -0.149113 0.152854 -0.258049 0.490918 0.832112
-0.0512478 -0.264384 -0.0235395 0.956315 0.00732452 0.292245
0.0491802 -0.217676 0.0935996 0.258049 -0.490918 -0.832112
-0.00723943 -0.155538 -0.170276 0.956315 0.00732452 0.292245
-0.198857 0.461495 -0.232289 -0.956315 -0.00732448 -0.292245
-0.156252 -0.325819 -0.351973 -0.956315 -0.0073245 -0.292245
-0.0324927 -0.168456 0.503353 0.112634 -0.486527 -0.866375
0.205039 0.495129 -0.0858988 0.137383 0.871176 -0.471359
0.198198 -0.441774 0.0569314 -0.896978 -0.0924598 -0.432299
0.0151497 -0.444731 -0.23366 0.258049 -0.490918 -0.832112
0.157125 0.484541 0.118545 -0.663325 -0.272499 -0.696953
0.193732 -0.217869 0.238688 -0.258049 0.490918 0.832112
-0.169384 -0.0370058 0.35734 0.956315 0.0073245 0.292245
-0.00284213 -0.55555 0.00759433 0.874917 0.116381 0.47008
0.107429 0.323668 0.242949 0.258049 -0.490918 -0.832112
-0.0932077 -0.155318 -0.438006 0.258049 -0.490918 -0.832112
0.0505408 0.314035 -0.0236435 -0.137372 -0.871175 0.471362
0.249898 -0.356469 0.0626353 0.956315 0.00732454 0.292245
-0.134563 -0.00291541 -0.43104 -0.956316 -0.00732403 -0.292245
-0.0892126 0.208028 -0.584727 -0.956315 -0.00732452 -0.292245
-0.0340002 -0.298424 -0.225068 -0.956316 -0.00732188 -0.292244
-0.0778335 -0.198752 -0.0841299 -0.956315 -0.00732387 -0.292246
0.219545 0.391862 0.143203 0.956315 0.00732449 0.292245
-0.372343 -0.0205775 0.347491 -0.956315 -0.00732451 -0.292245
-0.258388 0.614238 0.0582243 -0.258049 0.490918 0.832112
0.0525962 -0.279399 -0.219441 -0.258049 0.490918 0.832112
0.0131507 0.461745 -0.0397025 0.733273 0.23048 0.639679
-0.30828 -0.233706 0.538973 -0.137374 -0.871175 0.471363
0.327511 -0.115402 -0.230938 -0.258049 0.490918 0.832112
-0.0589625 -0.388455 -0.289843 0.258049 -0.490918 -0.832112
0.174738 0.377836 0.290179 0.956315 0.00732449 0.292245
0.185368 0.412248 0.21486 0.258049 -0.490918 -0.832112
0.258472 0.405409 0.0154835 0.956315 0.00732456 0.292245
0.0533235 0.595445 0.0785057 0.442422 -0.479734 -0.757706
0.246712 0.483104 0.0520183 0.956315 0.00732456 0.292245
-0.124223 -0.229516 0.385526 0.962451 -0.00491663 0.271409
0.038374 -0.0123817 -0.323125 0.956315 0.00732452 0.292245
-0.167261 0.157529 -0.328062 -0.956315 -0.00732452 -0.292245
-0.263034 -0.502665 0.00188273 -0.956315 -0.00732452 -0.292245
0.218676 0.573682 0.141492 0.956315 0.00732422 0.292245
0.146026 0.378897 -0.00770748 -0.609251 0.449525 0.653254
-0.279549 0.539599 0.0956964 -0.258049 0.490918 0.832112
0.227437 0.0102437 -0.336099 -0.258049 0.490918 0.832112
0.347108 -0.179361 -0.259904 0.956315 0.00732438 0.292245
-0.00924149 0.00574982 -0.167767 0.956315 0.0073245 0.292245
-0.0154024 0.146957 -0.14155 0.258049 -0.490918 -0.832112
-0.325445 0.178203 0.294675 -0.258049 0.490918 0.832112
0.297063 -0.512858 -0.106042 0.258049 -0.490918 -0.832112
0.0170791 -0.602137 -0.140197 0.258049 -0.490918 -0.832112
-0.34122 -0.047585 0.276503 0.291713 -0.0891633 -0.952341
0.0856704 0.619638 0.161735 -0.258049 0.490918 0.832112
0.0460973 0.120001 -0.557235 0.258049 -0.490918 -0.832112
-0.0382638 -0.347124 -0.0639532 0.956315 0.00732452 0.292245
0.33782 0.219116 -0.525243 0.258049 -0.490918 -0.832112
-0.235278 -0.471195 -0.089733 -0.956315 -0.00732452 -0.292245
-0.265578 0.548885 0.0945509 -0.258049 0.490918 0.832112
-0.207414 -0.172084 0.537936 -0.258049 0.490918 0.832112
0.0635213 -0.143574 0.154476 -0.258049 0.490918 0.832112
0.35932 0.31469 -0.312248 0.956315 0.00732456 0.292245
-0.307514 0.0170226 0.280352 0.956317 0.00732493 0.292241
-0.0430617 -0.192372 -0.400595 0.258049 -0.490918 -0.832112
0.198963 -0.144762 -0.253482 -0.258049 0.490918 0.832112
0.282916 0.218724 -0.271017 -0.733274 -0.23048 -0.639679
0.217679 0.190505 -0.457553 -0.0634415 0.482636 0.87352
0.192102 -0.152237 -0.351346 0.258049 -0.490918 -0.832112
-0.0236866 0.415163 -0.276702 -0.956315 -0.00732447 -0.292245
-0.03623 -0.324115 0.00918371 0.137374 0.871175 -0.471363
0.0897005 -0.546343 -0.0588204 0.0352914 0.471268 0.881284
-0.0331171 0.563499 -0.0289446 0.137373 0.871175 -0.471363
-0.000237705 -0.328377 -0.188856 0.956315 0.00732452 0.292245
-0.128196 -0.0525467 -0.45063 -0.956315 -0.0073245 -0.292245
0.295972 0.354012 -0.320209 0.137373 0.871175 -0.471363
-0.278483 0.101882 0.0372833 -0.956316 -0.00732371 -0.292244
-0.0960708 0.398835 0.106513 0.956315 0.0073245 0.292245
-0.123465 -0.364101 -0.324215 0.258049 -0.490918 -0.832112
-0.0406472 0.242732 0.344925 -0.258049 0.490918 0.832112
-0.214754 0.553795 0.107415 -0.258049 0.490918 0.832112
-0.108563 -0.39277 -0.22757 -0.258049 0.490918 0.832112
0.174748 -0.192625 0.117761 0.258049 -0.490918 -0.832112
-0.242692 -0.320758 0.238567 -0.258049 0.490918 0.832112
0.226685 -0.41233 -0.0772317 0.137373 0.871176 -0.47136
-0.210899 0.457652 0.165332 -0.258049 0.490918 0.832112
0.0288099 0.303297 -0.0498216 -0.137374 -0.871174 0.471363
0.224973 -0.0504579 -0.301052 -0.258049 0.490918 0.832112
0.220434 -0.559582 0.0907751 -0.137373 -0.871175 0.471363
0.152966 0.206013 -0.0240307 -0.258049 0.490918 0.832112
0.235329 -0.320703 0.0946336 0.137374 0.871175 -0.471363
-0.0828452 -0.519419 0.0766176 -0.137374 -0.871175 0.471363
-0.240083 -0.126101 -0.082657 -0.956315 -0.0073245 -0.292245
0.0410566 0.50581 -0.0823696 0.54628 0.330325 0.769716
0.323475 -0.0451915 -0.373759 0.258049 -0.490918 -0.832112
0.252782 -0.0152639 0.0446459 0.956315 0.00732459 0.292245
-0.118934 -0.142406 0.547866 -0.258049 0.490918 0.832112
0.0550646 0.22471 -0.165569 0.258049 -0.490918 -0.832112
-0.0565577 -0.172576 -0.215646 -0.247994 -0.509 0.824268
-0.300138 -0.311102 0.118497 -0.956315 -0.00732452 -0.292245
-0.05116 -0.259289 0.566625 -0.137377 -0.871172 0.471367
-0.0853059 0.242376 0.331285 -0.258049 0.490918 0.832112
0.160958 -0.499248 -0.0648574 -0.528464 0.466949 0.709002
0.227245 0.201335 -0.226435 -0.278467 -0.422715 -0.86242
-0.324514 0.0328582 0.380713 -0.258049 0.490918 0.832112
0.0162955 0.0162205 -0.251595 0.956315 0.0073245 0.292245
-0.183113 0.143355 -0.275836 -0.956315 -0.00732452 -0.292245
-0.0618413 -0.164843 -0.42266 0.258049 -0.490918 -0.832112
0.34988 -0.0747012 -0.271597 0.956315 0.00732438 0.292245
-0.0977287 0.30237 -0.530394 0.137374 0.871175 -0.471363
0.0306007 -0.327353 0.0226766 0.137374 0.871175 -0.471362
-0.128795 -0.368536 0.342087 -0.137372 -0.871176 0.471362
0.102897 0.237675 -0.591494 0.137374 0.871175 -0.471363
0.364853 -0.0253722 -0.37262 0.258049 -0.490918 -0.832112
-0.0323041 0.0298473 -0.0777003 0.258049 -0.490918 -0.832112
0.0621141 -0.100558 -0.422146 0.258049 -0.490918 -0.832112
0.0932015 -0.069096 -0.431067 0.258049 -0.490918 -0.832112
-0.154848 0.309658 -0.372494 -0.956315 -0.00732515 -0.292245
-0.0359675 -0.214144 0.528464 0.0634367 -0.482636 -0.873521
-0.349902 0.204545 0.27155 -0.258049 0.490918 0.832112
-0.237892 -0.221202 -0.0874448 -0.956315 -0.00732381 -0.292245
-0.053695 -0.347645 -0.108867 0.0694518 0.965372 -0.251462
0.060416 -0.23148 0.208558 0.137374 0.871175 -0.471363
-0.0546502 -0.381372 -0.155416 -0.956316 -0.00732403 -0.292244
-0.11345 0.293183 0.192436 0.258049 -0.490918 -0.832112
0.213551 0.00934018 0.110788 -0.258049 0.490918 0.832112
0.0949227 -0.0832187 0.562914 0.956315 0.00732454 0.292245
-0.363173 -0.21599 0.322383 -0.956315 -0.00732451 -0.292245
-0.133407 0.139247 0.377212 -0.258049 0.490918 0.832112
0.0870668 -0.48556 0.188715 -0.137373 -0.871175 0.471363
-0.0665425 0.347622 -0.134771 -0.956316 -0.00732379 -0.292245
0.190565 -0.146818 -0.254873 -0.258049 0.490918 0.832112
0.212763 -0.438337 -0.00241426 -0.988703 0.149408 -0.012011
-0.211395 -0.110192 0.500187 -0.258049 0.490918 0.832112
0.0437894 0.58065 0.17175 -0.258049 0.490918 0.832112
0.122616 -0.134793 0.473585 0.956315 0.00732448 0.292245
0.378869 0.224864 -0.373966 0.956315 0.00732465 0.292245
-0.378366 -0.267788 0.373397 -0.956315 -0.00732452 -0.292245
-0.0056649 -0.469699 0.0495613 0.957218 -0.239117 -0.162965
-0.180773 -0.41992 -0.123432 0.956315 0.00732453 0.292245
-0.0104446 0.130869 -0.030374 -0.258049 0.490918 0.832112
0.114591 0.194704 -0.580067 0.258049 -0.490918 -0.832112
-0.170417 -0.199845 0.218858 -0.956315 -0.00732443 -0.292245
-0.253252 -0.522578 -0.0296291 -0.956315 -0.00732452 -0.292245
0.101423 0.229506 0.396785 -0.258049 0.490918 0.832112
-0.255888 0.0813468 -0.0361398 -0.956315 -0.00732452 -0.292245
0.0854193 0.031575 0.508596 -0.258049 0.490918 0.832112
0.0461442 0.496316 -0.0815924 0.504416 0.348021 0.790219
-0.194189 -0.254031 -0.0836896 0.956315 0.00732446 0.292245
-0.307386 0.367405 0.125209 -0.956317 -0.00732309 -0.292241
-0.147848 -0.0685494 -0.385923 -0.956315 -0.00732567 -0.292246
-0.229947 -0.238082 0.414618 -0.956315 -0.00732449 -0.292245
0.110227 -0.62915 -0.0953734 0.258049 -0.490918 -0.832112
-0.367022 0.0522138 0.328255 -0.956315 -0.00732451 -0.292245
0.10943 -0.098088 -0.308783 -0.258049 0.490918 0.832112
0.0111884 0.161582 -0.238526 0.956315 0.0073245 0.292245
-0.156889 0.000716891 0.169566 -0.956315 -0.00732448 -0.292245
0.19751 0.343206 0.0731044 -0.137376 -0.871175 0.471362
-0.132174 0.360479 -0.302022 0.956315 0.00732317 0.292245
0.208687 0.292479 -0.0173935 -0.137374 -0.871175 0.471363
-0.1806 0.522805 -0.147138 0.137374 0.871175 -0.471363
0.176218 -0.37105 -0.22718 0.258049 -0.490918 -0.832112
-0.0789851 -0.489577 -0.0730729 -0.956315 -0.0073245 -0.292245
0.0849004 0.544476 0.20584 -0.258049 0.490918 0.832112
-0.213512 0.161754 -0.176822 -0.956315 -0.00732452 -0.292245
0.200285 0.612016 0.200711 0.956315 0.00732454 0.292245
-0.363967 0.0214199 0.319031 -0.956315 -0.00732451 -0.292245
0.247183 0.257535 -0.260952 -0.371729 -0.395749 -0.839762
0.106394 -0.367521 0.412508 -0.137368 -0.871175 0.471364
0.378832 -0.0135233 -0.367872 0.956315 0.00732438 0.292245
-0.148566 0.0766391 0.409447 -0.258049 0.490918 0.832112
-0.348638 -0.0508627 0.274473 0.292302 -0.0394207 -0.955513
-0.159966 0.13707 0.37026 -0.258049 0.490918 0.832112
0.237151 0.181712 -0.534395 0.258049 -0.490918 -0.832112
0.0985318 -0.138832 0.552497 0.956315 0.00732454 0.292245
-0.158798 0.454937 -0.217268 0.956315 0.00732468 0.292245
-0.04357 -0.0231785 -0.0547089 0.956315 0.0073245 0.292245
0.298508 0.0601122 -0.443627 0.258049 -0.490918 -0.832112
-0.150734 -0.44169 0.089246 0.258049 -0.490918 -0.832112
-0.228779 -0.440851 0.179296 -0.137374 -0.871175 0.471363
-0.0806043 -0.390509 -0.0702572 -0.956315 -0.0073245 -0.292245
-0.113322 0.137019 -0.504054 -0.956315 -0.0073245 -0.292245
-0.0343744 -0.338362 -0.162936 -0.166959 0.834294 0.525432
0.12883 0.0652191 0.44824 0.956315 0.00732454 0.292245
0.244295 -0.0622469 0.0624094 0.258049 -0.490918 -0.832112
-0.102521 -0.134321 0.140984 0.956315 0.00732452 0.292245
0.0943308 0.159199 -0.336395 0.98098 -0.0537744 0.18651
0.386285 0.123523 -0.395696 0.956315 0.00732438 0.292245
0.351952 -0.0840919 -0.278145 0.956315 0.00732438 0.292245
0.377433 0.0318093 -0.36443 0.956315 0.00732438 0.292245
-0.35354 -0.204676 0.511849 -0.258049 0.490918 0.832112
0.0426727 0.246791 0.268222 0.258049 -0.490918 -0.832112
0.217601 -0.398781 -0.197986 0.258049 -0.490918 -0.832112
-0.314969 -0.243872 0.311287 0.956315 0.00732452 0.292245
0.0684064 -0.600351 -0.0288806 -0.13737 -0.87118 0.471354
-0.244795 -0.00681058 0.353728 0.258049 -0.490918 -0.832112
0.0970132 -0.45314 0.132097 -0.0352913 -0.471268 -0.881284
0.138902 -0.328114 0.0613901 -0.230739 -0.434638 -0.870546
0.204664 0.551132 0.187909 0.956315 0.00732449 0.292245
-0.149799 -0.488157 -0.184082 -0.258049 0.490918 0.832112
0.0967935 -0.035379 0.551623 -0.258049 0.490918 0.832112
0.271357 0.0935876 -0.368971 -0.718846 0.415078 0.557648
-0.218437 0.442223 -0.167736 -0.956316 -0.00732732 -0.292243
0.183616 0.0587604 -0.0277983 0.258049 -0.490918 -0.832112
-0.211577 -0.00332884 -0.179015 -0.956315 -0.0073245 -0.292245
-0.203528 -0.301405 -0.0519413 0.956315 0.00732446 0.292245
-0.0395592 -0.0807449 -0.0147045 0.258049 -0.490918 -0.832112
0.0896644 -0.0316978 0.0965802 -0.258049 0.490918 0.832112
-0.114282 -0.0451948 -0.496347 -0.956315 -0.0073245 -0.292245
0.174422 -0.281239 0.307731 0.956315 0.00732449 0.292245
0.127355 0.149521 -0.0987914 0.258049 -0.490918 -0.832112
0.0294814 -0.352037 0.031016 0.783128 -0.386904 -0.486843
0.107395 0.00263028 -0.0183205 0.258049 -0.490918 -0.832112
-0.0474743 -0.389582 0.326891 -0.137374 -0.871175 0.471363
-0.157142 0.361056 0.238991 -0.258049 0.490918 0.832112
0.00284483 -0.365271 -0.0554923 0.137374 0.871175 -0.471363
-0.108377 0.323903 -0.493701 0.137374 0.871175 -0.471363
-0.0480218 -0.0539891 -0.483774 0.258049 -0.490918 -0.832112
0.173478 0.264556 -0.521242 0.137373 0.871175 -0.471363
-0.185549 0.201293 -0.269317 -0.956315 -0.00732452 -0.292245
0.154803 0.165097 0.000678068 -0.258049 0.490918 0.832112
-0.377706 0.00560863 0.364387 -0.956315 -0.00732451 -0.292245
0.382149 0.0417232 -0.40684 0.258049 -0.490918 -0.832112
-0.243129 0.118899 -0.0788305 -0.956316 -0.00732336 -0.292244
-0.232175 -0.352442 0.260521 -0.258049 0.490918 0.832112
0.203052 -0.500084 0.0288196 -0.988703 0.149408 -0.012011
0.180615 -0.372115 0.0581182 -0.663327 -0.272498 -0.696952
-0.043915 0.391562 0.256107 -0.258049 0.490918 0.832112
-0.311371 0.432725 0.136612 -0.956315 -0.00732451 -0.292245
0.0483221 0.262611 -0.089873 -0.258049 0.490918 0.832112
0.0416637 0.493625 -0.0775471 0.504414 0.348021 0.79022
-0.17406 0.0144486 0.279207 0.1161 -0.926984 -0.356682
-0.315594 0.223386 0.155677 -0.956314 -0.0073256 -0.292249
-0.180718 0.517971 -0.156106 0.137374 0.871175 -0.471363
0.0411365 0.501205 -0.0804497 0.54628 0.330325 0.769716
-0.204591 -0.0885773 0.489545 -0.258049 0.490918 0.832112
0.205262 0.0860949 -0.399831 0.137374 0.871176 -0.47136
0.0876902 0.127248 -0.358036 -0.137374 -0.871175 0.471363
-0.00792263 -0.40246 -0.127365 0.137374 0.871175 -0.471363
-0.103576 -0.481201 0.0071852 -0.956315 -0.0073245 -0.292245
-0.034492 -0.210628 -0.232505 -0.247994 -0.509 0.824268
-0.129956 0.546477 -0.0886269 0.137374 0.871175 -0.471363
-0.196002 0.634533 0.0655978 -0.258049 0.490918 0.832112
-0.109062 -0.239783 -0.393091 0.258049 -0.490918 -0.832112
-0.221501 -0.152941 -0.14279 -0.956315 -0.0073245 -0.292245
-0.196365 -0.508381 -0.0701945 0.956315 0.00732453 0.292245
0.113588 0.603544 0.179888 -0.258049 0.490918 0.832112
0.0584967 0.0968164 -0.39171 0.956315 0.0073245 0.292245
-0.16786 -0.216988 -0.201687 -0.150068 -0.845617 0.512262
0.36554 -0.10627 -0.32205 0.956315 0.00732438 0.292245
-0.21024 0.570228 0.09912 -0.258049 0.490918 0.832112
0.00268218 -0.0886425 0.455725 -0.137374 -0.871174 0.471364
-0.0564899 0.00861784 0.478132 -0.258049 0.490918 0.832112
-0.310077 -0.210616 0.294444 0.956315 0.00732452 0.292245
-0.171721 -0.201313 0.223162 -0.956315 -0.00732443 -0.292245
-0.0467586 -0.395112 -0.207021 -0.258049 0.490918 0.832112
0.0290222 -0.504207 -0.194269 0.258049 -0.490918 -0.832112
0.277001 -0.17796 -0.309842 0.258049 -0.490918 -0.832112
-0.126765 -0.162235 -0.230383 -0.247994 -0.509 0.824268
-0.133215 0.203507 -0.135844 0.247994 0.509 -0.824268
-0.0457958 0.238047 -0.305157 -0.258049 0.490918 0.832112
-0.384615 -0.174843 0.484611 -0.258049 0.490918 0.832112
0.410473 0.205308 -0.476896 0.956315 0.00732438 0.292245
0.0840822 -0.19417 0.601168 0.956315 0.00732448 0.292245
0.10287 0.0976226 -0.408366 -0.137375 -0.871174 0.471364
-0.137483 0.121268 0.386555 -0.258049 0.490918 0.832112
-0.0925355 -0.468372 -0.0292633 -0.956315 -0.0073245 -0.292245
-0.243598 -0.0772852 -0.0723813 -0.956315 -0.0073245 -0.292245
0.167673 -0.336387 0.331199 0.956315 0.00732449 0.292245
0.31179 0.315582 -0.342111 -0.850685 -0.140009 -0.506688
-0.0438783 0.085092 -0.0137353 -0.258049 0.490918 0.832112
0.287477 0.13955 -0.380999 -0.783129 0.386904 0.486842
-0.140319 0.0241231 -0.412883 -0.956315 -0.0073245 -0.292245
0.265751 -0.509334 -0.117831 0.258049 -0.490918 -0.832112
-0.289109 0.570807 0.0603032 -0.956315 -0.00732451 -0.292245
-0.121248 0.542682 0.142969 -0.258049 0.490918 0.832112
-0.0892059 -0.372049 -0.0425727 -0.956316 -0.00732398 -0.292245
-0.0700685 0.205015 -0.119659 -0.956315 -0.00732453 -0.292245
-0.150664 0.179578 -0.382925 -0.956315 -0.00732452 -0.292245
0.1785 0.380357 0.0510139 -0.943333 0.260193 0.205966
0.351241 0.21969 -0.28343 0.956315 0.00732465 0.292245
-0.275685 -0.339098 0.0391813 -0.956315 -0.00732452 -0.292245
0.352298 0.301749 -0.288944 0.956315 0.00732456 0.292245
0.0902129 -0.56396 -0.14004 0.258049 -0.490918 -0.832112
-0.148395 -0.553322 -0.220312 0.258049 -0.490918 -0.832112
0.297059 0.310455 -0.108406 0.956315 0.00732456 0.292245
0.143973 -0.2255 -0.323048 0.258049 -0.490918 -0.832112
0.284686 0.312465 -0.0679658 0.956315 0.00732456 0.292245
-0.0926821 -0.630079 -0.130771 -0.137374 -0.871175 0.471363
0.211696 0.121728 -0.0562389 0.258049 -0.490918 -0.832112
0.227138 0.106571 -0.0425085 0.258049 -0.490918 -0.832112
-0.0275039 -0.196747 -0.393189 0.258049 -0.490918 -0.832112
-0.181036 0.26722 -0.139792 0.956315 0.00732448 0.292245
-0.217237 -0.417444 0.0543176 0.258049 -0.490918 -0.832112
0.217556 -0.0699218 -0.392016 0.258049 -0.490918 -0.832112
-0.0418034 0.0851549 -0.563936 0.258049 -0.490918 -0.832112
0.299428 -0.0845124 -0.257871 -0.258049 0.490918 0.832112
-0.0452923 -0.33453 -0.187212 -0.956315 -0.00732447 -0.292245
0.350195 0.197718 -0.508781 0.258049 -0.490918 -0.832112
-0.137956 -0.153465 -0.123886 0.0100555 -0.999919 -0.00784353
-0.184173 0.309423 -0.0891478 0.258049 -0.490918 -0.832112
-0.267809 0.457538 -0.00655837 -0.956315 -0.00732452 -0.292245
0.0510011 -0.493711 0.16314 -0.137377 -0.871174 0.471363
0.142044 -0.425508 0.315726 -0.137373 -0.871175 0.471363
-0.351848 -0.111383 0.282703 -0.956315 -0.007325 -0.292245
-0.0638107 0.209477 0.00569397 0.956315 0.0073245 0.292245
0.160749 0.220763 -0.163909 -0.137374 -0.871175 0.471363
0.170128 0.354195 0.305857 0.956315 0.00732454 0.292245
0.396123 0.23952 -0.502626 0.137373 0.871174 -0.471364
0.133307 -0.222691 -0.227867 -0.258049 0.490918 0.832112
-0.134044 -0.359704 0.356882 -0.137374 -0.871174 0.471363
0.0510712 0.108561 -0.367706 0.956315 0.0073245 0.292245
0.305439 0.0375101 -0.327996 -0.258049 0.490918 0.832112
0.246673 0.297099 0.00221756 -0.137376 -0.871175 0.471361
0.217977 0.0434965 -0.00813725 0.258049 -0.490918 -0.832112
0.268569 0.217171 -0.0128404 0.956315 0.00732459 0.292245
-0.223649 -0.06074 0.389564 -0.956315 -0.00732454 -0.292245
0.00970864 -0.259667 0.542649 -0.41703 -0.380774 -0.825286
-0.129595 -0.0664225 -0.445703 -0.956315 -0.0073245 -0.292245
0.130517 -0.366336 -0.143986 -0.258049 0.490918 0.832112
0.0641093 0.0235266 -0.394586 -0.258049 0.490918 0.832112
-0.00549694 0.152278 -0.183693 0.956315 0.0073245 0.292245
0.0296832 -0.287338 0.343576 -0.486045 0.473931 0.734268
-0.18441 0.275337 -0.128957 0.956315 0.00732448 0.292245
-0.20254 -0.331515 0.257365 -0.258049 0.490918 0.832112
0.154938 0.216453 0.359014 0.956315 0.00732449 0.292245
0.377319 0.213139 -0.368602 0.956315 0.00732465 0.292245
0.0904106 -0.454661 -0.106469 0.182439 0.44548 0.876507
0.174154 0.340149 0.293034 0.956315 0.00732449 0.292245
0.29512 0.194664 -0.524059 0.258049 -0.490918 -0.832112
0.0406796 -0.179306 -0.282188 -0.258049 0.490918 0.832112
-0.0503125 -0.460031 -0.167639 -0.956315 -0.00732447 -0.292245
-0.131999 -0.192088 -0.428343 0.258049 -0.490918 -0.832112
0.147575 0.10744 0.385841 0.956315 0.00732449 0.292245
-0.187329 -0.0623985 -0.256883 -0.956315 -0.0073245 -0.292245
-0.125851 -0.10482 0.388366 0.137374 0.871175 -0.471363
0.37289 0.167758 -0.484067 0.258049 -0.490918 -0.832112
-0.0395279 0.320417 0.299441 -0.258049 0.490918 0.832112
-0.0725405 -0.523161 -0.0933197 -0.956315 -0.00732453 -0.292246
-0.15892 0.488416 0.163302 -0.258049 0.490918 0.832112
-0.169091 -0.200677 -0.313097 -0.956315 -0.00732459 -0.292245
0.110488 0.0186016 -0.026784 0.258049 -0.490918 -0.832112
-0.15947 0.29369 0.278013 -0.258049 0.490918 0.832112
-0.054658 -0.0622664 -0.480949 0.258049 -0.490918 -0.832112
-0.25232 0.463465 -0.0573915 -0.956315 -0.00732452 -0.292245
-0.157737 0.250923 -0.36157 -0.956315 -0.00732622 -0.292245
-0.0622948 0.130346 0.00271679 0.956315 0.00732452 0.292245
0.18835 0.4618 0.243532 0.956315 0.00732449 0.292245
0.106677 -0.0494665 0.112339 -0.258049 0.490918 0.832112
0.200821 -0.195517 0.219195 0.956315 0.00732446 0.292245
