ply
format ascii 1.0
comment Created by Open3D
element vertex 128
property double x
property double y
property double z
property double nx
property double ny
property double nz
end_header
0.130736 -0.46497 -0.0607987 0.683369 -0.704557 -0.191328
0.306226 -0.101894 -0.147871 -0.14796 0.971284 -0.186321
-0.00818736 -0.391474 0.0622103 -0.550749 -0.669535 0.498396
-0.286654 0.120273 0.175109 -0.831438 0.492559 -0.257092
0.463767 -0.0932607 -0.17538 0.810507 0.251042 -0.529203
-0.215814 0.0957765 0.306858 0.479247 0.235212 0.845576
-0.139731 -0.129209 0.0447426 0.479247 0.235212 0.845576
-0.484878 0.222961 0.0604216 -0.683369 0.704557 0.191328
0.388013 -0.0996043 -0.00918175 0.479249 0.235212 0.845574
-0.547345 0.145721 0.121742 -0.683369 0.704557 0.191328
0.0517435 -0.477622 0.0127066 -0.550754 -0.669533 0.498393
0.217725 -0.227037 -0.0455936 -0.675241 -0.516652 0.526422
0.1239 -0.413357 0.171469 0.479246 0.235212 0.845576
0.23501 -0.140602 -0.2013 0.768627 -0.577586 -0.274969
0.379036 -0.16682 -0.0337061 0.190871 -0.968294 0.161168
0.356247 -0.0749358 -0.0429585 -0.316442 0.94493 -0.0834991
-0.0122659 -0.417146 0.023215 -0.550758 -0.669532 0.498391
0.0249356 -0.295951 0.227136 -0.550754 -0.669533 0.498393
0.415741 -0.0445534 -0.197084 0.584131 0.633583 -0.50731
0.277946 -0.114053 -0.144921 -0.609586 0.782338 0.127874
0.317914 -0.174404 -0.336817 0.550754 0.669533 -0.498393
-0.023273 -0.304369 -0.113327 -0.479247 -0.235212 -0.845576
-0.322042 0.268992 0.318882 0.479247 0.235212 0.845576
-0.322812 0.0223697 0.270483 -0.550754 -0.669533 0.498393
0.149109 -0.313962 0.195404 0.683369 -0.704557 -0.191328
-0.213152 0.0868765 0.307825 0.479247 0.235212 0.845576
0.352063 -0.114942 -0.14709 0.61605 0.596066 -0.514964
0.32759 -0.147253 -0.215102 -0.479247 -0.23521 -0.845576
0.0837222 -0.474174 0.0526642 -0.533805 -0.686634 0.493544
0.116872 -0.180899 0.148883 0.550754 0.669533 -0.498393
0.186631 -0.212232 -0.0745293 -0.751265 -0.388183 0.533774
-0.180239 -0.202137 0.0879877 0.479247 0.235212 0.845576
-0.303563 0.192867 0.20985 -0.444588 -0.270039 -0.854061
0.352406 -0.0193563 -0.0389053 -0.683369 0.704557 0.191328
-0.158509 0.0889793 0.207121 0.550754 0.669533 -0.498393
-0.164935 0.0312114 0.122415 0.550754 0.669534 -0.498392
-0.146405 0.0538978 0.173368 0.550752 0.669533 -0.498395
-0.285617 -0.0905746 0.159857 -0.550754 -0.669533 0.498393
0.283036 -0.091354 -0.0215479 -0.683369 0.704557 0.191328
-0.156115 -0.128172 0.252457 -0.550754 -0.669533 0.498393
-0.186094 -0.213103 -0.0464324 -0.479247 -0.235212 -0.845576
-0.0209713 -0.120237 0.115726 -0.479247 -0.235212 -0.845576
-0.407331 0.227484 0.320745 -0.683369 0.704557 0.191328
0.304505 -0.173554 -0.0878487 -0.516013 -0.703813 0.488239
-0.110621 -0.155482 -0.0683647 0.550754 0.669533 -0.498393
0.457988 -0.205967 -0.166811 0.837345 -0.41124 -0.360188
0.167203 -0.419672 -0.0973548 0.683369 -0.704557 -0.191328
-0.0710509 -0.211831 0.234072 -0.550754 -0.669533 0.498393
-0.0893272 -0.359795 -0.060472 -0.479247 -0.235212 -0.845576
-0.241212 -0.239095 -0.00796318 -0.479247 -0.235212 -0.845576
0.235093 -0.147525 -0.190008 0.837339 -0.411259 -0.36018
0.29379 -0.26947 -0.198338 0.683369 -0.704557 -0.191328
0.171492 -0.212958 0.173225 0.479247 0.235212 0.845575
-0.237103 0.147412 0.198768 0.550754 0.669533 -0.498393
0.0819296 -0.502636 -0.0964175 0.683369 -0.704557 -0.191328
0.109559 -0.462504 0.0968446 -0.533818 -0.686622 0.493548
-0.252113 -0.155576 -0.0250173 -0.479247 -0.235212 -0.845576
0.306053 -0.346209 0.128051 0.683369 -0.704557 -0.191328
0.171605 -0.24395 -0.240585 -0.47925 -0.235209 -0.845574
-0.386262 -0.0554767 0.0957884 -0.550754 -0.669533 0.498393
-0.565554 0.0864635 0.0883403 -0.550754 -0.669533 0.498393
-0.180757 -0.100352 0.148686 0.543977 -0.740811 -0.394067
0.163846 -0.415602 -0.124334 0.683369 -0.704557 -0.191328
0.286538 -0.212751 -0.200589 -0.233367 0.96289 -0.135579
-0.18083 0.107165 0.283863 0.479247 0.235212 0.845576
-0.112898 -0.282459 0.0721635 0.479247 0.235212 0.845576
0.0447925 -0.346811 0.180756 -0.550754 -0.669533 0.498393
0.215976 -0.203825 -0.150184 0.479244 0.235219 0.845575
-0.327617 0.28426 0.282583 0.550754 0.669533 -0.498393
-0.192333 -0.287437 -0.00151921 -0.550754 -0.669533 0.498393
0.193383 -0.413435 -0.0268184 0.683369 -0.704557 -0.191328
0.293769 -0.105991 -0.156734 0.275235 -0.9551 0.109683
0.0113993 -0.0622129 0.19177 0.550754 0.669533 -0.498393
0.243283 -0.13505 -0.190394 0.722618 -0.652549 -0.22804
0.334491 -0.303105 -0.135166 0.190893 -0.968292 0.161155
0.391982 -0.211658 -0.233681 -0.479247 -0.235212 -0.845576
0.322693 -0.29704 -0.0979195 0.0610813 -0.970023 0.23521
0.108386 -0.448241 0.000391221 -0.396391 0.917573 -0.0305767
-0.175178 0.131671 0.246052 0.550754 0.669533 -0.498393
0.135848 -0.315018 0.15193 0.683369 -0.704557 -0.191328
0.434378 -0.243599 -0.16143 0.722619 -0.652548 -0.228041
0.13395 -0.403859 0.129976 0.646455 0.557044 -0.521343
-0.201952 -0.0585408 -0.0390629 0.550754 0.669533 -0.498393
-0.0280257 -0.248146 0.232832 -0.550754 -0.669533 0.498393
-0.0324266 -0.20601 -0.0498349 0.550754 0.669533 -0.498393
0.433162 -0.251106 -0.141229 0.669426 -0.72103 -0.178843
0.157486 -0.401854 0.0391543 -0.873756 0.0368538 0.484967
-0.118539 0.0353842 0.179292 0.550754 0.669533 -0.498393
-0.281459 -0.046911 0.223109 -0.550754 -0.669533 0.498393
0.248562 -0.362121 0.0987297 -0.550754 -0.669533 0.498393
-0.214101 -0.187883 0.104251 0.590631 0.109294 0.799506
0.377 -0.180624 -0.233823 -0.479247 -0.235211 -0.845576
-0.300711 -0.115586 0.109578 -0.550752 -0.669532 0.498397
-0.180855 0.0590467 0.297262 0.479247 0.235212 0.845576
0.268968 -0.194553 -0.155874 0.479968 0.736363 -0.476864
0.293822 0.00899464 -0.130526 -0.233356 0.962892 -0.135587
-0.117626 -0.0886631 0.0136566 0.550754 0.669533 -0.498393
-0.322391 0.128737 0.358094 0.479247 0.235212 0.845576
0.0880462 -0.174714 0.125338 0.550754 0.669533 -0.498393
-0.344382 0.159483 0.191979 0.550754 0.669533 -0.498393
0.319009 -0.1015 -0.0488782 -0.788787 0.537912 0.297431
0.207265 -0.336329 0.102794 0.479247 0.235212 0.845576
-0.443286 0.21334 0.0594907 0.550753 0.669535 -0.498392
-0.320896 0.123176 0.0873077 -0.195268 0.6839 0.702959
0.286528 -0.205045 -0.166689 0.070086 0.950088 -0.304006
-0.351259 -0.0417727 0.152878 -0.550754 -0.669533 0.498393
0.368137 -0.183786 -0.22792 -0.479247 -0.235212 -0.845575
0.021388 -0.054916 0.212611 0.550754 0.669533 -0.498393
-0.436555 0.0767119 0.217792 -0.550754 -0.669533 0.498393
0.383019 -0.157649 0.000899569 0.147797 -0.810252 0.56714
-0.106251 -0.318295 0.0521507 -0.550753 -0.669533 0.498393
-0.401037 0.227035 0.344878 -0.683369 0.704557 0.191328
0.329575 -0.185964 -0.187929 -0.768617 0.577604 0.274958
0.1892 -0.401206 0.105905 -0.806984 0.496912 0.319149
0.22822 -0.301436 -0.0333169 0.550754 0.669533 -0.498393
0.362029 -0.177056 -0.0997437 0.508665 -0.859558 -0.0491949
0.155794 -0.427924 -0.107719 0.683369 -0.704557 -0.191328
0.315336 -0.132764 -0.211656 -0.616048 -0.596068 0.514964
0.377011 -0.0825643 -0.261106 -0.479246 -0.235213 -0.845576
-0.331617 0.0653947 0.318551 -0.550753 -0.669533 0.498394
-0.532283 0.147925 0.167423 -0.683369 0.704557 0.191328
-0.317554 -0.132426 0.00563343 -0.479246 -0.235211 -0.845576
0.32273 -0.123007 -0.23317 0.479247 0.235212 0.845576
0.218727 -0.0882953 -0.262506 -0.683369 0.704557 0.191328
0.284019 -0.343523 0.039462 0.683369 -0.704557 -0.191328
-0.292101 -0.111348 -0.0146559 -0.479247 -0.235212 -0.845576
-0.236173 0.103059 0.140213 0.550752 0.669533 -0.498395
-0.514559 0.159012 0.189901 -0.683369 0.704557 0.191328
