ply
format ascii 1.0
comment Created by Open3D
element vertex 128
property double x
property double y
property double z
property double nx
property double ny
property double nz
end_header
-0.226646 0.0715638 -0.207388 -0.580023 0.442173 -0.684146
0.00667667 -0.0823034 0.104377 -0.118168 -0.930621 0.346384
0.334429 0.141716 -0.0583895 0.717613 0.636218 0.283298
-0.374499 0.0612965 -0.0897637 -0.593519 0.345854 0.726719
0.292215 0.0228245 0.189362 -0.796097 -0.119711 -0.59321
-0.00999396 0.196655 -0.108834 0.118168 0.930621 -0.346384
-0.29551 0.19266 -0.0877701 -0.593519 0.345854 0.726719
0.116784 -0.0995466 0.0956131 -0.118168 -0.930621 0.346384
0.457308 -0.0581065 0.125456 0.593519 -0.345854 -0.726719
-0.240372 -0.126006 -0.0682937 -0.796097 -0.11971 -0.59321
0.273981 -0.169214 0.0394584 0.804815 0.257967 0.534532
0.249388 -0.0709251 0.265756 -0.796098 -0.119711 -0.59321
0.22681 -0.167212 0.0367918 -0.80287 -0.191616 -0.564521
-0.36864 -0.164494 -0.0726334 0.57463 0.814319 0.0817631
-0.16261 0.197333 -0.159076 0.118168 0.930621 -0.346384
0.413013 0.0502758 0.0973128 0.252534 0.937385 -0.239865
-0.151612 0.172056 -0.223235 0.118168 0.930621 -0.346384
-0.14783 -0.086236 0.0411019 -0.118168 -0.930621 0.346384
0.418687 0.0279658 0.190286 0.802645 0.320702 0.502903
0.0284404 0.275303 0.115581 0.118168 0.930621 -0.346384
-0.0684879 0.246192 0.0721652 -0.593519 0.345853 0.726719
-0.302427 -0.173064 -0.244918 -0.118168 -0.930621 0.346384
0.115959 0.133539 0.276418 -0.593519 0.345854 0.726719
-0.105329 0.108232 -0.319807 -0.551315 0.483115 -0.680185
-0.497556 -0.0921281 -0.156552 -0.796097 -0.11971 -0.59321
-0.00251611 -0.032332 -0.290668 -0.118168 -0.930621 0.346383
0.377518 0.0065481 0.334915 0.796097 0.119711 0.59321
0.216843 0.219652 0.0644382 0.717613 0.636219 0.283299
0.249042 0.106344 0.0392606 0.769879 0.507148 0.387411
0.184952 0.235994 0.108521 0.717613 0.636219 0.283299
0.0385181 0.150311 -0.216795 0.118168 0.930621 -0.346384
0.324367 0.0523945 0.0691453 -0.593519 0.345854 0.726719
0.147229 0.0165256 0.103674 0.796097 0.11971 0.59321
-0.0197782 0.0872702 0.18758 -0.593519 0.345854 0.726719
0.173025 0.179482 0.0945796 0.769879 0.507148 0.387411
0.150119 0.109846 0.198946 0.593519 -0.345854 -0.726719
-0.152941 -0.0186822 0.106241 0.796097 0.119711 0.59321
0.054533 -0.130858 -0.00974679 -0.118168 -0.930621 0.346384
-0.363017 -0.10761 -0.176152 0.796097 0.11971 0.59321
0.0985127 -0.126569 -0.111137 -0.593519 0.345854 0.726719
0.0782294 0.203677 0.292078 -0.593519 0.345854 0.726719
0.256889 0.0913482 0.222943 -0.796098 -0.11971 -0.59321
-0.264131 0.0631435 -0.117151 0.593519 -0.345854 -0.726719
0.144248 0.237798 0.207576 0.717612 0.636219 0.283299
-0.125655 0.035414 0.125788 -0.593519 0.345854 0.726719
-0.461681 -0.0128118 -0.217742 -0.75086 0.0871082 -0.654692
-0.29515 -0.13268 -0.420001 -0.796097 -0.119711 -0.59321
-0.113174 -0.131855 -0.0696393 -0.118168 -0.930621 0.346384
0.458588 0.00929865 0.0944224 0.593523 -0.345849 -0.726717
-0.186764 -0.0667393 -0.152196 -0.796097 -0.11971 -0.59321
0.22325 0.127585 0.062708 0.769879 0.507148 0.387411
-0.423634 -0.0648225 -0.261267 -0.796097 -0.119711 -0.59321
-0.188163 -0.113908 -0.140801 -0.796097 -0.11971 -0.59321
-0.435533 -0.0977528 -0.0807997 -0.735524 0.133457 -0.664224
-0.175125 -0.309174 -0.25672 -0.157627 -0.935424 0.316443
0.422165 -0.0816784 0.135895 0.118168 0.930621 -0.346384
0.281426 -0.0144647 0.380368 -0.118168 -0.930621 0.346384
0.476786 -0.0617503 0.208069 0.118168 0.930621 -0.346384
0.403145 -0.12249 0.131664 -0.118168 -0.930621 0.346384
0.0140758 0.215858 -0.0490305 0.118168 0.930621 -0.346384
0.254799 0.0169094 0.415661 0.796097 0.11971 0.59321
-0.0209378 0.269336 0.174053 0.118168 0.930621 -0.346384
0.122388 0.034398 -0.241535 0.593519 -0.345854 -0.726719
0.363394 0.0687109 0.0321914 0.717613 0.636218 0.283298
0.0382668 0.236287 0.0141078 0.118168 0.930621 -0.346384
0.426115 -0.0955589 0.117804 0.593519 -0.345854 -0.726719
-0.292058 -0.095877 -0.0382405 -0.118168 -0.930621 0.346384
-0.144852 0.0222229 0.116387 -0.593519 0.345854 0.726719
-0.31719 -0.00131436 -0.259102 0.796097 0.11971 0.59321
-0.356415 -0.0632294 -0.344083 -0.700227 0.223233 -0.678122
0.24526 0.0281497 0.38252 0.118168 0.930621 -0.346383
0.31217 -0.0109406 0.0893258 -0.593519 0.345854 0.726719
-0.195144 -0.037248 -0.350339 -0.551315 0.483116 -0.680185
0.18802 0.0155245 0.318599 -0.593519 0.345853 0.726719
-0.194481 0.125713 -0.19966 -0.580024 0.442172 -0.684146
0.0732002 0.0114317 0.230368 -0.118168 -0.930621 0.346384
0.180162 0.215207 0.167336 0.717613 0.636219 0.283298
-0.123122 0.189759 -0.165955 0.118168 0.930621 -0.346384
0.238145 -0.0876809 0.0983096 -0.118168 -0.930621 0.346384
-0.2112 0.228137 -0.0357967 -0.593519 0.345854 0.726719
0.0738844 -0.111529 0.0487839 -0.118168 -0.930621 0.346384
-0.29407 -0.187403 -0.280591 -0.118168 -0.930621 0.346384
0.167128 0.106851 0.141147 -0.118168 -0.930621 0.346384
-0.0596852 -0.100096 0.0339355 -0.118168 -0.930621 0.346384
0.23304 -0.209388 0.0744648 -0.651671 -0.7364 -0.181766
0.0639056 0.185913 -0.112483 0.118168 0.930621 -0.346384
0.422434 0.0500361 0.136798 0.555016 0.829789 0.0583817
0.206179 -0.088835 0.0843043 -0.118168 -0.930621 0.346384
-0.192715 0.0486739 -0.250949 -0.580024 0.442172 -0.684146
0.135833 0.229898 0.246633 0.717613 0.636219 0.283299
0.0517896 -0.00386185 0.230513 0.118168 0.930621 -0.346383
0.206713 0.0277701 0.368349 0.118168 0.93062 -0.346384
0.245617 -0.0493005 0.203975 -0.118168 -0.930621 0.346384
-0.190085 0.17004 0.0889503 -0.593519 0.345854 0.726719
0.314527 -0.114118 0.0355016 0.593519 -0.345854 -0.726719
0.356041 0.0958803 -0.010199 0.717613 0.636218 0.283298
0.0090511 -0.0396304 0.219836 -0.118168 -0.930621 0.346384
0.0984729 0.00923244 0.170577 0.796097 0.11971 0.59321
-0.315746 0.0786344 -0.163195 0.593519 -0.345853 -0.726719
-0.139164 -0.0742568 -0.354003 0.593519 -0.345854 -0.726719
0.202433 -0.103688 0.00180201 0.118168 0.930621 -0.346384
-0.341957 0.0242116 -0.232453 0.118168 0.930621 -0.346384
-0.236797 0.0978846 -0.181771 -0.580024 0.442172 -0.684146
0.0975438 0.000435256 0.173852 0.118168 0.930621 -0.346384
0.39843 -0.123101 0.108301 0.593519 -0.345854 -0.726719
-0.118653 0.0795003 -0.329415 -0.551315 0.483116 -0.680185
-0.0540651 0.216065 0.178136 -0.593519 0.345854 0.726719
0.145534 0.123333 0.178062 -0.118168 -0.930621 0.346384
0.288354 -0.0307426 0.338998 -0.118168 -0.930621 0.346384
0.0310243 0.151712 -0.215588 0.118168 0.930621 -0.346384
-0.218434 0.227472 0.0384652 -0.593519 0.345854 0.726719
0.284635 -0.205858 0.0547487 0.593519 -0.345854 -0.726718
0.0402463 0.0254904 -0.304381 0.593519 -0.345854 -0.726719
0.240412 -0.03587 0.270728 -0.796098 -0.11971 -0.59321
0.258274 -0.134707 -0.000642146 0.593519 -0.345854 -0.726719
0.284401 0.0115785 0.380768 -0.118168 -0.930621 0.346384
0.0338016 -0.023181 0.272473 -0.118168 -0.930621 0.346384
0.235161 -0.151219 -0.0116607 0.593519 -0.345854 -0.726719
-0.124089 0.216387 -0.0947439 0.118168 0.930621 -0.346384
-0.273899 -0.0930582 -0.436531 -0.58283 0.437993 -0.68445
-0.239265 -0.04642 -0.387184 0.118168 0.930621 -0.346384
0.279122 -0.00750209 0.387946 0.796098 0.11971 0.59321
-0.134613 0.252228 0.089308 0.118168 0.930621 -0.346384
-0.160727 0.197831 -0.157096 0.118168 0.930621 -0.346384
-0.347233 -0.0115906 -0.216711 0.796097 0.11971 0.59321
0.208906 0.0926518 0.117249 -0.118168 -0.930621 0.346384
0.310191 0.165571 -0.0831149 0.118168 0.930621 -0.346384
0.0504681 0.0743453 -0.316585 0.118168 0.930621 -0.346384
