ply
format ascii 1.0
comment Created by Open3D
element vertex 512
property double x
property double y
property double z
property double nx
property double ny
property double nz
end_header
0.0309802 0.424255 -0.0733108 -0.383637 0.506004 -0.772517
0.21099 0.237527 0.319456 -0.383637 0.506004 -0.772517
-0.326084 -0.104818 0.185329 -0.600687 0.498645 0.624922
-0.0391385 -0.0104188 -0.319096 0.701425 0.703784 0.112651
-0.0806342 -0.025663 0.034516 0.701425 0.703785 0.112651
0.450715 0.237217 -0.171177 0.600687 -0.498645 -0.624922
0.454764 0.175802 -0.0352539 -0.600687 0.498645 0.624922
0.10489 -0.223203 0.113476 0.701425 0.703785 0.112651
-0.234209 -0.0384324 0.161882 0.558145 -0.738802 -0.377685
-0.224251 -0.122592 0.297395 -0.600687 0.498645 0.624922
0.192364 0.417599 0.171207 -0.701425 -0.703785 -0.112651
0.283943 0.365704 -0.0132873 0.413101 -0.530229 0.740408
0.351367 0.0476437 0.192531 0.383638 -0.506004 0.772517
0.277812 0.389926 0.272628 0.701425 0.703784 0.112651
0.0750788 -0.0109552 -0.25929 -0.701425 -0.703785 -0.112651
0.17448 0.257406 0.377451 -0.600687 0.498645 0.624922
-0.189085 0.20368 0.0446033 -0.701432 -0.703779 -0.112644
-0.0735569 -0.100132 -0.311939 -0.701425 -0.703784 -0.112651
0.349988 0.247559 0.252077 -0.701425 -0.703785 -0.112651
-0.0644277 0.143937 0.238348 -0.600687 0.498645 0.624922
0.107475 -0.322022 -0.0528866 -0.701425 -0.703785 -0.112651
0.2155 0.060013 -0.172847 -0.600687 0.498645 0.624922
0.453801 0.0763858 0.093325 -0.383638 0.506004 -0.772517
0.226907 0.458543 0.0367198 -0.699319 0.649032 0.299516
-0.0438577 0.263517 0.162704 -0.600687 0.498645 0.624922
-0.100844 -0.0091371 0.0571055 0.701425 0.703785 0.112651
-0.278037 -0.147637 0.26568 -0.600687 0.498645 0.624922
-0.303392 -0.0530293 -0.110937 0.600687 -0.498645 -0.624922
0.564907 0.125993 0.13394 0.701425 0.703785 0.112651
-0.314388 -0.129065 0.0142441 -0.472027 -0.125886 0.87255
0.489377 0.0210064 0.106547 0.383638 -0.506004 0.772517
0.464346 0.226324 -0.149382 0.600687 -0.498645 -0.624922
0.157773 -0.260463 0.0169754 0.701425 0.703785 0.11265
-0.0659632 -0.170647 0.0813224 -0.701424 -0.703785 -0.112651
-0.444243 -0.222089 0.0331835 0.0632784 0.750616 -0.657702
0.300975 0.309164 0.172384 -0.701424 -0.703785 -0.11265
0.506072 0.1828 0.145375 0.701425 0.703785 0.112651
0.487904 0.146522 0.0245625 -0.701425 -0.703785 -0.112651
-0.377414 -0.161974 -0.0244974 -0.489983 -0.079578 0.868092
0.241918 -0.0124727 0.207508 0.383637 -0.506004 0.772517
-0.01351 0.443849 -0.017214 -0.196532 0.0390543 0.979719
-0.0274057 0.371218 0.00955401 0.600687 -0.498645 -0.624922
-0.236203 0.0238659 0.169043 -0.600687 0.498645 0.624922
0.445117 0.149488 0.14552 -0.383638 0.506004 -0.772517
0.333863 0.326905 0.317341 0.701425 0.703785 0.112651
0.277328 0.210802 0.269007 -0.383637 0.506004 -0.772517
0.0098794 -0.183949 -0.258854 0.600687 -0.498645 -0.624922
-0.193422 0.115419 -0.144614 0.701425 0.703785 0.112651
-0.293387 -0.0824252 0.144067 0.595724 -0.364614 -0.71566
0.403046 0.179663 -0.171073 0.600687 -0.498645 -0.624922
-0.211793 -0.124034 0.310521 -0.600687 0.498645 0.624922
-0.366627 0.0627955 0.012614 -0.600687 0.498645 0.624922
-0.0473605 -0.109321 0.28773 0.383637 -0.506004 0.772517
0.324641 0.2611 0.345619 0.383637 -0.506004 0.772517
-0.170055 -0.0636162 0.222267 0.43265 0.217428 -0.874951
-0.0716952 0.320388 0.00754102 0.600687 -0.498645 -0.624922
0.116104 0.487042 0.0550788 0.600687 -0.498645 -0.624922
0.193572 0.219153 -0.288398 -0.383637 0.506004 -0.772517
0.218971 0.449021 0.0476745 -0.689795 0.710092 -0.141254
-0.306921 0.115657 0.0278238 -0.600687 0.498645 0.624922
-0.0513565 0.106199 -0.203957 -0.701425 -0.703785 -0.112651
0.421071 0.326506 -0.270917 0.600687 -0.498645 -0.624922
0.432353 0.212585 -0.0422715 -0.701425 -0.703785 -0.112651
0.427859 0.243307 0.254354 0.701425 0.703785 0.112651
0.45395 0.0152391 0.0805627 0.658178 -0.578935 -0.481285
0.161568 0.274191 0.268621 0.600687 -0.498645 -0.624922
0.030504 -0.0839798 -0.293156 0.701425 0.703785 0.112651
0.0756095 0.408698 0.0786678 0.600687 -0.498645 -0.624922
0.179278 0.305975 -0.157267 0.383637 -0.506004 0.772517
-0.062072 -0.175585 0.0879419 -0.701425 -0.703785 -0.112651
-0.0202376 0.284494 0.16867 -0.600687 0.498645 0.624922
-0.202811 -0.0574259 0.266006 -0.600687 0.498645 0.624922
0.261246 0.214767 -0.272495 0.127352 0.031755 -0.991349
-0.129631 -0.0537599 0.220695 0.316468 0.434991 -0.842989
0.42944 -0.0568609 0.0853085 0.383638 -0.506004 0.772517
-0.119521 0.246276 -0.0479855 0.383638 -0.506004 0.772517
0.241289 0.466468 0.0218411 0.701426 0.703784 0.112651
0.029764 -0.141711 0.0721287 0.701425 0.703785 0.112651
0.0742891 -0.179913 0.0335566 0.701425 0.703785 0.112651
-0.0962636 -0.0271066 0.140852 0.701425 0.703785 0.112651
-0.00511725 0.190434 -0.141376 0.383638 -0.506004 0.772517
0.0172216 -0.216544 -0.14989 -0.701425 -0.703785 -0.112651
0.00251868 -0.251235 0.158386 -0.701425 -0.703785 -0.112651
-0.340578 0.120921 -0.00872714 -0.600687 0.498645 0.624922
0.197685 -0.00302609 -0.13967 -0.600687 0.498645 0.624922
0.309188 0.0775515 0.233068 0.383637 -0.506004 0.772517
0.3382 0.379188 -0.0362896 0.701421 0.703789 0.112647
-0.235716 0.249062 -0.0295447 -0.709553 0.674571 0.203687
0.131903 0.439362 -0.113535 -0.383637 0.506004 -0.772517
-0.058997 0.18555 -0.184981 -0.383637 0.506004 -0.772517
0.162324 0.211351 -0.210828 0.383637 -0.506004 0.772517
0.313841 0.401211 -0.0222097 0.701425 0.703785 0.112651
0.373055 0.307251 0.127327 -0.321925 0.453843 -0.830897
0.0623026 0.0161245 -0.348918 -0.701423 -0.703787 -0.112652
0.297772 -0.00923738 -0.0385086 -0.600687 0.498645 0.624922
-0.220646 -0.114465 0.176393 0.158915 0.65103 -0.74223
0.149031 0.0829795 -0.297466 -0.468878 0.57467 -0.670752
0.0410108 -0.0580756 0.247219 -0.701425 -0.703785 -0.112651
-0.150954 0.0204488 0.184281 0.701425 0.703785 0.112651
0.0231038 0.2291 0.254531 -0.600687 0.498645 0.624922
-0.227601 -0.242043 0.175989 -0.0184725 -0.790105 0.612694
0.0252403 -0.220477 -0.0457878 -0.655356 0.698977 -0.286251
0.348448 0.248181 0.325335 0.383637 -0.506004 0.772517
-0.0707498 0.197842 0.106233 0.600687 -0.498645 -0.624922
-0.3125 -0.225013 0.195389 -0.0184727 -0.790105 0.612694
0.337319 -0.0305323 -0.0665294 0.600687 -0.498645 -0.624922
0.0439495 -0.163442 -0.144987 -0.548322 0.431856 0.716131
-0.269979 -0.0415519 0.188776 -0.600687 0.498645 0.624922
0.423963 -0.0569274 0.0545893 -0.643737 0.557706 0.523991
0.420316 0.152247 -0.0495709 -0.600687 0.498645 0.624922
0.266004 0.221639 0.281729 -0.383637 0.506004 -0.772517
0.291769 -0.147083 0.0383566 0.60628 -0.672251 0.424856
-0.434467 0.0417236 -0.0927273 -0.383635 0.506006 -0.772517
0.248174 0.413791 0.308078 0.701425 0.703784 0.112651
-0.0167201 0.207266 0.233674 -0.600687 0.498645 0.624922
0.408859 0.191169 0.257991 0.383638 -0.506004 0.772517
0.0310467 -0.236137 -0.11357 -0.701423 -0.703786 -0.112655
-0.047661 -0.0877581 0.0222262 0.389745 -0.246406 -0.887346
0.256793 0.186033 0.330144 0.383637 -0.506004 0.772517
-0.121086 -0.0813727 -0.133199 -0.701425 -0.703785 -0.112651
-0.448085 -0.0332919 0.00937715 -0.716382 0.437937 0.543147
0.157685 0.466276 0.083029 -0.701425 -0.703785 -0.112651
0.0550197 0.326867 -0.0818761 0.383638 -0.506004 0.772517
0.298148 0.369492 0.273666 0.701425 0.703784 0.112651
0.124506 0.143586 0.300872 -0.383637 0.506004 -0.772517
-0.0269519 0.150716 -0.156548 0.383638 -0.506004 0.772517
-0.0663548 -0.0676678 -0.347187 -0.383637 0.506004 -0.772517
-0.0607834 0.285659 0.128766 -0.600687 0.498645 0.624922
0.205945 -0.104918 -0.133454 0.600687 -0.498645 -0.624922
-0.469427 -0.255754 0.0824108 -0.689602 -0.718646 -0.0894287
0.297352 0.401974 0.00967542 0.565948 -0.646034 0.512194
0.478844 0.246931 -0.0857454 0.701425 0.703785 0.112651
-0.0846666 0.316713 -0.0863204 -0.383637 0.506004 -0.772517
0.146763 -0.0399844 -0.159127 -0.600687 0.498645 0.624922
0.185552 -0.00878823 0.237913 0.383637 -0.506004 0.772517
-0.0509681 0.316515 0.113581 -0.600687 0.498645 0.624922
0.186158 0.108539 0.247299 -0.383637 0.506004 -0.772517
0.0389054 0.0451776 -0.258382 0.383638 -0.506004 0.772517
-0.414826 0.0856832 -0.0612074 -0.709575 0.704415 0.017375
0.439612 0.261619 0.0667744 0.701415 0.703797 0.112631
0.471751 0.215382 0.0896154 0.196535 -0.0390572 -0.979719
0.0386258 -0.279053 0.107357 -0.701425 -0.703785 -0.112651
-0.185081 0.108147 -0.151118 0.701425 0.703785 0.112651
-0.00830217 -0.042584 -0.310147 0.701425 0.703785 0.112651
0.150315 0.392397 0.246509 -0.600687 0.498645 0.624922
-0.0313553 0.422409 0.0479364 -0.600687 0.498645 0.624922
-0.0835452 -0.0439984 0.167192 0.701425 0.703785 0.112651
0.131392 0.403039 -0.0699095 0.383638 -0.506004 0.772517
-0.438161 0.0081208 -0.012556 -0.618021 0.490731 0.614193
-0.134668 0.264144 -0.00811075 0.600687 -0.498645 -0.624922
0.316703 0.331016 -0.0620689 -0.701425 -0.703785 -0.112651
-0.00384254 -0.129935 -0.174573 -0.162144 0.00365524 0.98676
0.214941 0.271085 0.395156 -0.204268 0.0470741 0.977783
0.143676 0.239602 0.362047 -0.600687 0.498645 0.624922
0.398852 0.0580157 0.108581 -0.383638 0.506004 -0.772517
0.28152 0.376077 0.336064 0.701425 0.703784 0.112651
0.265937 0.058613 -0.206275 0.600687 -0.498645 -0.624922
0.357341 0.254525 -0.27474 0.600687 -0.498645 -0.624922
-0.0607618 0.323177 -0.0939583 -0.383637 0.506004 -0.772517
-0.371877 -0.156626 -0.0791776 0.171682 -0.606243 -0.776527
0.133086 0.0862238 -0.338967 0.0322304 0.126571 -0.991434
-0.0121868 0.0577559 0.322987 0.565955 -0.646039 0.51218
0.0653804 -0.185242 0.122321 0.701425 0.703785 0.112651
0.566083 0.070202 0.0978477 0.594141 -0.664661 0.453014
0.212863 -0.18156 -0.051355 -0.701425 -0.703785 -0.112651
-0.375201 0.00274476 0.0522887 -0.600687 0.498645 0.624922
0.320553 0.251202 0.274003 -0.383637 0.506004 -0.772517
0.182046 -0.00264519 -0.155007 -0.600687 0.498645 0.624922
0.298782 -0.025792 0.170545 0.383637 -0.506004 0.772517
0.212799 0.282168 -0.189508 0.383637 -0.506004 0.772517
0.350844 -0.14985 0.0519462 0.705428 -0.708086 0.0313834
-0.187322 -0.0810129 0.299714 -0.600687 0.498646 0.624922
-0.401344 -0.248833 -0.00828391 -0.14451 -0.604254 -0.783578
-0.243502 -0.0214839 -0.07854 0.600687 -0.498645 -0.624922
0.283676 0.339279 0.21064 0.155063 -0.304949 0.93966
-0.252005 -0.25951 0.152728 -0.0184725 -0.790105 0.612694
0.342232 0.259425 0.226234 -0.701425 -0.703785 -0.112651
-0.123121 0.325958 -0.0611687 -0.383637 0.506004 -0.772517
-0.134679 -0.0461592 -0.268553 -0.701425 -0.703785 -0.112651
0.0936763 -0.0835072 0.234598 0.383637 -0.506004 0.772517
0.369342 0.309882 0.20279 0.701425 0.703785 0.112651
0.148859 0.39825 0.240439 -0.600687 0.498645 0.624922
0.0177656 -0.227262 0.178135 0.383638 -0.506004 0.772517
0.248148 0.376544 0.080354 -0.701425 -0.703785 -0.112651
0.136452 -0.0286774 0.182106 -0.383637 0.506004 -0.772517
0.25989 0.0158668 -0.0949529 -0.600687 0.498645 0.624922
0.427133 0.225505 -0.0904844 -0.701425 -0.703785 -0.112651
0.249101 0.427211 0.218464 0.701425 0.703784 0.112651
-0.0583053 -0.120274 -0.281068 -0.701425 -0.703785 -0.112651
0.159904 0.273378 -0.236161 -0.383637 0.506004 -0.772517
-0.469861 -0.234401 0.0481322 -0.921789 -0.224504 -0.316074
-0.0867328 0.0736727 0.219524 -0.701425 -0.703785 -0.112651
0.275999 0.454523 -0.119649 0.701425 0.703785 0.112651
0.360046 0.285413 0.12005 -0.383637 0.506004 -0.772517
0.356373 0.310799 -0.182771 -0.701429 -0.70378 -0.112651
0.0450939 -0.107976 -0.234085 0.701425 0.703785 0.112651
0.0631876 0.330409 -0.0836122 0.383638 -0.506004 0.772517
-0.386512 -0.290697 0.0231884 0.0306006 -0.612958 -0.789523
0.0233571 -0.224019 -0.0503684 -0.668507 0.704436 -0.238468
0.353558 0.320384 0.235457 0.701425 0.703785 0.112651
-0.053818 0.285138 -0.122322 -0.383637 0.506004 -0.772517
0.0806513 -0.065253 0.253023 0.383637 -0.506004 0.772517
-0.407613 -0.126501 0.0702784 0.60041 -0.508475 -0.61722
-0.0694038 -0.0667085 0.22102 0.701425 0.703785 0.112651
0.128449 -0.312414 -0.0423765 0.600687 -0.498645 -0.624922
0.336958 0.315387 -0.296571 -0.383637 0.506004 -0.772517
-0.040062 -0.0917994 0.195078 0.701425 0.703785 0.11265
0.276725 0.398789 0.224027 0.701425 0.703784 0.112651
0.340697 0.402299 -0.196225 0.701425 0.703785 0.112651
0.513366 0.193437 0.033507 0.701425 0.703784 0.112651
0.299963 0.0422357 0.214517 0.383637 -0.506004 0.772517
0.442223 0.106273 0.185815 0.383638 -0.506004 0.772517
-0.0416753 0.45292 0.0136254 -0.609922 0.510914 0.605774
-0.385317 0.115274 -0.0557313 -0.709575 0.704415 0.017375
0.183751 0.425697 -0.0810706 0.383637 -0.506004 0.772517
0.294689 0.268174 -0.29155 0.565947 -0.646034 0.512195
-0.0405341 -0.105402 -0.36581 0.364059 -0.217895 -0.905529
0.00819372 0.0820409 0.274516 0.600687 -0.498645 -0.624922
0.269405 -0.207162 0.066335 0.383638 -0.506004 0.772517
0.306882 0.418993 -0.213773 -0.383637 0.506004 -0.772517
0.071513 0.445633 0.0452579 0.600687 -0.498645 -0.624922
-0.268226 -0.015461 0.169642 -0.600687 0.498645 0.624922
0.317186 0.338963 0.345852 0.701425 0.703785 0.112651
-0.0643413 0.0556242 0.225873 0.600687 -0.498645 -0.624922
-0.221228 -0.0942531 0.000935632 0.600687 -0.498645 -0.624922
0.0391005 0.0295246 -0.288166 -0.701425 -0.703785 -0.112651
-0.139343 0.184488 -0.145208 -0.701425 -0.703785 -0.112651
0.46905 0.186854 0.0393132 -0.447226 0.311526 0.838415
0.0790251 -0.0545649 0.193668 -0.383637 0.506004 -0.772517
0.370126 0.103974 0.220113 0.383638 -0.506004 0.772517
-0.0329677 0.108944 -0.180922 0.383638 -0.506004 0.772517
0.0898047 -0.198368 0.0522444 0.701425 0.703785 0.112651
0.0800775 -0.286036 -0.10712 -0.701425 -0.703785 -0.112651
0.460815 0.124982 0.121673 -0.383638 0.506004 -0.772517
-0.326781 -0.304719 0.0776191 0.442782 -0.893652 -0.0730057
0.19031 0.524903 -0.0258055 0.701425 0.703785 0.112651
0.0176771 -0.137142 0.118841 0.701425 0.703785 0.112651
0.147495 0.326874 -0.127795 0.383637 -0.506004 0.772517
-0.0115312 -0.0584348 -0.191014 0.701425 0.703785 0.112651
0.493805 0.138229 -0.0507715 0.600687 -0.498645 -0.624922
0.414084 -0.0855804 0.0556153 0.709036 -0.672906 -0.210867
-0.00837402 0.374728 0.108073 -0.600687 0.498645 0.624922
-0.0352208 -0.200777 0.0781396 -0.701426 -0.703784 -0.112651
0.30791 -0.184102 0.0277414 0.600687 -0.498646 -0.624922
0.193522 -0.147358 0.143191 0.383637 -0.506004 0.772517
0.282894 0.409547 0.118398 0.701416 0.703792 0.112662
0.0105851 -0.17645 0.214984 0.383637 -0.506004 0.772517
-0.396524 -0.163456 0.16441 -0.600687 0.498645 0.624922
0.131445 -0.130024 0.133628 -0.701426 -0.703783 -0.112654
0.473942 0.0629218 -0.00977398 0.600687 -0.498646 -0.624922
0.404212 0.0391734 0.16074 0.383638 -0.506004 0.772517
0.336612 0.227297 0.317533 0.383637 -0.506004 0.772517
-0.0229401 -0.0421789 -0.221535 0.701425 0.703785 0.112651
0.220191 0.124011 -0.219404 -0.600687 0.498645 0.624922
-0.288173 0.0465207 -0.156819 -0.00275269 0.160726 -0.986995
0.523386 0.0488794 0.0664571 -0.474338 0.34297 0.810787
0.49011 0.2254 -0.0213799 0.701425 0.703785 0.112651
0.0478001 -0.278377 0.0460069 -0.701425 -0.703785 -0.112651
0.121968 0.586764 0.0132557 0.701424 0.703785 0.112655
-0.109508 0.267064 0.0967693 -0.600687 0.498645 0.624922
-0.0350527 0.235653 0.193401 -0.600687 0.498645 0.624922
-0.182206 -0.202427 0.228443 -0.0184725 -0.790105 0.612694
0.0332428 -0.0907127 -0.268145 0.701425 0.703785 0.112651
0.199325 0.417026 0.273966 -0.600687 0.498645 0.624922
-0.470632 -0.0469087 -0.034533 -0.979759 0.136416 0.146504
0.0242306 -0.232863 -0.0915786 -0.701426 -0.703784 -0.112649
-0.394493 -0.21478 -0.0354932 -0.0810256 -0.609637 -0.788528
-0.125293 -0.0114125 0.223554 0.701425 0.703785 0.112651
-0.105902 -0.0880085 -0.0193267 0.643729 -0.557694 -0.524014
-0.225732 0.136842 -0.0772748 0.701425 0.703784 0.112651
0.122071 0.309708 -0.193577 -0.383637 0.506004 -0.772517
0.300023 0.35293 0.365467 0.701423 0.703786 0.112651
-0.0689249 -0.118582 -0.225517 -0.701425 -0.703784 -0.112651
0.245459 0.116765 -0.189334 -0.600687 0.498645 0.624922
0.309624 0.321836 0.248864 -0.586852 0.659969 -0.46909
0.153685 0.454098 0.117489 0.600687 -0.498645 -0.624922
0.123485 0.0994581 -0.331994 -0.383637 0.506004 -0.772517
-0.276969 -0.0986024 0.159397 0.500667 0.049988 -0.864195
0.119825 0.358546 0.244212 -0.600687 0.498645 0.624922
0.29827 0.133882 -0.152229 -0.600687 0.498645 0.624922
0.377354 0.296496 0.118547 -0.413103 0.530231 -0.740406
0.319544 0.362366 0.184964 0.701425 0.703784 0.112651
0.00113104 0.470851 -0.0131905 0.155058 -0.304945 0.939662
0.426205 0.139732 -0.116949 0.600687 -0.498645 -0.624922
-0.0825636 0.168378 -0.117363 0.383638 -0.506004 0.772517
-0.239695 0.0584308 -0.178509 -0.383637 0.506004 -0.772517
0.008448 0.376525 0.122808 -0.600687 0.498645 0.624922
0.0528076 0.433125 -0.0783408 -0.383637 0.506004 -0.772517
0.507007 0.0576563 0.121798 0.383638 -0.506004 0.772517
0.458334 0.256205 -0.0159796 0.701425 0.703785 0.112651
-0.255458 -0.234567 0.184789 -0.0184725 -0.790105 0.612694
0.337626 0.276844 0.349483 0.383637 -0.506004 0.772517
-0.271726 -0.0518639 0.131258 0.518704 -0.815789 -0.255801
0.0740603 0.182406 0.257744 0.600687 -0.498645 -0.624922
-0.225876 -0.0902593 0.0677252 -0.472027 -0.125886 0.87255
0.0712575 -0.15083 -0.226283 0.600687 -0.498645 -0.624922
0.289259 0.379097 0.269004 0.701425 0.703784 0.112651
0.522059 0.0664997 0.033622 0.600687 -0.498646 -0.624922
-0.2634 -0.169746 0.268141 -0.0184727 -0.790105 0.612694
0.0616479 0.30534 -0.0992676 0.383638 -0.506004 0.772517
0.110917 -0.286487 0.0930824 0.383638 -0.506004 0.772517
-0.452277 -0.0309358 -0.115113 -0.691654 0.0679211 -0.719028
-0.108722 -0.0701192 0.194987 -0.359948 0.928688 -0.0893103
0.25927 0.351795 0.165728 -0.701425 -0.703785 -0.112651
0.220455 -0.19425 -0.0193498 -0.701425 -0.703785 -0.112651
-0.128923 -0.0316338 0.151501 -0.799273 -0.35649 -0.483816
-0.22946 -0.00857159 0.201408 -0.600687 0.498645 0.624922
-0.179518 0.0880428 -0.0601532 0.701425 0.703785 0.112651
0.440597 0.262633 0.0543056 0.701426 0.703784 0.112653
-0.142133 0.137071 0.168398 -0.701424 -0.703786 -0.112652
0.367529 0.290094 0.337706 0.701425 0.703785 0.112651
0.39246 0.141464 -0.150768 0.600687 -0.498645 -0.624922
-0.0670764 0.0109208 -0.278458 0.701425 0.703785 0.112651
0.218784 0.411492 0.0448556 -0.701425 -0.703785 -0.112652
0.0118816 0.493095 0.033094 -0.600687 0.498645 0.624922
-0.0440615 0.305815 -0.0464607 0.383638 -0.506004 0.772517
-0.28707 -0.240072 0.176737 -0.0184725 -0.790105 0.612694
0.288754 0.310254 0.395637 0.383637 -0.506004 0.772517
-0.00907684 -0.237518 0.144891 -0.701425 -0.703785 -0.112651
-0.235204 0.132938 0.00609158 0.701425 0.703785 0.112651
0.0247026 0.51299 -0.0120713 -0.383637 0.506004 -0.772517
-0.131627 -0.0790095 0.190877 -0.799269 -0.356493 -0.48382
0.491044 0.201274 0.0467972 -0.57034 0.45944 0.680901
0.142641 0.348816 0.273908 -0.600687 0.498645 0.624922
-0.014196 -0.0386937 -0.334381 0.689797 -0.710092 0.141242
-0.13531 -0.0115299 0.286661 0.701425 0.703784 0.112651
0.445308 0.296837 -0.18872 0.701425 0.703785 0.112651
-0.101489 0.018409 -0.110968 0.701425 0.703785 0.112651
0.153689 0.560127 -0.0452521 -0.383637 0.506004 -0.772517
-0.140973 -0.0905881 0.0482033 -0.701425 -0.703785 -0.112651
-0.152783 -0.0380735 -0.206344 -0.701425 -0.703785 -0.112651
0.536338 0.0999073 0.0206902 0.600687 -0.498646 -0.624922
0.0387811 0.0481655 -0.323526 -0.383637 0.506004 -0.772517
0.395964 0.0413842 -0.067543 0.600687 -0.498645 -0.624922
-0.111809 0.260432 -0.109706 -0.383637 0.506004 -0.772517
0.172415 0.0906822 0.309591 0.383637 -0.506004 0.772517
0.229013 0.462262 0.12456 0.701425 0.703784 0.112651
-0.134843 -0.0455584 0.221427 0.452895 0.171886 -0.874838
-0.29643 -0.185989 0.00184935 0.600687 -0.498645 -0.624922
0.334098 -0.135215 0.0342658 -0.328384 0.178829 0.927461
-0.36899 0.0745786 -0.103723 -0.383637 0.506004 -0.772517
0.211447 0.385996 -0.187992 -0.383637 0.506004 -0.772517
0.00058062 0.482818 0.0304312 -0.600687 0.498645 0.624922
-0.294927 -0.118038 0.0264839 -0.452348 -0.173157 0.874871
0.234279 0.232793 -0.29968 -0.383637 0.506004 -0.772517
0.059246 -0.26883 0.130308 0.383638 -0.506004 0.772517
0.0860625 0.169354 0.362721 -0.600687 0.498645 0.624922
0.178942 0.503652 0.177743 0.701425 0.703785 0.112651
-0.0181832 0.435515 -0.0175863 -0.29646 0.144353 0.944073
-0.393437 -0.243578 -0.0133077 -0.0436382 -0.611577 -0.78998
0.296718 0.208236 0.257697 -0.383637 0.506004 -0.772517
-0.341799 0.0340257 -0.143789 -0.383637 0.506004 -0.772517
0.349843 0.345961 -0.0311712 -0.0922305 -0.067099 0.993474
0.428937 0.207693 0.00956055 -0.701425 -0.703785 -0.112651
0.125793 0.278712 0.313651 -0.600687 0.498645 0.624922
0.151065 0.301328 0.236871 0.600687 -0.498645 -0.624922
0.148473 -0.280573 0.0783057 0.383638 -0.506004 0.772517
0.284139 0.398096 0.0211767 0.6242 -0.682862 0.379571
0.160436 -0.12182 0.109186 -0.383637 0.506004 -0.772517
-0.032301 0.265243 0.0894094 0.600687 -0.498645 -0.624922
0.265961 -0.0231954 0.121381 -0.383638 0.506004 -0.772517
0.149773 0.331937 -0.192774 -0.383637 0.506004 -0.772517
0.0808844 0.0347796 -0.336075 -0.0214134 -0.137173 0.990316
0.380644 0.263522 0.319394 0.383637 -0.506004 0.772517
0.115816 0.438487 0.0935455 0.600687 -0.498645 -0.624922
0.443351 -0.00798187 0.110416 0.383638 -0.506004 0.772517
-0.0871148 0.0982476 0.252998 -0.600687 0.498645 0.624922
0.105228 0.189093 -0.197053 0.383637 -0.506004 0.772517
-0.350065 -0.126087 -0.0944248 0.415908 -0.563341 -0.71391
0.150302 -0.299358 0.0650931 0.383638 -0.506004 0.772517
0.0765874 -0.197688 -0.183771 0.600687 -0.498645 -0.624922
0.112527 0.53521 0.0962308 -0.600687 0.498645 0.624922
0.14391 -0.247723 0.0237006 0.701425 0.703785 0.112651
-0.205181 0.0330827 -0.212252 -0.383637 0.506004 -0.772517
0.179017 0.459756 -0.00906663 -0.701429 -0.703781 -0.11265
-0.00044943 -0.0735647 -0.332057 -0.697883 0.710274 -0.0920334
0.34797 0.194367 -0.235746 0.600687 -0.498645 -0.624922
0.180746 0.327303 -0.21119 -0.383637 0.506004 -0.772517
-0.101332 0.17972 -0.100613 0.383638 -0.506004 0.772517
0.281509 0.390496 0.246047 0.701416 0.703797 0.112628
0.17739 0.53423 -0.0739849 -0.383637 0.506004 -0.772517
-0.0337586 0.197967 -0.122218 0.383638 -0.506004 0.772517
0.231638 0.240908 0.378579 0.383637 -0.506004 0.772517
-0.0513922 0.106651 0.28063 -0.600687 0.498645 0.624922
-0.055751 -0.050708 0.0360482 0.701425 0.703785 0.112651
0.414899 0.0229165 0.0484195 -0.600687 0.498645 0.624922
0.389514 -0.0966042 0.0363627 0.600687 -0.498646 -0.624922
0.0494704 0.0994709 -0.295229 -0.383637 0.506004 -0.772517
0.252999 0.389294 0.347687 -0.600687 0.498645 0.624922
0.173422 0.40187 -0.158711 -0.383637 0.506004 -0.772517
0.42402 -0.0104223 0.118418 0.383638 -0.506004 0.772517
0.30302 0.353824 -0.119363 -0.701431 -0.703775 -0.112676
0.26732 0.196637 -0.284502 -0.624198 0.682862 -0.379574
0.405888 0.0908472 -0.0974715 0.600687 -0.498645 -0.624922
0.185984 0.325013 0.334563 -0.600687 0.498645 0.624922
0.425704 0.220538 -0.0988828 -0.600687 0.498645 0.624922
0.189921 -0.128213 -0.130269 0.600687 -0.498645 -0.624922
0.216903 0.429296 -0.0546649 -0.701425 -0.703785 -0.112651
0.0361258 0.231243 -0.202291 -0.383637 0.506004 -0.772517
-0.266152 0.174761 -0.0624998 0.701425 0.703784 0.112651
0.462195 0.107843 0.176924 0.383638 -0.506004 0.772517
-0.139848 0.0531845 -0.0893861 0.701425 0.703785 0.112651
0.388533 0.360596 -0.233543 0.701424 0.703785 0.112651
-0.0361919 -0.0224384 -0.26235 0.701425 0.703785 0.112651
-0.0385835 -0.109244 0.283421 0.383637 -0.506004 0.772517
0.535065 0.0473032 0.0614408 0.600687 -0.498646 -0.624922
0.0148608 0.146654 -0.247137 -0.383637 0.506004 -0.772517
0.232671 0.40643 -0.00998642 -0.701426 -0.703784 -0.112648
-0.198353 0.249999 -0.0453291 0.447237 -0.311539 -0.838405
0.289458 0.36777 -0.238671 -0.383637 0.506004 -0.772517
-0.16373 -0.0420524 0.291303 -0.600687 0.498646 0.624922
-0.0712911 0.249103 0.0648098 0.600687 -0.498645 -0.624922
0.199209 0.358262 0.320744 -0.600687 0.498645 0.624922
0.151338 -0.0748653 -0.126897 -0.600687 0.498645 0.624922
0.494391 0.00410393 0.0568141 0.600687 -0.498646 -0.624922
0.223204 0.487579 0.00255956 0.701439 0.703772 0.112639
0.243596 0.148237 0.244778 -0.383637 0.506004 -0.772517
-0.470681 -0.225768 0.0447185 -0.942987 -0.189739 -0.273449
-0.0966015 0.208571 -0.0840643 0.383638 -0.506004 0.772517
0.247318 0.449776 0.0885855 0.701431 0.70378 0.112642
0.0887009 0.424329 0.161805 -0.600687 0.498645 0.624922
0.320446 0.233736 -0.293616 0.600687 -0.498645 -0.624922
-0.409536 -0.261249 0.00325094 -0.230854 -0.592789 -0.771562
0.244707 0.327402 0.306076 0.600687 -0.498645 -0.624922
0.218502 0.140134 0.251932 -0.383637 0.506004 -0.772517
0.280574 0.197078 -0.302691 0.600687 -0.498645 -0.624922
-0.473162 -0.105725 -0.0196109 -0.996673 -0.0341046 -0.0740294
-0.0434069 0.342004 0.0174843 0.600687 -0.498645 -0.624922
0.230501 0.0993578 -0.189823 -0.600687 0.498645 0.624922
0.264496 0.254473 0.371147 0.383637 -0.506004 0.772517
-0.04139 -0.0863056 0.169024 0.701425 0.703785 0.112651
0.031311 0.309298 0.198428 -0.600687 0.498645 0.624922
-0.234188 -0.032515 0.136775 0.406202 -0.913781 0.00225669
-0.423243 -0.126993 0.0540853 0.586712 -0.636872 -0.500163
0.155039 0.0197984 -0.2819 0.600687 -0.498645 -0.624922
0.155549 -0.298544 0.0118164 0.716353 0.413987 0.561652
0.383746 0.28341 0.278486 0.701425 0.703785 0.112651
-0.153217 0.19148 0.03204 0.600687 -0.498645 -0.624922
0.573935 0.126835 0.0724653 0.701428 0.703785 0.112631
0.314614 -0.0459204 0.0069513 -0.600687 0.498645 0.624922
-0.0884614 0.136746 -0.135152 0.383638 -0.506004 0.772517
0.40384 -0.079655 0.0366088 0.600687 -0.498646 -0.624922
-0.0728778 0.24096 0.152808 -0.600687 0.498645 0.624922
0.0257848 0.020972 0.336748 0.383637 -0.506004 0.772517
-0.459228 -0.176144 0.108287 -0.801908 0.37771 0.462902
0.034971 0.427805 0.107384 -0.600687 0.498645 0.624922
-0.316866 -0.198338 -0.00794045 0.600687 -0.498645 -0.624922
-0.0033249 -0.00858924 0.264678 -0.383637 0.506004 -0.772517
0.104092 -0.275047 -0.0956052 0.600687 -0.498645 -0.624922
0.412585 0.0303661 0.0402509 -0.600687 0.498645 0.624922
0.306201 0.323777 0.136723 0.162143 -0.00365413 -0.98676
-0.0717693 0.267736 0.132508 -0.600687 0.498645 0.624922
0.267015 0.417561 0.167206 0.701425 0.703784 0.112651
-0.460756 -0.169124 0.0471594 0.563339 -0.164029 -0.80978
0.293497 0.374466 0.239587 0.708828 -0.705347 -0.00690232
0.125596 0.175505 -0.216068 0.383637 -0.506004 0.772517
0.140152 0.143428 -0.244307 0.383637 -0.506004 0.772517
0.331623 0.247975 0.333555 0.383637 -0.506004 0.772517
-0.312398 -0.0477721 0.152966 -0.600687 0.498645 0.624922
-0.00789112 -0.0083416 0.334271 0.383637 -0.506004 0.772517
-0.274634 0.0351973 0.123061 -0.600687 0.498645 0.624922
0.461037 0.116666 0.183279 0.383638 -0.506004 0.772517
0.0436507 0.11684 0.343232 0.71203 -0.684847 -0.15491
0.26108 -0.0368464 0.114864 -0.383638 0.506004 -0.772517
0.432057 -0.0319918 0.049462 -0.196534 0.039057 0.979719
0.228714 0.324206 0.293253 0.600687 -0.498645 -0.624922
-0.326528 0.148121 -0.0169264 -0.600687 0.498645 0.624922
-0.41363 -0.227608 -0.00528488 -0.467673 0.874555 0.128198
0.26554 0.342149 0.186947 -0.701425 -0.703785 -0.112651
-0.393117 -0.139867 0.0882779 0.557879 -0.141085 -0.817842
0.365378 -0.0132347 0.0785348 -0.383638 0.506004 -0.772517
0.260356 -0.121721 0.05963 -0.383638 0.506004 -0.772517
0.138662 0.258238 -0.168366 0.383637 -0.506004 0.772517
0.069254 -0.146883 -0.231359 0.600687 -0.498645 -0.624922
0.0637721 0.423174 -0.0231408 0.383638 -0.506004 0.772517
0.289123 0.0549621 -0.0980484 -0.600687 0.498645 0.624922
0.0683317 0.415683 0.149124 -0.600687 0.498645 0.624922
-0.175236 -0.0411117 -0.0475565 -0.701425 -0.703785 -0.112651
-0.270013 0.179722 -0.0694479 0.701425 0.703784 0.112651
0.204918 0.295519 -0.244013 -0.383637 0.506004 -0.772517
0.260497 0.00138278 0.207357 0.383637 -0.506004 0.772517
-0.127563 -0.10927 0.0814219 -0.701425 -0.703785 -0.112651
-0.240831 -0.0343324 0.211033 -0.600687 0.498645 0.624922
0.43297 -0.044661 0.0366866 0.600687 -0.498646 -0.624922
0.0188425 -0.192065 0.200655 0.383637 -0.506004 0.772517
0.463839 0.015712 0.115762 0.383638 -0.506004 0.772517
0.282848 -0.0264026 0.110895 -0.383638 0.506004 -0.772517
0.076212 0.376343 0.188089 -0.600687 0.498645 0.624922
-0.407521 -0.224997 0.0120455 -0.360078 0.928629 -0.0893937
0.30343 0.06868 -0.178268 0.600687 -0.498645 -0.624922
-0.140101 0.16589 0.148092 -0.600687 0.498645 0.624922
-0.00916243 -0.17332 -0.255652 -0.701425 -0.703785 -0.112651
-0.108806 -0.0733368 0.146339 -0.600861 0.458642 0.654686
0.0580142 -0.219409 -0.184291 0.600687 -0.498645 -0.624922
0.354371 0.306555 0.316793 0.701425 0.703785 0.112651
-0.0653121 -0.172819 0.255053 0.383637 -0.506004 0.772517
0.00453993 -0.23455 0.0415642 -0.701425 -0.703785 -0.112651
0.186299 -0.180006 0.104334 -0.701422 -0.703788 -0.112646
-0.107262 0.369415 0.0172585 -0.600687 0.498645 0.624922
0.0279563 0.409545 0.115213 -0.600687 0.498645 0.624922
0.00601341 0.364878 0.0467361 0.600687 -0.498645 -0.624922
0.319741 0.16166 0.215756 -0.383638 0.506004 -0.772517
-0.245744 0.0921509 0.105386 -0.600687 0.498645 0.624922
0.0946648 0.21572 0.250967 0.600687 -0.498645 -0.624922
0.202021 0.351232 0.24603 0.600687 -0.498645 -0.624922
0.03384 0.327616 0.103216 0.600687 -0.498645 -0.624922
0.430127 -0.0570141 0.0848581 0.39826 -0.518086 0.756951
0.227109 0.379409 0.193462 -0.701425 -0.703785 -0.112651
-0.20616 0.258871 -0.0403545 0.701432 0.703778 0.112649
0.174095 0.295552 0.263616 0.600687 -0.498645 -0.624922
0.369064 0.193125 0.211872 -0.383638 0.506004 -0.772517
0.15325 0.25673 -0.243761 -0.383637 0.506004 -0.772517
