ply
format ascii 1.0
comment Created by Open3D
element vertex 512
property double x
property double y
property double z
property double nx
property double ny
property double nz
end_header
0.384648 0.0262139 0.180196 0.17083 -0.804739 0.568518
0.222809 -0.17451 -0.0552996 0.17083 -0.804739 0.568518
-0.106708 -0.078759 0.179251 0.17083 -0.804739 0.568518
-0.470789 -0.167219 0.154453 -0.983779 -0.171367 0.0530377
0.517234 -0.0969044 -0.146365 0.983779 0.171367 -0.0530375
0.412235 -0.0206609 0.0477101 -0.701393 -0.504562 -0.503453
-0.0478018 -0.117094 0.107288 0.17083 -0.804739 0.568518
0.491319 0.0732304 -0.0773321 0.983778 0.171368 -0.0530385
0.490697 0.156747 0.180981 0.983779 0.171367 -0.0530377
0.302975 0.0689694 0.265258 0.17083 -0.804739 0.568518
0.497018 0.00280846 0.0926068 -0.17083 0.804739 -0.568518
0.382931 -0.0972751 0.00591309 0.17083 -0.804739 0.568518
-0.104794 -0.0686307 0.172319 -0.17083 0.804739 -0.568518
-0.51774 0.109039 0.051247 -0.170831 0.804739 -0.568518
-0.0117418 0.149534 0.361433 -0.0547437 0.568356 0.82096
0.249542 -0.0237 0.15014 0.17083 -0.804739 0.568518
0.501192 0.0616665 0.19536 0.17083 -0.804739 0.568518
0.480107 0.174684 0.0425033 0.983779 0.171367 -0.0530378
0.398191 -0.2562 -0.247487 -0.0547437 0.568356 0.82096
0.394969 -0.0327006 -0.416763 0.0547437 -0.568356 -0.82096
0.116284 -0.0712519 -0.394469 -0.17083 0.804739 -0.568517
-0.484064 -0.0740699 -0.0126342 0.983779 0.171367 -0.0530377
-0.228368 -0.271181 -0.293227 0.0547437 -0.568356 -0.82096
0.147996 0.0587153 0.276618 -0.17083 0.804739 -0.568518
-0.156858 -0.167682 0.0477553 -0.17083 0.804739 -0.568518
0.204009 -0.185379 -0.323796 0.0547436 -0.568356 -0.82096
0.498631 0.0560527 0.0028006 0.983779 0.171366 -0.0530372
0.487656 0.194721 0.247266 0.983779 0.171367 -0.0530377
0.13401 -0.130323 -0.352249 -0.0547437 0.568356 0.82096
0.382895 0.408059 0.203885 -0.170826 0.80474 -0.568518
0.197065 -0.0682155 -0.391042 -0.0547437 0.568356 0.82096
-0.338784 -0.279492 -0.0351532 0.17083 -0.804739 0.568518
-0.485112 -0.113485 0.0624011 -0.983779 -0.171367 0.0530377
0.29374 -0.180249 -0.307033 -0.0547436 0.568356 0.82096
0.223932 0.0189573 0.197523 -0.17083 0.804739 -0.568518
-0.245151 -0.212779 -0.320448 -0.0547437 0.568356 0.82096
-0.195389 -0.156624 0.0956798 0.17083 -0.804739 0.568518
0.499894 0.123193 0.243153 0.983779 0.171367 -0.0530375
-0.164815 -0.255948 -0.299535 0.0547437 -0.568356 -0.82096
-0.387965 -0.229503 0.0296907 -0.17083 0.804739 -0.568518
0.425033 -0.198275 -0.269192 -0.742492 0.27416 0.611181
0.357633 -0.225098 -0.286054 0.0547437 -0.568356 -0.82096
-0.179319 -0.111576 0.154617 0.17083 -0.804739 0.568518
0.43415 0.2407 0.316455 0.393418 0.584718 0.709456
-0.40426 -0.287951 -0.0274521 0.17083 -0.804739 0.568518
0.434828 0.34629 0.196695 -0.801861 -0.448849 -0.394403
-0.213868 0.198647 0.299623 0.0547437 -0.568356 -0.82096
0.0118914 -0.0473202 -0.0954425 -0.629008 -0.533194 -0.565732
-0.316812 -0.335732 -0.142056 -0.17083 0.804739 -0.568517
-0.248163 -0.0197953 0.305219 0.17083 -0.804739 0.568518
-0.488029 -0.0749868 -0.0891281 0.983779 0.171367 -0.0530377
-0.221769 -0.268228 -0.280501 -0.0547437 0.568356 0.82096
-0.439014 0.098943 0.349784 0.315141 -0.502064 -0.805368
-0.395494 -0.138067 0.161382 -0.17083 0.804739 -0.568518
-0.392622 -0.176868 0.105596 -0.17083 0.804739 -0.568518
-0.330868 -0.199984 -0.335021 -0.0547437 0.568356 0.82096
-0.118762 0.319581 0.236572 -0.0547437 0.568356 0.82096
0.059401 -0.241306 -0.246455 0.735026 0.48834 0.470384
0.00892338 0.332513 0.221803 0.0547437 -0.568356 -0.82096
0.356912 0.0617546 0.238838 0.17083 -0.804739 0.568518
-0.146601 0.225838 0.299614 -0.0547437 0.568356 0.82096
-0.255409 -0.259473 -0.0525618 -0.170831 0.804741 -0.568515
0.0842764 0.00607165 0.241941 0.17083 -0.804739 0.568518
0.28909 -0.203869 -0.137467 -0.17083 0.804739 -0.568518
-0.315214 -0.0669758 0.258583 0.17083 -0.804739 0.568518
0.508808 -0.0094498 -0.0200814 0.983779 0.171367 -0.0530375
0.301267 0.294819 0.281723 -0.0547437 0.568356 0.82096
-0.05931 -0.102422 0.11082 -0.17083 0.804739 -0.568518
0.354396 0.399235 0.199958 -0.17083 0.804739 -0.568518
-0.234601 0.0214362 0.359507 0.17083 -0.804739 0.568517
0.0324195 -0.108527 -0.0308939 0.55969 -0.395615 -0.728173
-0.291547 -0.261352 -0.289914 -0.0547437 0.568356 0.82096
-0.195865 0.263837 0.270022 -0.0547437 0.568356 0.82096
0.37668 -0.204645 -0.144191 0.17083 -0.804739 0.568518
-0.0816387 -0.281768 -0.136335 -0.17083 0.804739 -0.568518
-0.27824 -0.17352 -0.364164 0.0547437 -0.568356 -0.82096
0.0725784 -0.140114 -0.363897 0.0547436 -0.568356 -0.82096
-0.468005 -0.0679789 0.28238 -0.17083 0.804739 -0.568518
0.469723 0.0888624 -0.205588 -0.983779 -0.171367 0.0530377
-0.0720795 0.182318 0.334713 -0.0547437 0.568356 0.82096
0.196272 0.0854616 0.320666 0.17083 -0.804739 0.568517
0.459142 0.210909 -0.0980931 -0.17083 0.804739 -0.568518
-0.375542 0.0798796 0.385396 -0.0547437 0.568356 0.82096
-0.35276 0.206718 0.299104 -0.0547437 0.568356 0.82096
-0.25165 0.120438 0.365578 -0.0547437 0.568356 0.82096
0.525651 -0.220446 -0.218038 0.903346 -0.102474 -0.416492
0.494033 0.0316727 -0.16126 0.983778 0.17137 -0.0530379
0.455913 -0.0926196 -0.359533 0.49122 -0.430619 -0.757146
-0.506356 -0.0253281 -0.0468047 -0.983779 -0.171367 0.0530377
-0.430302 -0.310032 -0.260076 -0.521715 -0.563353 -0.640662
0.28547 -0.0684543 0.0759944 0.17083 -0.804739 0.568518
-0.487658 0.0322098 0.264099 0.983779 0.171367 -0.0530378
-0.197332 -0.0369777 0.24493 -0.17083 0.804739 -0.568518
0.119559 -0.037675 0.169416 0.17083 -0.804739 0.568518
0.252784 -0.025007 0.147316 0.17083 -0.804739 0.568518
0.316217 -0.0104508 0.14886 0.17083 -0.804739 0.568518
-0.453368 -0.336962 -0.196109 -0.898153 -0.364437 -0.245982
-0.27047 -0.0961669 0.203818 0.17083 -0.804739 0.568518
0.110024 -0.258818 -0.279221 0.0547437 -0.568356 -0.82096
0.409259 0.124206 0.290816 -0.170828 0.804739 -0.568518
-0.345783 -0.159501 0.136799 0.17083 -0.804739 0.568518
0.148866 -0.29337 -0.222021 -0.17083 0.804739 -0.568518
-0.502916 0.0386441 0.00188309 0.983779 0.171367 -0.0530377
0.187859 -0.0855347 -0.379665 -0.0547437 0.568356 0.82096
-0.506821 -0.0564704 -0.156062 -0.983779 -0.171367 0.0530377
0.461801 0.0361262 0.15035 -0.17083 0.804739 -0.568518
-0.100868 -0.227973 -0.0337174 0.17083 -0.804739 0.568518
-0.486771 -0.186913 -0.205616 -0.983779 -0.171367 0.0530377
0.431576 0.0688225 0.226408 0.17083 -0.804739 0.568518
0.0744076 0.345768 0.216993 0.0547437 -0.568356 -0.82096
-0.51116 0.0390202 0.0719982 -0.983779 -0.171367 0.0530377
0.29149 -0.122616 -0.361414 0.0547437 -0.568356 -0.82096
-0.361478 -0.30772 -0.262476 -0.0547437 0.568356 0.82096
-0.27337 0.250935 0.273786 -0.0547437 0.568356 0.82096
-0.507065 0.100427 0.283963 -0.962741 -0.0135654 0.270085
-0.500518 0.243566 0.243247 -0.611226 0.366004 0.701743
-0.16826 0.0444193 0.351412 -0.17083 0.804739 -0.568518
-0.48204 -0.193104 -0.137865 -0.983779 -0.171367 0.0530377
0.297318 -0.184487 -0.303861 -0.0547436 0.568356 0.82096
-0.460298 -0.234998 -0.0917697 0.983779 0.171367 -0.0530377
0.222039 -0.167936 -0.0664562 -0.17083 0.804739 -0.568518
0.515084 -0.0895012 -0.162321 0.983779 0.171367 -0.0530375
-0.0442647 -0.208639 -0.0233577 0.17083 -0.804739 0.568518
-0.473153 0.00277698 0.384036 -0.860436 0.15929 0.484022
-0.513303 0.0943304 0.210948 -0.983779 -0.171367 0.0530377
0.25679 -0.0635626 0.0915364 0.17083 -0.804739 0.568518
-0.314379 0.11478 0.350982 0.0547437 -0.568356 -0.82096
-0.316208 -0.0220753 0.322438 0.17083 -0.804739 0.568518
0.474366 0.0286618 -0.360639 -0.17083 0.804738 -0.56852
0.121792 -0.0800778 -0.402179 0.0547438 -0.568356 -0.820959
0.470721 0.163538 0.0542114 -0.983779 -0.171367 0.0530378
-0.478706 -0.18428 -0.321683 -0.801858 -0.448851 -0.394406
0.384844 0.0280749 0.162078 -0.17083 0.804739 -0.568518
0.286958 -0.261247 -0.265741 0.0547437 -0.568356 -0.82096
-0.406879 -0.288238 -0.0270712 0.17083 -0.804739 0.568518
-0.185802 -0.00822723 0.302855 0.17083 -0.804739 0.568518
-0.340958 -0.155125 -0.375799 -0.17083 0.804739 -0.568518
0.517508 -0.178293 -0.182424 -0.983779 -0.171367 0.0530381
0.281344 0.391538 0.211014 -0.17083 0.804739 -0.568518
0.458041 0.282483 0.251935 0.801858 0.448851 0.394406
-0.278999 -0.342969 -0.246904 0.0547437 -0.568356 -0.82096
0.447535 0.294453 0.0236519 -0.17083 0.804739 -0.568518
0.375454 -0.104782 -0.368162 0.0547437 -0.568356 -0.82096
-0.488899 -0.0722249 0.125469 -0.983779 -0.171367 0.0530377
-0.293109 -0.378903 -0.189594 0.17083 -0.804739 0.568518
-0.124416 -0.363088 -0.222667 0.0547437 -0.568356 -0.82096
0.102617 -0.0787227 0.09571 -0.17083 0.804739 -0.568518
-0.527159 0.184839 0.215649 -0.978655 -0.0716795 0.192606
-0.482112 -0.131455 -0.161827 0.983779 0.171367 -0.0530377
0.407521 0.114821 0.278053 -0.17083 0.804739 -0.568518
0.492378 0.125468 0.111094 0.983779 0.171367 -0.0530378
0.390488 0.189704 0.346114 0.0547437 -0.568356 -0.82096
-0.490969 0.0948623 0.295476 0.93756 -0.0446639 -0.344943
0.105701 -0.273106 -0.180367 -0.17083 0.804739 -0.568518
0.0431219 -0.0171872 0.200691 -0.17083 0.804739 -0.568518
0.0284301 0.118272 0.385754 -0.0547437 0.568356 0.82096
-0.239273 -0.134042 0.140831 0.17083 -0.804739 0.568518
0.190947 -0.244937 -0.269104 -0.0547437 0.568356 0.82096
-0.00190442 -0.272583 -0.147293 -0.17083 0.804739 -0.568518
-0.510651 -0.00352112 -0.110213 -0.170831 0.804739 -0.568518
0.150416 -0.199487 -0.0895953 -0.17083 0.804739 -0.568518
0.229316 -0.0918818 0.0390124 -0.17083 0.804739 -0.568518
0.0150039 -0.284481 -0.25346 -0.0547437 0.568356 0.82096
0.188695 -0.0564347 0.122087 0.17083 -0.804739 0.568518
-0.270355 -0.341181 -0.247565 0.0547437 -0.568356 -0.82096
0.391056 -0.0446509 -0.0685444 -0.796693 -0.452316 -0.400863
0.360915 -0.192519 -0.142983 -0.17083 0.804739 -0.568518
0.294515 0.286682 0.272576 0.0547437 -0.568356 -0.82096
-0.265261 -0.248813 -0.0345129 -0.17083 0.804739 -0.568518
0.0930228 0.117504 0.376262 0.0547437 -0.568356 -0.82096
-0.24224 -0.137346 0.137045 0.17083 -0.804739 0.568518
-0.422802 0.193749 0.289081 0.0547437 -0.568356 -0.82096
0.137314 0.0931862 0.328622 -0.17083 0.804739 -0.568518
0.0216854 -0.103647 -0.0524633 -0.796695 -0.452314 -0.400859
-0.275745 -0.298951 -0.102333 -0.17083 0.804739 -0.568518
0.449321 -0.136289 -0.0692609 0.17083 -0.804739 0.568518
0.0405055 -0.0877939 -0.395115 -0.17083 0.804739 -0.568517
-0.333703 -0.0103799 0.323556 -0.170827 0.804741 -0.568515
-0.252694 0.274971 0.244194 0.0547437 -0.568356 -0.82096
-0.484902 0.171422 0.294476 -0.61123 0.366002 0.701741
0.219654 0.200784 0.327051 0.0547437 -0.568356 -0.82096
-0.239152 -0.191754 0.0384098 -0.17083 0.804739 -0.568518
0.444729 0.0705625 0.224918 0.17083 -0.804739 0.568518
-0.488468 0.0476628 0.341198 -0.903349 0.102469 0.416487
-0.160214 -0.328968 -0.179538 -0.17083 0.804738 -0.568519
-0.48329 -0.00829701 0.214243 0.983779 0.171367 -0.0530378
0.455453 0.329665 0.0859566 0.983779 0.171367 -0.0530377
0.0968258 -0.314046 -0.241866 0.0547437 -0.568356 -0.82096
0.451761 0.299022 0.140272 -0.983779 -0.171367 0.0530378
-0.461997 -0.167404 0.0951161 0.983779 0.171367 -0.0530378
0.220214 0.376008 0.2074 -0.17083 0.80474 -0.568517
-0.371417 0.0863168 0.381214 -0.0547437 0.568356 0.82096
0.378983 0.0494486 -0.116311 -0.170831 0.804738 -0.568519
-0.411631 -0.188902 -0.362098 -0.0177694 -0.579422 -0.814834
-0.230285 -0.203904 -0.325601 -0.0547437 0.568356 0.82096
-0.482863 -0.0806974 -0.0117551 0.983779 0.171367 -0.0530377
0.469054 -0.141184 -0.307233 -0.572567 0.388498 0.721967
0.386593 -0.0189897 0.115626 0.17083 -0.804739 0.568518
-0.491675 0.247599 0.239547 -0.17083 0.804739 -0.568518
-0.136261 0.23431 0.280108 0.0547437 -0.568356 -0.82096
0.308796 0.338552 0.237618 0.0547437 -0.568356 -0.82096
-0.0162718 -0.0239212 0.209006 -0.17083 0.804739 -0.568518
-0.283255 -0.384138 -0.199964 0.17083 -0.804739 0.568518
-0.47181 -0.177964 -0.12101 0.983779 0.171367 -0.0530377
0.514742 -0.0110638 0.084779 0.983779 0.171367 -0.0530379
-0.135382 -0.0496377 0.229088 0.17083 -0.804739 0.568518
-0.512845 0.139786 0.144502 0.983779 0.171367 -0.0530377
0.0327785 -0.162407 -0.296217 0.0434939 0.582596 0.811597
0.393706 -0.131419 -0.301602 -0.856119 0.164385 0.489937
0.491934 0.0154168 -0.229463 0.170829 -0.804739 0.568518
-0.326513 0.283599 0.247629 -0.0547437 0.568356 0.82096
0.0618745 -0.0522133 0.145477 -0.17083 0.804739 -0.568518
-0.121392 -0.363316 -0.222307 0.0547437 -0.568356 -0.82096
-0.495423 -0.119773 -0.149182 -0.983779 -0.171367 0.0530377
0.365987 0.271156 0.288091 0.0547437 -0.568356 -0.82096
0.452168 0.244229 -0.0292038 -0.983779 -0.171367 0.0530377
0.34158 -0.149556 -0.339423 0.0547437 -0.568356 -0.82096
0.376525 -0.0998887 0.00413853 0.17083 -0.804739 0.568518
-0.223984 0.0256971 0.362348 0.17083 -0.804739 0.568517
-0.500513 -0.00300875 0.133686 -0.983779 -0.171367 0.0530377
0.1835 -0.0444253 0.119954 -0.17083 0.804739 -0.568518
0.240125 0.320062 0.26017 -0.0547437 0.568356 0.82096
-0.0844751 -0.248425 -0.0882866 -0.17083 0.804739 -0.568518
0.012696 0.34001 0.2188 -0.17083 0.80474 -0.568517
-0.0725722 0.173383 0.340865 -0.0547437 0.568356 0.82096
-0.0343886 0.0871254 0.39233 0.17083 -0.804739 0.568517
0.0991893 -0.239478 -0.110117 0.17083 -0.804739 0.568518
0.0892956 0.0212427 0.241214 -0.17083 0.804739 -0.568518
0.487555 0.115012 -0.0121466 0.983779 0.171367 -0.0530378
-0.163267 -0.302522 -0.252858 -0.0547437 0.568356 0.82096
-0.483974 -0.00997555 0.196137 0.983779 0.171367 -0.0530378
-0.0725998 -0.0115721 0.243412 -0.17083 0.804739 -0.568518
-0.227515 -0.185186 0.0442098 -0.17083 0.804739 -0.568518
-0.334119 0.281664 0.240422 -0.17083 0.80474 -0.568517
0.210616 0.364157 0.227675 -0.0547437 0.568356 0.82096
0.244789 0.145918 0.366711 0.0547437 -0.568356 -0.82096
0.362999 -0.154962 -0.0904474 -0.17083 0.804739 -0.568518
0.223325 -0.134009 -0.358072 0.0547437 -0.568356 -0.82096
0.307757 0.0350419 0.195103 -0.17083 0.804739 -0.568518
0.145061 0.235263 0.298208 0.0547437 -0.568356 -0.82096
0.429984 0.35346 0.197876 -0.741879 -0.484767 -0.463267
-0.513846 0.100562 0.221029 -0.983779 -0.171367 0.0530377
-0.209466 -0.376969 -0.211989 0.17083 -0.804739 0.568518
0.178922 0.314202 0.245815 0.0547437 -0.568356 -0.82096
-0.0972041 0.0849578 0.40044 -0.0547437 0.568356 0.82096
0.479738 0.135756 -0.090125 0.983779 0.171367 -0.0530378
0.350421 0.235553 0.326031 -0.0547437 0.568356 0.82096
0.479135 0.149988 0.166503 -0.983779 -0.17137 0.0530217
-0.392891 0.155329 0.332005 -0.0547437 0.568356 0.82096
0.456173 0.213502 -0.0935294 -0.17083 0.804739 -0.568518
-0.0287172 -0.0667065 0.152183 -0.17083 0.804739 -0.568518
0.318746 -0.00382599 0.136784 -0.17083 0.804739 -0.568518
-0.14036 0.170453 0.324044 0.0547437 -0.568356 -0.82096
-0.333462 -0.189601 0.0697952 -0.17083 0.804739 -0.568518
0.0501144 -0.298649 -0.199821 -0.17083 0.804741 -0.568515
0.498592 -0.188882 -0.27209 0.718 -0.293468 -0.631152
-0.250026 -0.0237901 0.300124 0.17083 -0.804739 0.568518
-0.155411 -0.207423 -0.00893272 -0.17083 0.804739 -0.568518
-0.438286 0.101879 0.348239 0.315141 -0.502064 -0.805368
0.283578 -0.266987 -0.20446 0.17083 -0.804739 0.568518
-0.411648 0.0254797 0.397737 -0.17083 0.804739 -0.568518
-0.172268 -0.182241 -0.336729 -0.0547437 0.568356 0.82096
-0.0259761 -0.166352 -0.352305 0.0547437 -0.568356 -0.82096
0.2992 0.186169 0.356804 -0.0547437 0.568356 0.82096
-0.504656 0.0461713 -0.00607796 0.983779 0.171367 -0.0530377
0.108395 -0.123198 0.0310193 -0.17083 0.804739 -0.568518
-0.329791 0.016271 0.380799 0.17083 -0.804739 0.568517
-0.289893 0.181988 0.320416 -0.0547437 0.568356 0.82096
0.17187 -0.235771 -0.147401 -0.17083 0.804739 -0.568518
0.0471086 0.0689002 0.342044 0.17083 -0.804739 0.568517
0.464557 -0.0306124 -0.364798 -0.809239 0.214573 0.546892
0.21252 -0.192291 -0.304113 -0.0547437 0.568356 0.82096
-0.0822299 -0.10751 -0.386143 -0.17083 0.804739 -0.568517
0.462867 0.252572 0.196191 -0.983779 -0.171367 0.0530379
0.35562 -0.148146 -0.0785815 -0.17083 0.804739 -0.568518
0.020118 -0.182314 -0.00544094 0.17083 -0.804739 0.568518
0.500309 0.118954 0.237154 0.983778 0.171372 -0.0530389
0.0771068 0.181755 0.34505 -0.0547437 0.568356 0.82096
0.221573 0.0565653 0.251466 -0.17083 0.804739 -0.568518
0.351144 -0.0637126 0.0629723 0.17083 -0.804739 0.568518
-0.205074 -0.37668 -0.2129 0.17083 -0.804739 0.568518
0.467866 -0.222365 -0.196673 0.17083 -0.804739 0.568518
-0.165268 -0.254388 -0.0517571 0.17083 -0.804739 0.568518
-0.0845974 -0.310506 -0.256414 0.0547437 -0.568356 -0.82096
0.0107503 -0.101871 0.111242 0.17083 -0.804739 0.568518
0.297962 -0.0550128 -0.393454 -0.0547436 0.568356 0.82096
0.277418 0.233076 0.308547 0.0547437 -0.568356 -0.82096
0.0257302 -0.139668 0.0532389 0.17083 -0.804739 0.568518
-0.206948 -0.289277 -0.109312 -0.17083 0.804739 -0.568518
-0.019745 -0.347042 -0.226796 0.0547437 -0.568356 -0.82096
-0.316017 -0.231483 0.0259631 0.17083 -0.804739 0.568518
0.148348 -0.102989 0.0683136 0.17083 -0.804739 0.568518
0.474692 -0.07852 -0.0158052 -0.17083 0.804739 -0.568518
-0.433524 -0.288271 -0.257548 0.601127 0.542296 0.586994
0.461806 -0.15667 -0.318842 0.405133 -0.468598 -0.785037
0.307357 0.0342174 0.194056 -0.17083 0.804739 -0.568518
0.285202 0.120105 0.322288 -0.17083 0.804739 -0.568518
-0.0361652 -0.155216 0.0498284 0.17083 -0.804739 0.568518
0.14205 -0.203924 -0.315089 0.0547437 -0.568356 -0.82096
0.30141 -0.124062 -0.0282022 -0.17083 0.804739 -0.568518
-0.217369 0.198608 0.299416 0.0547437 -0.568356 -0.82096
-0.417425 0.269527 0.248275 -0.17083 0.80474 -0.568517
0.143721 0.248948 0.288644 0.0547437 -0.568356 -0.82096
0.0511373 -0.228559 -0.270403 -0.935766 0.0481381 0.349321
0.505771 -0.161439 -0.121822 0.17083 -0.804739 0.568518
0.104784 -0.279898 -0.169012 0.17083 -0.804739 0.568518
0.0268508 -0.168497 -0.303687 0.709266 -0.300077 -0.637883
0.495107 -0.0669996 -0.238343 -0.983779 -0.171368 0.0530371
-0.299288 -0.127272 0.168448 0.17083 -0.804739 0.568518
0.299739 -0.197203 -0.110538 0.17083 -0.804739 0.568518
0.477381 0.0303915 -0.359096 -0.17083 0.804739 -0.568518
-0.0221351 -0.23883 -0.0934361 -0.17083 0.804739 -0.568518
-0.234055 -0.332575 -0.162455 -0.17083 0.804739 -0.568517
0.504716 -0.00982089 -0.0971842 0.983779 0.171366 -0.0530372
-0.496002 -0.149627 -0.256375 -0.983779 -0.171367 0.0530377
-0.0190033 -0.228814 -0.0801995 -0.17083 0.804739 -0.568518
0.479786 0.00358981 -0.294453 -0.983779 -0.171367 0.0530377
-0.491992 -0.0899419 -0.21097 0.983779 0.171367 -0.0530377
0.383755 0.178034 0.353744 0.0547437 -0.568356 -0.82096
-0.501556 0.0732233 0.138834 0.983779 0.171367 -0.0530378
-0.467411 -0.216369 0.0583061 -0.983779 -0.171367 0.0530377
0.233878 -0.128883 -0.0147339 -0.17083 0.804739 -0.568518
-0.0786622 -0.0174588 0.257594 0.17083 -0.804739 0.568518
0.148984 -0.163885 -0.0387707 -0.17083 0.804739 -0.568518
-0.426388 0.257597 0.25897 -0.0547437 0.568356 0.82096
-0.497291 0.0280159 0.0718757 0.983779 0.171367 -0.0530377
-0.098824 -0.249851 -0.285025 -0.0547442 0.568357 0.820959
0.399883 -0.131414 -0.305827 0.830714 -0.192645 -0.522305
0.091372 0.105505 0.380558 0.17083 -0.804739 0.568517
0.326305 -0.042051 -0.414868 0.0547438 -0.568356 -0.820959
-0.10811 0.290049 0.257727 -0.0547437 0.568356 0.82096
0.442366 -0.18512 -0.136291 0.17083 -0.804739 0.568518
-0.488191 0.169439 0.292431 -0.648411 0.342629 0.679829
-0.0665749 -0.317464 -0.19139 -0.17083 0.804741 -0.568515
-0.328326 -0.227894 0.014049 -0.17083 0.804739 -0.568518
0.380369 -0.0165565 0.12094 0.17083 -0.804739 0.568518
0.0204398 0.273922 0.263134 0.0547437 -0.568356 -0.82096
-0.271092 0.0568554 0.408301 -0.0547437 0.568356 0.82096
-0.176366 -0.103952 0.143828 -0.17083 0.804739 -0.568518
0.432505 -0.189565 -0.272403 0.971294 0.0405984 -0.23439
-0.49943 0.0313846 0.264903 -0.983779 -0.171367 0.0530377
0.23992 0.157412 0.37276 -0.0547437 0.568356 0.82096
0.228674 -0.295971 -0.22899 0.17083 -0.804739 0.568518
0.438333 0.241266 0.313464 0.437275 0.578985 0.688162
-0.194373 0.139352 0.356303 -0.0547437 0.568356 0.82096
-0.515819 0.153176 0.132605 0.983779 0.171367 -0.0530377
-0.0264184 0.0542405 0.322693 -0.17083 0.804739 -0.568518
-0.113958 -0.130509 0.0874827 -0.17083 0.804739 -0.568518
-0.481134 -0.173339 -0.0572078 -0.983779 -0.171367 0.0530377
0.0249905 -0.0281718 -0.0779836 0.285033 0.592691 0.753309
0.157073 0.17853 0.352615 -0.0547437 0.568356 0.82096
-0.467589 -0.158246 0.0209909 0.983779 0.171367 -0.0530378
-0.10753 0.0477849 0.358621 0.17083 -0.804739 0.568517
0.170893 -0.013719 0.187901 0.17083 -0.804739 0.568518
0.507012 -0.132481 -0.229102 -0.983779 -0.171367 0.053038
-0.0189135 -0.0632597 0.154116 -0.17083 0.804739 -0.568518
0.464487 0.293857 0.137827 0.983779 0.171367 -0.0530378
0.411532 -0.0331827 -0.0511312 0.550382 0.556525 0.622383
-0.254393 -0.0511952 0.241951 -0.170828 0.804741 -0.568516
-0.316612 -0.0622231 0.26573 0.17083 -0.804739 0.568518
0.113467 -0.249032 -0.285766 0.0547437 -0.568356 -0.82096
0.449525 0.165263 0.357527 0.17083 -0.804739 0.568518
-0.135612 -0.269821 -0.103206 -0.17083 0.804739 -0.568518
0.40858 -0.231174 -0.212022 -0.170823 0.804747 -0.568509
-0.459341 -0.215836 -0.0120967 0.983779 0.171367 -0.0530378
-0.13122 0.116368 0.362096 0.0547437 -0.568356 -0.82096
0.48099 0.0167555 -0.229571 -0.983779 -0.171367 0.0530377
0.465108 -0.0931753 -0.0129763 0.17083 -0.804739 0.568518
0.0772918 -0.192152 -0.327557 0.0547437 -0.568356 -0.82096
-0.362693 -0.318903 -0.254815 -0.0547437 0.568356 0.82096
0.240808 -0.244653 -0.159995 0.17083 -0.804739 0.568518
0.224514 -0.205061 -0.119751 -0.17083 0.804739 -0.568518
0.41899 -0.135309 -0.0587588 0.17083 -0.804739 0.568518
-0.466871 -0.169441 0.159113 0.17083 -0.804739 0.568518
-0.169468 -0.300523 -0.254655 -0.0547437 0.568356 0.82096
-0.354931 0.188934 0.29694 0.0547437 -0.568356 -0.82096
-0.00298116 -0.275025 -0.150426 -0.17083 0.804739 -0.568518
-0.43794 -0.333689 -0.204708 0.80186 0.44885 0.394404
0.498802 -0.0825516 -0.309774 0.921566 -0.0736536 -0.381172
0.317459 0.178423 0.363385 -0.0547437 0.568356 0.82096
-0.223626 -0.134874 -0.382389 -0.17083 0.804739 -0.568518
-0.415723 -0.028567 0.343152 0.17083 -0.804739 0.568518
-0.211846 -0.224343 -0.0159257 -0.17083 0.804739 -0.568518
0.0587762 0.235937 0.306318 -0.0547437 0.568356 0.82096
-0.427632 -0.357056 -0.118247 0.17083 -0.804739 0.568518
-0.506168 -0.026036 -0.0456015 -0.983779 -0.171367 0.0530377
-0.407195 -0.106669 0.230036 0.17083 -0.804739 0.568518
0.340992 -0.24308 -0.187872 0.17083 -0.804739 0.568518
-0.0375297 0.0903325 0.397814 0.17083 -0.804739 0.568517
-0.406727 -0.388699 -0.16932 0.170827 -0.804741 0.568515
-0.00363255 0.18848 0.32068 0.0547437 -0.568356 -0.82096
0.342281 -0.280434 -0.241134 0.17083 -0.804739 0.568518
-0.493964 -0.10965 -0.0893952 -0.983779 -0.171367 0.0530377
-0.499147 -0.0857616 -0.230081 -0.170832 0.804739 -0.568517
-0.453593 -0.0681949 0.298438 0.17083 -0.804739 0.568518
0.469938 0.147138 -0.191604 -0.17083 0.804739 -0.568518
0.043137 -0.228369 -0.0775486 0.17083 -0.804739 0.568518
-0.482777 -0.15862 -0.261933 0.983779 0.171367 -0.0530377
0.351206 -0.0532844 0.0570213 -0.17083 0.804739 -0.568518
0.0774325 -0.164572 0.00245071 0.17083 -0.804739 0.568518
0.276223 0.227655 0.31222 0.0547437 -0.568356 -0.82096
-0.51753 0.118759 0.0649417 -0.170831 0.804739 -0.568518
0.0123351 -0.189568 -0.0133703 0.17083 -0.804739 0.568518
-0.186147 0.310941 0.23806 -0.0547437 0.568356 0.82096
0.473814 0.0872502 -0.134912 -0.983779 -0.171367 0.0530375
-0.0947272 -0.191881 0.0155263 0.17083 -0.804739 0.568518
0.466192 0.174953 -0.151106 -0.17083 0.804739 -0.568518
-0.114365 0.0183066 0.298255 -0.17083 0.804739 -0.568518
0.179422 -0.133398 0.0159323 0.17083 -0.804739 0.568518
0.518724 -0.084091 -0.0773286 0.983779 0.171367 -0.0530375
0.00645235 -0.280669 -0.256669 -0.0547437 0.568356 0.82096
-0.226529 -0.135576 -0.382511 -0.17083 0.804739 -0.568518
0.177493 0.125999 0.383689 0.17083 -0.804739 0.568517
0.485457 -0.0421894 0.0323862 -0.17083 0.804739 -0.568518
-0.428094 -0.24233 -0.318192 -0.348625 -0.589041 -0.729035
0.437878 -0.187852 -0.13881 0.17083 -0.804739 0.568518
0.230006 -0.134726 -0.35713 0.0547437 -0.568356 -0.82096
-0.388949 -0.236489 0.0407916 0.17083 -0.804739 0.568518
0.420258 -0.0161456 0.0424039 0.959314 0.267488 0.0903727
0.47995 0.00232631 -0.295494 -0.983779 -0.171367 0.0530377
0.089172 0.0503615 0.303163 0.17083 -0.804739 0.568518
-0.242462 -0.344837 -0.156592 0.17083 -0.804739 0.568518
-0.214859 -0.0817736 0.207481 0.17083 -0.804739 0.568518
-0.472635 -0.0775669 0.188076 0.983779 0.171367 -0.0530378
-0.0237895 -0.102376 -0.396436 -0.17083 0.804739 -0.568518
-0.473375 -0.240416 -0.265857 -0.877196 -0.386987 -0.284199
0.47427 0.201982 0.244248 -0.983779 -0.171367 0.0530379
0.51888 -0.0818869 -0.0673117 0.983779 0.171367 -0.0530375
0.350182 -0.218443 -0.276828 -0.0547437 0.568356 0.82096
-0.324471 -0.329389 -0.130777 -0.17083 0.804739 -0.568517
-0.379835 -0.0709629 0.272356 0.17083 -0.804739 0.568518
0.147852 0.0244083 0.2281 -0.170818 0.804738 -0.568522
-0.487699 -0.0163966 0.328105 -0.983779 -0.171367 0.0530377
0.299658 -0.142187 -0.0326378 0.17083 -0.804739 0.568518
0.477148 0.222727 0.142838 0.983779 0.171367 -0.0530378
-0.0211983 0.0471937 0.331843 0.17083 -0.804739 0.568517
0.479824 0.0691207 -0.303824 0.983779 0.171367 -0.0530377
0.403252 -0.0335749 -0.415568 0.0788714 -0.563979 -0.822014
0.476157 0.176086 -0.0262326 0.983779 0.171367 -0.0530378
-0.460532 -0.297677 -0.0768056 -0.983779 -0.171367 0.0530377
0.254654 0.110147 0.317372 -0.17083 0.804739 -0.568518
-0.0489474 0.243965 0.293577 -0.0547437 0.568356 0.82096
-0.501124 0.0717121 0.141957 0.983779 0.171367 -0.0530378
0.221195 0.260018 0.300477 -0.0547437 0.568356 0.82096
-0.0500857 -0.148192 0.0432611 -0.17083 0.804739 -0.568518
0.37094 -0.0874918 -0.380433 0.0547437 -0.568356 -0.82096
-0.47977 -0.232598 -0.24714 -0.959937 -0.266008 -0.0880908
-0.0596784 0.330789 0.227494 -0.17083 0.804739 -0.568518
0.468183 0.25572 0.0831507 0.983779 0.171367 -0.0530378
-0.297022 -0.276602 -0.294052 0.0547437 -0.568356 -0.82096
0.500147 -0.0649492 -0.306841 0.962741 0.0135654 -0.270085
0.443945 0.38002 0.145851 -0.17083 0.804739 -0.568518
-0.180023 -0.00855329 0.300657 0.17083 -0.804739 0.568518
0.482057 0.161391 0.30148 -0.933542 -0.316746 -0.167842
0.207418 -0.0857061 0.0543342 -0.17083 0.804739 -0.568518
-0.0462619 -0.221426 -0.315529 0.0547436 -0.568356 -0.82096
0.0320885 -0.130193 0.0440464 -0.17083 0.804739 -0.568518
0.16351 0.178634 0.352973 -0.0547437 0.568356 0.82096
-0.163826 -0.326384 -0.1541 0.17083 -0.804739 0.568518
0.0934599 -0.202326 -0.0558056 0.17083 -0.804739 0.568518
0.351279 0.117023 0.318764 0.17083 -0.804739 0.568517
-0.283352 0.191639 0.314171 -0.0547437 0.568356 0.82096
-0.210001 -0.293137 -0.0931637 0.17083 -0.804739 0.568518
0.476314 0.116032 0.00445628 -0.983779 -0.171367 0.0530378
-0.412104 -0.0250746 0.347008 0.17083 -0.804739 0.568518
0.173557 -0.251416 -0.170054 -0.17083 0.804739 -0.568518
-0.0282928 -0.222506 -0.299253 -0.0547437 0.568356 0.82096
0.228197 0.0578111 0.25124 -0.17083 0.804739 -0.568518
0.374816 0.0287275 -0.118859 -0.850467 -0.41178 -0.327326
-0.0681634 0.240603 0.280292 0.0547437 -0.568356 -0.82096
0.515413 -0.155095 -0.11574 0.17083 -0.804739 0.568518
-0.532241 0.195373 0.186147 -0.983779 -0.171367 0.0530377
0.0993812 0.287992 0.258657 0.0547437 -0.568356 -0.82096
0.476256 0.144515 0.299432 -0.170828 0.804739 -0.568518
-0.380815 -0.318588 -0.0985575 -0.17083 0.804739 -0.568517
-0.183436 0.0695802 0.405336 -0.0547437 0.568356 0.82096
0.137675 0.364399 0.215769 -0.17083 0.804739 -0.568518
0.469971 0.242578 0.073851 0.983779 0.171367 -0.0530378
0.484385 0.0875978 0.062291 -0.983779 -0.171367 0.0530377
-0.488364 -0.09459 0.0631332 -0.983779 -0.171367 0.0530377
-0.0218975 0.00732852 0.275624 0.17083 -0.804739 0.568518
0.0256932 0.0429131 0.291 -0.17083 0.804739 -0.568518
0.193269 -0.253411 -0.263083 -0.0547437 0.568356 0.82096
0.2234 0.270186 0.293585 -0.0547437 0.568356 0.82096
-0.469863 -0.149412 0.00734157 0.983779 0.171367 -0.0530378
-0.460965 -0.314529 -0.139295 -0.983779 -0.171367 0.0530377
0.39889 0.333701 0.257163 0.209622 0.593474 0.777076
-0.350506 -0.395826 -0.215079 0.0547437 -0.568356 -0.82096
0.466351 0.237981 -0.00814803 0.983779 0.171367 -0.0530377
0.444291 -0.0897971 -0.367779 0.360575 -0.485915 -0.796161
-0.470706 -0.273396 -0.187076 -0.983779 -0.171367 0.0530377
-0.284686 -0.162119 0.0940408 -0.17083 0.804739 -0.568518
-0.342327 -0.0986384 0.201217 -0.17083 0.804739 -0.568518
-0.368818 -0.363921 -0.166331 -0.17083 0.804738 -0.568519
-0.142446 -0.143017 -0.376226 0.0547438 -0.568356 -0.820959
-0.501898 -0.0376218 -0.161113 -0.170832 0.804739 -0.568517
-0.368167 -0.258199 -0.311536 0.0547437 -0.568356 -0.82096
0.494928 -0.0562839 -0.243937 -0.0547438 0.568356 0.82096
0.221969 -0.283421 -0.209211 0.17083 -0.804739 0.568518
0.390803 0.325499 0.250255 -0.162131 -0.592093 -0.789392
0.014522 0.27713 0.260518 0.0547437 -0.568356 -0.82096
0.505504 -0.0170357 -0.105866 0.983779 0.171366 -0.0530372
-0.500873 -0.0320362 0.0332238 -0.983779 -0.171367 0.0530377
-0.46002 -0.274507 0.00756032 -0.983779 -0.171367 0.0530377
0.447147 0.293384 0.0364847 -0.983779 -0.171367 0.0530377
-0.461375 -0.249351 -0.158108 0.983779 0.171367 -0.0530377
-0.324943 0.124234 0.358063 -0.0547437 0.568356 0.82096
-0.155333 -0.12884 -0.3869 0.0547438 -0.568356 -0.820959
0.107313 0.303432 0.262827 -0.0547437 0.568356 0.82096
0.495953 -0.0509711 0.0374955 0.17083 -0.804739 0.568518
-0.0975434 -0.172528 -0.338471 -0.0547437 0.568356 0.82096
0.481976 -0.25278 -0.243967 0.170833 -0.80474 0.568516
