ply
format ascii 1.0
comment Created by Open3D
element vertex 128
property double x
property double y
property double z
property double nx
property double ny
property double nz
end_header
-0.0553167 0.101117 -0.365398 -0.551315 0.483116 -0.680185
0.0170925 -0.0854877 0.0993751 -0.118168 -0.930621 0.346384
0.158428 -0.0245893 0.240621 -0.118168 -0.930621 0.346384
-0.0984638 0.149494 -0.265722 0.118168 0.930621 -0.346384
-0.0399604 0.00328946 0.197908 0.593519 -0.345854 -0.726719
-0.178194 -0.258377 -0.17251 -0.593519 0.345854 0.726719
0.236717 -0.213522 0.0788711 -0.627368 -0.764416 -0.148585
0.41342 -0.117052 0.149778 -0.118168 -0.930621 0.346384
0.218051 -0.018531 0.164006 0.118168 0.930621 -0.346384
0.257688 -0.0549798 0.0657887 -0.593519 0.345854 0.726719
-0.0949548 -0.15239 -0.118596 -0.118168 -0.930621 0.346384
0.213603 0.202214 -0.0176188 0.118168 0.930621 -0.346384
0.106747 0.10462 0.140224 0.796097 0.11971 0.59321
0.135424 -0.0956337 0.371812 0.385591 -0.670384 0.63396
0.0367806 0.276601 0.223521 -0.593519 0.345854 0.726719
0.107548 0.0161808 0.3254 -0.593519 0.345854 0.726719
-0.351866 0.00635572 -0.161779 0.593519 -0.345854 -0.726719
-0.202236 0.120127 -0.232812 -0.551315 0.483116 -0.680185
-0.342235 -0.0724561 0.000240841 -0.593519 0.345854 0.726719
-0.0588923 0.233358 -0.0269049 0.118168 0.930621 -0.346384
-0.259216 -0.0949093 -0.442222 0.593518 -0.34585 -0.726722
0.0354745 -0.0868722 0.297769 -0.747916 -0.570512 -0.339319
0.281285 -0.193878 0.046311 0.593521 -0.345857 -0.726716
0.346978 0.0905983 0.185656 0.289724 0.934237 -0.207993
-0.358245 0.00394394 -0.0491939 -0.593519 0.345854 0.726719
0.347552 -0.0464606 0.303973 0.796098 0.11971 0.59321
0.00471874 -0.175497 -0.146672 -0.118168 -0.930621 0.346384
0.189702 0.025787 0.387925 -0.593519 0.345854 0.726719
-0.261532 -0.151055 -0.0348423 -0.796097 -0.11971 -0.59321
-0.426168 -0.0517388 -0.0781675 -0.593519 0.345854 0.726719
-0.46475 -0.0755685 -0.20392 -0.796097 -0.11971 -0.59321
0.238743 0.0908624 0.0799919 0.769879 0.507148 0.387411
0.179674 0.163174 0.102715 0.769879 0.507148 0.387411
0.251285 0.00947942 -0.0917502 -0.118168 -0.930621 0.346384
0.155975 0.213476 0.232492 0.717613 0.636219 0.283299
-0.295422 -0.219375 -0.36695 -0.118168 -0.930621 0.346384
-0.327811 -0.0865197 -0.097933 0.593519 -0.345854 -0.726719
-0.152394 -0.0749145 0.0699618 -0.118168 -0.930621 0.346384
-0.39115 -0.188252 -0.0966595 -0.695378 -0.674975 -0.246694
-0.342499 0.118123 -0.120548 -0.551315 0.483116 -0.680185
-0.178138 0.141763 0.112165 -0.593519 0.345854 0.726719
-0.154897 0.243622 -0.0320821 0.118168 0.930621 -0.346384
0.0721904 0.174283 0.289258 -0.118168 -0.930621 0.346384
0.118897 -0.159321 -0.102758 0.593519 -0.345854 -0.726719
0.133661 -0.139127 0.305125 -0.0784154 -0.923513 0.375467
0.107246 0.098517 -0.234982 0.593519 -0.345854 -0.726719
-0.0221027 -0.124025 -0.0175337 -0.118168 -0.930621 0.346384
0.147833 0.262945 0.14202 0.717613 0.636219 0.283299
-0.148652 -0.0908122 -0.198486 -0.796097 -0.11971 -0.59321
0.449192 -0.0542653 0.250999 0.796097 0.119709 0.593211
0.31996 0.120141 -0.0715481 0.593519 -0.345853 -0.726719
-0.0987995 -0.240014 -0.231571 0.749067 -0.0928415 0.655956
-0.0587956 0.262416 0.142544 0.118168 0.930621 -0.346384
-0.364257 -0.114793 -0.173038 0.796097 0.11971 0.59321
0.208162 -0.0993179 -0.0584115 0.593519 -0.345854 -0.726719
-0.0963383 0.147417 -0.270576 0.118168 0.930621 -0.346384
0.249815 -0.0262039 0.338044 -0.118168 -0.930621 0.346384
-0.134334 0.242023 0.061986 0.118168 0.930621 -0.346384
0.354334 -0.0159676 0.0213018 0.593519 -0.345854 -0.726719
-0.252143 0.0978723 -0.00724133 -0.593519 0.345854 0.726719
-0.265131 0.210676 -0.117519 -0.551315 0.483116 -0.680185
-0.00982563 0.164958 -0.193934 0.118168 0.930621 -0.346384
-0.455354 0.0320903 -0.199319 -0.430513 0.62648 -0.649754
-0.090814 -0.0391549 -0.380654 0.593519 -0.345854 -0.726719
0.0845837 -0.135953 -0.0131848 -0.118168 -0.930621 0.346384
0.218123 -0.112359 -0.0440699 0.593519 -0.345854 -0.726719
0.117392 0.134433 -0.232546 0.118168 0.930621 -0.346384
0.130538 -0.0613256 0.141784 0.796097 0.11971 0.59321
-0.163014 0.193636 -0.169146 0.118168 0.930621 -0.346384
0.205396 0.0536978 -0.182926 0.593519 -0.345854 -0.726719
0.116767 -0.0168005 -0.221759 0.593519 -0.345854 -0.726719
0.464448 0.0245368 0.0931154 0.609467 0.782866 0.125184
0.045536 0.210445 -0.0528403 0.118168 0.930621 -0.346384
0.0240205 0.0279394 -0.318798 0.593519 -0.345854 -0.726719
0.318838 0.145495 -0.0845304 0.593519 -0.345853 -0.726719
0.0309275 0.255002 0.22902 -0.593519 0.345854 0.726719
0.151704 0.0248437 0.0959892 0.796097 0.11971 0.59321
0.0292681 0.129647 0.207469 -0.593519 0.345854 0.726719
-0.263989 -0.00620013 0.0326134 -0.593519 0.345854 0.726719
-0.196413 -0.154278 -0.121582 -0.796097 -0.11971 -0.59321
0.16065 -0.032862 -0.128842 0.593519 -0.345854 -0.726719
-0.371311 -0.178588 0.0197535 0.0815337 -0.872474 0.48181
-0.201693 -0.305218 -0.292493 -0.51528 -0.856923 -0.0130152
-0.498639 -0.104087 -0.126536 -0.118168 -0.930621 0.346384
-0.221862 0.218508 0.0399316 -0.593519 0.345854 0.726719
0.0506041 -0.052276 0.200037 -0.118168 -0.930621 0.346384
-0.167895 0.0281602 -0.325968 -0.551315 0.483116 -0.680185
0.339923 0.0937968 0.03531 0.717613 0.636218 0.283298
0.250137 0.0632451 0.237675 -0.796098 -0.11971 -0.59321
-0.0897117 0.206133 -0.110566 0.118168 0.930621 -0.346384
0.149631 -0.118681 0.0554097 -0.118168 -0.930621 0.346384
0.349681 0.0328583 0.366963 0.796097 0.11971 0.59321
0.304925 -0.100249 0.125912 -0.593519 0.345853 0.726719
-0.0600844 0.164993 0.197526 -0.593519 0.345854 0.726719
0.223819 0.157786 -0.133497 0.118168 0.930621 -0.346384
0.287979 0.111591 0.343985 0.785283 0.446606 0.428805
-0.0457589 -0.076499 -0.276651 0.593519 -0.345854 -0.726719
-0.256164 0.0418603 -0.177869 -0.118168 -0.930621 0.346384
0.101472 0.17415 -0.131272 0.118168 0.930621 -0.346384
-0.0941607 0.0684441 0.13579 -0.593519 0.345854 0.726719
-0.359559 -0.159915 -0.328066 -0.796097 -0.119711 -0.59321
-0.113689 -0.156398 -0.294106 0.593519 -0.345854 -0.726719
0.237925 0.0414751 0.00374418 -0.593519 0.345854 0.726719
-0.24931 -0.250012 -0.234572 -0.593518 0.345852 0.72672
-0.328875 -0.0498514 -0.233627 0.796097 0.11971 0.59321
0.417462 0.0327295 0.188705 0.792985 0.405584 0.454617
-0.393401 0.004234 -0.266758 -0.361789 0.691929 -0.624774
0.281028 -0.101628 0.231113 0.784517 0.047082 0.618317
-0.322253 -0.0272495 -0.341784 -0.252382 0.777431 -0.576112
0.031878 -0.0883489 -0.207605 0.593519 -0.345854 -0.726719
-0.253917 0.00273581 -0.0800603 0.59352 -0.345854 -0.726718
0.19767 0.149988 0.28956 0.118168 0.930621 -0.346383
-0.298731 0.211719 -0.0196167 -0.593519 0.345854 0.726719
0.310316 -0.19328 0.161917 0.420259 -0.636894 0.646335
0.294189 0.0362424 0.437698 -0.593519 0.345854 0.726719
-0.223569 -0.0754729 -0.296615 -0.593519 0.345854 0.726719
0.408474 -0.123275 0.116587 0.593519 -0.345854 -0.726719
0.0875755 0.0309232 0.185426 0.593519 -0.345854 -0.726719
0.321551 0.00190452 0.154215 -0.796097 -0.119711 -0.59321
0.346671 -0.0115106 0.0129218 0.593519 -0.345854 -0.726719
-0.208036 -0.146134 -0.376045 0.593519 -0.345854 -0.726719
-0.13731 0.00406378 -0.238869 -0.118168 -0.930621 0.346384
-0.31003 -0.166629 -0.235351 0.796097 0.11971 0.59321
-0.356862 0.129234 -0.0278372 -0.593519 0.345854 0.726719
-0.135225 -0.0857152 0.0468012 -0.118168 -0.930621 0.346384
-0.0058454 0.255396 0.0504009 0.118168 0.930621 -0.346384
-0.424204 -0.155181 -0.238415 -0.118168 -0.930621 0.346384
-0.176517 0.0332498 0.0852782 -0.593519 0.345854 0.726719
