ply
format ascii 1.0
comment Created by Open3D
element vertex 512
property double x
property double y
property double z
property double nx
property double ny
property double nz
end_header
0.240531 -0.0123351 -0.121519 -0.50866 0.859561 0.0491911
0.0649352 -0.514577 -0.0579124 0.199889 -0.967353 0.155795
0.357321 -0.143668 -0.232949 -0.479247 -0.23521 -0.845576
0.43802 -0.23356 -0.174347 0.768627 -0.577584 -0.274969
0.00708943 -0.503172 -0.0709619 -0.550753 -0.669533 0.498393
0.0924655 -0.441689 -0.140726 -0.479247 -0.235212 -0.845576
-0.202249 -0.279628 -0.0019866 -0.550754 -0.669533 0.498393
-0.223424 0.0720618 0.112659 0.550753 0.669533 -0.498393
-0.546974 0.151335 0.102394 -0.683369 0.704557 0.191328
0.299367 -0.0396175 -0.229046 -0.479247 -0.235212 -0.845575
-0.414678 0.0579661 0.216785 -0.550754 -0.669533 0.498393
-0.348616 -0.00823839 0.200849 -0.550754 -0.669533 0.498393
0.018739 -0.384373 -0.114884 -0.479248 -0.235212 -0.845575
0.0320414 -0.150212 0.234807 0.479247 0.235212 0.845576
0.377676 -0.158285 -0.110267 0.823195 -0.454621 -0.340101
-0.484821 0.019807 0.0580892 -0.479247 -0.235212 -0.845576
0.311473 -0.0740448 0.0162809 -0.683369 0.704557 0.191328
-0.0366866 -0.170882 -0.00735152 0.550754 0.669533 -0.498393
-0.0436929 -0.205271 0.273116 -0.550754 -0.669533 0.498393
0.136737 -0.429563 0.0185564 -0.74654 0.61585 0.251807
-0.231019 -0.0509139 -0.0609377 0.550754 0.669533 -0.498393
-0.0538173 -0.307111 0.0457313 0.42684 0.287204 0.857509
0.0605847 -0.373759 -0.141553 -0.479247 -0.235212 -0.845576
-0.194837 -0.140533 -0.0616637 -0.479247 -0.235212 -0.845576
-0.32425 -0.0234027 0.207403 -0.550754 -0.669533 0.498393
0.148831 -0.269161 -0.0939541 0.479247 0.235212 0.845576
0.280353 -0.289023 0.0059745 -0.479247 -0.235212 -0.845576
0.312487 -0.113676 -0.0495325 0.859371 -0.321512 -0.397631
-0.460386 0.185997 0.284018 -0.683369 0.704557 0.191328
-0.00192716 -0.449423 -0.0087205 -0.550758 -0.669532 0.49839
-0.47717 0.168699 0.287769 -0.683369 0.704557 0.191328
0.225535 -0.323007 0.12583 -0.550754 -0.669533 0.498393
-0.0287164 -0.0363551 0.182177 0.550754 0.669533 -0.498393
-0.0346609 -0.0228296 0.193778 0.550754 0.669533 -0.498393
0.253304 -0.00800464 -0.178157 -0.316437 0.944931 -0.0835024
-0.0815911 -0.303254 0.0602044 0.479247 0.235212 0.845576
0.263244 -0.30333 -0.182751 0.683369 -0.704557 -0.191328
0.468742 -0.131853 -0.158597 0.479247 0.235211 0.845576
0.007282 -0.455153 -0.0847947 0.792714 0.297535 -0.532051
0.38311 -0.0703773 -0.0367348 -0.0700968 -0.950086 0.304012
0.288794 -0.101563 0.0366129 -0.683369 0.704557 0.191328
-0.0134558 -0.220953 0.280272 0.479247 0.235212 0.845576
0.00630001 -0.142224 0.106386 -0.479247 -0.235212 -0.845576
-0.441261 0.109938 0.257227 -0.550754 -0.669533 0.498393
0.215766 -0.425233 0.0965721 0.683369 -0.704557 -0.191328
0.313526 -0.206064 -0.190771 -0.479244 -0.23521 -0.845577
-0.129233 -0.141981 0.263613 -0.550754 -0.669533 0.498393
0.214085 -0.278844 -0.254955 -0.479255 -0.235205 -0.845573
0.173719 -0.148947 -0.199914 -0.683369 0.704557 0.191328
-0.280196 0.12244 0.117601 0.550754 0.669534 -0.498391
-0.231999 0.115051 0.160935 0.550756 0.669534 -0.498389
-0.0355921 -0.132134 0.268111 0.479247 0.235212 0.845576
0.291674 -0.113975 -0.284635 0.550754 0.669533 -0.498393
-0.433758 0.0527681 0.019979 -0.479247 -0.235212 -0.845576
0.100562 -0.31364 0.241432 0.479247 0.235212 0.845576
0.285651 -0.214281 -0.212097 0.316433 -0.944932 0.0835049
0.242369 -0.163878 0.100269 -0.683369 0.704557 0.191328
-0.130906 -0.127716 0.280928 -0.550754 -0.669533 0.498393
-0.496814 0.199273 0.105022 -0.683369 0.704557 0.191328
-0.399543 0.165604 0.139246 0.550753 0.669534 -0.498392
0.258426 -0.190917 -0.276387 -0.479245 -0.235206 -0.845578
-0.280848 0.137044 0.182074 -0.829488 0.372628 -0.416051
-0.0345678 -0.0773894 0.252302 0.479247 0.235212 0.845576
0.0895258 -0.396837 0.0630336 0.877669 -0.133388 -0.460332
0.258978 -0.0974855 -0.190058 -0.479246 -0.235212 -0.845576
0.209368 -0.275575 0.169176 0.479246 0.235213 0.845576
-0.254709 -0.175831 -0.0179113 -0.479247 -0.235212 -0.845576
0.271141 -0.227587 -0.30155 -0.479247 -0.235212 -0.845576
0.344563 -0.301359 -0.14085 0.275241 -0.955098 0.109679
-0.447217 0.194387 0.300159 -0.683369 0.704557 0.191328
0.250456 -0.0957519 -0.18571 -0.479246 -0.235211 -0.845576
-0.0189202 -0.217278 0.141558 -0.479247 -0.235212 -0.845576
-0.0796087 -0.0178601 0.150784 0.550754 0.669533 -0.498393
-0.388499 -0.0489928 0.0226344 -0.479247 -0.235212 -0.845576
0.208263 -0.359061 -0.173901 0.683369 -0.704557 -0.191328
0.12574 -0.469579 -0.0616728 0.683369 -0.704557 -0.191328
0.243481 -0.252586 0.143447 0.479244 0.235215 0.845576
0.406892 -0.2016 -0.0442995 0.683369 -0.704557 -0.191328
0.221901 -0.285944 -0.25741 -0.479247 -0.235212 -0.845576
-0.0223388 -0.222234 0.00408488 0.479247 0.235212 0.845576
-0.231016 -0.000626246 0.00662201 0.550754 0.669533 -0.498393
0.170295 -0.403949 -0.144214 0.683369 -0.704557 -0.191328
0.410173 -0.113185 -0.064015 -0.840012 -0.156294 0.519569
0.202931 -0.153273 -0.142774 -0.479247 -0.235212 -0.845576
0.181935 -0.286816 0.166322 0.241576 -0.961559 0.130557
-0.12164 0.0142061 0.276173 0.479247 0.235212 0.845576
0.0464897 -0.400844 -0.0773095 0.190891 -0.968292 0.161156
0.207842 -0.0907139 -0.292475 -0.683369 0.704557 0.191328
0.26842 -0.133809 -0.128506 -0.849417 0.366822 0.379386
-0.0904782 -0.144771 0.302691 -0.550754 -0.669533 0.498393
-0.225563 -0.145043 -0.0429945 -0.479247 -0.235212 -0.845576
0.0405885 -0.0993785 0.215823 0.479247 0.235212 0.845576
0.254268 -0.1278 -0.176789 -0.696887 0.687647 0.203693
0.114328 -0.471829 -0.094146 0.683369 -0.704557 -0.191328
-0.37755 0.059444 0.259799 -0.550754 -0.669533 0.498393
0.272623 -0.0967485 -0.0388756 -0.683369 0.704557 0.191328
0.234458 -0.0826208 -0.227214 -0.683369 0.704557 0.191328
0.376298 -0.0920302 -0.11728 0.479244 0.235214 0.845576
-0.300159 0.133657 0.344126 0.479247 0.235212 0.845576
0.220134 -0.108349 -0.165021 -0.479246 -0.235211 -0.845576
-0.180614 -0.102132 0.0827449 0.826916 -0.356494 0.434882
-0.0342126 -0.283813 0.17808 -0.550754 -0.669533 0.498393
0.272769 -0.161445 -0.294868 -0.702355 -0.474966 0.530194
0.279772 -0.161126 -0.284911 0.635114 0.385557 -0.66931
0.296677 -0.121903 -0.212555 0.28381 0.87013 -0.402897
0.205135 -0.22784 0.158297 0.479247 0.235212 0.845576
0.18373 -0.456267 0.0968121 0.640995 -0.751909 -0.15414
0.244303 -0.143744 0.0330348 -0.683369 0.704557 0.191328
-0.45245 0.0317158 0.13978 -0.550754 -0.669533 0.498393
-0.446982 -4.16094e-05 0.042164 -0.479247 -0.235212 -0.845576
-0.391104 -0.0182613 0.0155623 -0.479247 -0.235212 -0.845576
0.340985 -0.0348429 -0.253962 -0.479247 -0.235212 -0.845576
-0.495435 0.0161378 0.0713518 -0.550754 -0.669533 0.498393
-0.530101 0.178282 0.0634311 -0.683369 0.704557 0.191328
-0.393622 -0.0747655 0.0327071 -0.479247 -0.235212 -0.845576
0.424322 -0.145793 0.00295623 -0.577364 0.810105 0.101887
-0.268947 0.0337099 0.0108329 0.550754 0.669533 -0.498393
0.185911 -0.453679 0.14754 0.479248 0.235212 0.845575
-0.366805 0.284169 0.239156 0.550753 0.669534 -0.498393
0.454828 -0.119795 -0.112158 0.550754 0.669533 -0.498393
0.243184 -0.131198 -0.249003 -0.233366 0.962891 -0.13558
0.436429 -0.157884 -0.0997818 0.683369 -0.704557 -0.191328
0.35081 -0.152678 -0.169794 -0.873756 0.0368571 0.484966
0.10934 -0.438921 -0.15106 -0.479248 -0.235211 -0.845575
0.368549 -0.0989734 -0.110957 0.479247 0.235211 0.845575
-0.508564 0.049089 0.10111 -0.550753 -0.669533 0.498393
-0.138575 -0.167466 0.219052 -0.550754 -0.669533 0.498393
-0.164757 -0.196218 0.0775662 0.479247 0.235212 0.845576
0.255044 -0.290925 -0.13402 -0.479246 -0.235212 -0.845576
0.416864 -0.116463 -0.0208443 0.479247 0.235214 0.845575
0.372391 -0.171927 -0.08222 0.508665 -0.859558 -0.0491949
0.23344 -0.243999 -0.275617 -0.479251 -0.235208 -0.845574
0.440898 -0.0845393 -0.0151883 0.479247 0.235214 0.845575
0.444101 -0.189371 -0.128631 0.479247 0.235212 0.845575
0.0196063 -0.232244 0.123885 -0.479247 -0.235212 -0.845576
-0.440359 0.188113 0.347758 -0.683369 0.704557 0.191328
0.34859 -0.0343268 0.00259315 -0.683369 0.704557 0.191328
-0.465272 0.0366275 0.0423303 -0.479247 -0.235212 -0.845576
0.266128 -0.190462 -0.152897 0.550751 0.669536 -0.498392
0.224703 -0.0770469 -0.176317 -0.479248 -0.235213 -0.845575
-0.427341 0.042905 0.182559 -0.550754 -0.669533 0.498393
0.236082 -0.325564 -0.197893 0.683369 -0.704557 -0.191328
-0.270732 0.21951 0.303565 0.479247 0.235212 0.845576
0.128974 -0.422068 -0.166876 -0.479247 -0.235212 -0.845576
-0.0550129 -0.433908 -0.0465402 -0.550754 -0.669533 0.498393
0.369532 -0.172194 -0.0554002 -0.233362 0.962891 -0.135582
0.0273684 -0.272698 0.261063 -0.550754 -0.669533 0.498393
0.261188 -0.291502 -0.233652 0.683369 -0.704557 -0.191328
-0.0471314 -0.127919 0.273479 0.479247 0.235212 0.845576
0.212985 -0.284557 -0.126032 0.479247 0.235212 0.845576
-0.55214 0.130845 0.159396 -0.683369 0.704557 0.191328
0.242839 -0.210928 -0.207883 0.404433 0.795858 -0.450603
-0.0227622 -0.194943 -0.0242877 0.550754 0.669533 -0.498393
0.449726 -0.0808466 -0.021219 0.479247 0.235212 0.845575
-0.430687 0.248346 0.120439 0.550753 0.669534 -0.498393
0.111848 -0.221681 0.209456 0.479247 0.235212 0.845575
0.120943 -0.332084 -0.187355 -0.479257 -0.235205 -0.845572
-0.0445952 0.00535775 0.220666 0.550754 0.669533 -0.498393
0.0979175 -0.196985 0.106327 0.550752 0.669536 -0.498391
0.276696 -0.35396 0.140783 -0.550754 -0.669533 0.498393
0.0675573 -0.436442 -0.118285 -0.826287 -0.203922 0.525039
0.257357 -0.216182 -0.170201 0.479247 0.235212 0.845575
-0.297034 -0.0749222 0.168268 -0.550754 -0.669533 0.498393
-0.0590454 -0.428426 -0.0436326 -0.550754 -0.669533 0.498393
0.14535 -0.238329 -0.100558 0.479247 0.235212 0.845576
-0.0384495 -0.200552 -0.0491577 0.550754 0.669533 -0.498393
0.301391 -0.140336 -0.237103 -0.61605 -0.596065 0.514965
0.336874 -0.303843 0.0821211 0.683369 -0.704557 -0.191328
-0.286329 -0.18851 0.027505 -0.550754 -0.669533 0.498393
-0.226021 0.108025 0.158101 0.550756 0.669534 -0.498389
-0.112662 -0.147592 -0.0600208 0.550754 0.669533 -0.498393
0.258371 -0.227282 -0.256053 -0.275247 0.955097 -0.109675
0.327258 -0.17943 -0.333244 0.550754 0.669533 -0.498393
0.090796 -0.236393 -0.196887 -0.479247 -0.235212 -0.845576
0.354674 -0.091455 0.0356047 0.479243 0.235217 0.845576
-0.416704 0.0841835 0.00157499 -0.479247 -0.235212 -0.845576
0.0713722 -0.367445 0.182408 -0.550754 -0.669533 0.498393
-0.0222697 -0.265286 0.15681 -0.479247 -0.235212 -0.845576
0.39069 -0.175598 -0.0881122 -0.479246 -0.235212 -0.845576
0.390768 -0.189069 -0.098488 0.479248 0.235213 0.845574
-0.136997 -0.335782 -0.00531698 -0.550754 -0.669533 0.498393
0.014621 -0.148193 0.10333 -0.479247 -0.235212 -0.845576
0.351504 -0.174185 0.060414 0.479247 0.235212 0.845576
0.0331469 -0.462012 -0.0586909 0.516 0.703826 -0.488235
0.0427725 -0.0983107 0.177946 0.550754 0.669533 -0.498393
-0.241797 0.0742287 0.327579 0.479247 0.235212 0.845576
-0.0443852 -0.0604465 0.132498 0.550754 0.669533 -0.498393
-0.402041 0.154112 0.35991 -0.550754 -0.669533 0.498393
0.10513 -0.214083 -0.211217 -0.479247 -0.235212 -0.845576
-0.335959 0.121137 0.0542288 0.550754 0.669533 -0.498393
0.0695268 -0.207022 0.229365 0.479247 0.235212 0.845576
0.218922 -0.150395 -0.152638 -0.479247 -0.235212 -0.845576
0.127267 -0.469334 -0.0571182 0.683369 -0.704557 -0.191328
0.30525 -0.17257 -0.25031 -0.868541 -0.0115769 0.495483
0.342973 -0.128814 -0.172633 -0.727721 -0.4321 0.532646
0.342702 -0.0809212 -0.0576667 -0.396369 0.917581 -0.0305913
0.282492 -0.0581548 -0.0735365 0.479246 0.235211 0.845576
0.413163 -0.168134 0.0237846 0.479248 0.23521 0.845575
0.203146 -0.186596 0.0438347 -0.683369 0.704557 0.191328
-0.201315 0.138455 0.226283 0.550754 0.669533 -0.498393
0.174953 -0.427949 0.146593 0.479244 0.235212 0.845577
0.205046 -0.284246 -0.248329 -0.479251 -0.235208 -0.845574
-0.292586 0.156772 0.205974 -0.707058 0.0569323 -0.70486
0.368313 -0.172619 -0.10038 0.6096 -0.782325 -0.127885
-0.152372 -0.268859 -0.0500354 -0.479247 -0.235212 -0.845576
0.0472417 -0.386127 -0.13055 -0.479247 -0.235212 -0.845576
-0.0992169 -0.0702946 0.28697 0.479247 0.235212 0.845576
0.234817 -0.277026 0.00676536 0.550754 0.669533 -0.498393
0.282845 -0.118422 0.0774494 -0.683369 0.704557 0.191328
-0.290922 -0.162189 0.0577888 -0.550754 -0.669533 0.498393
0.143832 -0.358856 0.0707489 -0.0700924 -0.950087 0.30401
0.00148248 -0.244258 0.137499 -0.479247 -0.235212 -0.845576
-0.0877547 -0.226373 0.183101 -0.479247 -0.235212 -0.845576
-0.199901 0.0616992 0.307318 0.479247 0.235212 0.845576
0.00144098 -0.243242 0.13724 -0.479247 -0.235212 -0.845576
-0.312378 0.285199 0.300685 0.550754 0.669533 -0.498393
-0.0379978 -0.42111 -0.072508 -0.479247 -0.235212 -0.845576
0.299351 -0.257589 -0.168405 -0.479246 -0.235212 -0.845576
0.0875682 -0.395314 -0.150851 -0.479248 -0.235211 -0.845575
0.104364 -0.38048 -0.164497 -0.479248 -0.235211 -0.845575
0.124684 -0.393574 0.165522 0.479246 0.235212 0.845576
-0.466521 0.112724 0.233055 -0.550754 -0.669533 0.498393
0.297867 -0.19874 -0.324723 -0.479247 -0.235209 -0.845576
-0.0311938 -0.269897 0.0223618 0.479247 0.235212 0.845576
-0.0200948 -0.285376 0.191581 -0.550754 -0.669533 0.498393
-0.139916 -0.0479091 0.106254 0.574859 -0.737194 -0.355082
0.416122 -0.0830987 -0.236698 0.72771 0.432119 -0.532645
0.122221 -0.341416 0.200466 0.683369 -0.704557 -0.191328
0.41455 -0.118557 -0.131581 0.479246 0.235213 0.845575
-0.191573 -0.279727 -0.0247945 -0.479247 -0.235212 -0.845576
0.0627134 -0.27296 0.0619028 -0.795117 0.602485 -0.0692817
0.416342 -0.133106 -0.015953 0.53287 0.189272 0.824758
0.22124 -0.375958 -0.0653296 0.683369 -0.704557 -0.191328
0.361191 -0.17696 -0.106983 0.577356 -0.810112 -0.101881
-0.179043 -0.0529419 -0.006225 0.550754 0.669533 -0.498393
0.0569345 -0.280153 0.0656528 -0.794238 0.603966 -0.0664246
-0.102218 -0.0988571 0.296616 0.479247 0.235212 0.845576
0.147451 -0.228512 -0.10448 0.479244 0.235219 0.845575
0.306081 -0.146781 -0.237603 0.702349 0.474974 -0.530193
-0.161621 -0.331844 -0.0272383 -0.550754 -0.669533 0.498393
0.0625108 -0.497924 -0.00682407 -0.3086 -0.856745 0.413224
0.152482 -0.453215 0.152998 -0.348538 -0.833196 0.429309
-0.402499 0.202878 0.186053 0.550755 0.669534 -0.498392
0.222198 -0.315522 -0.24935 -0.479247 -0.235212 -0.845576
-0.398263 0.209706 0.378573 0.479247 0.235212 0.845576
-0.155519 -0.131451 -0.0856978 0.550754 0.669533 -0.498393
0.378982 -0.230776 -0.0365444 0.683369 -0.704557 -0.191328
0.381176 -0.0262605 -0.0678961 0.550754 0.669533 -0.498393
0.183867 -0.0649829 -0.113571 -0.768623 0.577593 0.274965
0.336762 -0.130912 -0.182744 0.702349 0.474974 -0.530193
-0.0156732 -0.294995 0.183545 -0.550754 -0.669533 0.498393
0.153923 -0.166088 -0.107097 -0.86854 -0.0115829 0.495484
0.43965 -0.16162 -0.0745227 0.683369 -0.704557 -0.191328
0.449643 -0.236386 -0.1337 0.722619 -0.652548 -0.228041
0.125578 -0.253546 -0.0824065 0.550754 0.669533 -0.498393
0.412902 -0.128781 -0.0585355 -0.876352 0.181231 0.446277
-0.127127 -0.0753431 0.304193 0.479247 0.235212 0.845576
0.17105 -0.285286 -0.0747977 0.550754 0.669533 -0.498393
0.377261 -0.151011 -0.118758 0.867192 -0.275396 -0.414892
0.369654 -0.25918 0.0347351 0.683369 -0.704557 -0.191328
0.28752 -0.257779 0.119932 0.479247 0.235212 0.845576
-0.261083 0.0273222 0.34535 -0.550754 -0.669533 0.498393
0.211993 -0.207472 -0.237211 0.675237 0.516658 -0.526421
-0.141786 -0.0429439 0.0679357 0.806069 -0.58162 0.109415
-0.354095 0.102712 0.343843 -0.550756 -0.669534 0.498391
0.350031 -0.270248 0.00540192 0.683369 -0.704557 -0.191328
0.284644 -0.273102 -0.21763 0.683369 -0.704557 -0.191328
0.317405 -0.166528 -0.228862 -0.86854 -0.01158 0.495483
-0.237238 -0.175302 0.0994965 -0.550754 -0.669533 0.498393
0.315551 -0.207922 -0.0506132 0.479246 0.235212 0.845576
-0.477578 0.122122 0.0255232 -0.479247 -0.235212 -0.845576
-0.328502 -0.0991796 0.100907 -0.550754 -0.669534 0.498392
0.458309 -0.138311 -0.150888 0.479247 0.235212 0.845575
0.34021 -0.0824338 -0.0669938 0.356847 -0.932415 0.0571176
0.230946 -0.138675 -0.220165 0.669424 -0.721032 -0.178841
0.0801542 -0.382604 0.00205173 0.434913 -0.900464 0.00398463
0.128925 -0.228521 -0.0939771 0.479247 0.235211 0.845576
0.00972877 -0.228332 -0.0122852 0.42684 0.287204 0.857509
0.268193 0.000925093 -0.131519 -0.356852 0.932413 -0.0571146
-0.524182 0.16725 0.125192 -0.683369 0.704557 0.191328
-0.364143 0.264417 0.338992 -0.683369 0.704557 0.191328
0.381684 -0.0526414 -0.246086 0.542189 0.678268 -0.495968
-0.494231 0.0417592 0.0573156 -0.479247 -0.235212 -0.845576
0.031235 -0.384938 0.114554 -0.550754 -0.669533 0.498393
0.246083 -0.225878 -0.241207 0.0264104 0.95912 -0.281765
-0.231374 -0.13026 0.166486 -0.550754 -0.669533 0.498393
0.22634 -0.119643 -0.165396 -0.479247 -0.235212 -0.845576
0.25278 -0.146395 -0.152637 0.872857 -0.22859 -0.431123
0.00962861 -0.338576 0.15296 -0.550754 -0.669533 0.498393
0.34066 -0.0435677 -0.0964833 -0.479245 -0.235212 -0.845577
0.30809 -0.186614 -0.239499 -0.859371 0.321517 0.397629
0.17404 -0.189146 -0.0799359 -0.826285 -0.203927 0.525039
-0.127017 -0.116892 0.299766 -0.550754 -0.669533 0.498393
0.233131 -0.0694339 -0.042423 0.479247 0.235213 0.845575
0.429357 -0.140273 -0.24683 0.851645 0.108291 -0.51281
0.00688546 -0.24959 -0.0649379 0.550751 0.669535 -0.498393
-0.301516 0.185368 0.210689 -0.512714 -0.1998 -0.834988
-0.284171 0.147965 0.331083 0.479247 0.235212 0.845576
-0.37741 0.0225787 0.210429 -0.550754 -0.669533 0.498393
0.223904 -0.152177 -0.0141767 0.479247 0.235212 0.845576
0.276737 -0.296081 -0.161253 0.683369 -0.704557 -0.191328
-0.323087 0.103139 0.139819 0.550755 0.669533 -0.498392
0.272266 -0.171204 -0.124878 0.727712 0.432115 -0.532646
0.338709 -0.101029 -0.00308612 -0.859371 0.321512 0.397631
0.273083 -0.125497 -0.320658 0.550754 0.669533 -0.498393
0.30564 -0.29059 -0.162789 -0.479246 -0.235212 -0.845576
0.274919 -0.283582 -0.07493 -0.242062 -0.890634 0.384939
0.177536 -0.297485 -0.229054 -0.479248 -0.235211 -0.845575
-0.224954 -0.0768841 0.245285 -0.550756 -0.669534 0.49839
-0.417281 0.112919 0.287731 -0.550754 -0.669533 0.498393
-0.47977 0.153362 0.0180756 -0.479247 -0.235212 -0.845576
-0.346018 0.256904 0.2255 0.550756 0.669532 -0.498392
0.217777 -0.19295 -0.217483 -0.772952 -0.343281 0.533576
0.293364 -0.107734 -0.168004 -0.190884 0.968293 -0.161161
-0.00308728 -0.210625 -0.0236128 0.550754 0.669533 -0.498393
-0.0372518 -0.126097 0.267373 0.479247 0.235212 0.845576
0.385525 -0.000932079 -0.154558 0.283813 0.870128 -0.402898
-0.459716 0.19333 0.259409 -0.683369 0.704557 0.191328
0.361948 -0.0596701 0.0226403 0.479247 0.235212 0.845576
0.258366 -0.243333 0.132437 0.479248 0.23521 0.845575
-0.205525 0.164712 0.256903 0.550754 0.669533 -0.498393
0.399659 -0.031676 -0.0547459 0.550754 0.669533 -0.498393
0.251404 -0.0859008 -0.291421 0.550754 0.669533 -0.498393
0.195355 -0.240363 -0.255043 -0.479246 -0.235212 -0.845576
0.0293647 -0.241006 0.120789 -0.496132 -0.217576 -0.840544
-0.14748 -0.278425 0.0601505 -0.550753 -0.669533 0.498393
0.270839 -0.358685 0.0482185 0.683369 -0.704557 -0.191328
0.18352 -0.278904 0.184752 0.479247 0.235212 0.845576
0.313948 -0.0599714 -0.0267052 -0.683369 0.704557 0.191328
-0.371638 -0.113286 0.0309625 -0.479247 -0.235212 -0.845576
-0.168375 -0.137098 0.226918 -0.550754 -0.669533 0.498393
0.186979 -0.430889 0.0145805 0.683369 -0.704557 -0.191328
0.310363 -0.226846 -0.296103 0.683369 -0.704557 -0.191328
-0.458307 0.104357 0.230893 -0.550754 -0.669533 0.498393
-0.243822 -0.202029 0.056318 -0.550754 -0.669533 0.498393
-0.379835 0.273156 0.250768 -0.683369 0.704557 0.191328
-0.386131 0.0181651 0.00261096 -0.479247 -0.235212 -0.845576
0.00846993 -0.32348 0.13623 -0.82023 0.323565 -0.47173
0.35299 -0.0227527 -0.0943306 0.550754 0.669533 -0.498393
0.221164 -0.277341 -0.132675 0.479247 0.235212 0.845576
0.214931 -0.390872 -0.03294 0.683369 -0.704557 -0.191328
-0.0927534 -0.151175 0.165016 -0.479247 -0.235212 -0.845576
0.142158 -0.307811 0.14781 0.669646 -0.720777 -0.179038
-0.48475 0.204465 0.12899 -0.683369 0.704557 0.191328
-0.189411 -0.0444482 0.328136 -0.550754 -0.669533 0.498393
0.229887 -0.253218 -0.144329 0.479247 0.235212 0.845576
-0.443934 0.166709 0.330538 -0.550754 -0.669533 0.498393
0.394262 -0.161447 -0.0386542 0.472363 -0.881114 -0.0226239
0.156289 -0.228513 0.186168 0.479247 0.235212 0.845576
0.11753 -0.489723 0.0285503 0.241588 -0.961557 0.130549
-0.206469 -0.0287291 0.330403 -0.550754 -0.669533 0.498393
-0.0999356 0.0130668 0.169868 0.550754 0.669533 -0.498393
-0.139522 -0.144188 0.249278 -0.550754 -0.669533 0.498393
-0.379734 0.0110892 0.000953809 -0.479247 -0.235212 -0.845576
-0.354742 -0.0177397 0.181315 -0.550754 -0.669533 0.498393
0.379791 -0.149332 -0.114585 0.867192 -0.275396 -0.414892
-0.244829 -0.178411 -0.0227935 -0.479247 -0.235212 -0.845576
0.223738 -0.07201 -0.0363826 0.479247 0.235212 0.845576
-0.288176 0.117996 0.102812 0.550751 0.669532 -0.498397
0.299708 -0.10493 0.0705059 0.479247 0.235212 0.845576
-0.312608 0.271533 0.282072 0.550754 0.669533 -0.498393
0.206994 -0.0378047 -0.117588 -0.669425 0.721031 0.178842
0.391592 -0.211473 -0.0625908 0.683369 -0.704557 -0.191328
-0.173918 -0.293599 -0.030942 -0.479247 -0.235212 -0.845576
-0.161713 -0.121292 0.255512 -0.550754 -0.669533 0.498393
0.087963 -0.394628 0.164225 -0.550754 -0.669533 0.498393
0.109617 -0.194101 0.123131 0.550753 0.669534 -0.498392
-0.0413061 -0.394834 -0.0779423 -0.479247 -0.235212 -0.845575
0.38319 -0.19134 -0.0935613 0.479247 0.235212 0.845575
0.206867 -0.280561 -0.0288698 0.550754 0.669533 -0.498393
0.184532 -0.207371 -0.074182 -0.77295 -0.343286 0.533576
-0.171103 0.135594 0.255825 0.550754 0.669533 -0.498393
-0.318766 0.109494 0.0575858 0.550754 0.669533 -0.498393
-0.18539 0.157055 0.272569 0.479247 0.235212 0.845576
-0.0335872 -0.0558819 0.150563 0.550754 0.669533 -0.498393
0.274983 -0.11617 -0.196915 -0.190883 0.968293 -0.161161
0.357477 -0.148396 0.00440257 -0.516012 -0.703815 0.488238
0.174637 -0.247933 -0.114486 0.479247 0.235212 0.845576
0.40219 -0.039312 -0.00583042 0.479246 0.235212 0.845576
0.124868 -0.201112 0.196355 0.479247 0.235212 0.845576
0.332129 0.0155538 -0.122173 0.479246 0.235212 0.845576
0.0175449 -0.463379 -0.00595128 -0.550754 -0.669533 0.498393
0.395693 -0.204905 0.0439143 0.479247 0.235212 0.845576
0.275063 -0.191282 -0.303238 -0.876804 0.0852582 0.47323
0.128798 -0.205012 0.195212 0.479247 0.235212 0.845576
0.0570377 -0.262192 0.0126548 -0.439225 0.740235 0.509052
0.238163 -0.401409 0.0888376 0.683369 -0.704557 -0.191328
0.336999 -0.307106 -0.174409 0.316435 -0.944932 0.0835037
-0.226975 0.112899 0.163595 0.550755 0.669534 -0.49839
0.274229 -0.250933 -0.0152289 0.479248 0.235211 0.845575
0.414087 -0.265398 -0.152162 0.60959 -0.782335 -0.127877
0.286899 -0.213618 -0.314367 -0.479239 -0.235227 -0.845575
-0.312699 0.126779 0.183057 0.550754 0.669532 -0.498394
-0.117564 -0.0716252 0.144554 0.00978995 -0.602256 -0.798243
0.438255 -0.143887 -0.232359 0.861162 0.0600143 -0.504775
0.218217 -0.0878263 -0.266054 -0.683369 0.704557 0.191328
0.180946 -0.387807 -0.165616 0.683369 -0.704557 -0.191328
0.202645 -0.123521 -0.190225 -0.683369 0.704557 0.191328
0.325634 -0.202511 -0.212701 0.479246 0.235212 0.845576
-0.575795 0.0977072 0.092128 -0.550754 -0.669533 0.498393
0.216964 -0.288265 -0.127256 0.479247 0.235212 0.845576
0.0723058 -0.199447 0.0843661 -0.560501 -0.145778 -0.815222
0.314504 -0.184669 -0.0424089 -0.479247 -0.235212 -0.845576
0.382136 -0.166362 -0.255046 0.550754 0.669533 -0.498393
0.197775 -0.405908 -0.038847 0.683369 -0.704557 -0.191328
0.350009 -0.05637 0.028489 0.479247 0.235212 0.845576
0.414418 -0.144952 -0.0145811 0.752885 -0.296065 0.587801
0.452586 -0.227475 -0.146412 0.768627 -0.577584 -0.274969
-0.189455 0.0120808 0.0696193 0.550753 0.669533 -0.498395
-0.138995 0.0467717 0.171984 0.550754 0.669533 -0.498393
0.247035 -0.382519 0.0931026 0.479247 0.235209 0.845576
0.0159508 -0.15893 0.246352 0.479247 0.235212 0.845576
0.248624 -0.366316 -0.00302631 0.683369 -0.704557 -0.191328
0.151593 -0.164081 -0.25146 -0.479247 -0.235212 -0.845576
0.0824162 -0.44532 0.0899959 -0.550754 -0.669533 0.498393
-0.0980136 -0.0970064 0.152746 -0.426838 -0.287206 -0.857509
0.19686 -0.324681 0.105452 0.479247 0.235212 0.845576
0.218326 -0.210426 -0.0293011 -0.727713 -0.432115 0.532646
0.0549043 -0.466443 -0.0512119 0.113621 0.938687 -0.32551
0.173554 -0.463471 0.0942744 0.511721 -0.857609 -0.0514689
0.25004 -0.295944 -0.257114 0.683369 -0.704557 -0.191328
0.214794 -0.173393 0.0368161 -0.683369 0.704557 0.191328
0.219248 -0.330987 -0.0829293 0.550754 0.669533 -0.498393
-0.155751 -0.124822 -0.0770485 0.550754 0.669533 -0.498393
0.130003 -0.330699 0.229491 0.479247 0.235212 0.845576
-0.306133 -0.147306 0.0609737 -0.550754 -0.669533 0.498393
0.146856 -0.250182 0.197542 0.479247 0.235212 0.845576
-0.294825 0.181769 0.327719 0.479247 0.235212 0.845576
0.220334 -0.140037 -0.297108 -0.479254 -0.235211 -0.845572
0.405878 -0.217515 -0.239928 -0.479247 -0.235212 -0.845576
0.233393 -0.223964 -0.241355 0.242058 0.890635 -0.384937
-0.426104 0.178119 0.0311625 0.550754 0.669533 -0.498393
-0.357139 0.126551 0.133642 0.550756 0.669532 -0.498392
0.244853 -0.372102 0.00481067 0.683369 -0.704557 -0.191328
-0.142018 0.00573955 0.113521 0.550754 0.669533 -0.498393
0.0143185 -0.168359 0.2499 0.479247 0.235212 0.845576
-0.223213 -0.26352 -0.00351553 -0.550754 -0.669533 0.498393
-0.207201 0.0622844 0.117452 0.550753 0.669533 -0.498394
-0.436982 -0.0442595 0.0548088 -0.550754 -0.669533 0.498393
-0.2991 0.258265 0.308863 0.479247 0.235212 0.845576
-0.30345 -0.0700286 0.167752 -0.550754 -0.669533 0.498393
-0.181646 -0.0310531 0.322773 0.479247 0.235212 0.845576
-0.557374 0.135033 0.125279 -0.683369 0.704557 0.191328
0.333101 -0.145539 -0.281258 0.550754 0.669533 -0.498393
0.186595 -0.404186 -0.0851206 0.683369 -0.704557 -0.191328
-0.489769 0.0168381 0.0785543 -0.550754 -0.669533 0.498393
-0.288653 -0.0169304 0.255435 -0.550752 -0.669533 0.498394
-0.18696 -0.0602599 0.309603 -0.550754 -0.669533 0.498393
0.326586 -0.31818 0.0981734 0.683369 -0.704557 -0.191328
0.173642 -0.22355 0.0819928 -0.511723 0.857607 0.0514708
-0.123259 0.0812774 0.235728 0.550754 0.669533 -0.498393
0.466506 -0.14607 -0.03586 0.683369 -0.704557 -0.191328
-0.390855 0.0683871 0.25711 -0.550754 -0.669533 0.498393
-0.20389 -0.0356773 -0.0104898 0.550754 0.669533 -0.498393
0.175996 -0.281099 -0.0637068 0.550754 0.669533 -0.498393
0.0460688 -0.257889 -0.0333983 0.462956 0.750747 -0.471223
0.190109 -0.317542 -0.0970673 0.550754 0.669533 -0.498393
0.417608 -0.268487 -0.104792 0.508661 -0.859561 -0.0491917
-0.124643 -0.0672961 0.300547 0.479247 0.235212 0.845576
0.00262413 -0.337256 0.0767786 -0.564238 0.738665 0.368795
-0.267435 0.11559 0.330604 0.479247 0.235212 0.845576
0.111713 -0.341751 -0.179435 -0.479248 -0.235211 -0.845575
-0.194658 -0.0778202 -0.0569018 0.550754 0.669533 -0.498393
0.416196 -0.149585 -0.0129417 -0.577364 0.810105 0.101887
-0.144546 -0.2742 -0.0529854 -0.479247 -0.235212 -0.845576
0.0466936 -0.405491 -0.0973782 -0.0264089 -0.95912 0.281764
0.424064 -0.0551287 -0.19949 0.646452 0.557048 -0.521342
0.0600684 -0.39502 -0.135347 -0.479246 -0.235212 -0.845576
0.290785 -0.196531 -0.0397454 0.479246 0.235212 0.845576
-0.354333 -0.0834828 0.0934491 -0.550754 -0.669533 0.498393
-0.216732 -0.107057 0.213837 -0.550753 -0.669533 0.498394
-0.362333 0.115012 0.112401 0.550756 0.669532 -0.498392
0.181716 -0.19251 -0.0697349 -0.810508 -0.251041 0.529203
-0.020311 -0.239302 0.253238 -0.550754 -0.669533 0.498393
-0.328944 0.124624 0.16221 0.550753 0.669533 -0.498394
-0.291024 -0.0495545 0.208987 -0.550754 -0.669533 0.498393
0.209472 -0.373142 -0.117728 0.683369 -0.704557 -0.191328
0.199948 -0.208904 -0.139688 0.479244 0.235219 0.845575
-0.247183 -0.166434 0.10042 -0.550754 -0.669533 0.498393
0.432002 -0.0509838 -0.0449431 0.550754 0.669533 -0.498393
-0.357319 0.276876 0.317489 -0.683369 0.704557 0.191328
-0.219528 -0.0416515 -0.0357957 0.550754 0.669533 -0.498393
-0.0741751 0.0444107 0.24087 0.479247 0.235212 0.845576
-0.111027 -0.155278 0.176515 -0.479247 -0.235212 -0.845576
-0.207687 0.0337318 0.319511 0.479247 0.235212 0.845576
-0.15256 -0.108468 0.282855 -0.550754 -0.669533 0.498393
0.260533 -0.288719 -0.246236 0.683369 -0.704557 -0.191328
0.399215 -0.225923 -0.0930242 0.479246 0.235211 0.845576
0.343454 -0.186344 -0.129535 -0.508664 0.859558 0.0491944
-0.0245965 -0.0361226 0.187042 0.550754 0.669533 -0.498393
0.402444 -0.139819 -0.118806 0.479247 0.235211 0.845576
-0.102293 -0.243343 0.0552721 0.479247 0.235212 0.845576
-0.358748 -0.0875451 0.0831129 -0.550754 -0.669533 0.498393
0.163437 -0.147756 -0.0905759 -0.873757 0.0368732 0.484962
0.352213 -0.137277 -0.24904 0.550754 0.669533 -0.498393
0.313006 -0.201318 -0.171906 0.396367 -0.917582 0.0305926
0.112213 -0.241283 0.0511521 0.142367 0.929829 -0.339337
-0.289259 0.026795 0.313505 -0.550754 -0.669533 0.498393
0.301565 -0.236545 -0.291812 0.683369 -0.704557 -0.191328
0.445745 -0.148416 -0.101372 0.683369 -0.704557 -0.191328
0.288392 -0.151489 0.089871 0.479248 0.235209 0.845575
0.146348 -0.471496 0.0189923 0.683369 -0.704557 -0.191328
0.398288 -0.145102 -0.100902 -0.479245 -0.235219 -0.845575
-0.263117 -0.142452 0.11503 -0.550755 -0.669535 0.49839
-0.084259 -0.213348 0.217437 -0.550754 -0.669533 0.498393
-0.332171 0.274711 0.264723 0.550751 0.669535 -0.498394
0.147955 -0.427291 0.086691 -0.190877 0.968293 -0.161165
-0.202322 0.0336873 0.0844261 0.550753 0.669533 -0.498393
-0.107342 -0.201435 0.207932 -0.550754 -0.669533 0.498393
0.359909 -0.159092 -0.149663 -0.867192 0.275392 0.414893
0.219183 -0.0913007 -0.249809 -0.683369 0.704557 0.191328
-0.118552 -0.150235 0.264327 -0.550754 -0.669533 0.498393
