ply
format ascii 1.0
comment Created by Open3D
element vertex 2096
property double x
property double y
property double z
property double nx
property double ny
property double nz
end_header
-0.172588 -0.346841 0.344215 0.425936 0.0347415 0.904086
-0.210392 0.225369 -0.141904 -0.329308 0.890841 0.312982
0.0918271 0.306985 -0.573161 -0.0630707 -0.604132 -0.794385
0.264651 -0.115506 0.00698146 -0.80678 -0.437682 0.396912
0.173707 -0.0512509 0.137617 -0.806781 -0.437682 0.396912
-0.0624471 -0.597662 0.0398693 -0.0630697 -0.604131 -0.794385
-0.328785 0.197711 -0.187748 -0.329308 0.890841 0.312982
0.273701 -0.0838992 0.0602289 -0.80678 -0.437682 0.396912
0.186158 -0.432725 -0.105303 -0.0630698 -0.604131 -0.794385
-0.0315175 0.151196 -0.405904 0.80678 0.437682 -0.396912
0.17219 0.0947186 0.0508593 -0.80678 -0.437682 0.396912
-0.0567583 -0.313127 -0.176972 -0.0630697 -0.604131 -0.794385
0.263648 -0.000628291 -0.440066 -0.0630697 -0.604131 -0.794385
-0.348218 -0.0941029 -0.0812927 -0.587476 0.665927 -0.459797
-0.212606 -0.451589 0.198375 -0.80678 -0.437682 0.396912
0.198234 0.184351 0.0976605 0.80678 0.437682 -0.396912
-0.226938 -0.238609 0.365661 0.425936 0.0347414 0.904086
-0.165874 0.195474 -0.00997514 -0.329308 0.890841 0.312982
-0.0764963 -0.0881703 -0.346485 -0.0630697 -0.604131 -0.794385
0.292951 -0.00456153 -0.439401 -0.0630697 -0.604131 -0.794385
-0.0484002 -0.303584 0.256304 -0.409492 0.898458 0.158396
-0.0674492 0.0394782 0.233749 -0.425936 -0.0347413 -0.904086
-0.275372 0.0778545 -0.456957 -0.0630698 -0.604131 -0.794385
-0.195847 -0.564487 0.0252307 -0.0630697 -0.604131 -0.794385
-6.82181e-05 -0.141442 0.255043 0.425936 0.0347416 0.904086
-0.502612 0.0802146 -0.329081 -0.587476 0.665927 -0.459797
-0.25072 0.0228242 0.25904 0.329308 -0.890841 -0.312982
0.260585 -0.02896 -0.0108258 0.80678 0.437682 -0.396912
-0.325366 -0.161173 -0.271207 -0.0630697 -0.604131 -0.794385
-0.290483 -0.290096 0.218161 -0.80678 -0.437682 0.396912
-0.0368595 0.333704 -0.529239 -0.0630696 -0.604132 -0.794384
0.359378 -0.148465 -0.282785 0.0630698 0.604131 0.794385
-0.103926 -0.0995359 -0.335663 -0.0630697 -0.604131 -0.794385
0.37455 -0.347178 0.086458 0.425936 0.0347416 0.904086
0.0474445 0.166444 -0.12361 -0.80678 -0.437682 0.396912
-0.254735 0.194952 -0.101985 -0.329308 0.890841 0.312982
-0.270319 0.258757 -0.299988 -0.329308 0.890841 0.312982
-0.331981 -0.0808194 0.364583 -0.80678 -0.437682 0.396912
0.312092 -0.216266 -0.00769945 -0.80678 -0.437682 0.396912
-0.124987 0.284626 -0.470207 0.587476 -0.665927 0.459797
-0.0494355 -0.276602 -0.150257 0.0630724 0.60413 0.794386
-0.254391 0.242813 -0.23785 -0.329308 0.890841 0.312982
0.200981 -0.0207914 -0.0179938 -0.80678 -0.437682 0.396912
-0.244103 0.0397519 0.21782 0.329308 -0.890841 -0.312982
-0.0816118 -0.106972 -0.274083 0.0630696 0.604131 0.794385
-0.041349 -0.491603 0.241861 -0.425936 -0.0347417 -0.904086
-0.344201 0.137539 -0.032701 -0.329308 0.890841 0.312982
-0.32214 0.0380454 0.14057 0.329308 -0.890841 -0.312982
0.314506 -0.0367801 -0.41661 -0.0630697 -0.604131 -0.794385
0.118394 0.136625 -0.532915 -0.0630698 -0.604131 -0.794385
-0.444926 0.0259379 0.178968 -0.329308 0.890841 0.312982
-0.237594 0.0695277 0.139918 0.329308 -0.890841 -0.312982
-0.207754 -0.36735 0.196153 0.80678 0.437682 -0.396912
0.254254 -0.19546 -0.102319 -0.80678 -0.437682 0.396912
-0.0683052 -0.58987 0.113086 0.0630719 0.604133 0.794384
-0.166668 -0.179679 0.335002 0.425936 0.0347415 0.904086
0.403109 -0.312883 0.0716852 0.425936 0.0347416 0.904086
0.332464 -0.258855 -0.0132547 -0.806781 -0.437682 0.396912
0.0142337 0.356069 -0.544615 0.587475 -0.665928 0.459796
0.383778 -0.310068 0.0345762 -0.80678 -0.437682 0.396912
-0.342157 0.056649 0.199686 -0.329308 0.890841 0.312982
-0.109727 0.1299 -0.457238 0.0630698 0.604131 0.794385
-0.10471 0.192506 -0.0703001 0.329308 -0.890841 -0.312982
-0.539912 -0.0307389 -0.107818 0.80678 0.437682 -0.396912
0.403323 -0.27561 0.00732352 0.806781 0.437682 -0.396912
-0.534479 0.0854503 -0.280782 -0.587476 0.665927 -0.459797
-0.0702323 -0.0662796 0.239124 -0.425936 -0.0347416 -0.904086
-0.0627385 0.257879 -0.079082 -0.329308 0.890841 0.312982
0.173081 0.143097 -0.542179 -0.0630697 -0.604131 -0.794385
0.00801645 -0.0326313 -0.395432 -0.0630697 -0.604131 -0.794385
0.0153712 0.0901747 -0.284789 0.587475 -0.665927 0.459797
-0.307196 -0.215893 0.266015 -0.80678 -0.437682 0.396912
-0.222161 -0.270532 0.273633 0.80678 0.437682 -0.396912
0.1065 0.314924 -0.520499 -0.80678 -0.437681 0.396913
0.207661 0.0851966 0.0074818 0.80678 0.437682 -0.396912
0.135674 0.0960256 -0.503411 -0.0630697 -0.604131 -0.794385
0.303733 -0.347769 0.0737573 -0.425936 -0.0347416 -0.904086
-0.12942 -0.189596 -0.265149 -0.0630697 -0.604131 -0.794385
0.142506 -0.316624 0.148518 -0.425936 -0.0347416 -0.904086
-0.027138 0.139803 -0.471326 0.0630698 0.604131 0.794385
0.104029 -0.494409 0.147844 -0.587475 0.665927 -0.459797
-0.245407 0.114372 0.00405714 0.329308 -0.890841 -0.312982
-0.330954 -0.293801 0.026836 0.80678 0.437682 -0.396912
-0.124348 0.168243 -0.470819 -0.80678 -0.437682 0.396912
0.00519598 -0.0814692 0.204172 -0.425936 -0.0347416 -0.904086
0.000364075 0.281794 -0.197087 0.80678 0.437682 -0.396912
0.0322132 0.0750116 -0.479216 -0.0630697 -0.604131 -0.794385
0.0566055 -0.454189 -0.026243 0.0630697 0.604132 0.794385
-0.34694 0.0122147 0.436768 -0.80678 -0.437682 0.396912
-0.0533038 -0.10396 -0.281244 0.0630698 0.604131 0.794385
0.403837 -0.338307 -0.194391 -0.0630698 -0.604131 -0.794385
0.301927 -0.471348 0.0190121 0.587476 -0.665927 0.459797
-0.183391 0.0958413 0.25518 -0.329308 0.890841 0.312982
-0.247195 -0.384853 -0.0548531 0.0630698 0.604131 0.794385
-0.163142 0.15538 -0.0261081 0.329308 -0.890841 -0.312982
-0.313864 0.0299167 0.305543 -0.329308 0.890841 0.312982
0.0346502 0.0784707 -0.48204 -0.0630697 -0.604131 -0.794385
0.0172417 -0.638526 0.140625 0.587476 -0.665927 0.459797
0.214424 -0.0356684 -0.112052 0.80678 0.437682 -0.396912
0.301963 -0.143045 0.0524556 -0.80678 -0.437682 0.396912
-0.206091 0.193192 -0.453696 0.587476 -0.665927 0.459797
-0.278312 -0.0874101 0.337967 -0.425936 -0.0347416 -0.904086
-0.292654 -0.00517389 0.432892 0.490572 -0.121802 0.862846
0.134563 -0.330454 0.152792 -0.425936 -0.0347416 -0.904086
0.341039 -0.215461 -0.0529489 0.806781 0.437682 -0.396912
-0.432369 0.0714051 -0.340969 0.587475 -0.665927 0.459797
0.079471 -0.523816 0.136631 -0.587476 0.665927 -0.459797
-0.485666 -0.20159 -0.0809792 -0.80678 -0.437682 0.396912
-0.0111709 -0.483856 0.00169979 0.0630693 0.604132 0.794384
0.234312 0.0164435 0.0908158 -0.80678 -0.437682 0.396912
0.0815288 -0.336829 -0.169926 -0.0630697 -0.604131 -0.794385
0.170323 -0.000114163 -0.0575094 -0.80678 -0.437682 0.396912
-0.136296 0.226905 -0.430417 -0.80678 -0.437682 0.396912
-0.341415 -0.135893 0.284677 -0.80678 -0.437682 0.396912
0.140301 -0.407916 0.153065 -0.425936 -0.0347416 -0.904086
-0.377025 0.064096 0.00867472 0.329308 -0.890841 -0.312982
0.341989 -0.219726 -0.279662 -0.0630698 -0.604131 -0.794385
-0.0335928 0.246109 -0.0149155 -0.329308 0.890841 0.312982
0.13152 -0.178258 0.187163 0.80678 0.437682 -0.396912
0.136756 0.261665 -0.554757 -0.587476 0.665927 -0.459796
-0.1497 0.0765019 0.212546 0.329308 -0.890841 -0.312982
-0.319468 0.00635033 0.366723 -0.329308 0.890841 0.312982
0.288863 -0.436742 -0.110403 -0.0630698 -0.604131 -0.794385
0.265473 -0.343516 0.137706 0.425936 0.0347416 0.904086
-0.282881 -0.425235 -0.0213094 0.0630698 0.604131 0.794385
-0.403262 -0.247372 0.0360335 -0.80678 -0.437682 0.396912
0.108094 0.18909 -0.0803375 0.80678 0.437682 -0.396912
0.0853061 -0.240285 -0.188573 0.0630703 0.604132 0.794385
0.235011 -0.118732 -0.0568231 -0.80678 -0.437682 0.396912
0.240107 -0.452829 -0.0942974 -0.0630698 -0.604131 -0.794385
0.0838099 0.184778 0.15005 0.329308 -0.890841 -0.312982
0.180302 -0.513853 0.0222304 -0.587476 0.665927 -0.459797
-0.220305 -0.191093 0.365003 0.806781 0.437682 -0.396912
-0.0115677 0.175898 0.208099 -0.329308 0.890841 0.312982
-0.265976 -0.0878353 0.386034 0.806781 0.437682 -0.396912
-0.0959373 -0.573441 0.301153 -0.80678 -0.437682 0.396912
0.212513 0.204519 0.148922 0.80678 0.437682 -0.396912
0.313762 -0.22935 -0.21765 0.0630698 0.604131 0.794385
-0.397043 -0.113622 -0.047179 -0.587476 0.665927 -0.459797
0.0566818 0.0858835 -0.489427 -0.0630697 -0.604131 -0.794385
0.164189 0.146931 0.166577 0.425936 0.0347416 0.904086
0.178801 -0.0487042 -0.104059 -0.0630697 -0.604131 -0.794385
-0.183542 -0.20734 -0.247357 -0.0630697 -0.604131 -0.794385
0.150737 -0.412042 0.148307 -0.425936 -0.0347416 -0.904086
-0.325464 -0.0701871 0.284577 0.80678 0.437682 -0.396912
-0.0440525 0.298661 -0.175501 -0.329308 0.890841 0.312982
-0.270094 -0.471373 -0.0396875 -0.0630697 -0.604131 -0.794385
0.392517 -0.428535 -0.124874 -0.0630698 -0.604131 -0.794385
0.273186 -0.230724 -0.102724 -0.80678 -0.437682 0.396912
0.0514509 -0.24998 0.234942 0.425936 0.0347416 0.904086
0.371056 -0.325669 -0.2014 -0.0630698 -0.604131 -0.794385
-0.115679 -0.253146 0.294964 0.80678 0.437682 -0.396912
-0.507089 -0.00290528 -0.324691 0.0630697 0.604131 0.794385
0.178134 -0.443353 0.18269 0.425936 0.0347416 0.904086
-0.458702 -0.209816 -0.223628 -0.0630697 -0.604131 -0.794385
0.0459216 -0.220355 0.236409 0.425936 0.0347416 0.904086
-0.0101832 -0.665987 0.090726 0.587476 -0.665927 0.459797
0.561187 -0.271766 -0.205037 0.0630698 0.604131 0.794385
-0.354101 -0.23054 0.0495454 0.80678 0.437682 -0.396912
-0.578247 0.0358605 -0.122677 0.329308 -0.890841 -0.312982
-0.0623741 -0.545001 -0.000185115 -0.0630697 -0.604131 -0.794385
-0.596923 -0.0257617 -0.218213 0.80678 0.437682 -0.396912
0.122393 -0.455647 0.209423 0.425936 0.0347416 0.904086
-0.175308 -0.085513 -0.340661 -0.0630697 -0.604131 -0.794385
-0.232641 -0.0584929 -0.356657 -0.0630697 -0.604131 -0.794385
0.0244774 -0.165526 -0.295673 -0.0630697 -0.604131 -0.794385
-0.273887 -0.235705 0.206895 0.80678 0.437682 -0.396912
-0.290638 0.0240069 -0.254321 0.80678 0.437683 -0.396912
0.196218 0.136732 0.151879 0.425936 0.0347416 0.904086
-0.60916 -0.0437094 -0.157901 -0.80678 -0.437682 0.396912
-0.399106 -0.180759 0.117936 -0.80678 -0.437682 0.396912
-0.0207211 0.127508 0.203074 0.329308 -0.890841 -0.312982
-0.0283262 0.285941 -0.58237 0.0630697 0.604131 0.794385
-0.298667 -0.400893 -0.0256289 0.80678 0.437682 -0.396912
-0.337464 0.101206 -0.0553277 0.329308 -0.890841 -0.312982
-0.190749 -0.480004 -0.0394236 -0.0630697 -0.604131 -0.794385
-0.387131 -0.279468 -0.0715459 0.80678 0.437682 -0.396912
-0.100935 0.305677 -0.376657 0.80678 0.437682 -0.396912
-0.413017 -0.190744 0.0786516 -0.80678 -0.437682 0.396912
0.105435 0.0915075 -0.193347 0.80678 0.437682 -0.396912
-0.0615553 0.108902 0.213068 0.329308 -0.890841 -0.312982
0.43614 -0.338024 0.0406243 0.587476 -0.665927 0.459797
0.5187 -0.139417 -0.197412 0.0630697 0.604131 0.794385
0.22568 0.158599 -0.483563 0.587475 -0.665927 0.459797
0.180976 0.0445653 0.0134135 -0.80678 -0.437682 0.396912
-0.384025 0.0951069 0.0461704 -0.329308 0.890841 0.312982
-0.13243 -0.511684 0.190099 0.80678 0.437682 -0.396912
-0.50449 0.0980169 -0.0888607 -0.329308 0.890841 0.312982
0.0482411 -0.412939 -0.109401 -0.0630697 -0.604131 -0.794385
0.234268 -0.102892 -0.30751 0.0630698 0.604131 0.794385
-0.601434 -0.085057 -0.307175 -0.0630697 -0.604131 -0.794385
-0.666495 -0.00469848 -0.242671 -0.587476 0.665927 -0.459797
-0.00664958 0.0900772 -0.422753 0.80678 0.437682 -0.396912
0.0771314 0.346848 -0.544991 -0.80678 -0.437683 0.396912
0.126294 0.1798 0.0513904 -0.80678 -0.437682 0.396912
-0.37968 -0.151283 0.0849497 0.80678 0.437682 -0.396912
-0.239463 -0.00588304 -0.183262 0.80678 0.437682 -0.396912
-0.224914 -0.295241 0.24079 0.80678 0.437682 -0.396912
-0.21056 -0.0793977 -0.147288 0.587476 -0.665927 0.459797
-0.403958 -0.0740252 0.225773 -0.80678 -0.437682 0.396912
0.350466 -0.323088 0.0507918 -0.425936 -0.0347416 -0.904086
-0.395575 -0.147155 -0.00903066 0.587475 -0.665927 0.459797
0.148738 -0.32348 -0.185414 -0.0630697 -0.604131 -0.794385
-0.101451 -0.555937 0.20427 0.80678 0.437682 -0.396912
-0.0918293 -0.120236 -0.263185 0.0630696 0.604131 0.794385
0.136682 0.187313 0.131897 -0.425936 -0.0347415 -0.904086
0.297935 -0.460202 0.0402566 0.587476 -0.665927 0.459797
0.395397 -0.346808 0.0766224 0.425936 0.0347416 0.904086
-0.168408 -0.352533 0.342464 0.425936 0.0347415 0.904086
-0.252773 0.0585354 -0.391608 0.0630697 0.604131 0.794385
0.21102 -0.323176 0.162579 0.425936 0.0347416 0.904086
-0.155209 -0.433518 0.334971 -0.80678 -0.437682 0.396912
-0.489224 -0.178373 -0.167586 0.80678 0.437682 -0.396912
-0.362992 -0.29249 -0.0368399 0.80678 0.437682 -0.396912
0.518696 -0.348171 -0.115579 -0.80678 -0.437683 0.396913
-0.144274 -0.501898 0.0259885 0.0630679 0.604131 0.794385
-0.395129 -0.0681498 -0.336413 -0.0630697 -0.604131 -0.794385
0.29998 -0.196547 -0.0105746 -0.80678 -0.437682 0.396912
-0.0696112 -0.694796 0.124932 0.587476 -0.665927 0.459797
0.120871 0.164066 -0.0819607 0.80678 0.437682 -0.396912
0.0452543 -0.154222 -0.250844 0.0630698 0.604131 0.794385
-0.0173533 -0.51136 0.0231078 0.0630698 0.604131 0.794385
0.340866 -0.426922 0.0336029 0.587476 -0.665927 0.459797
0.285556 -0.124917 -0.0658802 0.80678 0.437682 -0.396912
-0.304328 -0.230618 -0.220065 -0.0630697 -0.604131 -0.794385
0.405782 -0.0707464 -0.345574 0.0630698 0.604131 0.794385
-0.450117 -0.281108 -0.170092 -0.0630697 -0.604131 -0.794385
0.254976 -0.05945 0.131735 0.425936 0.0347416 0.904086
-0.327227 0.109979 0.0635998 -0.329308 0.890841 0.312982
-0.124922 -0.294515 -0.185714 -0.0630697 -0.604131 -0.794385
0.0233729 0.357306 -0.599811 -0.587475 0.665928 -0.459797
-0.231953 -0.406472 0.103824 0.80678 0.437682 -0.396912
-0.192011 -0.449598 -0.00999576 0.0630698 0.604131 0.794385
0.283088 -0.11859 -0.0639204 0.80678 0.437682 -0.396912
-0.297759 -0.166519 0.234666 0.80678 0.437682 -0.396912
0.0935627 -0.287976 0.170476 -0.425936 -0.0347416 -0.904086
-0.544827 0.0599546 -0.156092 0.329308 -0.890841 -0.312982
0.345254 -0.426532 0.0285615 0.587476 -0.665927 0.459797
-0.290873 -0.219501 0.190238 0.80678 0.437682 -0.396912
-0.486965 -0.192857 -0.0739889 -0.80678 -0.437682 0.396912
0.0364215 0.343486 -0.636499 -0.587476 0.665927 -0.459797
-0.430371 0.0801374 0.0400146 -0.329308 0.890841 0.312982
-0.0637149 0.142726 0.114521 0.329308 -0.890841 -0.312982
-0.224044 0.0503657 0.341843 -0.329308 0.890841 0.312982
0.18249 0.0468399 -0.0859777 0.80678 0.437682 -0.396912
-0.207391 -0.0924269 -0.332855 -0.0630697 -0.604131 -0.794385
-0.333398 0.0165297 0.189964 0.329309 -0.890841 -0.312982
0.134252 -0.169657 -0.301246 -0.0630697 -0.604131 -0.794385
-0.143829 -0.385231 0.332141 0.425936 0.0347415 0.904086
-0.355403 0.10219 -0.433378 -0.587476 0.665928 -0.459796
-0.0575676 -0.613956 0.0518736 -0.0630697 -0.604131 -0.794385
0.265822 -0.0859596 -0.0630347 0.80678 0.437682 -0.396912
-0.291371 0.0614648 -0.390771 0.0630697 0.604131 0.794385
-0.170104 -0.21033 -0.193698 0.0630698 0.604131 0.794385
-0.0145557 0.218203 -0.0485854 0.329308 -0.890841 -0.312982
-0.165994 0.142537 -0.462381 0.0630697 0.604131 0.794385
-0.224811 0.12543 0.127382 -0.329308 0.890841 0.312982
-0.102706 0.131454 0.23871 -0.329308 0.890841 0.312982
-0.333129 -0.30688 -0.107329 0.0630698 0.604131 0.794385
-0.259275 -0.517969 0.0303159 -0.80678 -0.437682 0.396912
-0.143216 0.149571 -0.52199 -0.0630698 -0.604131 -0.794385
-0.502259 0.0855888 -0.0511388 -0.329308 0.890841 0.312982
-0.0230292 -0.583053 0.181801 -0.587476 0.665927 -0.459797
0.512047 -0.345622 -0.0909429 0.0630698 0.604132 0.794385
-0.211424 -0.397042 0.15595 0.80678 0.437682 -0.396912
-0.262409 -0.084115 0.330349 -0.425936 -0.0347416 -0.904086
-0.126814 -0.40518 0.278804 -0.425936 -0.0347416 -0.904086
0.188774 0.206332 -0.504311 -0.0630697 -0.604131 -0.794385
-0.25592 0.00305595 0.309835 0.329308 -0.890841 -0.312982
-0.00649777 0.0374145 -0.44755 -0.0630697 -0.604131 -0.794385
-0.201542 0.253552 -0.345939 0.329308 -0.890841 -0.312982
-0.232975 -0.0577306 -0.357211 -0.0630697 -0.604131 -0.794385
0.123929 0.00748287 -0.38269 0.0630697 0.604131 0.794385
-0.191443 0.22843 -0.130678 -0.329308 0.890841 0.312982
-0.429778 0.0482097 0.131514 -0.329308 0.890841 0.312982
-0.0210804 0.126344 -0.412093 0.80678 0.437682 -0.396912
0.179573 -0.461584 -0.030382 0.0630697 0.604131 0.794385
0.280198 -0.192597 -0.295388 -0.0630698 -0.604131 -0.794385
0.553963 -0.301162 -0.0933298 -0.0630699 -0.604131 -0.794385
0.0172224 -0.586918 0.124774 -0.587476 0.665927 -0.459797
-0.0607082 -0.319807 0.244379 -0.425936 -0.0347416 -0.904086
-0.16992 -0.611365 0.058823 -0.0630697 -0.604131 -0.794385
0.20994 -0.323455 0.163098 0.425936 0.0347416 0.904086
-0.092992 -0.597933 0.0425005 -0.0630697 -0.604131 -0.794385
-0.0696488 -0.0090849 -0.407173 -0.0630697 -0.604131 -0.794385
-0.0273225 -0.103368 0.266421 0.425936 0.0347416 0.904086
-0.480491 0.0408037 -0.362461 -0.587476 0.665928 -0.459796
-0.39616 -0.265132 0.030886 -0.80678 -0.437682 0.396912
0.135053 -0.494589 -0.0541987 -0.0630698 -0.604131 -0.794385
-0.257959 -0.374137 -0.114599 -0.0630697 -0.604131 -0.794385
-0.180006 -0.471891 0.00600533 0.0630698 0.604131 0.794385
-0.459627 0.0924011 -0.158801 0.329308 -0.890841 -0.312982
-0.0638788 0.28265 -0.150789 -0.329308 0.890841 0.312982
-0.103709 0.267977 -0.318889 -0.80678 -0.437682 0.396912
0.164296 0.079705 -0.0867193 0.80678 0.437682 -0.396912
0.475195 -0.371227 -0.0685446 0.0630698 0.604132 0.794385
-0.0337344 0.181937 0.167587 -0.329308 0.890841 0.312982
0.0813341 0.186582 -0.137496 0.80678 0.437682 -0.396912
-0.145982 -0.564978 0.103785 0.80678 0.437682 -0.396912
0.532563 -0.35056 -0.113121 0.80678 0.437683 -0.396912
0.481079 -0.192358 -0.311518 -0.0630696 -0.604131 -0.794385
-0.0818297 0.260972 -0.282141 -0.80678 -0.437682 0.396912
-0.561667 -0.188942 -0.221515 -0.80678 -0.437682 0.396913
-0.278248 0.171623 -0.193449 0.329308 -0.890841 -0.312982
0.216197 -0.395516 -0.135986 -0.0630698 -0.604131 -0.794385
0.0494271 -0.281495 -0.154384 0.0630698 0.604131 0.794385
-0.31763 0.245119 -0.31095 -0.329308 0.890841 0.312982
0.35917 -0.257411 0.0426228 -0.80678 -0.437682 0.396912
-0.260804 0.0198659 -0.198246 0.80678 0.437682 -0.396912
0.288996 -0.333254 0.126229 0.425936 0.0347416 0.904086
-0.345855 -0.268471 -0.18798 -0.0630697 -0.604131 -0.794385
-0.419677 0.116952 -0.0535185 -0.329308 0.890841 0.312982
-0.210905 -0.0312534 -0.0938916 -0.80678 -0.437682 0.396912
-0.0755295 0.191138 -0.0357027 0.329308 -0.890841 -0.312982
-0.259587 0.0660825 0.259712 -0.329308 0.890841 0.312982
0.343901 -0.4551 -0.0110856 0.587476 -0.665927 0.459797
-0.326019 0.0535229 0.225563 -0.329308 0.890841 0.312982
-0.449243 -0.036443 0.0701885 0.80678 0.437683 -0.396912
-0.169414 0.0682927 0.21517 0.329308 -0.890841 -0.312982
-0.0434826 -0.645465 0.208162 0.587476 -0.665927 0.459797
0.208999 0.227478 0.180518 0.490573 -0.121802 0.862846
0.24846 -0.146433 0.138148 0.425936 0.0347416 0.904086
-0.33047 -0.132511 -0.0710064 0.587475 -0.665927 0.459797
-0.434997 0.0306274 0.0429407 0.329308 -0.890841 -0.312982
0.119068 -0.447066 -0.0890709 -0.0630698 -0.604131 -0.794385
-0.272775 -0.337335 0.202064 -0.80678 -0.437682 0.396912
0.0526878 0.250235 -0.614099 -0.0630697 -0.604132 -0.794385
0.395205 -0.248994 0.0201728 0.806781 0.437682 -0.396912
-0.291187 0.0695822 0.216502 -0.329308 0.890841 0.312982
-0.405744 0.0535422 0.0084972 0.329308 -0.890841 -0.312982
0.0386159 0.106413 -0.207754 -0.80678 -0.437682 0.396912
0.154577 0.12173 0.0448437 -0.80678 -0.437682 0.396912
-0.220438 -0.104188 -0.252992 0.80678 0.437683 -0.396912
0.104052 -0.428989 0.170953 -0.425936 -0.0347416 -0.904086
0.279341 0.104427 -0.414731 0.0630696 0.604131 0.794385
-0.0833152 0.216946 -0.117353 0.329308 -0.890841 -0.312982
-0.145885 -0.216705 -0.190774 0.0630698 0.604131 0.794385
-0.389142 0.0314372 0.22201 -0.329308 0.890841 0.312982
-0.207115 -0.113345 -0.200856 0.587476 -0.665927 0.459797
-0.418611 0.104476 -0.40127 -0.587476 0.665927 -0.459797
0.152953 0.279334 0.11036 0.80678 0.437682 -0.396912
-0.0891803 -0.696265 0.169169 -0.0630703 -0.604131 -0.794385
-0.330865 -0.07926 -0.280614 0.0630697 0.604131 0.794385
-0.14738 0.336328 -0.391429 -0.329308 0.890841 0.312982
0.188153 -0.33885 -0.176854 -0.0630698 -0.604131 -0.794385
-0.498796 -0.0773257 0.0293618 -0.80678 -0.437682 0.396912
0.0879629 0.258272 0.0783619 -0.329308 0.890841 0.312982
-0.279501 0.157668 -0.465138 -0.0630697 -0.604131 -0.794385
-0.196669 -0.358346 0.33359 -0.80678 -0.437682 0.396912
0.22933 0.187049 -0.447023 0.587476 -0.665927 0.459797
-0.0851403 -0.27067 -0.154555 0.0630698 0.604131 0.794385
0.488657 -0.357906 -0.18622 -0.0630698 -0.604131 -0.794385
0.0611765 0.27426 0.0231924 -0.80678 -0.437683 0.396912
0.188915 -0.0759311 0.141314 -0.80678 -0.437682 0.396912
-0.0994197 0.0878733 -0.426095 0.0630698 0.604131 0.794385
-0.103531 -0.0716679 -0.356888 -0.0630697 -0.604131 -0.794385
-0.201057 -0.115239 0.30264 -0.425936 -0.0347416 -0.904086
0.421197 -0.354543 -0.183422 -0.06307 -0.604131 -0.794385
0.043382 0.176555 -0.120719 -0.80678 -0.437682 0.396912
-0.549128 0.0510722 -0.311856 -0.587476 0.665927 -0.459797
0.380509 -0.372265 -0.040655 -0.806781 -0.437682 0.396912
-0.174144 -0.176815 -0.218866 0.0630698 0.604131 0.794385
0.302804 -0.125207 -0.348433 -0.0630697 -0.604131 -0.794385
0.328097 -0.202839 0.0567092 -0.425936 -0.0347415 -0.904086
-0.325978 0.178031 -0.261908 0.329308 -0.890841 -0.312982
0.230408 -0.467372 0.0255301 -0.587476 0.665927 -0.459797
0.180351 -0.184183 -0.293859 -0.0630697 -0.604131 -0.794385
-0.381715 0.0315232 0.290094 -0.409492 0.898458 0.158396
-0.00201205 0.309271 -0.161466 -0.329308 0.890841 0.312983
-0.0125313 -0.0273401 0.210443 -0.425936 -0.0347416 -0.904086
0.0773811 -0.51588 -0.0334273 -0.0630698 -0.604131 -0.794385
0.0970837 -0.522539 0.206597 0.587476 -0.665927 0.459797
0.277955 -0.240182 -0.103459 -0.80678 -0.437682 0.396912
-0.123919 -0.528257 0.294102 -0.80678 -0.437682 0.396912
-0.00386001 0.0351444 -0.372681 -0.80678 -0.437682 0.396912
0.526782 -0.322745 -0.0942007 0.806781 0.437681 -0.396913
-0.0500715 -0.192275 -0.269411 -0.0630697 -0.604131 -0.794385
-0.119569 -0.423276 0.276086 -0.425936 -0.0347416 -0.904086
0.00881999 0.11415 -0.259786 -0.80678 -0.437682 0.396912
-0.0517501 0.186577 0.135427 -0.329308 0.890841 0.312982
-0.0182318 0.280802 -0.0975001 -0.329308 0.890841 0.312982
-0.476517 -0.200048 -0.229642 -0.0630697 -0.604131 -0.794385
0.0153129 0.234054 -0.546375 0.0630697 0.604132 0.794385
-0.134348 0.264836 -0.174228 -0.329308 0.890841 0.312982
-0.215729 -0.446121 0.0930803 0.80678 0.437682 -0.396912
0.459596 -0.0963071 -0.300508 0.80678 0.437683 -0.396912
0.531742 -0.344835 -0.0913896 0.587476 -0.665928 0.459796
-0.268442 -0.206803 -0.241025 -0.0630697 -0.604131 -0.794385
-0.230893 0.0150544 0.302016 0.329308 -0.890841 -0.312982
-0.235172 0.202271 -0.102235 -0.329308 0.890841 0.312982
-0.212947 0.172153 -0.126252 0.329308 -0.890842 -0.312982
-0.368133 -0.148926 0.111019 0.80678 0.437682 -0.396912
0.318714 0.0481756 -0.394349 -0.0630696 -0.604131 -0.794385
-0.254148 0.0998734 0.0361276 0.329308 -0.890841 -0.312982
0.257906 -0.0418537 0.0744873 -0.80678 -0.437682 0.396912
-0.310612 0.163064 -0.0700142 -0.329308 0.890841 0.312982
0.243255 -0.0244112 0.0898241 -0.425936 -0.0347415 -0.904086
-0.0957946 -0.235875 -0.178288 -0.829916 -0.410348 0.377961
-0.407005 0.11557 -0.309412 0.587475 -0.665927 0.459797
-0.0589141 0.198209 0.0947808 -0.329308 0.890841 0.312982
-0.370239 0.191125 -0.212621 -0.329308 0.890841 0.312982
0.158824 0.253293 0.198553 -0.80678 -0.437682 0.396912
-0.167583 0.126123 0.0524945 0.329308 -0.890841 -0.312982
-0.125238 0.161783 -0.00445122 0.329308 -0.890841 -0.312982
-0.199906 -0.0593537 -0.358602 -0.0630697 -0.604131 -0.794385
-0.511211 -0.0800991 -0.10391 0.80678 0.437682 -0.396912
-0.151559 -0.335462 0.33387 0.425936 0.0347415 0.904086
0.0615634 -0.475186 -0.0631197 -0.0630697 -0.604131 -0.794385
-0.134304 0.147865 0.0256245 0.329308 -0.890841 -0.312982
-0.509483 0.0051087 -0.377116 -0.587476 0.665927 -0.459797
-0.315464 0.110523 -0.190135 0.0630701 0.604132 0.794385
0.387343 -0.133485 -0.296397 0.0630698 0.604131 0.794385
0.0730317 -0.0534682 0.205886 0.80678 0.437682 -0.396912
0.125978 -0.121889 -0.336917 -0.0630697 -0.604131 -0.794385
0.239095 0.0362384 -0.413703 0.0630697 0.604131 0.794385
-0.0175319 -0.139336 -0.312255 -0.0630697 -0.604131 -0.794385
-0.0876559 -0.182713 -0.273699 -0.0630697 -0.604131 -0.794385
0.10457 0.181439 0.193339 0.425936 0.0347416 0.904086
-0.44122 -0.0371669 0.0857 0.80678 0.437683 -0.396912
-0.316412 0.106216 -0.186785 0.0630701 0.604132 0.794385
0.0105161 0.200962 0.0268673 0.329308 -0.890841 -0.312982
0.0481575 -0.319868 -0.122479 0.0630698 0.604131 0.794385
-0.248329 0.0987788 -0.422566 0.0630697 0.604131 0.794385
0.018537 0.29952 -0.140602 0.80678 0.437682 -0.396912
-0.045322 0.0896118 0.221398 -0.425936 -0.0347413 -0.904086
0.0594717 -0.583582 0.0719336 0.0630696 0.604132 0.794385
-0.157807 0.10461 0.25714 -0.329308 0.890841 0.312982
-0.380413 0.0139912 -0.347598 0.0630697 0.604131 0.794385
0.0194675 -0.317875 0.25262 0.425936 0.0347416 0.904086
0.0182561 -0.220858 0.203375 -0.425936 -0.0347416 -0.904086
-0.290214 -0.114535 -0.171736 0.80678 0.437683 -0.396912
-0.345824 0.0887459 -0.407195 0.0630697 0.604131 0.794385
0.41429 -0.336505 -0.0375339 0.806781 0.437682 -0.396912
-0.350157 -0.065458 -0.34203 -0.0630697 -0.604131 -0.794385
0.186276 0.186002 -0.544763 0.80678 0.437682 -0.396912
-0.127308 -0.135531 -0.248736 0.0630697 0.604132 0.794385
0.0420543 -0.211171 -0.262355 -0.0630697 -0.604131 -0.794385
-0.40369 0.193597 -0.254852 -0.329308 0.890841 0.312982
0.270052 -0.133777 -0.00218812 -0.80678 -0.437682 0.396912
-0.295657 -0.365844 0.124116 -0.80678 -0.437682 0.396912
0.0504704 -0.0151329 0.2023 0.80678 0.437682 -0.396912
0.104032 0.266657 -0.622996 0.80678 0.437682 -0.396913
0.130546 0.268027 0.157322 -0.80678 -0.437683 0.396912
-0.456165 -0.0341501 0.163626 -0.80678 -0.437682 0.396912
-0.00191408 -0.0954481 -0.289175 0.0630701 0.604131 0.794385
0.149041 0.176952 0.17256 0.425936 0.0347416 0.904086
-0.187488 -0.451383 -0.00899743 0.0630698 0.604131 0.794385
0.0067336 -0.260791 0.256425 0.425936 0.0347416 0.904086
0.288151 -0.156284 -0.271183 0.0630683 0.604132 0.794385
0.257937 -0.50568 -0.0196724 0.587476 -0.665927 0.459797
-0.326559 -0.0724734 0.384808 -0.80678 -0.437682 0.396912
-0.360743 -0.116099 0.162241 0.80678 0.437682 -0.396912
0.0711202 -0.55295 0.105107 -0.587476 0.665927 -0.459797
-0.316165 -0.338605 0.00749047 0.80678 0.437682 -0.396912
-0.0381646 0.24564 -0.151518 0.329308 -0.890841 -0.312982
0.262199 -0.170786 -0.058963 -0.806781 -0.437682 0.396912
0.151877 -0.50242 0.0751071 -0.587476 0.665927 -0.459797
0.372908 -0.0573552 -0.4056 -0.0630697 -0.604131 -0.794385
0.262881 0.159762 -0.417987 0.80678 0.437682 -0.396912
0.101705 -0.503558 -0.0447299 -0.0630698 -0.604131 -0.794385
-0.384874 -0.0827787 -0.326102 -0.0630697 -0.604131 -0.794385
-0.411028 0.172411 -0.202271 -0.329308 0.890841 0.312982
0.025441 -0.0129486 -0.359333 0.0630697 0.604131 0.794385
-0.333482 0.138364 -0.209878 0.0630701 0.604132 0.794385
-0.0718323 -0.331589 0.29616 0.425936 0.0347415 0.904086
0.372177 -0.114946 -0.361744 -0.0630698 -0.604131 -0.794385
0.188177 -0.455106 0.0972526 -0.587475 0.665927 -0.459797
0.215974 -0.188739 -0.293223 -0.0630697 -0.604131 -0.794385
-0.516323 -0.0686862 -0.326383 -0.0630697 -0.604131 -0.794385
0.0475725 -0.290736 0.192249 -0.425936 -0.0347417 -0.904086
0.139654 -0.0336805 -0.405085 -0.0630697 -0.604131 -0.794385
-0.161328 -0.355456 -0.136478 -0.0630697 -0.604131 -0.794385
0.161854 -0.212273 -0.271028 -0.0630697 -0.604131 -0.794385
-0.34036 0.155277 -0.0791469 -0.329308 0.890841 0.312982
0.0963779 0.229981 -0.602165 -0.0630697 -0.604132 -0.794385
0.0299255 0.260441 -0.567602 0.0630698 0.604131 0.794385
-0.057018 -0.561978 0.0647517 0.0630698 0.604131 0.794385
0.267793 -0.112997 -0.302487 0.0630697 0.604131 0.794385
0.179337 0.0412876 -0.46525 -0.0630697 -0.604131 -0.794385
-0.246525 -0.290203 0.307395 -0.80678 -0.437682 0.396912
0.0238342 -0.623106 0.0523691 -0.0630698 -0.604131 -0.794385
-0.0736903 -0.363269 0.252166 -0.425936 -0.0347416 -0.904086
-0.102292 -0.0592309 -0.366445 -0.0630697 -0.604131 -0.794385
0.00412054 -0.323615 0.260071 0.425936 0.0347416 0.904086
0.168812 -0.555119 0.0677653 0.587476 -0.665927 0.459797
-0.206716 -0.454356 0.207298 -0.80678 -0.437682 0.396912
0.123086 -0.270881 -0.165682 0.0630689 0.604131 0.794385
-0.281095 -0.0334333 -0.238967 -0.80678 -0.437682 0.396912
-0.191289 0.0887111 -0.419438 0.0630697 0.604131 0.794385
-0.124736 0.22173 -0.174549 0.329308 -0.890841 -0.312982
-0.0529715 -0.522514 0.0344182 0.0630698 0.604131 0.794385
-0.0940929 -0.234381 -0.233894 -0.0630697 -0.604131 -0.794385
-0.27638 -0.145693 0.301086 0.80678 0.437682 -0.396912
-0.346527 -0.132493 0.278036 -0.80678 -0.437682 0.396912
-0.0629885 -0.553477 0.254433 -0.425936 -0.0347417 -0.904086
0.0221089 -0.633758 0.0961439 0.587476 -0.665927 0.459797
-0.112103 -0.587562 0.0361303 -0.0630697 -0.604131 -0.794385
-0.349154 -0.173441 -0.259988 -0.0630697 -0.604131 -0.794385
0.183952 -0.292758 0.128075 -0.425936 -0.0347416 -0.904086
0.383253 -0.358593 -0.0122125 -0.587475 0.665927 -0.459797
-0.385968 0.144863 -0.255525 -0.806781 -0.437682 0.396912
-0.183088 0.000813676 -0.405694 -0.0630697 -0.604131 -0.794385
0.158344 -0.468773 -0.075681 -0.0630698 -0.604131 -0.794385
-0.558527 -0.0972759 -0.219027 0.80678 0.437682 -0.396912
0.195236 0.174343 0.0805289 0.80678 0.437682 -0.396912
-0.462641 0.113512 -0.0889329 -0.329308 0.890841 0.312982
-0.311509 -0.0374037 -0.366434 -0.0630697 -0.604131 -0.794385
-0.437945 0.0505437 -0.364059 0.587475 -0.665927 0.459797
-0.520863 0.0533327 -0.254076 0.587475 -0.665927 0.459797
-0.308369 -0.124338 -0.0874069 0.587475 -0.665927 0.459797
0.0438984 0.223903 0.129823 -0.329308 0.890841 0.312982
0.138159 0.184786 -0.51866 0.0630697 0.604132 0.794385
-0.35943 0.0570986 -0.35766 0.80678 0.437683 -0.396912
0.0762825 0.269892 -0.0558963 0.80678 0.437682 -0.396912
0.204036 -0.0605372 -0.337321 0.0630697 0.604131 0.794385
0.0639521 -0.0368284 0.205779 0.80678 0.437682 -0.396912
0.1634 -0.539431 0.0974009 0.587476 -0.665927 0.459797
-0.450023 -0.0883496 -0.264241 0.0630697 0.604131 0.794385
-0.176385 0.180134 -0.1105 0.329308 -0.890841 -0.312982
-0.133219 0.133614 -0.510649 -0.0630698 -0.604131 -0.794385
-0.342611 0.0158145 0.182307 0.329308 -0.890841 -0.312982
0.172183 -0.508151 -0.0468327 -0.0630698 -0.604131 -0.794385
-0.259933 -0.0203412 0.326731 -0.425936 -0.0347413 -0.904086
-0.45286 -0.269556 -0.178659 -0.0630697 -0.604131 -0.794385
-0.220074 0.043945 0.231168 0.329308 -0.890841 -0.312982
0.0494432 -0.537587 0.155052 -0.587476 0.665927 -0.459797
0.531997 -0.329605 -0.114968 -0.587475 0.665929 -0.459795
-0.495462 -0.202219 -0.101584 -0.80678 -0.437682 0.396912
0.0789563 -0.464254 0.184131 -0.425936 -0.0347416 -0.904086
-0.118661 -0.340445 -0.0988301 0.0630696 0.604131 0.794385
0.0723528 -0.502321 -0.0433397 -0.0630698 -0.604131 -0.794385
0.11756 0.257853 0.119707 -0.80678 -0.437683 0.396912
0.153492 -0.478087 0.108285 -0.587475 0.665927 -0.459797
-0.570809 -0.126556 -0.278047 -0.0630697 -0.604131 -0.794385
0.231309 -0.133283 -0.336614 -0.0630697 -0.604131 -0.794385
-0.144054 -0.500785 0.283468 -0.80678 -0.437682 0.396912
-0.136037 -0.573072 0.0794627 0.0630698 0.604131 0.794385
0.273218 -0.21571 -0.0861022 -0.80678 -0.437682 0.396912
-0.00284154 0.192574 -0.197011 -0.80678 -0.437682 0.396912
0.192304 -0.515619 0.0949575 0.587476 -0.665927 0.459797
-0.13445 0.261802 -0.165699 -0.329308 0.890841 0.312982
0.5032 -0.130544 -0.205375 -0.80678 -0.437682 0.396913
-0.147851 -0.48005 0.298615 -0.80678 -0.437682 0.396912
0.386216 -0.246941 -0.262476 -0.0630698 -0.604131 -0.794385
0.395277 -0.310518 -0.0475245 0.806781 0.437682 -0.396912
-0.333466 -0.0498128 0.290779 0.806781 0.437682 -0.396912
-0.47051 -0.223853 -0.0747216 -0.80678 -0.437682 0.396912
-0.186143 -0.505753 0.192439 -0.80678 -0.437682 0.396912
0.13362 0.309542 -0.508273 0.0630705 0.604132 0.794385
-0.106469 0.243011 -0.0827752 -0.329308 0.890841 0.312982
0.179852 -0.375429 0.133183 -0.425936 -0.0347416 -0.904086
0.267754 -0.218834 -0.100654 -0.80678 -0.437682 0.396912
-0.0274538 0.0815868 -0.479479 -0.0630698 -0.604131 -0.794385
0.0477506 -0.273704 -0.215251 -0.0630697 -0.604131 -0.794385
0.229604 0.00930983 0.0733798 -0.80678 -0.437682 0.396912
-0.374376 -0.0716831 0.183507 0.80678 0.437683 -0.396912
0.031973 -0.479251 -0.0576788 -0.0630697 -0.604131 -0.794385
-0.34819 -0.150573 -0.074524 0.587475 -0.665927 0.459797
0.245524 -0.312762 -0.201249 -0.0630698 -0.604131 -0.794385
0.255771 0.00853002 -0.393954 0.0630697 0.604131 0.794385
-0.267693 -0.15356 -0.281576 -0.0630697 -0.604131 -0.794385
-0.486449 0.108011 -0.309474 -0.587476 0.665927 -0.459797
-0.284694 0.067079 -0.194744 0.80678 0.437682 -0.396912
0.0399713 0.218732 -0.0811417 -0.80678 -0.437682 0.396912
0.236698 -0.0869871 -0.0183897 -0.80678 -0.437682 0.396912
0.0208097 -0.0243919 -0.402714 -0.0630697 -0.604131 -0.794385
0.0158746 -0.487222 0.00211233 0.0630698 0.604131 0.794385
0.186317 0.204046 -0.502377 -0.0630697 -0.604131 -0.794385
-0.177352 0.310694 -0.410856 -0.587476 0.665927 -0.459797
-0.569927 -0.0220607 -0.159259 0.80678 0.437682 -0.396912
-0.168858 -0.205032 0.290921 -0.425936 -0.0347417 -0.904086
-0.179526 0.24059 -0.28588 0.329308 -0.890841 -0.312982
-0.388818 -0.0270282 0.308372 -0.80678 -0.437682 0.396912
0.151932 0.218035 -0.579249 0.80678 0.437682 -0.396913
-0.412452 -0.185367 -0.193442 0.0630697 0.604131 0.794385
0.111939 0.171066 -0.558595 -0.0630697 -0.604131 -0.794385
-0.0629502 0.163664 0.188861 -0.329308 0.890841 0.312982
0.0758458 0.151938 0.208005 0.425936 0.0347416 0.904086
-0.527022 -0.0829649 -0.0342314 -0.80678 -0.437682 0.396912
-0.00695143 -0.531457 0.273274 0.425936 0.0347416 0.904086
-0.305165 -0.19253 -0.190263 0.587476 -0.665927 0.459797
0.041362 0.2243 -0.177152 0.80678 0.437682 -0.396912
-0.459966 -0.0826519 -0.0025622 0.80678 0.437683 -0.396912
0.0204733 -0.576599 0.0172675 -0.0630698 -0.604131 -0.794385
0.539983 -0.147809 -0.19272 0.0630697 0.604131 0.794385
0.261286 -0.130436 -0.1213 0.80678 0.437682 -0.396912
-0.111754 -0.574231 0.163154 0.80678 0.437682 -0.396912
-0.0341376 -0.459278 -0.0676194 -0.0630697 -0.604131 -0.794385
-0.27722 -0.0571485 0.41678 0.490572 -0.121802 0.862846
0.0288226 -0.640861 0.0654758 -0.0630698 -0.604131 -0.794385
-0.0264315 -0.338565 -0.160034 -0.0630697 -0.604131 -0.794385
-0.520304 0.0435345 -0.0835538 0.329308 -0.890841 -0.312982
0.122141 -0.290225 -0.150896 0.0630699 0.604131 0.794385
-0.158888 -0.510723 0.137379 0.80678 0.437682 -0.396912
-0.303837 0.201855 -0.173294 -0.329308 0.890841 0.312982
-0.540195 -0.0299402 -0.002536 -0.80678 -0.437682 0.396912
-0.501481 -0.236732 -0.199762 -0.0630697 -0.604131 -0.794385
-0.0328557 -0.310924 0.230916 -0.425936 -0.0347416 -0.904086
0.132822 -0.279584 -0.217533 -0.0630697 -0.604131 -0.794385
0.0178709 -0.306961 0.252952 0.425936 0.0347416 0.904086
-0.0457182 0.265059 -0.61756 -0.0630697 -0.604132 -0.794385
-0.133799 0.210086 -0.0178167 -0.329308 0.890841 0.312982
-0.100982 -0.239174 -0.229702 -0.0630697 -0.604131 -0.794385
-0.36112 0.0819685 -0.274372 -0.80678 -0.437682 0.396912
0.382659 0.0198214 -0.328836 0.80678 0.437684 -0.396913
-0.225694 -0.024533 -0.383036 -0.0630697 -0.604131 -0.794385
0.429314 -0.337273 -0.0078431 0.806781 0.437682 -0.396912
-0.41997 -0.100719 0.163791 -0.80678 -0.437682 0.396912
0.158729 -0.0221432 -0.362923 0.0630697 0.604131 0.794385
-0.339114 -0.107068 0.216163 0.80678 0.437682 -0.396912
-0.207497 -0.13738 -0.29866 -0.0630697 -0.604131 -0.794385
-0.267615 -0.0462383 -0.225687 -0.80678 -0.437682 0.396912
-0.0743146 -0.146947 -0.301958 -0.0630697 -0.604131 -0.794385
0.274915 -0.22421 -0.270926 -0.0630698 -0.604131 -0.794385
0.150577 0.00407247 0.151608 -0.806781 -0.437682 0.396912
-0.346592 -0.223933 0.177071 -0.80678 -0.437682 0.396912
-0.0230664 -0.559534 0.0601974 0.0630698 0.604131 0.794385
0.32991 -0.413585 -0.0237027 -0.587475 0.665927 -0.459797
-0.335277 0.167719 -0.242342 0.329308 -0.890841 -0.312982
-0.00567033 -0.0182901 0.25295 0.425936 0.0347416 0.904086
-0.530134 -0.061582 -0.0169774 -0.80678 -0.437682 0.396912
-0.00146031 -0.26938 0.233878 -0.806781 -0.437682 0.396912
0.459471 -0.326827 -0.207539 -0.0630696 -0.604131 -0.794385
-0.419578 -0.230655 -0.0992974 0.587476 -0.665927 0.459797
0.420416 -0.351746 0.0408417 0.587476 -0.665927 0.459797
-0.380367 0.144037 -0.392837 -0.587476 0.665927 -0.459797
-0.226951 0.115784 0.0194582 0.329308 -0.890841 -0.312982
0.160171 0.253121 0.201102 -0.80678 -0.437682 0.396912
-0.506805 -0.14112 -0.162244 0.80678 0.437682 -0.396912
0.20581 -0.429195 0.11225 -0.587475 0.665927 -0.459797
0.317439 -0.323711 -0.115312 -0.80678 -0.437682 0.396912
0.456882 -0.359814 -0.0410168 -0.0630697 -0.604131 -0.794385
0.448566 -0.277952 -0.191391 0.0630697 0.604131 0.794385
0.274283 -0.157882 -0.321319 -0.0630697 -0.604131 -0.794385
-0.175972 0.0631168 0.223001 0.329308 -0.890841 -0.312982
-0.235194 -0.319109 0.29855 -0.80678 -0.437682 0.396912
0.437296 -0.361347 0.00536824 0.587476 -0.665927 0.459797
-0.438107 0.0591212 -0.351428 0.587475 -0.665927 0.459797
-0.286085 -0.416629 0.0875707 -0.80678 -0.437682 0.396912
0.0711024 -0.608608 0.115138 0.587476 -0.665927 0.459797
-0.195163 -0.000661866 0.341547 0.425936 0.0347417 0.904086
0.148756 -0.430347 -0.0516912 0.0630693 0.604132 0.794384
-0.313625 0.055532 -0.384493 0.0630702 0.604133 0.794384
0.136124 0.176613 -0.512282 0.0630697 0.604132 0.794385
-0.164663 0.0678387 0.22146 0.329308 -0.890841 -0.312982
0.203626 -0.460476 -0.0855856 -0.0630698 -0.604131 -0.794385
0.32261 -0.0964872 0.101295 0.425936 0.0347416 0.904086
-0.18804 -0.0130469 -0.337064 0.0630697 0.604134 0.794383
-0.273999 -0.49606 0.0245462 -0.80678 -0.437682 0.396912
-0.376144 -0.145892 -0.120617 -0.587475 0.665927 -0.459797
-0.302528 -0.024684 0.339752 0.329308 -0.890841 -0.312982
0.355362 -0.344738 -0.0614156 -0.806781 -0.437682 0.396912
0.150799 -0.554091 0.092268 0.587476 -0.665927 0.459797
-0.343209 0.173273 -0.266495 0.329308 -0.890841 -0.312982
-0.398999 -0.203413 0.0931742 -0.80678 -0.437682 0.396912
0.392658 -0.0138283 -0.345619 0.806781 0.437682 -0.396912
-0.347099 -0.0835997 -0.328476 -0.0630697 -0.604131 -0.794385
0.153929 0.162485 0.124726 -0.425936 -0.0347415 -0.904086
-0.437709 0.0635035 -0.384247 -0.587476 0.665928 -0.459796
-0.568928 -0.101054 -0.244335 0.80678 0.437682 -0.396912
-0.0338226 0.115435 0.214988 -0.425936 -0.0347413 -0.904086
-0.338621 -0.314393 -0.0114552 0.80678 0.437682 -0.396912
-0.357303 -0.122809 -0.297847 -0.0630697 -0.604131 -0.794385
0.305501 -0.0715723 0.0334836 0.80678 0.437682 -0.396912
0.551443 -0.343433 -0.115007 -0.0630695 -0.604132 -0.794385
-0.413781 -0.148382 0.12381 -0.80678 -0.437682 0.396912
-0.187852 0.149181 -0.465698 0.0630697 0.604131 0.794385
-0.520783 0.129741 -0.1963 -0.329308 0.890841 0.312982
-0.37191 -0.253917 0.092544 -0.80678 -0.437682 0.396912
0.0601423 -0.621377 0.0481717 -0.0630698 -0.604131 -0.794385
0.182095 -0.190359 0.125015 -0.425936 -0.0347417 -0.904086
-0.151241 -0.41988 -0.0358329 0.0630698 0.604131 0.794385
-0.510714 -0.105241 -0.0256465 -0.80678 -0.437682 0.396912
0.00949161 0.186486 -0.283632 0.80678 0.437682 -0.396912
0.414143 -0.222771 -0.283074 -0.06307 -0.604131 -0.794385
-0.557983 -0.0886176 -0.255466 0.0630697 0.604131 0.794385
-0.173271 -0.0842549 -0.341779 -0.0630697 -0.604131 -0.794385
0.0258384 0.0957148 -0.3505 0.80678 0.437682 -0.396912
0.107742 -0.187321 -0.230634 0.0630698 0.604131 0.794385
0.111841 0.267409 0.0136428 0.80678 0.437682 -0.396912
-0.22963 0.20201 -0.410849 0.587476 -0.665927 0.459797
-0.233402 -0.5336 0.0047231 -0.0630697 -0.604131 -0.794385
-0.196952 0.309608 -0.367533 -0.329308 0.890841 0.312982
0.237653 -0.366675 0.105616 -0.425936 -0.0347416 -0.904086
-0.1939 -0.12288 0.299562 -0.425936 -0.0347417 -0.904086
