ply
format ascii 1.0
comment Created by Open3D
element vertex 2096
property double x
property double y
property double z
property double nx
property double ny
property double nz
end_header
-0.159347 0.0208522 0.336068 0.17083 -0.804739 0.568517
0.192671 -0.261925 -0.271559 0.0547437 -0.568356 -0.82096
0.217251 -0.151003 -0.346712 0.0547437 -0.568356 -0.82096
-0.248829 -0.0279071 0.273243 -0.17083 0.804739 -0.568518
-0.356602 -0.288218 -0.0628432 -0.17083 0.804739 -0.568518
0.390076 0.0100823 0.155731 0.17083 -0.804739 0.568518
0.504105 0.0940034 0.226945 0.983779 0.171367 -0.0530379
0.129931 0.313659 0.242925 0.0547437 -0.568356 -0.82096
-0.359649 -0.130243 0.161686 -0.17083 0.804739 -0.568518
0.09751 0.199351 0.334229 -0.0547437 0.568356 0.82096
0.13866 0.0620638 0.304857 0.17083 -0.804739 0.568518
-0.143059 -0.208269 0.00685118 0.17083 -0.804739 0.568518
0.265563 -0.262968 -0.193359 0.17083 -0.804739 0.568518
0.278815 -0.0395772 0.0981763 -0.17083 0.804739 -0.568518
0.310321 -0.0418944 0.106123 0.17083 -0.804739 0.568518
0.321696 0.216192 0.337519 -0.0547437 0.568356 0.82096
0.277676 -0.0544391 0.0774814 -0.17083 0.804739 -0.568518
-0.342135 0.213443 0.280826 0.0547437 -0.568356 -0.82096
0.00158686 0.0789645 0.349275 -0.17083 0.804739 -0.568518
0.23866 -0.0614206 -0.392972 -0.0547437 0.568356 0.82096
-0.238958 0.0777435 0.381652 0.0547437 -0.568356 -0.82096
0.451774 0.333387 0.205605 0.85412 0.40861 0.32174
-0.472135 0.204749 0.284812 -0.405133 0.468598 0.785037
-0.29916 -0.154851 0.108677 -0.17083 0.804739 -0.568518
-0.490879 0.137802 0.283614 0.83584 -0.187161 -0.516083
0.489332 -0.201013 -0.1729 0.17083 -0.804739 0.568518
0.337333 0.306936 0.261409 0.0547437 -0.568356 -0.82096
0.471455 0.145737 0.0103047 -0.983779 -0.171367 0.0530378
-0.228563 0.123316 0.350795 0.0547437 -0.568356 -0.82096
0.0308527 -0.213775 -0.301353 -0.0547437 0.568356 0.82096
0.265584 -0.257868 -0.269506 0.0547437 -0.568356 -0.82096
-0.256636 -0.361658 -0.218143 -0.0547437 0.568356 0.82096
0.184899 -0.301544 -0.223724 0.17083 -0.804739 0.568518
-0.156393 -0.174865 0.0581422 0.17083 -0.804739 0.568518
0.0160421 -0.212059 -0.303529 -0.0547437 0.568356 0.82096
-0.486761 -0.166434 -0.139276 -0.983779 -0.171367 0.0530377
-0.448065 -0.106581 0.221747 -0.17083 0.804739 -0.568518
0.00152406 -0.264285 -0.115883 0.17083 -0.804739 0.568518
0.174699 -0.129603 -0.350034 -0.0547436 0.568356 0.82096
0.256133 0.0326174 0.227877 0.17083 -0.804739 0.568518
-0.119556 -0.129673 0.0903491 -0.17083 0.804739 -0.568518
0.120915 0.248171 0.301992 -0.0547437 0.568356 0.82096
-0.460967 -0.15531 0.153309 0.983779 0.171367 -0.0530378
0.140296 0.0767207 0.325112 0.17083 -0.804739 0.568517
-0.342361 -0.0694543 0.263232 0.17083 -0.804739 0.568518
0.334556 -0.260474 -0.263102 0.0547437 -0.568356 -0.82096
-0.337091 -0.0673985 0.264558 0.17083 -0.804739 0.568518
-0.204101 0.259437 0.272519 -0.0547437 0.568356 0.82096
0.407153 -0.113833 -0.339086 0.432565 -0.457167 -0.777101
0.021393 -0.319471 -0.243141 0.0547437 -0.568356 -0.82096
-0.493943 -0.0695511 0.0405481 -0.983779 -0.171367 0.0530377
-0.438868 -0.359364 -0.138831 -0.17083 0.804739 -0.568517
0.368492 0.183392 0.349017 0.0547437 -0.568356 -0.82096
0.209475 -0.161409 -0.340026 0.0547437 -0.568356 -0.82096
0.333311 -0.0490665 -0.395213 -0.0547436 0.568356 0.82096
0.221332 -0.129004 0.00955839 0.17083 -0.804739 0.568518
-0.312201 -0.145172 0.126296 -0.17083 0.804739 -0.568518
0.283485 0.258393 0.291425 0.0547437 -0.568356 -0.82096
0.465142 0.234724 0.18073 -0.983779 -0.171367 0.0530379
-0.117733 -0.155535 0.0738868 0.17083 -0.804739 0.568518
0.458199 -0.155069 -0.119204 -0.17083 0.804739 -0.568518
0.459225 0.121669 0.272211 -0.170823 0.804739 -0.568519
0.415239 -0.236849 -0.201362 0.17083 -0.804739 0.568518
0.182661 -0.111746 0.0249139 -0.17083 0.804739 -0.568518
-0.137891 -0.194185 0.00454172 -0.17083 0.804739 -0.568518
0.298224 -0.0837682 0.0504853 0.17083 -0.804739 0.568518
0.50748 -0.0172881 -0.0700299 0.983772 0.171397 -0.0530582
0.384173 0.338048 0.241974 -0.114266 -0.589287 -0.799803
0.393853 0.00673697 0.149861 0.17083 -0.804739 0.568518
-0.518327 0.0496296 -0.0266538 -0.983779 -0.171367 0.0530377
0.493406 0.0368841 0.0657593 -0.983779 -0.171368 0.0530379
-0.0199488 0.208563 0.320019 -0.0547437 0.568356 0.82096
-0.467235 -0.156108 0.0344544 0.983779 0.171367 -0.0530378
-0.208302 0.0104763 0.336091 0.17083 -0.804739 0.568518
0.181377 -0.216684 -0.123241 -0.17083 0.804739 -0.568518
0.102524 -0.199094 -0.306738 -0.0547437 0.568356 0.82096
0.359479 0.138335 0.325774 -0.17083 0.804739 -0.568518
-0.262712 -0.22828 -0.325218 0.0547437 -0.568356 -0.82096
-0.396307 -0.35371 -0.122923 0.17083 -0.804739 0.568518
0.484598 0.0202298 -0.151426 -0.983781 -0.171355 0.0530394
0.0491068 -0.243357 -0.279657 -0.0547437 0.568356 0.82096
-0.363922 0.139759 0.330385 0.0547437 -0.568356 -0.82096
0.205862 -0.0346784 0.147725 0.17083 -0.804739 0.568518
-0.37368 0.0159998 0.372909 -0.170828 0.80474 -0.568516
-0.180333 -0.217015 -0.327523 0.0547437 -0.568356 -0.82096
0.193476 0.0792951 0.312777 0.17083 -0.804739 0.568518
0.22572 -0.188849 -0.0764714 0.17083 -0.804739 0.568518
-0.362579 0.209768 0.296338 -0.0547437 0.568356 0.82096
0.12676 -0.216012 -0.085185 0.17083 -0.804739 0.568518
0.15891 0.321148 0.239672 0.0547437 -0.568356 -0.82096
0.388634 -0.0923561 -0.375885 0.0547437 -0.568356 -0.82096
0.24172 -0.181532 -0.0916155 -0.17083 0.804739 -0.568518
-0.502346 0.00828624 -0.0856302 0.983779 0.171367 -0.0530377
-0.376501 -0.147281 0.142632 -0.17083 0.804739 -0.568518
-0.308259 -0.226921 0.00939569 -0.17083 0.804739 -0.568518
-0.375841 -0.168022 -0.360148 -0.0547437 0.568356 0.82096
-0.531143 0.187524 0.181161 -0.983779 -0.171367 0.0530377
0.436948 0.112771 0.287003 0.17083 -0.804739 0.568518
-0.0525004 -0.0223862 0.242758 0.17083 -0.804739 0.568518
0.401832 -0.043764 -0.0412937 -0.248589 0.523131 0.815191
0.0244439 -0.138602 0.055134 0.17083 -0.804739 0.568518
0.226279 0.0817349 0.306374 0.17083 -0.804739 0.568518
-0.468112 0.024431 0.361572 0.86044 -0.159284 -0.484015
0.298054 0.191393 0.338781 0.0547437 -0.568356 -0.82096
-0.252847 -0.151375 -0.377802 0.0547438 -0.568356 -0.820959
-0.452021 -0.304868 -0.163994 0.983779 0.171367 -0.0530378
0.0686133 -0.217432 -0.0697227 0.17083 -0.804739 0.568518
-0.337394 -0.284508 -0.0426704 0.17083 -0.804739 0.568518
0.35725 0.299909 0.281933 -0.0547437 0.568356 0.82096
0.24837 -0.0794956 0.0715133 0.17083 -0.804739 0.568518
0.445088 0.310344 0.0530791 -0.983779 -0.171367 0.0530377
-0.518464 0.0886318 0.0968183 -0.983779 -0.171367 0.0530377
0.272485 0.216302 0.334162 -0.0547437 0.568356 0.82096
0.225582 -0.106899 0.0395712 0.17083 -0.804739 0.568518
0.49219 0.166963 0.241681 0.983779 0.171367 -0.0530377
-0.292955 -0.00980791 0.312122 -0.17083 0.804739 -0.568518
0.49288 -0.222582 -0.204497 0.17083 -0.804739 0.568518
0.160964 0.111196 0.347009 -0.17083 0.804739 -0.568518
0.474216 0.0445741 -0.265342 -0.983779 -0.171367 0.0530377
-0.22479 -0.335665 -0.234015 -0.0547437 0.568356 0.82096
0.502663 -0.0645129 -0.0901571 -0.983779 -0.171367 0.0530377
-0.192073 -0.00912882 0.28277 -0.17083 0.804739 -0.568518
0.441664 0.0827403 0.243077 0.17083 -0.804739 0.568518
0.295347 0.185961 0.342361 0.0547437 -0.568356 -0.82096
-0.169493 -0.181978 0.0520103 0.17083 -0.804739 0.568518
-0.360346 -0.136726 0.173412 0.17083 -0.804739 0.568518
-0.144577 0.0363846 0.332923 -0.17083 0.804739 -0.568518
0.483505 0.19888 0.183714 0.983779 0.171367 -0.0530377
-0.477273 -0.097389 0.259804 -0.983779 -0.171367 0.0530377
-0.347591 -0.307327 -0.0926012 -0.17083 0.804739 -0.568518
0.330353 0.221155 0.33466 -0.0547437 0.568356 0.82096
-0.496045 0.211198 0.245978 0.718 -0.293468 -0.631151
0.394156 -0.0130722 0.101036 -0.17083 0.804739 -0.568518
-0.111871 -0.285197 -0.275755 0.0547437 -0.568356 -0.82096
0.478692 0.0648883 -0.116691 -0.983779 -0.171367 0.0530375
0.283832 -0.159421 -0.336444 0.0547437 -0.568356 -0.82096
0.433128 -0.200923 -0.176578 -0.17083 0.804739 -0.568518
-0.190409 -0.164669 -0.350104 -0.0547437 0.568356 0.82096
0.0832544 -0.117551 0.0672606 0.17083 -0.804739 0.568518
-0.467464 -0.235865 -0.00566126 -0.983779 -0.171367 0.0530377
-0.0254517 0.0195935 0.273359 -0.17083 0.804739 -0.568518
0.254341 -0.235968 -0.151769 0.17083 -0.804739 0.568518
-0.405713 0.161486 0.326887 -0.0547437 0.568356 0.82096
0.145982 0.2623 0.293881 -0.0547437 0.568356 0.82096
0.173425 -0.0248483 0.150693 -0.17083 0.804739 -0.568518
-0.028669 -0.217042 -0.0399389 0.17083 -0.804739 0.568518
-0.413958 -0.373452 -0.166258 -0.17083 0.804741 -0.568515
-0.410608 -0.0770005 0.252363 -0.17083 0.804739 -0.568518
0.33618 0.127167 0.337659 0.17083 -0.804739 0.568517
0.098324 0.193484 0.338345 -0.0547437 0.568356 0.82096
0.0703354 -0.176344 -0.0120796 0.17083 -0.804739 0.568518
0.207904 -0.231025 -0.151511 -0.17083 0.804739 -0.568518
-0.460366 -0.297506 -0.0731664 -0.983779 -0.171367 0.0530377
-0.487206 -0.0836414 0.119984 -0.983779 -0.171367 0.0530377
-0.346713 -0.139412 0.165514 0.17083 -0.804739 0.568518
0.265224 0.0968672 0.316091 0.17083 -0.804739 0.568517
-0.422496 -0.271849 -0.280668 0.393419 0.584718 0.709455
0.0789599 -0.0744627 0.129542 0.17083 -0.804739 0.568518
0.219895 0.0409362 0.229848 -0.17083 0.804739 -0.568518
-0.137039 -0.192519 -0.327265 -0.0547437 0.568356 0.82096
0.467999 0.120454 -0.228793 -0.17083 0.804739 -0.568518
0.471696 0.123598 -0.0567527 -0.98378 -0.17136 0.0530279
-0.0613847 -0.024335 0.221976 -0.17083 0.804739 -0.568518
0.522813 -0.104766 -0.0682842 0.983779 0.171364 -0.0530348
0.0264994 -0.0508029 -0.0705066 -0.285037 -0.592691 -0.753307
0.380491 -0.181491 -0.133255 -0.17083 0.804739 -0.568518
-0.0902174 -0.192582 0.0131781 0.17083 -0.804739 0.568518
-0.394135 -0.0619379 0.289428 0.17083 -0.804739 0.568518
0.0170327 -0.0588645 0.17023 0.17083 -0.804739 0.568518
-0.207276 -0.344062 -0.241364 0.0547437 -0.568356 -0.82096
0.152333 0.0258639 0.228814 -0.17083 0.804739 -0.568518
0.14745 -0.207403 -0.31232 0.0547437 -0.568356 -0.82096
-0.17569 0.101762 0.383573 -0.0547437 0.568356 0.82096
0.369503 -0.161608 -0.0811152 0.17083 -0.804739 0.568518
0.173099 -0.132694 -0.348001 -0.0547436 0.568356 0.82096
0.0607285 0.185856 0.326789 0.0547437 -0.568356 -0.82096
0.270098 0.23502 0.306713 0.0547437 -0.568356 -0.82096
-0.484581 -0.0327651 0.333067 -0.983779 -0.171367 0.0530377
-0.118538 -0.276838 -0.0975757 0.17083 -0.804739 0.568518
0.256187 0.256015 0.291251 0.0547437 -0.568356 -0.82096
-0.259072 -0.0627273 0.227033 -0.170829 0.80474 -0.568517
0.482658 0.117294 0.126208 -0.98378 -0.171359 0.0530349
0.100311 0.0905723 0.336041 -0.17083 0.804739 -0.568518
-0.416228 -0.0243479 0.328582 -0.17083 0.804739 -0.568518
0.395928 0.107631 0.271359 -0.17083 0.804739 -0.568518
0.479389 0.139056 0.135875 -0.983779 -0.171367 0.0530378
0.276185 0.261316 0.288914 0.0547437 -0.568356 -0.82096
-0.359737 0.0190876 0.373091 -0.17083 0.804739 -0.568518
-0.247515 -0.338256 -0.145759 0.17083 -0.804739 0.568518
0.118286 0.0986142 0.362717 0.17083 -0.804739 0.568517
-0.42348 -0.178978 -0.353443 0.162133 0.592093 0.789391
-0.0970491 -0.0208334 0.258343 0.17083 -0.804739 0.568518
0.0889441 -0.0238018 0.198253 0.17083 -0.804739 0.568518
-0.00549244 -0.212857 -0.0616731 -0.17083 0.804739 -0.568518
-0.187291 -0.127322 -0.375752 -0.0547437 0.568356 0.82096
-0.502133 0.061855 0.0913927 0.983779 0.171367 -0.0530377
0.429468 0.343324 0.209205 -0.70917 -0.500995 -0.496067
-0.124281 -0.308657 -0.140891 0.17083 -0.804739 0.568518
0.472689 0.0499999 -0.276142 -0.983779 -0.171367 0.0530377
0.460545 -0.148616 -0.3243 0.405133 -0.468598 -0.785037
-0.463446 0.244764 0.263533 -0.222124 0.530692 0.817941
-0.327037 0.047658 0.410937 -0.0547437 0.568356 0.82096
-0.138312 -0.105121 0.130738 -0.170832 0.804737 -0.56852
-0.196123 0.0202906 0.32563 -0.17083 0.804739 -0.568518
-0.402474 -0.118943 0.19055 -0.17083 0.804739 -0.568518
0.0180884 0.33209 0.237037 -0.0547437 0.568356 0.82096
-0.0172019 -0.138247 0.0681502 0.17083 -0.804739 0.568518
0.100865 0.340683 0.236608 -0.0547437 0.568356 0.82096
0.479081 0.140953 0.136293 -0.983779 -0.171367 0.0530378
-0.48137 -0.0623958 0.0750601 0.983779 0.171367 -0.0530378
0.0655481 0.0823538 0.334853 -0.17083 0.804739 -0.568518
-0.376596 -0.173691 0.105278 -0.17083 0.804739 -0.568518
-0.495576 -0.0748034 -0.215643 -0.170832 0.804739 -0.568517
-0.465021 -0.266524 -0.0594047 -0.983779 -0.171367 0.0530377
-0.11332 0.00576743 0.300885 0.17083 -0.804739 0.568518
-0.225274 -0.261006 -0.0430931 0.17083 -0.804739 0.568518
0.0497329 -0.0260381 0.20687 0.17083 -0.804739 0.568518
0.256837 0.114486 0.343551 0.17083 -0.804739 0.568517
0.00179569 -0.188273 -0.00837024 0.17083 -0.804739 0.568518
-0.337592 -0.102398 0.215167 0.17083 -0.804739 0.568518
0.471818 0.203824 0.204713 -0.983779 -0.171367 0.0530379
0.048295 0.204441 0.313093 0.0547437 -0.568356 -0.82096
-0.416119 -0.311537 -0.251367 0.43727 0.578986 0.688165
-0.424907 0.192455 0.304167 -0.0547437 0.568356 0.82096
0.10615 0.0796157 0.339471 0.17083 -0.804739 0.568517
-0.343056 -0.234041 0.00977364 -0.17083 0.804739 -0.568518
-0.510375 0.0218671 0.0311373 -0.983779 -0.171367 0.0530377
0.434153 0.175392 0.368539 0.256614 0.593425 0.762887
0.339356 0.308532 0.260439 0.0547437 -0.568356 -0.82096
-0.0581021 -0.27699 -0.136645 -0.17083 0.804739 -0.568518
0.34926 0.223417 0.334355 -0.0547437 0.568356 0.82096
-0.0247069 -0.154002 0.02741 -0.17083 0.804739 -0.568518
0.509283 0.0138583 0.0640429 0.983778 0.171368 -0.0530385
0.399844 0.00529163 -0.0874156 -0.735068 -0.488318 -0.47034
0.0201038 0.061535 0.319039 -0.17083 0.804739 -0.568518
0.504473 0.0861037 0.208257 0.983779 0.171367 -0.0530379
0.368527 -0.0737775 0.0435023 0.17083 -0.804739 0.568518
-0.474318 -0.203928 -0.254133 0.977086 0.212712 0.00749636
0.035675 -0.229498 -0.253683 -0.674312 0.325223 0.662973
0.319158 -0.14519 -0.0634412 -0.17083 0.804739 -0.568518
-0.483266 -0.143881 -0.00156844 -0.983779 -0.171367 0.0530377
0.075298 0.0827104 0.353122 0.17083 -0.804739 0.568517
-0.214934 0.0861005 0.391799 -0.0547437 0.568356 0.82096
0.457402 0.269009 0.147939 -0.983779 -0.17137 0.0530217
-0.383777 -0.173005 0.129099 0.17083 -0.804739 0.568518
-0.498611 0.0203373 0.244389 -0.983779 -0.171367 0.0530377
0.000538156 -0.142019 -0.353052 -0.0547437 0.568356 0.82096
0.497702 0.0410872 -0.0627892 0.983782 0.171352 -0.0530312
-0.331254 -0.371449 -0.167581 0.17083 -0.804739 0.568518
-0.484162 -0.191523 -0.29914 -0.877196 -0.386987 -0.284199
0.333367 0.0434085 0.219944 0.17083 -0.804739 0.568518
0.236593 -0.0951758 0.0528566 0.17083 -0.804739 0.568518
0.248597 -0.142425 -0.0176311 0.17083 -0.804739 0.568518
-0.364986 0.0787307 0.386895 -0.0547437 0.568356 0.82096
0.512005 -0.060247 -0.124901 0.98378 0.171358 -0.0530323
-0.0220831 0.23828 0.299304 -0.0547437 0.568356 0.82096
0.458957 0.311035 0.0907529 0.983778 0.171368 -0.0530391
0.467706 -0.0498854 -0.352493 -0.780685 0.241472 0.576388
0.40791 -0.0184971 0.0487527 -0.14125 -0.591041 -0.794178
0.467232 -0.0545484 0.0203683 -0.17083 0.804739 -0.568518
0.382737 0.10693 0.27433 -0.17083 0.804739 -0.568518
0.0894701 -0.246436 -0.137738 -0.17083 0.804739 -0.568518
0.273876 0.355585 0.223497 0.0547437 -0.568356 -0.82096
0.0601983 0.0178032 0.245089 -0.17083 0.804739 -0.568518
-0.366843 -0.369882 -0.154669 0.17083 -0.804739 0.568518
0.26437 0.322728 0.24561 0.0547437 -0.568356 -0.82096
-0.328459 0.130678 0.339037 0.0547437 -0.568356 -0.82096
-0.242179 0.0594421 0.408438 -0.0547437 0.568356 0.82096
0.100667 -0.102742 -0.387897 0.0547438 -0.568356 -0.820959
-0.367492 0.174914 0.32014 -0.0547437 0.568356 0.82096
0.496569 0.106135 0.126372 0.983781 0.171355 -0.0530295
-0.473294 -0.0943702 0.121545 0.983779 0.171367 -0.0530378
0.149168 -0.31742 -0.235461 0.17083 -0.804739 0.568518
0.27635 0.0186606 0.181353 -0.17083 0.804739 -0.568518
-0.429896 -0.179758 0.112705 -0.17083 0.804739 -0.568518
-0.451658 -0.283541 -0.0883432 0.983779 0.171367 -0.0530377
-0.369658 -0.0469643 0.282575 -0.170831 0.804738 -0.568518
-0.482072 -0.148137 0.00683224 -0.983779 -0.171367 0.0530377
-0.496284 0.0232615 0.0751821 0.983779 0.171367 -0.0530377
-0.222693 -0.16914 0.0654737 -0.17083 0.804739 -0.568518
0.273093 0.165046 0.369687 -0.0547437 0.568356 0.82096
0.340201 0.0103707 0.150432 -0.170828 0.80474 -0.568517
-0.188962 -0.231144 -0.318317 0.0547437 -0.568356 -0.82096
-0.192308 -0.139832 0.118523 0.17083 -0.804739 0.568518
0.0773996 0.10493 0.383942 0.17083 -0.804739 0.568517
0.181557 -0.100961 -0.369406 -0.0547436 0.568356 0.82096
0.323095 -0.126277 -0.356772 0.0547437 -0.568356 -0.82096
-0.402285 0.21783 0.288108 -0.0547437 0.568356 0.82096
0.0245455 0.0409283 0.288536 -0.17083 0.804739 -0.568518
-0.203534 -0.0675368 0.203537 -0.17083 0.804739 -0.568517
0.4894 -0.0855835 -0.0302231 -0.17083 0.804739 -0.568518
0.236191 -0.243828 -0.178134 -0.17083 0.804739 -0.568518
0.0628035 -0.0771191 0.130637 0.17083 -0.804739 0.568518
0.0471415 -0.130956 -0.00550879 0.331686 0.590292 0.735894
0.115306 0.0190315 0.250962 0.17083 -0.804739 0.568518
0.466169 0.252144 0.0342512 0.983779 0.171367 -0.0530378
-0.0308136 -0.287872 -0.139554 0.17083 -0.804739 0.568518
0.427234 0.0449877 0.193974 0.17083 -0.804739 0.568518
-0.396449 -0.303258 -0.265778 0.162131 0.592093 0.789392
-0.0588029 0.212604 0.314631 -0.0547437 0.568356 0.82096
-0.404046 -0.310122 -0.0589001 0.17083 -0.804739 0.568518
-0.25847 -0.354167 -0.185683 -0.17083 0.804736 -0.568522
0.508653 -0.130037 -0.190757 -0.983779 -0.171367 0.0530381
-0.221584 0.0333585 0.372472 0.17083 -0.804739 0.568517
0.319813 0.121706 0.334848 0.17083 -0.804739 0.568517
0.0810949 -0.299605 -0.252913 0.0547437 -0.568356 -0.82096
0.114122 0.265963 0.274891 0.0547437 -0.568356 -0.82096
0.187335 0.292186 0.261618 0.0547437 -0.568356 -0.82096
-0.29693 -0.214142 -0.322957 -0.0547437 0.568356 0.82096
0.487889 -0.105624 -0.0581359 -0.17083 0.804739 -0.568518
0.189949 0.153415 0.357864 0.0547437 -0.568356 -0.82096
0.059066 -0.091748 0.111053 0.17083 -0.804739 0.568518
0.429752 -0.0337725 0.0817324 0.17083 -0.804739 0.568518
0.046017 -0.1365 0.0309339 -0.17083 0.804739 -0.568518
0.38037 0.0613586 0.231229 0.17083 -0.804739 0.568518
0.486491 -0.0178241 0.0872583 0.17083 -0.804739 0.568518
0.501591 0.0410121 0.00909194 0.983779 0.171366 -0.0530372
0.16186 0.206441 0.333612 -0.0547437 0.568356 0.82096
-0.183892 -0.265484 -0.279875 -0.0547437 0.568356 0.82096
0.487976 0.0728692 -0.14051 0.983779 0.171367 -0.0530378
-0.476703 -0.136927 0.142627 -0.983779 -0.171367 0.0530377
-0.471246 -0.209826 0.00831851 -0.983779 -0.171367 0.0530377
-0.488334 -0.193678 -0.270358 -0.969679 -0.23965 -0.0478531
0.504549 -0.0799768 -0.105131 -0.983779 -0.171367 0.0530377
0.472791 0.139547 0.0150901 -0.983779 -0.171367 0.0530378
0.221899 0.121009 0.363283 0.17083 -0.804739 0.568517
-0.479109 -0.140008 -0.133768 0.983779 0.171367 -0.0530377
0.500323 0.0437511 -0.00556995 0.983779 0.171366 -0.0530372
0.492448 0.0840985 -0.0212694 0.983779 0.171367 -0.0530378
-0.299948 -0.149594 -0.380292 -0.17083 0.804739 -0.568518
-0.129354 0.211142 0.310938 -0.0547437 0.568356 0.82096
-0.051438 0.250861 0.274306 0.0547437 -0.568356 -0.82096
-0.140899 -0.20089 -0.336057 0.0547437 -0.568356 -0.82096
-0.503156 0.105646 0.213907 0.983779 0.171367 -0.0530378
-0.168217 0.253435 0.279067 -0.0547437 0.568356 0.82096
0.215391 -0.0926819 0.0627579 0.17083 -0.804739 0.568518
-0.311374 -0.287979 -0.287133 0.0547437 -0.568356 -0.82096
-0.14954 -0.278937 -0.26827 -0.0547442 0.568357 0.820959
-0.317369 -0.301147 -0.278416 0.0547437 -0.568356 -0.82096
-0.146321 -0.117199 -0.380028 -0.0547437 0.568356 0.82096
0.493858 0.0602551 0.149657 -0.983779 -0.171367 0.0530377
0.387051 -0.0133798 0.123429 0.17083 -0.804739 0.568518
0.492018 0.147736 0.319949 0.170835 -0.804736 0.568521
0.0985242 -0.278818 -0.186296 -0.17084 0.804746 -0.568505
-0.226569 -0.0624991 0.238283 0.17083 -0.804739 0.568518
-0.522461 0.126884 0.146266 -0.983779 -0.171367 0.0530377
0.328898 0.39716 0.212714 -0.0547437 0.568356 0.82096
-0.257323 0.229999 0.289351 -0.0547437 0.568356 0.82096
-0.308898 -0.317785 -0.252002 -0.0547437 0.568356 0.82096
-0.362144 0.184168 0.299759 0.0547437 -0.568356 -0.82096
0.110755 0.229451 0.314274 -0.0547437 0.568356 0.82096
0.350027 0.373383 0.230584 -0.0547437 0.568356 0.82096
-0.284971 0.283746 0.235967 0.0547437 -0.568356 -0.82096
0.202372 -0.227582 -0.144976 -0.17083 0.804739 -0.568518
0.0380922 0.0631363 0.336594 0.17083 -0.804739 0.568517
0.375962 0.0967334 0.282627 0.17083 -0.804739 0.568518
-0.125806 -0.303316 -0.153566 -0.17083 0.804739 -0.568518
0.518604 -0.09144 -0.103284 0.983779 0.171367 -0.0530375
-0.167584 0.253191 0.279278 -0.0547437 0.568356 0.82096
0.254997 -0.150334 -0.0514435 -0.17083 0.804739 -0.568518
0.323641 0.182357 0.361073 -0.0547437 0.568356 0.82096
0.454806 0.288702 0.163412 -0.983779 -0.171367 0.0530379
-0.435134 -0.358971 -0.139398 -0.17083 0.804737 -0.56852
-0.42906 -0.287447 -0.280502 -0.437275 -0.578985 -0.688162
0.229639 0.369529 0.210894 0.0547437 -0.568356 -0.82096
-0.463052 -0.247127 -0.182042 0.983779 0.171367 -0.0530378
0.499053 0.0981172 0.146533 0.983777 0.171376 -0.0530461
0.422391 0.149328 0.343124 0.17083 -0.804739 0.568517
0.363906 -0.0646398 -0.396722 0.0547437 -0.568356 -0.82096
-0.484276 -0.0318946 0.11971 0.983779 0.171367 -0.0530378
0.489768 -0.0115707 -0.158279 -0.983779 -0.171367 0.0530379
0.461186 0.215115 0.0439957 -0.983779 -0.171367 0.0530378
-0.492119 0.0540799 0.331433 -0.921564 0.0736566 0.381175
-0.136938 -0.0205008 0.250106 -0.17083 0.804739 -0.568518
-0.0482453 -0.123414 -0.383516 0.0547438 -0.568356 -0.820959
0.138741 0.350538 0.232311 -0.0547437 0.568356 0.82096
0.199766 -0.0525373 0.103584 -0.17083 0.804739 -0.568518
0.203555 -0.294519 -0.248268 0.0547437 -0.568356 -0.82096
0.282934 0.286035 0.272252 0.0547437 -0.568356 -0.82096
0.443614 0.16862 0.34336 -0.170828 0.804739 -0.568518
-0.368841 -0.29264 -0.0447326 0.17083 -0.804739 0.568518
-0.264024 -0.222317 -0.315103 -0.0547437 0.568356 0.82096
0.210828 -0.0855029 -0.378156 -0.0547436 0.568356 0.82096
-0.0262536 -0.044141 0.204078 0.17083 -0.804739 0.568518
-0.390886 0.0867485 0.379617 -0.0547437 0.568356 0.82096
0.0626989 -0.265583 -0.277693 0.0547437 -0.568356 -0.82096
0.0240295 -0.265524 -0.124401 0.17083 -0.804739 0.568518
0.379163 -0.277018 -0.247381 0.17083 -0.804739 0.568518
-0.0736464 -0.234066 -0.294274 -0.0547442 0.568357 0.820959
-0.307546 0.040394 0.387567 -0.17083 0.804739 -0.568518
-0.23541 -0.308869 -0.128492 -0.17083 0.804739 -0.568518
-0.206828 -0.340577 -0.16127 0.17083 -0.804739 0.568518
-0.382792 0.135813 0.331859 0.0547437 -0.568356 -0.82096
0.092406 -0.26958 -0.258615 -0.0547437 0.568356 0.82096
0.317902 0.281485 0.277733 0.0547437 -0.568356 -0.82096
0.419528 0.353067 0.231008 0.521717 0.563352 0.640661
0.0987544 -0.300113 -0.216508 -0.170831 0.804733 -0.568526
-0.0449951 0.267817 0.277327 -0.0547437 0.568356 0.82096
-0.419434 -0.112724 0.225143 0.17083 -0.804739 0.568518
-0.382132 -0.21214 0.0732105 0.17083 -0.804739 0.568518
-0.120327 -0.224779 -0.303816 -0.0547437 0.568356 0.82096
-0.4406 -0.359611 -0.199484 -0.772801 -0.467371 -0.429352
-0.150924 0.315334 0.237367 -0.0547437 0.568356 0.82096
0.186918 -0.290606 -0.237756 -0.0547437 0.568356 0.82096
-0.0807889 -0.306084 -0.244892 -0.0547437 0.568356 0.82096
0.204763 0.336073 0.232397 0.0547437 -0.568356 -0.82096
0.396231 0.0470405 -0.109622 0.666026 0.519525 0.53526
-0.173598 -0.0814551 0.195534 0.17083 -0.804739 0.568518
0.0865576 -0.133503 0.043688 0.17083 -0.804739 0.568518
-0.444679 -0.32391 -0.0893275 0.983779 0.171367 -0.0530378
-0.357193 -0.380903 -0.225856 0.0547437 -0.568356 -0.82096
0.460817 0.210447 0.022074 -0.983777 -0.171373 0.0530459
0.0713293 -0.172809 -0.0280679 -0.170826 0.804744 -0.568511
0.393459 -0.158361 -0.315537 -0.0547436 0.568356 0.82096
0.490613 0.0662716 0.108898 -0.983779 -0.171368 0.0530379
-0.334486 -0.223639 0.0426154 0.17083 -0.804739 0.568518
0.481057 0.0715874 -0.0511707 -0.983779 -0.171367 0.0530378
0.266383 -0.157463 -0.338963 0.0547437 -0.568356 -0.82096
-0.304456 -0.267355 -0.30095 0.0547437 -0.568356 -0.82096
0.406681 -0.0617033 -0.054979 0.0434878 0.582595 0.811598
0.421202 0.399186 0.187524 0.638706 0.529795 0.558007
-0.12605 -0.161976 -0.347677 -0.0547437 0.568356 0.82096
0.215365 0.346181 0.240437 -0.0547437 0.568356 0.82096
-0.477947 0.182524 0.294021 -0.532536 0.410051 0.740448
0.493537 0.0483504 0.10523 -0.983779 -0.171367 0.0530377
0.411116 0.117054 0.280134 -0.170828 0.804739 -0.568518
-0.0550479 -0.0286605 0.213949 -0.17083 0.804739 -0.568518
0.419425 -0.246069 -0.215671 0.17083 -0.804739 0.568518
0.0065091 -0.022342 0.22509 0.17083 -0.804739 0.568518
-0.482413 -0.0463357 0.329417 -0.983779 -0.171367 0.0530377
-0.376543 -0.0112838 0.335149 -0.170831 0.804738 -0.568518
0.427142 -0.0626032 0.0417067 0.17083 -0.804739 0.568518
0.217045 0.376744 0.21939 -0.0547437 0.568356 0.82096
0.0490838 -0.284529 -0.251154 -0.0547437 0.568356 0.82096
0.468177 0.0884541 -0.235581 -0.983779 -0.171367 0.0530377
-0.174616 -0.334176 -0.161888 0.17083 -0.804739 0.568518
0.190446 0.299026 0.25709 0.0547437 -0.568356 -0.82096
-0.286312 -0.0847552 0.224731 0.17083 -0.804739 0.568518
-0.0821278 0.328358 0.232938 -0.0547437 0.568356 0.82096
0.093566 -0.271929 -0.154361 0.17083 -0.804739 0.568518
0.476819 -0.0537404 0.0186312 -0.17083 0.804739 -0.568518
0.00767922 0.0542598 0.333168 0.17083 -0.804739 0.568517
0.283774 -0.0603109 -0.390732 -0.0547436 0.568356 0.82096
-0.0952541 -0.25483 -0.0941143 -0.17083 0.804739 -0.568518
0.412595 -0.0405682 0.0380602 0.248589 -0.523131 -0.815191
-0.504481 -0.0235435 -0.00626999 -0.983779 -0.171367 0.0530377
0.262161 -0.130897 -0.0260826 -0.17083 0.804739 -0.568518
-0.0296016 -0.232576 -0.0616463 0.17083 -0.804739 0.568518
-0.09635 -0.126852 0.087369 -0.17083 0.804739 -0.568518
-0.159633 -0.189588 0.0175811 -0.17083 0.804739 -0.568518
0.260015 -0.128861 -0.022557 -0.17083 0.804739 -0.568518
-0.481591 -0.221886 -0.222542 -0.983779 -0.171367 0.0530377
-0.0209384 -0.0305797 0.221677 0.17083 -0.804739 0.568518
-0.129113 0.144106 0.357364 -0.0547437 0.568356 0.82096
-0.234862 0.079105 0.380983 0.0547437 -0.568356 -0.82096
-0.0288528 0.25603 0.272233 0.0547437 -0.568356 -0.82096
-0.0752174 -0.13002 -0.366411 -0.0547437 0.568356 0.82096
-0.25787 0.0748406 0.382401 0.0547437 -0.568356 -0.82096
0.465276 0.020446 0.127111 -0.17083 0.804739 -0.568518
-0.169514 0.0957884 0.37379 0.0547437 -0.568356 -0.82096
-0.519593 0.0925378 0.0884895 -0.983779 -0.171367 0.0530377
0.260879 0.155185 0.3757 -0.0547437 0.568356 0.82096
-0.269441 0.0421788 0.378644 -0.17083 0.804739 -0.568518
0.463721 0.18993 0.00964258 -0.983779 -0.171366 0.0530357
-0.483744 -0.181186 -0.130971 -0.983779 -0.171367 0.0530377
-0.426564 -0.237868 0.0501422 0.17083 -0.804739 0.568518
0.397429 -0.0763632 -0.37204 -0.0547436 0.568356 0.82096
0.448035 0.2586 0.290135 0.601122 0.542297 0.586997
-0.491547 -0.172449 -0.247473 -0.983779 -0.171367 0.0530377
0.346748 -0.0907744 0.0259872 0.17083 -0.804739 0.568518
0.299107 -0.256836 -0.194758 0.17083 -0.804739 0.568518
0.357879 0.217297 0.324837 0.0547437 -0.568356 -0.82096
0.472284 0.0727695 -0.210076 -0.983779 -0.171367 0.0530377
0.110814 -0.0909096 0.0759964 -0.17083 0.804739 -0.568518
-0.398604 0.0789591 0.384495 -0.0547437 0.568356 0.82096
0.501901 -0.100791 -0.298757 0.921564 -0.0736565 -0.381175
0.307489 -0.0426446 0.105912 0.17083 -0.804739 0.568518
-0.264014 -0.360374 -0.233855 0.0547437 -0.568356 -0.82096
-0.479674 -0.0870426 0.248713 -0.983779 -0.171367 0.0530377
0.504696 -0.219188 -0.223937 -0.170829 0.804738 -0.56852
-0.287649 -0.312549 -0.25421 -0.0547437 0.568356 0.82096
0.486085 0.109533 -0.0571174 0.983779 0.171366 -0.0530366
-0.210813 -0.348061 -0.170665 0.17083 -0.804739 0.568518
0.478682 0.214567 0.144927 0.983779 0.171367 -0.0530378
-0.480195 -0.194732 -0.10891 -0.983779 -0.171367 0.0530377
0.269936 0.117215 0.343478 0.17083 -0.804739 0.568517
-0.430183 -0.331781 -0.240761 -0.562093 -0.553492 -0.614571
0.221528 0.295092 0.276217 -0.0547437 0.568356 0.82096
0.0845375 0.133861 0.378703 -0.0547437 0.568356 0.82096
0.227804 -0.133631 -0.343704 -0.0547436 0.568356 0.82096
-0.475971 -0.245347 -0.246959 -0.93354 -0.316749 -0.167847
-0.190347 -0.329325 -0.250438 0.0547437 -0.568356 -0.82096
-0.232099 0.0420689 0.367268 -0.17083 0.804739 -0.568518
-0.360671 -0.244605 0.000113697 -0.17083 0.804739 -0.568518
-0.520139 0.131253 0.203459 -0.983779 -0.171367 0.0530377
-0.0809532 0.0597873 0.367625 0.17083 -0.804739 0.568517
-0.335841 -0.244743 -0.00754311 -0.17083 0.804739 -0.568518
0.475659 0.188334 0.00409171 0.983779 0.171366 -0.0530363
0.28952 -0.150724 -0.327755 -0.0547436 0.568356 0.82096
-0.272036 0.176722 0.325253 -0.0547437 0.568356 0.82096
0.0552989 -0.150381 -0.0199617 0.773839 -0.247588 -0.582987
-0.279931 -0.302507 -0.260647 -0.0547437 0.568356 0.82096
-0.0481281 0.0952379 0.382265 0.0547437 -0.568356 -0.82096
0.477108 0.151219 -0.0889522 0.983779 0.171367 -0.0530377
0.254547 -0.00196503 0.179402 0.17083 -0.804739 0.568518
-0.421493 0.0605009 0.394479 -0.222124 0.530692 0.817941
-0.145739 0.0724437 0.384314 -0.17083 0.804739 -0.568518
0.405661 -0.229847 -0.209267 -0.170822 0.804749 -0.568506
0.18063 -0.120584 0.0337066 0.17083 -0.804739 0.568518
-0.242108 -0.141339 -0.369703 -0.0547437 0.568356 0.82096
-0.0811821 -0.0639902 0.192486 0.17083 -0.804739 0.568518
-0.510788 0.0496249 0.11316 -0.983779 -0.171367 0.0530377
0.0110662 -0.0567021 0.15439 -0.17083 0.804739 -0.568518
-0.152402 -0.301915 -0.143591 -0.17083 0.804739 -0.568518
0.498082 -0.0323719 -0.293093 0.983779 0.171367 -0.053038
-0.0294582 -0.26278 -0.285779 0.0547437 -0.568356 -0.82096
0.373406 -0.144428 -0.05797 0.17083 -0.804739 0.568518
0.492062 -0.0199971 -0.26925 -0.0547438 0.568356 0.82096
0.115065 -0.319413 -0.228035 0.17083 -0.804739 0.568518
-0.186335 0.0579028 0.396623 0.17083 -0.804739 0.568517
0.150717 -0.125441 -0.354515 -0.0547437 0.568356 0.82096
-0.460432 -0.298768 -0.22635 -0.877196 -0.386986 -0.284198
-0.317491 -0.316197 -0.268005 0.0547437 -0.568356 -0.82096
-0.399834 -0.343457 -0.233776 0.302978 0.591946 0.746863
-0.517997 0.0512938 -0.0151681 -0.983779 -0.171367 0.0530377
0.0309616 -0.19772 -0.0511995 -0.17083 0.804739 -0.568518
-0.276807 0.0825015 0.375834 0.0547437 -0.568356 -0.82096
0.126746 -0.300621 -0.234835 -0.0547437 0.568356 0.82096
0.38014 -0.130912 -0.335429 -0.0547436 0.568356 0.82096
0.208253 -0.143947 -0.352197 0.0547437 -0.568356 -0.82096
0.128184 0.166834 0.358786 -0.0547437 0.568356 0.82096
-0.188684 -0.222626 -0.0204546 -0.17083 0.804739 -0.568518
0.133555 0.170956 0.356291 -0.0547437 0.568356 0.82096
0.465519 0.270273 0.0807577 0.983779 0.171367 -0.0530378
0.514164 -0.162958 -0.194907 -0.983779 -0.171367 0.0530381
-0.453985 0.0636522 0.377084 -0.532533 0.410053 0.740449
0.396504 -0.031725 0.0739274 -0.170825 0.804742 -0.568516
-0.35833 -0.385441 -0.22279 0.0547437 -0.568356 -0.82096
0.506936 -0.165662 -0.128151 0.17083 -0.804739 0.568518
-0.0385115 -0.22284 -0.314034 0.0547437 -0.568356 -0.82096
0.089631 0.284008 0.260765 0.0547437 -0.568356 -0.82096
0.491531 -0.00741418 -0.112155 -0.98378 -0.171364 0.0530305
-0.176838 0.309558 0.239638 -0.0547437 0.568356 0.82096
-0.499306 0.0229276 0.0180619 0.983779 0.171367 -0.0530377
0.462896 -0.0266534 0.0818503 0.17083 -0.804739 0.568518
-0.0807527 -0.126842 -0.38331 0.0547438 -0.568356 -0.820959
-0.167316 -0.328774 -0.177128 -0.17083 0.804738 -0.56852
-0.0685712 0.240744 0.280168 0.0547437 -0.568356 -0.82096
0.373757 -0.164804 -0.107611 -0.17083 0.804739 -0.568518
0.479956 0.0834122 -0.255212 0.983779 0.171367 -0.0530377
0.27814 -0.14386 -0.0285398 0.17083 -0.804739 0.568518
-0.209864 -0.183562 -0.352652 0.0547437 -0.568356 -0.82096
0.151998 -0.221563 -0.121319 -0.17083 0.804739 -0.568518
-0.252839 -0.202922 0.0474082 0.17083 -0.804739 0.568518
0.439288 -0.196534 -0.285997 -0.0788747 0.563978 0.822014
-0.0790009 -0.052765 0.20772 0.17083 -0.804739 0.568518
0.480032 0.0769594 -0.052834 -0.983779 -0.171367 0.0530378
0.419942 -0.247482 -0.24301 -0.59044 -0.545534 -0.594789
0.0738115 -0.166838 -0.020362 -0.170828 0.804741 -0.568516
-0.244356 -0.356024 -0.235556 0.0547437 -0.568356 -0.82096
0.283555 -0.151831 -0.0621445 -0.17083 0.804739 -0.568518
-0.0672773 -0.266036 -0.0976889 0.17083 -0.804739 0.568518
-0.466836 -0.125234 0.221677 0.17083 -0.804739 0.568518
-0.416201 0.0113992 0.379174 -0.170831 0.804738 -0.568518
-0.174224 0.0324773 0.356994 0.17083 -0.804739 0.568517
0.249335 -0.231974 -0.14461 0.17083 -0.804739 0.568518
0.429026 -0.0905097 0.00163898 0.17083 -0.804739 0.568518
-0.099132 0.233407 0.283209 0.0547437 -0.568356 -0.82096
-0.0866943 -0.131135 0.0784052 -0.17083 0.804739 -0.568518
-0.466554 -0.169864 0.158419 0.17083 -0.804739 0.568518
0.490325 0.0912418 -0.0375816 0.983779 0.171367 -0.0530378
-0.380302 -0.317614 -0.0973322 -0.17083 0.804739 -0.568517
0.153655 -0.289831 -0.240511 -0.0547437 0.568356 0.82096
0.166406 -0.277722 -0.205142 -0.17083 0.804739 -0.568518
-0.0451317 -0.109565 -0.378566 -0.0547437 0.568356 0.82096
0.139592 -0.0728546 -0.391662 -0.0547437 0.568356 0.82096
-0.38539 -0.267468 -0.306268 0.0547437 -0.568356 -0.82096
-0.245472 0.244699 0.265633 0.0547437 -0.568356 -0.82096
0.0974176 -0.158314 0.00530466 0.17083 -0.804739 0.568518
-0.368366 0.0276369 0.387785 -0.17083 0.804739 -0.568518
0.0151757 -0.06178 -0.0604134 -0.773841 0.247586 0.582985
-0.341499 -0.292137 -0.0729299 -0.17083 0.804739 -0.568518
-0.381397 -0.277312 -0.0399568 -0.17083 0.804739 -0.568518
0.120288 0.0614669 0.309533 0.17083 -0.804739 0.568518
-0.0128516 -0.243215 -0.0817394 0.17083 -0.804739 0.568518
-0.174697 0.295095 0.235463 0.0547437 -0.568356 -0.82096
0.30223 -0.0961868 0.0317028 0.17083 -0.804739 0.568518
-0.157469 -0.170513 -0.343862 -0.0547437 0.568356 0.82096
0.143334 0.0069128 0.225386 0.17083 -0.804739 0.568518
0.0392235 0.0517764 0.299481 -0.17083 0.804739 -0.568518
0.401629 0.145351 0.343732 0.17083 -0.804739 0.568517
-0.0289611 -0.150006 0.0343448 -0.17083 0.804739 -0.568518
0.0538375 -0.0438056 0.159793 -0.17083 0.804739 -0.568518
-0.238971 -0.143586 -0.382269 0.0547438 -0.568356 -0.820959
-0.485639 -0.0169246 0.142805 0.983779 0.171367 -0.0530378
-0.016743 -0.299889 -0.24491 -0.0547437 0.568356 0.82096
-0.508501 0.0157997 0.0462846 -0.983779 -0.171367 0.0530377
0.348859 -0.0626412 0.0651755 0.17083 -0.804739 0.568518
0.227691 -0.155738 -0.0301943 0.17083 -0.804739 0.568518
0.294077 -0.172266 -0.0735377 0.17083 -0.804739 0.568518
-0.00403575 0.0421551 0.29886 -0.17083 0.804739 -0.568518
-0.13365 0.115753 0.37669 -0.0547437 0.568356 0.82096
0.480868 0.0973143 -0.193375 0.983779 0.171367 -0.0530377
0.0384939 -0.119759 0.0775839 0.17083 -0.804739 0.568518
-0.418794 -0.24747 0.0135222 -0.17083 0.804739 -0.568518
0.471694 0.244669 0.112565 0.983779 0.171367 -0.0530378
-0.498152 -0.0724715 -0.0469633 -0.983779 -0.171367 0.0530377
-0.473868 -0.0870868 0.134441 0.983779 0.171367 -0.0530378
0.243892 -0.281847 -0.234265 -0.17083 0.804739 -0.568518
0.458897 -0.196642 -0.295702 0.315142 -0.502064 -0.805368
-0.473436 -0.151517 0.1561 -0.983779 -0.171367 0.0530377
0.49815 -0.102986 -0.271524 -0.978654 -0.0716769 0.19261
0.0664194 0.145618 0.369356 -0.0547437 0.568356 0.82096
0.28801 0.292677 0.282322 -0.0547437 0.568356 0.82096
-0.376524 -0.0555577 0.272474 -0.17083 0.804739 -0.568518
0.446032 -0.149154 -0.315714 -0.268961 0.516999 0.812633
-0.113027 -0.116677 -0.389865 -0.17083 0.804739 -0.568518
-0.490574 0.123341 0.289091 0.860434 -0.159292 -0.484025
-0.489251 -0.131943 -0.295821 0.983779 0.171367 -0.0530377
0.0740011 -0.291738 -0.176522 0.17083 -0.804739 0.568518
-0.500963 0.0210432 -0.018757 0.983779 0.171367 -0.0530377
-0.213704 -0.267602 -0.294726 0.0547437 -0.568356 -0.82096
0.086882 -0.144873 -0.350164 -0.17083 0.804738 -0.568519
-0.393262 -0.345787 -0.234315 0.209616 0.593473 0.777078
-0.442517 0.178023 0.312319 -0.174755 0.543105 0.821278
0.36507 0.106131 0.278508 -0.17083 0.804739 -0.568518
-0.126355 0.25349 0.28182 -0.0547437 0.568356 0.82096
-0.304212 0.252381 0.270728 -0.0547437 0.568356 0.82096
0.393172 -0.0657758 -0.393984 0.0547437 -0.568356 -0.82096
-0.228385 0.137826 0.355092 -0.0547437 0.568356 0.82096
-0.0725246 0.127475 0.372651 -0.0547437 0.568356 0.82096
0.0621622 -0.296657 -0.21087 -0.331697 -0.590291 -0.73589
-0.205783 -0.332585 -0.23488 -0.0547437 0.568356 0.82096
0.170588 0.0940557 0.319854 -0.17083 0.804739 -0.568518
-0.290677 -0.176508 -0.348594 -0.0547437 0.568356 0.82096
-0.105851 -0.221768 -0.304936 -0.0547437 0.568356 0.82096
-0.0865818 -0.267137 -0.0934464 0.17083 -0.804739 0.568518
0.333601 -0.267636 -0.243877 -0.0547437 0.568356 0.82096
0.444996 0.0708016 0.204483 -0.170836 0.804739 -0.568516
0.334638 -0.259618 -0.263689 0.0547437 -0.568356 -0.82096
-0.105271 -0.0481554 0.222139 0.17083 -0.804739 0.568518
-0.307631 -0.196011 -0.350553 0.0547437 -0.568356 -0.82096
-0.156813 -0.336418 -0.228961 -0.0547437 0.568356 0.82096
-0.253898 -0.149846 0.122854 0.17083 -0.804739 0.568518
0.0575702 -0.283701 -0.265492 0.0547437 -0.568356 -0.82096
0.387234 0.035764 -0.0969581 -0.103711 0.559108 0.822583
0.0357135 -0.250762 -0.127709 -0.17083 0.804739 -0.568518
0.454694 -0.171862 -0.141922 -0.17083 0.804739 -0.568518
-0.439365 0.152851 0.329636 -0.174756 0.543105 0.821278
-0.438715 -0.30581 -0.233755 0.741878 0.484767 0.463268
0.297062 -0.0271047 0.131042 0.17083 -0.804739 0.568518
0.257291 0.352063 0.239161 -0.0547437 0.568356 0.82096
0.4403 0.0172237 0.150748 0.17083 -0.804739 0.568518
-0.502579 0.0560972 0.0645252 0.983779 0.171367 -0.0530377
0.512503 -0.100987 -0.247297 0.983779 0.171367 -0.053038
-0.0974609 -0.199429 -0.0150298 -0.17083 0.804739 -0.568518
0.296244 -0.19363 -0.10443 0.17083 -0.804739 0.568518
0.149594 -0.0308573 0.170041 0.17083 -0.804739 0.568518
0.05705 0.236986 0.305476 -0.0547437 0.568356 0.82096
0.459459 0.0012456 0.122374 0.17083 -0.804739 0.568518
-0.00512154 0.147543 0.363252 -0.0547437 0.568356 0.82096
0.248837 0.0577998 0.245022 -0.17083 0.804739 -0.568518
-0.375719 -0.30536 -0.0813646 -0.17083 0.804739 -0.568518
0.423583 -0.212364 -0.271193 0.152416 -0.548471 -0.822161
0.295154 -0.152424 -0.0457745 0.17083 -0.804739 0.568518
0.476796 0.00936961 -0.331226 -0.983779 -0.171367 0.053038
0.396674 -0.0230167 0.0548283 -0.74249 0.274161 0.611183
0.52207 -0.147277 -0.219415 0.983779 0.171367 -0.053038
-0.165373 -0.328098 -0.176755 -0.17083 0.804741 -0.568515
0.223809 0.00354258 0.175741 -0.17083 0.804739 -0.568518
-0.494927 0.0143937 0.0717017 0.983779 0.171367 -0.0530377
0.0344622 -0.233398 -0.0820604 0.17083 -0.804739 0.568518
0.500487 -0.0983612 -0.239872 -0.983779 -0.171367 0.053038
-0.119986 -0.199437 -0.321338 -0.0547437 0.568356 0.82096
-0.408107 0.0215319 0.391085 -0.17083 0.804739 -0.568518
-0.407703 -0.270114 -0.303225 -0.162135 -0.592093 -0.789391
0.11015 0.0447222 0.268183 -0.17083 0.804739 -0.568518
0.473728 0.0534903 -0.245586 -0.983779 -0.171367 0.0530377
-0.50419 0.0556192 0.033102 0.983779 0.171367 -0.0530377
-0.00902768 -0.141982 -0.353715 -0.0547437 0.568356 0.82096
-0.463407 0.0540937 0.374202 -0.648411 0.342629 0.679829
-0.351274 -0.331367 -0.104829 0.17083 -0.804739 0.568518
-0.105655 -0.129923 0.0858187 -0.17083 0.804739 -0.568518
-0.159326 0.116251 0.360303 0.0547437 -0.568356 -0.82096
0.176139 -0.0670873 -0.40656 -0.17083 0.804739 -0.568518
-0.435501 0.11038 0.343867 0.268957 -0.517001 -0.812633
0.155812 -0.290149 -0.198855 0.17083 -0.804739 0.568518
0.150241 -0.247608 -0.269969 -0.0547437 0.568356 0.82096
-0.0973014 0.0588911 0.371269 0.17083 -0.804739 0.568517
0.456788 0.215204 -0.0372976 -0.983779 -0.171367 0.0530377
-0.301906 -0.216279 -0.336139 0.0547437 -0.568356 -0.82096
0.517271 -0.0726044 -0.067156 0.983779 0.171367 -0.0530375
0.448449 -0.0147827 -0.390982 -0.648404 0.342634 0.679834
0.0368996 -0.243596 -0.24579 -0.773849 0.247578 0.582977
0.362333 0.219733 0.337778 -0.0547437 0.568356 0.82096
