ply
format ascii 1.0
comment Created by Open3D
element vertex 128
property double x
property double y
property double z
property double nx
property double ny
property double nz
end_header
0.504632 0.212332 -0.0301623 0.701425 0.703785 0.112651
-0.0536603 -0.0894203 -0.366209 -0.17585 0.324049 -0.929553
-0.210238 -0.136901 0.132541 -0.36008 0.928629 -0.0893906
0.269432 -0.175212 -0.0163383 0.600687 -0.498645 -0.624922
0.206541 0.236259 0.387824 0.307223 -0.44116 0.843203
0.219112 0.123711 -0.303227 0.600687 -0.498645 -0.624922
0.0696671 0.532121 -0.00373718 -0.0568796 -0.102276 0.993129
-0.0128085 -0.163916 -0.291699 -0.701425 -0.703785 -0.112651
-0.182277 -0.0230752 0.20399 0.595863 -0.574836 -0.560812
-0.126182 -0.215322 0.200457 0.422315 -0.905948 -0.0301336
0.0987363 -0.199168 0.00162759 0.701425 0.703785 0.112651
-0.150003 0.0448517 0.0259044 0.701425 0.703785 0.112651
0.457482 0.0726417 -0.0333521 0.600687 -0.498645 -0.624922
0.479528 0.208549 0.149785 0.701425 0.703785 0.112651
-0.179271 0.0264257 -0.229479 -0.383637 0.506004 -0.772517
0.20285 -0.0651003 0.125275 -0.383637 0.506004 -0.772517
0.147844 0.455999 -0.110554 -0.383637 0.506004 -0.772517
0.278556 0.364309 -0.0112221 0.441542 -0.553141 0.706453
-0.0658117 -0.0760672 0.257122 0.701425 0.703785 0.112651
-0.114807 0.310716 -0.075281 -0.383637 0.506004 -0.772517
0.35135 0.292873 0.353167 0.383637 -0.506004 0.772517
-0.017108 0.257534 -0.158633 -0.383637 0.506004 -0.772517
-0.283641 -0.272398 0.135154 -0.0184725 -0.790105 0.612694
-0.277758 0.0717097 -0.150529 -0.275293 0.413304 -0.867983
0.223512 0.0673047 -0.170964 -0.600687 0.498645 0.624922
0.352397 -0.119394 0.0687126 -0.25699 0.397151 -0.881038
0.344646 0.255336 -0.28759 0.600687 -0.498645 -0.624922
0.130222 -0.351666 -0.00931702 -0.701425 -0.703785 -0.112651
-0.135729 0.130012 0.180923 -0.600687 0.498645 0.624922
0.089101 0.455503 0.137315 -0.600687 0.498645 0.624922
0.193654 0.324164 0.259587 0.600687 -0.498645 -0.624922
-0.430336 -0.216648 0.174352 -0.600687 0.498645 0.624922
0.0815922 0.449189 0.135135 -0.600687 0.498645 0.624922
0.384779 0.367983 -0.256314 0.701425 0.703785 0.112651
0.0106471 -0.242727 0.17154 0.383638 -0.506004 0.772517
-0.368501 0.00105792 0.0600752 -0.600687 0.498645 0.624922
-0.272158 0.109708 0.0659862 -0.600687 0.498645 0.624922
-0.199755 -0.13667 0.312712 -0.0184725 -0.790105 0.612694
0.1159 0.296313 0.290097 -0.600687 0.498645 0.624922
0.238396 0.407759 -0.18712 -0.383637 0.506004 -0.772517
0.383717 0.289866 0.238331 0.701425 0.703785 0.112651
-0.0240937 -0.0342672 -0.26378 0.701425 0.703785 0.112651
0.313636 0.0597801 0.152055 -0.383638 0.506004 -0.772517
0.511281 0.206968 -0.0380484 0.701425 0.703785 0.112651
-0.366932 -0.148654 0.103749 0.452345 0.173163 -0.874871
-0.389975 0.110223 -0.0610842 -0.692047 0.710308 -0.128583
0.492361 0.168622 0.201754 0.383638 -0.506004 0.772517
-0.358992 -0.0310872 -0.16726 0.0665012 -0.131877 -0.989033
0.456339 0.105034 0.0227286 -0.600687 0.498645 0.624922
0.346905 0.110908 -0.0871485 -0.600687 0.498645 0.624922
-0.468741 0.00921992 -0.0818949 -0.957789 0.25335 -0.135846
0.137943 0.266136 -0.162835 0.383637 -0.506004 0.772517
0.392656 -0.103128 0.0451528 0.657431 -0.577811 -0.483651
-0.115333 -0.0838866 -0.0386836 0.691591 -0.633835 -0.346346
-0.117281 0.0351464 -0.117207 0.701425 0.703785 0.112651
0.147685 0.383411 -0.0908575 0.383638 -0.506004 0.772517
0.0904883 0.0424901 -0.334766 -0.0568673 -0.102288 0.993128
-0.0517323 0.110324 -0.227385 -0.701426 -0.703783 -0.112654
0.114893 -0.251283 -0.104185 0.600687 -0.498645 -0.624922
0.244347 0.157052 0.250178 -0.383637 0.506004 -0.772517
0.115249 -0.34628 0.0502616 -0.701425 -0.703785 -0.112651
0.219583 0.357736 -0.210543 -0.383637 0.506004 -0.772517
-0.314125 -0.11651 -0.0705995 0.600687 -0.498645 -0.624922
0.155229 0.0366983 0.282766 0.383637 -0.506004 0.772517
0.354862 0.341979 -0.147776 0.468882 -0.574673 0.670747
-0.321367 -0.121336 -0.0737102 0.600687 -0.498645 -0.624922
0.000378279 0.36678 -0.0957602 -0.383637 0.506004 -0.772517
-0.31671 -0.220657 0.0100178 0.600687 -0.498645 -0.624922
0.06865 0.550748 -0.00916412 -0.383637 0.506004 -0.772517
0.121134 -0.058414 -0.249557 -0.701425 -0.703785 -0.112651
0.362962 0.257389 0.109879 -0.701424 -0.703786 -0.112649
-0.104575 0.16845 -0.106384 0.383638 -0.506004 0.772517
-0.423417 -0.294579 0.0564636 -0.59803 -0.798975 0.0632333
-0.0352583 0.456665 0.0168506 -0.600687 0.498645 0.624922
0.0814812 0.182186 -0.256947 -0.383637 0.506004 -0.772517
0.582354 0.113994 0.100268 0.701431 0.703782 0.112626
0.074544 0.314514 0.152796 0.600687 -0.498645 -0.624922
0.367692 0.163733 0.260464 0.383638 -0.506004 0.772517
0.369186 0.256805 0.082631 -0.624199 0.682862 -0.379572
0.0218049 -0.267874 0.142251 -0.701425 -0.703785 -0.112651
0.0903811 -0.0665403 0.180185 -0.383637 0.506004 -0.772517
0.298419 0.391702 -0.00189381 0.46888 -0.574671 0.670749
0.266625 0.352313 0.116691 -0.70144 -0.703771 -0.112639
0.249096 -0.0423554 -0.0588706 -0.600687 0.498645 0.624922
-0.0298503 -0.196621 0.0187304 -0.701425 -0.703785 -0.112651
0.192373 0.243218 -0.27204 -0.383637 0.506004 -0.772517
0.0541766 0.0387261 -0.337355 -0.383637 0.506004 -0.772517
0.349704 0.156597 -0.203941 0.600687 -0.498645 -0.624922
0.418433 0.304093 -0.0667168 0.701425 0.703785 0.112651
-0.199871 0.228667 -0.0443384 -0.701425 -0.703785 -0.112651
-0.322158 -0.167495 0.239115 -0.600687 0.498645 0.624922
0.148353 -0.106598 -0.118005 -0.701427 -0.703783 -0.112649
-0.189553 -0.17353 0.094639 0.600687 -0.498645 -0.624922
0.21764 0.495178 -0.0102672 0.701423 0.703787 0.112653
0.203603 -0.196386 0.0989234 -0.701425 -0.703785 -0.112651
0.0412847 -0.0317098 0.294544 0.383637 -0.506004 0.772517
-0.0781383 -0.0408216 0.113679 0.701425 0.703785 0.112651
-0.0348027 0.307894 0.0529717 0.600687 -0.498645 -0.624922
-0.303854 -0.0596231 0.170635 -0.600687 0.498645 0.624922
-0.26756 0.137927 0.0478896 -0.600687 0.498645 0.624922
0.186479 0.448738 0.236314 -0.600687 0.498645 0.624922
0.159372 -0.113938 -0.140763 -0.701425 -0.703785 -0.112651
-0.0509367 0.233081 0.180185 -0.600687 0.498645 0.624922
0.272465 0.378957 0.374449 0.701425 0.703784 0.112651
-0.181247 -0.00415173 -0.241037 -0.701425 -0.703785 -0.112651
-0.0600064 -0.0552724 0.0910609 0.701425 0.703785 0.112651
0.0812932 0.318326 0.156241 0.600687 -0.498645 -0.624922
0.229112 0.0684689 -0.16651 -0.600687 0.498645 0.624922
0.346226 0.0144033 -0.010797 -0.600687 0.498645 0.624922
0.45566 0.272163 -0.194307 0.600687 -0.498645 -0.624922
0.454601 -0.000116684 0.109981 0.383638 -0.506004 0.772517
-0.472607 -0.111794 -0.0218375 -0.987367 -0.0817115 -0.135755
-0.0567535 0.0504855 0.320293 -0.600687 0.498645 0.624922
0.218504 -0.0352572 0.137048 -0.383637 0.506004 -0.772517
-0.223082 -0.131254 0.305431 -0.600687 0.498645 0.624922
-0.0512607 0.0835478 0.299191 -0.600687 0.498645 0.624922
0.145343 0.0645321 0.238743 -0.383637 0.506004 -0.772517
0.319931 0.0554296 0.213243 0.383637 -0.506004 0.772517
0.0227942 -0.215194 -0.193026 -0.701425 -0.703785 -0.112651
-0.163346 0.22697 0.077011 -0.600687 0.498645 0.624922
0.221187 0.473064 0.105806 0.701426 0.703784 0.112651
-0.0310903 0.315217 0.0506972 0.600687 -0.498645 -0.624922
-0.256282 0.0934989 -0.147302 -0.383637 0.506004 -0.772517
0.127449 0.168636 0.315818 -0.383637 0.506004 -0.772517
0.557448 0.0773813 0.109669 0.383638 -0.506004 0.772517
0.0167802 0.184447 0.284083 -0.600687 0.498645 0.624922
-0.0772892 -0.0933448 -0.157034 0.35322 -0.48052 0.802705
-0.00719664 0.230521 -0.181249 -0.383637 0.506004 -0.772517
