ply
format ascii 1.0
comment Created by Open3D
element vertex 512
property double x
property double y
property double z
property double nx
property double ny
property double nz
end_header
0.259587 -0.161472 -0.224823 -0.258049 0.490918 0.832112
-0.314161 -0.307173 0.164285 -0.956315 -0.00732452 -0.292245
-0.251187 0.507834 0.123232 -0.258049 0.490918 0.832112
-0.0741289 -0.299342 -0.347121 0.258049 -0.490918 -0.832112
-0.0479742 0.228106 -0.192537 -0.956315 -0.00732446 -0.292245
-0.0714437 -0.423437 -0.273076 0.258049 -0.490918 -0.832112
0.189257 0.225206 -0.0240993 -0.258049 0.490918 0.832112
0.245587 0.229664 -0.560068 0.258049 -0.490918 -0.832112
-0.200499 0.0770014 -0.217281 -0.956315 -0.0073245 -0.292245
0.220432 -0.31861 0.158107 0.956315 0.00732471 0.292245
-0.257455 0.178366 0.315664 -0.258049 0.490918 0.832112
-0.134643 0.266199 -0.437523 -0.956315 -0.0073244 -0.292245
0.165551 0.140975 -0.0819043 0.258049 -0.490918 -0.832112
0.0955254 -0.314092 -0.18566 -0.258049 0.490918 0.832112
-0.193085 -0.526721 -0.0804666 0.956315 0.00732453 0.292245
0.0173072 0.285966 0.237244 0.258049 -0.490918 -0.832112
0.118264 0.374085 -0.334902 0.137374 0.871175 -0.471363
-0.162115 0.0644533 0.185067 -0.956315 -0.00732531 -0.292247
-0.062044 0.11025 0.41645 -0.258049 0.490918 0.832112
0.232182 -0.104829 -0.366885 0.258049 -0.490918 -0.832112
0.124288 -0.589293 -0.114527 0.258049 -0.490918 -0.832112
-0.267763 -0.141332 0.154243 0.956315 0.00732459 0.292245
-0.301828 -0.281362 0.269224 0.956315 0.00732452 0.292245
0.356532 0.338483 -0.303722 0.956315 0.00732456 0.292245
0.150635 0.418177 0.150385 -0.699171 -0.251801 -0.669146
-0.282686 0.101125 0.0510564 -0.956315 -0.00732685 -0.292247
0.285999 0.420794 -0.19969 0.137379 0.871175 -0.471361
0.128752 -0.395678 -0.22737 0.258049 -0.490918 -0.832112
0.0700413 0.635949 0.135022 0.137374 0.871175 -0.471363
-0.250929 0.0603606 0.147443 -0.247994 -0.509 0.824268
0.0797221 -0.470853 -0.0956515 0.278462 0.422717 0.862421
-0.233279 -0.577231 -0.0936163 -0.956315 -0.00732452 -0.292245
-0.301695 0.00298272 0.405415 -0.258049 0.490918 0.832112
-0.0541256 0.408671 -0.176933 -0.956315 -0.00732455 -0.292245
-0.151282 0.00335012 0.142218 -0.247994 -0.509 0.824268
-0.293074 0.281502 0.0805274 -0.956315 -0.00732452 -0.292245
-0.0913569 0.00020918 -0.529188 0.258049 -0.490918 -0.832112
-0.161143 0.137264 0.36978 -0.258049 0.490918 0.832112
-0.0355595 0.325916 -0.353823 -0.258049 0.490918 0.832112
0.0300594 -0.202779 0.505393 -0.504417 -0.34802 -0.790219
0.0947839 0.157586 -0.33916 0.972925 -0.0293824 0.229244
0.0260254 0.581637 0.0653611 0.683966 -0.427754 -0.590946
0.100828 -0.366278 0.0847858 0.0634398 -0.482636 -0.873521
0.185573 0.120932 -0.418741 0.133681 0.455215 0.880289
-0.0537983 -0.273936 0.325036 0.278463 0.422716 0.862421
0.187916 0.375702 0.237211 0.258049 -0.490918 -0.832112
0.209394 -0.164263 0.190359 0.956315 0.00732446 0.292245
-0.122095 0.386128 -0.335647 0.956315 0.00732468 0.292245
0.369673 -0.0160404 -0.37663 0.258049 -0.490918 -0.832112
0.149069 -0.3052 0.0981449 0.137372 0.871175 -0.471362
0.13735 0.32877 0.349365 -0.258049 0.490918 0.832112
0.21689 -0.423094 0.172318 0.956315 0.00732449 0.292245
-0.117079 0.39145 -0.371395 0.137373 0.871175 -0.471363
0.280206 0.367617 -0.0546911 0.956315 0.00732456 0.292245
0.17791 0.25704 -0.533842 0.137374 0.871175 -0.471363
-0.101158 -0.27323 0.356185 0.699171 0.251801 0.669146
-0.205944 -0.432932 0.0669572 0.258049 -0.490918 -0.832112
-0.00825657 0.58078 0.0102403 0.137374 0.871175 -0.471363
-0.323492 -0.110547 0.253852 0.174302 0.78827 -0.590126
-0.192891 -0.118683 0.290366 -0.956315 -0.00732449 -0.292245
0.386559 0.103375 -0.396087 0.956315 0.00732438 0.292245
0.0406282 -0.27476 0.343796 -0.609251 0.449525 0.653254
-0.306163 0.0171796 0.224072 0.0463058 -0.990861 -0.126693
-0.225925 0.127697 -0.135348 -0.956315 -0.00732452 -0.292245
-0.307745 -0.295234 0.142993 -0.956315 -0.00732452 -0.292245
0.109169 -0.162328 0.518278 0.956315 0.00732448 0.292245
-0.250479 -0.133427 0.125633 -0.258049 0.490918 0.832112
-0.102789 0.197284 -0.540031 -0.956315 -0.00732452 -0.292245
0.0146989 -0.524761 -0.186584 0.258049 -0.490918 -0.832112
-0.321869 -0.214688 0.333134 0.956315 0.00732452 0.292245
0.297868 -0.456416 -0.0918339 0.956315 0.00732455 0.292245
0.0897814 0.211648 0.403711 -0.258049 0.490918 0.832112
-0.381412 -0.0928058 0.378981 -0.956315 -0.00732451 -0.292245
0.300148 0.0254746 -0.322537 -0.258049 0.490918 0.832112
0.123152 -0.272134 0.475274 0.956315 0.00732449 0.292245
0.181779 0.33846 0.0597468 -0.137376 -0.871175 0.471361
-0.108748 0.202258 0.152924 0.956315 0.0073245 0.292245
0.228755 -0.307557 0.130595 0.956315 0.00732454 0.292245
0.21822 -0.387592 -0.00666505 -0.98098 0.053774 -0.186511
-0.0893031 -0.296267 -0.35364 0.258049 -0.490918 -0.832112
-0.232255 -0.546408 -0.0168082 -0.137374 -0.871175 0.471363
-0.0282046 0.0464298 -0.0862121 0.258049 -0.490918 -0.832112
-0.222913 -0.29621 -0.106271 0.280648 0.25685 -0.924805
-0.22271 -0.382404 0.0128586 0.956315 0.00732446 0.292245
-0.159711 0.124278 0.377886 -0.258049 0.490918 0.832112
0.190344 0.322714 0.0331424 -0.137374 -0.871175 0.471363
-0.248432 -0.364093 -0.0493719 -0.956315 -0.00732452 -0.292245
-0.236944 0.0861209 -0.0982485 -0.956315 -0.00732452 -0.292245
-0.046056 -0.300079 -0.0858864 -0.956316 -0.00732404 -0.292245
-0.244895 -0.223554 0.556678 -0.258049 0.490918 0.832112
0.0163685 0.14778 -0.255131 0.956315 0.0073245 0.292245
0.109715 -0.639436 -0.0894637 0.258049 -0.490918 -0.832112
-0.150583 -0.109449 0.142466 -0.258049 0.490918 0.832112
-0.291717 0.383574 0.0735313 -0.956315 -0.00732452 -0.292245
-0.203153 -0.327779 -0.0525079 0.956315 0.00732659 0.292247
-0.0856791 0.0305497 0.0817385 0.956315 0.00732452 0.292245
0.243873 0.319166 0.0421845 -0.137374 -0.871175 0.471363
-0.0835012 -0.161894 0.295839 0.699171 0.251801 0.669146
-0.0988044 0.352031 -0.0878114 0.258049 -0.490918 -0.832112
-0.120138 0.0273299 -0.479002 -0.956316 -0.00732351 -0.292244
-0.0748712 0.330644 0.1823 0.258049 -0.490918 -0.832112
0.313908 -0.0630774 -0.266027 -0.258049 0.490918 0.832112
-0.121487 0.549637 -0.0803188 0.137374 0.871175 -0.471363
0.0374849 0.636157 0.125918 0.137374 0.871175 -0.471363
0.0878044 0.114986 0.359979 0.258049 -0.490918 -0.832112
-0.12851 -0.251226 -0.285862 -0.247994 -0.509 0.824268
0.00458935 -0.223808 0.294264 -0.161551 0.489208 0.857074
0.00777896 0.24815 0.256599 0.258049 -0.490918 -0.832112
-0.0392637 0.0429557 0.363069 0.258049 -0.490918 -0.832112
0.357921 -0.0179912 -0.379124 0.258049 -0.490918 -0.832112
-0.174765 -0.439895 -0.142591 0.956315 0.00732486 0.292248
0.297633 -0.459754 -0.0909794 0.956315 0.00732455 0.292245
-0.235401 -0.00414267 -0.101036 -0.956315 -0.0073245 -0.292245
0.185611 -0.438422 0.275055 0.956315 0.00732449 0.292245
-0.101921 -0.392793 -0.000446379 -0.956315 -0.00732563 -0.292246
0.234036 -0.474147 0.117491 0.956315 0.00732449 0.292245
0.250512 -0.36766 0.0609076 0.956315 0.00732454 0.292245
0.262526 -0.591093 0.0271942 0.956315 0.00732449 0.292245
0.157532 0.637384 0.163173 0.137374 0.871175 -0.471363
0.00853091 0.260729 -0.576387 0.137375 0.871174 -0.471364
0.181707 -0.231845 0.243204 -0.258049 0.490918 0.832112
0.0387664 0.0245409 -0.325335 0.956315 0.0073245 0.292245
-0.249971 0.0987904 -0.0559374 -0.956315 -0.00732452 -0.292245
0.0209578 0.127037 -0.569182 0.258049 -0.490918 -0.832112
-0.166317 0.379891 -0.238995 -0.0118076 -0.997903 0.0636476
-0.0926189 0.188692 -0.573096 -0.956315 -0.0073245 -0.292245
0.0253798 -0.239543 -0.251394 -0.258049 0.490918 0.832112
-0.263363 0.213607 -0.014992 -0.956315 -0.00732452 -0.292245
0.250313 0.421374 0.0417813 0.956315 0.00732422 0.292245
-0.205656 -0.100397 0.496188 -0.258049 0.490918 0.832112
0.104446 0.253727 -0.0672268 -0.258049 0.490918 0.832112
0.0769853 -0.572241 -0.139256 0.258049 -0.490918 -0.832112
0.114618 -0.609591 -0.105551 0.258049 -0.490918 -0.832112
-0.277855 -0.306832 0.0454739 -0.956315 -0.00732452 -0.292245
0.173321 0.370755 0.0424488 -0.908568 0.300356 0.290327
-0.0642619 -0.157403 0.0163653 0.956315 0.0073245 0.292245
-0.277687 0.0339993 0.182324 0.956317 0.00731966 0.29224
-0.119106 0.213275 0.337973 -0.258049 0.490918 0.832112
0.171526 -0.0408644 -0.323286 -0.258049 0.490918 0.832112
-0.119281 0.303121 -0.342773 0.956315 0.00732454 0.292245
0.292374 -0.474082 -0.0734124 0.956315 0.00732455 0.292245
0.307945 0.403685 -0.146364 0.956315 0.00732456 0.292245
-0.118227 -0.636352 -0.161971 0.258049 -0.490918 -0.832112
0.299943 0.35136 -0.118867 0.956315 0.00732456 0.292245
0.217668 0.0522483 -0.36391 -0.258049 0.490918 0.832112
0.0258559 0.341129 -0.422743 0.137374 0.871175 -0.471363
0.208544 0.599801 0.10858 0.137373 0.871175 -0.471363
-0.264066 0.310144 -0.0151115 -0.956315 -0.00732452 -0.292245
0.012835 0.202888 0.28487 0.258049 -0.490918 -0.832112
0.371032 -0.0525357 -0.341369 0.956315 0.00732438 0.292245
-0.334529 0.144829 0.311548 -0.258049 0.490918 0.832112
0.0295384 0.0945469 -0.547353 0.258049 -0.490918 -0.832112
0.337195 0.127197 -0.285415 -0.137374 -0.871175 0.471363
0.0284459 -0.47193 0.196821 -0.137381 -0.871173 0.471363
0.0953531 -0.395041 0.358427 -0.137382 -0.871174 0.471362
-0.145307 0.369798 -0.112714 0.258049 -0.490918 -0.832112
-0.115138 -0.165646 0.354466 0.962451 -0.00491654 0.271409
-0.128404 0.143228 0.218724 0.956315 0.0073245 0.292245
-0.348777 0.0327574 0.26904 -0.956315 -0.00732451 -0.292245
0.276703 0.254199 -0.474806 -0.528459 0.46695 0.709005
0.105125 -0.219135 -0.238704 -0.258049 0.490918 0.832112
0.138031 -0.249417 0.13988 0.258049 -0.490918 -0.832112
0.37857 0.267699 -0.374063 0.956315 0.00732456 0.292245
-0.181006 -0.218648 0.25398 -0.956314 -0.00732546 -0.292249
0.0081827 -0.247259 -0.218443 0.956315 0.00732452 0.292245
-0.162845 0.493071 -0.19088 0.258049 -0.490918 -0.832112
-0.156309 0.241716 0.309656 -0.258049 0.490918 0.832112
0.193198 0.543694 0.0490068 -0.896978 -0.0924597 -0.432299
0.00387858 -0.231823 0.633428 -0.137374 -0.871175 0.471363
0.153914 0.490118 0.259312 -0.258049 0.490918 0.832112
-0.175175 0.00171293 0.134018 -0.247994 -0.509 0.824268
-0.315266 0.335072 0.151806 -0.956315 -0.00732451 -0.292245
0.121498 0.197235 -0.0286105 -0.258049 0.490918 0.832112
-0.36109 -0.311257 0.317954 -0.956315 -0.00732452 -0.292245
0.131847 0.135142 0.436613 0.956315 0.00732454 0.292245
0.0213301 0.14576 -0.129452 0.258049 -0.490918 -0.832112
0.0946307 -0.484756 -0.185398 0.258049 -0.490918 -0.832112
-0.139044 -0.0669154 0.396946 0.258049 -0.490918 -0.832112
0.0214432 -0.315919 0.0411389 0.137373 0.871174 -0.471365
0.0381877 0.303944 0.233113 0.258049 -0.490918 -0.832112
-0.182077 -0.492453 -0.263289 -0.956315 -0.0073245 -0.292245
-0.172409 0.30029 0.270106 -0.258049 0.490918 0.832112
-0.0283006 -0.316846 -0.097315 0.956315 0.00732452 0.292245
-0.000801948 -0.425149 -0.250159 0.258049 -0.490918 -0.832112
-0.183953 0.0339695 -0.270344 -0.956315 -0.0073245 -0.292245
0.0119689 -0.0489017 -0.235804 0.956315 0.00732452 0.292245
-0.224277 -0.568366 -0.0550658 -0.137374 -0.871175 0.471363
-0.225469 0.00184429 0.354615 0.258049 -0.490918 -0.832112
0.121737 -0.141772 0.392228 0.137374 0.871175 -0.471363
-0.258756 0.249173 -0.0309586 -0.956315 -0.00732452 -0.292245
0.211352 -0.458955 0.191338 0.956315 0.00732449 0.292245
0.251988 0.344534 -0.304613 -0.278463 -0.422716 -0.862421
-0.190742 0.266643 -0.178816 0.235733 0.5719 -0.785723
-0.273468 -0.173922 0.173727 0.956315 0.00732459 0.292245
0.128619 0.419308 0.168506 -0.504419 -0.348019 -0.790218
-0.338412 -0.00986024 0.26176 0.238964 -0.595436 -0.767041
0.198893 -0.2855 -0.170473 -0.258049 0.490918 0.832112
-0.0217965 -0.0730538 -0.0137335 0.258049 -0.490918 -0.832112
-0.285494 0.0153467 0.0623937 -0.956315 -0.00732452 -0.292245
-0.251515 0.445957 -0.0595874 -0.956315 -0.00732452 -0.292245
-0.0544505 -0.223055 0.300927 0.371728 0.39575 0.839762
-0.0238467 -0.13245 0.120819 -0.258049 0.490918 0.832112
0.254924 -0.267283 -0.163844 -0.258049 0.490918 0.832112
-0.280109 -0.242685 0.197182 0.956315 0.00732459 0.292245
0.156887 0.217104 -0.129505 0.258049 -0.490918 -0.832112
-0.27895 0.345257 0.0327127 -0.956315 -0.00732452 -0.292245
-0.126061 0.255831 -0.465344 -0.956315 -0.00732473 -0.292245
-0.0622437 -0.304909 0.0370988 0.137374 0.871175 -0.471363
-0.117093 0.114707 0.296602 0.258049 -0.490918 -0.832112
0.262785 -0.117533 -0.3499 0.258049 -0.490918 -0.832112
0.0302939 -0.0798939 0.00645591 0.258049 -0.490918 -0.832112
0.179592 -0.573704 -0.106574 0.258049 -0.490918 -0.832112
-0.051201 0.22009 -0.0358348 0.956315 0.0073245 0.292245
0.0407698 0.374693 -0.0229204 0.371729 0.395749 0.839762
-0.320278 0.292772 0.169265 -0.956315 -0.00732451 -0.292245
-0.141699 -0.327739 0.413728 -0.137374 -0.871175 0.471363
-0.0255872 0.540307 0.174036 -0.258049 0.490918 0.832112
0.00815789 -0.0123916 0.410428 0.258049 -0.490918 -0.832112
-0.0728041 0.182637 0.0357957 0.956315 0.0073245 0.292245
0.117988 -0.0614745 0.0227842 0.258049 -0.490918 -0.832112
0.205389 0.355088 0.0973605 -0.137374 -0.871175 0.471363
-0.278388 -0.292324 0.0468518 -0.956316 -0.00732872 -0.292245
0.148142 0.470639 0.269013 -0.258049 0.490918 0.832112
-0.216479 -0.290958 0.371873 -0.956315 -0.00732449 -0.292245
-0.129228 0.582623 0.11693 -0.258049 0.490918 0.832112
-0.00714228 0.135737 0.418439 -0.258049 0.490918 0.832112
-0.29994 0.285089 0.102908 -0.956315 -0.00732452 -0.292245
-0.0910353 0.0963572 -0.575963 -0.956315 -0.0073245 -0.292245
0.137315 -0.373955 -0.137383 -0.258049 0.490918 0.832112
0.0506311 0.0274184 0.0495988 -0.258049 0.490918 0.832112
0.296612 0.337616 -0.107624 0.956315 0.00732456 0.292245
0.149194 0.204333 -0.197643 -0.137374 -0.871175 0.471363
0.207499 -0.0420952 -0.411551 0.258049 -0.490918 -0.832112
-0.276829 0.0363585 0.179455 0.956315 0.0073243 0.292245
0.179295 0.21148 -0.462053 0.325504 0.409741 0.85215
0.311484 0.408595 -0.158069 0.956315 0.00732456 0.292245
0.217426 -0.150827 -0.344324 0.258049 -0.490918 -0.832112
0.137871 -0.305439 0.427943 0.956315 0.00732449 0.292245
-0.0654952 -0.20179 -0.124429 -0.956315 -0.00732483 -0.292245
-0.17451 0.250397 -0.281514 -0.178713 0.805779 0.564608
0.277496 -0.244854 -0.270223 0.258049 -0.490918 -0.832112
-0.319953 -0.193046 0.326321 0.956315 0.00732452 0.292245
0.106672 -0.0107048 0.52265 0.956315 0.00732454 0.292245
0.10322 -0.302778 0.53124 -0.137373 -0.871175 0.471363
-0.274798 0.444133 0.0166496 -0.956315 -0.00732452 -0.292245
-0.12051 -0.153014 -0.159046 0.0100553 -0.999919 -0.00784347
0.298043 0.322731 -0.325832 -0.733272 -0.230481 -0.639681
-0.31905 0.0421521 0.171528 -0.956315 -0.00732498 -0.292247
-0.0313844 -0.223811 0.195978 0.137374 0.871175 -0.471363
0.296689 -0.534479 -0.0860189 0.956315 0.00732438 0.292245
-0.223288 -0.0101463 -0.140524 -0.956315 -0.0073245 -0.292245
0.0630598 -0.29502 0.389367 -0.839621 0.354888 0.411207
0.274862 0.00253624 -0.316845 -0.258049 0.490918 0.832112
0.209976 -0.0886059 0.0673176 0.258049 -0.490918 -0.832112
-0.0176129 0.109087 -0.142963 0.956315 0.0073245 0.292245
-0.174855 -0.283183 -0.240201 -0.292302 0.0394167 0.955513
0.199562 0.522184 -0.0313894 -0.927104 0.280623 0.248454
0.118767 -0.0484232 -0.335188 -0.258049 0.490918 0.832112
-0.337928 -0.235323 0.3862 0.956315 0.00732452 0.292245
0.147881 -0.149373 -0.366749 0.258049 -0.490918 -0.832112
-0.359469 -0.246502 0.45697 0.956315 0.00732442 0.292245
0.161992 0.00858493 -0.455563 0.258049 -0.490918 -0.832112
-0.137057 0.423985 -0.142125 0.258049 -0.490918 -0.832112
0.201563 -0.384189 0.221497 0.956315 0.00732449 0.292245
0.0728492 0.161347 -0.0225244 -0.258049 0.490918 0.832112
0.154812 -0.321945 0.068871 0.137375 0.871174 -0.471363
-0.0606985 0.557605 -0.0478766 0.137374 0.871175 -0.471363
0.293306 -0.543768 -0.0747137 0.956315 0.00732455 0.292245
-0.17758 -0.262509 0.224393 -0.258049 0.490918 0.832112
0.0998551 -0.258573 0.133442 0.258049 -0.490918 -0.832112
-0.122578 -0.257812 0.494822 0.839623 -0.354887 -0.411204
-0.0875508 0.272456 0.0818004 0.956315 0.0073245 0.292245
0.305888 0.174258 -0.367381 -0.943332 0.260195 0.205969
-0.0675236 0.0475463 0.0219021 0.956315 0.00732452 0.292245
0.188014 -0.416307 -0.196821 0.258049 -0.490918 -0.832112
-0.0764507 0.369721 0.0430398 0.956315 0.0073245 0.292245
0.275434 -0.45719 -0.0184007 0.956315 0.00732454 0.292245
0.164632 -0.059759 0.136384 -0.258049 0.490918 0.832112
0.280003 0.472294 -0.05665 0.956315 0.00732456 0.292245
-0.227547 -0.291192 0.22582 -0.258049 0.490918 0.832112
0.0526451 0.182084 -0.266902 -0.137377 -0.871175 0.471361
0.180728 0.100862 0.046614 -0.258049 0.490918 0.832112
0.0324485 0.4441 -0.230509 0.13737 0.871176 -0.471363
-0.0706351 -0.393837 0.312277 -0.137374 -0.871175 0.471363
-0.00221092 -0.438806 0.00640289 0.990463 -0.125909 0.0559536
-0.183964 -0.623286 -0.190066 0.258049 -0.490918 -0.832112
0.16298 0.281477 -0.278533 0.442423 -0.479733 -0.757706
0.231157 -0.0869239 0.0728937 0.258049 -0.490918 -0.832112
-0.0160804 0.252896 -0.297525 -0.956315 -0.00732449 -0.292245
-0.0266158 -0.106395 0.469223 0.161552 -0.489208 -0.857074
0.196563 -0.199244 0.228578 -0.258049 0.490918 0.832112
-0.198448 -0.144399 -0.218442 -0.956315 -0.0073245 -0.292245
-0.234954 0.304773 -0.110243 -0.956315 -0.00732452 -0.292245
0.257886 0.156397 0.0236426 0.956315 0.00732446 0.292245
0.170853 -0.184963 0.212179 -0.258049 0.490918 0.832112
-0.0693843 0.558539 -0.0486805 0.137374 0.871175 -0.471363
0.102467 0.286168 -0.501994 0.137373 0.871175 -0.471363
-0.306767 0.0519931 0.299817 0.258049 -0.490918 -0.832112
0.246498 0.380762 0.0552856 0.956315 0.00732449 0.292245
0.0890941 0.085631 -0.523624 0.258049 -0.490918 -0.832112
0.214937 0.0584695 0.0822333 -0.258049 0.490918 0.832112
-0.281452 -0.279694 0.202506 0.956315 0.00732459 0.292245
-0.293288 -0.134878 0.237608 0.956315 0.00732471 0.292247
-0.00893728 0.359033 -0.23957 -0.207332 -0.687771 0.69569
-0.153017 -0.365884 -0.215613 0.956315 0.00732448 0.292245
-0.141161 -0.132866 0.267388 0.956315 0.00732452 0.292245
-0.38539 -0.0423778 0.390733 -0.956315 -0.00732451 -0.292245
0.163369 -0.386438 -0.222085 0.258049 -0.490918 -0.832112
-0.0553312 0.0895969 -0.0190492 0.956315 0.00732452 0.292245
-0.208743 0.120783 -0.191399 -0.956315 -0.00732452 -0.292245
-0.198355 -0.283189 -0.0693256 0.956315 0.00732446 0.292245
0.00512466 0.214764 -0.625849 0.258049 -0.490918 -0.832112
-0.278066 -0.334765 0.0468649 -0.956315 -0.00732452 -0.292245
-0.0023313 -0.26731 0.566031 -0.137369 -0.871177 0.47136
-0.208403 -0.504464 -0.0308997 0.956315 0.00732453 0.292245
0.0791241 -0.25104 0.618818 0.956315 0.00732449 0.292245
-0.263213 -0.101822 0.40407 0.258049 -0.490918 -0.832112
0.321913 -0.141156 -0.317627 0.258049 -0.490918 -0.832112
-0.317053 0.0591339 0.16457 -0.956316 -0.00732407 -0.292243
-0.0335553 0.632725 0.117041 -0.258049 0.490918 0.832112
-0.184453 0.520846 0.136251 -0.258049 0.490918 0.832112
0.0704338 0.167122 0.42398 -0.258049 0.490918 0.832112
-0.104802 -0.371253 0.344059 -0.137375 -0.871173 0.471365
-0.288779 0.110269 0.346125 -0.258049 0.490918 0.832112
0.262356 -0.615181 -0.0564376 0.258049 -0.490918 -0.832112
0.134572 -0.22183 0.436642 0.956315 0.00732448 0.292245
-0.277924 0.208646 0.0327794 -0.956315 -0.00732452 -0.292245
0.0466761 0.13223 -0.0134629 -0.258049 0.490918 0.832112
0.0328111 0.0282854 0.0435611 -0.258049 0.490918 0.832112
0.12575 0.0342427 -0.481939 0.258049 -0.490918 -0.832112
-0.0222668 -0.376898 -0.0843006 0.137374 0.871175 -0.471363
-0.228727 0.140301 -0.126495 -0.956315 -0.00732452 -0.292245
0.0706623 -0.252036 -0.330128 0.258049 -0.490918 -0.832112
0.179022 0.562906 0.0657298 -0.765555 -0.208585 -0.60862
-0.277096 -0.327907 0.0435159 -0.956315 -0.00732452 -0.292245
-0.0772482 0.183 -0.158202 -0.0100554 0.999919 0.00784366
-0.031311 0.623083 0.0817047 0.137374 0.871175 -0.471363
-0.185985 -0.568194 -0.223195 0.258049 -0.490918 -0.832112
0.00131703 0.240571 -0.615745 0.137373 0.871175 -0.471362
-0.289069 0.0284094 0.319219 0.258049 -0.490918 -0.832112
0.166733 -0.351163 0.334643 0.956315 0.00732449 0.292245
-0.0841847 -0.0731209 0.517766 -0.258049 0.490918 0.832112
0.0538547 0.0702823 0.375824 0.258049 -0.490918 -0.832112
0.111752 -0.196501 0.510681 0.956315 0.00732448 0.292245
-0.0113221 0.147354 -0.164508 0.956315 0.0073245 0.292245
-0.299229 -0.171212 0.257957 0.956315 0.00732452 0.292245
-0.30484 0.3164 0.118157 -0.956314 -0.00732582 -0.29225
-0.314958 -0.199286 0.310131 0.956315 0.00732452 0.292245
0.040893 -0.129245 -0.311656 -0.258049 0.490918 0.832112
-0.178472 0.368852 -0.296672 -0.956315 -0.00732448 -0.292245
0.340804 -0.2064 -0.273277 0.258049 -0.490918 -0.832112
0.0282912 -0.451264 -0.22573 0.258049 -0.490918 -0.832112
-0.136982 -0.438251 -0.209551 -0.258049 0.490918 0.832112
-0.256346 -0.0516675 0.114637 0.956315 0.00732885 0.292245
-0.13603 0.186601 0.348461 -0.258049 0.490918 0.832112
-0.271166 -0.304744 0.0235318 -0.956316 -0.00732778 -0.292245
-0.120543 -0.271597 0.523656 -0.137373 -0.871178 0.471356
-0.273911 0.180275 0.0203578 -0.956315 -0.00732452 -0.292245
-0.233712 0.117915 -0.109622 -0.956315 -0.00732452 -0.292245
-0.321549 0.238224 0.260473 -0.258049 0.490918 0.832112
-0.154547 -0.00346196 0.307947 0.956315 0.0073245 0.292245
-0.136838 -0.313944 0.0181892 0.258049 -0.490918 -0.832112
-0.201865 -0.526472 -0.0517436 0.956315 0.00732453 0.292245
0.122527 -0.15053 0.176878 -0.258049 0.490918 0.832112
0.210707 0.390542 -0.277545 0.137376 0.871175 -0.471362
0.140858 -0.30981 0.0872326 0.137372 0.871175 -0.471362
-0.266132 -0.15596 0.149272 0.956315 0.00732459 0.292245
0.0209516 0.0357469 0.385995 0.258049 -0.490918 -0.832112
-0.0374354 0.328217 -0.129843 -0.956315 -0.00732462 -0.292245
-0.00619092 0.00506702 0.0451641 -0.258049 0.490918 0.832112
-0.116468 0.303799 -0.497938 -0.956315 -0.00732448 -0.292245
0.204953 -0.200123 0.131551 0.258049 -0.490918 -0.832112
0.051883 0.167434 -0.2942 -0.137374 -0.871175 0.471363
-0.109928 -0.346 -0.255585 -0.258049 0.490918 0.832112
-0.290145 0.211091 0.28622 -0.258049 0.490918 0.832112
-0.19872 0.201305 -0.226217 -0.956315 -0.00732452 -0.292245
0.221579 -0.00953873 -0.326245 -0.258049 0.490918 0.832112
0.182306 0.0980359 -0.406405 0.133681 0.455215 0.880289
-0.224944 0.396254 0.197199 -0.258049 0.490918 0.832112
0.0786083 0.197149 -0.142007 0.258049 -0.490918 -0.832112
-0.117749 -0.135944 0.190855 0.956315 0.00732452 0.292245
-0.233669 0.577757 -0.0610408 0.137374 0.871175 -0.471363
-0.363495 -0.0687681 0.319747 -0.956315 -0.00732493 -0.292245
-0.358701 0.0512348 0.301052 -0.956315 -0.00732451 -0.292245
-0.117761 -0.228582 -0.402397 0.258049 -0.490918 -0.832112
-0.0329219 -0.534714 -0.19548 0.258049 -0.490918 -0.832112
-0.213003 0.0155712 -0.174823 -0.956315 -0.0073245 -0.292245
0.172741 -0.386468 0.315868 0.956315 0.00732449 0.292245
-0.318812 0.120813 0.168779 -0.956314 -0.00732582 -0.29225
0.121015 -0.0431567 0.012916 0.258049 -0.490918 -0.832112
-0.0426951 -0.32135 -0.0963511 -0.956315 -0.00732459 -0.292245
0.333898 -0.0253191 -0.282103 -0.258049 0.490918 0.832112
-0.116666 0.213027 0.178564 0.956315 0.0073245 0.292245
-0.179849 0.378833 -0.146474 0.956315 0.0073246 0.292245
-0.180843 0.17926 -0.284163 -0.956315 -0.00732452 -0.292245
0.201035 -0.246951 -0.292697 0.258049 -0.490918 -0.832112
-0.0880819 -0.528704 0.0579314 -0.137374 -0.871175 0.471363
0.104977 -0.179793 0.532432 0.956315 0.00732448 0.292245
0.214277 -0.402351 -0.0580452 -0.927103 0.280624 0.248455
-0.213916 0.175789 -0.175851 -0.956315 -0.00732452 -0.292245
0.174789 -0.314573 0.307365 0.956315 0.00732449 0.292245
-0.145531 -0.182706 -0.390644 -0.956315 -0.0073245 -0.292245
-0.100066 -0.306473 0.367798 0.663328 0.272498 0.696951
-0.29326 -0.282944 0.0952826 -0.956315 -0.00732346 -0.292245
0.104972 -0.111292 0.443677 0.137375 0.871174 -0.471363
-0.0719395 0.393387 0.146193 0.258049 -0.490918 -0.832112
0.177211 0.16084 -0.0900082 0.258049 -0.490918 -0.832112
-0.117287 0.201909 -0.492707 -0.956315 -0.00732452 -0.292245
0.0277555 -0.357444 -0.181099 -0.258049 0.490918 0.832112
0.152643 0.0849499 0.0472923 -0.258049 0.490918 0.832112
-0.262627 -0.046508 0.13506 0.956315 0.00732423 0.292245
0.094662 -0.0271246 0.445946 0.258049 -0.490918 -0.832112
0.367535 0.100962 -0.446321 0.258049 -0.490918 -0.832112
0.103159 0.225241 -0.361413 0.98976 -0.1021 0.0997541
-0.299742 -0.327791 0.263563 0.956315 0.00732452 0.292245
0.288872 -0.380201 -0.0866983 -0.258049 0.490918 0.832112
-0.0746621 -0.20804 -0.0942752 -0.956315 -0.00732408 -0.292246
-0.282455 -0.255371 0.0592356 -0.956315 -0.00732554 -0.292245
-0.373106 -0.135112 0.352861 -0.956316 -0.00732241 -0.292244
0.030551 -0.487603 -0.20359 0.258049 -0.490918 -0.832112
-0.168932 0.389329 -0.328405 -0.956315 -0.00732448 -0.292245
0.346064 0.305097 -0.268629 0.956315 0.00732456 0.292245
-0.298785 0.0811099 0.104239 -0.956315 -0.00732452 -0.292245
-0.0854055 0.632588 0.0835076 0.137374 0.871175 -0.471363
-0.31055 0.433216 0.148845 -0.258049 0.490918 0.832112
-0.263688 0.0933039 -0.0109144 -0.956315 -0.00732539 -0.292246
-0.0694143 -0.404439 0.293037 -0.137376 -0.871174 0.471364
0.107079 -0.501582 -0.0831738 -0.0140906 0.477545 0.878494
-0.117707 0.344403 -0.0891732 0.258049 -0.490918 -0.832112
-0.0821077 0.105477 0.413043 -0.258049 0.490918 0.832112
0.320843 0.128569 -0.287645 -0.137374 -0.871175 0.471363
-0.279565 -0.0352217 0.434817 -0.258049 0.490918 0.832112
0.316429 0.264694 -0.170641 0.956315 0.00732456 0.292245
-0.233644 0.529072 0.116143 -0.258049 0.490918 0.832112
-0.0189883 0.265438 -0.112415 -0.258049 0.490918 0.832112
-0.0878135 -0.42447 -0.277543 0.258049 -0.490918 -0.832112
-0.0202347 0.189274 0.382793 -0.258049 0.490918 0.832112
0.303473 0.30334 -0.129214 0.956315 0.00732456 0.292245
0.102026 -0.385844 0.377369 -0.137378 -0.871174 0.471362
-0.010786 0.360258 -0.31754 -0.956315 -0.0073257 -0.292245
-0.0108753 0.177427 -0.0579751 -0.258049 0.490918 0.832112
-0.0715018 0.0926877 0.0337888 0.956315 0.00732452 0.292245
-0.174476 -0.0773134 0.392092 0.258049 -0.490918 -0.832112
-0.178057 -0.239317 -0.282788 -0.956316 -0.00732358 -0.292244
0.235141 0.236065 -0.246007 -0.278467 -0.422715 -0.86242
-0.139073 0.123838 0.254123 0.956315 0.0073245 0.292245
-0.120878 -0.00463909 0.197801 0.956315 0.00732452 0.292245
0.0771586 -0.0881095 0.476497 0.258049 -0.490918 -0.832112
0.163602 -0.363482 0.345198 0.956315 0.00732449 0.292245
-0.151003 -0.447137 0.092376 0.258049 -0.490918 -0.832112
-0.228582 -0.439981 0.0335165 0.956315 0.00732421 0.292245
-0.305583 0.396864 0.171832 -0.258049 0.490918 0.832112
0.107113 0.244362 -0.37885 0.986597 -0.0780337 0.143311
0.0780132 -0.086328 0.575858 -0.258049 0.490918 0.832112
0.248978 0.0791943 -0.019584 0.258049 -0.490918 -0.832112
-0.14748 -0.28096 0.498501 -0.137374 -0.871175 0.471363
-0.0962763 -0.0815275 0.119225 0.956315 0.00732452 0.292245
-0.116579 -0.183614 0.245441 0.137374 0.871175 -0.471363
-0.117361 0.539914 -0.0970855 0.137374 0.871175 -0.471363
0.164196 0.238703 0.31068 0.258049 -0.490918 -0.832112
0.170441 -0.191764 0.318516 0.956315 0.00732448 0.292245
-0.0439199 -0.182186 0.0437903 0.258049 -0.490918 -0.832112
-0.156967 -0.118802 0.318757 0.956315 0.00732452 0.292245
0.156267 -0.200993 -0.233548 -0.258049 0.490918 0.832112
-0.0968224 0.231546 0.334104 -0.258049 0.490918 0.832112
-0.0408135 0.244168 -0.0704295 0.956315 0.0073245 0.292245
0.222459 0.543353 0.129871 0.956315 0.00732449 0.292245
-0.281265 -0.0753975 0.147609 -0.282148 0.284752 0.916138
0.273301 0.155366 -0.026773 0.956315 0.00732459 0.292245
-0.129891 -0.41726 0.251717 -0.137374 -0.871175 0.471363
-0.286936 -0.0941283 0.392174 0.258049 -0.490918 -0.832112
0.0848895 0.127551 -0.54966 0.258049 -0.490918 -0.832112
-0.272807 0.27964 0.0142547 -0.956315 -0.00732452 -0.292245
-0.0119002 0.0408264 -0.528511 0.258049 -0.490918 -0.832112
-0.195487 -0.176406 -0.227328 -0.956315 -0.00732596 -0.292246
-0.161004 -0.118076 0.353621 0.137374 0.871175 -0.471363
-0.144199 -0.0599887 -0.398076 -0.956316 -0.00732422 -0.292245
0.120533 0.153619 -0.393278 0.765556 0.208584 0.608619
0.189992 0.541844 0.0557334 -0.874916 -0.116381 -0.470082
0.0148518 -0.0638154 -0.244864 0.956315 0.00732452 0.292245
0.234056 -0.446834 -0.164533 0.258049 -0.490918 -0.832112
-0.0552631 -0.311836 0.0263316 0.137374 0.871175 -0.471363
0.0894188 -0.0388563 0.100727 -0.258049 0.490918 0.832112
-0.293472 -0.042425 0.14152 -0.287402 -0.159351 0.944461
-0.00802802 0.3501 -0.326311 -0.956315 -0.00732456 -0.292245
-0.282822 0.00889287 0.0538136 -0.956315 -0.00732452 -0.292245
-0.293361 0.215452 0.0831219 -0.956315 -0.00732452 -0.292245
0.0321427 -0.0287486 -0.473805 0.258049 -0.490918 -0.832112
-0.172952 -0.0323646 0.322647 -0.956315 -0.00732066 -0.292246
0.0944316 0.462226 0.161519 -0.133679 -0.455215 -0.880289
0.318816 0.343256 -0.180421 0.956315 0.00732456 0.292245
-0.142648 -0.483702 -0.184493 -0.258049 0.490918 0.832112
0.0519797 0.252629 -0.578696 0.137376 0.871173 -0.471365
-0.284185 -0.0571039 0.371184 0.258049 -0.490918 -0.832112
0.0329031 -0.424259 0.0887119 0.647424 -0.439124 -0.622906
-0.205236 -0.364619 -0.19071 -0.956315 -0.00732452 -0.292246
0.169624 0.470812 -0.141161 0.137367 0.871175 -0.471365
-0.0940335 -0.599785 -0.176042 0.258049 -0.490918 -0.832112
0.0486226 0.076558 -0.358891 0.956315 0.0073245 0.292245
0.249327 0.0509498 0.0542916 0.956315 0.00732459 0.292245
0.19431 -0.545796 0.10864 -0.137373 -0.871175 0.471363
0.27126 0.09474 -0.0218455 0.258049 -0.490918 -0.832112
0.166638 -0.102922 0.162471 -0.258049 0.490918 0.832112
0.0104098 -0.277573 0.327414 -0.305395 0.489943 0.816511
-0.0858769 0.183835 -0.275814 -0.0100555 0.999919 0.00784353
0.175573 -0.22646 -0.212536 -0.258049 0.490918 0.832112
-0.27904 -0.227991 0.193316 0.956315 0.00732459 0.292245
-0.0998148 -0.627031 -0.161761 0.258049 -0.490918 -0.832112
0.211109 0.24989 -0.537381 0.137374 0.871175 -0.471363
0.27732 0.218059 -0.134934 -0.137373 -0.871175 0.471363
-0.132997 0.178965 0.253759 0.258049 -0.490918 -0.832112
-0.00193052 -0.0844855 -0.000828425 0.258049 -0.490918 -0.832112
