ply
format ascii 1.0
comment Created by Open3D
element vertex 2096
property double x
property double y
property double z
property double nx
property double ny
property double nz
end_header
-0.0147972 0.188119 0.311624 0.00428424 -0.383404 -0.923571
0.0656527 0.139793 0.457125 0.269389 0.889878 -0.368167
0.328392 0.134655 0.290293 0.998671 0.0490706 -0.0157382
0.229163 0.258869 0.370008 0.00428325 -0.383402 -0.923572
0.00971812 0.0682302 0.423986 0.0513544 -0.922276 0.383105
0.317643 0.057517 -0.165148 -0.0513542 0.922276 -0.383105
0.00101023 0.109191 0.344463 0.00428431 -0.383404 -0.923571
0.130874 -0.149277 -0.278413 0.998671 0.0490705 -0.015738
-0.280518 0.13156 0.420494 0.00428348 -0.383402 -0.923572
0.315711 -0.0584272 -0.212511 0.00428423 -0.383404 -0.923571
-0.0314746 -0.0526513 -0.254157 -0.998671 -0.0490706 0.0157382
0.128199 -0.0509868 -0.204652 -0.852491 -0.484182 0.197045
-0.0112139 -0.0521226 -0.385009 -0.0513542 0.922276 -0.383105
0.0324267 -0.130877 -0.255683 0.998671 0.0490706 -0.0157382
0.27078 0.127223 0.00894287 -0.051354 0.922276 -0.383105
-0.117199 0.166262 0.458829 -0.696428 0.39838 0.596893
0.233766 -0.061512 -0.146643 -0.00428427 0.383404 0.923571
-0.0185354 0.153084 0.477741 -0.00428409 0.383405 0.92357
0.331494 0.0865916 0.337274 0.998671 0.0490706 -0.0157382
0.0377502 -0.0458751 -0.190065 0.85407 -0.478993 0.202807
-0.0287003 -0.173261 -0.454168 -0.998671 -0.0490705 0.0157381
0.135787 0.156152 0.477183 -0.004282 0.383413 0.923567
0.01522 -0.242813 -0.325548 0.0513541 -0.922276 0.383105
0.0289651 0.129654 0.336979 0.998671 0.0490706 -0.0157381
0.268206 0.116128 0.225899 -0.998671 -0.0490706 0.0157381
0.275159 -0.124652 -0.0836063 -0.998671 -0.0490707 0.0157382
-0.049663 0.269717 0.394933 -0.0513542 0.922276 -0.383105
-0.194837 0.104561 0.432099 0.0042773 -0.383399 -0.923573
0.0172378 -0.0999458 -0.131692 -0.00428756 0.383406 0.92357
0.298507 0.193763 0.165413 -0.051354 0.922276 -0.383105
0.33421 -0.0830588 -0.0193268 0.998671 0.0490706 -0.0157382
0.306224 0.160948 0.08538 -0.0513542 0.922276 -0.383105
0.0412223 -0.130878 -0.11874 -0.00428425 0.383404 0.923571
-0.187398 0.128566 0.452226 0.0838444 0.919432 0.384207
0.266852 0.057095 -0.0440755 -0.998671 -0.0490706 0.0157381
0.0379978 0.0195325 -0.219105 -0.0513542 0.922276 -0.383105
-0.00685595 -0.0348374 -0.343981 -0.0513543 0.922276 -0.383105
0.274458 -0.0596456 0.0745806 -0.998671 -0.0490707 0.0157382
0.232751 -0.0239471 -0.162242 -0.00428427 0.383404 0.923571
0.266493 0.11971 0.128395 -0.998671 -0.0490706 0.0157381
-0.00207524 -0.215038 -0.44827 0.0168234 -0.599121 -0.800482
-0.0257502 -0.19756 -0.342731 -0.998671 -0.0490706 0.0157384
0.195827 -0.145435 -0.115334 0.0513543 -0.922276 0.383105
-0.164972 0.209324 0.388747 0.00428426 -0.383404 -0.923571
-0.267234 0.115121 0.492347 -0.00428467 0.383405 0.923571
0.262915 0.283229 0.425019 -0.00428394 0.383403 0.923571
0.267729 0.144863 0.285213 -0.998671 -0.0490706 0.0157381
0.326262 0.17851 0.291846 0.998671 0.0490706 -0.0157382
0.232752 0.127994 0.489322 -0.00425816 0.383581 0.923497
0.0644769 -0.0123659 -0.168867 0.366744 -0.858622 0.358143
-0.0571788 0.165607 0.472363 -0.00428435 0.383403 0.923571
0.0807237 -0.149205 -0.110948 -0.00428425 0.383404 0.923571
0.0130755 0.139057 0.48371 -0.00428391 0.383407 0.923569
0.219512 -0.149476 -0.175159 0.00428424 -0.383404 -0.923571
0.289532 -0.0205878 -0.22834 0.00428423 -0.383404 -0.923571
0.324944 0.143181 0.0980933 0.998671 0.0490706 -0.0157381
0.0753045 -0.199145 -0.228477 0.0513542 -0.922276 0.383105
0.227005 0.0324312 -0.213389 -0.0513543 0.922276 -0.383105
0.110827 -0.201565 -0.239066 0.0513542 -0.922276 0.383105
-0.314389 0.183471 0.463754 -0.00428425 0.383405 0.923571
-0.0347951 0.21303 0.363522 -0.998671 -0.0490706 0.0157381
0.329446 0.0229436 0.00885305 0.998671 0.0490706 -0.0157381
0.00844148 -0.17016 -0.319248 0.685034 0.246233 -0.685637
0.329904 0.0501767 0.122823 0.998671 0.0490706 -0.0157382
0.332819 0.0868921 0.422252 0.998671 0.0490706 -0.0157382
0.140603 0.0968737 0.475397 0.0513543 -0.922276 0.383105
0.0284512 0.15751 0.39122 0.998671 0.0490706 -0.0157381
-0.322941 0.217629 0.449534 -0.00428402 0.383404 0.923571
0.332287 -0.0766861 -0.121527 0.998671 0.0490706 -0.0157381
0.0334021 -0.160545 -0.286295 0.998671 0.0490706 -0.0157381
0.335056 -0.112228 -0.0566018 0.998671 0.0490706 -0.0157382
0.0459104 -0.117808 -0.214668 0.761486 0.59989 -0.245501
-0.196187 0.0714398 0.459314 0.0513542 -0.922276 0.383105
0.249376 0.105624 0.481881 0.0513544 -0.922277 0.383104
0.27022 0.0501796 0.148078 -0.998671 -0.0490707 0.0157382
0.26714 0.134856 0.216619 -0.998671 -0.0490706 0.0157381
0.267783 0.0669934 0.045888 -0.998671 -0.0490706 0.0157381
-0.0332349 -0.0383884 -0.321387 -0.998671 -0.0490706 0.0157382
0.304623 0.0969296 0.453545 0.0513542 -0.922276 0.383105
0.104557 0.114309 0.494409 -0.0042843 0.383418 0.923565
0.0366729 0.201784 0.399551 0.82708 -0.51776 0.218776
0.155023 -0.102109 -0.195122 0.00428366 -0.383405 -0.92357
0.287184 -0.0874331 0.0120528 0.0513541 -0.922276 0.383105
0.264168 0.139905 0.0437961 -0.998671 -0.0490706 0.0157381
-0.271978 0.136713 0.483361 -0.00428373 0.383403 0.923571
-0.139852 0.205707 0.429702 -0.544098 -0.150426 0.825427
-0.027946 -0.113952 -0.221378 -0.998671 -0.0490706 0.0157382
0.265605 0.130088 0.10436 -0.998671 -0.0490706 0.0157381
0.267523 0.00356432 -0.168419 -0.998671 -0.0490707 0.0157382
0.281536 0.201806 0.187051 -0.051354 0.922276 -0.383105
0.129851 0.0865222 0.441094 0.00428428 -0.383404 -0.923571
0.0448372 -0.0550221 -0.323459 0.00429185 -0.383399 -0.923573
0.0583809 0.00170449 -0.264756 -0.0513542 0.922276 -0.383105
0.131984 -0.151741 -0.215628 0.998671 0.0490706 -0.0157382
0.177662 -0.128369 -0.184116 0.00428424 -0.383404 -0.923571
0.191465 0.13469 0.421384 0.00428876 -0.383397 -0.923574
0.0911936 -0.161144 -0.274243 -0.174393 0.90914 -0.378222
0.27028 0.075727 0.23156 -0.998671 -0.0490706 0.0157381
-0.0356812 0.0974667 0.500455 0.0513543 -0.922276 0.383105
0.131699 -0.152328 -0.235574 0.998671 0.0490705 -0.015738
-0.0148039 -0.226725 -0.438054 0.0238955 -0.711541 -0.702238
-0.0341425 0.195963 0.351713 -0.998671 -0.0490706 0.0157381
-0.00647714 -0.245379 -0.328818 0.0513541 -0.922276 0.383105
0.309102 0.176538 0.469524 -0.00428428 0.383404 0.923571
0.193576 0.247063 0.439711 -0.00428782 0.383411 0.923568
0.331182 -0.059229 -0.137193 0.998671 0.0490706 -0.0157381
0.26882 0.0332326 0.00637657 -0.998671 -0.0490707 0.0157382
0.329743 -0.0465621 -0.189001 0.998671 0.0490706 -0.0157381
-0.0385689 0.0805445 0.460104 0.0513543 -0.922276 0.383105
0.268589 0.0931715 0.178608 -0.998671 -0.0490706 0.0157381
0.210129 0.135595 0.486062 -0.00428584 0.383395 0.923574
-0.222523 0.102626 0.497741 -0.00428191 0.383403 0.923571
0.0134642 0.181011 0.314706 0.00428431 -0.383404 -0.923571
-0.0276141 0.0756572 0.390873 -0.998671 -0.0490706 0.0157382
-0.0306925 -0.0714457 -0.263128 -0.998671 -0.0490706 0.0157382
0.328387 0.0425764 0.00285394 0.998671 0.0490706 -0.0157381
0.14404 0.138109 0.484712 -0.00428569 0.383394 0.923575
0.314636 -0.11446 -0.189255 0.00428423 -0.383404 -0.923571
-0.0243609 -0.16172 -0.14282 -0.998671 -0.0490706 0.0157382
0.330523 0.0444426 0.144213 0.998671 0.0490706 -0.0157382
-0.00512102 -0.185133 -0.183965 0.0513541 -0.922276 0.383105
0.233394 0.167281 0.473016 -0.00428428 0.383404 0.923571
0.312193 -0.034899 0.13517 0.0513542 -0.922276 0.383105
-0.260934 0.144547 0.415193 0.00428431 -0.383403 -0.923571
-0.0317835 -0.108008 -0.446357 -0.998671 -0.0490705 0.0157383
0.130279 -0.129652 -0.118836 -0.00428425 0.383404 0.923571
0.0824042 0.139442 0.461646 -0.0264427 0.923213 -0.383378
0.0439826 -0.101684 -0.16496 0.732016 0.630419 -0.258311
0.17931 0.251403 0.372876 0.00428416 -0.383404 -0.923571
-0.0808788 0.270046 0.39991 -0.0513542 0.922276 -0.383105
-0.0164861 -0.00445827 -0.269556 -0.0513543 0.922276 -0.383105
0.196956 0.240625 0.377432 0.00428195 -0.3834 -0.923572
0.326653 0.0127034 -0.200302 0.998671 0.0490706 -0.0157381
0.327757 0.0989064 0.13855 0.998671 0.0490706 -0.0157381
0.142663 -0.164035 -0.152983 0.0513543 -0.922276 0.383105
0.158646 -0.0677371 -0.144407 -0.00428427 0.383404 0.923571
-0.0254131 -0.217588 -0.383782 -0.998671 -0.0490706 0.015738
-0.0257742 -0.205321 -0.368452 -0.998671 -0.0490706 0.0157383
0.0627884 0.0887493 0.46627 0.0513543 -0.922276 0.383105
-0.189316 0.208306 0.415949 0.120835 -0.371806 0.920413
0.324805 0.125669 0.0346478 0.998671 0.0490706 -0.0157381
0.331332 0.0772236 0.297745 0.998671 0.0490706 -0.0157382
-0.312478 0.188139 0.396858 0.00428401 -0.383405 -0.92357
0.0246835 -0.151237 -0.442002 0.717373 0.0311901 0.695991
0.20469 0.0930728 0.438722 0.00428428 -0.383404 -0.923571
0.162437 0.151834 0.479099 -0.00428475 0.383402 0.923572
0.331691 0.123194 0.463895 0.998671 0.0490706 -0.0157382
0.254844 -0.157136 -0.151414 0.0513542 -0.922276 0.383105
-0.0112955 -0.229983 -0.291108 0.0513541 -0.922276 0.383105
-0.172979 0.199321 0.407826 -0.22104 -0.901097 0.373049
-0.322517 0.122013 0.4335 -0.900304 -0.403462 0.163314
0.123913 -0.0910073 -0.301022 -0.821899 -0.527441 0.215145
0.264429 0.170625 0.15616 -0.998671 -0.0490706 0.0157381
0.0514851 -0.176249 -0.273103 0.00428426 -0.383404 -0.923571
0.0266596 0.0815714 0.453833 0.0513543 -0.922276 0.383105
0.0568287 -0.108552 -0.154127 0.498685 0.80136 -0.330357
-0.237831 0.0875013 0.501892 -0.0732249 -0.92122 0.382088
0.124475 -0.0790789 -0.271047 0.051353 -0.922276 0.383105
0.324073 0.207562 0.243511 0.998671 0.0490706 -0.0157381
-0.029206 -0.0967716 -0.247768 -0.998671 -0.0490706 0.0157382
0.0168549 0.21833 0.299229 0.00428424 -0.383404 -0.923571
0.0302668 0.115764 0.37627 0.998671 0.0490706 -0.0157381
0.0163604 0.162507 0.322401 0.00428431 -0.383404 -0.923571
0.271101 0.0978448 0.35258 -0.998671 -0.0490706 0.0157381
0.331855 -0.000791441 0.0877228 0.998671 0.0490706 -0.0157382
0.266864 -0.0735359 -0.206465 0.00428423 -0.383404 -0.923571
0.049449 -0.0646239 -0.256753 0.696199 -0.661841 0.277981
0.0282671 0.12318 0.490372 -0.00428421 0.383405 0.923571
0.3251 0.095697 -0.0400955 0.998671 0.0490706 -0.0157381
-0.193466 0.195553 0.400964 0.319913 -0.874516 0.364524
0.288017 0.0372981 -0.209851 -0.0513542 0.922276 -0.383105
-0.0244516 -0.21076 -0.301485 -0.998671 -0.0490706 0.0157382
-0.0265548 -0.13151 -0.187847 -0.998671 -0.0490706 0.0157382
0.0331772 0.0697447 0.417463 0.998671 0.0490706 -0.0157382
0.327266 0.170061 0.329231 0.998671 0.0490706 -0.0157382
-0.052474 0.242919 0.44029 -0.00428383 0.383401 0.923572
0.32143 -0.00419019 0.207859 0.0513542 -0.922276 0.383105
-0.144788 0.254699 0.371531 -0.0513542 0.922276 -0.383105
0.089878 -0.116513 -0.155938 -0.12584 0.916031 -0.380857
-0.0332466 0.183455 0.369565 -0.998671 -0.0490706 0.0157382
0.29143 0.0285445 0.290685 0.0513542 -0.922276 0.383105
0.201199 -0.128822 -0.118851 -0.00428425 0.383404 0.923571
0.332081 -0.0850348 -0.160619 0.998671 0.0490706 -0.0157381
0.0315581 0.208517 0.440376 0.922053 -0.355951 0.152044
0.0657619 -0.157463 -0.126855 0.0513543 -0.922276 0.383105
-0.0309697 -0.0871765 -0.329762 -0.998671 -0.0490706 0.0157382
0.156253 0.273044 0.375341 -0.0513543 0.922276 -0.383104
-0.0172613 -0.177743 -0.466344 -0.00341736 -0.241667 -0.970353
0.21336 -0.0246167 -0.162054 -0.00428427 0.383404 0.923571
0.00807848 -0.103449 -0.456443 -0.0374791 0.482014 -0.875362
0.270951 0.107461 0.373069 -0.998671 -0.0490706 0.0157381
0.0261144 -0.0214817 -0.316248 -0.0513542 0.922276 -0.383105
0.0105956 0.266315 0.378665 -0.0513542 0.922276 -0.383105
-0.279345 0.0812668 0.455834 -0.454862 -0.82325 0.339647
0.285221 0.266171 0.341505 -0.051354 0.922276 -0.383105
-0.123326 0.0922497 0.499644 0.0513543 -0.922276 0.383105
-0.0302435 -0.133528 -0.428204 -0.998671 -0.0490708 0.0157381
-0.0104239 0.0505437 0.368756 0.00428431 -0.383404 -0.923571
0.0153145 0.0924607 0.351474 0.00428431 -0.383404 -0.923571
0.332859 0.0353903 0.264235 0.998671 0.0490706 -0.0157382
0.294833 -0.0326018 0.143027 0.0513541 -0.922276 0.383105
-0.204067 0.261153 0.395013 -0.0513542 0.922276 -0.383105
0.118477 -0.175851 -0.178187 0.0513544 -0.922276 0.383105
0.330532 -0.00149432 0.00155731 0.998671 0.0490706 -0.0157381
-0.0267953 0.0625306 0.401899 -0.998671 -0.0490706 0.0157382
0.272102 0.0619259 0.304097 -0.998671 -0.0490707 0.0157382
0.0488269 -0.0739431 -0.277344 0.730914 -0.629108 0.264553
0.263804 0.176392 0.134476 -0.998671 -0.0490706 0.0157381
0.33445 -0.0575588 0.0753653 0.998671 0.0490706 -0.0157382
-0.0281229 -0.134069 -0.295328 -0.998671 -0.0490706 0.0157382
0.102779 0.224143 0.383838 0.00428164 -0.383397 -0.923574
0.0929875 0.13524 0.447634 -0.223992 0.899744 -0.374552
0.201368 -0.0776675 -0.140086 -0.00428427 0.383404 0.923571
0.326749 0.214485 0.434943 0.998671 0.0490706 -0.0157382
0.270898 0.0162151 0.0851896 -0.998671 -0.0490707 0.0157382
0.326413 0.15541 0.22943 0.998671 0.0490706 -0.0157381
0.270539 -0.00294247 0.00268552 -0.998671 -0.0490707 0.0157382
0.265177 0.201496 0.299875 -0.998671 -0.0490706 0.0157381
-0.178166 0.121696 0.468494 -0.0569381 0.922247 0.382386
0.267602 0.131851 0.236593 -0.998671 -0.0490706 0.0157381
0.108582 0.144442 0.452302 -0.54381 0.774179 -0.323909
0.123892 0.137478 0.48488 -0.00428409 0.383405 0.92357
0.271576 0.0584581 0.259941 -0.998671 -0.0490707 0.0157382
0.289268 0.0214145 0.27381 0.0513541 -0.922276 0.383105
0.267179 0.0566188 -0.0247948 -0.998671 -0.0490706 0.0157381
-0.0797033 0.124318 0.489399 -0.00428413 0.383408 0.923569
0.0616451 0.00890718 -0.247854 -0.0513542 0.922276 -0.383105
0.327975 0.136472 0.269478 0.998671 0.0490706 -0.0157382
0.0183079 0.0613883 0.406364 0.0513544 -0.922276 0.383105
0.0201884 -0.0842368 -0.386304 0.742351 -0.654732 0.142274
-0.0777649 0.0762245 0.444406 0.00428428 -0.383404 -0.923571
-0.286079 0.166091 0.406133 0.00428429 -0.383405 -0.92357
0.25253 0.0197142 -0.245243 0.00428425 -0.383404 -0.923571
0.29137 -0.0787838 0.0323138 0.0513541 -0.922276 0.383105
0.0984221 0.00905273 -0.252433 -0.0513542 0.922276 -0.383105
-0.0138892 -0.192697 -0.200999 0.0513541 -0.922276 0.383105
0.0380854 -0.0653704 -0.226465 0.0513547 -0.922276 0.383105
0.0103096 0.272594 0.428262 -0.0042843 0.383404 0.923571
0.285491 0.218368 0.226391 -0.051354 0.922276 -0.383105
0.328246 0.0288391 -0.0488888 0.998671 0.0490706 -0.0157381
0.327962 0.166539 0.362409 0.998671 0.0490706 -0.0157382
0.1769 0.282118 0.425081 -0.00428355 0.383399 0.923573
0.272345 -0.0785918 -0.118576 -0.998671 -0.0490707 0.0157382
0.0108109 -0.214805 -0.257532 0.0513541 -0.922276 0.383105
-0.271829 0.111587 0.428825 0.00428301 -0.383402 -0.923572
0.0510518 -0.034437 -0.202158 0.624666 -0.720186 0.30187
0.125537 -0.0311318 -0.248681 0.998671 0.0490706 -0.0157382
0.283029 -0.0957886 -0.197152 0.00428423 -0.383404 -0.923571
0.327829 -0.0096654 -0.195419 0.998671 0.0490706 -0.0157381
0.243801 -0.0646379 -0.210266 0.00428423 -0.383404 -0.923571
0.311898 0.0789921 -0.112679 -0.0513542 0.922276 -0.383105
0.335498 -0.155349 -0.163026 0.998671 0.0490706 -0.0157382
0.0366504 -0.0850062 -0.152143 0.87749 0.444371 -0.180402
0.271228 -0.0476034 -0.0928184 -0.998671 -0.0490707 0.0157382
0.260443 -0.117489 -0.123281 -0.00428427 0.383404 0.923571
0.0396892 0.216586 0.424087 0.767008 -0.591335 0.24904
0.265154 0.0740462 -0.0989721 -0.998671 -0.0490706 0.0157381
0.305725 0.208624 0.20022 -0.0513542 0.922276 -0.383105
-0.00132102 0.214967 0.300541 0.00428424 -0.383404 -0.923571
-0.0825267 0.171409 0.404869 0.0042843 -0.383404 -0.923571
0.0155102 0.219893 0.450164 -0.00428525 0.38341 0.923568
0.164584 -0.145444 -0.177088 0.00428424 -0.383404 -0.923571
0.0303963 -0.0932675 -0.267261 0.998671 0.0490706 -0.0157382
0.268703 0.0481957 0.0456593 -0.998671 -0.0490707 0.0157382
-0.0303874 0.123535 0.364174 -0.998671 -0.0490706 0.0157381
-0.212395 0.195266 0.420177 0.516118 -0.171627 0.839146
0.119082 -0.0230146 -0.332401 -0.0513542 0.922276 -0.383105
0.238251 0.0885925 0.442372 0.0513542 -0.922276 0.383105
0.334007 -0.0327063 0.137524 0.0513542 -0.922276 0.383105
0.265011 0.19546 0.270521 -0.998671 -0.0490706 0.0157381
0.132043 0.23915 0.442711 -0.00428352 0.383402 0.923572
-0.151499 0.219432 0.42685 -0.385821 -0.27878 0.879445
0.331963 0.0956318 0.395203 0.998671 0.0490706 -0.0157382
0.223622 0.133398 0.422069 0.00428429 -0.383404 -0.923571
-0.0246871 -0.212174 -0.320833 -0.998671 -0.0490706 0.0157382
0.327583 0.1868 0.40154 0.998671 0.0490706 -0.0157382
-0.194101 0.253567 0.375415 -0.0513542 0.922276 -0.383105
0.0122402 -0.168999 -0.468299 -0.00851988 -0.143977 -0.989544
0.269957 0.0968083 0.276767 -0.998671 -0.0490706 0.0157381
0.0370142 -0.0152136 -0.30262 -0.0513542 0.922276 -0.383105
-0.178863 0.0779272 0.47261 0.0513542 -0.922276 0.383105
-0.0493211 0.086591 0.476102 0.0513543 -0.922276 0.383105
0.158108 -0.0544405 -0.214897 0.00428544 -0.383406 -0.92357
0.330918 0.0314963 0.128928 0.998671 0.0490706 -0.0157382
0.267517 0.0234417 -0.106813 -0.998671 -0.0490707 0.0157382
-0.0252554 -0.143919 -0.14408 -0.998671 -0.0490706 0.0157382
0.0358647 -0.244912 -0.39308 0.998671 0.0490707 -0.0157388
0.0933536 0.00262015 -0.26724 -0.0513542 0.922276 -0.383105
-0.0146957 -0.139538 -0.115404 -0.00428242 0.383403 0.923571
-0.0032069 -0.246477 -0.406616 0.0397544 -0.927934 -0.370618
0.0285623 0.167832 0.471837 -0.00428419 0.383405 0.92357
0.0306312 -0.0758397 -0.250669 0.051354 -0.922276 0.383105
0.271937 -0.0186387 0.0424382 -0.998671 -0.0490707 0.0157382
0.266215 0.0860944 0.00592108 -0.998671 -0.0490706 0.0157381
0.333284 -0.0975432 -0.123285 0.998671 0.0490706 -0.0157381
0.326465 0.072509 -0.0257844 0.998671 0.0490706 -0.0157381
-0.0547487 0.237282 0.377653 0.0042843 -0.383404 -0.923571
0.269088 0.00205647 -0.0737729 -0.998671 -0.0490707 0.0157382
0.00715057 -0.100154 -0.389048 0.74244 -0.624113 0.243444
0.125064 0.12192 0.491344 -0.00428424 0.383404 0.923571
-0.138502 0.0751428 0.460496 0.0513542 -0.922276 0.383105
0.0447001 0.25018 0.372759 0.00428416 -0.383404 -0.923571
0.0015326 -0.191911 -0.345056 0.670817 0.629947 -0.391372
0.115769 0.159195 0.475827 -0.004282 0.383413 0.923567
0.325502 0.211741 0.347229 0.998671 0.0490706 -0.0157382
0.327586 0.192133 0.418341 0.998671 0.0490706 -0.0157382
0.206542 0.291998 0.414229 -0.0513542 0.922276 -0.383105
0.170256 0.108675 0.497052 -0.00428421 0.383404 0.923571
0.121547 0.276841 0.389132 -0.0513542 0.922276 -0.383105
-0.0752831 0.103582 0.498028 -0.00428421 0.383404 0.923571
0.0379115 -0.0944758 -0.307113 0.00428482 -0.383404 -0.923571
0.187 -0.112587 -0.190624 0.00428366 -0.383405 -0.92357
0.272056 0.102547 0.42785 -0.998671 -0.0490706 0.0157381
0.264455 0.2104 0.28179 -0.998671 -0.0490706 0.0157381
0.237107 -0.15403 -0.141557 0.0513542 -0.922276 0.383105
0.0268145 -0.220386 -0.355876 0.669765 0.724118 -0.164526
0.0410263 0.139419 0.48369 -0.0042845 0.383401 0.923572
-0.0627717 0.166945 0.406814 0.0042843 -0.383404 -0.923571
0.215042 0.0280827 -0.183923 -0.00428124 0.383396 0.923574
-0.0250703 -0.167552 -0.206024 -0.998671 -0.0490706 0.0157382
0.330416 -0.0367359 -0.115667 0.998671 0.0490706 -0.0157381
-0.113876 0.194604 0.395095 0.00428242 -0.383402 -0.923572
0.333117 0.0117739 0.206966 0.998671 0.0490706 -0.0157382
-0.14377 0.164902 0.424911 -0.998822 0.0430002 -0.0224845
-0.0227462 -0.242222 -0.319037 0.0513541 -0.922276 0.383105
-0.248564 0.126569 0.487681 -0.00428252 0.383402 0.923571
-0.290245 0.196716 0.458368 -0.00428372 0.383406 0.92357
0.0231634 0.248601 0.339701 0.998671 0.0490706 -0.0157382
-0.282808 0.147537 0.413851 0.00428393 -0.383402 -0.923572
-0.00411664 0.220308 0.449901 -0.00428305 0.383398 0.923573
0.274388 -0.045635 0.113816 -0.998671 -0.0490707 0.0157382
0.332168 -0.0646737 -0.0915836 0.998671 0.0490706 -0.0157381
-0.0032838 0.0107684 -0.23467 -0.0513542 0.922276 -0.383105
0.267709 0.00742349 -0.144561 -0.998671 -0.0490707 0.0157382
-0.0344644 0.231658 0.445049 -0.00428395 0.383402 0.923571
-0.0133248 -0.239316 -0.421671 0.0344229 -0.862498 -0.504889
0.272522 0.058985 0.321597 -0.998671 -0.0490707 0.0157382
0.325468 0.220871 0.37355 0.998671 0.0490706 -0.0157382
-0.0985028 0.0834036 0.475021 0.0513543 -0.922276 0.383105
0.285804 0.0623713 0.372873 0.0513542 -0.922276 0.383105
0.0488246 0.0928361 0.47798 0.0513543 -0.922276 0.383105
0.042936 0.22901 0.381539 0.00428482 -0.383403 -0.923571
0.270714 0.0964077 0.323559 -0.998671 -0.0490706 0.0157381
0.332681 0.102639 0.462646 0.998671 0.0490706 -0.0157382
0.271856 0.0895266 0.37456 -0.998671 -0.0490706 0.0157381
0.274592 -0.0725495 0.0428617 -0.998671 -0.0490707 0.0157382
0.272999 -0.0570389 -0.00988442 -0.998671 -0.0490707 0.0157382
0.272234 0.0267501 0.202843 -0.998671 -0.0490707 0.0157382
0.242263 -0.109018 -0.126882 -0.00428427 0.383404 0.923571
0.266301 0.172952 0.282222 -0.998671 -0.0490706 0.0157381
-0.284995 0.100524 0.433357 0.00428367 -0.383403 -0.923571
0.324053 0.160298 0.0949195 0.998671 0.0490706 -0.0157381
0.156625 0.232887 0.445425 -0.00428271 0.3834 0.923572
0.0125871 -0.105347 -0.409366 0.73952 -0.497235 0.453726
-0.0290339 -0.12092 -0.312138 -0.998671 -0.0490706 0.0157382
-0.0264593 -0.148981 -0.236259 -0.998671 -0.0490709 0.0157381
0.323576 0.232579 0.290014 0.998671 0.0490706 -0.0157381
-0.217333 0.123464 0.481316 0.349648 0.837801 0.419328
0.133839 -0.186591 -0.206573 0.998671 0.0490706 -0.0157382
0.230511 0.143714 0.482786 -0.00428204 0.38341 0.923568
0.289268 0.166428 0.100847 -0.051354 0.922276 -0.383105
-0.268823 0.260928 0.417143 -0.366743 0.858623 -0.358143
0.191152 0.282149 0.392582 -0.0513543 0.922276 -0.383104
0.160194 -0.0748663 -0.206408 0.00428423 -0.383404 -0.923571
0.333288 -0.0347651 0.0726994 0.998671 0.0490706 -0.0157382
0.327375 0.0663855 0.0128788 0.998671 0.0490706 -0.0157381
0.220226 0.252846 0.437434 -0.00428545 0.383406 0.92357
-0.255434 0.200756 0.391884 0.00428054 -0.38341 -0.923569
0.223707 0.22071 0.450791 -0.00428428 0.383404 0.923571
-0.137117 0.268692 0.404188 -0.0513546 0.922276 -0.383106
0.11006 0.269995 0.429804 -0.00428396 0.383402 0.923572
0.0397183 -0.199464 -0.263521 0.00428467 -0.383404 -0.923571
0.324765 0.0917471 -0.0736767 0.998671 0.0490706 -0.0157381
0.265979 0.14667 0.416756 0.00428429 -0.383404 -0.923571
0.0761988 -0.0157898 -0.30926 -0.0513542 0.922276 -0.383105
0.253006 -0.00591024 -0.169636 -0.00428427 0.383404 0.923571
-0.0701758 0.255459 0.435002 -0.00428512 0.38341 0.923568
0.157135 0.124913 0.49025 -0.00428456 0.383398 0.923573
-0.225932 0.225476 0.435015 0.465721 -0.217247 0.85785
-0.205762 0.235587 0.430065 0.256337 -0.336167 0.906247
0.267826 0.0829257 0.0982561 -0.998671 -0.0490706 0.0157381
-0.0250629 -0.117423 -0.361405 0.0454634 -0.982751 -0.17926
0.283758 0.201794 0.458922 -0.00428428 0.383404 0.923571
-0.131332 0.16605 0.442583 -0.702498 0.366291 0.610186
0.265515 0.15007 0.160978 -0.998671 -0.0490706 0.0157381
0.16986 0.135909 0.485745 -0.00428279 0.383413 0.923567
0.130901 0.00233954 -0.173627 -0.00428513 0.383406 0.92357
0.162133 0.0895653 0.454917 0.0513542 -0.922276 0.383105
0.227312 0.0248948 -0.231573 -0.0513543 0.922276 -0.383105
0.310289 -0.0399543 -0.220204 0.00428423 -0.383404 -0.923571
-0.0306804 -0.0544125 -0.209254 -0.998671 -0.0490706 0.0157382
-0.0157327 -0.191634 -0.362237 -0.0510204 0.984469 -0.167984
-0.0322589 -0.0693313 -0.355929 -0.998671 -0.0490706 0.0157382
0.332815 -0.082438 -0.105965 0.998671 0.0490706 -0.0157381
0.328097 0.0156295 -0.0995321 0.998671 0.0490706 -0.0157381
0.247252 -0.147262 -0.126625 0.0513542 -0.922276 0.383105
0.0271185 -0.204282 -0.419033 0.689158 0.537914 0.4855
0.0124638 -0.13874 -0.428367 0.725571 -0.142996 0.673126
0.0350815 -0.233736 -0.407934 0.998671 0.0490707 -0.0157383
0.170432 -0.019804 -0.164251 -0.00428197 0.383401 0.923572
-0.076262 0.185238 0.464125 -0.00428439 0.383405 0.92357
0.307909 -0.147434 -0.135169 0.0513541 -0.922276 0.383105
-0.160176 0.129032 0.459341 -0.294869 0.865548 0.404819
0.18426 0.148999 0.480378 -0.00428519 0.3834 0.923572
0.12387 -0.0134956 -0.299455 0.998671 0.0490706 -0.0157382
0.000862521 0.0673203 0.361844 0.00428431 -0.383404 -0.923571
0.0268931 0.181922 0.368468 0.998671 0.0490706 -0.0157381
0.246849 0.255843 0.436313 -0.00428428 0.383404 0.923571
0.31901 0.0720559 0.391736 0.0513542 -0.922276 0.383105
0.114026 0.0946802 0.473679 0.0513543 -0.922276 0.383105
0.0234358 0.232444 0.306611 0.998671 0.0490706 -0.0157382
0.273141 -0.037468 0.0601798 -0.998671 -0.0490707 0.0157382
-0.269788 0.179827 0.400506 0.00428417 -0.383405 -0.923571
0.334368 -0.0951855 -0.0471334 0.998671 0.0490706 -0.0157382
-0.327331 0.20174 0.439966 -0.95601 0.26932 -0.116238
0.0312485 0.105151 0.405476 0.998671 0.0490706 -0.0157382
-0.329973 0.15279 0.411451 0.00428413 -0.383403 -0.923571
0.0357412 -0.225435 -0.340187 0.998671 0.0490702 -0.015739
0.329945 -0.00330154 -0.0413189 0.998671 0.0490706 -0.0157381
-0.245139 0.181963 0.448996 0.700772 0.208171 0.682336
-0.0278131 -0.192452 -0.457706 -0.998671 -0.0490705 0.0157381
-0.017202 0.155129 0.325308 0.00428424 -0.383404 -0.923571
0.108577 -0.0499382 -0.239473 -0.538121 -0.779336 0.321031
0.0522527 -0.03592 -0.331355 0.00428436 -0.383404 -0.923571
0.199701 -0.166345 -0.168249 0.00428424 -0.383404 -0.923571
0.324868 0.246622 0.415805 0.998671 0.0490706 -0.0157382
0.166632 0.255398 0.436126 -0.00428394 0.383403 0.923571
0.272291 -0.0198627 0.0611135 -0.998671 -0.0490707 0.0157382
0.329972 -0.074042 0.0385547 0.0513542 -0.922276 0.383105
0.0716194 -0.00206101 -0.275595 -0.0513542 0.922276 -0.383105
0.16167 0.000847732 -0.237832 0.00428425 -0.383404 -0.923571
-0.0909032 0.0772574 0.459206 0.0513542 -0.922276 0.383105
0.0303171 -0.172279 -0.443996 0.708475 0.205602 0.675123
0.27195 0.0106228 0.134512 -0.998671 -0.0490707 0.0157382
0.0710656 -0.031831 -0.332965 0.00428436 -0.383404 -0.923571
0.0776614 -0.13535 -0.211528 0.121804 0.916902 -0.380071
-0.0771143 0.148979 0.414206 0.0042843 -0.383404 -0.923571
-0.234796 0.182555 0.399536 0.00428087 -0.383411 -0.923568
0.0321966 -0.191137 -0.458174 0.998671 0.0490714 -0.0157385
0.0245689 0.214304 0.321945 0.998671 0.0490706 -0.0157381
0.287873 0.298362 0.418647 -0.0513542 0.922276 -0.383105
-0.0280981 0.0992997 0.433875 -0.998671 -0.0490706 0.0157382
-0.0302152 0.136042 0.414093 -0.998671 -0.0490706 0.0157382
0.263721 0.26267 0.335961 -0.051354 0.922276 -0.383105
0.154379 0.16852 0.472135 -0.00428375 0.383405 0.92357
0.329451 -0.0125296 -0.101428 0.998671 0.0490706 -0.0157381
0.328895 0.066939 0.111097 0.998671 0.0490706 -0.0157381
0.271045 0.0746756 0.276834 -0.998671 -0.0490707 0.0157382
0.26655 0.0319722 -0.219795 -0.0513543 0.922276 -0.383105
0.0312456 -0.234738 -0.308257 0.0513541 -0.922276 0.383105
-0.0244388 -0.154842 -0.126321 -0.998671 -0.0490711 0.0157382
-0.280165 0.24852 0.401324 -0.501306 0.79832 -0.333733
0.270558 0.0705489 -0.127463 -0.051354 0.922276 -0.383105
0.0345474 -0.181447 -0.278791 0.998671 0.0490706 -0.0157381
0.317968 0.13392 0.0187394 -0.0513542 0.922276 -0.383105
0.067171 0.256952 0.370052 0.00428416 -0.383404 -0.923571
-0.0313644 0.135011 0.337958 -0.998671 -0.0490706 0.0157381
0.266607 0.0275205 -0.151816 -0.998671 -0.0490707 0.0157382
0.272448 -0.0860651 -0.135318 -0.998671 -0.0490707 0.0157382
0.250982 0.224849 0.449199 -0.00428428 0.383404 0.923571
0.223721 -0.0832451 -0.137667 -0.00428427 0.383404 0.923571
-0.0578785 0.217814 0.450687 -0.00428442 0.383404 0.923571
0.268789 0.0255395 -0.0195762 -0.998671 -0.0490707 0.0157382
0.0160018 -0.211137 -0.45081 0.0168235 -0.599119 -0.800483
0.231394 0.101884 0.475289 0.0513542 -0.922276 0.383105
0.268347 0.0118993 -0.0901181 -0.998671 -0.0490707 0.0157382
0.0794752 0.22187 0.386537 0.0264428 -0.923213 0.383378
0.0290906 0.134768 0.360889 0.998671 0.0490706 -0.0157381
0.270663 0.057225 -0.159553 -0.0513542 0.922276 -0.383105
0.266842 0.104729 0.103779 -0.998671 -0.0490706 0.0157381
0.325238 0.158389 0.164164 0.998671 0.0490706 -0.0157381
0.00538628 0.0808966 0.45506 0.0513543 -0.922276 0.383105
0.0637822 -0.147166 -0.111874 -0.00428425 0.383404 0.923571
0.332057 0.0816848 0.357693 0.998671 0.0490706 -0.0157382
-0.326888 0.131995 0.420098 0.00428521 -0.383408 -0.923569
0.0291812 0.148922 0.410765 0.998671 0.0490706 -0.0157382
0.18112 0.120005 0.427432 0.00428096 -0.383412 -0.923567
0.300929 -0.0029754 0.213532 0.0513542 -0.922276 0.383105
0.0886656 0.242298 0.437487 -0.17216 -0.910072 0.377002
0.288629 0.0993236 -0.0606145 -0.0513542 0.922276 -0.383105
0.271919 -0.0563415 -0.0762111 -0.998671 -0.0490707 0.0157382
0.00717033 -0.0514531 -0.385861 -0.0513542 0.922276 -0.383105
-0.0304724 -0.123653 -0.411942 -0.998671 -0.0490704 0.0157383
0.114897 0.237614 0.378301 0.00428416 -0.383404 -0.923571
0.269006 0.226552 0.248302 -0.051354 0.922276 -0.383105
0.331084 0.0585592 0.223833 0.998671 0.0490706 -0.0157382
0.00183369 -0.185471 -0.464148 0.00171932 -0.336968 -0.941515
0.323002 0.142368 0.0384024 -0.0513542 0.922276 -0.383105
0.027882 -0.133456 -0.298262 0.70364 -0.136214 -0.697378
0.326968 0.169874 0.309758 0.998671 0.0490706 -0.0157382
0.324217 0.126666 0.000443941 0.998671 0.0490706 -0.0157381
-0.291602 0.247574 0.418221 -0.584965 0.748113 -0.313279
0.269041 0.111231 0.263643 -0.998671 -0.0490706 0.0157381
0.325045 0.172058 0.194515 0.998671 0.0490706 -0.0157381
0.331612 -0.0324859 -0.026499 0.998671 0.0490706 -0.0157381
0.334208 -0.069577 0.0225622 0.998671 0.0490706 -0.0157382
0.265888 0.154427 0.198255 -0.998671 -0.0490706 0.0157381
-0.147394 0.123213 0.424576 0.00428008 -0.383413 -0.923567
0.330435 0.106875 0.333281 0.998671 0.0490706 -0.0157382
0.0737685 -0.0278001 -0.21265 0.175134 -0.909017 0.378175
-0.311378 0.122798 0.484584 -0.79621 -0.560083 0.228815
0.271482 -0.0295727 -0.0204807 -0.998671 -0.0490707 0.0157382
0.330691 -0.05757 -0.163176 0.998671 0.0490706 -0.0157381
0.33316 0.0228771 0.244343 0.998671 0.0490706 -0.0157382
0.316732 0.0795243 0.410021 0.0513542 -0.922276 0.383105
-0.0326677 -0.0630978 -0.408471 -0.0512315 0.912432 -0.406009
0.241935 -0.150036 -0.174823 0.00428424 -0.383404 -0.923571
-0.0319227 -0.0295595 -0.21059 -0.998671 -0.0490706 0.0157382
0.269327 -0.0296549 -0.157496 -0.998671 -0.0490707 0.0157382
0.14699 -0.054528 -0.149945 -0.00428427 0.383404 0.923571
0.0689833 0.0938776 0.437758 0.00428428 -0.383404 -0.923571
0.268379 0.0770202 0.114932 -0.998671 -0.0490706 0.0157381
0.330996 0.0685412 0.249389 0.998671 0.0490706 -0.0157382
0.304882 0.0649809 -0.145469 -0.0513542 0.922276 -0.383105
0.0457356 -0.137662 -0.263795 0.792666 0.564359 -0.230606
-0.171383 0.0853729 0.489531 0.0513543 -0.922276 0.383105
-0.308527 0.145451 0.479564 -0.00428431 0.383404 0.923571
-0.15209 0.223231 0.383034 0.00428426 -0.383404 -0.923571
-0.299233 0.102342 0.469779 -0.660548 -0.694488 0.28524
0.0253816 -0.170387 -0.302465 0.686543 0.212385 -0.695379
0.0133465 -0.0406089 -0.360583 -0.0513542 0.922276 -0.383105
0.299705 -0.123507 -0.185568 0.00428423 -0.383404 -0.923571
0.0995006 -0.180828 -0.187625 0.0513544 -0.922276 0.383105
-0.245151 0.231875 0.379014 0.0042867 -0.383402 -0.923572
0.326886 0.0937702 0.0672321 0.998671 0.0490706 -0.0157381
0.327851 0.081683 0.0908083 0.998671 0.0490706 -0.0157381
0.33343 -0.0153172 0.142352 0.998671 0.0490706 -0.0157382
0.303103 0.0174546 0.262423 0.0513542 -0.922276 0.383105
0.147353 0.0285046 -0.212164 -0.0513543 0.922276 -0.383105
0.147068 -0.0823647 -0.138388 -0.00428551 0.383402 0.923572
-0.192222 0.110146 0.49476 -0.00428339 0.383404 0.923571
-0.0951206 0.226873 0.381786 0.00428413 -0.383404 -0.923571
0.224074 0.0991795 0.436277 0.00428428 -0.383404 -0.923571
-0.263538 0.235661 0.377357 0.00428412 -0.383404 -0.923571
-0.302978 0.172262 0.403493 0.00428488 -0.3834 -0.923573
-0.0239612 -0.211238 -0.271851 -0.998671 -0.0490706 0.0157382
-0.314214 0.109185 0.440832 -0.825377 -0.522782 0.213195
0.107946 0.0164247 -0.235963 -0.0513543 0.922276 -0.383105
0.329849 0.0617058 0.155269 0.998671 0.0490706 -0.0157382
0.054483 -0.0444739 -0.219861 0.582169 -0.749973 0.314038
0.265859 0.137486 0.143546 -0.998671 -0.0490706 0.0157381
-0.010149 -0.13257 -0.400705 0.0408143 -0.566724 0.822896
0.331381 -0.0761784 -0.177423 0.998671 0.0490706 -0.0157381
-0.21426 0.143051 0.443446 0.538037 0.692561 0.480496
0.331362 -0.0185413 0.00107899 0.998671 0.0490706 -0.0157381
-0.118408 0.189187 0.447835 -0.696004 0.139537 0.704349
0.0470218 0.00198447 -0.173869 -0.00428394 0.383405 0.923571
0.0709354 -0.0737929 -0.31079 0.270999 -0.888573 0.370132
0.332349 -0.0956997 -0.176862 0.998671 0.0490706 -0.0157381
-0.22285 0.26647 0.410333 -0.0513542 0.922276 -0.383105
0.270873 0.12379 0.419015 -0.998671 -0.0490706 0.0157381
-0.0297673 0.263174 0.376514 -0.0513546 0.922276 -0.383106
-0.024196 -0.226684 -0.334913 -0.998671 -0.0490706 0.0157383
0.327257 0.0528452 -0.0368329 0.998671 0.0490706 -0.0157381
0.00569653 -0.0195561 -0.165118 -0.00428042 0.383407 0.92357
-0.0313082 0.148298 0.382951 -0.998671 -0.0490706 0.0157382
0.304157 0.202245 0.458829 -0.00428428 0.383404 0.923571
0.335119 -0.136557 -0.128457 0.998671 0.0490706 -0.0157382
0.298677 0.0151105 -0.243117 0.00428425 -0.383404 -0.923571
-0.0287568 -0.0745671 -0.150027 -0.998671 -0.0490706 0.0157382
0.130077 -0.111372 -0.126426 -0.00428423 0.383404 0.923571
-0.0246094 -0.167278 -0.17592 -0.998671 -0.0490706 0.0157382
0.277089 0.106949 -0.0407093 -0.051354 0.922276 -0.383105
0.325052 0.234172 0.388653 0.998671 0.0490706 -0.0157382
-0.00475744 0.246607 0.33328 -0.0513541 0.922276 -0.383105
0.103752 -0.00522924 -0.28753 -0.0513542 0.922276 -0.383105
-0.135237 0.231184 0.37981 0.00428426 -0.383404 -0.923571
0.0118197 -0.0882587 -0.446022 -0.0437442 0.645797 -0.762255
0.102703 0.283424 0.407508 -0.0513542 0.922276 -0.383105
0.136852 -0.043066 -0.219717 0.00428425 -0.383404 -0.923571
-0.193348 0.0899227 0.50315 -0.00428421 0.383404 0.923571
0.324337 0.230245 0.331026 0.998671 0.0490706 -0.0157382
0.220043 0.242594 0.376722 0.00428671 -0.383407 -0.92357
0.0355809 -0.203196 -0.281021 0.998671 0.0490703 -0.0157383
-0.0338057 -0.0142256 -0.282271 -0.998671 -0.0490706 0.0157382
0.0121511 -0.0132067 -0.294456 -0.0513542 0.922276 -0.383105
0.180859 0.155767 0.412585 0.00428429 -0.383404 -0.923571
-0.054025 0.145559 0.4807 -0.00428391 0.383407 0.923569
0.295747 0.0782201 0.409694 0.0513542 -0.922276 0.383105
-0.294874 0.190836 0.39582 0.00428519 -0.383401 -0.923572
0.273308 -0.00418372 0.174555 -0.998671 -0.0490707 0.0157382
0.196724 0.165318 0.473661 -0.00428484 0.383402 0.923572
0.329424 0.121106 0.313536 0.998671 0.0490706 -0.0157382
0.267741 0.0746495 0.0670857 -0.998671 -0.0490706 0.0157381
0.0499989 -0.13235 -0.238539 0.693599 0.666445 -0.273445
0.32606 0.0174617 -0.223103 0.998671 0.0490706 -0.0157381
-0.0290453 0.112118 0.413738 -0.998671 -0.0490706 0.0157382
0.00163149 0.152502 0.326486 0.00428424 -0.383404 -0.923571
0.265892 0.0525048 -0.11932 -0.998671 -0.0490706 0.0157381
0.271109 0.106208 0.480374 0.0513542 -0.922276 0.383105
0.267315 0.0333729 -0.0886366 -0.998671 -0.0490707 0.0157382
0.124679 -0.167368 -0.276451 0.00428235 -0.383404 -0.923571
-0.0300689 -0.0517115 -0.162029 -0.998671 -0.0490706 0.0157382
-0.150937 0.143206 0.441786 -0.522175 0.713759 0.466777
0.270103 0.118961 0.355101 -0.998671 -0.0490706 0.0157381
0.112554 -0.143916 -0.256203 -0.58217 0.749972 -0.314038
0.328477 -0.00317355 -0.134067 0.998671 0.0490706 -0.0157381
-0.026279 -0.213692 -0.426584 -0.998671 -0.0490707 0.0157382
0.127999 0.0222628 -0.224596 -0.0513543 0.922276 -0.383105
0.33004 0.0399318 0.0995331 0.998671 0.0490706 -0.0157382
0.307236 0.220738 0.451167 -0.00428428 0.383404 0.923571
0.320054 0.239217 0.27195 -0.0513542 0.922276 -0.383105
-0.174762 0.219026 0.420287 -0.0899022 -0.377301 0.921717
0.0199415 -0.0913638 -0.403616 0.741718 -0.578779 0.338925
0.0971175 -0.156597 -0.128972 0.0513543 -0.922276 0.383105
0.265575 0.168113 0.221049 -0.998671 -0.0490706 0.0157381
0.274162 -0.0709198 0.0206566 -0.998671 -0.0490707 0.0157382
-0.258406 0.237298 0.441668 -0.00428373 0.383404 0.923571
0.332629 -0.0523841 -0.0240143 0.998671 0.0490706 -0.0157382
0.334206 -0.0512619 0.0928273 0.0513542 -0.922276 0.383105
0.157757 -0.0067059 -0.169747 -0.00428452 0.383404 0.923571
0.332101 -0.0575209 -0.0735252 0.998671 0.0490706 -0.0157381
0.317564 0.299632 0.417723 -0.0513542 0.922276 -0.383105
-0.331712 0.181683 0.457299 -0.998822 0.0430006 -0.0224844
0.0656151 -0.189862 -0.267387 0.00428437 -0.383404 -0.923571
-0.0465562 0.261452 0.432624 -0.00428425 0.383404 0.923571
-0.0259035 -0.138944 -0.169696 -0.998671 -0.0490706 0.0157382
-0.153108 0.260387 0.386339 -0.0513542 0.922276 -0.383105
0.290714 -0.0565422 0.0859455 0.0513541 -0.922276 0.383105
-0.203305 0.126925 0.463406 0.254349 0.879867 0.401423
0.268543 -0.147417 -0.175787 0.00428424 -0.383404 -0.923571
0.0694953 0.14603 0.474718 0.221044 0.901096 -0.373049
0.155868 0.102063 0.485844 0.0513543 -0.922276 0.383105
0.272484 -0.00698186 0.113528 -0.998671 -0.0490707 0.0157382
0.32358 0.199208 0.186229 0.998671 0.0490706 -0.0157381
0.329493 0.147931 0.401523 0.998671 0.0490706 -0.0157382
0.271056 0.0203518 0.108109 -0.998671 -0.0490707 0.0157382
0.0584377 -0.172828 -0.162861 0.0513544 -0.922276 0.383105
0.332942 -0.00944286 0.193671 0.0513542 -0.922276 0.383105
0.150895 -0.128658 -0.18412 0.00428424 -0.383404 -0.923571
0.298682 0.0500494 -0.180583 -0.0513542 0.922276 -0.383105
0.125342 -0.0389671 -0.285498 0.998671 0.0490707 -0.0157381
0.161143 0.0379829 -0.191195 -0.0513543 0.922276 -0.383105
-0.0961798 0.134534 0.420114 0.0042843 -0.383404 -0.923571
0.326413 0.0267376 0.281646 0.0513542 -0.922276 0.383105
-0.2514 0.181601 0.399855 0.00428327 -0.383406 -0.92357
0.0282903 0.172999 0.421593 0.99487 0.0949813 -0.0348148
0.266489 0.0460166 -0.101671 -0.998671 -0.0490707 0.0157382
0.207782 0.265402 0.432164 -0.00428627 0.383409 0.923569
0.32318 0.268313 0.37629 0.998671 0.0490706 -0.0157381
0.250769 0.251088 0.373338 0.00428429 -0.383404 -0.923571
0.184571 -0.082073 -0.138336 -0.00428427 0.383404 0.923571
-0.0220997 -0.250566 -0.397229 0.0428216 -0.960112 -0.276318
0.27311 -0.0802853 -0.0753166 -0.998671 -0.0490707 0.0157382
0.185304 -0.0289544 -0.160383 -0.00428427 0.383404 0.923571
0.287948 -0.148629 -0.135371 0.0513542 -0.922276 0.383105
-0.299402 0.0951781 0.451946 -0.660548 -0.694488 0.28524
0.175687 -0.0653189 -0.210299 0.00428423 -0.383404 -0.923571
0.266588 0.172879 0.300164 -0.998671 -0.0490706 0.0157381
0.270603 -0.0273564 -0.0693711 -0.998671 -0.0490707 0.0157382
0.126422 -0.0449051 -0.235458 0.998671 0.0490706 -0.0157382
0.326867 0.134544 0.19319 0.998671 0.0490706 -0.0157381
0.0358747 0.268381 0.380252 -0.0513542 0.922276 -0.383105
0.251567 0.162499 0.410118 0.00428429 -0.383404 -0.923571
0.333172 -0.0515182 0.013113 0.998671 0.0490706 -0.0157382
-0.0263891 -0.120954 -0.144416 -0.998671 -0.0490706 0.0157382
0.334691 -0.116943 -0.0945034 0.998671 0.0490706 -0.0157382
0.267927 0.0531539 0.0118608 -0.998671 -0.0490707 0.0157382
0.326233 0.0699138 -0.048577 0.998671 0.0490706 -0.0157381
0.00263452 -0.15692 -0.418878 0.713867 0.101549 0.692879
0.327776 0.071188 0.0533167 0.998671 0.0490706 -0.0157381
-0.263045 0.251398 0.388816 -0.319914 0.874516 -0.364524
0.130912 -0.124087 -0.197443 0.998671 0.0490706 -0.0157382
0.266857 0.0303214 -0.127237 -0.998671 -0.0490707 0.0157382
0.126003 -0.117608 -0.233508 -0.875992 0.444014 -0.188388
0.269575 0.0707738 0.171388 -0.998671 -0.0490706 0.0157381
0.0417993 -0.158515 -0.126175 0.0513543 -0.922276 0.383105
0.131503 0.197787 0.434732 -0.979863 -0.185982 0.0726618
0.269208 0.0569892 0.105096 -0.998671 -0.0490707 0.0157382
0.268611 0.0439254 0.0264698 -0.998671 -0.0490707 0.0157382
-0.144186 0.0838993 0.482338 0.0513543 -0.922276 0.383105
-0.329444 0.144959 0.434554 -0.979864 -0.185977 0.0726595
0.147933 0.231909 0.380823 0.00428154 -0.383398 -0.923573
0.0733943 0.132092 0.442815 0.122847 0.916785 -0.380017
0.263801 0.195924 0.195182 -0.998671 -0.0490706 0.0157381
0.147518 0.13015 0.423064 0.00428096 -0.383412 -0.923567
-0.155657 0.274205 0.419947 -0.0513542 0.922276 -0.383105
0.171531 -0.101615 -0.130283 -0.00428404 0.383404 0.923571
0.022783 -0.175737 -0.165086 0.0513542 -0.922276 0.383105
