ply
format ascii 1.0
comment Created by Open3D
element vertex 128
property double x
property double y
property double z
property double nx
property double ny
property double nz
end_header
-0.00626745 0.469807 -0.0115063 0.353217 -0.480518 0.802708
-0.0755674 -0.00695326 -0.113921 0.701425 0.703784 0.112652
0.150968 0.353562 -0.112039 0.383637 -0.506004 0.772517
0.17459 0.518296 0.113354 0.701425 0.703785 0.112651
0.402331 0.194314 -0.18345 0.600687 -0.498645 -0.624922
0.212892 0.238631 0.359947 -0.705317 0.662635 0.25188
-0.282338 -0.0324498 0.169633 -0.600687 0.498645 0.624922
0.418723 0.247086 0.287632 0.701425 0.703785 0.112651
-0.0625702 0.338186 0.00211052 0.600687 -0.498645 -0.624922
0.1829 0.254678 0.356057 0.606273 -0.672247 0.424872
-0.134596 -0.00727264 -0.273738 -0.383637 0.506004 -0.772517
0.00126701 0.262102 -0.0976032 0.383638 -0.506004 0.772517
-0.165149 -0.158059 0.105752 0.600687 -0.498645 -0.624922
0.105935 -0.192546 -0.0845625 0.701425 0.703785 0.112651
0.445454 0.114142 0.00499748 -0.600687 0.498645 0.624922
-0.402492 -0.284759 0.113138 -0.167621 -0.84281 0.511444
0.0783373 -0.153862 -0.154401 0.701425 0.703785 0.112651
-0.164219 0.180944 0.0318201 -0.701424 -0.703786 -0.112652
0.146279 0.314691 0.304634 -0.600687 0.498645 0.624922
0.164761 0.241371 -0.259538 -0.383637 0.506004 -0.772517
0.553899 0.116721 0.137199 0.383638 -0.506004 0.772517
-0.335597 -0.20811 0.21649 -0.0184727 -0.790105 0.612694
-0.0554548 0.145696 0.24557 -0.600687 0.498645 0.624922
-0.378476 -0.234247 0.181493 -0.0184727 -0.790105 0.612694
0.120364 0.0959637 -0.307075 0.709554 -0.674575 -0.203669
0.184089 -0.299576 0.0185618 -0.682143 0.617058 0.392326
0.170146 0.364712 -0.181422 -0.383637 0.506004 -0.772517
0.0952993 -0.0437496 0.259833 0.383637 -0.506004 0.772517
0.361818 0.305072 -0.156448 -0.389744 0.246404 0.887347
0.0245355 0.154649 0.232288 0.600687 -0.498645 -0.624922
-0.0291869 0.289918 0.15574 -0.600687 0.498645 0.624922
0.128579 0.302009 -0.134689 0.383638 -0.506004 0.772517
-0.158572 -0.12664 0.326888 -0.0184723 -0.790104 0.612694
0.189741 0.0010937 -0.233619 0.600687 -0.498645 -0.624922
-0.304897 -0.230238 0.0290173 0.600687 -0.498645 -0.624922
0.352912 0.31529 0.271302 0.701432 0.70378 0.112641
0.38767 0.266851 0.318086 0.383637 -0.506004 0.772517
0.0703806 -0.151902 -0.226271 0.600687 -0.498645 -0.624922
-0.150984 0.232171 -0.108762 -0.383637 0.506004 -0.772517
0.383253 0.176305 0.193808 -0.383638 0.506004 -0.772517
-0.428663 0.0267866 -0.105393 -0.383636 0.506005 -0.772517
0.0814471 -0.182512 0.0052252 0.701425 0.703785 0.112651
-0.119675 0.0321744 -0.0837343 0.701425 0.703785 0.112651
-0.434346 0.0298158 -0.100587 -0.383638 0.506003 -0.772517
0.0530629 0.464616 0.0123762 0.600687 -0.498645 -0.624922
-0.158298 -0.0452923 0.210093 -0.79927 -0.356496 -0.483817
-0.150173 0.148916 0.144455 -0.701424 -0.703786 -0.112652
-0.145512 -0.0772562 -0.00682159 -0.701425 -0.703785 -0.112651
-0.0106589 0.167173 0.188466 0.600687 -0.498645 -0.624922
0.291581 0.382996 -0.00457325 0.46888 -0.574671 0.670749
-0.281025 -0.24597 0.0645179 0.600687 -0.498645 -0.624922
-0.0285379 0.301229 0.147338 -0.600687 0.498645 0.624922
0.254237 0.241592 -0.303828 -0.383637 0.506004 -0.772517
0.531727 0.152567 0.171689 0.383638 -0.506004 0.772517
0.338302 0.00578764 0.104441 -0.383638 0.506004 -0.772517
-0.192487 0.220263 0.0543523 -0.600687 0.498645 0.624922
0.210393 -0.00163339 -0.128566 -0.600687 0.498645 0.624922
-0.232653 0.252391 -0.0360633 -0.68 0.708145 -0.190081
-0.102857 0.145574 -0.12928 -0.701425 -0.703785 -0.112651
0.301983 0.133797 0.206324 -0.383638 0.506004 -0.772517
-0.00575439 -0.163828 -0.289937 0.600687 -0.498645 -0.624922
-0.0716834 -0.0287469 -0.00194881 0.701425 0.703785 0.112651
0.073574 -0.0667186 0.188414 -0.383637 0.506004 -0.772517
0.243774 0.156434 -0.222607 -0.600687 0.498645 0.624922
0.265598 -0.0269485 0.186267 0.383637 -0.506004 0.772517
0.00123288 0.327339 0.0720943 0.600687 -0.498645 -0.624922
-0.0212874 -0.115694 0.22746 0.701425 0.703785 0.112651
0.260664 0.298717 -0.269602 -0.383637 0.506004 -0.772517
0.430953 -0.0284201 0.103186 0.383638 -0.506004 0.772517
0.500185 0.127205 0.0687772 -0.701425 -0.703785 -0.112651
0.30515 0.0930351 0.178052 -0.383638 0.506004 -0.772517
0.149697 0.149818 0.292444 -0.383637 0.506004 -0.772517
0.332754 0.383725 -0.0307272 0.701423 0.703787 0.112649
-0.166329 -0.0526936 -0.0306622 -0.701425 -0.703785 -0.112651
0.378609 0.274987 0.00747146 -0.643728 0.557693 0.524016
0.278562 0.0213756 0.211481 0.383637 -0.506004 0.772517
0.0851163 0.446069 0.0579865 0.600687 -0.498645 -0.624922
0.0250812 -0.215487 -0.116244 -0.68214 0.617054 0.392338
-0.108109 -0.0135793 0.130095 0.701425 0.703785 0.112651
-0.122473 0.00848077 0.0817159 0.701425 0.703785 0.112651
0.0248294 0.312582 0.106551 0.600687 -0.498645 -0.624922
-0.439605 0.0133048 -0.108653 -0.431468 0.455857 -0.778479
0.0358999 0.221715 0.189698 0.600687 -0.498645 -0.624922
0.0454652 0.0301032 -0.331411 -0.701425 -0.703785 -0.112651
0.133608 0.292247 0.310363 -0.600687 0.498645 0.624922
0.355963 0.327135 0.178309 0.701425 0.703785 0.112651
-0.0853236 0.28056 0.109247 -0.600687 0.498645 0.624922
0.157128 -0.261649 -0.0553165 0.600687 -0.498645 -0.624922
-0.235184 0.0505279 0.148748 -0.600687 0.498645 0.624922
-0.109547 0.232245 0.124515 -0.600687 0.498645 0.624922
0.00650939 -0.128062 0.131652 0.701425 0.703785 0.112651
0.382738 0.0664872 0.122132 -0.383638 0.506004 -0.772517
0.262094 0.394678 -0.11977 -0.701425 -0.703785 -0.112651
0.0815429 -0.304406 -0.00147716 -0.701425 -0.703785 -0.112652
0.373178 0.308613 0.186828 0.701425 0.703785 0.112651
-0.205176 0.250218 -0.0700297 -0.383637 0.506004 -0.772517
-0.0079942 0.0237826 0.316739 -0.548327 0.431863 0.716123
-0.437627 -0.159811 0.121992 -0.600687 0.498645 0.624922
-0.114925 0.234186 -0.0581865 0.383638 -0.506004 0.772517
0.281738 0.372284 -0.102181 -0.701426 -0.703783 -0.112656
0.205274 0.131163 -0.32218 0.549206 -0.432952 -0.714791
0.175928 0.440743 0.128955 -0.701425 -0.703785 -0.112651
0.0772221 0.125176 -0.225011 0.383638 -0.506004 0.772517
0.432266 0.202802 -0.0784232 -0.600687 0.498645 0.624922
0.466411 0.0753957 -0.0269666 0.600687 -0.498645 -0.624922
-0.110702 -0.103011 -0.0110508 0.590936 -0.485875 -0.643988
0.0556608 0.144997 0.352934 -0.600687 0.498645 0.624922
0.187232 0.102897 -0.234238 -0.600687 0.498645 0.624922
-0.129649 0.176312 -0.0887827 0.383638 -0.506004 0.772517
0.375502 -0.0950687 0.0870685 0.383638 -0.506004 0.772517
0.203683 0.400034 0.208687 0.600687 -0.498645 -0.624922
0.0289697 -0.257393 0.152835 0.383638 -0.506004 0.772517
0.233582 -0.164397 0.112136 0.383637 -0.506004 0.772517
-0.0236889 0.364445 -0.0181747 0.383638 -0.506004 0.772517
0.116978 0.214175 0.273648 0.600687 -0.498645 -0.624922
0.423907 0.270844 0.106925 0.701425 0.703785 0.112651
0.125714 9.22323e-05 -0.294364 0.600687 -0.498645 -0.624922
0.199706 0.274511 0.387626 -0.549205 0.432951 0.714792
0.14126 0.560011 0.0602704 0.701425 0.703785 0.112651
0.185159 0.36919 0.298519 -0.600687 0.498645 0.624922
0.112089 0.10446 -0.255895 0.383637 -0.506004 0.772517
0.136075 0.418478 -0.129286 -0.383637 0.506004 -0.772517
0.369611 0.0464495 0.115526 -0.383638 0.506004 -0.772517
-0.034419 -0.0155128 -0.328884 -0.383637 0.506004 -0.772517
-0.11576 -0.0795401 0.314703 0.256805 0.966105 -0.0263022
-0.279111 0.0679063 0.0926582 -0.600687 0.498645 0.624922
-0.15364 -0.149572 0.110043 0.600687 -0.498645 -0.624922
0.225906 0.423503 -0.0745308 -0.701424 -0.703787 -0.112644
