ply
format ascii 1.0
comment Created by Open3D
element vertex 2096
property double x
property double y
property double z
property double nx
property double ny
property double nz
end_header
0.268472 0.0145945 -0.0738247 -0.998671 -0.0490707 0.0157382
0.331349 0.131457 0.467941 0.998671 0.0490706 -0.0157382
0.0117282 -0.101228 -0.338859 0.730402 -0.575281 -0.368192
-0.0888905 0.237827 0.442235 -0.00428383 0.383401 0.923572
0.0387871 0.268905 0.429926 -0.0042839 0.383401 0.923572
0.0437789 0.274878 0.394833 -0.0513542 0.922276 -0.383105
0.00320361 -0.117255 -0.40683 0.737916 -0.448315 0.504474
-0.00509552 -0.114701 -0.12567 -0.00428424 0.383404 0.923571
-0.0241991 -0.165413 -0.144073 -0.998671 -0.0490706 0.0157382
0.113029 0.256437 0.370479 0.00428416 -0.383404 -0.923571
0.0144074 -0.0963368 -0.399998 0.741718 -0.578779 0.338925
0.32382 0.170076 0.11064 0.998671 0.0490706 -0.0157381
0.150476 0.163281 0.409324 0.00428165 -0.383408 -0.923569
0.291187 0.079072 0.412356 0.0513542 -0.922276 0.383105
0.0205936 -0.15896 -0.437082 0.713867 0.101549 0.692879
-0.0244265 -0.227123 -0.350909 -0.998671 -0.0490705 0.0157386
0.050941 -0.0769199 -0.314341 0.00429052 -0.383401 -0.923572
-0.260574 0.0739527 0.458611 -0.269385 -0.889879 0.368168
0.287483 0.230167 0.254529 -0.051354 0.922276 -0.383105
-0.0257041 -0.172062 -0.260299 -0.998671 -0.0490706 0.0157382
-0.166044 0.10402 0.432457 0.00428428 -0.383404 -0.923571
0.0660726 0.270995 0.382496 -0.0513542 0.922276 -0.383105
0.32999 -0.0455767 -0.170277 0.998671 0.0490706 -0.0157381
0.327686 0.107545 0.160929 0.998671 0.0490706 -0.0157381
0.0363779 -0.213818 -0.258582 0.0513541 -0.922276 0.383105
0.328779 0.155145 0.378742 0.998671 0.0490706 -0.0157382
-0.309993 0.102698 0.440203 -0.79621 -0.560083 0.228815
0.197561 0.129558 0.423542 0.00428488 -0.383403 -0.923571
-0.223732 0.177957 0.401496 0.00428087 -0.383411 -0.923568
0.266629 0.16336 0.273069 -0.998671 -0.0490706 0.0157381
0.153034 -0.0130588 -0.232099 0.00428425 -0.383404 -0.923571
0.0166837 -0.0436018 -0.368236 -0.0513542 0.922276 -0.383105
0.315336 0.203712 0.458272 -0.00428428 0.383404 0.923571
0.126957 0.211034 0.434462 -0.87749 -0.444372 0.180403
0.265198 0.157775 0.164883 -0.998671 -0.0490706 0.0157381
-0.0304148 0.118374 0.346345 -0.998671 -0.0490706 0.0157381
0.00512046 0.197437 0.459438 -0.00428423 0.383404 0.923571
0.0973825 -0.0313845 -0.218519 -0.269383 -0.889879 0.368168
0.285988 -0.0496286 0.103223 0.0513541 -0.922276 0.383105
0.325038 0.162642 0.164692 0.998671 0.0490706 -0.0157381
0.071287 0.100797 0.434896 0.00428428 -0.383404 -0.923571
0.214836 0.233328 0.445511 -0.00428428 0.383404 0.923571
-0.0284506 -0.12825 -0.297982 -0.998671 -0.0490706 0.0157382
0.266749 0.130776 0.488325 -0.00428292 0.383409 0.923569
0.212982 0.0993813 0.436141 0.00428428 -0.383404 -0.923571
0.20021 -0.0566124 -0.2138 0.00428423 -0.383404 -0.923571
0.0629069 -0.0232482 -0.193348 0.366744 -0.858622 0.358143
0.329181 0.174385 0.464211 0.998671 0.0490706 -0.0157382
0.265211 0.108715 0.0127371 -0.998671 -0.0490706 0.0157381
0.0704622 -0.16552 -0.146881 0.0513544 -0.922276 0.383105
0.322939 0.244661 0.287261 0.998671 0.0490706 -0.0157381
0.332329 0.0856081 0.387164 0.998671 0.0490706 -0.0157382
0.259486 0.126802 0.424974 0.00428429 -0.383404 -0.923571
0.0766982 0.115441 0.49381 -0.00428424 0.3834 0.923573
0.325347 0.0551836 -0.15071 0.998671 0.0490706 -0.0157381
0.32792 0.0530315 0.00583967 0.998671 0.0490706 -0.0157381
0.319 0.16632 0.0966002 -0.0513542 0.922276 -0.383105
0.123975 -0.00937852 -0.279995 0.998671 0.0490706 -0.0157382
0.27223 0.0955205 0.416966 -0.998671 -0.0490706 0.0157381
0.265553 0.102343 0.471814 0.0513542 -0.922276 0.383105
0.143242 0.260839 0.368791 0.00428416 -0.383404 -0.923571
0.045672 0.266996 0.43075 -0.00428388 0.383401 0.923572
0.127228 -0.0817181 -0.277769 0.0513553 -0.922276 0.383105
-0.259574 0.105817 0.431278 0.00428152 -0.383401 -0.923572
0.270763 0.0700061 0.24434 -0.998671 -0.0490707 0.0157382
0.33302 -0.0199073 0.10206 0.998671 0.0490706 -0.0157382
-0.0280274 0.0780081 0.371976 -0.998671 -0.0490706 0.0157382
0.329206 0.152736 0.398303 0.998671 0.0490706 -0.0157382
0.132766 -0.0456275 -0.165378 -0.939167 -0.318735 0.127961
0.268832 0.0214965 -0.0294302 -0.998671 -0.0490707 0.0157382
0.146478 0.268672 0.366126 -0.0513543 0.922276 -0.383104
-0.0237546 -0.204435 -0.237534 -0.998671 -0.0490706 0.0157382
-0.107683 0.215102 0.386615 0.00428793 -0.383409 -0.923569
0.0146312 0.0873237 0.353604 0.00428431 -0.383404 -0.923571
-0.109968 0.155934 0.475754 -0.65512 0.5228 0.545434
0.31905 0.146726 0.0494225 -0.0513542 0.922276 -0.383105
0.0769656 0.132191 0.443984 0.0732206 0.92122 -0.382089
0.036536 0.210741 0.421267 0.827083 -0.517756 0.218774
0.140753 0.0379008 -0.18866 -0.0513543 0.922276 -0.383105
-0.262568 0.255136 0.397365 -0.319914 0.874516 -0.364524
0.270127 -0.0285338 -0.10325 -0.998671 -0.0490707 0.0157382
-0.0909607 0.218498 0.385282 0.00428379 -0.383403 -0.923571
0.27171 0.0267827 0.169688 -0.998671 -0.0490707 0.0157382
0.321486 -0.0102585 0.193243 0.0513542 -0.922276 0.383105
0.327378 0.0944852 0.100684 0.998671 0.0490706 -0.0157381
0.301994 0.0869091 -0.0922923 -0.0513542 0.922276 -0.383105
0.019251 0.139261 0.483654 -0.00428391 0.383407 0.923569
-0.010078 0.279962 0.41429 -0.0513542 0.922276 -0.383105
0.211406 0.0141558 -0.243126 0.00428425 -0.383404 -0.923571
0.272176 -0.0431508 -0.0187971 -0.998671 -0.0490707 0.0157382
-0.0288032 -0.11919 -0.292105 -0.998671 -0.0490706 0.0157382
0.332666 -0.0319353 0.0420525 0.998671 0.0490706 -0.0157382
0.325468 -0.0800552 0.0246824 0.0513542 -0.922276 0.383105
0.114505 -0.0555803 -0.242043 -0.657055 -0.697308 0.286427
0.127334 -0.0686875 -0.251741 0.998671 0.0490707 -0.0157381
0.326117 0.225018 0.42767 0.998671 0.0490706 -0.0157382
0.271973 0.0679123 0.314598 -0.998671 -0.0490707 0.0157382
0.209049 0.120362 0.427414 0.00428387 -0.383404 -0.923571
0.332855 -0.0434338 0.0182328 0.998671 0.0490706 -0.0157382
-0.0235771 -0.177942 -0.399055 -0.0168237 0.59912 0.800483
0.266023 0.170804 0.257867 -0.998671 -0.0490706 0.0157381
-0.320844 0.215379 0.431009 -0.901616 0.397986 -0.169399
0.126467 -0.0705808 -0.312683 0.998671 0.0490707 -0.0157381
0.0557114 -0.191965 -0.208567 0.0513542 -0.922276 0.383105
0.0445322 0.00134841 -0.263757 -0.0513542 0.922276 -0.383105
0.218269 -0.0728524 -0.206974 0.00428423 -0.383404 -0.923571
-0.0670294 0.249336 0.437559 -0.00428505 0.383409 0.923569
0.241763 0.133445 0.422134 0.00428429 -0.383404 -0.923571
-0.187302 0.219382 0.384468 0.00428426 -0.383404 -0.923571
-0.026466 -0.120672 -0.148418 -0.998671 -0.0490706 0.0157382
0.189079 0.291787 0.416061 -0.0513542 0.922276 -0.383105
-0.103113 0.0854928 0.480669 0.0513543 -0.922276 0.383105
-0.0806275 0.074472 0.44512 0.00428428 -0.383404 -0.923571
-0.0921887 0.0803941 0.442608 0.00428428 -0.383404 -0.923571
0.267402 0.109494 0.154205 -0.998671 -0.0490706 0.0157381
-0.0499985 0.244573 0.439615 -0.00428383 0.383401 0.923572
0.0114358 -0.125475 -0.422942 0.731284 -0.274937 0.624206
0.324206 0.156358 0.0923534 0.998671 0.0490706 -0.0157381
0.180345 0.00219219 -0.173336 -0.0042842 0.383404 0.923571
-0.194501 0.111821 0.429087 0.00428038 -0.383402 -0.923572
0.327406 0.0411375 -0.0638655 0.998671 0.0490706 -0.0157381
0.0196143 -0.185302 -0.187687 0.0513542 -0.922276 0.383105
0.16948 -0.148807 -0.11992 0.0513543 -0.922276 0.383105
0.249967 -0.132015 -0.182267 0.00428366 -0.383405 -0.92357
0.148241 0.114907 0.494363 -0.00428426 0.38341 0.923568
-0.0384824 0.184167 0.399778 0.0042843 -0.383404 -0.923571
0.269237 0.0276855 0.015534 -0.998671 -0.0490707 0.0157382
0.270545 0.0419193 0.142966 -0.998671 -0.0490707 0.0157382
-0.0280462 -0.107733 -0.208347 -0.998671 -0.0490706 0.0157382
0.267313 -0.144479 -0.177012 0.00428424 -0.383404 -0.923571
0.0369756 -0.0519099 -0.200656 0.878935 -0.439035 0.186335
0.0932666 0.237446 0.428246 -0.269379 -0.88988 0.368168
0.326518 0.129828 0.156291 0.998671 0.0490706 -0.0157381
0.293348 0.144509 0.0475321 -0.0513542 0.922276 -0.383105
0.324979 0.226907 0.361344 0.998671 0.0490706 -0.0157382
0.316585 0.261215 0.325373 -0.0513542 0.922276 -0.383105
-0.216547 0.146956 0.41745 0.920881 0.361545 -0.145817
-0.281315 0.186325 0.397755 0.00428519 -0.383401 -0.923572
0.0365825 -0.239057 -0.329274 0.998671 0.0490707 -0.0157381
0.21519 -0.164592 -0.164046 0.0513542 -0.922276 0.383105
0.265644 -0.097078 -0.196698 0.00428423 -0.383404 -0.923571
0.328401 0.130586 0.27818 0.998671 0.0490706 -0.0157382
0.0324776 -0.224193 -0.392205 0.675773 0.713701 0.184286
0.0355852 -0.160232 -0.279826 0.00428467 -0.383404 -0.923571
0.0474991 0.150848 0.478975 -0.00428472 0.383401 0.923572
0.325475 0.0673225 -0.104755 0.998671 0.0490706 -0.0157381
0.27109 0.0717205 0.270438 -0.998671 -0.0490707 0.0157382
-0.00159853 -0.0111934 -0.168624 -0.00428678 0.383402 0.923572
0.220911 0.0180097 -0.244682 0.00428425 -0.383404 -0.923571
0.269054 0.0586777 0.100564 -0.998671 -0.0490707 0.0157382
0.288211 0.0604092 -0.15424 -0.0513542 0.922276 -0.383105
0.329633 0.0689729 0.164248 0.998671 0.0490706 -0.0157382
0.119294 -0.153475 -0.12443 0.0513543 -0.922276 0.383105
0.019035 0.0976392 0.493536 0.0513543 -0.922276 0.383105
-0.0315743 0.154865 0.386538 -0.998671 -0.0490706 0.0157382
0.330283 0.0787028 0.235795 0.998671 0.0490706 -0.0157382
0.196774 -0.0242032 -0.162303 -0.00428427 0.383404 0.923571
0.26849 0.0949949 0.178007 -0.998671 -0.0490706 0.0157381
-0.109857 0.103545 0.432915 0.00428428 -0.383404 -0.923571
0.091657 -0.0326868 -0.332514 0.00428436 -0.383404 -0.923571
0.268742 0.054627 0.0681392 -0.998671 -0.0490707 0.0157382
-0.00860369 0.258231 0.361778 -0.0513546 0.922276 -0.383104
0.331406 -0.0595947 -0.124104 0.998671 0.0490706 -0.0157381
0.171223 0.248692 0.373964 0.00428416 -0.383404 -0.923571
0.292427 0.130721 0.488467 -0.00428227 0.383408 0.923569
0.0311293 -0.0961753 -0.229815 0.998671 0.0490707 -0.0157382
0.0319993 -0.131384 -0.284384 0.998671 0.0490714 -0.0157384
0.0453604 -0.0243609 -0.32576 -0.0513542 0.922276 -0.383105
0.230667 0.22175 0.450392 -0.00428428 0.383404 0.923571
-0.0171799 0.234191 0.444077 -0.0042832 0.383399 0.923573
0.131917 -0.153435 -0.225164 0.998671 0.0490706 -0.0157382
0.298708 -0.0398065 0.125163 0.0513541 -0.922276 0.383105
-0.0389322 0.0931296 0.49045 0.0513543 -0.922276 0.383105
0.186169 0.114803 0.429615 0.0042849 -0.383402 -0.923572
0.268552 0.0322741 -0.013617 -0.998671 -0.0490707 0.0157382
-0.031506 -0.037324 -0.208359 -0.998671 -0.0490706 0.0157382
0.264105 0.244725 0.366612 -0.998671 -0.0490706 0.0157381
0.31746 0.2719 0.350978 -0.0513542 0.922276 -0.383105
0.0302074 -0.184422 -0.186988 0.0513542 -0.922276 0.383105
0.0405059 0.110186 0.430856 0.0042824 -0.383403 -0.923571
0.334756 -0.113473 -0.0795623 0.998671 0.0490706 -0.0157382
-0.138344 0.1872 0.398055 0.00428228 -0.383402 -0.923572
0.0146599 0.0778089 0.446383 0.0513544 -0.922277 0.383104
-0.0100472 -0.0994757 -0.132014 -0.00428424 0.383404 0.923571
0.0163686 0.24956 0.437853 -0.00428416 0.383403 0.923571
0.324772 0.170928 0.17366 0.998671 0.0490706 -0.0157381
0.00932439 -0.161825 -0.12979 0.0513544 -0.922276 0.383105
0.296564 0.0536419 -0.171651 -0.0513542 0.922276 -0.383105
0.0462767 0.00701112 -0.175959 -0.00428425 0.383404 0.923571
0.313031 -0.00503614 0.206949 0.0513542 -0.922276 0.383105
-0.234681 0.168936 0.443172 0.70056 0.338234 0.628342
0.143986 0.201197 0.393554 0.00428973 -0.383411 -0.923568
0.121641 -0.1532 -0.282346 0.00428235 -0.383404 -0.923571
0.0503648 0.10402 0.498429 -0.00428421 0.383404 0.923571
0.0457194 -0.0195679 -0.164928 -0.00428224 0.383407 0.92357
0.304771 0.0730832 0.396118 0.0513542 -0.922276 0.383105
0.265112 0.0721874 -0.122789 -0.051354 0.922276 -0.383105
0.32676 0.105941 0.097182 0.998671 0.0490706 -0.0157381
-0.0216488 -0.155588 -0.407069 0.0135376 0.0448586 0.998902
-0.155355 0.202521 0.391616 0.00427704 -0.383391 -0.923576
0.251238 0.0385322 -0.20195 -0.0513543 0.922276 -0.383105
0.299231 0.0774249 -0.114754 -0.0513542 0.922276 -0.383105
0.269716 0.132524 0.372814 -0.998671 -0.0490706 0.0157381
0.327877 0.137159 0.485959 -0.00428428 0.383404 0.923571
0.10583 -0.174699 -0.173718 0.0513544 -0.922276 0.383105
-0.0192016 -0.160516 -0.122816 0.0513541 -0.922276 0.383105
0.303481 0.0600628 0.364946 0.0513542 -0.922276 0.383105
0.0311928 0.111146 0.420632 0.998671 0.0490706 -0.0157382
-0.0186872 -0.172462 -0.151641 0.0513541 -0.922276 0.383105
0.0337619 -0.215012 -0.433287 0.998671 0.0490709 -0.0157384
0.0379907 -0.0359041 -0.167528 0.85407 -0.478993 0.202807
0.326564 0.189925 0.346598 0.998671 0.0490706 -0.0157382
-0.278936 0.255133 0.415434 -0.457554 0.820476 -0.342728
0.329141 0.0428642 0.0516377 0.998671 0.0490706 -0.0157381
0.109193 -0.207142 -0.260011 0.00428437 -0.383404 -0.923571
0.135335 -0.145317 -0.112309 -0.00428425 0.383404 0.923571
-0.026073 -0.1969 -0.36115 -0.998671 -0.0490706 0.0157384
0.0260983 -0.111549 -0.126834 -0.00428369 0.383403 0.923571
0.278108 0.108556 -0.0369778 -0.051354 0.922276 -0.383105
0.0868371 -0.205633 -0.260741 0.00428437 -0.383404 -0.923571
0.179468 -0.147473 -0.118046 0.0513543 -0.922276 0.383105
0.0334597 -0.209712 -0.435937 0.998671 0.0490707 -0.0157382
0.271984 0.0459055 0.246698 -0.998671 -0.0490707 0.0157382
0.0484125 0.0227761 -0.212692 -0.0513543 0.922276 -0.383105
0.0281419 -0.178281 -0.171928 0.0513542 -0.922276 0.383105
0.0280837 0.176188 0.405503 0.998822 -0.0430023 0.022485
0.332925 -0.079465 -0.0896914 0.998671 0.0490706 -0.0157381
0.0352268 -0.206666 -0.314309 0.998671 0.0490699 -0.0157382
-0.219162 0.155557 0.415085 0.988595 0.140659 -0.0538057
0.195648 0.148509 0.415666 0.00428429 -0.383404 -0.923571
0.227978 -0.0180595 -0.164708 -0.00428427 0.383404 0.923571
0.03238 -0.0589019 -0.186996 0.96944 -0.224955 0.0978832
0.246148 -0.159767 -0.156582 0.0513542 -0.922276 0.383105
0.324686 0.201843 0.264609 0.998671 0.0490706 -0.0157381
0.332204 -0.0572557 -0.066208 0.998671 0.0490706 -0.0157381
0.141171 0.10896 0.496799 -0.00428421 0.383404 0.923571
-0.143828 0.164801 0.412788 -0.994871 -0.0949745 0.0348124
0.333808 -0.0787731 -0.0315088 0.998671 0.0490706 -0.0157382
-0.0306129 0.125798 0.356919 -0.998671 -0.0490706 0.0157381
0.174466 0.237249 0.378729 0.00428822 -0.383412 -0.923568
-0.195613 0.0928696 0.436949 0.00428428 -0.383404 -0.923571
0.130703 -0.128144 -0.223347 0.998671 0.0490705 -0.015738
0.0214643 -0.20471 -0.409823 0.686027 0.584765 0.432917
0.0919912 -0.0152488 -0.310074 -0.0513542 0.922276 -0.383105
0.327324 0.00527776 -0.180877 0.998671 0.0490706 -0.0157381
0.0197676 -0.0950219 -0.332732 0.72902 -0.556769 -0.398168
0.27165 -0.00258337 0.0743204 -0.998671 -0.0490707 0.0157382
0.320282 0.0772219 -0.118064 -0.0513542 0.922276 -0.383105
0.0994027 0.237401 0.433343 -0.363933 -0.860842 0.355675
0.0463047 -0.147074 -0.284958 0.761486 0.59989 -0.245501
0.323013 0.28302 0.411518 0.998671 0.0490706 -0.0157382
-0.0414295 0.121118 0.490905 -0.00428419 0.383405 0.923571
0.332979 -0.0867527 -0.10898 0.998671 0.0490706 -0.0157381
-0.0223872 0.0562919 0.39955 0.0513543 -0.922276 0.383105
-0.237537 0.164149 0.449257 0.689946 0.402595 0.601574
0.267594 0.117264 0.190624 -0.998671 -0.0490706 0.0157381
0.329699 0.0713282 0.175758 0.998671 0.0490706 -0.0157382
-0.0152981 0.254625 0.353995 -0.0513546 0.922276 -0.383104
-0.0287831 0.205369 0.455988 -0.00428417 0.383403 0.923571
-0.0314523 -0.0778309 -0.331251 -0.998671 -0.0490706 0.0157382
-0.0257922 -0.163302 -0.331989 -0.025389 0.202755 -0.9789
-0.0252317 -0.216668 -0.369408 -0.998671 -0.0490706 0.0157385
0.233456 0.134334 0.486694 -0.00428523 0.383399 0.923573
0.325089 0.160266 0.160519 0.998671 0.0490706 -0.0157381
0.247959 -0.113218 -0.190079 0.00428423 -0.383404 -0.923571
-0.0296223 -0.0645411 -0.173687 -0.998671 -0.0490706 0.0157382
-0.240339 0.169861 0.448982 0.700559 0.338238 0.62834
0.271776 0.0844305 0.353583 -0.998671 -0.0490706 0.0157381
0.27308 -0.0676356 -0.0377536 -0.998671 -0.0490707 0.0157382
0.126246 -0.0538839 -0.27461 0.998671 0.0490707 -0.0157381
-0.255083 0.0727146 0.44504 0.00428792 -0.383406 -0.92357
-0.0315815 -0.0488071 -0.248956 -0.998671 -0.0490706 0.0157382
-0.0257138 -0.161214 -0.227091 -0.998671 -0.0490707 0.0157382
0.266299 0.195103 0.351129 -0.998671 -0.0490706 0.0157381
0.0109181 -0.250958 -0.389823 0.0454634 -0.98275 -0.179265
0.298717 0.279449 0.371663 -0.051354 0.922276 -0.383105
0.0290064 0.180354 0.45257 0.979863 0.185981 -0.0726615
0.269707 0.136203 0.383729 -0.998671 -0.0490706 0.0157381
0.324435 0.148604 0.0826612 0.998671 0.0490706 -0.0157381
0.271852 0.0996505 0.405899 -0.998671 -0.0490706 0.0157381
0.327705 0.0661424 0.0330925 0.998671 0.0490706 -0.0157381
-0.0706465 0.149287 0.414108 0.0042843 -0.383404 -0.923571
0.265592 0.186774 0.280302 -0.998671 -0.0490706 0.0157381
0.272647 0.0670548 0.354702 -0.998671 -0.0490707 0.0157382
-0.0294679 0.106842 0.37047 -0.998671 -0.0490706 0.0157381
0.0520163 0.00932874 -0.245548 -0.0513542 0.922276 -0.383105
0.268236 0.0823325 0.12243 -0.998671 -0.0490706 0.0157381
0.30385 -0.0785713 -0.204203 0.00428423 -0.383404 -0.923571
-0.0264394 -0.139077 -0.204114 -0.998671 -0.0490706 0.0157382
0.106599 0.232143 0.380534 0.00428416 -0.383404 -0.923571
0.232387 0.113637 0.430313 0.00428165 -0.383408 -0.923569
0.266024 0.179371 0.284608 -0.998671 -0.0490706 0.0157381
0.269293 -0.0035591 -0.0782883 -0.998671 -0.0490707 0.0157382
0.189971 0.017938 -0.243315 -0.0513543 0.922276 -0.383105
0.20075 0.119216 0.492818 -0.00428424 0.383404 0.923571
0.193212 0.171299 0.471161 -0.00428702 0.383398 0.923573
-0.0322098 -0.0365489 -0.250601 -0.998671 -0.0490702 0.0157377
0.319081 0.213643 0.210513 -0.0513542 0.922276 -0.383105
0.263836 0.208787 0.237536 -0.998671 -0.0490706 0.0157381
0.216292 -0.134766 -0.116314 -0.00428425 0.383404 0.923571
0.22159 -0.148609 -0.126429 0.0513543 -0.922276 0.383105
0.23074 0.142874 0.483136 -0.00428437 0.383403 0.923571
0.188569 0.220342 0.385814 0.00428705 -0.383407 -0.923569
0.129219 -0.0228628 -0.22814 0.00428425 -0.383404 -0.923571
-0.272277 0.0818043 0.466172 -0.409908 -0.843093 0.348094
0.323948 0.229211 0.303125 0.998671 0.0490706 -0.0157381
-0.0170106 -0.0158771 -0.296975 -0.0513543 0.922276 -0.383105
-0.139768 0.179615 0.401197 0.00428424 -0.383404 -0.923571
0.266598 0.103636 0.0849086 -0.998671 -0.0490706 0.0157381
-0.0216508 -0.0993557 -0.132118 -0.00428424 0.383404 0.923571
0.328847 0.0380821 0.0180765 0.998671 0.0490706 -0.0157381
0.268677 0.12996 0.298911 -0.998671 -0.0490706 0.0157381
0.326895 0.10519 0.10345 0.998671 0.0490706 -0.0157381
-0.0126692 -0.112711 -0.46033 -0.0337715 0.392523 -0.919122
0.020341 0.104044 0.346689 0.00428431 -0.383404 -0.923571
0.3027 -0.042029 -0.219378 0.00428423 -0.383404 -0.923571
-0.0957869 0.269532 0.400671 -0.0513542 0.922276 -0.383105
0.148664 0.236695 0.443807 -0.00428438 0.383404 0.923571
-0.0302116 0.00150639 -0.174028 -0.00428424 0.383404 0.923571
0.331524 0.0932335 0.359895 0.998671 0.0490706 -0.0157382
0.326995 0.171496 0.316507 0.998671 0.0490706 -0.0157382
0.0774415 -0.164966 -0.146482 0.0513544 -0.922276 0.383105
0.327461 0.0370139 -0.0732403 0.998671 0.0490706 -0.0157381
0.240859 0.285941 0.423791 -0.00428493 0.383407 0.92357
0.167057 -0.156104 -0.13716 0.0513543 -0.922276 0.383105
-0.0715462 0.22959 0.380768 0.00428397 -0.383404 -0.923571
0.234346 0.0372291 -0.187631 -0.00428425 0.383404 0.923571
-0.148274 0.230494 0.431801 -0.355709 -0.295668 0.886595
-0.12355 0.0768696 0.443926 0.00428428 -0.383404 -0.923571
0.0414493 -0.103929 -0.178639 0.796212 0.560081 -0.228814
-0.0268367 -0.154897 -0.33101 -0.0160007 0.0049623 -0.99986
0.274941 0.237934 0.274907 -0.051354 0.922276 -0.383105
0.301861 0.0503841 -0.180204 -0.0513542 0.922276 -0.383105
0.27135 -0.0629873 -0.133089 -0.998671 -0.0490707 0.0157382
0.0453012 0.215052 0.405249 0.662812 -0.69047 0.289711
0.0158868 -0.0515152 -0.387179 -0.0513542 0.922276 -0.383105
-0.0304172 -0.056445 -0.19889 -0.998671 -0.0490706 0.0157382
0.142876 0.020671 -0.230423 -0.0513543 0.922276 -0.383105
0.14386 0.202794 0.392891 0.00428297 -0.383402 -0.923572
0.214136 0.294364 0.418906 -0.0513542 0.922276 -0.383105
0.125411 -0.0257525 -0.23991 0.998671 0.0490706 -0.0157382
-0.023907 -0.204762 -0.24822 -0.998671 -0.0490706 0.0157382
0.263851 0.17249 0.125274 -0.998671 -0.0490706 0.0157381
0.288948 0.126149 0.490349 -0.00428498 0.383401 0.923572
0.270374 0.0349962 0.110496 -0.998671 -0.0490707 0.0157382
0.268372 0.0118282 -0.088773 -0.998671 -0.0490707 0.0157382
0.326 0.101803 0.0360712 0.998671 0.0490706 -0.0157381
-0.0778988 0.268792 0.429432 -0.0042843 0.383404 0.923571
0.266614 0.0941206 0.056245 -0.998671 -0.0490706 0.0157381
0.0224209 -0.129861 -0.119249 -0.00428354 0.383403 0.923571
0.266628 0.150386 0.232593 -0.998671 -0.0490706 0.0157381
0.24616 0.0345738 -0.186474 -0.0042842 0.383404 0.923571
0.0308208 -0.0776316 -0.191815 0.999234 0.0375694 -0.010961
0.268293 0.169359 0.397407 -0.998671 -0.0490706 0.0157381
-0.0386586 0.107196 0.496697 -0.00428421 0.383404 0.923571
0.0267736 0.189568 0.38472 0.998671 0.0490706 -0.0157382
0.158111 -0.0779249 -0.205148 0.00428423 -0.383404 -0.923571
0.163589 0.276498 0.382673 -0.0513543 0.922276 -0.383104
-0.0793284 0.0888807 0.485636 0.0513543 -0.922276 0.383105
0.125842 -0.0418833 -0.262834 0.998671 0.0490706 -0.0157382
0.0796329 0.00567173 -0.258054 -0.0513542 0.922276 -0.383105
0.0613017 0.138962 0.451235 0.363928 0.860843 -0.355676
0.321383 -0.057282 -0.21296 0.00428423 -0.383404 -0.923571
-0.152069 0.112218 0.494086 -0.00428421 0.383404 0.923571
0.325035 0.0935472 -0.0508857 0.998671 0.0490706 -0.0157381
0.318221 -0.078135 0.0302763 0.0513542 -0.922276 0.383105
0.107677 -0.164123 -0.148505 0.0513543 -0.922276 0.383105
0.286915 0.0584046 0.363175 0.0513542 -0.922276 0.383105
0.244509 -0.0965625 -0.132042 -0.00428427 0.383404 0.923571
0.0592966 0.0197133 -0.181171 -0.00428425 0.383404 0.923571
-0.0265592 -0.114453 -0.134943 -0.998671 -0.0490706 0.0157382
-0.103345 0.249334 0.437391 -0.00428388 0.383401 0.923572
0.0554025 0.219384 0.397079 0.457545 -0.820481 0.34273
0.331371 0.045396 0.200995 0.998671 0.0490706 -0.0157382
0.32118 0.261684 0.325885 -0.0513542 0.922276 -0.383105
-0.319475 0.125768 0.458792 -0.87749 -0.444371 0.180402
-0.0243484 -0.195811 -0.248322 -0.998671 -0.0490706 0.0157382
0.130746 -0.134343 -0.239946 0.998671 0.0490705 -0.015738
0.329758 -0.0296288 -0.135279 0.998671 0.0490706 -0.0157381
0.314059 0.150078 0.0581628 -0.0513542 0.922276 -0.383105
0.00105204 0.235125 0.304858 -0.0513541 0.922276 -0.383105
0.0799226 -0.0568986 -0.274217 0.0760828 -0.920777 0.382597
0.264814 0.192872 0.249957 -0.998671 -0.0490706 0.0157381
0.0314531 0.10858 0.429145 0.998671 0.0490706 -0.0157382
0.332101 0.0867167 0.376157 0.998671 0.0490706 -0.0157382
0.0113506 -0.000791423 -0.26446 -0.0513542 0.922276 -0.383105
-0.0308523 0.127314 0.346456 -0.998671 -0.0490706 0.0157381
0.285656 -0.115308 -0.189037 0.00428423 -0.383404 -0.923571
0.266997 0.156252 0.274303 -0.998671 -0.0490706 0.0157381
0.113627 -0.0756407 -0.314581 0.00428426 -0.383404 -0.923571
0.0850792 -0.191435 -0.211228 0.0513544 -0.922276 0.383105
0.232851 -0.0593087 -0.212529 0.00428423 -0.383404 -0.923571
0.127768 0.204155 0.42191 -0.900305 -0.40346 0.163313
0.0499298 -0.0323221 -0.19479 0.624664 -0.720187 0.30187
0.0424738 0.232867 0.444903 -0.00428734 0.383417 0.923565
0.332235 0.11247 0.464969 0.998671 0.0490706 -0.0157382
0.124702 -0.0387867 -0.32555 0.998671 0.0490707 -0.0157381
0.329748 -0.0540664 -0.212107 0.998671 0.0490706 -0.0157381
0.272597 -0.0631409 -0.0544475 -0.998671 -0.0490707 0.0157382
0.27067 0.0580887 0.201298 -0.998671 -0.0490707 0.0157382
0.123602 0.00688051 -0.252971 0.998671 0.0490706 -0.0157382
0.315977 -0.0437717 0.113303 0.0513542 -0.922276 0.383105
0.0125951 -0.209062 -0.369975 0.671707 0.740742 0.0105493
0.123292 0.0152525 -0.179023 -0.00428425 0.383404 0.923571
0.329082 0.0436275 0.050242 0.998671 0.0490706 -0.0157381
0.00967913 -0.108392 -0.333095 0.726088 -0.515378 -0.455172
0.33062 -0.0186639 -0.046345 0.998671 0.0490706 -0.0157381
0.0360654 -0.251226 -0.359357 0.0505955 -0.991647 0.118641
0.263432 0.210219 0.216344 -0.998671 -0.0490706 0.0157381
-0.259778 0.115929 0.492046 -0.00428252 0.383402 0.923571
0.270823 0.0575543 0.209343 -0.998671 -0.0490707 0.0157382
-0.0277307 -0.0958145 -0.151165 -0.998671 -0.0490706 0.0157382
-0.205179 0.123554 0.471983 0.25435 0.879867 0.401423
0.00197141 -0.038549 -0.3541 -0.0513543 0.922276 -0.383105
-0.0175216 -0.206691 -0.2342 0.0513541 -0.922276 0.383105
0.105273 -0.0514105 -0.247812 -0.452061 -0.824562 0.340205
-0.0364285 0.247261 0.366602 -0.998671 -0.0490706 0.0157381
-0.0277356 -0.0620938 -0.406798 -0.0513542 0.922276 -0.383105
0.272381 0.0699021 0.346707 -0.998671 -0.0490707 0.0157382
0.116346 0.116264 0.493652 -0.00428421 0.383409 0.923569
0.271544 -0.0401686 -0.0496254 -0.998671 -0.0490707 0.0157382
-0.0242027 -0.228952 -0.342406 -0.998671 -0.0490707 0.0157378
0.325401 0.0926007 -0.0306572 0.998671 0.0490706 -0.0157381
0.271844 0.215251 0.220717 -0.051354 0.922276 -0.383105
-0.256514 0.165655 0.406451 0.00428429 -0.383405 -0.92357
-0.0262467 -0.131749 -0.169041 -0.998671 -0.0490706 0.0157382
0.102854 -0.0344327 -0.331738 0.00428436 -0.383404 -0.923571
0.333071 0.041011 0.295216 0.998671 0.0490706 -0.0157382
0.305858 0.131294 0.0140407 -0.0513542 0.922276 -0.383105
-0.228703 0.104386 0.496982 -0.00428686 0.383405 0.92357
0.264019 0.177109 0.150366 -0.998671 -0.0490706 0.0157381
0.273227 0.0155208 0.230853 -0.998671 -0.0490707 0.0157382
0.310531 -0.134558 -0.18093 0.00428423 -0.383404 -0.923571
0.268606 0.108473 0.2274 -0.998671 -0.0490706 0.0157381
-0.0224472 -0.0988797 -0.452215 -0.0408144 0.56672 -0.822899
0.319711 0.082165 -0.106088 -0.0513542 0.922276 -0.383105
0.00449826 -0.0178806 -0.304682 -0.0513543 0.922276 -0.383105
0.326441 0.12762 0.14455 0.998671 0.0490706 -0.0157381
-0.019217 0.261164 0.370263 -0.0513546 0.922276 -0.383106
0.327781 0.108206 0.169026 0.998671 0.0490706 -0.0157381
-0.0226334 0.0489071 0.381805 0.0513543 -0.922276 0.383105
0.0344899 0.201231 0.407509 0.878934 -0.439037 0.186336
0.13674 0.280874 0.396805 -0.0513542 0.922276 -0.383105
0.0311411 -0.107978 -0.265862 0.998671 0.0490709 -0.0157382
-0.0312096 -0.0711655 -0.295067 -0.998671 -0.0490705 0.015738
0.031787 -0.0840178 -0.186608 0.979863 0.185981 -0.0726614
0.331899 -0.0758319 -0.143454 0.998671 0.0490706 -0.0157381
0.26338 0.238724 0.301893 -0.998671 -0.0490706 0.0157381
0.0536224 0.0179175 -0.225087 -0.0513542 0.922276 -0.383105
0.327682 0.0113403 -0.139234 0.998671 0.0490706 -0.0157381
-0.315176 0.230102 0.441014 -0.827081 0.51776 -0.218776
0.332197 0.00818254 0.137412 0.998671 0.0490706 -0.0157382
0.243301 -0.135125 -0.11604 -0.00428425 0.383404 0.923571
0.0316593 -0.0985467 -0.203576 0.998671 0.0490707 -0.0157382
-0.236325 0.184453 0.439488 0.690369 0.143744 0.709034
0.273531 0.00023859 0.202494 -0.998671 -0.0490707 0.0157382
-0.0293184 -0.0679654 -0.165079 -0.998671 -0.0490706 0.0157382
-0.265282 0.094685 0.435872 0.00428477 -0.383404 -0.923571
0.0457053 -0.111812 -0.191601 -0.00428343 0.383404 0.923571
-0.0330899 -0.0324644 -0.293711 -0.998671 -0.0490706 0.0157382
0.13987 0.156236 0.477167 -0.00428475 0.383402 0.923572
0.0974122 0.02494 -0.183164 -0.00428425 0.383404 0.923571
0.331934 -0.0840577 -0.166895 0.998671 0.0490706 -0.0157381
-0.0480069 0.278357 0.4256 -0.0042843 0.383404 0.923571
0.128414 -0.176862 -0.272492 0.00428795 -0.383403 -0.923571
0.263766 0.213954 0.249177 -0.998671 -0.0490706 0.0157381
0.329535 0.0896247 0.22239 0.998671 0.0490706 -0.0157382
0.153325 0.0888098 0.454279 0.0513542 -0.922276 0.383105
0.282251 0.200251 0.18321 -0.051354 0.922276 -0.383105
0.334301 -0.12817 -0.15425 0.998671 0.0490706 -0.0157381
0.0343421 -0.174953 -0.164748 0.0513542 -0.922276 0.383105
-0.00873425 0.0803769 0.356379 0.00428431 -0.383404 -0.923571
0.202421 -0.0286055 -0.225416 0.00428393 -0.383403 -0.923571
0.271153 0.0383484 0.170384 -0.998671 -0.0490707 0.0157382
0.0393274 0.282531 0.424272 -0.0042843 0.383404 0.923571
0.273528 0.0031843 0.211485 -0.998671 -0.0490707 0.0157382
0.0251039 -0.077019 -0.371775 0.740973 -0.671531 0.00245557
-0.0966658 0.261995 0.382645 -0.0513542 0.922276 -0.383105
0.325499 0.0325971 -0.211488 0.998671 0.0490706 -0.0157381
-0.0251068 -0.224824 -0.386909 -0.998671 -0.0490708 0.0157388
0.0257953 0.188653 0.319791 0.998671 0.0490706 -0.0157381
-0.151902 0.193103 0.419473 -0.520718 -0.174782 0.835646
-0.0805353 0.199368 0.458239 -0.00428424 0.383404 0.923571
-0.206565 0.266165 0.429925 -0.0042843 0.383404 0.923571
0.271482 0.101569 0.388376 -0.998671 -0.0490706 0.0157381
0.309503 0.108151 -0.0421626 -0.0513542 0.922276 -0.383105
0.296385 0.242765 0.441972 -0.00428428 0.383404 0.923571
0.0569932 -0.177377 -0.173619 0.0513544 -0.922276 0.383105
0.0234729 -0.0163017 -0.303424 -0.0513542 0.922276 -0.383105
0.166895 0.107706 0.497439 -0.00428421 0.383404 0.923571
-0.0293138 -0.0784248 -0.197402 -0.998671 -0.0490706 0.0157382
0.083453 -0.0216936 -0.324445 -0.0513542 0.922276 -0.383105
0.0172298 0.118885 0.492104 -0.00428436 0.383395 0.923575
0.272422 0.149533 0.480565 -0.00428428 0.383404 0.923571
0.238054 -0.0128134 -0.166839 -0.00428427 0.383404 0.923571
0.324451 0.222612 0.314454 0.998671 0.0490706 -0.0157381
0.0966919 -0.152033 -0.255483 -0.270998 0.888573 -0.370132
-0.031495 -0.0655903 -0.295795 -0.998671 -0.0490704 0.0157379
0.000665846 0.0857282 0.467324 0.0513543 -0.922276 0.383105
0.0764513 0.0811199 0.443089 0.00428428 -0.383404 -0.923571
0.0121329 0.264093 0.4318 -0.00428388 0.383401 0.923572
0.241582 0.107628 0.432851 0.00428276 -0.383406 -0.92357
0.259835 -0.0556274 -0.213932 0.00428423 -0.383404 -0.923571
0.267066 0.158123 0.284491 -0.998671 -0.0490706 0.0157381
0.121903 0.165586 0.471098 -0.798037 0.555237 -0.234199
0.25419 0.00462282 -0.174003 -0.00428427 0.383404 0.923571
0.326172 0.19544 0.33894 0.998671 0.0490706 -0.0157382
0.330835 0.125986 0.418265 0.998671 0.0490706 -0.0157382
-0.223694 0.21455 0.386305 0.0042847 -0.383403 -0.923571
0.115176 -0.2038 -0.245028 0.0513542 -0.922276 0.383105
0.326112 0.21719 0.402932 0.998671 0.0490706 -0.0157382
0.0285292 -0.220013 -0.348393 0.669614 0.705381 -0.232496
-0.0321821 -0.0440786 -0.272324 -0.998671 -0.0490704 0.0157379
0.113351 -0.163029 -0.278305 0.0042811 -0.383405 -0.92357
-0.237986 0.145665 0.414835 0.00428361 -0.383402 -0.923572
0.266131 0.176187 0.281508 -0.998671 -0.0490706 0.0157381
-0.16373 0.121665 0.425143 0.00428428 -0.383404 -0.923571
0.328481 0.0110036 -0.0895879 0.998671 0.0490706 -0.0157381
0.331654 0.0841974 0.339924 0.998671 0.0490706 -0.0157382
0.270192 0.207614 0.202552 -0.051354 0.922276 -0.383105
-0.200123 0.254985 0.434596 -0.0042822 0.383408 0.923569
-0.0359056 0.235473 0.363027 -0.998671 -0.0490706 0.0157381
-0.00460023 -0.0152968 -0.297242 -0.0513543 0.922276 -0.383105
0.0732302 -0.068675 -0.31766 0.00429269 -0.383395 -0.923574
-0.176018 0.258255 0.384278 -0.0513542 0.922276 -0.383105
-0.17625 0.10399 0.49739 -0.00428421 0.383404 0.923571
0.0283011 -0.222497 -0.360062 0.670276 0.736002 -0.0950342
0.234046 0.279952 0.381542 -0.0513543 0.922276 -0.383104
0.288109 0.0181754 0.266168 0.0513541 -0.922276 0.383105
0.277586 -0.0139378 0.19027 0.0513541 -0.922276 0.383105
0.324349 -0.119819 -0.0708932 0.0513541 -0.922276 0.383105
0.169195 0.218525 0.386478 0.00428297 -0.383402 -0.923572
0.272597 -0.0219241 0.074107 -0.998671 -0.0490707 0.0157382
-0.217444 0.247757 0.372549 0.00428426 -0.383404 -0.923571
0.0934218 -0.154622 -0.123723 0.0513543 -0.922276 0.383105
0.0334045 0.057441 0.393525 0.998671 0.0490706 -0.0157382
0.0327239 0.213005 0.444071 0.901615 -0.397987 0.169399
0.0314574 -0.0596684 -0.178241 0.989046 -0.134648 0.0604845
-0.00586676 -0.100529 -0.45406 -0.0391956 0.525023 -0.850185
0.327302 0.135128 0.222599 0.998671 0.0490706 -0.0157382
0.0479465 -0.0244032 -0.326208 -0.0513542 0.922276 -0.383105
-0.031818 -0.0890948 -0.389573 -0.998671 -0.049071 0.0157375
0.139084 -0.0670276 -0.20976 0.00428483 -0.383405 -0.92357
0.274529 -0.0803093 0.0146243 -0.998671 -0.0490707 0.0157382
0.105348 -0.139657 -0.114798 -0.00428425 0.383404 0.923571
0.273452 0.195926 0.173977 -0.051354 0.922276 -0.383105
0.0509012 -0.0271769 -0.184525 0.624666 -0.720186 0.30187
0.293087 0.248162 0.439716 -0.00428428 0.383404 0.923571
-0.330106 0.153828 0.448328 -0.979863 -0.185983 0.0726623
0.0465615 -0.0656365 -0.25114 0.763828 -0.594834 0.250478
-0.0737485 0.187415 0.398266 0.0042843 -0.383404 -0.923571
-0.188791 0.237367 0.427729 0.0859698 -0.376767 0.92231
-0.157927 0.0721851 0.45598 0.0513542 -0.922276 0.383105
0.164229 -0.0279307 -0.160906 -0.00428701 0.383407 0.923569
0.0781881 -0.00991445 -0.295382 -0.0513542 0.922276 -0.383105
-0.205645 0.0867169 0.49736 0.0513542 -0.922276 0.383105
-0.0825844 0.203722 0.391455 0.0042843 -0.383404 -0.923571
-0.309016 0.121464 0.489221 -0.765069 -0.595987 0.243864
0.131579 -0.13356 -0.184675 0.998671 0.0490706 -0.0157382
-0.0521458 0.252123 0.436471 -0.00428505 0.383409 0.923569
-0.0152035 -0.174857 -0.337258 -0.0391949 0.52501 -0.850193
-0.15662 0.078541 0.443078 0.00428428 -0.383404 -0.923571
-0.0237672 -0.19893 -0.221169 -0.998671 -0.0490706 0.0157382
0.261282 -0.161057 -0.170158 0.00428424 -0.383404 -0.923571
0.0681641 -0.169341 -0.275894 0.00428571 -0.383405 -0.923571
0.330876 0.119183 0.399697 0.998671 0.0490706 -0.0157382
0.273485 -0.0245007 0.122418 -0.998671 -0.0490707 0.0157382
0.265592 0.213412 0.363372 -0.998671 -0.0490706 0.0157381
0.327293 0.194535 0.407223 0.998671 0.0490706 -0.0157382
-0.25938 0.104975 0.496595 -0.00428237 0.383403 0.923571
0.324894 0.166715 0.168293 0.998671 0.0490706 -0.0157381
0.326151 0.0755995 -0.0360628 0.998671 0.0490706 -0.0157381
0.3292 -0.026031 -0.159461 0.998671 0.0490706 -0.0157381
0.32836 0.00911612 -0.103199 0.998671 0.0490706 -0.0157381
0.256443 0.239442 0.443166 -0.00428428 0.383404 0.923571
0.0284999 0.175357 0.432079 0.988596 0.140655 -0.0538046
-0.331565 0.173418 0.434972 -0.998822 0.0430007 -0.0224845
0.208888 0.219465 0.451239 -0.00428428 0.383404 0.923571
0.0679351 0.227268 0.382379 0.00428312 -0.383405 -0.92357
-0.266986 0.108049 0.495284 -0.00428146 0.383401 0.923572
0.133899 -0.101138 -0.130656 -0.00428339 0.383406 0.92357
-0.025655 0.0199631 -0.209536 -0.0513543 0.922276 -0.383105
0.0907381 -0.210251 -0.257284 0.0513542 -0.922276 0.383105
0.266342 0.0571984 -0.076122 -0.998671 -0.0490706 0.0157381
0.326958 0.0315565 -0.12218 0.998671 0.0490706 -0.0157381
0.267801 0.0675255 0.0486364 -0.998671 -0.0490706 0.0157381
0.0632237 0.0906957 0.470897 0.0513543 -0.922276 0.383105
0.103703 -0.0265754 -0.201135 -0.409907 -0.843094 0.348094
0.331474 0.0669487 0.274752 0.998671 0.0490706 -0.0157382
-0.231128 0.249834 0.436591 -0.00428753 0.383402 0.923571
0.326769 -0.00112821 -0.236095 0.998671 0.0490706 -0.0157381
0.291424 0.0327795 -0.221185 -0.0513543 0.922276 -0.383105
-0.00631017 -0.195094 -0.207785 0.0513541 -0.922276 0.383105
0.324064 0.13219 0.0137568 -0.0513542 0.922276 -0.383105
-0.202382 0.0948255 0.436106 0.0042773 -0.383399 -0.923573
0.154505 0.117695 0.493235 -0.00428436 0.383395 0.923575
0.0973958 -0.155569 -0.264486 -0.270998 0.888573 -0.370132
0.32114 -0.0140104 0.184257 0.0513542 -0.922276 0.383105
-0.219409 0.122638 0.484699 0.349648 0.837801 0.419328
-0.0257126 -0.162242 -0.230221 -0.998671 -0.04907 0.0157381
0.150395 -0.15418 -0.173527 0.00428424 -0.383404 -0.923571
0.0656386 -0.190563 -0.206522 0.0513542 -0.922276 0.383105
0.299865 -0.00877031 -0.233198 0.00428423 -0.383404 -0.923571
0.0331946 0.0592992 0.385998 0.998671 0.0490706 -0.0157382
0.121261 0.0276564 -0.210709 -0.0513543 0.922276 -0.383105
0.266189 0.0311453 -0.167091 -0.998671 -0.0490707 0.0157382
0.302967 0.110446 0.486306 0.0513542 -0.922276 0.383105
-0.14235 0.0897869 0.496266 0.0513543 -0.922276 0.383105
-0.291624 0.128691 0.486601 -0.00428485 0.383404 0.923571
0.275592 0.158215 0.476975 -0.00428428 0.383404 0.923571
0.0404405 0.0976805 0.436047 0.00427976 -0.383402 -0.923572
0.0639753 -0.195225 -0.217523 0.0513542 -0.922276 0.383105
0.136366 -0.0287768 -0.225651 0.00428425 -0.383404 -0.923571
0.265409 0.0472988 -0.166213 -0.998671 -0.0490706 0.0157381
0.265811 0.210556 0.368326 -0.998671 -0.0490706 0.0157381
-0.00973296 0.0102837 -0.177577 -0.00428517 0.383403 0.923571
0.00814756 -0.228973 -0.291283 0.0513541 -0.922276 0.383105
0.153364 -0.0325411 -0.22401 0.00428425 -0.383404 -0.923571
0.330866 0.0812985 0.280888 0.998671 0.0490706 -0.0157382
0.0511693 -0.1484 -0.274743 0.657057 0.697306 -0.286426
0.300321 -0.0974778 -0.196371 0.00428423 -0.383404 -0.923571
0.264911 0.165302 0.170106 -0.998671 -0.0490706 0.0157381
0.162515 -0.154952 -0.133779 0.0513543 -0.922276 0.383105
0.332702 -0.0921296 -0.143306 0.998671 0.0490706 -0.0157381
-0.149208 0.140277 0.448275 -0.497593 0.737147 0.457182
-0.22873 0.215501 0.385887 0.00428241 -0.383405 -0.92357
0.082653 0.0876746 0.46102 0.0513543 -0.922276 0.383105
0.32815 0.171404 0.389514 0.998671 0.0490706 -0.0157382
0.239612 -0.0885258 -0.135401 -0.00428427 0.383404 0.923571
0.267739 0.0861135 0.102689 -0.998671 -0.0490706 0.0157381
0.0580281 0.245886 0.439571 -0.00428445 0.383404 0.923571
-0.175814 0.273052 0.419872 -0.0513542 0.922276 -0.383105
0.0825082 -0.0360419 -0.224319 0.0265897 -0.923209 0.383377
0.326077 0.104372 0.0489604 0.998671 0.0490706 -0.0157381
-0.190336 0.255711 0.380074 -0.0513542 0.922276 -0.383105
0.304738 0.0736572 -0.124562 -0.0513542 0.922276 -0.383105
0.00650684 0.0160657 -0.179902 -0.00428447 0.383403 0.923571
0.298995 0.236017 0.267069 -0.051354 0.922276 -0.383105
0.00748141 -0.201718 -0.353507 0.669614 0.705381 -0.232496
0.103171 -0.110632 -0.15098 -0.366743 0.858623 -0.358143
0.266275 0.130867 0.149348 -0.998671 -0.0490706 0.0157381
0.264893 0.149792 0.120611 -0.998671 -0.0490706 0.0157381
-0.0258036 -0.178457 -0.286555 -0.998671 -0.0490706 0.0157382
0.329044 0.0168037 -0.0357935 0.998671 0.0490706 -0.0157381
0.2966 -0.12196 -0.0723277 0.0513541 -0.922276 0.383105
0.256513 -0.0197542 -0.22884 0.00428423 -0.383404 -0.923571
0.008498 -0.099878 -0.454321 -0.0391956 0.525023 -0.850185
0.330986 0.101209 0.350583 0.998671 0.0490706 -0.0157382
-0.325557 0.130189 0.43388 -0.939164 -0.318741 0.127963
-0.0407385 0.240475 0.376392 0.0042843 -0.383404 -0.923571
-0.298468 0.0947949 0.453178 -0.660548 -0.694488 0.28524
0.329726 -0.0480247 -0.194668 0.998671 0.0490706 -0.0157381
-0.204238 0.250967 0.371278 0.00428426 -0.383404 -0.923571
0.172369 0.247672 0.374393 0.00428416 -0.383404 -0.923571
0.322757 0.265215 0.339802 0.998671 0.0490706 -0.0157381
0.113927 -0.129778 -0.225236 -0.621736 0.722347 -0.302753
-0.0073112 0.205966 0.30425 0.00428424 -0.383404 -0.923571
-0.235633 0.230957 0.379439 0.0042847 -0.383403 -0.923571
0.315538 -0.131967 -0.181983 0.00428423 -0.383404 -0.923571
0.248773 0.197894 0.395412 0.00428429 -0.383404 -0.923571
0.324038 0.139482 0.0313149 -0.0513542 0.922276 -0.383105
0.0279525 0.186981 0.450086 0.99487 0.0949816 -0.0348149
-0.267243 0.082537 0.473383 -0.363929 -0.860843 0.355675
-0.0169907 -0.188196 -0.189747 0.0513541 -0.922276 0.383105
0.324623 0.110477 -0.0242787 0.998671 0.0490706 -0.0157381
0.0315802 -0.0643031 -0.223024 0.051354 -0.922276 0.383105
0.125334 0.108211 0.432069 0.00428428 -0.383404 -0.923571
0.320743 -0.110819 -0.190738 0.00428423 -0.383404 -0.923571
0.180704 -0.0985717 -0.131504 -0.00428551 0.383402 0.923572
0.243768 -0.039717 -0.155644 -0.00428427 0.383404 0.923571
0.331593 -0.0613671 -0.117806 0.998671 0.0490706 -0.0157381
0.272618 0.0537522 0.311396 -0.998671 -0.0490707 0.0157382
0.234596 -0.0533429 -0.15003 -0.00428427 0.383404 0.923571
0.130649 -0.105248 -0.128965 -0.00428437 0.383403 0.923571
-0.146691 0.0740052 0.458855 0.0513542 -0.922276 0.383105
0.194817 0.003983 -0.174013 -0.0042832 0.383402 0.923572
0.332309 -0.0921571 -0.168339 0.998671 0.0490706 -0.0157381
0.00711114 -0.252339 -0.382548 0.0466161 -0.990417 -0.130007
0.235311 0.261549 0.368924 0.00428325 -0.383402 -0.923572
