ply
format ascii 1.0
comment Created by Open3D
element vertex 2096
property double x
property double y
property double z
property double nx
property double ny
property double nz
end_header
-0.165925 -0.0257771 -0.201339 -0.701425 -0.703785 -0.112651
-0.154429 -0.0845219 0.216827 0.180448 0.625514 -0.759059
-0.0528901 -0.141683 0.269278 0.383637 -0.506004 0.772517
-0.154909 0.0138582 0.250085 0.701425 0.703784 0.112651
0.310438 0.336728 -0.0587437 -0.701421 -0.703789 -0.112648
0.157561 -0.30389 -0.0211956 0.600687 -0.498645 -0.624922
-0.181216 -0.0287341 -0.08765 -0.701425 -0.703785 -0.112651
-0.0484798 -0.134734 -0.251908 -0.701424 -0.703785 -0.112651
0.302467 0.356668 -0.0255372 0.22355 -0.367312 0.902833
0.085016 0.458611 -0.0776418 -0.383637 0.506004 -0.772517
-0.204184 -0.0247892 0.127537 0.173766 -0.907788 0.381742
0.172301 0.326489 0.237206 0.600687 -0.498645 -0.624922
-0.133696 -0.176015 0.263966 -0.0184725 -0.790105 0.612694
0.211335 0.31865 -0.232048 -0.383637 0.506004 -0.772517
0.11906 -0.0426858 -0.1836 -0.600687 0.498645 0.624922
-0.241367 -0.151136 0.109225 -0.383636 0.922344 -0.045892
0.167215 0.45222 0.111504 -0.701425 -0.703785 -0.112651
0.327908 -0.0192736 -0.0845592 0.600687 -0.498645 -0.624922
0.281081 -0.172271 0.0598907 0.296456 -0.144349 -0.944075
-0.000981277 0.480075 0.0145 0.610069 -0.511111 -0.60546
0.0969204 0.0653907 0.263353 -0.383637 0.506004 -0.772517
0.180836 0.118108 0.323373 0.383637 -0.506004 0.772517
0.339375 0.340619 -0.0325039 -0.0922302 -0.0670993 0.993474
-0.217745 -0.154625 0.289016 -0.0184725 -0.790105 0.612694
0.0448906 0.518638 -0.00462695 0.289818 -0.426027 0.857033
0.202285 0.0242428 0.184076 -0.383637 0.506004 -0.772517
-0.170453 -0.0954874 0.327308 -0.570848 0.460083 0.680041
0.0741443 0.197779 -0.24309 -0.383637 0.506004 -0.772517
0.334103 -0.0580109 -0.0476942 0.600687 -0.498645 -0.624922
0.135365 0.295562 0.226381 0.600687 -0.498645 -0.624922
0.0447665 -0.264831 -0.0197331 -0.701425 -0.703785 -0.112652
0.233865 -0.139387 0.128377 0.383637 -0.506004 0.772517
0.0364601 -0.253395 -0.0394544 -0.701425 -0.703785 -0.112651
0.425161 0.240132 -0.198066 0.600687 -0.498645 -0.624922
0.209212 0.0705984 -0.270364 0.600687 -0.498645 -0.624922
-0.000183311 0.264882 -0.095062 0.383638 -0.506004 0.772517
0.17169 0.0648349 0.225858 -0.383637 0.506004 -0.772517
0.36195 -0.00693948 -0.0616791 0.600687 -0.498645 -0.624922
0.371426 0.295563 -0.181312 -0.701425 -0.703785 -0.112651
0.0940274 0.504891 0.0196158 0.600687 -0.498645 -0.624922
0.167308 -0.0972917 -0.0936515 -0.600687 0.498645 0.624922
0.447927 0.235643 0.177279 0.701427 0.703783 0.112652
-0.472771 -0.0737212 -0.0363212 -0.999788 0.0201944 -0.00390514
0.277452 -0.113501 -0.0578713 0.600687 -0.498645 -0.624922
0.251366 0.00656517 -0.17875 0.600687 -0.498645 -0.624922
0.223057 0.18175 -0.323641 -0.0726114 0.227791 -0.970999
-0.0604782 0.29032 0.125341 -0.600687 0.498645 0.624922
0.194017 0.494022 0.144045 0.701425 0.703785 0.112651
0.203298 0.168319 0.345107 0.383637 -0.506004 0.772517
-0.0777987 -0.158999 0.0822418 -0.701425 -0.703785 -0.112651
0.427204 0.224158 -0.0825153 -0.701425 -0.703785 -0.112651
-0.0827501 0.33784 0.0660151 -0.600687 0.498645 0.624922
0.282617 0.424024 0.0296839 0.701425 0.703785 0.112651
0.116471 0.585295 0.056659 0.701425 0.703785 0.112651
-0.0336928 0.413212 0.0530277 -0.600687 0.498645 0.624922
-0.065052 -0.0748109 0.244544 0.701425 0.703785 0.112651
0.376235 0.280737 -0.277494 0.600687 -0.498645 -0.624922
-0.209638 -0.162477 0.279134 -0.0184725 -0.790105 0.612694
0.00757775 0.394606 0.0245187 0.600687 -0.498645 -0.624922
0.290508 -0.129379 -0.0326517 0.600687 -0.498645 -0.624922
0.129777 0.160123 0.375958 0.307221 -0.441158 0.843205
-0.223212 -0.0667015 0.191533 0.549213 -0.106442 -0.828876
0.478977 0.0913788 -0.0276411 0.600687 -0.498645 -0.624922
-0.191104 0.21104 0.0111938 -0.70143 -0.70378 -0.112645
-0.0763754 -0.0305346 -0.317888 -0.383637 0.506004 -0.772517
0.580309 0.0969654 0.0653035 0.600687 -0.498646 -0.624922
-0.312778 -0.149038 -0.04335 0.600687 -0.498645 -0.624922
-0.315432 0.0927471 0.037924 -0.600687 0.498645 0.624922
0.0806677 0.0411564 -0.281755 0.383637 -0.506004 0.772517
0.00881997 0.370105 0.128289 -0.600687 0.498645 0.624922
-0.183974 0.0811272 -0.191314 -0.383637 0.506004 -0.772517
0.366619 0.305604 -0.214111 -0.701425 -0.703785 -0.112651
0.227573 0.402756 0.312505 -0.600687 0.498645 0.624922
0.306753 0.233635 0.336513 0.383637 -0.506004 0.772517
0.273328 0.0347377 0.222833 0.383637 -0.506004 0.772517
-0.0975081 -0.0226173 0.120554 0.701426 0.703784 0.112651
0.0791377 -0.17244 -0.0433242 0.701425 0.703785 0.11265
-0.460829 0.0270878 -0.0836521 -0.804195 0.471557 -0.361806
0.113242 0.45377 -0.0276668 0.383638 -0.506004 0.772517
-0.137678 -0.00160438 0.239393 0.701425 0.703785 0.112651
-0.287563 0.045796 0.102176 -0.600687 0.498645 0.624922
0.589316 0.110348 0.0796942 0.701424 0.703785 0.112658
0.0537576 0.127887 -0.211583 0.383638 -0.506004 0.772517
-0.0364936 0.389862 0.0689678 -0.600687 0.498645 0.624922
0.423029 0.216574 -0.00913469 -0.701425 -0.703785 -0.112651
-0.15589 0.294313 -0.0390384 -0.389744 0.246404 0.887347
-0.430035 -0.270341 0.126577 -0.26199 -0.861305 0.435334
0.0249155 0.190188 -0.156452 0.383638 -0.506004 0.772517
0.310625 0.289181 0.237144 -0.701425 -0.703784 -0.112651
-0.265067 0.166627 -0.0184298 0.701425 0.703784 0.112651
0.0133377 -0.120887 -0.305849 0.600687 -0.498645 -0.624922
0.0352957 -0.264647 0.0380929 -0.701425 -0.703785 -0.112651
0.359898 0.143458 0.251054 0.383638 -0.506004 0.772517
0.474917 0.227308 0.0412582 0.223537 -0.3673 0.902841
-0.398337 -0.156322 -0.0338799 -0.388965 -0.306828 0.868656
-0.0680984 0.0440483 0.288574 -0.701425 -0.703785 -0.112651
0.100203 0.327253 -0.104062 0.383638 -0.506004 0.772517
0.307423 0.198579 -0.195055 -0.600687 0.498645 0.624922
-0.264066 0.0405083 -0.147596 0.570835 -0.460067 -0.680063
-0.331946 -0.188154 0.0317416 -0.536661 0.785822 0.307372
-0.00933176 -0.110586 -0.33586 0.600687 -0.498645 -0.624922
0.0892338 0.0590182 0.330159 0.383637 -0.506004 0.772517
-0.0340392 0.0432975 0.264836 0.600687 -0.498645 -0.624922
-0.316395 -0.145683 -0.0495037 0.600687 -0.498645 -0.624922
-0.0410378 -0.0712696 -0.159204 0.289825 -0.426034 0.857028
0.282366 0.381898 0.294431 0.701425 0.703784 0.112651
0.248259 -0.204072 0.0224187 0.701423 0.703787 0.112652
-0.463208 0.0184563 -0.0884128 -0.794791 0.395514 -0.460299
0.265046 0.203784 -0.239942 -0.600687 0.498645 0.624922
-0.00644872 0.423215 0.0712336 -0.600687 0.498645 0.624922
0.16026 -0.309918 -0.0137912 0.600687 -0.498645 -0.624922
-0.0384521 0.407118 0.0533158 -0.600687 0.498645 0.624922
-0.184669 0.0954701 -0.0744842 0.701425 0.703785 0.112651
-0.343321 -0.084438 0.152499 -0.600687 0.498645 0.624922
-0.032842 -0.0717545 0.0248925 0.701425 0.703784 0.112651
0.385757 0.251016 0.308664 0.383638 -0.506004 0.772517
0.180592 0.232073 0.320514 0.600687 -0.498645 -0.624922
-0.0491433 0.317856 0.0312385 0.600687 -0.498645 -0.624922
0.384741 0.272745 -0.121658 -0.701427 -0.703783 -0.112648
0.149423 0.482601 0.0324808 -0.701423 -0.703785 -0.112657
-0.0716617 0.325262 0.00368377 0.600687 -0.498645 -0.624922
0.038887 -0.235527 -0.166196 -0.701425 -0.703785 -0.112651
-0.297359 -0.151071 -0.0269057 0.600687 -0.498645 -0.624922
0.2196 0.0319159 -0.229512 0.600687 -0.498645 -0.624922
0.131516 0.204622 -0.199936 0.383637 -0.506004 0.772517
0.236581 0.175868 0.333523 0.383637 -0.506004 0.772517
-0.309758 -0.0474731 0.155265 -0.600687 0.498645 0.624922
-0.320917 -0.301136 0.0917497 0.279982 -0.933249 0.225071
0.27435 0.0314609 -0.0934966 -0.600687 0.498645 0.624922
0.339331 0.267105 0.196323 -0.701425 -0.703785 -0.112651
0.161049 0.154775 0.290053 -0.383637 0.506004 -0.772517
-0.00444975 0.364991 -0.0945344 -0.383637 0.506004 -0.772517
0.0269257 0.082544 -0.227957 0.383638 -0.506004 0.772517
0.233937 0.024512 0.235697 0.383637 -0.506004 0.772517
0.31961 0.295588 0.141168 -0.701426 -0.703783 -0.112653
-0.0841092 -0.168364 0.267305 0.383637 -0.506004 0.772517
0.0479518 -0.272904 0.0108697 -0.701425 -0.703785 -0.112652
0.321464 0.378542 -0.0212501 0.257007 -0.397166 0.881026
-0.0161628 -0.0396953 -0.27925 0.701425 0.703785 0.112651
-0.0191454 0.410839 0.0689046 -0.600687 0.498645 0.624922
0.370674 -0.116811 0.034377 0.600687 -0.498646 -0.624922
-0.362389 -0.25872 0.150419 -0.0184727 -0.790105 0.612694
0.134136 0.163171 0.342 -0.627683 0.535073 0.56543
-0.249212 0.0571688 0.129965 -0.600687 0.498645 0.624922
0.0864419 0.336673 0.146551 0.600687 -0.498645 -0.624922
-0.00371999 -0.070498 -0.345781 -0.570335 0.459432 0.680911
0.0295076 0.0829487 0.31995 0.0496421 -0.205909 0.977311
0.0189616 0.143983 -0.183759 0.383638 -0.506004 0.772517
0.116796 -0.218369 0.00913759 0.701425 0.703785 0.112651
0.116982 -0.335379 0.0580464 0.383638 -0.506004 0.772517
0.0146192 -0.184322 -0.154499 -0.524945 0.403204 0.749573
-0.3911 -0.138968 -0.0225592 -0.257154 -0.524758 0.811481
0.000572245 0.0314799 0.355708 0.275298 -0.413308 0.867979
0.14848 0.46131 -0.0402279 0.383638 -0.506004 0.772517
-0.198874 -0.237633 0.182541 -0.0184725 -0.790105 0.612694
0.0419285 0.0417057 0.342312 0.383637 -0.506004 0.772517
-0.230115 0.136587 -0.0483915 0.701425 0.703784 0.112651
-0.0717222 -0.000211356 -0.179983 0.701425 0.703785 0.112651
0.41477 0.338987 -0.261906 0.701425 0.703785 0.112651
0.109344 0.405239 0.19688 -0.600687 0.498645 0.624922
0.0731197 0.0924625 0.292905 -0.383637 0.506004 -0.772517
0.583671 0.111095 0.110172 0.701425 0.703785 0.112651
0.216612 -0.164837 0.0531124 -0.383637 0.506004 -0.772517
-0.281544 -0.21995 0.202852 -0.0184727 -0.790105 0.612694
-0.0742407 -0.0493592 0.142748 0.701425 0.703785 0.112651
0.216921 0.0016458 -0.124908 -0.600687 0.498645 0.624922
0.396781 -0.0819166 0.0316283 0.600687 -0.498646 -0.624922
0.258479 0.379992 0.0361768 0.679997 -0.708145 0.190092
0.369344 0.236292 0.201951 -0.701424 -0.703786 -0.11265
0.125631 0.276943 -0.149643 0.383637 -0.506004 0.772517
0.121945 -0.350038 0.0320393 -0.70142 -0.703787 -0.112663
0.420817 0.248773 -0.209136 0.600687 -0.498645 -0.624922
0.0838041 0.117246 0.330726 -0.500256 0.373542 0.78116
-0.144791 0.0312572 0.0783862 0.701425 0.703785 0.112651
0.012583 -0.0130039 0.253886 -0.383637 0.506004 -0.772517
-0.24706 -0.246036 0.170252 -0.0184725 -0.790105 0.612694
0.0519543 0.331786 0.117301 0.600687 -0.498645 -0.624922
-0.0547461 0.15587 0.238133 -0.600687 0.498645 0.624922
0.24765 -0.0437263 -0.0591667 -0.600687 0.498645 0.624922
0.267089 0.347991 0.140806 -0.701425 -0.703785 -0.112652
0.0636122 0.0239795 -0.304799 0.328408 -0.178855 -0.927448
0.366991 0.278802 0.111208 -0.468881 0.574672 -0.670748
0.36061 0.0558674 0.126165 -0.383638 0.506004 -0.772517
0.14903 0.381106 0.254283 -0.600687 0.498645 0.624922
0.00323209 0.488897 0.00855304 0.709555 -0.674576 -0.203664
0.196751 -0.168509 0.127734 0.383637 -0.506004 0.772517
0.159789 0.462701 0.0922599 -0.701425 -0.703785 -0.112651
0.0204835 -0.0415699 0.271914 -0.701425 -0.703785 -0.112651
0.0539977 0.0388707 0.267298 -0.383637 0.506004 -0.772517
0.064629 0.135567 0.351793 0.670997 -0.598745 -0.437341
-0.216092 -0.0268454 0.164281 0.518704 -0.815789 -0.255801
0.290999 0.124124 -0.151432 -0.600687 0.498645 0.624922
-0.273064 -0.218248 0.0500492 0.600687 -0.498645 -0.624922
0.226545 0.357596 0.347552 -0.600687 0.498645 0.624922
0.542526 0.0836511 0.0396097 0.600687 -0.498646 -0.624922
0.362114 0.297025 0.328113 0.701425 0.703785 0.112651
-0.145575 0.053571 -0.0561433 0.701425 0.703785 0.112651
-0.0405765 -0.0891425 -0.167174 0.189538 -0.336546 0.922395
0.305548 0.370031 0.128603 0.447225 -0.311524 -0.838417
0.469591 0.024489 0.0604529 0.383631 -0.505999 0.772523
0.313863 -0.0434346 0.0843361 -0.383638 0.506004 -0.772517
-0.0936159 0.397161 -0.0290002 -0.454284 0.563239 -0.690209
0.24615 0.453704 0.0713203 0.701432 0.703779 0.112642
-0.0605026 0.251773 0.156075 -0.600687 0.498645 0.624922
0.124113 0.54996 0.0955989 -0.600687 0.498645 0.624922
0.319204 -0.162477 0.0560526 -0.565952 0.646037 -0.512186
0.110536 -0.29395 -0.0743278 0.600687 -0.498645 -0.624922
-0.123948 0.314387 0.0451282 -0.600687 0.498645 0.624922
-0.106909 0.097177 0.234826 -0.600687 0.498645 0.624922
-0.202561 -0.221681 0.120558 0.600687 -0.498645 -0.624922
0.102794 0.595308 0.00342238 -0.454284 0.563239 -0.690209
0.0286974 0.391788 -0.02628 0.383638 -0.506004 0.772517
0.313461 0.417406 -0.121017 0.701423 0.703791 0.112626
0.496746 0.142007 0.182144 0.383638 -0.506004 0.772517
-0.260099 -0.240108 0.0799538 0.600687 -0.498645 -0.624922
-0.123976 0.145844 0.179588 -0.600687 0.498645 0.624922
0.258721 0.337745 0.25692 -0.701425 -0.703784 -0.112651
-0.0949148 0.245477 0.0449953 0.600687 -0.498645 -0.624922
0.00625322 -0.0599399 -0.292347 0.701423 0.703786 0.112652
-0.35189 -0.200036 0.0472442 -0.346519 0.931134 -0.113639
0.0751796 0.225373 0.224535 0.600687 -0.498645 -0.624922
0.1319 -0.358722 0.03517 0.454289 -0.563243 0.690202
0.031297 -0.23942 -0.0946176 -0.701425 -0.703785 -0.112651
-0.195547 -0.177137 0.0917563 0.600687 -0.498645 -0.624922
0.263015 0.315301 0.370396 -0.701434 -0.703777 -0.112645
0.0676214 0.0348386 -0.306486 0.524948 -0.403209 -0.749568
0.00409965 0.442999 0.0075679 -0.624193 0.682859 -0.379589
0.303717 0.272546 0.363507 0.383637 -0.506004 0.772517
0.270348 0.227573 -0.253828 -0.600687 0.498645 0.624922
-0.0367437 0.377722 -0.0701585 -0.383637 0.506004 -0.772517
-0.108339 -0.0362729 -0.305773 -0.383637 0.506004 -0.772517
0.25476 0.463475 -0.0433371 0.701425 0.703785 0.112651
0.0520857 0.103901 -0.226463 0.383638 -0.506004 0.772517
-0.118852 -0.0821874 -0.102766 0.668507 -0.704436 0.238469
-0.166301 0.234585 0.0680946 -0.600687 0.498645 0.624922
0.135081 -0.0729389 -0.227086 0.600687 -0.498645 -0.624922
0.0175434 -0.0639618 -0.337518 0.701425 0.703785 0.112651
0.262997 0.00740215 0.142895 -0.383637 0.506004 -0.772517
0.140867 0.343296 0.276606 -0.600687 0.498645 0.624922
-0.00823641 -0.147721 0.243148 0.383637 -0.506004 0.772517
0.394174 0.288656 0.0972727 -0.58684 0.659962 -0.469115
0.145576 0.422466 0.21796 -0.600687 0.498645 0.624922
-0.0594284 0.409914 0.030922 -0.600687 0.498645 0.624922
0.269301 -0.00233123 0.133389 -0.383638 0.506004 -0.772517
-0.160378 0.161801 0.127498 -0.701424 -0.703786 -0.112652
0.127251 0.38395 -0.14752 -0.383637 0.506004 -0.772517
-0.472705 -0.163235 0.0596133 -0.96712 0.169567 0.18954
-0.149368 -0.0915862 0.210492 0.0558589 0.757505 -0.650435
0.0597636 -0.177056 0.10615 0.701425 0.703785 0.112651
0.482407 0.0391647 0.0173192 0.600687 -0.498646 -0.624922
-0.454186 -0.248451 0.0270357 -0.74604 -0.397083 -0.534555
0.275118 0.434038 0.0138132 0.701424 0.703785 0.112652
0.338036 0.0476179 0.131972 -0.383638 0.506004 -0.772517
0.102533 0.277136 -0.138046 0.383638 -0.506004 0.772517
0.232895 0.019503 -0.123802 -0.600687 0.498645 0.624922
-0.292475 -0.0201947 -0.126642 0.600687 -0.498645 -0.624922
-0.053739 0.129534 -0.15712 0.383638 -0.506004 0.772517
0.148524 0.0089842 0.267943 0.383637 -0.506004 0.772517
-0.0470868 0.0458593 0.333276 -0.600687 0.498645 0.624922
-0.353166 -0.105413 0.105634 0.600861 -0.458641 -0.654686
-0.384144 0.116091 -0.052579 -0.711745 0.683277 0.162947
0.0936397 0.497253 0.0105491 0.383638 -0.506004 0.772517
0.114711 0.487161 0.13667 -0.600687 0.498645 0.624922
0.260349 -0.0586694 -0.0350368 -0.600687 0.498645 0.624922
0.174319 -0.0358596 0.158596 -0.383637 0.506004 -0.772517
-0.197675 0.276723 0.00431439 -0.600687 0.498645 0.624922
0.343752 0.337827 0.187532 0.701425 0.703785 0.112651
-0.255117 -0.090367 0.0535848 -0.365659 -0.350443 0.862255
-0.254756 -0.167195 0.0269109 0.600687 -0.498645 -0.624922
0.174262 -0.133966 -0.108352 -0.701425 -0.703785 -0.112651
0.407954 0.115814 0.209082 0.383638 -0.506004 0.772517
-0.417873 -0.0645369 -0.143949 -0.400575 -0.506347 -0.763644
0.0152182 0.243872 -0.183636 -0.383637 0.506004 -0.772517
0.0927879 0.178209 -0.265167 -0.383637 0.506004 -0.772517
0.0126058 0.355326 0.0606946 0.600687 -0.498645 -0.624922
-0.315941 0.131627 0.00641085 -0.600687 0.498645 0.624922
-0.219966 -0.214544 0.21168 -0.0184725 -0.790105 0.612694
-0.175374 -0.0613399 0.0996637 -0.432644 -0.217441 0.874951
-0.153609 -0.0644831 -0.0362094 -0.701425 -0.703785 -0.112651
0.402713 0.206455 -0.109745 -0.600687 0.498645 0.624922
-0.182769 0.292028 -0.0537712 -0.383637 0.506004 -0.772517
-0.125973 -0.214005 0.193107 0.513547 -0.823304 -0.241745
0.0572047 0.0425815 -0.336333 -0.383637 0.506004 -0.772517
-0.461548 -0.147694 0.0805826 -0.850055 0.334994 0.40643
-0.434338 -0.00870354 0.00458045 -0.600687 0.498645 0.624922
0.18154 0.442765 0.0813827 -0.701423 -0.703786 -0.112652
0.150845 0.0533615 -0.229688 -0.600687 0.498645 0.624922
0.238845 0.0581119 -0.231917 0.600687 -0.498645 -0.624922
-0.247499 0.05114 -0.173954 -0.701425 -0.703784 -0.112651
-0.106095 0.260599 0.0221826 0.600687 -0.498645 -0.624922
0.171819 0.536485 0.016974 0.701425 0.703785 0.112651
0.117805 0.0764027 0.327357 0.383637 -0.506004 0.772517
0.379409 0.00587994 0.0279001 -0.600687 0.498645 0.624922
0.191704 0.122267 -0.311432 -0.658184 0.578943 0.481268
0.129045 -0.0537178 -0.248226 0.600687 -0.498645 -0.624922
-0.0385337 -0.0863753 0.151676 0.701425 0.703785 0.112651
0.0787312 0.0546312 -0.315797 0.712734 -0.693406 -0.105825
0.272094 0.0419746 -0.104054 -0.600687 0.498645 0.624922
0.223978 0.121853 -0.297067 0.600687 -0.498645 -0.624922
-0.0361313 -0.109174 0.279152 0.701425 0.703785 0.112651
0.102445 -0.209578 0.0435741 0.701425 0.703785 0.112651
0.185792 0.140198 0.335381 0.383637 -0.506004 0.772517
0.492383 0.229252 -0.059596 0.701425 0.703785 0.112651
0.380029 0.094073 0.141546 -0.383638 0.506004 -0.772517
-0.109217 -0.0789801 0.304568 0.269572 0.890506 0.366511
0.321793 0.0502094 -0.0628533 -0.600687 0.498645 0.624922
0.268083 0.465798 -0.140805 0.701425 0.703785 0.112651
0.0896304 0.33627 0.232963 -0.600687 0.498645 0.624922
-0.254112 -0.184706 0.249128 -0.0184727 -0.790105 0.612694
0.00381278 0.296957 0.0988173 0.600687 -0.498645 -0.624922
0.240062 0.346415 -0.160965 0.383637 -0.506004 0.772517
0.268908 0.426504 -0.189995 -0.383637 0.506004 -0.772517
0.0017827 0.440852 0.00751583 -0.624193 0.682859 -0.379589
0.525817 0.0902318 0.0821688 0.697887 -0.710274 0.0920033
0.237943 0.0442191 0.179453 -0.383637 0.506004 -0.772517
-0.0803686 -0.0172419 -0.0197477 0.701425 0.703785 0.112651
-0.205374 0.231304 -0.0265491 -0.701428 -0.703782 -0.112647
0.483915 0.238009 -0.139895 0.600687 -0.498645 -0.624922
0.217396 -0.208746 0.09026 -0.701425 -0.703785 -0.112651
-0.0985653 0.258845 0.0308198 0.600687 -0.498645 -0.624922
0.19314 -0.0478151 0.141419 -0.383637 0.506004 -0.772517
-0.00187817 -0.0675951 -0.19389 0.701426 0.703784 0.112651
0.39016 0.121343 -0.136923 0.600687 -0.498645 -0.624922
-0.0994866 -0.0929216 -0.195534 -0.701425 -0.703785 -0.112651
0.365678 -0.072337 0.106837 0.383638 -0.506004 0.772517
-0.17628 0.0799826 -0.0299577 0.701425 0.703785 0.112651
0.130259 -0.0340613 0.248818 0.383637 -0.506004 0.772517
0.0326737 0.394177 0.0489839 0.600687 -0.498645 -0.624922
0.367335 0.363133 -0.131806 0.689799 -0.710092 0.14123
-0.0473634 0.279343 -0.129323 -0.383637 0.506004 -0.772517
0.319694 0.0207536 -0.124393 0.600687 -0.498645 -0.624922
0.37249 0.347529 -0.152402 0.223548 -0.367311 0.902834
0.223759 0.106168 -0.201737 -0.600687 0.498645 0.624922
0.348293 0.134451 -0.187626 0.600687 -0.498645 -0.624922
0.163186 0.0455385 -0.211582 -0.600687 0.498645 0.624922
0.234685 -0.153135 0.0156713 -0.600687 0.498645 0.624922
0.274181 0.310306 0.332081 -0.701425 -0.703785 -0.112651
-0.0197654 0.335504 -0.106243 -0.383637 0.506004 -0.772517
0.32162 -0.0255288 -0.00258615 -0.600687 0.498645 0.624922
0.0816595 0.40657 0.086181 0.600687 -0.498645 -0.624922
-0.300846 -0.0932928 0.142757 0.577338 -0.232338 -0.782751
0.366486 -0.00404252 -0.0596298 0.600687 -0.498645 -0.624922
-0.216404 0.0830821 -0.173929 -0.383637 0.506004 -0.772517
-0.443696 -0.245593 0.163826 -0.107396 -0.825063 0.55474
-0.0857933 0.356535 -0.0596775 -0.383637 0.506004 -0.772517
0.125757 0.00782346 0.211325 -0.383637 0.506004 -0.772517
0.169326 -0.019578 -0.236749 0.600687 -0.498645 -0.624922
0.22421 -0.201431 0.0925326 0.383637 -0.506004 0.772517
-0.170133 0.0817717 -0.0794137 0.701425 0.703785 0.112651
0.544134 0.0831382 0.120051 0.383638 -0.506004 0.772517
0.117298 0.04481 -0.318087 -0.712029 0.68484 0.154949
-0.320856 0.0773996 -0.125779 -0.383638 0.506004 -0.772517
0.228316 -0.0653928 -0.143489 0.600687 -0.498645 -0.624922
0.475537 0.24771 -0.0700251 0.701428 0.703783 0.112643
-0.328285 -0.265465 0.142748 -0.0184727 -0.790105 0.612694
-0.04654 0.113313 0.279979 -0.600687 0.498645 0.624922
0.0394671 -0.152383 -0.255601 0.600687 -0.498645 -0.624922
-0.00936097 0.311273 0.0747311 0.600687 -0.498645 -0.624922
0.449909 0.257318 0.0295245 0.701425 0.703785 0.112651
0.124126 0.0842795 -0.275091 0.383637 -0.506004 0.772517
-0.0241374 0.22768 0.127229 0.600687 -0.498645 -0.624922
0.184005 0.426203 0.168891 0.600687 -0.498645 -0.624922
-0.164598 0.0363983 0.169591 0.701425 0.703785 0.112651
-0.279413 0.177214 0.00474818 0.701425 0.703784 0.112651
0.258641 0.0273196 0.158104 -0.383637 0.506004 -0.772517
-0.144829 -0.0486325 -0.189903 -0.701425 -0.703785 -0.112651
-0.104607 0.265555 0.102684 -0.600687 0.498645 0.624922
0.00460033 0.0215949 0.280513 -0.383637 0.506004 -0.772517
-0.0757917 -0.137499 0.0221169 0.296453 -0.144345 -0.944076
0.439523 0.235948 0.2277 0.701425 0.703785 0.112651
0.433921 0.31057 -0.203615 0.701425 0.703785 0.112651
-0.0379916 0.331406 -0.0998761 -0.383637 0.506004 -0.772517
-0.00593292 0.442711 0.0561733 -0.600687 0.498645 0.624922
0.354621 0.13585 -0.18266 0.600687 -0.498645 -0.624922
0.269199 -0.138599 0.111347 0.383637 -0.506004 0.772517
-0.0986224 0.0372772 -0.246697 0.701425 0.703785 0.112651
-0.223155 -0.152776 0.291237 -0.0184725 -0.790105 0.612694
-0.415505 -0.171363 0.152474 -0.600687 0.498645 0.624922
0.264749 0.156148 -0.285243 0.600687 -0.498645 -0.624922
0.232325 0.225908 -0.303219 -0.383637 0.506004 -0.772517
-0.186255 0.0746804 0.0652716 0.701425 0.703785 0.112651
0.266403 0.321282 0.311935 -0.701425 -0.703784 -0.112651
0.353067 0.173388 0.206888 -0.383638 0.506004 -0.772517
-0.0733074 0.19919 -0.16894 -0.383637 0.506004 -0.772517
-0.010304 -0.220066 0.0434972 -0.701425 -0.703785 -0.112651
0.265022 0.292028 0.328321 -0.383637 0.506004 -0.772517
0.115226 0.028187 0.297056 0.383637 -0.506004 0.772517
-0.220295 0.114782 0.0266868 0.701425 0.703785 0.112651
0.332529 0.130188 -0.199377 0.600687 -0.498645 -0.624922
0.0598621 -0.187368 0.169959 0.701425 0.703785 0.112651
-0.133859 0.196279 0.0468179 0.600687 -0.498645 -0.624922
0.124899 0.180616 -0.212374 0.383637 -0.506004 0.772517
-0.0213065 -0.172036 -0.188056 -0.701425 -0.703785 -0.112651
0.222738 0.445658 -0.15452 -0.383637 0.506004 -0.772517
0.422193 0.186371 -0.0749949 -0.600687 0.498645 0.624922
-0.0738109 -0.101177 -0.303826 -0.701425 -0.703785 -0.112651
0.0709889 -0.19421 0.143422 0.701425 0.703785 0.112651
0.258741 0.274572 0.38717 0.383637 -0.506004 0.772517
-0.00603501 0.243767 -0.17315 -0.383637 0.506004 -0.772517
0.348769 0.387688 -0.155206 0.701425 0.703785 0.112651
0.421905 0.199788 -0.169003 0.600687 -0.498645 -0.624922
-0.367187 0.0364384 -0.129601 -0.383637 0.506004 -0.772517
0.128756 -0.22943 0.00377244 0.701425 0.703785 0.112651
0.328929 0.406835 -0.151293 0.701425 0.703785 0.112651
-0.200183 -0.00581163 -0.112764 -0.701426 -0.703784 -0.11265
-0.107956 0.279687 -0.0318444 0.383638 -0.506004 0.772517
0.116036 -0.198007 -0.11334 0.701425 0.703785 0.112651
-0.223177 -0.0384843 0.176115 0.589834 -0.619608 -0.517862
0.228217 0.389392 0.124191 -0.701425 -0.703785 -0.112651
-0.36109 0.104261 -0.0151501 -0.600687 0.498645 0.624922
0.216841 0.50932 -0.0936485 0.701425 0.703785 0.112651
0.0219815 0.214079 -0.139346 0.383638 -0.506004 0.772517
-0.31091 0.159094 -0.0106692 -0.600687 0.498645 0.624922
-0.105532 -0.0860365 -0.200907 -0.701425 -0.703785 -0.112651
-0.234832 0.147616 -0.0879235 0.701425 0.703784 0.112651
-0.0395835 0.113317 -0.241935 -0.383637 0.506004 -0.772517
0.330256 0.266772 0.254906 -0.701425 -0.703785 -0.112651
-0.371571 0.0855858 -0.0103236 -0.600687 0.498645 0.624922
-0.471804 -0.0590048 -0.058904 -0.993985 -0.0516496 -0.0965753
0.260079 0.421559 -0.188849 -0.383637 0.506004 -0.772517
0.592143 0.0931539 0.0955752 0.672003 -0.70569 0.224529
-0.0315583 0.155704 0.260554 -0.600687 0.498645 0.624922
-0.0526128 -0.177195 0.0390996 -0.701425 -0.703785 -0.112651
-0.345255 0.0418324 0.0498844 -0.600687 0.498645 0.624922
-0.0231755 0.353738 -0.092606 -0.383637 0.506004 -0.772517
0.476002 0.112483 0.105944 -0.383638 0.506004 -0.772517
-0.388756 -0.234542 0.180803 -0.0184727 -0.790105 0.612694
-0.191086 -0.0896567 0.0262408 0.600687 -0.498645 -0.624922
-0.314038 -0.00841593 -0.156372 0.549213 -0.43296 -0.714781
-0.0682108 0.213486 0.0961903 0.600687 -0.498645 -0.624922
0.351726 0.32108 -0.218065 -0.701425 -0.703785 -0.112651
0.159943 0.12102 0.268493 -0.383637 0.506004 -0.772517
-0.225761 -0.017947 -0.064309 0.600687 -0.498645 -0.624922
0.442941 -0.052256 0.079566 0.57411 -0.651555 0.495857
0.136955 -0.23929 0.0143207 0.701425 0.703785 0.112651
0.254691 0.121205 -0.184003 -0.600687 0.498645 0.624922
0.136559 0.404625 -0.0714367 0.383638 -0.506004 0.772517
0.44223 0.0111827 0.00102742 0.600687 -0.498646 -0.624922
0.394181 0.0217071 0.0294702 -0.600687 0.498645 0.624922
-0.0034828 -0.13864 -0.174087 -0.230441 0.0743672 0.97024
0.237611 0.382977 0.337936 -0.600687 0.498645 0.624922
-0.0898692 0.349278 -0.0624071 -0.383637 0.506004 -0.772517
-0.102754 0.258529 0.0270462 0.600687 -0.498645 -0.624922
-0.132996 -0.062427 -0.177398 -0.701425 -0.703785 -0.112651
0.120983 0.254126 -0.162279 0.383637 -0.506004 0.772517
-0.20653 -0.0449983 0.252514 -0.600687 0.498645 0.624922
0.115961 -0.196865 -0.120012 0.701425 0.703785 0.112651
0.120215 0.180193 0.367728 0.389733 -0.246392 -0.887355
-0.0192841 -0.0395902 -0.260472 0.701425 0.703785 0.112651
-0.272855 0.0929321 -0.139443 -0.383637 0.506004 -0.772517
-0.0921799 0.136474 -0.13891 -0.701425 -0.703785 -0.112651
0.364355 0.302878 -0.182987 -0.701425 -0.703785 -0.112651
-0.117638 0.0392568 -0.14066 0.701425 0.703785 0.112651
-0.236419 -0.0708906 0.183292 0.560696 -0.15259 -0.813841
-0.0632011 0.238786 0.0808181 0.600687 -0.498645 -0.624922
0.167615 0.452923 0.214843 -0.600687 0.498645 0.624922
0.517044 0.149828 0.177186 0.383638 -0.506004 0.772517
-0.445818 -0.229874 0.169886 -0.629871 0.485093 0.606587
0.597557 0.0979041 0.0876314 0.712738 -0.691992 -0.11468
0.0450614 -0.265768 -0.0157104 -0.701425 -0.703785 -0.112652
-0.120445 0.192229 0.0629436 0.600687 -0.498645 -0.624922
0.0434205 -0.203797 -0.099777 -0.705315 0.662632 0.251892
0.13378 -0.0417067 -0.253258 0.600687 -0.498645 -0.624922
0.221052 -0.0981612 -0.041298 -0.600687 0.498645 0.624922
0.192012 -0.0731978 -0.172157 0.600687 -0.498645 -0.624922
0.321199 0.205307 0.243621 -0.383638 0.506004 -0.772517
-0.122558 0.353841 -0.0297447 0.383636 -0.506002 0.772519
0.019715 -0.257069 0.157643 0.383638 -0.506004 0.772517
0.197792 0.172248 -0.305143 0.6242 -0.682863 0.379568
-0.249216 -0.111729 0.0529814 -0.53624 0.0595979 0.841959
0.440492 0.105663 0.186274 0.383638 -0.506004 0.772517
-0.304647 -0.0938385 0.140089 0.586669 -0.288253 -0.756789
0.254795 0.354905 0.174157 -0.701425 -0.703785 -0.112651
-0.274472 -0.135008 0.0398623 -0.577861 0.234456 0.781733
-0.239629 -0.237863 0.181016 -0.0184725 -0.790105 0.612694
0.274848 -0.0953898 -0.0748251 0.600687 -0.498645 -0.624922
0.13782 -0.233414 -0.0964054 0.600687 -0.498645 -0.624922
0.0672551 0.409988 0.152634 -0.600687 0.498645 0.624922
0.481075 0.230077 0.00566154 0.701424 0.703785 0.112649
-0.026636 0.111616 -0.249479 -0.383637 0.506004 -0.772517
0.125128 -0.230292 0.0317503 0.701425 0.703785 0.112651
-0.325676 -0.169909 0.104136 0.0558589 0.757505 -0.650435
0.294352 0.051338 0.223265 0.383637 -0.506004 0.772517
-0.40411 0.0422719 -0.00703955 -0.600687 0.498645 0.624922
-0.104328 -0.0212244 0.154313 0.701424 0.703785 0.112651
-0.0208779 0.306055 -0.0578162 0.383638 -0.506004 0.772517
0.0806978 0.0468032 -0.331776 0.353222 -0.480522 0.802703
-0.161709 -0.015941 0.13563 -0.00349632 -0.802287 0.596929
0.491993 0.217398 0.0168932 0.701426 0.703783 0.112654
0.169328 0.263725 -0.247164 -0.383637 0.506004 -0.772517
0.34752 -0.0776333 0.112385 0.383638 -0.506004 0.772517
0.176474 -0.324487 0.0193456 0.712738 -0.691993 -0.114672
0.422662 -0.0404299 0.0825138 -0.0141176 0.171741 -0.985041
0.417075 -0.0465086 0.022882 0.600687 -0.498646 -0.624922
-0.206778 0.259906 -0.0429749 0.701419 0.70379 0.112655
0.452 0.167974 0.114102 -0.701425 -0.703785 -0.112651
-0.292946 -0.218224 0.204734 -0.0184727 -0.790105 0.612694
-0.368801 0.131511 -0.0502299 -0.712738 0.691991 0.114689
-0.0885839 -0.150623 0.0970696 -0.701426 -0.703783 -0.112651
0.25481 -0.196131 0.0551984 0.359512 -0.212883 -0.908533
0.515123 0.112643 0.153784 0.383638 -0.506004 0.772517
-0.100072 0.166975 0.185703 -0.600687 0.498645 0.624922
0.162904 0.381805 0.184036 0.600687 -0.498645 -0.624922
-0.0110966 0.0843118 0.254162 0.600687 -0.498645 -0.624922
-0.0146551 -0.232091 0.145717 -0.701425 -0.703785 -0.112651
-0.396393 -0.0243175 -0.154634 -0.431468 0.455857 -0.778479
0.0680912 0.177911 -0.185935 0.383638 -0.506004 0.772517
0.296134 0.12368 0.202602 -0.383637 0.506004 -0.772517
-0.433625 -0.148481 -0.06993 -0.534388 -0.510124 -0.673946
0.143775 0.003037 -0.196328 -0.600687 0.498645 0.624922
-0.30125 0.123885 -0.105067 -0.383638 0.506004 -0.772517
0.14816 0.228435 0.375268 -0.600687 0.498645 0.624922
-0.203413 0.275578 -0.0542942 -0.383637 0.506004 -0.772517
0.305452 -0.145082 0.0890968 0.383638 -0.506004 0.772517
0.164467 0.0755282 0.236449 -0.383637 0.506004 -0.772517
-0.0995228 -0.058756 -0.0829894 0.697882 -0.710274 0.0920397
-0.151561 -0.0929879 0.208642 0.0334236 0.777418 -0.628095
0.173804 0.0410537 -0.280824 0.600687 -0.498645 -0.624922
0.446866 0.152774 0.146804 -0.383638 0.506004 -0.772517
0.314429 0.342953 -0.122482 -0.701429 -0.703777 -0.112672
-0.145636 0.153118 0.0899525 -0.701434 -0.703777 -0.112641
-0.0972036 0.22951 0.0555359 0.600687 -0.498645 -0.624922
-0.145573 -0.195636 0.154553 0.600687 -0.498645 -0.624922
-0.358054 -0.191817 0.00224724 -0.589836 0.619595 0.517876
0.37229 0.276435 -0.00101401 -0.610065 0.511106 0.605467
0.259669 0.228466 -0.314468 -0.242703 0.384454 -0.890669
0.390123 0.108289 0.145845 -0.383638 0.506004 -0.772517
0.119603 0.373167 -0.0836216 0.383638 -0.506004 0.772517
0.422466 -0.00303385 -0.00662556 0.600687 -0.498646 -0.624922
0.395876 -0.0427685 0.111207 0.383638 -0.506004 0.772517
0.174271 0.148213 -0.309641 0.606271 -0.672246 0.424876
0.284429 0.117119 0.204117 -0.383637 0.506004 -0.772517
-0.29454 0.187827 -0.0665174 -0.383638 0.506004 -0.772517
0.330171 0.266382 0.25787 -0.701425 -0.703785 -0.112651
-0.0201181 -0.107657 0.169967 0.701425 0.703785 0.112651
-0.0521306 -0.198858 0.17144 -0.701425 -0.703785 -0.112651
-0.181515 0.101405 -0.131198 0.701425 0.703785 0.112651
0.0668102 -0.234394 -0.16388 0.600687 -0.498645 -0.624922
-0.0628702 0.384001 -0.0530709 -0.383637 0.506004 -0.772517
0.345208 0.310355 0.3501 0.701425 0.703785 0.112651
-0.15222 -0.147214 0.300549 -0.0184723 -0.790104 0.612694
0.330569 0.347186 0.21115 0.701426 0.703784 0.11265
0.0809248 0.19459 -0.248546 -0.383637 0.506004 -0.772517
0.0674612 0.333418 -0.150926 -0.383637 0.506004 -0.772517
0.310963 0.337583 -0.0673579 -0.701426 -0.703784 -0.112652
-0.00111706 -0.107618 0.035237 0.0568891 0.102267 -0.993129
0.0854455 0.394531 -0.0526649 0.383638 -0.506004 0.772517
-0.184911 0.00396223 0.234228 -0.600687 0.498645 0.624922
-0.122111 0.356809 -0.0414628 -0.383637 0.506004 -0.772517
0.523727 0.109981 0.147768 0.383638 -0.506004 0.772517
0.457399 0.226442 0.0768785 0.643729 -0.557695 -0.524012
0.32299 -0.0140878 -0.0934236 0.600687 -0.498645 -0.624922
-0.389548 -0.199739 -0.0227099 -0.600939 0.488768 0.632438
0.0860094 0.540892 0.0323227 -0.12019 0.272584 -0.954595
0.200717 -0.176933 -0.00463533 -0.701425 -0.703785 -0.112651
0.210819 0.350332 -0.21104 -0.383637 0.506004 -0.772517
0.0750948 0.33048 0.140586 0.600687 -0.498645 -0.624922
0.0455049 0.147114 -0.19489 0.383638 -0.506004 0.772517
-0.0340927 0.443852 0.0112304 0.52493 -0.403187 -0.749592
0.153391 0.087473 -0.254459 -0.600687 0.498645 0.624922
0.530407 0.0851744 0.0700137 0.353214 -0.480516 0.802711
0.111355 0.0845055 -0.320604 0.586845 -0.659965 0.469105
0.222718 0.333171 0.363362 -0.600687 0.498645 0.624922
-0.11606 0.247887 0.105773 -0.600687 0.498645 0.624922
0.147284 -0.261284 0.0874152 0.701425 0.703785 0.112651
0.237525 0.144369 0.312422 0.383637 -0.506004 0.772517
0.154308 0.351795 0.282745 -0.600687 0.498645 0.624922
0.477117 0.0187861 0.0284948 0.600687 -0.498646 -0.624922
0.0495676 -0.28352 0.0671349 -0.701425 -0.703785 -0.112651
-0.154419 -0.152628 0.2935 -0.0184723 -0.790104 0.612694
0.172781 -0.0566103 0.212931 0.383637 -0.506004 0.772517
0.37007 0.206888 -0.224494 0.600687 -0.498645 -0.624922
-0.36508 0.0799786 -0.102128 -0.383637 0.506004 -0.772517
0.136677 0.56128 0.0808841 0.701425 0.703785 0.112651
0.298829 0.0274902 -0.149824 0.600687 -0.498645 -0.624922
-0.00422832 -0.182542 -0.228761 -0.701425 -0.703785 -0.112651
0.0351597 -0.230282 0.167519 0.383638 -0.506004 0.772517
0.22068 0.262616 0.331077 -0.383637 0.506004 -0.772517
0.0399284 -0.207394 -0.211263 0.600687 -0.498645 -0.624922
-0.118272 0.111896 0.212158 -0.600687 0.498645 0.624922
0.111441 -0.042332 -0.191206 -0.600687 0.498645 0.624922
0.220293 0.297916 -0.182915 0.383637 -0.506004 0.772517
0.351045 0.0335132 0.116273 -0.383638 0.506004 -0.772517
0.15288 -0.0586453 -0.138357 -0.600687 0.498645 0.624922
0.221369 0.100903 0.291975 0.383637 -0.506004 0.772517
-0.0290532 0.27289 -0.07548 0.383638 -0.506004 0.772517
0.0369061 0.417929 0.0340991 0.600687 -0.498645 -0.624922
0.188255 -0.102515 0.108016 -0.383637 0.506004 -0.772517
-0.1174 0.0246026 -0.0505947 0.701425 0.703785 0.112651
-0.150954 0.220211 -0.116612 -0.383637 0.506004 -0.772517
0.223467 0.400992 0.309966 -0.600687 0.498645 0.624922
-0.197113 0.252329 -0.0454843 -0.418995 0.2793 0.863964
0.0224859 -0.0878308 -0.219172 0.701424 0.703785 0.112651
-0.272715 0.147624 -0.103689 -0.383637 0.506004 -0.772517
-0.0227378 0.460234 -0.0230678 -0.383637 0.506004 -0.772517
0.210458 -0.0650327 -0.0779156 -0.600687 0.498645 0.624922
0.405215 0.237921 -0.0315786 -0.701425 -0.703785 -0.112651
-0.0173083 0.278817 -0.0774304 0.383638 -0.506004 0.772517
-0.0746286 0.186788 0.111325 0.600687 -0.498645 -0.624922
0.0113638 0.154038 0.303141 -0.600687 0.498645 0.624922
0.220236 0.383965 0.320446 -0.600687 0.498645 0.624922
-0.0387316 0.0950649 -0.213004 -0.701425 -0.703785 -0.112651
0.316914 0.335272 -0.0899702 -0.701425 -0.703785 -0.112651
0.402874 0.327758 -0.119343 -0.640576 0.691781 -0.33332
-0.176955 -0.0781736 0.213887 0.341385 0.393156 -0.853748
-0.0214064 0.182946 0.248575 -0.600687 0.498645 0.624922
0.206489 0.203461 -0.237929 0.383637 -0.506004 0.772517
0.121677 -0.250695 -0.0981333 0.600687 -0.498645 -0.624922
0.400542 0.065286 -0.0822145 0.600687 -0.498645 -0.624922
-0.0683725 0.101308 0.185546 0.600687 -0.498645 -0.624922
0.229566 0.0810754 -0.176133 -0.600687 0.498645 0.624922
0.276687 -0.177145 -0.00782293 0.600687 -0.498645 -0.624922
0.126228 0.233995 -0.245233 -0.383637 0.506004 -0.772517
0.361893 0.0430261 0.117116 -0.383638 0.506004 -0.772517
0.22432 0.464396 0.140445 0.701433 0.703777 0.112649
0.174403 -0.123665 -0.148814 0.600687 -0.498645 -0.624922
0.258586 0.220012 -0.252959 0.383637 -0.506004 0.772517
0.288831 -0.165337 0.0840837 0.383638 -0.506004 0.772517
-0.410093 -0.00107701 0.0217996 -0.600687 0.498645 0.624922
0.545113 0.143765 -0.00587086 0.600687 -0.498646 -0.624922
0.149203 0.360183 0.188119 0.600687 -0.498645 -0.624922
-0.468751 -0.00614851 -0.0928861 -0.898101 0.145151 -0.415146
0.456768 0.017449 0.120411 0.383638 -0.506004 0.772517
0.218981 0.400417 0.112821 -0.701425 -0.703785 -0.112651
0.0799334 -0.254418 -0.135287 0.600687 -0.498645 -0.624922
-0.321737 -0.270479 0.13648 -0.0184725 -0.790105 0.612694
-0.216995 -0.176304 0.261082 -0.0184725 -0.790105 0.612694
0.0783946 0.195017 -0.24701 -0.383637 0.506004 -0.772517
0.0346872 0.114594 0.274007 0.600687 -0.498645 -0.624922
0.370662 0.316063 -0.107318 -0.189534 0.336542 -0.922397
0.278231 0.442937 -0.0611607 0.701425 0.703785 0.112651
0.0730196 0.44038 0.0508977 0.600687 -0.498645 -0.624922
0.125284 0.221644 -0.185691 0.383637 -0.506004 0.772517
0.313104 -0.0729672 -0.0559443 0.600687 -0.498645 -0.624922
-0.329495 -0.140062 -0.0665811 0.600687 -0.498645 -0.624922
0.27529 0.113621 0.273528 0.383637 -0.506004 0.772517
0.239345 0.150189 0.248167 -0.383637 0.506004 -0.772517
0.48198 0.202836 0.0869852 -0.25701 0.397169 -0.881024
0.312968 0.0802757 -0.0953276 -0.600687 0.498645 0.624922
-0.143824 -0.106453 0.153208 -0.485904 0.857083 0.17119
0.305119 -0.0104976 0.110252 -0.383638 0.506004 -0.772517
-0.227338 -0.193729 0.0744377 0.600687 -0.498645 -0.624922
0.261214 0.349589 -0.236554 -0.383637 0.506004 -0.772517
0.417961 0.202535 0.110126 -0.701425 -0.703785 -0.112651
0.262058 0.375083 0.00287228 -0.701425 -0.703785 -0.112651
0.111312 0.469343 0.0645952 0.600687 -0.498645 -0.624922
-0.0130684 -0.163826 -0.290646 -0.701425 -0.703785 -0.112651
-0.0921457 0.4065 0.000603909 -0.681247 0.615537 0.396252
0.148226 -0.0676002 -0.135686 -0.600687 0.498645 0.624922
0.434174 0.0896194 0.0137232 -0.600687 0.498645 0.624922
0.261012 0.0885222 -0.234874 0.600687 -0.498645 -0.624922
0.0392906 0.259814 -0.185148 -0.383637 0.506004 -0.772517
0.285447 0.38471 0.257676 0.701427 0.703782 0.112658
-0.209895 -0.172842 0.0745377 0.600687 -0.498645 -0.624922
-0.450251 -0.2726 0.0765138 -0.640547 -0.767914 -0.002896
0.172854 0.518408 0.123463 0.701425 0.703785 0.112651
-0.315463 -0.0618701 0.161269 -0.600687 0.498645 0.624922
-0.384084 -0.136763 0.0939095 0.560696 -0.15259 -0.813841
0.000501648 0.0662279 -0.225522 0.383638 -0.506004 0.772517
0.0554963 -0.180813 -0.0235775 -0.606275 0.672249 -0.424868
0.0567382 -0.126273 -0.192281 0.701425 0.703785 0.112651
-0.144801 -0.0568803 0.32133 -0.600687 0.498645 0.624922
0.0564405 0.436376 0.038157 0.600687 -0.498645 -0.624922
0.181711 0.251352 0.372522 0.627685 -0.535076 -0.565425
0.127227 0.159815 -0.294317 -0.383637 0.506004 -0.772517
0.367884 0.383167 -0.245978 0.701425 0.703785 0.112651
0.338303 0.381254 -0.0498438 0.701422 0.703788 0.112648
0.366725 0.248481 -0.260897 0.600687 -0.498645 -0.624922
0.0842598 0.214626 -0.237078 -0.383637 0.506004 -0.772517
0.0992841 -0.0446149 0.190125 -0.383637 0.506004 -0.772517
0.2226 0.418751 -0.024257 -0.701425 -0.703785 -0.112651
-0.0240851 0.386146 0.000834032 0.600687 -0.498645 -0.624922
-0.120768 0.038043 -0.11359 0.701425 0.703785 0.112651
-0.129959 0.221845 0.113193 -0.600687 0.498645 0.624922
0.277722 0.102364 0.197783 -0.383637 0.506004 -0.772517
-0.131524 -0.16218 0.141362 0.600687 -0.498645 -0.624922
0.143773 0.387534 -0.0862139 0.383638 -0.506004 0.772517
0.407276 0.201397 0.183771 -0.701425 -0.703785 -0.112651
0.554757 0.145204 0.0771215 0.701428 0.703785 0.11263
-0.23478 -0.107475 0.275212 -0.600687 0.498646 0.624922
-0.447968 -0.242355 0.0145957 -0.680409 -0.439609 -0.586334
0.324694 -0.0705054 -0.0467689 0.600687 -0.498645 -0.624922
-0.059764 -0.15012 0.0265705 0.162142 -0.00365251 -0.986761
0.217034 0.0907959 -0.278961 0.600687 -0.498645 -0.624922
-0.230777 0.118496 0.0687545 0.701425 0.703784 0.112651
-0.271808 0.170343 0.000322495 0.701432 0.703779 0.112646
0.0710096 0.0362843 -0.305047 0.474328 -0.342957 -0.810798
-0.108977 -0.0820895 -0.204112 -0.701425 -0.703785 -0.112651
0.275549 -0.190283 0.0584502 -0.0850122 0.239535 -0.967159
0.248241 0.297781 0.333109 0.600687 -0.498645 -0.624922
-0.16906 0.0950684 -0.169163 0.701425 0.703785 0.112651
-0.0740916 0.30941 -0.096356 -0.383637 0.506004 -0.772517
0.0508139 0.101686 -0.294446 -0.383637 0.506004 -0.772517
