ply
format ascii 1.0
comment Created by Open3D
element vertex 2096
property double x
property double y
property double z
property double nx
property double ny
property double nz
end_header
0.0609692 -0.220527 0.237971 0.479247 0.235212 0.845576
0.41364 -0.0636453 -0.00555128 0.479249 0.235212 0.845574
-0.492207 0.100563 0.188335 -0.550754 -0.669533 0.498393
-0.399711 0.171996 0.0521008 0.550754 0.669534 -0.498392
0.120466 -0.444013 -0.155949 -0.479247 -0.235212 -0.845576
0.433144 -0.165369 -0.241349 0.873757 -0.0368696 -0.484963
-0.16744 -0.100971 0.276484 -0.550754 -0.669533 0.498393
0.265774 -0.189819 0.113352 0.479247 0.235212 0.845576
0.187662 -0.206953 -0.119188 -0.479246 -0.235212 -0.845576
-0.166491 -0.13575 0.192153 -0.031816 -0.579841 -0.814108
-0.240737 -0.0882786 0.212537 -0.550751 -0.669534 0.498395
-0.122973 -0.164957 -0.0947436 0.550754 0.669533 -0.498393
-0.470895 0.185071 0.249894 -0.683369 0.704557 0.191328
-0.482807 0.140111 0.25185 -0.550754 -0.669533 0.498393
0.231821 -0.162681 -0.00166299 -0.479246 -0.235212 -0.845576
-0.446917 0.0601741 0.184125 -0.550754 -0.669533 0.498393
0.184185 -0.405517 -0.0888267 0.683369 -0.704557 -0.191328
0.0783346 -0.269647 -0.0572468 -0.282697 0.953446 -0.104994
0.0387508 -0.362756 -0.132239 -0.479246 -0.235212 -0.845576
0.201491 -0.235952 -0.118959 -0.479246 -0.235213 -0.845576
0.282769 -0.264925 -0.00209779 -0.479247 -0.235212 -0.845576
-0.0836803 -0.405193 -0.039644 -0.550754 -0.669533 0.498393
-0.233678 -0.00479627 0.332486 -0.550754 -0.669533 0.498393
-0.0458162 -0.215255 0.257358 -0.550754 -0.669533 0.498393
0.0540806 -0.128506 0.149879 0.550754 0.669533 -0.498393
-0.180259 0.136827 0.275288 0.479247 0.235212 0.845576
-0.0215874 -0.281158 0.0216447 0.315168 0.386092 0.86695
0.033601 -0.476884 -0.00635034 -0.550754 -0.669533 0.498393
0.188975 -0.43308 0.0297801 0.683369 -0.704557 -0.191328
-0.106637 -0.214289 0.191445 -0.550754 -0.669533 0.498393
-0.00407932 -0.0839807 0.145423 0.550754 0.669533 -0.498393
0.0491783 -0.176366 0.091581 -0.479247 -0.235212 -0.845576
0.23383 -0.189182 0.00456972 -0.479247 -0.235211 -0.845576
0.26096 -0.373626 0.0679545 0.683369 -0.704557 -0.191328
0.241303 -0.3899 0.0576741 0.683369 -0.704557 -0.191328
0.195469 -0.374113 0.10724 -0.840012 -0.156294 0.519569
-0.139115 -0.0399133 0.0643681 0.806069 -0.58162 0.109415
0.122481 -0.217947 0.202391 0.479247 0.235212 0.845576
0.0407766 -0.40308 -0.051541 0.609581 -0.782343 -0.12787
0.106596 -0.287717 -0.191565 -0.479247 -0.235212 -0.845576
-0.360235 0.123275 0.125819 0.550756 0.669532 -0.498392
-0.238893 0.199872 0.267263 0.550754 0.669533 -0.498393
-0.152885 -0.0222237 0.304016 0.479247 0.235212 0.845576
0.464707 -0.137 -0.0756888 0.683369 -0.704557 -0.191328
-0.358321 0.145005 0.373933 0.479247 0.235212 0.845576
0.0458387 -0.392552 0.120463 -0.550754 -0.669533 0.498393
0.222397 -0.252656 0.0257802 0.550754 0.669533 -0.498393
0.382582 -0.286503 -0.1272 0.396376 -0.917579 0.0305871
0.202507 -0.333608 -0.104951 0.550754 0.669533 -0.498393
0.360576 -0.184052 -0.0686927 -0.479249 -0.23521 -0.845575
-0.286753 0.158982 0.200075 -0.728289 0.0937767 -0.678824
0.290225 -0.212271 -0.226902 -0.508669 0.859556 0.0491975
-0.252716 0.218436 0.293653 0.479247 0.235212 0.845576
0.0895225 -0.459464 -0.134114 -0.479247 -0.235212 -0.845576
-0.158628 0.0842469 0.200633 0.550754 0.669533 -0.498393
0.250158 -0.223038 -0.150135 -0.479246 -0.235212 -0.845576
0.230683 -0.245481 -0.0511671 -0.584131 -0.633583 0.50731
-0.268701 0.109623 0.113084 0.550754 0.669534 -0.498391
0.147948 -0.349451 0.116786 0.356844 -0.932416 0.0571194
0.299366 -0.347089 0.107408 0.683369 -0.704557 -0.191328
0.405795 -0.136122 -0.0690016 -0.867192 0.275393 0.414893
0.288334 -0.27433 -0.0454681 -0.283815 -0.870128 0.402899
-0.0479933 -0.171965 0.145431 -0.479247 -0.235212 -0.845576
0.331939 -0.313792 0.101134 0.683369 -0.704557 -0.191328
0.268066 -0.279961 -0.251585 0.683369 -0.704557 -0.191328
-0.141434 -0.0545288 0.0472671 0.826915 -0.356491 0.434885
-0.410428 0.237306 0.273512 -0.683369 0.704557 0.191328
-0.417588 0.058738 0.00915397 -0.479247 -0.235212 -0.845576
0.196006 -0.341047 -0.227405 -0.479247 -0.235212 -0.845576
-0.370075 -0.106501 0.0451309 -0.550754 -0.669533 0.498393
-0.0958429 -0.0931516 0.291416 0.479247 0.235212 0.845576
-0.47303 0.0480918 0.139037 -0.550754 -0.669533 0.498393
-0.206623 -0.122696 0.122798 0.815864 -0.55787 0.152144
-0.152733 -0.270958 -0.0492475 -0.479247 -0.235212 -0.845576
0.272309 -0.2099 -0.276872 -0.0053864 -0.528228 -0.849086
0.0543204 -0.333882 0.208652 -0.550754 -0.669533 0.498393
0.368361 -0.246118 -0.0179863 0.683369 -0.704557 -0.191328
-0.441392 0.133815 0.289158 -0.550754 -0.669533 0.498393
-0.443253 0.105652 0.0106504 -0.479247 -0.235212 -0.845576
-0.267285 0.0796351 0.0743638 0.550754 0.669534 -0.498393
-0.0119703 -0.156148 0.120614 -0.479247 -0.235212 -0.845576
0.470786 -0.146689 -0.0182943 0.683369 -0.704557 -0.191328
0.315959 -0.108895 -0.219179 -0.479249 -0.23521 -0.845575
-0.393195 -0.0221568 0.132889 -0.550754 -0.669533 0.498393
0.0274692 -0.0674606 0.21438 0.479247 0.235212 0.845576
-0.387242 0.0214376 0.198032 -0.550754 -0.669533 0.498393
-0.0941213 -0.283218 0.0617329 0.479247 0.235212 0.845576
0.229297 -0.155799 0.0238268 -0.683369 0.704557 0.191328
-0.13586 0.0476459 0.274931 0.479247 0.235212 0.845576
-0.370865 0.218918 0.199197 0.314034 -0.719459 -0.619485
0.187482 -0.119718 -0.258391 -0.683369 0.704557 0.191328
-0.0435013 -0.248013 0.164039 -0.479247 -0.235212 -0.845576
0.26573 -0.245057 -0.152835 -0.479246 -0.235212 -0.845576
0.182563 -0.379483 -0.190489 0.683369 -0.704557 -0.191328
0.20331 -0.0359082 -0.141194 -0.609581 0.782343 0.12787
0.312393 -0.219308 0.0951325 0.479247 0.235212 0.845576
0.35599 -0.18031 -0.101216 -0.434917 0.900462 -0.00398152
0.128202 -0.430183 0.160927 -0.550754 -0.669534 0.498392
0.349797 -0.0772967 -0.03974 0.43493 -0.900456 0.00397263
0.326063 -0.194976 -0.150863 0.396367 -0.917582 0.0305926
-0.343428 0.00710789 0.227198 -0.550754 -0.669533 0.498393
0.332287 -0.19819 -0.0487266 -0.479246 -0.235212 -0.845576
0.100919 -0.262523 -0.195356 -0.479247 -0.235212 -0.845576
0.370689 -0.0405995 -0.0987472 0.550754 0.669533 -0.498393
-0.270241 0.0540657 0.0367486 0.550754 0.669534 -0.498392
0.445822 -0.149035 -0.098818 0.683369 -0.704557 -0.191328
0.167681 -0.293472 -0.0978753 0.479247 0.235212 0.845576
-0.302651 0.264434 0.283538 0.550754 0.669533 -0.498393
-0.142674 -0.239562 0.0771073 0.479247 0.235212 0.845576
-0.016513 -0.343095 0.0680625 -0.33319 0.723871 0.604148
0.154909 -0.174784 -0.171951 -0.683369 0.704557 0.191328
0.234792 -0.21467 -0.221714 0.404436 0.795857 -0.450604
0.292177 -0.157058 -0.086613 -0.772949 -0.343288 0.533576
-0.361387 0.0773594 0.301727 -0.550754 -0.669533 0.498393
0.410618 -0.15207 0.0168003 -0.233362 0.962891 -0.135582
-0.5066 0.178173 0.0263804 -0.479247 -0.235212 -0.845576
0.413161 -0.176214 0.0260333 0.479247 0.235212 0.845576
0.0534927 -0.40552 -0.0951765 -0.156857 -0.924957 0.346195
-0.0237157 -0.121286 0.258362 0.479247 0.235212 0.845576
-0.0712731 -0.0561172 0.267189 0.479247 0.235212 0.845576
0.143559 -0.353318 0.09327 0.190876 -0.968293 0.161165
0.307096 -0.102566 -0.0610489 -0.479246 -0.235212 -0.845576
0.196792 -0.102416 -0.0408685 -0.872857 0.228592 0.431122
-0.0945092 -0.0324403 0.273772 0.479247 0.235212 0.845576
-0.182474 0.12302 0.226368 0.550754 0.669533 -0.498393
-0.291897 -0.179872 0.00428992 -0.479247 -0.235212 -0.845576
-0.410387 -0.0047863 0.0227428 -0.479247 -0.235212 -0.845576
0.340257 -0.0355463 -0.02268 -0.683369 0.704557 0.191328
0.290735 -0.242949 -0.0268048 0.479246 0.235212 0.845576
0.29731 -0.0647323 -0.220894 -0.479247 -0.235212 -0.845575
0.398652 -0.0230554 -0.00834727 0.479245 0.235211 0.845577
-0.0824632 -0.174221 0.165595 -0.479247 -0.235212 -0.845576
0.149695 -0.187863 -0.142414 -0.683369 0.704557 0.191328
0.0236988 -0.412655 -0.075859 0.669431 -0.721024 -0.178847
0.314614 -0.160029 -0.2326 -0.840012 -0.156294 0.519569
-0.277946 -0.06788 0.198821 -0.550754 -0.669533 0.498393
-0.0101709 -0.140836 0.256124 0.479247 0.235212 0.845576
0.259376 -0.177115 -0.0273445 0.479247 0.235212 0.845576
-0.163689 0.0126745 0.0988905 0.550755 0.669534 -0.49839
-0.16269 -0.289733 0.0281526 -0.550754 -0.669533 0.498393
-0.308121 -0.0393081 -0.0256153 -0.479247 -0.235212 -0.845576
-0.411681 0.1909 0.11929 0.829488 -0.372628 0.41605
0.310637 -0.31486 0.0289815 0.683369 -0.704557 -0.191328
0.107219 -0.386072 -0.164559 -0.479246 -0.235212 -0.845576
0.197235 -0.238113 -0.0827474 -0.646452 -0.557048 0.521342
0.357911 -0.283554 -0.0535829 0.479246 0.235212 0.845576
-0.520094 0.158731 0.171164 -0.683369 0.704557 0.191328
0.189639 -0.201578 -0.262593 -0.479237 -0.235218 -0.845579
-0.209592 -0.127347 0.155802 0.683369 -0.704557 -0.191328
-0.377659 0.0768408 0.283049 -0.550754 -0.669533 0.498393
-0.513586 0.103971 0.169288 -0.550754 -0.669533 0.498393
-0.306288 -0.065521 -0.0193628 -0.479247 -0.235212 -0.845576
0.262953 -0.199706 -0.163877 -0.479248 -0.235211 -0.845575
-0.298694 0.0834123 0.0447293 0.550754 0.669533 -0.498393
0.056726 -0.112271 0.174612 0.550754 0.669533 -0.498393
0.419845 -0.0793096 -0.228475 0.70235 0.474973 -0.530193
-0.113268 0.0261493 0.268106 0.479247 0.235212 0.845576
-0.49623 0.170112 0.214492 -0.683369 0.704557 0.191328
0.309658 -0.121951 0.0696012 0.479251 0.235206 0.845575
0.302879 -0.25879 -0.0152022 -0.479247 -0.235212 -0.845576
0.116275 -0.172842 0.193361 0.479247 0.235212 0.845576
-0.274058 -0.138817 0.107822 -0.550753 -0.669532 0.498395
0.235789 -0.0268678 -0.196559 -0.479247 -0.235212 -0.845576
-0.397355 0.262058 0.229056 -0.683369 0.704557 0.191328
-0.123123 -0.04477 0.11785 0.333217 -0.72384 -0.604171
0.356061 -0.116101 -0.14351 0.646459 0.557039 -0.521343
0.341933 -0.178434 0.0670208 0.479249 0.235209 0.845575
0.0897615 -0.372603 0.179482 0.479247 0.235212 0.845576
0.433474 -0.0939244 -0.101002 0.550754 0.669533 -0.498393
0.230896 -0.377064 0.100732 0.479247 0.235214 0.845575
-0.359481 0.224081 0.352594 0.479247 0.235212 0.845576
-0.049273 -0.0899802 0.12335 -0.479247 -0.235212 -0.845576
0.1871 -0.128897 -0.225952 -0.683369 0.704557 0.191328
0.103058 -0.148592 0.194107 0.479247 0.235212 0.845576
0.0165056 -0.255704 0.271888 -0.550754 -0.669533 0.498393
-0.187924 0.0407831 0.109869 0.550752 0.669533 -0.498396
0.0999635 -0.248866 0.0281809 0.102346 0.923318 -0.370148
-0.0461995 -0.115431 0.269477 0.479247 0.235212 0.845576
-0.508696 0.163966 0.192598 -0.683369 0.704557 0.191328
-0.116392 -0.112224 0.308368 0.479247 0.235212 0.845576
0.0221929 -0.289291 0.233053 -0.550754 -0.669533 0.498393
0.216306 -0.352512 -0.169291 0.683369 -0.704557 -0.191328
0.268256 -0.181648 -0.1398 -0.646458 -0.557039 0.521343
0.125364 -0.177604 0.162694 0.550754 0.669533 -0.498393
-0.173493 -0.0955673 0.0747297 0.82023 -0.323568 0.471727
0.0747874 -0.153188 0.211408 0.479247 0.235212 0.845576
0.0645618 -0.163917 0.11389 0.550754 0.669533 -0.498393
-0.0812565 -0.327143 0.0666599 0.479247 0.235212 0.845576
-0.52852 0.143522 0.197077 -0.683369 0.704557 0.191328
-0.298411 -0.151234 1.53956e-05 -0.479245 -0.23521 -0.845577
0.0978691 -0.349501 0.235795 -0.550754 -0.669533 0.498393
-0.25028 -0.23172 0.00929423 -0.550754 -0.669533 0.498393
-0.303557 0.0307023 0.302954 -0.550751 -0.669533 0.498396
-0.408371 0.0909103 0.268011 -0.550754 -0.669533 0.498393
0.231153 -0.0831764 -0.236972 -0.683369 0.704557 0.191328
-0.0670778 -0.271198 -0.0977272 -0.479247 -0.235212 -0.845576
-0.161331 0.0520857 0.154441 0.550754 0.669533 -0.498392
-0.36227 0.280207 0.287539 -0.683369 0.704557 0.191328
-0.0576239 -0.269868 0.0373337 0.479247 0.235212 0.845576
-0.101054 -0.172552 0.253684 -0.550754 -0.669533 0.498393
-0.187227 0.0114136 0.0711854 0.550753 0.669533 -0.498394
0.273115 -0.109666 -0.194682 -0.479243 -0.235211 -0.845578
-0.106061 -0.152281 0.275382 -0.550754 -0.669533 0.498393
0.262032 -0.139046 -0.13807 -0.867191 0.275403 0.414889
-0.330165 0.0379469 0.283283 -0.550754 -0.669533 0.498393
-0.13299 0.052675 0.186551 0.550754 0.669533 -0.498393
-0.397088 -0.0382495 0.0245141 -0.479247 -0.235212 -0.845576
0.232039 -0.330539 -0.194014 0.683369 -0.704557 -0.191328
0.0662141 -0.263034 -0.163768 -0.683369 0.704557 0.191328
0.0998875 -0.259959 -0.0446227 -0.511723 0.857607 0.0514707
-0.409964 0.163561 0.0294404 0.550754 0.669533 -0.498393
-0.0172537 -0.44213 -0.0784183 -0.479247 -0.235212 -0.845576
0.225919 -0.25717 -0.0720621 -0.516007 -0.70382 0.488237
0.439617 -0.0907497 -0.153523 0.479246 0.235213 0.845576
-0.495335 0.0798368 0.157035 -0.550754 -0.669533 0.498393
0.129056 -0.300977 -0.200606 -0.479248 -0.235211 -0.845575
0.302657 -0.136624 -0.0620235 -0.86116 -0.060027 0.504777
-0.142386 -0.239617 -0.0638294 -0.479247 -0.235212 -0.845576
-0.423835 0.186028 0.0442937 0.550754 0.669533 -0.498393
0.290521 -0.0939743 -0.25904 0.550754 0.669533 -0.498393
0.372751 -0.0494989 -0.251274 0.516005 0.703821 -0.488236
0.0928274 -0.398202 0.164799 -0.550754 -0.669533 0.498393
0.111676 -0.212489 0.100703 0.550753 0.669534 -0.498393
-0.361565 -0.0134061 0.179598 -0.550754 -0.669533 0.498393
0.170561 -0.33614 -0.214348 -0.479242 -0.235216 -0.845577
-0.084895 0.0512068 0.237726 0.550754 0.669533 -0.498393
-0.0100146 -0.330965 -0.113443 -0.479247 -0.235212 -0.845576
0.020251 -0.23307 0.123749 -0.479247 -0.235212 -0.845576
0.315846 -0.281111 -0.171211 -0.479247 -0.235212 -0.845575
0.0636204 -0.299503 0.258437 0.479247 0.235212 0.845576
-0.465836 0.219175 0.142376 -0.683369 0.704557 0.191328
-0.312272 -0.0927347 -0.00840139 -0.479247 -0.235212 -0.845576
-0.348568 -0.0316312 0.169476 -0.550754 -0.669533 0.498393
0.0304968 -0.296592 0.116373 -0.82023 0.323565 -0.47173
0.409102 -0.236237 -0.236548 -0.479247 -0.235212 -0.845576
-0.206508 -0.220072 0.0733123 -0.550754 -0.669533 0.498393
-0.319409 -0.0095416 0.231374 -0.550754 -0.669533 0.498393
-0.0366517 -0.23308 0.0152139 0.479247 0.235212 0.845576
0.197596 -0.254172 -0.100158 -0.61606 -0.596053 0.514967
0.00121074 -0.260979 0.2479 -0.550754 -0.669533 0.498393
-0.32999 -0.0706713 -0.00449655 -0.479247 -0.235212 -0.845576
0.206904 -0.228455 -0.0608644 -0.675241 -0.516652 0.526422
0.268255 -0.304722 -0.131256 -0.113622 -0.938687 0.32551
-0.246836 -0.171592 0.0938752 -0.550754 -0.669533 0.498393
0.0800031 -0.213026 0.225097 0.479247 0.235212 0.845576
-0.0547084 -0.181308 0.292624 0.479247 0.235212 0.845576
-0.183754 -0.153564 -0.0643206 -0.479247 -0.235212 -0.845576
0.215138 -0.180595 -0.0131184 -0.792714 -0.297534 0.532051
-0.382215 0.0963551 0.304229 -0.550754 -0.669533 0.498393
0.0265568 -0.410439 -0.111319 0.233362 -0.962891 0.135583
-0.500936 0.220116 0.013546 -0.683369 0.704557 0.191328
-0.324026 -0.0723685 0.141871 -0.550754 -0.669534 0.498392
0.183189 -0.398628 -0.117756 0.683369 -0.704557 -0.191328
0.175323 -0.223622 -0.248347 -0.479241 -0.235215 -0.845578
0.41919 -0.261332 -0.0944959 0.479246 0.235211 0.845576
-0.122159 0.009207 0.140125 0.550753 0.669533 -0.498394
0.00445476 -0.277161 -0.105043 0.498993 0.719547 -0.482969
0.339555 -0.0897061 -0.106821 -0.0263968 -0.959122 0.281758
-0.230879 -0.14328 -0.0404724 -0.479247 -0.235212 -0.845576
-0.463668 0.152415 0.00921281 -0.479247 -0.235212 -0.845576
0.31666 -0.0783915 -0.0872727 0.479247 0.235212 0.845576
-0.389741 0.148095 0.365418 -0.55075 -0.669534 0.498396
0.0614226 -0.208791 0.0934343 -0.528975 -0.181902 -0.828913
0.205735 -0.108554 -0.234307 -0.683369 0.704557 0.191328
0.329763 -0.284881 -0.0131012 0.683369 -0.704557 -0.191328
0.159052 -0.230622 0.0789022 -0.323121 0.943039 -0.0791877
0.326269 -0.306262 0.0531531 0.683369 -0.704557 -0.191328
0.0921609 -0.333173 0.251421 -0.550754 -0.669533 0.498393
0.18424 -0.414509 -0.0555189 0.683369 -0.704557 -0.191328
0.168926 -0.431916 -0.046113 0.683369 -0.704557 -0.191328
0.197188 -0.216215 0.159567 0.479247 0.235211 0.845575
0.172158 -0.261781 0.186429 0.479247 0.235212 0.845575
-0.289553 -0.090577 0.155504 -0.550754 -0.669533 0.498393
0.324113 -0.138729 -0.282042 0.550754 0.669533 -0.498393
0.396293 -0.272975 -0.189631 0.640296 -0.752625 -0.153545
0.0107669 -0.152465 0.247492 0.479247 0.235212 0.845576
-0.204386 -0.138571 0.0995281 0.800765 -0.255391 0.541804
0.283107 -0.0351224 -0.0802921 0.479246 0.235211 0.845576
0.221884 -0.326612 0.116951 -0.550754 -0.669533 0.498393
0.133869 -0.195386 -0.171236 -0.683369 0.704557 0.191328
0.258739 -0.233842 -0.292782 -0.479247 -0.235212 -0.845576
0.119669 -0.430398 0.0740367 0.24206 0.890634 -0.384938
0.225246 -0.319451 -0.0608047 0.550754 0.669533 -0.498393
0.0887977 -0.500043 -0.00209597 0.0723259 -0.970728 0.229033
0.135893 -0.208548 -0.115539 -0.683369 0.704557 0.191328
0.343427 -0.0395992 0.00356582 -0.683369 0.704557 0.191328
-0.385613 0.18244 0.177257 0.550755 0.669534 -0.498392
0.274315 -0.188169 -0.3049 -0.868541 -0.0115769 0.495483
0.0602499 -0.266649 0.0843347 -0.831545 0.388532 -0.396958
-0.290329 -0.111646 0.126344 -0.550753 -0.669533 0.498393
-0.429445 0.202211 0.334825 -0.683369 0.704557 0.191328
0.333161 -0.300928 -0.175512 -0.479248 -0.235212 -0.845575
0.4641 -0.217253 -0.134975 0.788789 -0.537909 -0.297433
-0.341014 0.0250641 0.253988 -0.550754 -0.669533 0.498393
-0.404925 0.249012 0.250061 -0.683369 0.704557 0.191328
-0.226761 -0.0805431 0.238373 -0.550752 -0.669533 0.498395
-0.551309 0.144166 0.0611799 -0.479247 -0.235212 -0.845576
-0.267464 0.200495 0.307003 0.479247 0.235212 0.845576
0.316317 -0.0453751 -0.237051 -0.479246 -0.235212 -0.845576
0.32832 -0.206379 -0.307335 0.683369 -0.704557 -0.191328
-0.329156 0.146383 0.35702 0.479247 0.235212 0.845576
-0.404592 0.0158005 0.171286 -0.550754 -0.669533 0.498393
-0.190921 -0.270014 0.0234457 -0.550754 -0.669533 0.498393
0.31057 -0.220603 -0.318357 0.683369 -0.704557 -0.191328
-0.11474 0.0378334 0.18678 0.550754 0.669533 -0.498393
0.467732 -0.0917186 -0.0601815 0.550754 0.669533 -0.498393
0.195812 -0.194307 0.0275429 -0.479246 -0.235212 -0.845576
-0.460395 0.237863 0.0735277 0.550753 0.669534 -0.498393
0.227849 -0.164489 0.0506553 -0.683369 0.704557 0.191328
0.0401778 -0.465191 0.0166258 -0.550754 -0.669533 0.498393
0.257671 -0.144444 0.0833599 -0.683369 0.704557 0.191328
-0.392479 0.225159 0.370997 0.479247 0.235212 0.845576
-0.20315 -0.022612 0.00787946 0.550754 0.669533 -0.498393
0.0261478 -0.265469 0.127468 -0.619294 -0.0725364 -0.781801
-0.483157 0.220482 0.0756999 -0.683369 0.704557 0.191328
0.175055 -0.0953679 -0.0923873 -0.849413 0.366835 0.37938
-0.178038 -0.094267 0.140783 0.574857 -0.737194 -0.355084
-0.119014 -0.242793 0.064596 0.479247 0.235212 0.845576
0.0615334 -0.468347 -0.0582995 -0.104613 0.971861 -0.211049
-0.361191 0.0345671 0.244457 -0.550754 -0.669533 0.498393
-0.498069 0.0883137 0.0465413 -0.479247 -0.235212 -0.845576
0.332077 -0.054799 0.0190025 -0.683369 0.704557 0.191328
-0.158932 -0.0632721 0.0868304 0.794268 -0.603928 0.0664049
-0.306085 0.0465597 0.321463 -0.550754 -0.669533 0.498393
-0.317952 0.0723832 0.00863195 0.550754 0.669533 -0.498393
-0.0888196 -0.383045 -0.0542923 -0.479247 -0.235212 -0.845576
0.442603 -0.210486 -0.121909 0.479246 0.23521 0.845576
-0.164977 -0.110944 0.0590026 0.695781 -0.0384516 0.717224
0.420793 -0.101261 -0.124871 0.550754 0.669533 -0.498393
0.201524 -0.281363 -0.0358506 0.550754 0.669533 -0.498393
0.141095 -0.370337 0.0423736 -0.404426 -0.795864 0.4506
0.0113195 -0.0797286 0.168152 0.550754 0.669533 -0.498393
-0.0923078 -0.371403 -0.00378511 -0.550754 -0.669533 0.498393
0.0881873 -0.128522 0.196952 0.479247 0.235212 0.845576
0.353898 -0.195522 -0.255958 0.683369 -0.704557 -0.191328
0.0618445 -0.472516 0.0307291 -0.550754 -0.669533 0.498393
0.261113 -0.112094 -0.0234736 -0.683369 0.704557 0.191328
-0.275067 -0.164058 -0.00964805 -0.479247 -0.235212 -0.845576
0.211229 -0.357991 0.106574 0.479247 0.235212 0.845576
-0.0446758 -0.00672961 0.238376 0.479247 0.235212 0.845576
0.0730911 -0.461664 0.0577358 -0.550754 -0.669533 0.498393
0.329172 -0.296263 0.0266986 0.683369 -0.704557 -0.191328
-0.0780097 -0.392169 -0.015882 -0.550754 -0.669533 0.498393
-0.458237 0.00529837 0.0470579 -0.479247 -0.235212 -0.845576
0.252444 -0.32199 -0.152609 0.683369 -0.704557 -0.191328
-0.0268575 -0.0711204 0.246189 0.479247 0.235212 0.845576
0.174226 -0.229222 -0.119457 0.479247 0.235212 0.845576
-0.15962 -0.139975 0.232729 -0.550754 -0.669533 0.498393
0.17997 -0.223382 -0.092215 -0.727712 -0.432115 0.532646
0.198933 -0.407459 -0.0290003 0.683369 -0.704557 -0.191328
0.00310014 -0.426517 0.0276066 -0.550754 -0.669533 0.498393
0.0512541 -0.194478 0.236232 0.479247 0.235212 0.845576
0.177335 -0.25848 -0.239791 -0.479252 -0.235208 -0.845574
0.0359969 -0.110565 0.153997 0.550754 0.669533 -0.498393
0.32697 -0.139523 0.0646773 0.479247 0.235211 0.845576
0.01777 -0.455298 0.00515435 -0.550754 -0.669533 0.498393
-0.521662 0.124202 0.0499302 -0.479247 -0.235212 -0.845576
-0.355805 -0.0860285 0.0884021 -0.550754 -0.669533 0.498393
0.357425 -0.0935094 0.0346168 0.479249 0.235209 0.845575
0.236617 -0.171903 0.109276 -0.683369 0.704557 0.191328
-0.32548 0.199239 0.216313 -0.256527 -0.432435 -0.864404
-0.0759537 -0.204822 0.0296287 0.479247 0.235212 0.845576
0.0076012 -0.503458 -0.0707798 -0.550753 -0.669533 0.498393
-0.146761 0.0911732 0.22305 0.550754 0.669533 -0.498393
-0.137619 0.009225 0.123065 0.550754 0.669533 -0.498393
-0.376709 0.161669 0.159193 0.550753 0.669533 -0.498394
-0.355677 -0.101324 0.0185889 -0.479247 -0.235213 -0.845575
0.388416 -0.162199 -0.0678861 -0.640283 0.752639 0.153533
-0.323859 0.131157 0.176605 0.550754 0.669534 -0.498392
0.403035 -0.0853799 -0.0514716 0.550757 0.66953 -0.498394
0.29574 -0.0771788 -0.028374 -0.683369 0.704557 0.191328
-0.47961 0.0348174 0.113933 -0.550753 -0.669532 0.498395
0.309617 -0.24027 -0.249336 0.683369 -0.704557 -0.191328
-0.220936 -0.0954067 -0.0594242 -0.479247 -0.235212 -0.845576
0.181191 -0.0541439 -0.14962 -0.696888 0.687645 0.203694
-0.0394735 -0.0687132 0.12682 0.550754 0.669533 -0.498393
0.348745 -0.0730718 0.0338516 0.479247 0.235212 0.845576
0.246817 -0.12923 -0.241268 -0.275232 0.9551 -0.109685
0.4496 -0.115167 -0.111718 0.550754 0.669533 -0.498393
0.0960239 -0.352378 -0.167586 -0.479243 -0.235214 -0.845577
-0.409598 0.202225 0.0817854 0.550752 0.669536 -0.498391
0.0929833 -0.38634 -0.0260395 -0.156857 -0.924957 0.346195
0.0758845 -0.414202 -0.0899761 -0.616057 -0.596057 0.514966
0.275469 -0.0577106 -0.226958 0.550754 0.669533 -0.498393
-0.19702 0.145675 0.240729 0.550754 0.669533 -0.498393
0.243133 -0.132626 -0.312091 -0.479251 -0.235213 -0.845573
-0.163079 -0.156555 0.206632 -0.550754 -0.669533 0.498393
-0.275972 0.0722209 0.0548041 0.550754 0.669533 -0.498393
0.247523 -0.251533 0.140863 0.479248 0.23521 0.845575
0.0467583 -0.170152 0.232013 0.479247 0.235212 0.845576
0.295034 -0.0958221 0.0377586 -0.683369 0.704557 0.191328
0.443838 -0.0922033 -0.204363 0.772952 0.343281 -0.533576
-0.376827 0.256741 0.32196 -0.683369 0.704557 0.191328
-0.36168 0.274324 0.31131 -0.683369 0.704557 0.191328
-0.260834 -0.0857796 0.193685 -0.550754 -0.669533 0.498393
-0.181125 -0.00722948 0.0528836 0.550753 0.669533 -0.498394
-0.106758 -0.0297629 0.108747 0.294656 -0.714631 -0.634413
-0.0716218 -0.133496 0.00426691 0.550754 0.669533 -0.498393
-0.324187 -0.147896 0.0402306 -0.550754 -0.669533 0.498393
0.27085 -0.116973 0.0292681 -0.683369 0.704557 0.191328
0.187163 -0.0659658 -0.102683 -0.788791 0.537905 0.297435
-0.337859 -0.0906452 0.102032 -0.550753 -0.669533 0.498395
0.414582 -0.187888 -0.0673244 0.683369 -0.704557 -0.191328
0.0295159 -0.394343 0.100021 -0.550754 -0.669533 0.498393
-0.372501 0.253706 0.191938 0.550753 0.669534 -0.498393
0.187301 -0.3087 0.106424 0.479245 0.235212 0.845576
0.209614 -0.223288 0.0277819 -0.479247 -0.235212 -0.845576
-0.123324 -0.193211 0.20132 -0.550754 -0.669533 0.498393
-0.0621582 -0.414767 -0.0287222 -0.550754 -0.669533 0.498393
0.160422 -0.422946 -0.109524 0.683369 -0.704557 -0.191328
0.118216 -0.197239 -0.220321 -0.683369 0.704557 0.191328
-0.34275 -0.0254746 -0.00983694 -0.479247 -0.235212 -0.845576
0.426146 -0.215854 -0.229318 0.849413 -0.366836 -0.37938
0.251998 -0.00979199 -0.190765 -0.275237 0.955099 -0.109681
0.272101 -0.0777964 -0.257663 0.550754 0.669533 -0.498393
-0.517008 0.0789703 0.131921 -0.550754 -0.669533 0.498393
0.384116 -0.222778 -0.085341 0.479244 0.235211 0.845577
-0.285694 -0.0146172 0.261812 -0.550757 -0.669533 0.49839
-0.453083 0.17961 0.333623 -0.683369 0.704557 0.191328
0.241118 -0.280081 0.152434 0.479248 0.23521 0.845575
-0.3373 0.22038 0.341052 0.479247 0.235212 0.845576
0.395144 -0.207807 -0.0634032 0.683369 -0.704557 -0.191328
-0.355885 0.058747 -0.0258198 -0.479247 -0.235212 -0.845576
0.2185 -0.20233 0.0169156 -0.479247 -0.235212 -0.845576
-0.157377 -0.198497 0.0740173 0.479247 0.235212 0.845576
-0.247222 -0.158888 -0.0268677 -0.479247 -0.235212 -0.845576
-0.572411 0.132899 0.0794295 -0.683369 0.704557 0.191328
-0.430334 0.237475 0.201793 -0.683369 0.704557 0.191328
0.151314 -0.463295 0.00653333 0.683369 -0.704557 -0.191328
0.305936 0.0107328 -0.135389 -0.14795 0.971284 -0.186326
0.148731 -0.345381 0.138488 0.479247 0.235212 0.845575
0.309084 -0.167267 -0.0743434 -0.584122 -0.633593 0.507308
-0.372615 0.192201 0.204732 0.550754 0.669533 -0.498392
-0.435533 -0.00291736 0.111949 -0.550753 -0.669532 0.498396
-0.127475 -0.36684 -0.0365171 -0.550754 -0.669533 0.498393
-0.429204 0.244722 0.179142 -0.683369 0.704557 0.191328
-0.188472 0.0173254 0.313184 0.479247 0.235212 0.845576
0.0516265 -0.286379 0.0724572 -0.795117 0.602485 -0.0692817
-0.381594 0.0525406 -0.00952268 -0.479247 -0.235212 -0.845576
0.0957291 -0.236488 0.0494931 0.405126 0.767467 -0.496858
-0.396803 0.210341 0.10704 0.829488 -0.372627 0.416051
0.248016 -0.0905528 -0.301415 0.550754 0.669533 -0.498393
-0.416517 -0.0289668 0.0329434 -0.479247 -0.235212 -0.845576
0.224688 -0.407598 0.0634999 0.683369 -0.704557 -0.191328
0.203126 -0.380957 -0.11162 0.683369 -0.704557 -0.191328
-0.0958857 -0.00271056 0.153149 0.550754 0.669533 -0.498393
-0.412754 0.150099 0.00827333 0.550754 0.669533 -0.498393
-0.252967 0.0612415 0.065477 0.550754 0.669533 -0.498393
-0.0328426 -0.271666 0.195913 -0.550754 -0.669533 0.498393
-0.341535 -0.0196768 0.193308 -0.550754 -0.669533 0.498393
-0.119542 -0.123704 0.0317686 0.479247 0.235212 0.845576
-0.400129 0.0880046 -0.00888251 -0.479247 -0.235212 -0.845576
0.0632576 -0.348296 -0.150151 -0.479247 -0.235212 -0.845576
-0.210154 0.05684 0.106875 0.550754 0.669533 -0.498393
0.176377 -0.399523 0.0749057 -0.867194 0.275379 0.414898
0.055821 -0.281022 -0.100078 -0.323126 0.943037 -0.0791844
-0.0418998 -0.0356886 0.244858 0.479247 0.235212 0.845576
0.186217 -0.217665 0.119832 -0.401555 0.915435 -0.027055
0.394628 -0.118694 -0.0907583 0.826285 0.203926 -0.525039
0.199905 -0.430009 0.0575113 0.683369 -0.704557 -0.191328
0.127409 -0.468405 -0.0600337 0.683369 -0.704557 -0.191328
0.369818 -0.0894555 -0.255113 -0.479246 -0.235213 -0.845576
-0.319437 -0.00960406 -0.0274642 -0.479247 -0.235212 -0.845576
-0.104544 -0.330624 0.0374751 -0.550753 -0.669533 0.498393
-0.194843 -0.136539 0.188113 0.294656 -0.714632 -0.634413
-0.430745 0.10312 0.259689 -0.550754 -0.669533 0.498393
0.399947 -0.242164 -0.088921 0.479247 0.235212 0.845575
0.0446562 -0.266951 0.108981 -0.773339 0.184671 -0.606501
0.406485 -0.0169853 -0.155264 0.479247 0.235212 0.845576
-0.424625 0.132808 -0.00746166 -0.479247 -0.235212 -0.845576
0.441128 -0.118424 -0.00689631 -0.867192 0.275394 0.414892
-0.272883 0.131327 0.13762 0.550755 0.669534 -0.49839
-0.440634 0.0754624 0.211606 -0.550754 -0.669533 0.498393
0.249995 -0.141895 0.0465534 -0.683369 0.704557 0.191328
0.370998 -0.00768825 -0.137737 0.479247 0.235212 0.845576
-0.0633788 0.00159519 0.194855 0.550754 0.669533 -0.498393
-0.423692 -0.0215309 0.100029 -0.550753 -0.669532 0.498395
0.307678 -0.337435 0.130664 0.479252 0.235208 0.845574
0.256641 -0.157026 -0.309495 -0.550754 -0.669533 0.498393
0.399758 -0.149744 -0.255311 -0.479246 -0.235214 -0.845575
-0.166144 -0.238976 0.0902463 0.479247 0.235212 0.845576
-0.406786 0.0685556 0.239731 -0.550754 -0.669533 0.498393
0.0444559 -0.238642 0.110408 -0.590632 -0.109293 -0.799506
0.108591 -0.405351 -0.0393642 -0.727711 -0.432118 0.532646
-0.283711 -0.080725 0.175195 -0.550754 -0.669533 0.498393
0.414641 -0.07793 -0.0286068 -0.516002 -0.703824 0.488235
-0.399223 0.169589 0.0944832 0.707059 -0.0569332 0.704859
-0.117043 -0.178485 0.0455906 0.479247 0.235212 0.845576
-0.444995 0.132707 0.00411175 -0.479247 -0.235212 -0.845576
0.0148099 -0.367015 -0.117486 -0.479248 -0.235212 -0.845575
0.284583 -0.0109495 -0.223134 -0.0173617 0.965773 -0.258807
0.33409 -0.146891 -0.0211398 -0.675235 -0.516661 0.526421
0.207838 -0.302541 -0.244823 -0.479247 -0.235212 -0.845576
-0.0379239 -0.434779 -0.0687477 -0.479247 -0.235212 -0.845576
-0.213351 -0.0244149 0.328594 -0.550754 -0.669533 0.498393
-0.0742371 -0.0208774 0.152666 0.550754 0.669533 -0.498393
-0.515663 0.140783 0.216445 -0.550754 -0.669533 0.498393
-0.337768 0.06707 0.314005 -0.550757 -0.669533 0.49839
-0.434257 0.217002 0.263172 -0.683369 0.704557 0.191328
-0.20819 0.134551 0.213441 0.550753 0.669533 -0.498393
0.337752 -0.301374 0.0761676 0.683369 -0.704557 -0.191328
0.223169 -0.0449676 -0.0457518 -0.768623 0.577593 0.274965
0.244503 -0.220645 0.133983 0.479247 0.235212 0.845576
0.392686 -0.031289 -0.203509 0.479974 0.736359 -0.476866
-0.0270983 -0.198141 8.05115e-05 0.479247 0.235212 0.845576
0.319728 -0.0594729 -0.00789448 -0.683369 0.704557 0.191328
0.283305 -0.101125 0.015392 -0.683369 0.704557 0.191328
0.418205 -0.137176 -0.264396 0.840011 0.156297 -0.51957
0.266352 -0.271078 -0.160028 0.479251 0.235209 0.845574
0.00481703 -0.222325 -0.0305955 0.550754 0.669533 -0.498393
-0.305318 0.00253981 0.263175 -0.550755 -0.669533 0.498391
-0.44855 0.0361598 0.15006 -0.550754 -0.669533 0.498393
-0.255458 0.0417962 0.344343 0.479247 0.235212 0.845576
-0.00778561 -0.25577 0.00569288 0.390553 0.320995 0.862804
-0.039762 -0.0425522 0.161646 0.550754 0.669533 -0.498393
0.0621373 -0.122436 0.210023 0.479247 0.235212 0.845576
-0.0750099 -0.246217 0.0406086 0.479247 0.235212 0.845576
-0.13537 -0.0768333 0.0321096 0.695781 -0.0384516 0.717224
0.27984 -0.357238 0.0750373 0.683369 -0.704557 -0.191328
0.166456 -0.383557 0.0581909 -0.792711 -0.297541 0.532051
0.115393 -0.430354 -0.0320962 -0.867195 0.275373 0.4149
0.0897404 -0.380304 0.0409152 0.669425 -0.721031 -0.178842
0.223792 -0.0781061 -0.311463 0.550754 0.669533 -0.498393
0.031883 -0.468012 -0.0696932 0.404422 0.795867 -0.450598
0.216409 -0.258791 -0.26185 -0.479243 -0.235214 -0.845577
0.054863 -0.291714 -0.161133 -0.479247 -0.235212 -0.845576
0.31271 -0.306267 0.00474518 0.683369 -0.704557 -0.191328
-0.206102 -0.0496785 -0.0317429 0.550754 0.669533 -0.498393
-0.488398 0.0313421 0.0569073 -0.479247 -0.235212 -0.845576
0.234037 -0.190857 -0.193051 -0.727714 -0.432113 0.532646
0.296208 -0.109884 -0.179244 -0.0173577 0.965773 -0.258809
0.348231 -0.209089 -0.209599 -0.479247 -0.235213 -0.845575
0.00113926 -0.0596288 0.227124 0.479247 0.235212 0.845576
0.106618 -0.191721 0.123013 0.550754 0.669533 -0.498393
0.195284 -0.181348 -0.0436599 -0.810508 -0.251041 0.529203
-0.00765853 -0.401581 -0.0951358 -0.479246 -0.235211 -0.845576
0.12756 -0.294631 0.220843 0.479247 0.235212 0.845576
-0.0324516 -0.142277 0.269153 0.479247 0.235212 0.845576
0.259779 -0.359632 0.114469 -0.550754 -0.669533 0.498393
-0.405503 0.123363 -0.0156721 -0.479247 -0.235212 -0.845576
0.0655954 -0.436489 0.0832711 -0.550754 -0.669533 0.498393
0.0919222 -0.195896 0.101165 0.550752 0.669536 -0.498391
-0.386059 0.197524 0.375045 0.479247 0.235212 0.845576
-0.127073 -0.255087 -0.0682054 -0.479247 -0.235212 -0.845576
-0.0370224 -0.299899 0.035602 0.315168 0.386092 0.86695
0.105326 -0.477817 0.0668375 -0.3086 -0.856745 0.413224
0.445834 -0.158508 -0.138199 0.479247 0.235212 0.845575
0.060795 -0.392239 -0.0372091 0.356844 -0.932416 0.0571194
0.189315 -0.126425 -0.0462704 -0.876803 0.0852425 0.473234
0.123161 -0.405694 0.114258 0.70235 0.474974 -0.530193
0.327758 -0.107606 0.0553528 0.479248 0.23521 0.845575
-0.156704 -0.0332921 0.0448585 0.550754 0.669534 -0.498392
0.353455 -0.0303176 -0.238337 0.365095 0.822685 -0.435769
0.299221 0.0135701 -0.105832 -0.275237 0.955099 -0.109682
-0.170178 -0.0884051 -0.0440696 0.550754 0.669533 -0.498393
0.340704 -0.236382 -0.197742 -0.479248 -0.235213 -0.845575
0.0923677 -0.169244 0.20591 0.479247 0.235212 0.845576
-0.0333772 -0.338915 -0.0979908 -0.479247 -0.235212 -0.845576
0.0094218 -0.450696 -0.0793101 0.826285 0.203928 -0.525039
0.178709 -0.121575 -0.067999 -0.876352 0.181222 0.44628
0.118827 -0.241122 0.0540273 0.0567985 0.95309 -0.29731
0.237615 -0.162678 0.0788688 -0.683369 0.704557 0.191328
0.0583872 -0.275936 0.0425495 -0.683368 0.704557 0.191329
-0.249199 0.180841 0.230308 0.550754 0.669533 -0.498393
0.256986 -0.0797693 -0.277016 0.550754 0.669533 -0.498393
-0.304113 0.11831 0.181167 0.550754 0.669535 -0.498391
0.340446 0.0130377 -0.137139 0.0264029 0.959121 -0.281761
0.36747 -0.195039 0.0571661 0.479244 0.235213 0.845577
-0.0328625 -0.388158 0.0393975 -0.550751 -0.669534 0.498395
0.375048 -0.0909954 -0.0886411 -0.442741 -0.767072 0.464307
-0.394158 0.114763 0.31576 -0.550754 -0.669533 0.498393
-0.349079 0.264926 0.335337 0.479247 0.235212 0.845576
0.334669 -0.181369 -0.0815984 -0.0700863 -0.950088 0.304007
-0.302405 0.189197 0.329949 0.479247 0.235212 0.845576
0.17142 -0.0871151 -0.143318 -0.479246 -0.23521 -0.845577
-0.019979 -0.411608 0.0221321 -0.550752 -0.669534 0.498394
-0.251538 -0.0269341 -0.0513977 0.550754 0.669533 -0.498393
0.165356 -0.167924 -0.258191 -0.479247 -0.235212 -0.845576
0.458435 -0.142579 -0.19726 0.86854 0.0115802 -0.495483
0.193367 -0.259657 0.173817 0.479247 0.235212 0.845576
-0.214096 -0.067987 0.269236 -0.550754 -0.669533 0.498393
0.286563 -0.240049 0.115542 0.479247 0.235212 0.845576
0.377639 -0.0225881 -0.0668704 0.550754 0.669533 -0.498393
-0.323812 0.00974668 0.25242 -0.550754 -0.669533 0.498393
0.247199 -0.336003 -0.0587809 0.550754 0.669533 -0.498393
-0.205328 -0.200069 0.101488 -0.550753 -0.669533 0.498393
0.281869 -0.320231 0.140506 0.479247 0.235212 0.845576
0.345874 -0.0833587 -0.0825228 0.104632 -0.971862 0.211038
0.238668 -0.18946 -0.152963 -0.479246 -0.235212 -0.845576
-0.298347 0.113313 0.115633 -0.559593 0.739232 0.374689
0.0392723 -0.300937 0.0862888 -0.806013 0.581686 -0.109469
0.324481 -0.189284 -0.109558 0.0173601 -0.965773 0.258808
0.250993 -0.297327 -0.248613 0.683369 -0.704557 -0.191328
0.196103 -0.22846 -0.258778 -0.479241 -0.235216 -0.845578
0.287659 -0.171003 -0.326652 -0.479247 -0.235212 -0.845576
-0.487475 0.156398 0.268572 -0.550754 -0.669533 0.498393
-0.146486 -0.0956788 0.0421744 0.646417 0.0356007 0.762154
0.0223367 -0.26667 0.00504482 -0.00978677 0.602254 0.798244
-0.11459 -0.111381 0.165706 -0.390554 -0.320995 -0.862804
0.118474 -0.440588 0.0412418 -0.147972 0.971283 -0.186313
0.40605 -0.0281588 -0.0429585 0.550754 0.669533 -0.498393
0.336283 -0.172822 -0.0580485 -0.479244 -0.235213 -0.845577
0.278792 -0.117776 -0.303977 0.550754 0.669533 -0.498393
0.337841 -0.259298 0.0918336 0.479249 0.23521 0.845575
0.233566 -0.104661 -0.173659 -0.479246 -0.235211 -0.845576
0.182162 -0.181167 -0.0640541 -0.826285 -0.203929 0.52504
-0.17311 -0.250663 -0.0433438 -0.479247 -0.235212 -0.845576
-0.35269 0.290604 0.263399 0.550753 0.669534 -0.498393
0.336245 -0.0146324 -0.217933 0.24206 0.890634 -0.384938
0.367304 -0.16314 0.0483867 0.479247 0.235212 0.845576
0.231366 -0.137562 -0.177339 0.479247 0.235212 0.845576
0.428451 -0.115602 -0.140282 0.479246 0.235213 0.845575
0.159867 -0.271883 -0.226162 -0.479248 -0.235211 -0.845575
-0.375046 0.14413 0.137469 0.550753 0.669534 -0.498393
-0.049729 -0.0849987 0.263012 0.479247 0.235212 0.845576
-0.166592 -0.0851421 0.298685 -0.550754 -0.669533 0.498393
-0.342353 0.0971219 0.0149006 0.550754 0.669535 -0.498391
-0.333505 0.262169 0.2464 0.550751 0.669535 -0.498394
0.223099 -0.180112 0.0912196 -0.683369 0.704557 0.191328
-0.100218 -0.200697 0.0422337 0.479247 0.235212 0.845576
0.11318 -0.2428 -0.207791 -0.479247 -0.235212 -0.845576
-0.168021 0.0433358 0.135292 0.550754 0.669533 -0.498393
0.111749 -0.492283 0.0203958 0.241566 -0.961561 0.130563
-0.0329037 -0.0204074 0.198974 0.550754 0.669533 -0.498393
-0.158429 -0.309269 0.00661776 -0.550754 -0.669533 0.498393
-0.228417 -0.190639 0.0886412 -0.550754 -0.669533 0.498393
0.310419 -0.118606 -0.270141 0.550754 0.669533 -0.498393
0.31148 -0.273957 -0.0300624 -0.199707 -0.908926 0.366021
-0.168665 -0.266255 0.0530905 -0.550754 -0.669533 0.498393
-0.338518 0.287698 0.323017 0.479247 0.235212 0.845576
0.0902521 -0.246942 -0.137171 -0.683369 0.704557 0.191328
0.286938 -0.229788 -0.169103 -0.479246 -0.235212 -0.845576
-0.41816 0.18461 0.144205 0.550754 0.669535 -0.49839
-0.0776469 -0.363802 -0.0659775 -0.479247 -0.235212 -0.845575
-0.343587 -0.0529267 0.146373 -0.550754 -0.669533 0.498393
0.261635 -0.124937 -0.161252 0.696893 -0.687639 -0.203699
-0.307149 0.0543885 -0.00360337 0.550754 0.669533 -0.498393
-0.215232 -0.0309563 -0.016681 0.550754 0.669533 -0.498393
0.0843207 -0.453957 0.0804974 -0.550754 -0.669533 0.498393
-0.0117887 -0.363419 -0.10341 -0.479247 -0.235212 -0.845576
0.458868 -0.0791903 -0.174218 0.772951 0.343284 -0.533576
-0.323226 0.295627 0.302706 0.550754 0.669533 -0.498393
-0.463734 0.214025 0.168851 -0.683369 0.704557 0.191328
-0.0114283 -0.192206 0.271126 0.479247 0.235212 0.845576
0.328217 -0.157379 -0.302561 0.550754 0.669533 -0.498393
-0.332472 -0.147396 0.0182527 -0.479247 -0.235212 -0.845576
-0.164627 0.0776873 0.282879 0.479247 0.235212 0.845576
-0.0281322 -0.37759 -0.0902054 -0.479247 -0.235212 -0.845576
-0.407552 0.194738 0.169534 0.550754 0.669534 -0.498391
-0.263551 -0.0606199 0.224483 -0.550753 -0.669533 0.498393
-0.208958 -0.146098 -0.0521125 -0.479247 -0.235212 -0.845576
0.386122 -0.244966 0.0412134 0.683369 -0.704557 -0.191328
0.338255 -0.0186204 -0.10206 -0.479247 -0.235212 -0.845576
0.00993698 -0.478982 -0.083578 -0.47925 -0.235212 -0.845573
0.440628 -0.22794 -0.177894 0.788789 -0.537909 -0.297433
0.00432109 -0.302056 0.0327155 -0.174976 0.676462 0.71539
-0.0679577 -0.195126 -0.0744773 0.550754 0.669533 -0.498393
-0.251822 0.157876 0.309992 0.479247 0.235212 0.845576
-0.123958 -0.0290259 0.289513 0.479247 0.235212 0.845576
-0.341334 0.181564 0.225011 0.550755 0.669532 -0.498393
-0.313016 0.251945 0.255307 0.550753 0.669534 -0.498393
0.30299 -0.178552 -0.0969485 -0.442746 -0.767068 0.464309
0.258917 -0.152833 0.10695 0.479247 0.235212 0.845576
0.416259 -0.155442 -0.10821 -0.479246 -0.235212 -0.845576
-0.259047 0.210314 0.259019 0.550755 0.669534 -0.498391
0.170553 -0.137947 -0.251726 -0.683369 0.704557 0.191328
0.410385 -0.210197 -0.244518 -0.479247 -0.235213 -0.845575
-0.473581 0.190065 0.22191 -0.683369 0.704557 0.191328
0.331089 -0.118353 -0.0116141 0.873757 -0.0368697 -0.484963
-0.0463943 -0.255472 0.202691 -0.550754 -0.669533 0.498393
0.0550505 -0.276807 -0.074088 -0.0723255 0.970728 -0.229033
0.0237595 -0.429014 0.0470826 -0.550754 -0.669533 0.498393
0.146731 -0.236641 0.0575048 -0.323126 0.943037 -0.0791846
-0.150214 0.0299053 0.288001 0.479247 0.235212 0.845576
0.278897 -0.12434 0.0851401 -0.683369 0.704557 0.191328
-0.37842 0.163282 0.380241 0.479247 0.235212 0.845576
0.00771857 -0.137623 0.104302 -0.479247 -0.235212 -0.845576
0.28643 -0.185805 -0.282585 0.750542 -0.134686 -0.646952
-0.432168 0.164115 0.340057 -0.550754 -0.669533 0.498393
0.199567 -0.18594 -0.243762 0.86116 0.0600258 -0.504777
0.146777 -0.339983 -0.1998 -0.479247 -0.235212 -0.845576
-0.110607 -0.15789 -0.0715849 0.550754 0.669533 -0.498393
-0.0484655 -0.28801 -0.103599 -0.479247 -0.235212 -0.845576
0.280576 -0.217116 -0.309811 -0.479247 -0.235212 -0.845576
0.043269 -0.340418 0.18766 -0.550752 -0.669536 0.498391
0.0127961 -0.225525 0.266665 0.479247 0.235212 0.845576
0.214042 -0.206468 -0.245046 -0.735662 -0.479262 -0.478653
0.379133 -0.154497 0.0108685 0.199728 0.908917 -0.366031
-0.104953 -0.179878 0.179915 -0.479247 -0.235212 -0.845576
