ply
format ascii 1.0
comment Created by Open3D
element vertex 128
property double x
property double y
property double z
property double nx
property double ny
property double nz
end_header
0.328049 0.175263 0.395147 0.998671 0.0490706 -0.0157382
0.330702 0.0016444 0.0221551 0.998671 0.0490706 -0.0157381
0.327286 0.145002 0.252394 0.998671 0.0490706 -0.0157382
0.169493 0.248903 0.373868 0.00428416 -0.383404 -0.923571
0.0361928 -0.233949 -0.338075 0.998671 0.0490702 -0.015739
-0.0438606 0.273144 0.427783 -0.0042843 0.383404 0.923571
0.0728755 -0.00110692 -0.172465 -0.00428425 0.383404 0.923571
0.330294 0.0353262 0.10126 0.998671 0.0490706 -0.0157382
0.330615 0.0725208 0.237599 0.998671 0.0490706 -0.0157382
0.324015 0.224136 0.291508 0.998671 0.0490706 -0.0157381
0.139108 -0.12572 -0.185394 0.00428424 -0.383404 -0.923571
0.266521 0.14999 0.22454 -0.998671 -0.0490706 0.0157381
0.324752 0.0905522 -0.0782003 0.998671 0.0490706 -0.0157381
0.145307 0.0249443 -0.182944 -0.00428425 0.383404 0.923571
-0.174855 0.0918308 0.437477 0.00428428 -0.383404 -0.923571
0.329554 0.168266 0.468787 0.998671 0.0490706 -0.0157382
0.240485 0.275997 0.371159 -0.0513543 0.922276 -0.383104
-0.305122 0.222682 0.390447 -0.734071 0.625965 -0.263264
-0.0277938 -0.103915 -0.180422 -0.998671 -0.0490706 0.0157382
0.270611 0.0555554 0.189666 -0.998671 -0.0490707 0.0157382
0.327507 -0.157075 -0.171504 0.00428423 -0.383404 -0.923571
-0.0328263 0.180737 0.387764 -0.998671 -0.0490706 0.0157382
0.247501 0.231975 0.446225 -0.00428428 0.383404 0.923571
-0.0351438 0.157099 0.475997 -0.00428393 0.383406 0.92357
-0.0283939 -0.113941 -0.249769 -0.998671 -0.0490706 0.0157382
-0.0234339 -0.225297 -0.28223 -0.998671 -0.0490706 0.0157382
0.0990112 -0.0227899 -0.329169 -0.0513542 0.922276 -0.383105
0.332172 0.0687689 0.324731 0.998671 0.0490706 -0.0157382
0.273257 0.0285105 0.273216 -0.998671 -0.0490707 0.0157382
0.308486 0.214819 0.214764 -0.0513542 0.922276 -0.383105
0.269772 -0.0337014 -0.141906 -0.998671 -0.0490707 0.0157382
0.327795 -0.0101908 -0.199199 0.998671 0.0490706 -0.0157381
0.174177 0.114664 0.429617 0.00428166 -0.383413 -0.923567
0.133612 -0.054113 -0.17939 -0.955118 -0.275131 0.109785
-0.0223999 0.112112 0.343142 0.00428424 -0.383404 -0.923571
-0.0233467 -0.0347668 -0.158938 -0.00428424 0.383404 0.923571
0.192741 -0.0798595 -0.139217 -0.00428427 0.383404 0.923571
0.243124 -0.0824044 -0.202894 0.00428423 -0.383404 -0.923571
0.112354 0.152636 0.465031 -0.624662 0.720188 -0.301871
0.228275 0.151878 0.479386 -0.00428469 0.383403 0.923571
0.24195 0.0403733 -0.196273 -0.0513543 0.922276 -0.383105
0.0560375 0.120641 0.426588 0.00428366 -0.383403 -0.923571
0.326948 0.100413 0.0918918 0.998671 0.0490706 -0.0157381
-0.029483 -0.160322 -0.463487 -0.998671 -0.0490707 0.0157382
0.0670078 0.0089291 -0.24852 -0.0513542 0.922276 -0.383105
-0.255146 0.106982 0.495782 -0.00428237 0.383403 0.923571
-0.0901426 0.129565 0.422205 0.0042843 -0.383404 -0.923571
0.200744 0.288929 0.422364 -0.00428356 0.383397 0.923574
-0.0326187 -0.0538411 -0.330464 -0.998671 -0.0490706 0.0157382
0.0329126 -0.199244 -0.438015 0.998671 0.0490706 -0.0157381
0.319588 0.267026 0.338958 -0.0513542 0.922276 -0.383105
0.324856 0.165066 0.160701 0.998671 0.0490706 -0.0157381
0.0299889 -0.068948 -0.217287 0.998671 0.0490706 -0.0157381
0.170895 0.195271 0.461107 -0.00428428 0.383404 0.923571
0.00962081 -0.156759 -0.117634 0.0513543 -0.922276 0.383105
0.267041 -0.105934 -0.128048 -0.00428427 0.383404 0.923571
0.189747 0.0206457 -0.236767 -0.0513543 0.922276 -0.383105
0.0136212 -0.187398 -0.19193 0.0513542 -0.922276 0.383105
0.333755 -0.0388805 0.0895148 0.998671 0.0490706 -0.0157382
0.086882 0.268537 0.373789 -0.0513543 0.922276 -0.383104
0.326494 0.0348959 -0.141192 0.998671 0.0490706 -0.0157381
0.089877 -0.147679 -0.11154 -0.00428425 0.383404 0.923571
-0.302822 0.183123 0.463952 -0.00428432 0.383407 0.92357
0.0288551 -0.086585 -0.137185 -0.00428303 0.383403 0.923571
0.124586 0.202007 0.401377 -0.852493 -0.484178 0.197044
0.0697243 -0.123793 -0.187853 0.26751 0.890358 -0.368375
0.26696 -0.018483 -0.229319 0.00428423 -0.383404 -0.923571
0.162925 -0.143834 -0.112797 -0.00428425 0.383404 0.923571
-0.133765 0.1721 0.436878 -0.710238 0.268919 0.650573
0.265116 0.0660434 -0.12634 -0.998671 -0.0490706 0.0157381
-0.0206593 -0.254415 -0.3749 0.0476535 -0.99562 -0.0804323
0.268857 0.0464548 0.0499664 -0.998671 -0.0490707 0.0157382
0.326536 -0.0111154 0.190503 0.0513542 -0.922276 0.383105
0.17423 0.115672 0.494166 -0.00428424 0.383402 0.923572
-0.0738429 0.219409 0.449951 -0.00428445 0.383404 0.923571
0.314823 0.124453 -0.00363014 -0.0513542 0.922276 -0.383105
0.275613 -0.114275 -0.0510154 0.0513541 -0.922276 0.383105
0.0277309 -0.0961643 -0.445425 0.998671 0.0490709 -0.015738
-0.12746 0.271254 0.42818 -0.0042843 0.383404 0.923571
0.116017 -0.0583237 -0.245255 -0.657056 -0.697307 0.286427
0.262856 0.0937541 0.438709 0.00428556 -0.383401 -0.923572
0.0288016 -0.0803585 -0.328202 0.998671 0.0490707 -0.0157375
0.27299 0.0629048 0.363533 -0.998671 -0.0490707 0.0157382
-0.0339085 0.00555452 -0.227118 -0.998671 -0.0490706 0.0157382
0.210897 0.179073 0.403049 0.00428429 -0.383404 -0.923571
0.269797 0.10349 0.287479 -0.998671 -0.0490706 0.0157381
0.267382 0.10616 0.142555 -0.998671 -0.0490706 0.0157381
-0.239651 0.142231 0.416253 0.0042842 -0.383404 -0.923571
0.0119145 -0.0104113 -0.287694 -0.0513542 0.922276 -0.383105
-0.0950439 0.0955381 0.501275 -0.00428421 0.383404 0.923571
0.32862 0.141494 0.326108 0.998671 0.0490706 -0.0157382
0.116489 -0.194941 -0.223877 0.0513544 -0.922276 0.383105
0.265452 0.158843 0.0857777 -0.051354 0.922276 -0.383105
0.265219 0.207217 0.320341 -0.998671 -0.0490706 0.0157381
-0.23537 0.205909 0.437662 0.600985 -0.0676839 0.796389
0.32841 0.0250309 -0.0503621 0.998671 0.0490706 -0.0157381
-0.089576 0.214426 0.386979 0.00428397 -0.383404 -0.923571
-0.0291632 -0.127265 -0.340129 -0.998671 -0.0490702 0.0157377
0.0273616 0.167412 0.352953 0.998671 0.0490706 -0.0157381
0.0848901 0.243747 0.439737 -0.0732206 -0.92122 0.382088
0.333617 -0.0701832 -0.016823 0.998671 0.0490706 -0.0157382
0.0499153 -0.2123 -0.256742 0.0513542 -0.922276 0.383105
0.0241448 0.276709 0.401871 -0.0513542 0.922276 -0.383105
0.268617 0.00842123 -0.0838374 -0.998671 -0.0490707 0.0157382
-0.184936 0.0888165 0.499638 0.0513543 -0.922276 0.383105
0.0111851 0.0915193 0.479855 0.0513543 -0.922276 0.383105
0.332088 -0.0898473 -0.175167 0.998671 0.0490706 -0.0157381
0.0322294 -0.133306 -0.275778 0.998671 0.0490706 -0.0157382
-0.236698 0.252768 0.379203 -0.0513542 0.922276 -0.383105
0.332721 -0.0788014 -0.100533 0.998671 0.0490706 -0.0157381
-0.0189411 -0.0593191 -0.401298 -0.0513542 0.922276 -0.383105
0.269089 0.142801 0.365083 -0.998671 -0.0490706 0.0157381
-0.0358184 0.217974 0.313999 -0.998671 -0.0490706 0.0157381
0.273633 -0.0481373 0.05813 -0.998671 -0.0490707 0.0157382
0.0328633 0.059554 0.365775 0.998671 0.0490706 -0.0157381
0.228104 -0.160591 -0.170506 0.00428424 -0.383404 -0.923571
0.0278345 0.196811 0.456013 0.998822 -0.0430021 0.0224849
0.266401 0.0666469 -0.0428967 -0.998671 -0.0490706 0.0157381
-0.0480077 0.0751424 0.444993 0.00428428 -0.383404 -0.923571
0.121482 -0.141185 -0.271868 -0.763828 0.594834 -0.250478
0.273678 -0.0237953 0.136871 -0.998671 -0.0490707 0.0157382
0.331894 0.101663 0.461283 0.0513542 -0.922276 0.383105
0.272658 -0.0509599 -0.012575 -0.998671 -0.0490707 0.0157382
-0.169915 0.221528 0.383658 0.00428426 -0.383404 -0.923571
-0.0212188 -0.186968 -0.38887 -0.0344227 0.862498 0.504888
0.324635 0.251782 0.417088 0.998671 0.0490706 -0.0157382
-0.297907 0.0946293 0.435744 0.00428367 -0.383403 -0.923571
0.0773235 0.104785 0.498236 -0.00428421 0.383404 0.923571
