ply
format ascii 1.0
comment Created by Open3D
element vertex 2096
property double x
property double y
property double z
property double nx
property double ny
property double nz
end_header
0.28199 0.302006 -0.0588821 0.956315 0.00732456 0.292245
0.119023 -0.084339 -0.31392 -0.258049 0.490918 0.832112
-0.11702 0.0577903 -0.489967 -0.956316 -0.00732403 -0.292245
-0.340393 -0.171876 0.246734 -0.956315 -0.00732451 -0.292245
-0.172634 0.162617 -0.31061 -0.956315 -0.00732452 -0.292245
0.0362655 0.0788111 -0.318511 0.956315 0.0073245 0.292245
0.183253 -0.409848 -0.101961 -0.258049 0.490918 0.832112
0.258738 0.436319 -0.178941 0.137368 0.871174 -0.471365
-0.260034 0.365796 -0.0297001 -0.956315 -0.00732452 -0.292245
0.0263961 -0.0058186 -0.284094 0.956315 0.0073245 0.292245
0.0861659 0.417196 0.181176 0.258049 -0.490918 -0.832112
-0.201633 -0.266574 0.322681 -0.956315 -0.00732449 -0.292245
0.137199 0.641409 0.164685 0.137374 0.871175 -0.471363
0.281329 0.491925 -0.0695863 0.137373 0.871175 -0.471363
-0.232047 -0.203774 0.42063 -0.956315 -0.00732632 -0.292246
0.0825431 0.170674 -0.125168 0.258049 -0.490918 -0.832112
0.0912094 0.00884172 -0.477665 0.258049 -0.490918 -0.832112
0.114656 0.0136029 0.495912 0.956315 0.00732454 0.292245
0.163415 -0.0362013 -0.428699 0.258049 -0.490918 -0.832112
-0.1917 -0.486183 0.10632 -0.137374 -0.871175 0.471363
-0.00523358 -0.290557 -0.330938 0.258049 -0.490918 -0.832112
-0.251197 -0.47495 -0.0375464 -0.956315 -0.00732452 -0.292245
-0.214387 -0.225931 0.363395 -0.956315 -0.00732449 -0.292245
-0.0959016 -0.174181 -0.0515711 0.258049 -0.490918 -0.832112
-0.236307 0.340088 -0.1067 -0.956315 -0.00732452 -0.292245
0.146981 0.057432 -0.489036 0.258049 -0.490918 -0.832112
0.179569 0.442456 0.0986536 -0.916807 -0.06831 -0.393444
-0.329347 0.0186151 0.205815 -0.956316 -0.00732387 -0.292243
-0.378509 -0.245865 0.496032 -0.137374 -0.871175 0.471363
-0.198149 -0.162005 0.158721 -0.258049 0.490918 0.832112
-0.288623 0.0392633 0.217976 0.956315 0.00732433 0.292245
0.034585 -0.231155 0.201631 0.137374 0.871175 -0.471363
0.162674 -0.16482 0.197759 -0.258049 0.490918 0.832112
0.0587546 -0.546872 -0.159877 0.258049 -0.490918 -0.832112
-0.270551 0.00732499 0.0136997 -0.956315 -0.00732738 -0.292246
-0.0915128 -0.374253 -0.0349686 -0.956315 -0.00732516 -0.292245
0.0770461 -0.181548 0.181074 -0.258049 0.490918 0.832112
0.194211 0.0341158 -0.00997315 0.258049 -0.490918 -0.832112
0.232033 0.283422 -0.0273277 -0.137374 -0.871175 0.471363
0.155397 0.438842 0.137585 -0.733273 -0.230481 -0.639679
0.27212 -0.618017 -0.00352691 0.956315 0.00732449 0.292245
0.266617 -0.504316 0.0116306 0.956315 0.00732454 0.292245
0.0283399 -0.422225 0.288655 -0.137374 -0.871175 0.471363
-0.284834 0.16956 0.056371 -0.956315 -0.00732452 -0.292245
-0.102442 -0.207498 -0.251016 -0.247994 -0.509 0.824268
0.124861 0.0226953 -0.375256 -0.258049 0.490918 0.832112
-0.063165 0.386182 0.0765621 -0.137373 -0.871175 0.471363
-0.015165 -0.0842372 -0.146128 0.956315 0.0073245 0.292245
0.329167 0.331911 -0.351382 0.137379 0.871175 -0.47136
0.0178835 0.472358 0.13366 0.569567 -0.458807 -0.681975
-0.193276 0.116987 0.371778 -0.258049 0.490918 0.832112
-0.240729 0.255334 -0.0901054 -0.956315 -0.00732431 -0.292245
-0.348126 -0.258177 0.274201 -0.956315 -0.00732227 -0.292245
-0.0466897 0.510125 -0.131546 0.137385 0.871171 -0.471366
0.29514 -0.144724 -0.223678 -0.258049 0.490918 0.832112
-0.105379 0.178915 -0.531097 -0.956315 -0.0073245 -0.292245
0.242694 -0.0138538 -0.417298 0.258049 -0.490918 -0.832112
-0.0574914 0.0380888 -0.541034 0.258049 -0.490918 -0.832112
-0.0217306 -0.0210274 0.506401 -0.258049 0.490918 0.832112
0.193569 0.414871 0.204408 -0.137376 -0.871174 0.471363
0.118683 -0.393526 0.368026 -0.137369 -0.871175 0.471364
0.25237 -0.159135 -0.228439 -0.258049 0.490918 0.832112
-0.216729 -0.178322 0.369868 -0.956315 -0.00732449 -0.292245
0.216641 0.306452 0.0107508 -0.137374 -0.871175 0.471362
0.0199261 0.174075 0.404215 -0.258049 0.490918 0.832112
0.220822 0.602343 0.116855 0.137373 0.871175 -0.471363
-0.1966 -0.357004 0.0250601 0.258049 -0.490918 -0.832112
0.107747 0.377107 0.21152 0.258049 -0.490918 -0.832112
-0.351452 -0.337408 0.287072 -0.956315 -0.00732452 -0.292245
-0.196512 -0.5632 -0.0683389 0.956315 0.00732453 0.292245
0.367261 0.320935 -0.338389 0.956315 0.00732456 0.292245
-0.199939 0.554538 -0.0941236 0.137374 0.871175 -0.471363
-0.233021 0.474898 -0.120829 -0.956316 -0.00732545 -0.292244
0.320803 -0.390268 -0.171004 0.258049 -0.490918 -0.832112
-0.221834 0.232152 0.294978 -0.258049 0.490918 0.832112
-0.284397 0.454175 0.0478079 -0.956315 -0.00732452 -0.292245
0.0336267 -0.19918 0.178011 -0.258049 0.490918 0.832112
0.209293 0.504601 0.173927 0.956315 0.00732449 0.292245
-0.324057 -0.0538984 0.432038 -0.258049 0.490918 0.832112
-0.232977 -0.580788 -0.0805589 -0.137373 -0.871175 0.471363
-0.192143 0.0367597 0.284023 -0.956315 -0.00732266 -0.292246
-0.224529 0.201072 -0.141756 -0.956316 -0.00732168 -0.292243
-0.146718 -0.296294 -0.237971 0.956315 0.00732585 0.292245
-0.30938 0.0798942 0.13894 -0.956315 -0.00732452 -0.292245
-0.214212 -0.340615 0.368798 -0.137374 -0.871175 0.471363
0.141787 0.482389 -0.127878 0.137372 0.871175 -0.471364
0.0414498 0.0447369 -0.334622 0.956315 0.0073245 0.292245
-0.308545 -0.0872437 0.286338 0.956315 0.00732689 0.292247
-0.0660903 0.31652 0.0104707 0.956315 0.0073245 0.292245
0.0113242 -0.293485 0.337359 -0.351988 0.487749 0.798877
0.0299891 -0.17432 0.612877 -0.258049 0.490918 0.832112
0.0641733 0.18858 0.409379 -0.258049 0.490918 0.832112
0.183623 0.410484 0.260287 0.956315 0.00732449 0.292245
-0.0387608 -0.277823 0.323116 0.133677 0.455215 0.880289
0.175764 -0.0713555 -0.303983 -0.258049 0.490918 0.832112
0.289659 0.267139 -0.0831029 0.956315 0.00732456 0.292245
-0.170082 0.570389 -0.0561279 0.137374 0.871175 -0.471363
0.0286773 -0.210886 0.23737 0.137374 0.871175 -0.471363
-0.141452 0.257991 -0.280051 -0.211198 0.708518 0.673348
0.040808 0.49142 0.223468 -0.258049 0.490918 0.832112
0.124873 0.144671 -0.0966995 0.258049 -0.490918 -0.832112
-0.0692263 -0.568402 -0.186864 0.258049 -0.490918 -0.832112
0.194874 -0.537878 0.0727931 -0.98098 0.0537752 -0.186509
-0.108177 0.109148 0.15339 0.956315 0.0073245 0.292245
0.175604 -0.621715 -0.0794859 0.258049 -0.490918 -0.832112
-0.0520806 0.0213913 0.471963 -0.258049 0.490918 0.832112
-0.063768 -0.615724 -0.157252 0.258049 -0.490918 -0.832112
-0.249217 -0.238171 -0.0499616 -0.956315 -0.00732186 -0.292246
0.252854 0.116533 0.0411067 0.956315 0.00732446 0.292245
-0.119327 -0.153224 -0.130759 0.0100555 -0.999919 -0.00784353
-0.305491 -0.0346961 0.129085 -0.956316 -0.00732259 -0.292244
0.0381386 -0.44635 0.246924 -0.13737 -0.871175 0.471363
-0.245735 0.500559 0.129215 -0.258049 0.490918 0.832112
0.188604 -0.456078 0.265705 0.956315 0.00732449 0.292245
-0.187217 0.0258886 -0.259463 -0.956315 -0.0073245 -0.292245
-0.140786 0.433035 -0.275658 0.956315 0.00732468 0.292245
0.0834706 0.151087 -0.315206 -0.137375 -0.871175 0.471362
0.125095 -0.0252052 0.462725 0.956315 0.00732449 0.292245
-0.225871 -0.0159795 0.440116 -0.258049 0.490918 0.832112
0.170643 0.620541 0.135865 0.137374 0.871175 -0.471363
-0.039804 0.140659 -0.596062 0.258049 -0.490918 -0.832112
-0.173422 0.288521 0.276736 -0.258049 0.490918 0.832112
-0.100484 -0.105254 0.133589 0.956315 0.00732452 0.292245
-0.0595491 -0.268414 -0.360846 0.258049 -0.490918 -0.832112
-0.151687 0.232027 -0.234952 0.956315 0.00732443 0.292245
-0.0198076 0.25546 0.243732 0.258049 -0.490918 -0.832112
-0.0964284 0.0444811 0.116564 0.956315 0.00732452 0.292245
-0.24885 0.512017 -0.069964 -0.956315 -0.00732476 -0.292245
-0.334569 -0.338459 0.231851 -0.956315 -0.00732452 -0.292245
0.370892 0.149326 -0.473813 0.258049 -0.490918 -0.832112
0.0545314 0.0183935 0.506793 -0.258049 0.490918 0.832112
-0.0178837 0.0896834 -0.00838283 -0.258049 0.490918 0.832112
-0.209172 0.530437 0.122926 -0.258049 0.490918 0.832112
-0.026741 0.638806 0.112096 0.137374 0.871175 -0.471363
-0.178296 -0.528482 -0.128816 0.956315 0.00732466 0.292247
0.112293 0.0558947 0.502582 -0.258049 0.490918 0.832112
0.225099 -0.0790384 -0.384298 0.258049 -0.490918 -0.832112
-0.349133 0.0978315 0.268573 -0.956315 -0.00732451 -0.292245
-0.337231 -0.103431 0.257785 0.207333 0.687766 -0.695695
0.132122 -0.382337 0.0902593 -0.230739 -0.434638 -0.870546
-0.197446 0.595531 -0.0176355 0.137374 0.871175 -0.471363
0.189922 -0.251159 0.157 0.258049 -0.490918 -0.832112
-0.179665 0.324717 0.253445 -0.258049 0.490918 0.832112
-0.230655 0.0699054 -0.118422 -0.956315 -0.00732452 -0.292245
-0.126207 0.299877 -0.320029 0.956315 0.00732454 0.292245
-0.037863 -0.281903 -0.198346 -0.292302 0.0394164 0.955513
-0.130306 -0.263815 -0.29249 0.956315 0.00732464 0.292245
-0.220356 -0.106677 -0.147698 -0.956315 -0.0073245 -0.292245
-0.0555346 0.186518 0.373473 -0.258049 0.490918 0.832112
-0.23628 -0.456522 -0.0868219 -0.956315 -0.00732452 -0.292245
-0.00861705 -0.210819 -0.37903 0.258049 -0.490918 -0.832112
0.154015 -0.521354 -0.0554727 -0.528462 0.46695 0.709004
0.118755 0.266303 -0.533961 0.137376 0.871173 -0.471365
-0.298128 -0.159817 0.427458 0.258049 -0.490918 -0.832112
-0.139919 0.242066 -0.11405 0.247994 0.509 -0.824268
-0.0239756 0.284009 -0.542834 0.137374 0.871175 -0.471363
0.000496016 0.585752 0.0219795 0.137373 0.871175 -0.471363
0.133552 -0.138483 0.401751 0.137374 0.871175 -0.471363
-0.00211941 0.313816 -0.0393939 -0.137373 -0.871175 0.471363
-0.00950213 -0.0431751 -0.478209 0.258049 -0.490918 -0.832112
-0.135349 -0.517525 -0.237385 0.258049 -0.490918 -0.832112
-0.320351 -0.131337 0.180133 -0.956315 -0.00731987 -0.292247
-0.299552 0.213748 0.281735 -0.258049 0.490918 0.832112
-0.0847322 0.493725 -0.167042 0.258049 -0.490918 -0.832112
-0.318264 -0.403472 0.222301 -0.137373 -0.871175 0.471363
0.061722 -0.395679 0.0908956 0.397699 -0.484344 -0.779261
0.0566832 0.214121 -0.206514 -0.137374 -0.871175 0.471363
0.136918 0.459812 -0.171025 0.137372 0.871175 -0.471363
0.0436871 -0.473166 0.198979 -0.137362 -0.871177 0.471363
-0.114548 0.319782 -0.358681 0.956315 0.00732454 0.292245
-0.061167 0.200763 -0.638147 0.258049 -0.490918 -0.832112
-0.3351 0.085594 0.22296 -0.956319 -0.00732046 -0.292234
0.224824 -0.336075 0.144175 0.956315 0.00732471 0.292245
0.285199 0.212783 -0.537825 0.258049 -0.490918 -0.832112
-0.252628 0.181541 -0.0493181 -0.956316 -0.00732281 -0.292244
-0.254315 -0.322711 0.236115 -0.258049 0.490918 0.832112
-0.0749535 0.109009 -0.58829 0.258049 -0.490918 -0.832112
0.251272 -0.357601 0.0581686 0.956315 0.00732454 0.292245
0.179147 0.318239 -0.293086 0.351988 -0.487749 -0.798877
-0.138201 -0.0511079 0.488028 -0.258049 0.490918 0.832112
0.312491 -0.300129 -0.143602 0.956315 0.00732455 0.292245
-0.0240328 -0.0731702 0.0857885 -0.258049 0.490918 0.832112
0.0909963 -0.204617 0.26712 0.137373 0.871174 -0.471364
-0.151641 0.00240587 0.29829 0.956315 0.0073245 0.292245
0.142899 -0.394345 -0.123622 -0.258049 0.490918 0.832112
0.241982 0.104618 -0.400674 -0.397701 0.484343 0.779259
-0.0743421 -0.330381 -0.253765 -0.258049 0.490918 0.832112
-0.155725 -0.427493 -0.205207 0.956315 0.00732448 0.292245
0.303535 -0.486924 -0.109613 0.956315 0.00732438 0.292245
-0.205046 -0.272025 -0.0989795 0.291713 -0.0891707 -0.95234
0.259298 0.379679 -0.28346 0.137378 0.871175 -0.471361
0.210912 -0.336941 -0.136397 -0.258049 0.490918 0.832112
0.380591 0.265554 -0.459036 0.137377 0.871175 -0.471361
-0.182583 0.0650359 0.405744 -0.258049 0.490918 0.832112
-0.0168991 0.347118 -0.197517 -0.956315 -0.00732455 -0.292245
-0.349087 0.189851 0.280472 -0.258049 0.490918 0.832112
-0.138122 0.165739 0.249959 0.956315 0.0073245 0.292245
-0.326591 -0.127566 0.346402 0.956317 0.00731824 0.292239
-0.207673 -0.57442 -0.177476 -0.956315 -0.00732437 -0.292246
0.288589 -0.247897 -0.164841 -0.258049 0.490918 0.832112
-0.0158235 -0.639433 -0.125661 -0.137374 -0.871175 0.471363
0.28639 -0.574356 -0.0513173 0.956315 0.00732455 0.292245
-0.296547 -0.100266 0.467925 -0.258049 0.490918 0.832112
-0.0117841 -0.501321 0.0568928 0.977819 -0.195232 -0.0758528
0.225627 0.422729 -0.213707 0.13737 0.871175 -0.471364
0.207063 0.350999 0.0902916 -0.137374 -0.871175 0.471363
0.31509 -0.176908 -0.198504 -0.258049 0.490918 0.832112
-0.313604 0.371713 0.145448 -0.956315 -0.00732451 -0.292245
-0.139417 0.467686 -0.168639 0.258049 -0.490918 -0.832112
0.342807 0.168621 -0.493906 0.258049 -0.490918 -0.832112
0.199552 0.205796 -0.00945545 -0.258049 0.490918 0.832112
-0.210643 0.23981 -0.188167 -0.956316 -0.00732168 -0.292243
0.180407 -0.621593 -0.0354983 -0.137374 -0.871175 0.471363
0.192053 -0.53839 -0.123544 0.258049 -0.490918 -0.832112
-0.190828 -0.184492 -0.242372 -0.956316 -0.00732207 -0.292243
-0.089847 -0.415639 -0.283383 0.258049 -0.490918 -0.832112
-0.319125 -0.345726 0.181497 -0.956315 -0.00732452 -0.292245
0.25848 0.174471 -0.230541 -0.586788 -0.311808 -0.747299
-0.245855 -0.492428 0.0789943 -0.137374 -0.871175 0.471363
-0.0598262 -0.295271 0.00530591 0.956315 0.00732452 0.292245
-0.016498 0.0611148 -0.145409 0.956315 0.0073245 0.292245
0.0414459 -0.161343 0.0579666 0.258049 -0.490918 -0.832112
0.106723 -0.0611722 0.469773 0.258049 -0.490918 -0.832112
0.158793 0.0492277 0.0702745 -0.258049 0.490918 0.832112
-0.122445 -0.508545 -0.163571 -0.258049 0.490918 0.832112
-0.181068 -0.153866 -0.128133 0.0100555 -0.999919 -0.00784353
0.250169 0.00728729 0.0526307 0.956315 0.00732459 0.292245
0.143756 -0.342059 0.0668669 -0.278464 -0.422716 -0.86242
0.231937 0.515603 -0.0402181 0.137373 0.871175 -0.471363
-0.00138733 -0.433706 0.0033 0.990463 -0.125909 0.0559536
0.2629 0.407885 -0.230279 0.137371 0.871174 -0.471364
0.169174 0.500524 0.257905 -0.258049 0.490918 0.832112
0.21302 -0.453516 0.185744 0.956315 0.00732449 0.292245
0.298986 0.288749 -0.114168 0.956315 0.00732456 0.292245
0.252968 0.0100978 -0.328096 -0.258049 0.490918 0.832112
-0.19075 0.465566 -0.255885 0.137374 0.871175 -0.471363
0.06366 -0.100614 0.579835 -0.258049 0.490918 0.832112
0.35398 0.252597 -0.293217 0.956315 0.00732456 0.292245
-0.163052 -0.183138 0.182073 -0.258049 0.490918 0.832112
-0.29441 -0.122055 0.240725 0.0835197 0.951174 -0.297141
-0.168414 -0.218314 0.212768 -0.956315 -0.00732443 -0.292245
0.130928 -0.49606 -0.0823238 -0.258071 0.49078 0.832186
-0.272801 0.310681 0.0134572 -0.956315 -0.00732452 -0.292245
0.0795111 -0.458972 0.235652 -0.137373 -0.871175 0.471363
-0.171122 -0.454691 -0.154143 0.956314 0.00732522 0.292248
0.00339409 0.205272 -0.214115 0.956315 0.0073245 0.292245
-0.151741 -0.236354 -0.223034 0.956314 0.007325 0.292248
0.350258 0.307837 -0.282422 0.956315 0.00732456 0.292245
0.150251 -0.115995 -0.385706 0.258049 -0.490918 -0.832112
0.276814 -0.631891 -0.0420956 0.258049 -0.490918 -0.832112
-0.261517 0.102493 -0.0182483 -0.956315 -0.00732517 -0.292245
-0.129871 0.0532603 0.225778 0.956315 0.0073245 0.292245
-0.391556 -0.0814666 0.41189 -0.956315 -0.00732451 -0.292245
0.0813115 0.160728 -0.570343 0.258049 -0.490918 -0.832112
-0.274827 0.0129302 0.173492 0.956317 0.00732262 0.292241
-0.08744 0.590994 0.00603988 0.137374 0.871175 -0.471363
0.142361 -0.035218 0.0148521 0.258049 -0.490918 -0.832112
-0.0249225 -0.545486 -0.186644 0.258049 -0.490918 -0.832112
0.148236 0.192028 0.381557 0.956315 0.00732454 0.292245
0.0223542 -0.118486 -0.268044 0.956315 0.00732452 0.292245
0.0657592 0.111745 -0.393081 -0.137374 -0.871175 0.471363
0.0864145 -0.108741 -0.309635 -0.258049 0.490918 0.832112
0.0719457 0.177295 0.318301 0.258049 -0.490918 -0.832112
-0.161289 0.231407 -0.349457 -0.956315 -0.00732452 -0.292245
-0.012628 -0.414796 0.290446 -0.137374 -0.871175 0.471363
-0.0248025 0.436594 0.0731658 0.977819 -0.195232 -0.0758536
-0.17433 -0.0373911 0.326068 0.28561 -0.236623 -0.928675
-0.153724 0.134507 -0.371784 -0.956315 -0.00732738 -0.292246
-0.254943 0.0507053 -0.0384623 -0.956315 -0.00732452 -0.292245
0.0224589 0.0175992 0.397169 0.258049 -0.490918 -0.832112
0.123203 0.401665 -0.282488 0.137374 0.871175 -0.471363
-0.333578 -0.258012 0.372534 0.956315 0.00732452 0.292245
0.267469 -0.546076 0.00988872 0.956315 0.00732454 0.292245
0.0940425 0.398764 -0.0439266 -0.112634 0.486527 0.866375
-0.000902064 0.483698 -0.167044 0.137374 0.871175 -0.471363
-0.217214 -0.174449 -0.15628 -0.956315 -0.0073245 -0.292245
-0.262328 -0.490971 -0.000722669 -0.956315 -0.00732452 -0.292245
-0.0949561 -0.369508 -0.237073 -0.258049 0.490918 0.832112
-0.220684 -0.518746 0.00964435 0.956315 0.00732453 0.292245
-0.235856 0.290993 -0.106945 -0.956315 -0.00732452 -0.292245
-0.221943 -0.17425 0.534709 -0.258049 0.490918 0.832112
-0.310226 -0.147355 0.491464 -0.258049 0.490918 0.832112
0.170454 0.163916 -0.435805 0.325504 0.409741 0.85215
-0.000854597 -0.423963 -0.250875 0.258049 -0.490918 -0.832112
-0.00638263 0.351654 -0.245296 -0.235732 -0.5719 0.785723
0.140704 0.523616 0.235452 -0.258049 0.490918 0.832112
0.0789168 0.193091 -0.238902 -0.137373 -0.871175 0.471363
0.153126 -0.298018 0.377837 0.956315 0.00732449 0.292245
0.170907 0.00931092 -0.453227 0.258049 -0.490918 -0.832112
-0.095038 -0.208003 0.143316 -0.258049 0.490918 0.832112
0.248334 0.380746 0.0492765 0.956315 0.00732449 0.292245
0.182278 0.0240767 0.092396 -0.258049 0.490918 0.832112
-0.176997 -0.0727754 0.48878 -0.258049 0.490918 0.832112
0.0454073 0.172972 -0.588701 0.258049 -0.490918 -0.832112
-0.0919183 -0.349826 0.379203 0.546283 0.330324 0.769715
0.226804 0.371688 -0.3077 0.137373 0.871175 -0.471363
-0.212702 -0.286192 0.359392 -0.956315 -0.00732449 -0.292245
0.254065 0.320394 0.032034 0.956315 0.00732449 0.292245
0.235894 -0.418787 0.110022 0.956315 0.00732471 0.292245
0.261654 0.376214 0.00580197 0.956315 0.00732422 0.292245
-0.152364 -0.363061 -0.33379 0.258049 -0.490918 -0.832112
0.0476625 -0.318514 0.0439856 0.137373 0.871174 -0.471365
0.110163 -0.464338 -0.192627 0.258049 -0.490918 -0.832112
-0.0129641 -0.086207 -0.453895 0.258049 -0.490918 -0.832112
0.168139 0.0295496 -0.365878 -0.258049 0.490918 0.832112
-0.152022 -0.109795 -0.371229 -0.956316 -0.00732374 -0.292244
0.0571129 0.0608509 -0.068262 0.258049 -0.490918 -0.832112
-0.374152 -0.239826 0.358906 -0.956315 -0.00732451 -0.292245
0.0165611 -0.390847 -0.0681945 0.916807 0.0683096 0.393444
-0.306263 0.00891198 0.248988 0.15479 -0.860736 -0.484947
-0.0233137 -0.204464 0.523495 -0.0352864 -0.471268 -0.881284
0.0557859 0.585649 0.172521 -0.258049 0.490918 0.832112
0.0145352 -0.124688 0.128143 -0.258049 0.490918 0.832112
0.135101 0.482429 0.258014 -0.258049 0.490918 0.832112
0.0338397 -0.435369 0.0972681 0.609252 -0.449525 -0.653253
-0.320194 -0.0642592 0.32388 0.956315 0.00732442 0.292245
-0.133001 0.14659 -0.4399 -0.956315 -0.0073245 -0.292245
0.0708148 -0.200015 0.640697 -0.258049 0.490918 0.832112
-0.0900149 -0.592283 -0.104112 -0.258049 0.490918 0.832112
0.348095 -0.172602 -0.263304 0.956315 0.00732438 0.292245
0.0433466 0.500958 0.132251 0.3977 -0.484343 -0.77926
0.196803 0.073887 -0.032633 0.258049 -0.490918 -0.832112
-0.107296 0.0592045 0.151759 0.956315 0.00732452 0.292245
0.234831 0.0230454 0.00915495 0.258049 -0.490918 -0.832112
-0.215263 -0.0966869 0.363024 -0.956314 -0.00732835 -0.292249
-0.0674572 -0.231912 0.53097 0.351981 -0.48775 -0.79888
-0.314076 -0.128604 0.305474 0.956317 0.00731805 0.29224
-0.241524 0.0152733 0.416823 -0.258049 0.490918 0.832112
-0.300438 0.496926 0.0992253 -0.956315 -0.00732451 -0.292245
0.214622 0.390697 0.159344 0.956315 0.00732449 0.292245
-0.296242 0.145951 0.0942922 -0.956315 -0.00732452 -0.292245
-0.175628 0.0997553 -0.299234 -0.956315 -0.0073245 -0.292245
0.0898354 0.355074 -0.0199387 -0.112635 0.486527 0.866374
-0.104073 0.0772764 0.422869 -0.258049 0.490918 0.832112
-0.0522303 0.172131 0.282838 0.258049 -0.490918 -0.832112
-0.118795 0.0574439 0.329857 0.258049 -0.490918 -0.832112
0.141136 -0.22798 0.228343 -0.258049 0.490918 0.832112
-0.207126 -0.240315 0.202138 -0.258049 0.490918 0.832112
-0.124481 -0.469215 0.0752945 -0.956315 -0.0073245 -0.292245
0.333304 0.30632 -0.226906 0.956315 0.00732456 0.292245
-0.144061 -0.244371 -0.393909 -0.956315 -0.0073245 -0.292245
-0.278436 0.0665421 0.183958 0.956315 0.00732433 0.292245
0.0208164 0.00456443 0.053836 -0.258049 0.490918 0.832112
0.0604537 -0.292242 0.381878 -0.812386 0.371356 0.449581
-0.125953 -0.216516 0.44168 0.957219 -0.239115 -0.162962
0.0994963 -0.117273 -0.400692 0.258049 -0.490918 -0.832112
-0.030985 -0.236659 0.61433 -0.137374 -0.871175 0.471363
-0.0189984 0.01212 -0.135999 0.956315 0.0073245 0.292245
-0.0273012 0.26914 -0.261214 -0.956315 -0.00732449 -0.292245
0.240602 -0.034677 0.0849912 0.956315 0.00732459 0.292245
0.133436 -0.280438 -0.293905 0.258049 -0.490918 -0.832112
-0.12484 -0.0322815 0.211461 0.956315 0.00732452 0.292245
-0.0164491 0.239174 -0.295974 -0.956315 -0.00732449 -0.292245
0.0794479 -0.0344468 0.445548 0.258049 -0.490918 -0.832112
0.158699 -0.504881 0.173883 -0.137382 -0.871174 0.471361
0.158655 0.229205 -0.136095 0.258049 -0.490918 -0.832112
0.105882 0.0735146 -0.51127 0.258049 -0.490918 -0.832112
-0.179557 -0.380519 -0.274342 -0.956315 -0.0073245 -0.292245
0.117426 -0.220337 -0.334327 0.258049 -0.490918 -0.832112
0.25997 0.174831 -0.523258 0.258049 -0.490918 -0.832112
0.295276 -0.433516 -0.0839231 0.956315 0.00732455 0.292245
0.0796093 -0.221097 -0.345606 0.258049 -0.490918 -0.832112
-0.0752306 -0.163521 -0.427592 0.258049 -0.490918 -0.832112
-0.257151 -0.268428 -0.0232395 -0.956315 -0.00732518 -0.292245
0.0678376 -0.138959 0.153092 -0.258049 0.490918 0.832112
-0.0327556 0.396059 -0.246546 -0.956315 -0.00732447 -0.292245
-0.22839 -0.293842 0.410919 -0.956315 -0.00732449 -0.292245
-0.048995 -0.170504 -0.033264 0.956315 0.0073245 0.292245
-0.229386 -0.0922545 0.107884 -0.258049 0.490918 0.832112
0.0171298 0.49355 -0.0557232 0.733274 0.23048 0.639678
-0.285692 -0.272009 0.216187 0.956315 0.00732459 0.292245
-0.0223896 0.0723541 -0.550364 0.258049 -0.490918 -0.832112
-0.0308971 0.344342 0.00863635 -0.137373 -0.871175 0.471363
0.295552 0.181715 -0.278421 -0.896979 -0.0924585 -0.432297
0.0681062 0.0686237 -0.419952 -0.258049 0.490918 0.832112
-0.10763 -0.0466911 0.155503 0.956315 0.00732452 0.292245
0.0840801 -0.578498 -0.04137 0.0845947 0.463817 0.881883
-0.108849 -0.47197 -0.256043 0.258049 -0.490918 -0.832112
-0.258865 -0.134305 0.124951 0.956315 0.00732459 0.292245
0.301781 0.238005 -0.436235 -0.783125 0.386905 0.486846
0.0046667 0.507458 0.202798 -0.258049 0.490918 0.832112
-0.0607039 0.120726 -0.00224818 0.956315 0.00732452 0.292245
0.257072 -0.469928 0.0420045 0.956315 0.00732454 0.292245
0.161857 -0.368797 -0.232962 0.258049 -0.490918 -0.832112
0.223417 0.176228 -0.449032 -0.112634 0.486527 0.866375
0.115988 0.293706 -0.356628 0.943333 -0.260193 -0.205966
0.222222 -0.427818 0.154988 0.956315 0.00732449 0.292245
-0.0610356 0.475031 0.201553 -0.258049 0.490918 0.832112
0.00458587 -0.240976 -0.206831 0.956315 0.00732452 0.292245
0.342335 0.151003 -0.252566 0.956315 0.00732465 0.292245
-0.0702378 0.353313 -0.42823 0.137374 0.871175 -0.471363
0.0253303 0.247754 0.262276 0.258049 -0.490918 -0.832112
-0.189148 -0.348735 -0.150463 0.0694496 0.965374 -0.251455
0.109703 0.610037 0.174853 -0.258049 0.490918 0.832112
0.0750762 -0.185992 0.0829379 0.258049 -0.490918 -0.832112
0.0385402 0.543246 0.192188 -0.258049 0.490918 0.832112
0.303754 0.142878 -0.306439 -0.98976 0.1021 -0.0997529
-0.280748 0.0782313 0.0452881 -0.956316 -0.00732362 -0.292244
0.234253 -0.364996 -0.212753 0.258049 -0.490918 -0.832112
-0.342408 -0.255984 0.470461 0.258049 -0.490918 -0.832112
-0.283632 0.238585 0.0507065 -0.956315 -0.00732452 -0.292245
-0.0217081 0.33205 -0.281093 -0.956315 -0.00732466 -0.292245
0.0864708 -0.195499 -0.258433 -0.258049 0.490918 0.832112
-0.264037 -0.404599 0.00270561 -0.956315 -0.00732452 -0.292245
0.114409 -0.236292 0.502986 0.956315 0.00732449 0.292245
0.11858 0.100913 -0.0728355 0.258049 -0.490918 -0.832112
0.252242 0.540234 0.0324908 0.956315 0.00732456 0.292245
-0.0257506 -0.262428 -0.107023 0.956315 0.00732452 0.292245
-0.0491699 -0.32613 -0.0287914 0.956315 0.00732452 0.292245
0.104697 -0.0731702 0.530678 0.956315 0.00732454 0.292245
0.112084 0.0813797 -0.41384 -0.258049 0.490918 0.832112
-0.0885369 -0.409199 -0.211666 -0.258049 0.490918 0.832112
-0.0918311 0.1837 -0.575549 -0.956315 -0.0073245 -0.292245
0.0755208 -0.279931 0.454893 -0.986597 0.0780337 -0.143311
-0.24157 0.391309 -0.0907597 -0.956315 -0.00732452 -0.292245
0.19031 -0.00966407 0.0146456 0.258049 -0.490918 -0.832112
-0.246076 -0.0690068 -0.0644784 -0.956315 -0.0073245 -0.292245
-0.107893 -0.391092 0.0190534 -0.956316 -0.00732384 -0.292244
-0.0483952 -0.616872 -0.093455 -0.137374 -0.871175 0.471363
0.216193 -0.637608 -0.0546692 -0.137374 -0.871175 0.471363
-0.31441 0.275025 0.150509 -0.956315 -0.00732529 -0.292247
0.226906 -0.28235 -0.163643 -0.258049 0.490918 0.832112
-0.243691 -0.283389 0.460727 -0.956315 -0.00732449 -0.292245
0.0289926 0.0547939 0.477399 -0.258049 0.490918 0.832112
-0.23738 0.068642 0.311513 0.258049 -0.490918 -0.832112
0.126562 -0.618985 -0.0463714 -0.137374 -0.871175 0.471363
-0.374405 -0.052809 0.355048 -0.956315 -0.00732451 -0.292245
-0.217325 0.0543818 -0.161652 -0.956315 -0.0073245 -0.292245
-0.1244 0.122939 0.20613 0.956315 0.0073245 0.292245
0.147242 -0.561514 -0.123798 0.258049 -0.490918 -0.832112
-0.169251 0.55731 0.119452 -0.258049 0.490918 0.832112
0.0872656 -0.200262 0.41667 -0.98098 0.0537744 -0.18651
-0.0478458 -0.174987 0.589133 -0.258049 0.490918 0.832112
0.0969419 -0.462116 -0.103776 0.133679 0.455215 0.880289
-0.0420121 0.23604 -0.0663036 0.956315 0.00732452 0.292245
0.175708 0.0991575 -0.504744 0.258049 -0.490918 -0.832112
0.0277486 -0.0139986 -0.48387 0.258049 -0.490918 -0.832112
-0.196841 -0.069807 -0.225571 -0.956315 -0.0073245 -0.292245
0.0260185 0.356627 -0.394052 0.137374 0.871175 -0.471363
0.193682 0.461044 0.0261159 -0.977819 0.195232 0.0758531
-0.0928478 0.526329 -0.11505 0.137373 0.871175 -0.471363
0.0953397 0.16253 0.434413 -0.258049 0.490918 0.832112
0.178934 -0.0869358 0.156853 -0.258049 0.490918 0.832112
0.186891 0.283787 -0.269795 0.210061 -0.490673 -0.845644
-0.00584249 0.462639 -0.207406 0.137374 0.871175 -0.471363
-0.123784 -0.342987 0.0393719 0.258049 -0.490918 -0.832112
-0.0590195 -0.288791 -0.27355 -0.258049 0.490918 0.832112
-0.0672465 0.413537 0.13576 0.258049 -0.490918 -0.832112
-0.0863556 -0.22674 0.607723 -0.258049 0.490918 0.832112
-0.014018 0.473079 0.00745092 0.962452 -0.00491721 0.271408
-0.202674 -0.189249 -0.203489 -0.956315 -0.0073247 -0.292245
-0.177013 -0.172285 0.239751 -0.956315 -0.00732452 -0.292245
-0.0682048 0.236568 -0.311234 -0.258049 0.490918 0.832112
-0.267963 0.256851 -0.00102503 -0.956315 -0.00732452 -0.292245
0.179627 0.296 -0.0193538 -0.137374 -0.871175 0.471363
-0.0474235 -0.0832524 -0.0156639 0.258049 -0.490918 -0.832112
0.272989 0.0851856 -0.466333 0.258049 -0.490918 -0.832112
-0.307933 -0.427663 0.180602 -0.137373 -0.871175 0.471363
-0.0723815 0.310808 -0.356329 -0.258049 0.490918 0.832112
0.137736 -0.323796 -0.166844 -0.258049 0.490918 0.832112
0.0253606 -0.587805 -0.0182385 -0.137373 -0.871175 0.471363
0.312551 -0.346961 -0.142622 0.956315 0.00732455 0.292245
0.173034 -0.311517 0.0934552 0.13737 0.871176 -0.471362
0.0349573 0.191404 -0.0520078 -0.258049 0.490918 0.832112
-0.0944325 -0.502377 -0.233633 0.258049 -0.490918 -0.832112
-0.128359 0.437399 0.202877 -0.258049 0.490918 0.832112
-0.0253539 0.0789576 0.346142 0.258049 -0.490918 -0.832112
0.00114348 0.0752779 0.456677 -0.258049 0.490918 0.832112
0.042722 0.318385 0.225999 0.258049 -0.490918 -0.832112
-0.150241 0.197767 -0.384765 -0.956315 -0.00732452 -0.292245
-0.0333125 -0.43729 0.242844 -0.137374 -0.871175 0.471363
0.190345 -0.0631413 0.0462066 0.258049 -0.490918 -0.832112
0.316379 0.222509 -0.350202 -0.98976 0.102098 -0.0997578
-0.279516 0.571767 0.0767286 -0.258049 0.490918 0.832112
0.128146 -0.223415 0.121474 0.258049 -0.490918 -0.832112
-0.310689 -0.247944 0.297381 0.956315 0.00732452 0.292245
-0.183611 0.243304 -0.130767 0.956315 0.00732448 0.292245
-0.153092 0.541623 -0.104341 0.137374 0.871175 -0.471363
0.276459 0.190685 -0.185777 -0.137374 -0.871175 0.471363
0.0745662 0.0286826 0.406789 0.258049 -0.490918 -0.832112
0.00834401 0.109363 -0.562667 0.258049 -0.490918 -0.832112
-0.285098 -0.272313 0.0683093 -0.956315 -0.00732423 -0.292245
0.0749158 -0.0968482 0.0302962 0.258049 -0.490918 -0.832112
0.139204 -0.270923 0.152931 0.258049 -0.490918 -0.832112
0.108174 0.132567 -0.368946 0.850683 0.140011 0.50669
-0.264706 0.41058 -0.0155365 -0.956315 -0.00732452 -0.292245
0.0800197 -0.0771705 -0.430391 0.258049 -0.490918 -0.832112
0.362095 -0.0605001 -0.311926 0.956315 0.00732438 0.292245
-0.0290283 0.0738982 -0.104727 0.956315 0.0073245 0.292245
-0.0276818 -0.153359 -0.103437 0.956315 0.00732452 0.292245
-0.306571 -0.147628 0.13545 -0.956317 -0.0073358 -0.292241
-0.162622 0.419036 0.203085 -0.258049 0.490918 0.832112
-0.101758 -0.254445 0.522104 0.647426 -0.439124 -0.622905
-0.41061 -0.194484 0.477074 -0.956315 -0.00732451 -0.292245
0.0418173 0.457377 -0.061586 0.461294 0.364852 0.808759
-0.296562 -0.233625 0.250795 0.956314 0.0073247 0.292248
0.082622 -0.17666 0.316349 0.137373 0.871174 -0.471364
0.236818 0.019781 -0.438964 0.258049 -0.490918 -0.832112
-0.322461 0.338583 0.175261 -0.956315 -0.00732451 -0.292245
0.0119287 0.369748 0.286294 -0.258049 0.490918 0.832112
-0.0148153 -0.182951 0.153414 -0.258049 0.490918 0.832112
0.307652 0.417275 -0.199882 0.137373 0.871175 -0.471363
0.361136 0.0698843 -0.329824 -0.258049 0.490918 0.832112
0.0286083 -0.470093 -0.0633664 0.699169 0.251802 0.669147
-0.148123 -0.0233269 0.241173 -0.956315 -0.00732435 -0.292245
-0.123228 0.00538287 0.459344 -0.258049 0.490918 0.832112
-0.216464 -0.0129449 -0.162785 -0.956315 -0.0073245 -0.292245
-0.126244 0.54047 0.142725 -0.258049 0.490918 0.832112
7.49375e-06 -0.0434649 -0.196799 0.956315 0.0073245 0.292245
0.140661 0.144637 0.358877 0.258049 -0.490918 -0.832112
0.157515 0.062698 -0.0382157 0.258049 -0.490918 -0.832112
0.164688 0.290813 0.325247 0.956315 0.00732449 0.292245
0.238299 -0.0598084 -0.291403 -0.258049 0.490918 0.832112
-0.201974 -0.427007 -0.05388 0.956315 0.00732453 0.292245
0.0927219 0.0413873 -0.39625 -0.258049 0.490918 0.832112
-0.264151 -0.089091 0.141115 0.956315 0.00732459 0.292245
-0.101815 -0.223372 -0.0243842 0.258049 -0.490918 -0.832112
-0.133555 -0.0658719 0.398032 0.258049 -0.490918 -0.832112
0.0516827 -0.0415429 -0.460198 0.258049 -0.490918 -0.832112
-0.159592 -0.245121 -0.343066 -0.956315 -0.0073245 -0.292245
0.158053 0.16365 0.00253952 -0.258049 0.490918 0.832112
0.370822 0.257435 -0.34845 0.956315 0.00732456 0.292245
0.00254233 0.577671 0.160715 -0.258049 0.490918 0.832112
-0.323092 -0.190631 0.336533 0.956315 0.00732452 0.292245
-0.00931449 0.092371 -0.169699 0.956315 0.0073245 0.292245
0.179065 0.215125 -0.231899 0.210061 -0.490673 -0.845644
-0.00193174 -0.00811389 -0.0458855 0.258049 -0.490918 -0.832112
-0.222149 -0.136843 0.386562 -0.956316 -0.00732181 -0.292242
-0.118074 0.356871 -0.348072 0.956316 0.0073232 0.292245
0.0163505 -0.539137 -0.177591 0.258049 -0.490918 -0.832112
-0.0540967 0.17528 -0.0252363 0.956315 0.00732452 0.292245
0.362224 0.201674 -0.507385 0.258049 -0.490918 -0.832112
-0.27693 0.611868 0.0538721 -0.258049 0.490918 0.832112
-0.0693839 0.302702 0.200486 0.258049 -0.490918 -0.832112
-0.193357 -0.166306 -0.0886111 0.956315 0.00732446 0.292245
-0.280127 -0.230738 0.196941 0.956315 0.00732459 0.292245
-0.172261 0.423211 -0.318359 -0.956315 -0.00732448 -0.292245
0.0570357 -0.151779 -0.393502 0.258049 -0.490918 -0.832112
-0.0540704 -0.574845 -0.0174347 -0.137374 -0.871175 0.471363
0.136636 -0.482062 0.209626 -0.137385 -0.871174 0.471361
-0.0782396 -0.311054 -0.341486 0.258049 -0.490918 -0.832112
-0.105045 0.0778819 -0.529656 -0.956315 -0.00732609 -0.292247
-0.177845 -0.488962 -0.131284 0.956315 0.00732451 0.292245
-0.163135 0.41803 -0.202151 0.956316 0.0073247 0.292244
-0.145227 -0.0597842 -0.394717 -0.956315 -0.00732567 -0.292246
-0.0494597 -0.227177 -0.382045 0.258049 -0.490918 -0.832112
-0.0361936 -0.130933 0.566756 -0.258049 0.490918 0.832112
-0.180634 0.210125 -0.285622 -0.956315 -0.00732452 -0.292245
-0.000976508 0.193069 -0.16428 0.258049 -0.490918 -0.832112
0.183774 0.260457 -0.525817 0.137373 0.871176 -0.471362
0.256735 0.0509279 0.0300526 0.956315 0.00732459 0.292245
-0.10722 -0.0269005 0.383207 0.258049 -0.490918 -0.832112
-0.294802 0.297355 0.233882 -0.258049 0.490918 0.832112
0.193671 0.601526 0.205913 -0.258049 0.490918 0.832112
-0.288587 -0.205165 0.45717 0.258049 -0.490918 -0.832112
-0.00884168 0.511598 0.057932 0.927104 -0.280623 -0.248454
-0.0797879 -0.460477 -0.0711751 -0.956315 -0.0073245 -0.292245
-0.00150798 0.0520178 -0.194233 0.956315 0.0073245 0.292245
-0.0448677 -0.374726 -0.218462 -0.258049 0.490918 0.832112
-0.296417 -0.297088 0.251911 0.956315 0.00732471 0.292247
0.0258213 -0.224459 0.517646 -0.504413 -0.348022 -0.790221
0.197767 0.158998 0.0175999 -0.258049 0.490918 0.832112
-0.183266 -0.0555628 -0.270349 -0.956315 -0.0073245 -0.292245
-0.141347 -0.0113022 0.363422 0.258049 -0.490918 -0.832112
-0.133593 0.33474 -0.296733 0.956316 0.00732363 0.292245
0.294288 0.00370854 -0.411659 0.258049 -0.490918 -0.832112
-0.207907 0.488877 0.147838 -0.258049 0.490918 0.832112
0.152242 0.27803 -0.0605469 -0.137374 -0.871175 0.471363
-0.0283494 0.400403 0.109713 0.943333 -0.260194 -0.205966
0.0685942 0.278246 -0.526507 0.137375 0.871174 -0.471364
-0.295888 -0.17824 0.101261 -0.956315 -0.00732451 -0.292245
-0.140445 -0.354373 -0.25704 0.956315 0.00732448 0.292245
0.00217934 0.60958 0.0665098 0.137373 0.871184 -0.471346
-0.110754 0.29348 0.193097 0.258049 -0.490918 -0.832112
0.138426 -0.224254 0.424094 0.956315 0.00732448 0.292245
-0.00995519 -0.219848 -0.159778 0.956315 0.00732452 0.292245
-0.0242454 -0.344731 -0.304873 0.258049 -0.490918 -0.832112
-0.134315 -0.147361 0.546019 -0.258049 0.490918 0.832112
-0.0523274 -0.208186 -0.236363 -0.247994 -0.509 0.824268
-0.0741318 -0.21363 0.0500719 0.956315 0.0073245 0.292245
-0.0628505 -0.488011 -0.125909 -0.956316 -0.0073243 -0.292244
0.0625033 -0.259242 0.491347 -0.874917 -0.116381 -0.47008
-0.189989 -0.568924 -0.224006 0.258049 -0.490918 -0.832112
0.00109653 -0.191627 -0.19665 0.956315 0.00732452 0.292245
0.25319 -0.452823 -0.155066 0.258049 -0.490918 -0.832112
-0.0797283 -0.520972 0.074655 -0.137374 -0.871175 0.471363
0.307954 0.242996 -0.142366 0.956315 0.00732456 0.292245
0.17739 0.456834 -0.164734 0.137367 0.871175 -0.471365
0.0718573 -0.217646 0.463612 -0.896978 -0.092459 -0.432298
-0.00904847 0.333282 -0.32255 -0.956315 -0.00732449 -0.292245
0.175454 -0.286846 -0.277094 0.258049 -0.490918 -0.832112
0.277755 0.367255 -0.0466596 0.956315 0.00732456 0.292245
0.0193936 0.441306 -0.239479 0.137374 0.871175 -0.471363
-0.327471 0.300149 0.192618 -0.956315 -0.00732451 -0.292245
-0.126005 0.129631 0.285033 0.258049 -0.490918 -0.832112
-0.097836 0.392178 0.112456 0.956315 0.0073245 0.292245
0.0570507 -0.223705 0.0995976 0.258049 -0.490918 -0.832112
0.343154 0.342038 -0.260032 0.956315 0.00732456 0.292245
-0.299688 0.262057 0.253191 -0.258049 0.490918 0.832112
0.00694125 0.228218 -0.182562 0.258049 -0.490918 -0.832112
-0.00364916 -0.295732 0.0711374 0.137374 0.871175 -0.471363
0.209234 0.194395 -0.198512 -0.137373 -0.871175 0.471363
0.0997861 -0.545933 -0.0591816 -0.0140906 0.477545 0.878494
-0.22069 -0.234831 0.562421 -0.137374 -0.871175 0.471363
0.202674 -0.502478 0.0301874 -0.988703 0.149408 -0.012011
-0.152629 -0.166595 -0.0736391 0.258049 -0.490918 -0.832112
0.17799 0.333299 0.280653 0.956315 0.00732449 0.292245
0.335648 0.035412 -0.31739 -0.258049 0.490918 0.832112
0.122762 0.623434 0.127256 0.137374 0.871175 -0.471363
-0.305696 -0.42889 0.139637 -0.956315 -0.00732452 -0.292245
0.0120674 0.291829 -0.517877 0.137374 0.871175 -0.471363
-0.116916 0.574614 -0.0328236 0.137374 0.871175 -0.471363
0.150725 -0.446673 -0.19047 0.258049 -0.490918 -0.832112
-0.0227043 -0.0426663 -0.0319426 0.258049 -0.490918 -0.832112
0.192431 0.557012 0.0474385 -0.874916 -0.116381 -0.470082
0.373796 0.154594 -0.355607 0.956315 0.00732465 0.292245
0.212194 -0.340319 0.18561 0.956315 0.00732449 0.292245
-0.169931 0.0165425 -0.315792 -0.956315 -0.0073245 -0.292245
0.117675 0.114095 0.369768 0.258049 -0.490918 -0.832112
-0.338999 -0.216386 0.389229 0.956315 0.00732452 0.292245
-0.314586 -0.181859 0.162535 -0.956315 -0.00732451 -0.292245
-0.0570356 0.236468 -0.0171528 0.956315 0.0073245 0.292245
0.278426 0.268591 -0.483199 0.137374 0.871175 -0.471362
-0.198282 -0.480697 -0.0646145 0.956315 0.00732453 0.292245
-0.108797 -0.368889 -0.316841 0.258049 -0.490918 -0.832112
0.169414 -0.29902 0.324565 0.956315 0.00732449 0.292245
0.132312 -0.121799 0.441531 0.956315 0.00732448 0.292245
0.0218511 0.152961 -0.273201 0.956315 0.0073245 0.292245
-0.0361007 -0.343452 -0.0711236 0.956315 0.00732452 0.292245
-0.280694 -0.176003 0.0514853 -0.956315 -0.0073186 -0.292247
0.15007 -0.377224 0.389824 0.956315 0.00732449 0.292245
-0.0442023 0.183793 -0.216928 -0.0100554 0.999919 0.00784366
0.0560186 -0.113075 -0.416652 0.258049 -0.490918 -0.832112
0.268807 0.493814 -0.0205506 0.956315 0.00732456 0.292245
0.273542 0.29944 -0.294729 -0.546284 -0.330324 -0.769714
-0.256151 0.331756 0.225573 -0.258049 0.490918 0.832112
-0.060503 -0.2261 0.00578699 0.956315 0.00732452 0.292245
0.225812 0.381926 0.122946 0.956315 0.00732449 0.292245
-0.084024 -0.413467 -0.0584916 -0.956315 -0.0073245 -0.292245
-0.0777208 0.183224 -0.187471 -0.0100554 0.999919 0.00784366
-0.0236557 -0.0826733 0.542173 -0.258049 0.490918 0.832112
-0.122568 -0.186478 0.238403 0.137374 0.871175 -0.471363
0.0514847 -0.00270121 0.418147 0.258049 -0.490918 -0.832112
0.0498967 0.198535 -0.151729 0.258049 -0.490918 -0.832112
-0.179277 0.399782 -0.140939 0.258049 -0.490918 -0.832112
0.0789624 0.365103 -0.362956 0.137374 0.871174 -0.471364
-0.00551587 -0.263927 -0.1732 0.956315 0.00732452 0.292245
0.174753 0.627777 0.18456 -0.258049 0.490918 0.832112
-0.200847 -0.279427 -0.0612653 0.956315 0.00732446 0.292245
-0.255612 -0.103611 -0.032408 -0.956315 -0.0073245 -0.292245
-0.269239 0.12194 0.345299 -0.258049 0.490918 0.832112
-0.135917 -0.227623 -0.273515 -0.247994 -0.509 0.824268
-0.315773 0.419351 0.155406 -0.258049 0.490918 0.832112
-0.209497 -0.426607 0.0621243 0.258049 -0.490918 -0.832112
-0.0491872 0.545755 0.163503 -0.258049 0.490918 0.832112
-0.0572787 -0.076881 0.428182 0.258049 -0.490918 -0.832112
0.0255905 0.311253 0.325041 -0.258049 0.490918 0.832112
-0.109246 0.271526 -0.0866297 0.247994 0.509 -0.824268
0.196914 -0.443114 0.0598807 -0.874917 -0.116381 -0.470081
-0.306444 0.0199657 0.130834 -0.956315 -0.00732431 -0.292245
0.148399 0.406357 0.206871 0.258049 -0.490918 -0.832112
-0.128665 0.267488 0.303024 -0.258049 0.490918 0.832112
-0.045223 0.279765 -0.329592 -0.258049 0.490918 0.832112
-0.207515 -0.037719 -0.191446 -0.956315 -0.0073245 -0.292245
-0.0876113 0.267914 0.215358 0.258049 -0.490918 -0.832112
-0.116466 -0.144522 0.371732 0.990463 -0.125909 0.0559535
-0.204706 -0.437375 0.192737 -0.137374 -0.871175 0.471363
0.0385142 0.452009 0.246008 -0.258049 0.490918 0.832112
0.137172 -0.0634318 0.130035 -0.258049 0.490918 0.832112
0.0453916 -0.337157 0.393566 -0.718846 0.415077 0.557648
0.236585 0.201096 -0.546006 0.258049 -0.490918 -0.832112
-0.15209 -0.101718 0.513579 -0.258049 0.490918 0.832112
0.0996845 -0.0358193 0.546143 0.956315 0.00732454 0.292245
-0.130341 -0.0544912 -0.443563 -0.956315 -0.0073245 -0.292245
0.0158432 -0.231867 -0.243897 0.956315 0.00732452 0.292245
-0.351166 -0.225037 0.449487 0.258049 -0.490918 -0.832112
-0.295404 -0.010985 0.0954838 -0.956316 -0.00731981 -0.292244
-0.00481194 -0.553129 0.0106614 0.874917 0.116381 0.47008
0.0717666 0.631999 0.150131 -0.258049 0.490918 0.832112
-0.13733 0.25421 -0.428428 -0.956315 -0.0073256 -0.292245
-0.171268 -0.221938 0.578557 -0.258049 0.490918 0.832112
0.0962545 0.214974 -0.193405 -0.137374 -0.871175 0.471363
-0.193839 -0.205254 -0.0636108 0.258049 -0.490918 -0.832112
