ply
format ascii 1.0
comment Created by Open3D
element vertex 512
property double x
property double y
property double z
property double nx
property double ny
property double nz
end_header
0.407768 -0.0332961 -0.190909 0.516007 0.703819 -0.488237
-0.0846153 -0.026461 0.266501 0.479247 0.235212 0.845576
0.319449 -0.176577 -0.078672 -0.365101 -0.822681 0.435771
0.304845 -0.310435 -0.14922 0.10464 -0.971862 0.211034
-0.0244229 -0.395651 0.0386576 -0.550757 -0.669532 0.498391
0.148012 -0.443202 0.165287 -0.533818 -0.686622 0.493548
0.293481 -0.107587 -0.111425 -0.669423 0.721033 0.178841
0.127604 -0.468485 -0.0590403 0.683369 -0.704557 -0.191328
-0.0879545 -0.0217331 0.136358 0.550753 0.669533 -0.498393
-0.426687 0.250461 0.166997 -0.683369 0.704557 0.191328
-0.471061 0.142709 0.26832 -0.550754 -0.669533 0.498393
0.223098 -0.178109 -0.259926 -0.479246 -0.235206 -0.845578
0.437262 -0.101258 -0.219379 0.792714 0.297533 -0.532051
-0.27969 0.239416 0.275304 0.550755 0.669534 -0.498391
0.152778 -0.222782 -0.0028134 -0.683369 0.704557 0.191328
-0.372784 0.249936 0.352942 0.479247 0.235212 0.845576
-0.213482 0.0291811 0.324061 0.479247 0.235212 0.845576
-0.0371858 -0.214035 -0.0658752 0.550754 0.669533 -0.498393
-0.45398 0.0480066 0.159974 -0.550754 -0.669533 0.498393
0.225762 -0.0311676 -0.0746992 -0.696887 0.687646 0.203694
0.256074 -0.162693 0.111304 0.479247 0.235212 0.845576
-0.388089 0.217604 0.187893 0.495151 -0.74278 -0.450669
-0.0143011 -0.0891801 0.127142 0.550754 0.669533 -0.498393
0.00314701 -0.0539039 0.193813 0.550754 0.669533 -0.498393
0.347008 -0.0934646 -0.115219 -0.199707 -0.908925 0.366022
-0.367748 -0.0300138 0.150454 -0.550754 -0.669533 0.498393
0.0929863 -0.229558 -0.191422 -0.683369 0.704557 0.191328
-0.399598 0.0342266 0.201557 -0.550754 -0.669533 0.498393
0.273631 -0.0691402 -0.220326 0.479244 0.235211 0.845577
-0.455939 0.111743 0.0161458 -0.479247 -0.235212 -0.845576
0.262306 -0.214377 -0.201876 -0.156855 -0.924957 0.346194
-0.337179 0.123521 0.0560825 0.550754 0.669533 -0.498393
0.427678 -0.186068 -0.0272516 0.683369 -0.704557 -0.191328
0.0286358 -0.17616 0.103167 -0.479247 -0.235212 -0.845576
-0.101203 -0.345399 -0.0577457 -0.479244 -0.235208 -0.845578
0.248541 -0.317552 -0.182894 0.683369 -0.704557 -0.191328
-0.273635 -0.12098 -0.0224424 -0.479247 -0.235212 -0.845576
-0.0224394 -0.299172 0.170457 -0.550754 -0.669533 0.498393
-0.139724 -0.107063 -0.035481 0.550754 0.669533 -0.498393
0.457371 -0.131787 -0.121087 0.683369 -0.704557 -0.191328
0.231122 -0.0849139 -0.230685 -0.683369 0.704557 0.191328
0.00999697 -0.335899 0.0908047 -0.70641 0.691955 0.148937
-0.112089 -0.161929 0.25576 -0.550754 -0.669533 0.498393
0.275029 -0.114919 0.0366303 -0.683369 0.704557 0.191328
-0.372031 0.148958 0.147286 0.550754 0.669532 -0.498394
0.351428 -0.140613 -0.254388 0.550754 0.669533 -0.498393
0.0443702 -0.280348 0.103392 -0.82023 0.323565 -0.47173
-0.324199 -0.0425561 0.181729 -0.550754 -0.669533 0.498393
-0.217278 -0.185831 0.106466 0.619295 0.072535 0.7818
0.104683 -0.445996 0.0230068 -0.0610865 0.970024 -0.235207
0.291831 -0.26433 -0.0220105 -0.324858 -0.84746 0.419856
0.201405 -0.117709 -0.151802 -0.479247 -0.235212 -0.845576
-0.432091 0.115358 0.274641 -0.550754 -0.669533 0.498393
-0.191878 0.141038 0.240181 0.550754 0.669533 -0.498393
0.0485873 -0.348443 -0.141796 -0.479247 -0.235212 -0.845576
0.381113 -0.187507 -0.234239 -0.479247 -0.235212 -0.845575
0.41327 -0.26731 -0.144355 0.60959 -0.782335 -0.127877
-0.29134 0.103246 0.0795001 0.550755 0.669535 -0.498389
0.400322 -0.201333 -0.0687473 0.683369 -0.704557 -0.191328
-0.209892 -0.108099 -0.0621532 -0.479247 -0.235212 -0.845576
-0.0978614 0.0602242 0.235511 0.550754 0.669533 -0.498393
-0.354294 0.0882176 0.324152 -0.550754 -0.669533 0.498392
-0.124581 -0.295544 -0.0583637 -0.479247 -0.235212 -0.845576
-0.447119 0.182981 0.342513 -0.683369 0.704557 0.191328
-0.0421049 -0.41239 -0.0033689 -0.550753 -0.669533 0.498393
0.111084 -0.30526 0.233138 0.479247 0.235212 0.845576
-0.392197 0.169995 0.386181 0.479247 0.235212 0.845576
-0.476592 0.0109924 0.0852623 -0.550754 -0.669533 0.498393
0.300477 -0.183069 -0.257257 -0.876352 0.181231 0.446277
0.350493 -0.00456666 -0.185192 0.199711 0.908924 -0.366023
-0.473515 0.186134 0.00541438 -0.479247 -0.235212 -0.845576
0.226395 -0.363816 -0.0916302 0.683369 -0.704557 -0.191328
0.125541 -0.219566 -0.111938 -0.683369 0.704557 0.191328
0.121811 -0.410047 -0.16616 -0.479247 -0.235211 -0.845575
-0.179176 0.0821651 0.289879 0.479247 0.235212 0.845576
-0.163599 0.0234074 0.297395 0.479247 0.235212 0.845576
-0.0478811 -0.439403 -0.046041 -0.550754 -0.669533 0.498393
0.162661 -0.428018 -0.0828436 0.683369 -0.704557 -0.191328
0.28569 -0.130105 -0.237706 -0.365096 -0.822685 0.43577
-0.389936 0.251298 0.295182 -0.683369 0.704557 0.191328
0.163204 -0.220146 0.129748 0.0567923 0.953091 -0.297307
-0.221176 0.0942598 0.144964 0.550754 0.669533 -0.498393
-0.14262 -0.129985 0.264933 -0.550754 -0.669533 0.498393
-0.423589 0.154039 0.0015926 0.550754 0.669533 -0.498393
0.112562 -0.493742 -0.00591422 0.476101 -0.879026 -0.025323
0.319262 -0.311473 0.0473176 0.683369 -0.704557 -0.191328
-0.34169 0.181369 0.354392 0.479247 0.235212 0.845576
-0.497416 0.192709 0.127039 -0.683369 0.704557 0.191328
0.310413 -0.0806681 0.0368855 -0.683369 0.704557 0.191328
-0.329527 0.240406 0.331076 0.479247 0.235212 0.845576
0.367617 -0.0101112 -0.061184 0.550754 0.669533 -0.498393
0.346518 -0.0331949 -0.249581 0.365095 0.822685 -0.435769
-0.0221617 -0.0211103 0.229616 0.479247 0.235212 0.845576
0.0307277 -0.408084 -0.0688307 0.609581 -0.782343 -0.12787
-0.118174 -0.155914 -0.0772916 0.550754 0.669533 -0.498393
0.46467 -0.0848526 -0.0285746 0.479247 0.235212 0.845575
-0.206431 0.0533952 0.106362 0.550754 0.669533 -0.498393
-0.321064 0.0103659 0.256288 -0.550754 -0.669533 0.498393
0.232355 -0.377772 -0.0189481 0.683369 -0.704557 -0.191328
0.118346 -0.368519 0.0354552 0.0173476 -0.965771 0.258814
-0.550926 0.13991 0.130351 -0.683369 0.704557 0.191328
-0.177415 -0.212197 0.0891854 0.479247 0.235212 0.845576
0.241787 -0.0949343 -0.314184 0.550754 0.669533 -0.498393
0.33477 -0.278055 -0.0203527 0.683369 -0.704557 -0.191328
-0.232657 0.147192 0.203385 0.550754 0.669533 -0.498393
-0.0440473 -0.128612 0.131135 -0.479247 -0.235212 -0.845576
0.0804977 -0.248134 0.0571174 -0.829863 0.503223 -0.241025
-0.0881776 -0.117228 0.0121911 0.479247 0.235212 0.845576
0.26711 -0.239322 -0.296002 -0.479247 -0.235212 -0.845576
-0.090195 -0.146711 -0.0340102 0.550754 0.669533 -0.498393
0.103242 -0.247637 0.221553 0.479247 0.235212 0.845576
-0.480375 0.227912 0.0582759 -0.683369 0.704557 0.191328
-0.338175 -0.149334 0.022841 -0.550754 -0.669533 0.498393
0.244133 -0.152176 0.0634768 -0.683369 0.704557 0.191328
0.302661 -0.349021 0.126291 0.683369 -0.704557 -0.191328
-0.293087 0.136151 0.20166 -0.794644 0.237918 -0.558513
0.2828 -0.170544 -0.028369 -0.479245 -0.235215 -0.845575
-0.192124 -0.0567548 0.308605 -0.550754 -0.669533 0.498393
0.210766 -0.0932293 -0.27277 -0.683369 0.704557 0.191328
-0.0498535 -0.394759 -0.0731187 -0.479249 -0.235215 -0.845573
-0.518307 0.196553 0.0279031 -0.479247 -0.235212 -0.845576
0.226336 -0.281796 -0.110161 -0.404427 -0.795863 0.4506
0.257728 -0.275354 -0.0710685 -0.365096 -0.822685 0.43577
0.0337602 -0.26522 -0.0571707 0.462956 0.750747 -0.471223
-0.349237 -0.109311 0.0643833 -0.550754 -0.669533 0.498393
0.407967 -0.254634 -0.0899982 0.479247 0.235212 0.845575
0.302036 -0.0748689 -0.0143904 -0.683369 0.704557 0.191328
0.178315 -0.121986 -0.0686046 -0.876352 0.181222 0.44628
0.365186 -0.0884873 -0.252757 -0.479248 -0.23521 -0.845575
0.0725499 -0.3873 0.00338051 0.609581 -0.782343 -0.12787
0.321435 -0.206498 -0.0402652 -0.479246 -0.235212 -0.845576
0.0455784 -0.285833 0.0395334 -0.574802 0.737257 0.355043
0.188521 -0.263054 0.177508 0.479247 0.235212 0.845576
0.08204 -0.20116 0.0831726 0.550755 0.669532 -0.498394
0.371197 -0.24406 -0.212888 -0.479247 -0.235213 -0.845575
0.0678514 -0.260398 0.245161 0.479247 0.235212 0.845576
-0.0911029 -0.364641 0.00663043 -0.550754 -0.669533 0.498393
0.0636223 -0.486464 0.0137974 -0.498992 -0.719547 0.482968
-0.299801 0.0756178 0.360067 0.479247 0.235212 0.845576
-0.382695 0.2674 0.199069 0.550753 0.669534 -0.498393
0.278651 -0.0745442 -0.0668007 0.479246 0.235211 0.845576
-0.200721 0.129698 0.288868 0.479247 0.235212 0.845576
0.161701 -0.0842721 -0.137696 -0.806994 0.496887 0.319162
-0.23617 0.164104 0.299389 0.479247 0.235212 0.845576
-0.130448 -0.123827 0.0379839 0.479247 0.235212 0.845576
-0.104542 -0.242461 0.0563014 0.479247 0.235212 0.845576
0.166989 -0.393132 -0.195855 0.683369 -0.704557 -0.191328
-0.124904 -0.330962 0.0145227 -0.550754 -0.669533 0.498393
-0.0191644 -0.189564 0.274776 0.479247 0.235212 0.845576
-0.520254 0.124967 0.190125 -0.550754 -0.669533 0.498393
0.191303 -0.0654193 -0.0926918 -0.788791 0.537905 0.297435
0.252063 -0.325077 0.152363 -0.550754 -0.669533 0.498393
0.054962 -0.37711 0.15129 -0.550754 -0.669533 0.498393
0.364874 -0.178448 -0.279631 0.683369 -0.704557 -0.191328
0.396074 -0.0779259 -0.046715 -0.365097 -0.822684 0.43577
-0.243622 0.11163 0.318209 0.479247 0.235212 0.845576
0.401893 -0.122121 -0.264205 -0.479246 -0.235214 -0.845575
-0.149959 -0.0325801 0.305238 0.479247 0.235212 0.845576
-0.321055 0.0768863 0.0112521 0.550754 0.669533 -0.498393
0.238837 -0.14185 0.00653631 -0.683369 0.704557 0.191328
-0.265528 0.115579 0.124592 0.550753 0.669533 -0.498393
0.337382 -0.114296 -0.162683 0.516001 0.703825 -0.488235
0.393237 -0.00263767 -0.15232 0.32486 0.847459 -0.419856
0.243848 -0.270206 0.14814 0.479246 0.235213 0.845576
0.251039 -0.0702778 -0.270837 0.550754 0.669533 -0.498393
0.356994 -0.293806 -0.107505 0.233353 -0.962893 0.135588
0.404839 -0.227068 0.0421526 0.683369 -0.704557 -0.191328
0.30462 -0.189984 0.091381 0.479248 0.23521 0.845575
-0.167065 0.0132746 0.0959654 0.550754 0.669533 -0.498393
-0.236028 -0.159018 -0.0331761 -0.479247 -0.235212 -0.845576
-0.543094 0.0721823 0.0939751 -0.550754 -0.669533 0.498393
0.0646607 -0.214945 0.234326 0.479247 0.235212 0.845576
-0.165284 -0.084245 0.0682581 0.826916 -0.356494 0.434882
0.0229093 -0.517864 -0.0777417 -0.3086 -0.856745 0.413224
-0.00444106 -0.233161 0.278558 0.479247 0.235212 0.845576
-0.186872 -0.11191 0.240314 -0.550754 -0.669533 0.498393
0.268247 -0.286053 -0.228505 0.683369 -0.704557 -0.191328
0.13109 -0.229757 0.0901761 0.22658 0.897607 -0.378104
-0.0555876 -0.24911 0.171194 -0.479247 -0.235212 -0.845576
-0.485198 0.047046 0.124186 -0.550754 -0.669533 0.498393
0.0864766 -0.25366 -0.125917 -0.683369 0.704557 0.191328
0.129235 -0.326625 0.171051 0.683369 -0.704557 -0.191328
-0.0857382 -0.202741 0.0345954 0.479247 0.235212 0.845576
0.0470105 -0.158292 0.228571 0.479247 0.235212 0.845576
-0.398349 0.22739 0.128022 0.550753 0.669535 -0.498392
0.114083 -0.483489 0.0572728 -0.0567878 -0.953092 0.297305
0.446703 -0.23187 -0.118284 0.479246 0.235211 0.845576
0.261475 -0.121195 -0.181503 -0.543688 0.835873 0.075633
-0.181861 -0.0908581 0.113571 0.76478 -0.643982 -0.0199887
-0.353142 0.279971 0.321013 -0.683369 0.704557 0.191328
0.285565 -0.00417363 -0.1955 -0.104643 0.971862 -0.211032
0.046561 -0.129098 0.140774 0.550754 0.669533 -0.498393
0.0544681 -0.448865 0.0543499 -0.550754 -0.669533 0.498393
0.486105 -0.119195 -0.0648243 0.683369 -0.704557 -0.191328
0.469394 -0.149164 -0.0141537 0.683369 -0.704557 -0.191328
0.312849 -0.201325 -0.184229 -0.508664 0.859558 0.0491944
0.424455 -0.118212 -0.0264409 0.849034 0.115277 0.515609
0.00337616 -0.32746 -0.122008 -0.47925 -0.235212 -0.845573
0.268894 -0.347548 0.00025996 0.683369 -0.704557 -0.191328
0.117009 -0.242718 -0.0571572 -0.683378 0.704548 0.191329
-0.260599 0.142438 0.166121 0.550754 0.669534 -0.498392
0.278403 -0.194288 -0.146573 0.404434 0.795859 -0.450603
-0.399109 -0.0432633 0.0979993 -0.550755 -0.669535 0.498389
0.219117 -0.336192 -0.219346 0.683369 -0.704557 -0.191328
-0.183122 -0.036133 0.011848 0.550754 0.669533 -0.498393
-0.141794 -0.0532523 0.113929 0.543977 -0.740811 -0.394067
-0.350553 0.295307 0.273783 -0.683369 0.704557 0.191328
-0.502726 0.0548404 0.0584917 -0.479247 -0.235212 -0.845576
-0.0638645 0.0228978 0.24101 0.479247 0.235212 0.845576
0.0169741 -0.377153 0.109253 -0.550754 -0.669533 0.498393
-0.066189 -0.352316 0.0507182 -0.550754 -0.669533 0.498393
-0.460759 0.206057 0.208819 -0.683369 0.704557 0.191328
0.045088 -0.099346 0.179114 0.550754 0.669533 -0.498393
-0.360658 0.171673 0.19037 0.550753 0.669534 -0.498393
-0.280241 -0.0639779 0.201527 -0.550754 -0.669533 0.498393
-0.043526 -0.0330767 0.170216 0.550754 0.669533 -0.498393
-0.0382338 -0.188643 0.144539 -0.479247 -0.235212 -0.845576
-0.0153249 -0.431338 -0.0825134 -0.479247 -0.235212 -0.845576
0.452805 -0.0695056 -0.175554 0.72771 0.432119 -0.532645
0.362542 -0.155258 -0.00232 -0.365101 -0.822681 0.435771
-0.194432 -0.242991 0.0558672 -0.550754 -0.669533 0.498393
0.44983 -0.155119 -0.0620995 0.683369 -0.704557 -0.191328
0.0807749 -0.269225 -0.0802486 -0.511723 0.857607 0.0514707
-0.0547756 -0.254936 0.0315657 0.479247 0.235212 0.845576
0.0800603 -0.391734 -0.0463082 -0.156857 -0.924957 0.346195
-0.40452 0.219907 0.358686 -0.683369 0.704557 0.191328
-0.127351 -0.0868302 0.307515 0.479247 0.235212 0.845576
-0.472862 0.206346 0.164525 -0.683369 0.704557 0.191328
0.322525 -0.215384 -0.294875 0.683369 -0.704557 -0.191328
-0.0197341 -0.370471 0.0776648 -0.550758 -0.669532 0.49839
-0.0876916 -0.142841 0.159829 -0.479247 -0.235212 -0.845576
0.185427 -0.268824 -0.2415 -0.479247 -0.235212 -0.845576
0.223455 -0.352594 -0.143453 0.683369 -0.704557 -0.191328
0.0139155 -0.307446 0.135848 -0.773339 0.18467 -0.606502
-0.0252213 -0.261283 0.218283 -0.550754 -0.669533 0.498393
0.0619934 -0.257759 -0.0188302 0.34854 0.833194 -0.42931
-0.463127 0.104027 0.225123 -0.550754 -0.669533 0.498393
-0.0860533 -0.204962 0.17618 -0.479247 -0.235212 -0.845576
-0.302362 0.13142 0.345996 0.479247 0.235212 0.845576
0.149252 -0.422586 0.10747 0.0264089 0.95912 -0.281764
0.174468 -0.148137 -0.20022 -0.683369 0.704557 0.191328
0.19569 -0.396506 -0.0809188 0.683369 -0.704557 -0.191328
0.120401 -0.352542 0.234938 0.683369 -0.704557 -0.191328
0.286995 -0.129519 0.0845513 0.479247 0.235212 0.845576
0.181195 -0.391642 -0.150599 0.683369 -0.704557 -0.191328
-0.238951 -0.0401862 0.279117 -0.550754 -0.669533 0.498393
0.00284922 -0.123541 0.103145 -0.479247 -0.235212 -0.845576
0.18188 -0.207467 -0.256557 -0.479241 -0.235215 -0.845578
-0.158954 -0.154194 0.062588 0.479247 0.235212 0.845576
0.0760332 -0.458845 -0.0228645 -0.0173485 0.965771 -0.258814
-0.139816 0.0764317 0.210922 0.550754 0.669533 -0.498393
-0.185517 -0.268499 -0.0313497 -0.479247 -0.235212 -0.845576
-0.196242 0.100821 0.181331 0.550754 0.669533 -0.498393
-0.237328 -0.10201 0.197858 -0.550754 -0.669533 0.498392
-0.388546 0.162872 0.0521823 0.550754 0.669533 -0.498393
0.157004 -0.294407 0.204093 0.479247 0.235212 0.845576
0.123578 -0.177522 0.190524 0.479247 0.235212 0.845576
-0.122274 -0.187551 0.210084 -0.550745 -0.669515 0.498428
-0.402249 0.0673699 0.243152 -0.550754 -0.669533 0.498393
0.0913742 -0.335078 -0.169764 -0.479246 -0.235212 -0.845576
-0.168438 -0.118871 -0.0826517 -0.479247 -0.235212 -0.845576
-0.102737 -0.0863773 0.150565 -0.315165 -0.386094 -0.86695
-0.41605 0.00909753 0.149619 -0.550754 -0.669533 0.498393
-0.333212 0.0512858 0.297835 -0.550753 -0.669533 0.498394
0.295515 -0.269748 -0.191152 0.683369 -0.704557 -0.191328
0.170849 -0.193686 -0.0869365 -0.810508 -0.251041 0.529203
-0.21133 -0.0392497 -0.0235104 0.550754 0.669533 -0.498393
-0.308389 -0.08615 0.140636 -0.550754 -0.669535 0.498391
0.0770517 -0.385388 -0.147651 -0.479247 -0.235211 -0.845575
-0.14061 -0.139324 0.187811 -0.3533 -0.353983 -0.865953
0.227927 -0.0750706 -0.178694 -0.479248 -0.235213 -0.845574
0.164216 -0.287042 -0.0977004 0.479247 0.235212 0.845576
0.351853 -0.15956 -0.165912 0.872856 -0.2286 -0.431119
0.266873 -0.229309 0.123714 0.479248 0.23521 0.845575
-0.265437 -0.162697 0.0852693 -0.550754 -0.669533 0.498393
-0.211942 0.0166619 0.0509237 0.550754 0.669533 -0.498393
-0.363096 0.0617 -0.0225544 -0.479247 -0.235212 -0.845576
0.315135 -0.0955547 -0.222423 -0.479247 -0.235212 -0.845576
0.427996 -0.162326 -0.250856 0.873757 -0.0368696 -0.484963
-0.0857177 -0.259398 -0.090445 -0.479247 -0.235212 -0.845576
0.0642871 -0.412825 0.113616 -0.550754 -0.669533 0.498393
-0.0309607 -0.135218 0.266344 0.479247 0.235212 0.845576
0.114265 -0.253388 -0.014186 -0.463136 0.885282 0.0421937
-0.453488 0.0175693 0.0409529 -0.479247 -0.235212 -0.845576
-0.36552 0.0380196 0.244312 -0.550754 -0.669533 0.498393
0.174182 -0.23113 -0.118901 0.479247 0.235212 0.845576
0.345594 -0.0800887 -0.0609015 0.31644 -0.94493 0.0835006
0.12913 -0.449755 -0.122564 0.683369 -0.704557 -0.191328
-0.0703023 -0.174328 0.28528 -0.550754 -0.669533 0.498393
0.219851 -0.197029 -0.217439 0.727712 0.432115 -0.532646
0.261099 -0.268302 -0.143744 -0.479246 -0.235212 -0.845576
0.2792 -0.157982 -0.106451 0.810507 0.251043 -0.529203
-0.333878 0.26036 0.243557 0.550751 0.669535 -0.498394
-0.0686236 -0.0888591 0.274795 0.479247 0.235212 0.845576
0.0274408 -0.242611 0.122328 -0.479247 -0.235212 -0.845576
0.0116327 -0.137478 0.242832 0.479247 0.235212 0.845576
0.314809 -0.145255 -0.301091 0.550754 0.669533 -0.498393
0.304014 -0.31331 -0.000382215 0.683369 -0.704557 -0.191328
-0.323949 0.182171 0.223395 -0.372043 -0.337593 -0.864647
0.00581539 -0.434352 0.0200819 -0.550754 -0.669533 0.498393
-0.147325 -0.0330035 0.0556102 0.550754 0.669533 -0.498393
0.305433 -0.0401356 -0.23234 -0.479247 -0.235212 -0.845575
-0.309937 -0.142581 0.0631179 -0.550754 -0.669533 0.498393
-0.213131 -0.207901 -0.0325555 -0.479247 -0.235212 -0.845576
0.0355233 -0.339939 0.179743 -0.550755 -0.669531 0.498395
-0.268255 0.0601005 0.0470495 0.550754 0.669533 -0.498393
0.177688 -0.348945 0.113675 -0.28381 -0.87013 0.402897
0.420865 -0.173455 -0.11989 0.479246 0.23521 0.845577
0.195092 -0.296515 0.133885 -0.267904 -0.878238 0.396137
0.037955 -0.398843 -0.12175 -0.479243 -0.235212 -0.845577
-0.0347172 -0.312699 0.0412837 0.19645 0.47636 0.857023
0.0874902 -0.406827 0.0600942 0.851644 0.108295 -0.51281
0.2323 -0.136488 -0.225265 -0.609586 0.782338 0.127874
0.0724754 -0.456982 -0.125142 -0.479247 -0.235212 -0.845576
-0.453845 0.2419 0.101522 -0.683369 0.704557 0.191328
-0.249117 -0.0636591 0.23635 -0.550754 -0.669533 0.498392
0.0288082 -0.0897204 0.219813 0.479247 0.235212 0.845576
-0.294543 -0.169525 0.00291129 -0.479247 -0.235212 -0.845576
0.277157 -0.0233007 -0.0802081 0.479246 0.235211 0.845576
-0.342939 0.0996904 0.104061 -0.154573 0.668602 0.727378
0.114301 -0.287207 -0.196074 -0.479246 -0.235212 -0.845576
0.10218 -0.440244 0.118655 -0.550754 -0.669533 0.498393
0.330885 -0.189006 -0.342099 0.550754 0.669533 -0.498393
0.256409 -0.330511 -0.0412238 0.550754 0.669533 -0.498393
0.463907 -0.111218 -0.161597 0.479246 0.235213 0.845575
0.327131 -0.155428 -0.210933 -0.851645 -0.10829 0.51281
-0.238524 -0.130734 0.157948 -0.550753 -0.669532 0.498395
-0.0913054 -0.388109 -0.0514747 -0.479247 -0.235212 -0.845576
0.124138 -0.194482 0.138665 0.550753 0.669534 -0.498392
-0.391289 0.262137 0.250433 -0.683369 0.704557 0.191328
0.354109 -0.221413 -0.0687136 0.479246 0.235212 0.845576
0.225066 -0.336532 0.107142 -0.550754 -0.669533 0.498393
0.0100096 -0.222336 -0.0248724 0.550754 0.669533 -0.498393
0.395942 -0.122082 -0.0896139 0.851643 0.108301 -0.512811
0.35874 -0.159198 0.0521437 0.479249 0.235209 0.845575
0.336184 -0.0403949 -0.0193717 -0.683369 0.704557 0.191328
0.32883 -0.192981 -0.134693 -0.316433 0.944932 -0.0835051
-0.417215 0.135111 0.317617 -0.550754 -0.669533 0.498393
-0.0125089 -0.475445 -0.0718401 -0.479247 -0.235212 -0.845576
-0.274891 -0.00829921 0.282238 -0.550756 -0.669534 0.498391
-0.447538 0.204095 0.0423719 0.550754 0.669532 -0.498394
0.160005 -0.219313 0.181503 0.479247 0.235212 0.845576
0.190818 -0.0426823 -0.166672 -0.479246 -0.235211 -0.845576
-0.196666 -0.138359 0.189316 0.294656 -0.714632 -0.634413
-0.232754 -0.201528 0.0692214 -0.550754 -0.669533 0.498393
-0.0243645 -0.255252 -0.107076 0.550754 0.669533 -0.498393
-0.127755 -0.0804559 0.0134897 0.550754 0.669533 -0.498393
0.20997 -0.315458 -0.0723201 0.550754 0.669533 -0.498393
0.422623 -0.242777 -0.198022 0.768628 -0.577582 -0.27497
0.324821 0.00776371 -0.115864 0.479248 0.235212 0.845575
0.0997317 -0.402157 0.167115 -0.550754 -0.669533 0.498393
0.290044 -0.344816 0.0657419 0.683369 -0.704557 -0.191328
0.361424 -0.172403 -0.0493435 -0.0610911 0.970024 -0.235205
-0.168408 -0.316023 -0.0278277 -0.479247 -0.235212 -0.845576
0.0341866 -0.296106 -0.148192 -0.479247 -0.235212 -0.845576
0.0831113 -0.16119 0.138052 0.550754 0.669533 -0.498393
0.138735 -0.376144 0.15271 0.479247 0.235208 0.845576
-0.0945478 -0.318626 0.064639 -0.550753 -0.669533 0.498393
0.362928 -0.284335 -0.058102 0.147953 -0.971284 0.186325
0.362219 -0.209094 0.0640515 0.479244 0.235213 0.845577
-0.125427 0.0438199 0.270082 0.479247 0.235212 0.845576
-0.434705 -0.00982893 0.103579 -0.550755 -0.669535 0.49839
0.320357 -0.132165 -0.0316882 -0.840009 -0.156304 0.51957
-0.536865 0.166975 0.0809058 -0.683369 0.704557 0.191328
-0.290281 0.177426 0.326351 0.479247 0.235212 0.845576
-0.405228 0.0474043 0.00530158 -0.479247 -0.235212 -0.845576
-0.395767 0.0954148 0.28799 -0.550754 -0.669533 0.498393
-0.0703828 0.00564805 0.19256 0.550754 0.669533 -0.498393
0.443871 -0.189813 -0.211941 0.867192 -0.275396 -0.414892
0.0896384 -0.432328 -0.0806595 -0.868542 -0.0115698 0.495481
-0.454453 0.191638 0.284437 -0.683369 0.704557 0.191328
-0.502479 0.163417 0.216829 -0.683369 0.704557 0.191328
-0.425773 0.232668 0.235783 -0.683369 0.704557 0.191328
0.167393 -0.264956 -0.0515264 0.550754 0.669533 -0.498393
-0.00782644 -0.218728 0.135673 -0.479247 -0.235212 -0.845576
0.225367 -0.020038 -0.143718 -0.50866 0.859561 0.0491911
0.171744 -0.383818 0.0661194 -0.82629 -0.203912 0.525038
-0.395582 -0.0756939 0.0583298 -0.550754 -0.669533 0.498393
-0.311498 0.281734 0.297003 0.550753 0.669533 -0.498394
0.256901 -0.115838 -0.028908 -0.479246 -0.235212 -0.845576
0.202503 -0.115695 -0.0241349 -0.877669 0.1334 0.460329
-0.352085 0.126498 0.375547 0.479247 0.235212 0.845576
0.140553 -0.255158 -0.219868 -0.479246 -0.235212 -0.845576
0.309003 -0.287264 0.115957 0.479247 0.235212 0.845576
-0.169907 -0.288701 0.0215642 -0.550754 -0.669533 0.498393
-0.267819 0.0225924 0.331552 -0.550754 -0.669533 0.498393
-0.0791687 -0.210531 -0.107561 0.550754 0.669533 -0.498393
-0.317538 0.0458151 -0.0266021 0.550754 0.669533 -0.498393
-0.375107 -0.0467242 0.0144132 -0.479247 -0.235212 -0.845576
-0.269622 -0.196676 0.0349971 -0.550754 -0.669533 0.498393
-0.393239 -0.000688637 0.0118844 -0.479247 -0.235212 -0.845576
0.220057 -0.23664 -0.129291 -0.479247 -0.235211 -0.845575
0.372199 -0.290666 -0.186795 0.508662 -0.85956 -0.0491926
-0.15774 0.048542 0.153648 0.550754 0.669533 -0.498392
-0.0310271 -0.202732 0.00358431 0.479247 0.235212 0.845576
-0.337397 0.226991 0.200022 0.0305987 -0.61291 -0.78956
0.0917418 -0.128795 0.191108 0.550754 0.669533 -0.498393
-0.0494781 -0.0610808 0.126018 0.550754 0.669533 -0.498393
-0.0212166 -0.0818156 0.245967 0.479247 0.235212 0.845576
0.309695 -0.294079 -0.0872709 -0.0700973 -0.950086 0.304012
-0.138601 -0.203955 0.0648942 0.479247 0.235212 0.845576
0.436546 -0.082197 -0.0818527 0.550754 0.669533 -0.498393
-0.0793997 -0.161029 0.0194 0.479247 0.235212 0.845576
0.328506 -0.233869 0.0900511 0.479247 0.235212 0.845576
0.382286 -0.0539923 -0.103924 0.550754 0.669533 -0.498393
0.219234 -0.404083 0.0310747 0.683369 -0.704557 -0.191328
-0.337625 -0.0111863 -0.0167162 -0.479247 -0.235212 -0.845576
0.0802187 -0.35923 0.203219 -0.550754 -0.669533 0.498393
0.338313 -0.216157 -0.235637 0.683369 -0.704557 -0.191328
0.127373 -0.403474 -0.0111767 -0.810506 -0.251047 0.529203
0.195791 -0.44169 0.138606 0.479248 0.235212 0.845575
-0.435755 -0.043027 0.0477584 -0.479247 -0.235212 -0.845576
-0.502727 0.134575 0.0363127 -0.479247 -0.235212 -0.845576
0.258643 -0.370496 0.0481487 0.683369 -0.704557 -0.191328
0.271448 0.00240271 -0.12773 -0.356852 0.932413 -0.0571142
0.199505 -0.392275 0.119015 -0.849409 0.366854 0.379372
0.0499463 -0.471762 -0.0693167 -0.0173485 0.965771 -0.258814
0.143387 -0.430888 0.0660386 -0.356861 0.93241 -0.0571082
-0.171437 -0.205253 -0.056923 -0.479247 -0.235212 -0.845576
-0.417714 0.210617 0.0840909 0.550754 0.669533 -0.498393
0.222668 -0.197075 -0.155855 0.479248 0.235209 0.845576
-0.306332 0.0997153 0.153736 0.550751 0.669532 -0.498398
0.164273 -0.172759 -0.145965 -0.683369 0.704557 0.191328
-0.241671 0.0695691 0.0891466 0.550751 0.669532 -0.498397
-0.232793 -0.248169 0.00652162 -0.550754 -0.669533 0.498393
-0.356256 0.109697 0.016431 0.550754 0.669534 -0.498391
0.457961 -0.142535 -0.19809 0.86854 0.0115779 -0.495483
-0.406043 0.142529 0.101065 0.550754 0.669532 -0.498393
0.266411 -0.293481 0.0151165 -0.479247 -0.235212 -0.845576
0.0686981 -0.270244 -0.174946 -0.479247 -0.235212 -0.845576
-0.20172 -0.132927 0.0983636 0.811506 -0.289838 0.507397
-0.581349 0.122002 0.0876343 -0.683369 0.704557 0.191328
-0.290912 -0.0245667 0.24268 -0.550754 -0.669533 0.498393
-0.516308 0.0891744 0.146403 -0.550754 -0.669533 0.498393
0.184718 -0.451499 0.0824 0.683369 -0.704557 -0.191328
-0.202391 -0.0779571 0.268777 -0.550754 -0.669533 0.498393
0.228797 -0.409549 0.0853597 0.683369 -0.704557 -0.191328
0.129148 -0.198319 -0.177296 -0.683369 0.704557 0.191328
0.370606 -0.0468988 0.0141809 0.479247 0.235212 0.845576
0.460682 -0.202521 -0.164481 0.837344 -0.411244 -0.360186
-0.27987 0.0144761 -0.0270769 0.550754 0.669533 -0.498393
0.148037 -0.304785 0.127588 0.479243 0.235211 0.845578
0.388299 -0.0467217 -0.230759 0.542189 0.678268 -0.495968
-0.0582876 -0.219653 0.237668 -0.550754 -0.669533 0.498393
0.417359 -0.08414 -0.142747 0.479247 0.235212 0.845576
0.178511 -0.443257 0.0298842 0.683369 -0.704557 -0.191328
0.385499 -0.00624678 -0.00556806 0.479245 0.235213 0.845577
0.423307 -0.0439472 -0.0165099 0.479247 0.235212 0.845575
0.334089 -0.0430862 -0.0928928 -0.479247 -0.235212 -0.845576
-0.129541 0.0103957 0.133565 0.550754 0.669533 -0.498392
-0.121974 -0.00401536 0.281432 0.479247 0.235212 0.845576
-0.360043 -0.0991998 0.0204725 -0.479245 -0.235209 -0.845577
-0.241638 -9.64664e-05 -0.00440439 0.550754 0.669533 -0.498393
0.411664 -0.221387 -0.242131 -0.479247 -0.235212 -0.845576
0.186675 -0.16322 -0.0513121 -0.851645 -0.108291 0.51281
0.0170022 -0.409918 0.065269 -0.550754 -0.669533 0.498393
-0.418978 0.219247 0.309475 -0.683369 0.704557 0.191328
0.197454 -0.408251 -0.0313655 0.683369 -0.704557 -0.191328
0.167114 -0.440828 -0.0197673 0.683369 -0.704557 -0.191328
0.265046 -0.164424 -0.307768 -0.702351 -0.474972 0.530193
0.0108169 -0.478682 -0.0339435 -0.550754 -0.669533 0.498393
0.215238 -0.283169 -0.0231223 0.550754 0.669533 -0.498393
-0.34644 0.00219393 0.217269 -0.550754 -0.669533 0.498393
0.234653 -0.283737 -0.265251 -0.479247 -0.235212 -0.845576
-0.244254 -0.070332 -0.0531832 -0.479247 -0.235212 -0.845576
-0.487218 0.0883652 0.177461 -0.550754 -0.669533 0.498393
0.260182 -0.371824 0.0985363 -0.550754 -0.669533 0.498393
0.322811 -0.116161 0.0605359 0.479246 0.235213 0.845576
-0.0446311 -0.331808 -0.0935896 -0.479247 -0.235212 -0.845576
0.0849069 -0.503021 -0.0843661 0.683369 -0.704557 -0.191328
-0.268132 0.18201 0.210957 0.550754 0.669533 -0.498393
0.140906 -0.208997 -0.232908 -0.479247 -0.235212 -0.845576
0.181528 -0.214736 0.070246 -0.683369 0.704557 0.191328
0.367121 -0.16921 -0.11773 -0.722624 0.652541 0.228045
0.269889 -0.21781 -0.00790394 -0.479247 -0.235212 -0.845576
-0.112018 0.0369231 0.188564 0.550754 0.669533 -0.498393
-0.15396 -0.0948317 0.159539 0.215433 -0.690912 -0.690094
-0.250141 0.206047 0.26313 0.550754 0.669533 -0.498393
0.014542 -0.294329 0.21783 -0.550754 -0.669533 0.498393
-0.41182 0.0944457 -0.00404766 -0.479247 -0.235212 -0.845576
0.197793 -0.241415 0.0136917 0.550754 0.669533 -0.498393
-0.0149826 -0.372609 -0.099044 -0.479248 -0.235213 -0.845575
-0.27519 -0.0405455 -0.0439352 -0.479247 -0.235212 -0.845576
0.217463 -0.198021 0.137042 -0.683369 0.704557 0.191328
0.180378 -0.130375 -0.27715 -0.479247 -0.235212 -0.845576
0.356998 -0.0960505 0.0316696 0.872858 -0.228585 -0.431124
0.153573 -0.156576 -0.243777 -0.683369 0.704557 0.191328
0.223876 -0.142223 -0.292708 0.147958 -0.971284 0.186322
0.244534 -0.223286 -0.258201 -0.395704 -0.608952 -0.687456
-0.307533 -0.0816587 -0.0141679 -0.479247 -0.235212 -0.845576
0.0226225 -0.194658 0.252509 0.479247 0.235212 0.845576
0.137098 -0.35533 0.090394 0.275243 -0.955098 0.109678
0.21024 -0.17805 0.0377002 -0.683369 0.704557 0.191328
-0.295938 -0.12414 0.10336 -0.550753 -0.669533 0.498395
-0.142656 0.114548 0.260173 0.479247 0.235212 0.845576
0.220392 -0.234822 -0.0505172 -0.646452 -0.557047 0.521342
-0.353644 -0.0711982 0.110713 -0.550754 -0.669534 0.498391
-0.253055 0.0650208 0.336521 0.479247 0.235212 0.845576
0.349933 -0.278713 0.036227 0.683369 -0.704557 -0.191328
0.0612738 -0.509787 -0.0371188 -0.0567878 -0.953092 0.297305
0.207881 -0.0692363 -0.0454059 -0.823191 0.454633 0.340096
-0.133414 -0.243812 -0.0677477 -0.479247 -0.235212 -0.845576
-0.421752 0.184679 0.140328 0.550753 0.669532 -0.498395
0.00389754 -0.271266 0.00954115 0.155777 0.504171 0.849438
0.019664 -0.281983 -0.100736 0.267909 0.878236 -0.396139
0.41213 -0.166566 0.0239338 0.479242 0.235215 0.845577
0.162963 -0.329511 -0.211886 -0.479247 -0.235211 -0.845575
0.0633391 -0.319911 0.237387 -0.550754 -0.669533 0.498393
-0.103713 -0.133041 0.303824 -0.550754 -0.669533 0.498393
0.374987 -0.241109 -0.0127605 0.683369 -0.704557 -0.191328
0.152466 -0.126899 -0.117629 -0.872857 0.228592 0.431122
-0.517811 0.163675 0.161114 -0.683369 0.704557 0.191328
