ply
format ascii 1.0
comment Created by Open3D
element vertex 2096
property double x
property double y
property double z
property double nx
property double ny
property double nz
end_header
-0.161199 -0.422152 0.0589272 -0.212749 -0.707347 -0.674091
0.169055 0.276235 0.0937695 0.212749 0.707347 0.674091
0.179249 -0.264513 0.273499 0.920501 -0.376494 0.10455
0.273241 0.156155 0.0936895 0.386223 -0.791176 -0.474207
-0.173073 -0.0291684 -0.329372 0.327742 0.598258 -0.731213
0.0110047 0.283519 0.00896815 0.327744 0.598258 -0.731212
-0.0808388 0.320772 0.00681069 -0.914911 0.394011 -0.087712
0.197393 -0.162769 -0.272629 0.327755 0.598255 -0.731209
0.328366 0.0301185 0.0348926 0.920501 -0.376494 0.10455
-0.229561 0.19594 0.201265 -0.576284 0.739895 0.347061
0.130636 0.20838 0.175037 0.212749 0.707347 0.674091
-0.0419427 0.243674 -0.0473642 0.327743 0.598259 -0.731212
0.034494 -0.432266 0.018056 0.335233 -0.79724 -0.502023
-0.0679442 0.139858 -0.181947 0.327744 0.598258 -0.731212
-0.0917075 0.204801 0.248966 0.212749 0.707347 0.674091
0.0942948 -0.371326 0.422252 -0.327746 -0.598258 0.731212
0.196609 -0.222232 0.27291 0.920501 -0.376494 0.10455
-0.383581 -0.168349 0.0113937 -0.883291 -0.0805902 -0.461846
-0.0166628 -0.168684 -0.254723 -0.212749 -0.707347 -0.674091
-0.172678 0.357453 0.0108705 -0.591844 0.733287 0.33468
0.112063 0.193436 0.19658 0.212749 0.707347 0.674091
-0.0930456 -0.534005 0.152728 -0.212749 -0.707346 -0.674091
-0.326842 0.0492156 0.250664 -0.920501 0.376494 -0.10455
-0.351163 -0.206897 -0.0314544 -0.801329 -0.233948 -0.550582
-0.00271932 -0.244897 0.482209 -0.327744 -0.598258 0.731212
-0.0613285 -0.252755 -0.150348 -0.212749 -0.707347 -0.674091
-0.304997 0.0813021 0.173885 -0.920501 0.376494 -0.10455
-0.356116 -0.309648 0.270832 -0.327744 -0.598258 0.731212
-0.263685 0.0357441 0.482701 0.212749 0.707347 0.674091
0.183497 -0.301932 -0.0509298 0.612176 -0.72398 -0.317952
-0.248146 0.13368 -0.151322 -0.920501 0.376494 -0.10455
-0.460773 -0.285593 0.210886 -0.920501 0.376494 -0.10455
-0.255277 -0.409463 0.0732436 -0.212749 -0.707347 -0.674091
-0.346485 -0.0946956 -0.0724038 -0.883291 -0.0805915 -0.461847
0.19997 -0.267226 0.0812909 0.920501 -0.376494 0.10455
-0.213693 0.27777 0.0642129 -0.920501 0.376494 -0.10455
-0.164974 0.00792743 0.480736 0.212749 0.707347 0.674091
0.0407343 0.0363462 -0.217925 0.327745 0.598258 -0.731212
0.335368 0.0349983 -0.00918836 0.920501 -0.376494 0.10455
-0.22102 0.238811 0.12241 -0.612176 0.72398 0.317952
-0.142072 0.167642 0.303854 0.212749 0.707347 0.674091
-0.424438 -0.153346 0.367217 -0.920501 0.376494 -0.10455
0.310366 0.185611 0.133626 0.736414 0.323074 0.594406
0.0912368 0.293834 0.0533691 0.327742 0.598256 -0.731215
-0.0129141 0.119334 -0.174073 0.327744 0.598259 -0.731211
-0.0632811 -0.314927 0.397768 -0.327744 -0.598258 0.731212
0.330038 0.203946 0.0868608 0.327744 0.598258 -0.731212
0.0256446 -0.362775 0.398478 -0.327744 -0.598258 0.731212
0.11548 0.129751 -0.108002 0.327744 0.598258 -0.731212
0.0625716 -0.401605 0.38326 -0.327744 -0.598258 0.731212
0.18772 0.310761 -0.344131 0.212749 0.707347 0.674091
-0.352626 -0.0686732 0.0531498 -0.920501 0.376494 -0.10455
0.152033 -0.176768 -0.299482 -0.212749 -0.707346 -0.674091
-0.373623 -0.11456 0.072773 -0.920501 0.376494 -0.10455
-0.0720914 0.376337 0.0648374 0.212749 0.707347 0.674091
-0.363308 -0.309323 0.0341113 -0.748652 -0.307639 -0.587263
-0.0298746 0.225049 0.208205 0.212749 0.707347 0.674091
0.156909 -0.259995 0.499747 0.920501 -0.376494 0.10455
-0.0982918 -0.251514 -0.139983 -0.212749 -0.707347 -0.674091
0.0800653 -0.270213 0.498602 -0.327744 -0.598258 0.731212
0.184043 -0.0408905 0.377878 0.748653 0.307638 0.587263
0.199197 -0.24839 0.155933 0.920501 -0.376494 0.10455
0.0339518 0.17555 0.240002 0.212749 0.707347 0.674091
0.130328 -0.412379 0.171741 0.920501 -0.376494 0.10455
0.095482 0.102281 -0.149484 0.85008 -0.524454 -0.0480714
0.265096 -0.0973273 0.119716 0.920501 -0.376494 0.10455
0.151681 -0.337263 0.254242 0.920501 -0.376494 0.10455
0.241054 0.181739 0.170204 0.212749 0.707347 0.674091
-0.441448 -0.260283 0.131893 -0.920501 0.376494 -0.10455
-0.053551 0.0169084 -0.238101 0.327744 0.598261 -0.73121
-0.254414 0.142155 -0.0656196 -0.920501 0.376494 -0.10455
0.0130154 0.161337 0.261523 0.212749 0.707347 0.674091
-0.13766 0.321363 -0.0267031 0.327744 0.598258 -0.731212
0.0959931 0.131762 0.266369 0.212749 0.707347 0.674091
-0.274965 -0.114576 -0.180309 -0.775918 -0.271117 -0.569603
0.303117 -0.0398542 0.00521789 0.920501 -0.376494 0.10455
0.0652096 0.00362949 -0.233723 0.327744 0.598258 -0.731212
0.202877 0.0548157 -0.128673 0.914911 -0.394012 0.0877111
0.327878 0.13016 0.0255231 0.327744 0.598258 -0.731212
-0.257165 -0.314491 0.311221 -0.327744 -0.598258 0.731212
0.0539286 -0.190991 -0.253595 -0.212749 -0.707346 -0.674091
-0.20744 -0.334572 0.31708 -0.327745 -0.598257 0.731212
-0.103517 -0.332482 -0.0533714 -0.212749 -0.707347 -0.674091
-0.0204099 -0.25886 -0.156855 -0.212749 -0.707347 -0.674091
-0.140248 -0.450079 0.252691 -0.327744 -0.598258 0.731212
-0.0813165 -0.0579475 0.523458 0.212749 0.707347 0.674091
-0.0888147 0.203545 -0.101206 0.327744 0.598259 -0.731212
0.129229 -0.420865 0.117026 0.646607 -0.706335 -0.288082
-0.203734 -0.447068 0.0964362 -0.212749 -0.707347 -0.674091
-0.238036 -0.202181 -0.147646 -0.212749 -0.707347 -0.674091
0.192248 -0.194494 0.411194 0.920501 -0.376494 0.10455
-0.178217 0.00907983 -0.264722 -0.943717 0.170834 -0.283221
0.218765 -0.218686 0.0906143 0.920501 -0.376494 0.10455
0.117524 -0.382199 0.0117852 0.539013 -0.754044 -0.375343
-0.431196 -0.381585 0.178323 -0.327744 -0.598259 0.731212
-0.312317 0.041182 0.0938487 -0.920501 0.376494 -0.10455
0.0301752 -0.0923303 -0.289949 0.327744 0.598263 -0.731208
0.163321 0.3163 -0.351804 0.327744 0.598259 -0.731212
-0.401968 -0.332753 0.0651756 0.327745 0.598258 -0.731212
-0.223223 -0.33394 -0.0140614 -0.212749 -0.707347 -0.674091
-0.44839 -0.327536 0.12484 -0.834915 -0.178809 -0.520523
-0.28548 0.0482529 0.462531 -0.402024 0.788705 0.465103
0.227305 -0.20325 0.071009 0.920501 -0.376494 0.10455
-0.156728 -0.322121 0.349997 -0.327744 -0.598259 0.731212
0.170446 -0.0157119 0.380868 0.7196 0.343423 0.60352
0.242113 0.159772 0.190861 0.212749 0.707347 0.674091
0.108508 -0.412736 0.375855 0.920501 -0.376494 0.10455
-0.160715 0.342794 0.0609694 -0.519339 0.760621 0.389542
0.187525 -0.153812 0.418097 0.865855 0.11945 0.485825
-0.100994 -0.0662389 0.538369 0.212749 0.707347 0.674091
-0.464986 -0.336602 0.154772 -0.854963 -0.141529 -0.499007
-0.298858 -0.424389 0.202618 -0.327744 -0.598258 0.731212
-0.377992 -0.0992338 0.166434 -0.920501 0.376494 -0.10455
0.192615 -0.269147 0.139134 0.920501 -0.376494 0.10455
0.180904 -0.202019 -0.163784 -0.195875 0.697584 -0.689209
-0.0117201 0.05383 -0.227132 0.327744 0.598258 -0.731212
0.146608 -0.28964 0.483686 0.920501 -0.376494 0.10455
-0.140752 -0.279168 -0.0975639 -0.212749 -0.707347 -0.674091
-0.317036 -0.121534 -0.116496 -0.824825 -0.196221 -0.530246
-0.31081 -0.310131 -0.0114022 -0.212749 -0.707347 -0.674091
-0.0658588 -0.539272 0.149674 -0.212749 -0.707346 -0.674091
0.156583 -0.295045 0.376397 0.920501 -0.376494 0.10455
-0.396228 -0.269544 0.285665 -0.327744 -0.598258 0.731212
0.269883 -0.0942602 0.0886153 0.920501 -0.376494 0.10455
0.0820803 -0.344264 -0.0899183 0.335233 -0.79724 -0.502023
0.0303046 -0.372814 -0.0532857 -0.212749 -0.707347 -0.674091
-0.0984721 0.38884 0.0466206 -0.402023 0.788706 0.465103
-0.279101 -0.189247 0.403861 -0.327744 -0.598258 0.731212
-0.343313 0.0335304 0.352144 -0.646607 0.706334 0.288082
0.0807519 0.202435 -0.264884 -0.888672 -0.0674994 -0.453547
0.146766 -0.35559 0.231512 0.920501 -0.376494 0.10455
-0.112469 -0.18874 -0.20138 -0.212749 -0.707347 -0.674091
0.0861578 -0.490697 0.291886 0.920501 -0.376494 0.10455
0.128437 0.163144 -0.227723 0.804811 -0.582169 -0.115583
0.264371 -0.075565 0.204472 0.920501 -0.376494 0.10455
-0.296779 -0.260895 0.337316 -0.327744 -0.598258 0.731212
0.113299 0.212325 -0.00343062 0.327744 0.598258 -0.731212
0.063009 0.243238 0.161863 0.212749 0.707347 0.674091
-0.386928 -0.298062 0.0595415 -0.775918 -0.271117 -0.569603
-0.123027 0.259901 0.0747943 -0.0749571 0.862934 -0.499726
-0.166429 0.0443211 -0.266267 0.327744 0.598258 -0.731212
0.273034 -0.0334111 0.235236 0.883291 0.0805914 0.461847
-0.292972 0.0937832 0.112951 -0.920501 0.376494 -0.10455
-0.0546971 -0.0863297 0.544839 0.212749 0.707347 0.674091
0.137973 -0.0531963 0.440227 0.688828 0.378389 0.618335
0.12514 -0.360162 0.418741 0.920501 -0.376494 0.10455
-0.236235 -0.154053 0.451869 -0.327744 -0.598258 0.731212
-0.16072 -0.366861 0.311602 -0.327744 -0.598258 0.731212
-0.159686 0.100111 -0.217598 0.327744 0.598258 -0.731212
0.254704 -0.177188 -0.0763738 0.920501 -0.376494 0.10455
0.0244314 0.0804747 -0.189128 0.327743 0.598259 -0.731212
-0.302466 0.0311125 -0.0291414 -0.920501 0.376494 -0.10455
0.148285 -0.153788 -0.287293 0.327744 0.598258 -0.731212
-0.285307 -0.102413 0.472124 -0.327744 -0.598258 0.731212
0.11652 -0.285432 -0.160349 0.335233 -0.79724 -0.502023
0.244058 0.0217294 0.266017 0.801328 0.233948 0.550582
-0.248969 0.187332 0.0624106 -0.920501 0.376494 -0.10455
-0.0337425 -0.509421 0.108214 -0.212749 -0.707346 -0.674091
-0.124536 -0.156313 0.500086 -0.327744 -0.598258 0.731212
-0.263354 0.06358 -0.269871 -0.920501 0.376494 -0.104549
0.0448352 0.217812 -0.0676168 0.327744 0.598258 -0.731212
-0.152631 0.0372436 0.444018 0.212749 0.707347 0.674091
0.212149 0.139352 0.221744 0.212749 0.707347 0.674091
0.128917 -0.00285318 -0.210472 0.327744 0.598258 -0.731212
0.183063 -0.262675 0.246539 0.920501 -0.376494 0.10455
-0.0614304 0.300538 -0.00957401 0.327744 0.598259 -0.731212
0.0985375 0.31467 0.0756943 0.212749 0.707347 0.674091
-0.229749 -0.239527 0.384843 -0.327744 -0.598258 0.731212
-0.0208496 0.0738024 -0.214883 0.327743 0.598259 -0.731212
0.12933 -0.327635 -0.0768817 0.460702 -0.776907 -0.429149
-0.42392 -0.426314 0.144151 -0.212749 -0.707346 -0.674091
0.060839 0.282831 0.121002 0.212749 0.707347 0.674091
0.272132 0.214274 0.0693563 0.327744 0.598258 -0.731212
0.0424459 -0.261647 0.488749 -0.327744 -0.598258 0.731212
0.086558 -0.115668 0.531044 0.212749 0.707347 0.674091
0.183964 -0.17622 0.429953 0.865855 0.11945 0.485825
0.350452 0.164279 0.0880198 0.812984 0.215688 0.540866
0.345488 0.0675298 -0.0178262 0.327744 0.598258 -0.731212
-0.232048 0.225502 0.0508848 -0.920501 0.376494 -0.10455
0.177086 0.251509 -0.321605 0.914911 -0.39401 0.0877132
-0.420612 -0.203558 0.162523 0.327734 0.598262 -0.731213
0.156163 -0.313637 0.299858 0.920501 -0.376494 0.10455
0.296562 0.0142279 0.181924 0.883291 0.0805914 0.461847
-0.176155 -0.0775182 -0.300049 -0.212749 -0.707347 -0.674091
-0.275411 -0.0863691 -0.19292 -0.801329 -0.233948 -0.550582
-0.0327926 0.0242828 -0.222763 0.327744 0.598258 -0.731212
0.0617247 -0.282794 0.480088 -0.327744 -0.598258 0.731212
-0.285493 0.118383 0.272494 -0.612176 0.72398 0.317951
0.244672 -0.124774 0.2007 0.920501 -0.376494 0.10455
0.23931 -0.213553 -0.071798 0.920501 -0.376494 0.10455
-0.0425094 -0.469751 0.280405 -0.327744 -0.598258 0.731212
-0.125733 -0.351432 0.339908 -0.327744 -0.598258 0.731212
0.302154 0.14045 0.167462 0.763678 0.287901 0.577849
-0.388164 -0.106347 0.230377 -0.920501 0.376494 -0.10455
-0.184486 -0.0382899 0.535392 0.212749 0.707347 0.674091
0.0279634 0.101547 -0.170304 0.327742 0.598261 -0.731211
0.139792 0.182937 -0.0259061 0.553598 0.50556 0.661769
-0.228466 0.0678709 -0.274805 0.327748 0.598262 -0.731207
0.214953 0.12093 0.24019 0.212749 0.707347 0.674091
-0.180031 -0.401424 0.0431195 -0.212749 -0.707347 -0.674091
-0.358182 -0.0431028 0.487986 -0.327744 -0.598259 0.731211
-0.15385 -0.0919302 -0.291966 -0.212749 -0.707347 -0.674091
-0.0438733 0.0593939 -0.234444 -0.694319 -0.372349 -0.615855
-0.241895 0.209836 0.0811698 -0.920501 0.376494 -0.10455
0.283468 -0.0397599 0.165271 0.920501 -0.376494 0.10455
-0.369453 -0.277514 0.0259574 -0.775918 -0.271117 -0.569603
0.0148153 0.129505 -0.153322 0.327744 0.598259 -0.731211
0.0466746 -0.529027 0.151023 0.481293 -0.771729 -0.415683
0.254688 -0.105356 0.182439 0.920501 -0.376494 0.10455
0.0275624 -0.288821 0.459844 -0.327744 -0.598258 0.731212
-0.0986592 -0.155417 0.512417 -0.327744 -0.598258 0.731212
0.0985885 -0.128156 -0.288597 0.327744 0.598258 -0.731212
-0.361497 -0.369071 0.219801 -0.327744 -0.598259 0.731212
-0.42468 -0.201717 0.195156 -0.920501 0.376494 -0.10455
0.0526286 0.0898189 -0.168844 0.32774 0.59826 -0.731212
-0.281619 0.014573 -0.258996 -0.854963 -0.141529 -0.499007
-0.211972 0.0698434 0.428539 0.212749 0.707347 0.674091
-0.0482617 -0.380095 -0.0208488 -0.212749 -0.707347 -0.674091
-0.394772 -0.0584357 0.447804 -0.920501 0.376494 -0.10455
0.136621 0.143641 -0.0871612 0.327744 0.598258 -0.731212
-0.0654269 -0.558172 0.169371 -0.212749 -0.707346 -0.674091
0.176733 0.0555617 0.320846 0.212749 0.707347 0.674091
-0.262387 -0.245272 0.365514 -0.327744 -0.598258 0.731212
0.163768 -0.280877 0.350871 0.920501 -0.376494 0.10455
0.0672799 0.153661 -0.225119 -0.694321 -0.372348 -0.615854
0.0304062 -0.474465 0.0844166 0.419848 -0.785567 -0.454546
-0.311852 -0.091506 0.46915 -0.327744 -0.598258 0.731212
0.150085 -0.323962 -0.0584497 0.539013 -0.754044 -0.375343
0.164979 -0.235277 0.517703 0.920501 -0.376494 0.10455
0.162424 -0.133555 0.450811 0.801328 0.233948 0.550582
0.270695 0.00301065 -0.104138 0.327744 0.598258 -0.731212
0.260866 0.112262 0.199714 0.748653 0.307638 0.587263
-0.154016 -0.0714014 0.556345 -0.327745 -0.59826 0.73121
0.107611 -0.437192 0.110949 0.612176 -0.72398 -0.317952
0.229407 0.134905 -0.0147318 0.327744 0.598258 -0.731212
-0.0194192 -0.483159 0.279784 -0.327744 -0.598258 0.731212
0.0651855 -0.388355 -0.030835 0.377992 -0.79235 -0.478856
0.344614 0.102694 0.117805 0.854963 0.141528 0.499007
-0.344359 0.0158898 0.453853 -0.55622 0.747797 0.362519
0.0680954 0.183902 -0.236738 -0.926543 0.0522561 -0.372541
-0.0283066 0.128627 0.308888 0.212749 0.707347 0.674091
0.0719048 0.148602 0.2563 0.212749 0.707347 0.674091
0.0741402 0.174932 0.227966 0.212749 0.707347 0.674091
0.17609 -0.337419 0.0387699 0.920501 -0.376494 0.10455
-0.307809 -0.352431 0.0320378 -0.212749 -0.707347 -0.674091
0.0968255 -0.463465 0.29603 0.920501 -0.376494 0.10455
-0.149184 0.249039 0.195053 -0.377991 0.79235 0.478857
0.0219535 -0.51937 0.108586 0.402022 -0.788706 -0.465104
0.289052 -0.120929 -0.162912 0.920501 -0.376494 0.10455
-0.374656 -0.107726 0.106477 -0.920501 0.376494 -0.10455
0.21758 -0.155718 0.327798 0.920501 -0.376494 0.10455
-0.396409 -0.0938225 0.334785 -0.920501 0.376494 -0.10455
0.0261735 0.250176 0.164148 0.212749 0.707347 0.674091
-0.0291937 0.286897 -0.00628599 0.327745 0.598258 -0.731212
-0.31321 0.0502934 0.4288 -0.519338 0.760621 0.389542
-0.0792139 -0.34297 -0.0500363 -0.212749 -0.707347 -0.674091
-0.281712 0.120218 0.109006 -0.920501 0.376494 -0.10455
0.139631 -0.325121 0.417347 0.920501 -0.376494 0.10455
-0.289227 0.0952773 0.0853618 -0.920501 0.376494 -0.10455
0.169939 0.148042 -0.0341113 0.754662 0.299853 0.583587
0.156005 0.121336 0.258368 0.212749 0.707347 0.674091
-0.228183 0.158495 -0.200532 0.327744 0.598258 -0.731212
-0.279984 0.103664 0.0341826 -0.920501 0.376494 -0.10455
-0.340291 -0.042182 0.039944 -0.920501 0.376494 -0.10455
-0.333363 -0.226471 -0.0474643 -0.748653 -0.307638 -0.587263
-0.253287 0.0572486 -0.294621 0.327744 0.598258 -0.731212
0.0715719 0.234157 -0.00427085 0.327744 0.598258 -0.731212
0.0955698 -0.238393 -0.216997 -0.212749 -0.707347 -0.674091
-0.291178 -0.0285664 -0.230029 -0.834916 -0.178808 -0.520522
0.165806 -0.162914 0.457005 0.824826 0.19622 0.530246
0.0626285 -0.0186024 -0.218207 0.0680242 -0.786894 -0.613327
-0.315991 -0.253025 -0.0544092 -0.7196 -0.343423 -0.60352
0.126458 -0.142009 -0.28744 0.327744 0.598258 -0.731212
0.14412 -0.324574 0.379785 0.920501 -0.376494 0.10455
-0.196918 -0.397379 0.270409 -0.327744 -0.598258 0.731212
0.101752 -0.42255 0.0701986 0.539013 -0.754044 -0.375343
0.248395 0.163702 0.0173405 0.327744 0.598258 -0.731212
-0.182743 0.125838 0.360557 0.212749 0.707347 0.674091
0.0113246 -0.0845968 0.522184 0.212749 0.707347 0.674091
0.118015 0.0819572 -0.145969 0.327744 0.598258 -0.731212
-0.236298 0.1589 -0.164819 -0.920501 0.376494 -0.10455
0.039904 0.273211 0.0134878 0.327744 0.598258 -0.731212
0.241667 -0.148378 -0.241011 0.327745 0.598261 -0.731209
-0.449969 -0.252191 0.236053 -0.920501 0.376494 -0.10455
-0.315658 0.0577369 0.182885 -0.920501 0.376494 -0.10455
-0.011333 0.222446 -0.051012 0.327744 0.598258 -0.731212
0.136716 0.221632 0.0146806 0.327744 0.598258 -0.731212
0.143029 -0.272519 -0.16057 0.419848 -0.785567 -0.454546
-0.261976 -0.169106 0.428016 -0.327744 -0.598258 0.731212
-0.1025 -0.275752 0.412241 -0.327744 -0.598258 0.731212
-0.170874 -0.347215 -0.0166535 -0.212749 -0.707347 -0.674091
0.263517 -0.165887 -0.0999859 0.920501 -0.376494 0.10455
0.244799 0.220712 0.128126 0.212749 0.707347 0.674091
0.0129465 -0.383591 -0.0364986 -0.212749 -0.707347 -0.674091
0.0296761 -0.209981 0.525296 -0.327744 -0.598258 0.731212
0.219624 0.0602133 0.279028 0.7196 0.343424 0.60352
0.288215 0.136721 0.0131134 0.327744 0.598258 -0.731212
0.330281 0.120909 0.135586 0.834916 0.178808 0.520522
0.303482 0.0830338 -0.0239694 0.327758 0.598255 -0.731209
-0.121508 -0.111434 -0.281708 -0.212749 -0.707347 -0.674091
0.156176 0.264835 -0.285983 0.212749 0.707347 0.674091
-0.266 0.0966265 0.34749 -0.500456 0.766391 0.402727
-0.18979 0.021967 0.473836 0.212749 0.707347 0.674091
-0.37293 -0.0517463 0.292872 -0.920501 0.376494 -0.10455
0.161735 -0.173103 -0.183102 0.327745 0.598255 -0.731214
0.0514137 -0.227487 0.520717 -0.327744 -0.598258 0.731212
-0.209757 0.193547 0.232941 -0.500456 0.766391 0.402726
-0.154867 0.146653 -0.177359 0.327744 0.598258 -0.731212
0.0702909 -0.517118 0.29221 -0.327745 -0.598258 0.731212
-0.163015 -0.17854 0.464653 -0.327744 -0.598258 0.731212
-0.0756343 0.00977996 -0.253831 0.327743 0.598256 -0.731214
-0.122407 0.250408 0.210799 0.212749 0.707347 0.674091
-0.394162 -0.134293 0.182548 -0.920501 0.376494 -0.10455
-0.135516 -0.300934 -0.0763775 -0.212749 -0.707347 -0.674091
0.178639 0.0945144 0.27937 0.212749 0.707347 0.674091
-0.193278 -0.21219 -0.151269 -0.212749 -0.707347 -0.674091
0.252716 -0.0968469 0.230449 0.920501 -0.376494 0.10455
-0.447153 -0.256238 0.196682 -0.920501 0.376494 -0.10455
0.279019 0.156051 0.043052 0.725393 0.336518 0.600466
-0.346113 -0.0435063 0.0864389 -0.920501 0.376494 -0.10455
-0.319995 -0.372522 0.0569664 -0.212749 -0.707347 -0.674091
0.0537915 -0.212841 -0.230624 -0.212749 -0.707347 -0.674091
-0.118591 0.0608434 0.408511 0.212749 0.707347 0.674091
-0.0236145 -0.569043 0.167581 -0.212749 -0.707346 -0.674091
0.28626 -0.142395 -0.21563 0.920501 -0.376494 0.104549
-0.159572 -0.134497 0.502231 -0.327744 -0.598258 0.731212
0.0835421 0.29658 0.0994092 0.212749 0.707347 0.674091
-0.364255 -0.249866 0.316096 -0.327744 -0.598258 0.731212
-0.253756 -0.1235 0.469014 -0.327744 -0.598258 0.731212
-0.136486 -0.433327 0.0628539 -0.212749 -0.707347 -0.674091
-0.217639 0.236684 -0.0489941 -0.920501 0.376494 -0.10455
-0.253977 -0.242282 -0.100536 -0.212749 -0.707347 -0.674091
0.148484 -0.328427 0.327488 0.920501 -0.376494 0.10455
0.0343869 0.139255 -0.136573 0.327743 0.598257 -0.731213
-0.185318 0.332191 0.0438658 -0.591844 0.733287 0.33468
0.114788 -0.452196 0.165176 0.920501 -0.376494 0.10455
-0.417401 -0.143892 0.339304 -0.920501 0.376494 -0.10455
-0.367543 -0.0631523 0.204372 -0.920501 0.376494 -0.10455
0.313563 0.154856 0.0393118 0.327744 0.598258 -0.731212
-0.0528143 -0.0674001 0.524382 0.212749 0.707347 0.674091
-0.120302 0.318325 0.140927 0.212749 0.707347 0.674091
-0.199279 0.300596 0.0195036 -0.920501 0.376494 -0.10455
-0.125267 0.32056 0.0116625 0.934596 -0.0920442 0.343597
0.0859245 0.03957 0.366287 0.212749 0.707347 0.674091
-0.296969 -0.101545 -0.155095 -0.801329 -0.233948 -0.550582
-0.0897643 -0.40445 0.0178058 -0.212749 -0.707347 -0.674091
0.202822 -0.275994 0.0246076 0.920501 -0.376494 0.10455
0.234608 -0.127657 0.278927 0.920501 -0.376494 0.10455
0.0535181 -0.460363 0.0820145 0.460703 -0.776907 -0.429148
-0.130934 -0.185072 0.473688 -0.327744 -0.598258 0.731212
0.106719 0.187772 -0.28213 -0.258361 -0.687704 -0.678464
-0.116802 0.289724 -0.0432403 0.327744 0.598258 -0.731212
-0.27979 0.0217258 0.502494 0.212749 0.707347 0.674091
-0.084679 0.223854 0.226755 0.212749 0.707347 0.674091
0.301201 0.167855 0.154631 0.736414 0.323074 0.594406
0.0882075 0.128939 -0.12089 0.327745 0.598258 -0.731212
0.177054 -0.220088 0.466088 0.920501 -0.376494 0.10455
0.139129 -0.284173 0.513654 -0.327746 -0.598258 0.731212
0.100407 0.235443 -0.308262 -0.87158 -0.10722 -0.478384
-0.223089 -0.00343914 -0.264352 0.852327 0.146661 0.502025
-0.269035 -0.350969 0.0182664 -0.212749 -0.707347 -0.674091
-0.263109 -0.168393 -0.165223 -0.688828 -0.378389 -0.618335
-0.130532 -0.252325 0.418844 -0.327744 -0.598258 0.731212
0.297668 -0.0777059 -0.0831176 0.920501 -0.376494 0.10455
-0.252517 0.1502 -0.0400682 -0.920501 0.376494 -0.10455
0.273842 -0.103483 0.0205448 0.920501 -0.376494 0.10455
0.171748 -0.0933842 -0.227356 0.327744 0.598258 -0.731212
-0.241725 -0.140224 -0.206284 -0.688828 -0.378389 -0.618335
0.100273 -0.181693 -0.277978 -0.212749 -0.707346 -0.674091
0.027004 -0.56509 0.233558 -0.327746 -0.598258 0.731212
0.09265 0.234996 -0.247738 -0.657818 0.700033 0.277901
0.00570707 -0.268605 0.466589 -0.327745 -0.598257 0.731212
-0.374893 -0.0362753 0.352587 -0.920501 0.376494 -0.10455
0.0657272 -0.331173 0.442299 -0.327744 -0.598258 0.731212
0.0854342 -0.474668 0.333729 -0.327745 -0.598258 0.731212
-0.384822 -0.197943 0.0200205 -0.865855 -0.119451 -0.485825
0.282563 0.0644468 -0.0485528 0.327744 0.598258 -0.731212
0.143536 -0.375948 0.186642 0.920501 -0.376494 0.10455
-0.23042 -0.266651 -0.0823985 -0.212749 -0.707347 -0.674091
0.257362 -0.152673 -0.0114897 0.920501 -0.376494 0.10455
-0.198498 -0.0190284 0.519602 0.212749 0.707347 0.674091
-0.204649 0.283021 0.00349888 -0.920501 0.376494 -0.10455
0.230966 -0.168454 0.164077 0.920501 -0.376494 0.10455
0.016628 0.131674 0.29151 0.212749 0.707347 0.674091
-0.301551 0.082835 0.149065 -0.920501 0.376494 -0.10455
0.0128753 -0.407222 0.356389 -0.327744 -0.598258 0.731212
-0.310301 -0.0313884 0.519032 -0.327744 -0.598257 0.731213
-0.0902576 -0.322776 0.379255 -0.327744 -0.598258 0.731212
-0.138479 0.26994 0.168918 -0.377991 0.79235 0.478857
-0.114003 -0.325246 0.36659 -0.327744 -0.598258 0.731212
-0.164967 0.253601 -0.094384 0.327744 0.598258 -0.731212
-0.262054 0.14252 0.0162387 -0.920501 0.376494 -0.10455
0.26223 0.0371068 -0.0800354 0.327744 0.598258 -0.731212
0.189112 -0.216296 0.360295 0.920501 -0.376494 0.10455
-0.376643 -0.113253 0.422317 -0.327744 -0.598258 0.731212
-0.345944 -0.0694309 0.471931 -0.327744 -0.598258 0.731212
0.269501 0.226499 0.114257 0.212749 0.707347 0.674091
-0.2855 0.0777848 -0.0104452 -0.920501 0.376494 -0.10455
0.176992 -0.282719 0.227812 0.920501 -0.376494 0.10455
-0.0121812 -0.315447 -0.100073 -0.212749 -0.707347 -0.674091
-0.030287 -0.533187 0.132062 -0.212749 -0.707346 -0.674091
-0.189251 -0.375463 0.291777 -0.327744 -0.598258 0.731212
-0.088026 -0.132084 -0.270605 -0.212749 -0.707347 -0.674091
0.0258517 -0.116853 -0.311951 0.327744 0.598258 -0.731212
0.162372 -0.329196 0.189163 0.920501 -0.376494 0.10455
-0.0287542 -0.346924 -0.0618126 -0.212749 -0.707347 -0.674091
0.106745 0.0452766 -0.181032 0.327744 0.598258 -0.731212
0.175155 -0.217067 0.49369 0.920501 -0.376494 0.10455
0.214856 -0.144185 -0.213614 -0.782055 -0.262441 -0.565256
0.11543 0.0450251 0.35125 0.212749 0.707347 0.674091
-0.235912 -0.262259 0.363482 -0.327744 -0.598258 0.731212
-0.297109 -0.334969 0.0103367 -0.212749 -0.707347 -0.674091
-0.234437 0.0918897 -0.25783 0.327744 0.598258 -0.731212
0.0258234 0.234778 -0.0532216 -0.253391 0.801267 0.542
0.193307 -0.213902 -0.261302 0.402023 -0.788705 -0.465103
-0.105817 -0.227546 -0.162759 -0.212749 -0.707347 -0.674091
0.0739726 -0.373565 -0.0483723 0.377992 -0.79235 -0.478856
0.261388 0.116384 0.131231 0.364116 0.101647 -0.92579
0.200169 0.0362133 -0.108583 0.327744 0.598258 -0.731212
-0.384834 -0.266 0.0426643 -0.801329 -0.233947 -0.550582
-0.401059 -0.416325 0.126454 -0.212749 -0.707347 -0.674091
-0.306634 0.00559212 -0.0843421 -0.920501 0.376494 -0.10455
0.0162693 0.161419 -0.126559 0.32774 0.598256 -0.731216
0.211453 -0.217546 -0.236466 0.481291 -0.771729 -0.415684
-0.0421618 -0.169564 -0.245751 -0.212749 -0.707347 -0.674091
-0.382021 -0.0778146 0.279038 -0.920501 0.376494 -0.10455
0.243113 -0.219937 -0.13271 -0.327744 -0.598259 0.731212
0.20329 0.128917 -0.0313367 0.327744 0.598259 -0.731212
0.111174 -0.301745 -0.137844 0.377992 -0.79235 -0.478856
0.309889 -0.047833 -0.0831459 0.920501 -0.376494 0.10455
-0.355197 0.00680081 0.347574 -0.920501 0.376494 -0.10455
0.241348 0.0834443 0.239691 0.748652 0.307639 0.587263
0.170237 0.265571 -0.377062 0.253388 -0.801267 -0.542002
0.142133 -0.0805868 -0.230159 0.327744 0.598258 -0.731212
0.150581 0.052084 0.332749 0.212749 0.707347 0.674091
-0.0743809 -0.449739 0.0604743 -0.212749 -0.707347 -0.674091
0.00365382 0.0709613 -0.206224 0.327744 0.598258 -0.731212
0.0426614 -0.132601 0.562666 0.212749 0.707347 0.674091
0.0196554 0.0639867 0.36158 0.212749 0.707347 0.674091
0.154569 -0.352668 0.173335 0.920501 -0.376494 0.10455
-0.213814 0.235261 -0.0877931 -0.920501 0.376494 -0.10455
-0.263654 0.0753277 -0.22492 -0.920501 0.376494 -0.10455
0.131118 -0.0161177 -0.185691 0.510407 -0.763415 -0.395832
0.270675 -0.120205 -0.0117837 0.920501 -0.376494 0.10455
-0.126874 0.145008 -0.166158 0.327748 0.598257 -0.731211
-0.280088 -0.14559 0.439137 -0.327744 -0.598258 0.731212
0.0375348 -0.0142636 -0.222778 0.327745 0.59826 -0.73121
-0.362417 -0.348709 0.236049 -0.327744 -0.598259 0.731212
-0.0330646 -0.104718 0.557307 0.212749 0.707347 0.674091
-0.0247645 -0.186144 -0.233845 -0.212749 -0.707347 -0.674091
-0.0030049 0.341571 0.0795135 0.212749 0.707347 0.674091
-0.403749 -0.396705 0.106716 -0.212749 -0.707347 -0.674091
-0.192145 0.258371 -0.102663 0.327744 0.598258 -0.731212
-0.303318 0.0716803 0.343702 -0.576283 0.739896 0.347061
-0.313982 -0.170175 0.40383 -0.327744 -0.598258 0.731212
0.0943959 -0.468753 0.157371 0.612176 -0.72398 -0.317951
-0.162574 -0.438568 0.252103 -0.327744 -0.598258 0.731212
0.111105 0.152762 0.239563 0.212749 0.707347 0.674091
0.0929743 -0.0768444 0.486219 0.212749 0.707347 0.674091
0.258424 -0.201459 -0.183244 0.920501 -0.376494 0.104549
0.22981 -0.047144 0.314601 0.824826 0.19622 0.530246
-0.0611506 0.309661 0.13135 0.212749 0.707347 0.674091
-0.124741 0.34617 -0.000616127 0.327743 0.598257 -0.731213
-0.212422 -0.220798 -0.136194 -0.212749 -0.707347 -0.674091
-0.25261 0.137441 -0.098479 -0.920501 0.376494 -0.10455
0.252495 -0.208307 -0.155702 0.920501 -0.376494 0.10455
0.113485 -0.417548 0.314705 0.920501 -0.376494 0.10455
-0.166989 -0.0887726 0.536317 -0.327744 -0.598257 0.731213
-0.0596761 -0.407151 0.0111446 -0.212749 -0.707347 -0.674091
0.142801 0.314517 -0.335293 -0.428712 0.783864 0.44918
-0.309509 0.0589139 0.132985 -0.920501 0.376494 -0.10455
-0.0179226 -0.539536 0.234329 -0.327744 -0.598258 0.731212
-0.0782522 -0.293908 0.408255 -0.327745 -0.598257 0.731212
0.150791 -0.0621275 -0.211176 0.327745 0.598259 -0.731211
-0.288752 0.020786 -0.200357 -0.920501 0.376494 -0.10455
0.255163 -0.12358 0.11263 0.920501 -0.376494 0.10455
0.0421024 0.164716 -0.112283 0.327746 0.598259 -0.731211
-0.176503 0.274328 -0.0825962 0.327744 0.598258 -0.731212
0.156461 -0.214323 0.52955 0.834915 0.178809 0.520523
-0.122726 -0.356019 -0.0226108 -0.212749 -0.707347 -0.674091
0.197734 -0.070254 0.372522 0.801328 0.233948 0.550582
-0.257038 -0.454199 0.196973 -0.327744 -0.598258 0.731212
0.0245478 -0.0507888 -0.258483 0.327744 0.598258 -0.731212
-0.260101 -0.268201 -0.0714051 -0.212749 -0.707347 -0.674091
0.224414 0.0801514 -0.0617676 0.327743 0.598259 -0.731212
-0.0688458 -0.409659 0.317766 -0.327744 -0.598258 0.731212
0.301522 0.000957989 0.152942 0.920501 -0.376494 0.10455
-0.0892077 -0.538236 0.203441 -0.327744 -0.598258 0.731212
-0.28278 0.076174 0.36556 -0.500456 0.766391 0.402727
-0.164051 -0.216812 -0.155644 -0.212749 -0.707347 -0.674091
-0.33783 -0.114757 -0.0841848 -0.865855 -0.119451 -0.485825
-0.38497 -0.10902 0.192629 -0.920501 0.376494 -0.10455
0.141795 -0.032658 0.423402 0.688828 0.378389 0.618335
-0.382527 -0.291047 0.274213 -0.327744 -0.598258 0.731212
-0.0981908 -0.250577 0.43477 -0.327744 -0.598258 0.731212
-0.0116987 0.248015 0.178369 0.212749 0.707347 0.674091
-0.153459 -0.270097 0.394026 -0.327744 -0.598258 0.731212
-0.362998 -0.112272 -0.0125353 -0.920501 0.376494 -0.10455
-0.317636 -0.411323 0.0948768 -0.212749 -0.707347 -0.674091
-0.244078 -0.0991684 -0.252269 -0.327744 -0.598259 0.731212
0.202466 -0.254679 -0.121029 0.576284 -0.739896 -0.347061
0.2736 -0.16138 -0.172534 0.920501 -0.376494 0.10455
0.194393 -0.301064 0.0085355 0.920501 -0.376494 0.10455
-0.3028 -0.0713671 -0.156427 -0.846352 -0.158023 -0.508643
-0.15579 0.359098 0.0352137 -0.556219 0.747797 0.362519
0.0213286 0.253778 -0.0107374 0.327744 0.598258 -0.731212
0.25995 -0.0496509 0.263092 0.883291 0.0805909 0.461846
0.136801 -0.0983329 -0.247069 0.327744 0.598258 -0.731212
-0.269192 0.133044 0.0449655 -0.920501 0.376494 -0.10455
0.196496 -0.239412 0.212037 0.920501 -0.376494 0.10455
-0.279852 -0.0110123 -0.254225 -0.834915 -0.178809 -0.520523
-0.101604 -0.15087 -0.246607 -0.212749 -0.707347 -0.674091
0.298169 -0.060634 -0.026051 0.920501 -0.376494 0.10455
0.108071 -0.448256 0.137029 0.612176 -0.72398 -0.317951
-0.0508307 0.1805 0.261566 0.212749 0.707347 0.674091
-0.154526 -0.0119718 -0.306989 0.327744 0.598258 -0.731212
-0.322178 -0.321727 0.276161 -0.327744 -0.598258 0.731212
0.0836979 -0.215056 -0.237738 -0.212749 -0.707346 -0.674091
0.258385 0.0644933 0.226733 0.775918 0.271117 0.569603
-0.000674555 -0.198633 -0.228342 -0.212749 -0.707347 -0.674091
0.0994576 -0.493059 0.158767 0.327744 0.598258 -0.731212
0.203895 0.085202 0.281171 0.212749 0.707347 0.674091
0.323517 0.0611363 -0.032905 0.327744 0.598258 -0.731212
0.220036 -0.171322 0.249985 0.920501 -0.376494 0.10455
0.157863 0.0805741 0.300555 0.212749 0.707347 0.674091
-0.0409191 -0.0477898 -0.285373 0.327744 0.598258 -0.731212
0.0388736 0.292494 0.0288024 0.327744 0.598258 -0.731212
0.19929 0.0785555 -0.0743344 0.327744 0.598259 -0.731212
-0.202542 0.273431 -0.0495886 -0.920501 0.376494 -0.10455
-0.0407797 -0.272415 -0.136202 -0.212749 -0.707347 -0.674091
0.1258 -0.267306 -0.182939 0.335233 -0.79724 -0.502023
-0.146961 0.0524758 -0.250869 0.327744 0.598258 -0.731212
0.187565 0.254787 0.0645985 0.327744 0.598258 -0.731212
-0.15368 0.132352 0.344548 0.212749 0.707347 0.674091
0.167123 0.240857 -0.289169 0.940326 -0.13161 0.313793
-0.330737 -0.0155357 0.0517875 -0.920501 0.376494 -0.10455
-0.279056 0.0562106 -0.15816 -0.920501 0.376494 -0.10455
0.101633 -0.256259 0.519686 -0.327744 -0.598258 0.731212
-0.386087 -0.142836 0.0806857 -0.920501 0.376494 -0.10455
-0.377086 -0.339142 0.0674414 -0.7196 -0.343423 -0.60352
-0.266299 0.00604904 -0.281824 -0.834915 -0.178809 -0.520523
-0.39041 -0.208471 0.338241 -0.327744 -0.598258 0.731212
-0.0330804 0.199314 0.236221 0.212749 0.707347 0.674091
-0.284928 0.0864813 0.0158381 -0.920501 0.376494 -0.10455
0.110814 -0.373078 -0.0142475 0.500457 -0.766391 -0.402726
0.0909197 0.19924 -0.0621559 0.327744 0.598258 -0.731212
0.173592 -0.331852 -0.00164625 0.646607 -0.706334 -0.288082
-0.302088 0.0982243 0.209205 -0.920501 0.376494 -0.10455
-0.0590518 0.0509321 -0.212729 0.327744 0.598258 -0.731212
0.171902 -0.15653 -0.214512 0.94346 -0.247945 0.220016
-0.331024 0.0155622 0.166301 -0.920501 0.376494 -0.10455
0.0574745 0.218568 -0.023344 0.327744 0.598258 -0.731212
-0.266106 0.0792626 -0.189159 -0.920501 0.376494 -0.10455
-0.0367159 0.264362 0.169111 0.212749 0.707347 0.674091
-0.375451 -0.365182 0.0647062 -0.212749 -0.707347 -0.674091
0.23878 -0.201023 -0.0220023 0.920501 -0.376494 0.10455
-0.377458 -0.24615 0.0236085 -0.824825 -0.196221 -0.530246
-0.0872911 -0.367443 0.344039 -0.327744 -0.598258 0.731212
-0.227845 0.104833 0.371574 -0.377991 0.79235 0.478857
-0.400749 -0.332602 0.232046 -0.327744 -0.598258 0.731212
0.120818 0.173453 -0.263881 0.298442 -0.79989 -0.520681
-0.315908 0.0257443 0.0698748 -0.920501 0.376494 -0.10455
-0.310903 0.00524047 -0.0480291 -0.920501 0.376494 -0.10455
0.0440379 -0.195635 0.543471 -0.327744 -0.598258 0.731212
-0.250916 0.167684 0.00879777 -0.920501 0.376494 -0.10455
0.137364 0.0269278 -0.18232 0.327744 0.598258 -0.731212
-0.248074 -0.0101103 -0.302895 -0.789222 -0.252076 -0.559988
-0.0908858 0.299965 0.148848 0.212749 0.707347 0.674091
-0.316786 -0.151849 -0.104878 -0.801329 -0.233948 -0.550582
0.209835 -0.16967 -0.20266 -0.94346 0.247937 -0.220023
0.261335 0.013204 0.24323 0.824826 0.19622 0.530246
-0.240603 0.133054 -0.219995 -0.920501 0.376494 -0.10455
0.0213157 0.00580909 0.422104 0.212749 0.707347 0.674091
0.258919 -0.10027 -0.193918 0.327744 0.598258 -0.731212
0.26666 0.133227 0.0707737 0.725396 0.336515 0.600465
0.20646 -0.136184 0.380015 0.865855 0.11945 0.485825
0.106506 0.215574 -0.0418053 0.327744 0.598258 -0.731212
-0.35165 -0.0395812 0.149317 -0.920501 0.376494 -0.10455
-0.221239 -0.249234 -0.103572 -0.212749 -0.707347 -0.674091
0.319417 0.00616588 0.027421 0.920501 -0.376494 0.10455
-0.0865545 -0.210801 -0.186409 -0.212749 -0.707347 -0.674091
-0.081319 -0.0401787 0.504814 0.212749 0.707347 0.674091
0.224979 -0.175229 0.192393 0.920501 -0.376494 0.10455
-0.283487 0.140324 0.224584 -0.646607 0.706334 0.288082
-0.156813 0.293922 0.108461 -0.327744 -0.598258 0.731212
-0.193846 -0.465458 0.216085 -0.327744 -0.598258 0.731212
-0.238451 0.0259701 0.484994 0.212749 0.707347 0.674091
-0.00169162 -0.24633 -0.175911 -0.212749 -0.707347 -0.674091
-0.324275 -0.241975 0.340472 -0.327744 -0.598258 0.731212
-0.235594 0.176741 0.231414 -0.539014 0.754044 0.375342
0.153752 0.228124 -0.328582 0.386219 -0.791177 -0.474209
0.118263 0.108363 -0.124253 0.327744 0.598259 -0.731212
0.0487144 -0.502093 0.294832 -0.327746 -0.598258 0.731212
0.13816 -0.379339 0.221759 0.920501 -0.376494 0.10455
-0.386478 -0.0353195 0.458024 -0.920501 0.376494 -0.10455
-0.396089 -0.131879 0.208206 -0.920501 0.376494 -0.10455
-0.136032 -0.03815 -0.320118 0.327744 0.598258 -0.731212
-0.323385 -0.0242067 -0.0441729 -0.920501 0.376494 -0.10455
0.0633251 -0.180709 0.564329 -0.327744 -0.598259 0.731211
0.120932 -0.0748142 0.47244 0.688828 0.378389 0.618335
-0.213062 -0.363976 0.0142491 -0.212749 -0.707347 -0.674091
0.145391 0.225021 -0.24422 0.782057 0.262439 0.565254
0.214821 0.102072 0.259602 0.688828 0.378389 0.618335
-0.321147 0.072009 0.282611 -0.920501 0.376494 -0.10455
0.170034 -0.255461 0.400511 0.920501 -0.376494 0.10455
0.290474 -0.0380548 0.109724 0.920501 -0.376494 0.10455
-0.401576 -0.166083 0.367917 -0.327744 -0.598258 0.731212
0.233869 -0.195081 0.0426353 0.920501 -0.376494 0.10455
-0.186505 -0.23919 0.404502 -0.327744 -0.598258 0.731212
-0.301013 0.0256074 -0.0617604 -0.920501 0.376494 -0.10455
-0.154204 0.115325 0.362581 0.212749 0.707347 0.674091
0.152353 -0.261714 0.533668 0.920501 -0.376494 0.10455
-0.397782 -0.210454 0.0461929 -0.865856 -0.119449 -0.485825
-0.0284578 -0.0415635 0.489583 0.212749 0.707347 0.674091
0.155707 -0.100923 0.445335 0.775918 0.271116 0.569603
-0.0721849 -0.150428 -0.256357 -0.212749 -0.707347 -0.674091
0.219175 -0.232614 0.0368461 0.920501 -0.376494 0.10455
-0.299777 0.0544067 0.0310666 -0.920501 0.376494 -0.10455
-0.141483 0.3693 0.0108039 0.327744 0.598258 -0.731212
0.136582 -0.106413 0.505544 0.212749 0.707347 0.674091
0.055286 0.171883 -0.180466 -0.804808 0.582171 0.115586
-0.345129 -0.0300884 0.12609 -0.920501 0.376494 -0.10455
-0.398966 -0.147187 0.384547 -0.327744 -0.598258 0.731212
-0.0733795 0.105607 0.347269 0.212749 0.707347 0.674091
-0.139026 0.012768 0.465407 0.212749 0.707347 0.674091
-0.0189033 0.0839969 0.352753 0.212749 0.707347 0.674091
0.134848 -0.147828 0.5322 0.763678 0.287901 0.577849
-0.210714 -0.196742 -0.161976 -0.212749 -0.707347 -0.674091
-0.270165 -0.289128 0.326146 -0.327744 -0.598258 0.731212
-0.324835 -0.204363 -0.0696395 -0.775918 -0.271117 -0.569603
0.139965 -0.0789096 0.453174 0.7196 0.343423 0.60352
-0.0312518 0.225612 -0.0935506 -0.623199 0.718599 0.308608
0.326398 0.183068 0.114188 0.763678 0.287901 0.577849
-0.29694 -0.00380886 -0.18302 -0.883291 -0.0805915 -0.461847
-0.370181 -0.183004 -0.00962662 -0.846352 -0.158023 -0.508643
-0.181966 0.108093 0.378932 0.212749 0.707347 0.674091
0.206527 -0.224828 0.176245 0.920501 -0.376494 0.10455
-0.357807 -0.0292191 0.240843 -0.920501 0.376494 -0.10455
0.102461 0.113173 0.283834 0.212749 0.707347 0.674091
0.188233 -0.251049 -0.150147 0.539013 -0.754044 -0.375343
-0.123406 0.373745 0.0484199 -0.481291 0.771729 0.415684
0.148334 -0.195216 -0.278957 -0.212749 -0.707346 -0.674091
-0.323685 0.0612923 0.328132 -0.646607 0.706334 0.288082
0.212189 0.160739 0.199289 0.212749 0.707347 0.674091
0.270618 0.163232 0.0675929 0.869574 -0.493601 -0.0140902
-0.0884335 0.159797 -0.136828 0.327744 0.598259 -0.731212
0.0817338 0.216535 -0.227224 -0.690804 0.679726 0.246501
0.0110525 -0.0643417 -0.275621 0.327744 0.598258 -0.731212
-0.11315 0.288705 0.0220277 -0.0209536 0.778373 0.627453
-0.407777 -0.307679 0.0830871 0.327745 0.598258 -0.731212
-0.0520711 -0.491619 0.0953192 -0.212749 -0.707347 -0.674091
0.0147881 -0.45603 0.0426357 0.335233 -0.79724 -0.502023
0.286544 0.207572 0.12874 0.212749 0.707347 0.674091
0.21079 -0.269961 -0.0699029 0.646607 -0.706334 -0.288082
-0.336297 -0.172521 0.39191 -0.327744 -0.598258 0.731212
-0.0411902 0.216538 -0.0692289 0.327743 0.598259 -0.731212
0.223548 -0.156942 0.270847 0.920501 -0.376494 0.10455
0.263253 -0.132043 0.0109253 0.920501 -0.376494 0.10455
0.0108608 -0.57766 0.216039 -0.327742 -0.598259 0.731212
-0.0553798 -0.567963 0.194282 -0.327744 -0.598258 0.731212
-0.0760637 -0.321039 -0.0740438 -0.212749 -0.707347 -0.674091
0.310755 0.110887 0.16828 -0.327744 -0.598259 0.731212
-0.339307 -0.252076 -0.0264732 -0.748652 -0.307639 -0.587263
0.132583 0.202733 -0.0406234 0.327744 0.598259 -0.731212
0.101853 0.255291 -0.278219 -0.751545 0.634095 0.181942
0.236291 -0.21556 -0.207789 0.556219 -0.747797 -0.362519
0.166756 -0.241345 0.480208 0.920501 -0.376494 0.10455
0.160182 -0.0222387 -0.17433 0.327745 0.598259 -0.731211
0.11005 0.242479 0.147813 0.212749 0.707347 0.674091
0.23274 -0.152209 0.206955 0.920501 -0.376494 0.10455
0.172754 -0.284578 0.258425 0.920501 -0.376494 0.10455
0.00891631 -0.279226 -0.14474 -0.212749 -0.707347 -0.674091
-0.0759021 -0.387684 -0.00416232 -0.212749 -0.707347 -0.674091
-0.343285 -0.062553 -0.00705474 -0.920501 0.376494 -0.10455
0.118452 -0.301106 0.490532 -0.327743 -0.598259 0.731212
-0.148609 0.120371 -0.196057 0.327744 0.598258 -0.731212
0.211939 -0.178741 0.29455 0.920501 -0.376494 0.10455
-0.3362 -0.0213153 0.0790721 -0.920501 0.376494 -0.10455
-0.115305 -0.383144 0.00350979 -0.212749 -0.707347 -0.674091
-0.152529 -0.155457 -0.223662 -0.212749 -0.707347 -0.674091
-0.102098 -0.348076 0.353248 -0.327744 -0.598258 0.731212
-0.188172 -0.2797 -0.0820394 -0.212749 -0.707347 -0.674091
-0.133966 -0.0690519 -0.322248 -0.212749 -0.707347 -0.674091
-0.386402 -0.356221 0.219152 -0.327744 -0.598259 0.731212
0.27797 0.17108 0.169737 0.212749 0.707347 0.674091
0.120857 -0.380479 0.383291 0.920501 -0.376494 0.10455
-0.269135 0.111491 -0.0331541 -0.920501 0.376494 -0.10455
-0.119513 0.143646 0.321914 0.212749 0.707347 0.674091
0.20556 -0.184109 0.331388 0.920501 -0.376494 0.10455
-0.271507 -0.29062 -0.0442801 -0.212749 -0.707347 -0.674091
-0.210897 0.276734 0.0358671 -0.920501 0.376494 -0.10455
0.272922 0.0937915 -0.0288653 0.327744 0.598258 -0.731212
-0.37794 -0.0205593 0.436005 -0.920501 0.376494 -0.10455
-0.088834 0.322902 0.126192 0.212749 0.707347 0.674091
0.181319 -0.153754 -0.188283 0.253404 -0.801267 -0.541995
0.149406 -0.356178 0.206153 0.920501 -0.376494 0.10455
