ply
format ascii 1.0
comment Created by Open3D
element vertex 128
property double x
property double y
property double z
property double nx
property double ny
property double nz
end_header
-0.236996 0.24581 -0.363462 -0.930848 -0.266753 0.24973
0.147308 -0.387871 -0.122586 0.930848 0.266753 -0.24973
-0.00971177 -0.0684557 0.0870155 0.349126 -0.850986 0.392344
0.155218 -0.119101 0.363529 -0.107858 -0.4524 -0.885269
-0.082445 -0.195071 -0.258321 -0.930848 -0.266753 0.24973
-0.121126 0.355654 0.163362 0.107858 0.4524 0.885269
0.131317 0.058379 0.336962 0.107858 0.4524 0.885269
0.128184 -0.121016 0.0911775 0.930848 0.266753 -0.24973
0.195166 -0.396466 0.069453 0.596783 0.682702 -0.421626
0.0864412 0.17415 0.283267 0.107858 0.4524 0.885269
0.0722154 -0.526841 -0.0362232 -0.930848 -0.266753 0.24973
-0.0349223 -0.27004 -0.161263 -0.930848 -0.266753 0.24973
-0.00742934 0.210405 -0.060299 0.930848 0.266753 -0.24973
0.122216 -0.3064 0.385619 -0.930848 -0.266753 0.24973
-0.125249 0.343669 -0.114243 -0.107858 -0.4524 -0.885269
0.148537 -0.526669 -0.131748 -0.107858 -0.4524 -0.885269
-0.100979 0.449704 0.104066 -0.107858 -0.4524 -0.885269
-0.144897 0.518501 0.135478 0.107858 0.4524 0.885269
0.0150468 0.00383626 0.317537 -0.930848 -0.266753 0.24973
0.134444 -0.443875 0.192002 0.349126 -0.850986 0.392344
-0.148973 0.532959 0.128586 0.107858 0.4524 0.885269
-0.246265 0.284973 -0.35618 -0.930848 -0.266753 0.24973
0.171585 -0.468487 0.105569 0.349126 -0.850986 0.392344
-0.029312 0.0129652 -0.153337 0.349126 -0.850986 0.392344
-0.20587 0.16811 -0.443621 -0.107858 -0.4524 -0.885269
-0.183443 0.530886 0.0403245 -0.349126 0.850986 -0.392344
0.061028 -0.231252 0.209888 -0.107858 -0.4524 -0.885269
-0.222262 0.441189 -0.119682 -0.349126 0.850986 -0.392344
-0.180198 0.455933 0.0538102 0.349125 -0.850986 0.392344
0.106913 -0.165009 -0.0350997 0.930848 0.266753 -0.24973
-0.0833342 0.165833 -0.207403 -0.349126 0.850986 -0.392344
-0.0505826 -0.141447 -0.0978599 -0.107858 -0.4524 -0.885269
-0.0787822 -0.061397 -0.144111 0.107858 0.4524 0.885269
-0.0484741 0.146118 -0.256089 0.844134 0.4674 0.262631
-0.0986367 0.225023 0.130056 -0.930848 -0.266753 0.24973
-0.136525 0.0296455 -0.219866 -0.930848 -0.266753 0.24973
0.149372 -0.0549806 0.240689 0.930848 0.266753 -0.24973
0.101624 -0.13683 -0.0247159 0.930848 0.266753 -0.24973
-0.11585 0.233553 -0.0591156 -0.107858 -0.4524 -0.885269
0.0311169 -0.0806562 -0.133785 0.465888 0.520906 0.715266
-0.0277795 0.285101 0.0170198 0.201001 0.862151 -0.465075
0.132412 0.0404512 0.27941 0.930848 0.266753 -0.24973
-0.0715105 0.511705 0.0228614 0.939137 0.245783 -0.240024
-0.193131 0.0800085 -0.377063 -0.930848 -0.266753 0.24973
-0.213659 0.217144 -0.307099 -0.930848 -0.266753 0.24973
0.10556 -0.306798 -0.191598 0.930848 0.266753 -0.24973
0.0463404 -0.130412 0.277035 0.349126 -0.850986 0.392344
0.0368774 -0.369362 -0.000822541 0.107858 0.4524 0.885269
-0.10507 0.371393 -0.167963 0.736826 -0.634179 0.234317
-0.103942 0.353758 -0.237019 0.961205 -0.274846 0.0233446
-0.0341027 -0.315853 -0.207144 -0.930848 -0.266753 0.24973
0.00303168 0.357752 0.199602 0.107858 0.4524 0.885269
-0.0435466 0.00182543 0.059274 0.107858 0.4524 0.885269
-0.143398 0.165697 -0.15425 -0.349126 0.850986 -0.392344
0.169284 -0.426533 0.198615 0.349126 -0.850986 0.392344
0.19189 -0.35334 0.139715 0.295146 0.835735 -0.463072
0.120389 -0.0194944 0.378089 0.107858 0.4524 0.885269
0.040493 -0.0700718 0.33344 -0.930848 -0.266753 0.24973
-0.191116 0.238301 -0.481289 -0.107858 -0.4524 -0.885269
0.196248 -0.522513 -0.0335579 0.349126 -0.850986 0.392344
-0.0691166 0.49962 0.0402261 0.982002 -0.187352 -0.0239012
0.0788262 -0.332354 -0.222555 -0.107858 -0.4524 -0.885269
-0.106011 0.121034 -0.00850959 -0.930848 -0.266753 0.24973
0.110559 -0.190831 -0.0490929 0.930848 0.266753 -0.24973
-0.191101 0.539288 0.12109 -0.930848 -0.266753 0.24973
0.168722 -0.409963 -0.0663662 0.930848 0.266753 -0.24973
-0.0119018 0.344896 0.134778 0.238754 0.852561 -0.464904
0.230091 -0.313502 0.389666 0.349126 -0.850986 0.392344
-0.045332 0.0259071 0.100209 0.107858 0.4524 0.885269
-0.239623 0.266365 -0.483424 -0.349126 0.850986 -0.392344
-0.114465 0.423045 0.180551 0.107858 0.4524 0.885269
-0.0125304 -0.149239 0.0512354 -0.930848 -0.266753 0.24973
0.122378 -0.0193242 0.17816 0.930848 0.266753 -0.24973
0.157909 -0.239145 0.210472 0.231922 0.484133 0.843699
-0.051584 0.169858 0.241058 -0.107858 -0.4524 -0.885269
-0.123276 0.226515 -0.000625402 -0.349126 0.850986 -0.392344
0.138581 -0.0869208 0.166351 0.930848 0.266753 -0.24973
-0.132016 0.00981015 -0.326366 -0.285785 0.105581 -0.95246
0.0718881 -0.493701 -0.00204348 -0.930848 -0.266753 0.24973
-0.00856301 0.0521894 -0.233525 0.930848 0.266753 -0.24973
-0.118378 0.298965 0.13235 0.349125 -0.850986 0.392344
-0.00719576 0.17639 0.181448 0.349126 -0.850986 0.392344
0.0884271 -0.240354 0.0407378 0.349126 -0.850986 0.392344
-0.0700669 0.193376 0.202742 -0.930848 -0.266753 0.24973
0.149792 -0.117082 0.182439 0.990246 0.030118 -0.136039
0.0174931 -0.216244 -0.274418 -0.107858 -0.4524 -0.885269
0.196027 -0.409554 0.211645 0.349126 -0.850986 0.392344
0.00884312 -0.151856 0.128108 -0.930848 -0.266753 0.24973
0.0638897 -0.527388 -0.121067 -0.107858 -0.4524 -0.885269
0.208857 -0.276396 0.450789 0.000187211 0.683082 0.730341
-0.125214 0.569932 0.106797 0.107858 0.4524 0.885269
0.142849 -0.563436 -0.112266 -0.107858 -0.4524 -0.885269
0.115946 -0.220062 0.454469 -0.930848 -0.266753 0.24973
-0.143011 0.392627 0.143684 -0.930848 -0.266753 0.24973
0.019917 -0.102021 -0.0319591 -0.349126 0.850986 -0.392344
0.154356 -0.473223 -0.145644 0.581941 -0.131272 -0.802566
0.258789 -0.262021 0.427378 0.930848 0.266752 -0.24973
0.113267 -0.141589 0.013598 0.930848 0.266753 -0.24973
0.0444271 0.253634 0.179168 0.930848 0.266753 -0.24973
-0.118679 0.23822 0.00503565 -0.930848 -0.266753 0.24973
0.107854 -0.201485 0.19775 0.107858 0.4524 0.885269
0.218537 -0.33654 0.349979 0.349126 -0.850986 0.392344
0.134009 -0.413443 0.258396 0.349126 -0.850986 0.392344
-0.129611 0.319021 -0.0393126 0.107858 0.4524 0.885269
-0.189535 0.560755 0.119323 0.107858 0.4524 0.885269
-0.179509 0.0594498 -0.348248 -0.930848 -0.266753 0.249729
0.00504685 0.132161 0.0746227 0.349126 -0.850986 0.392344
-0.144478 0.004817 -0.323443 -0.346439 0.426929 -0.835291
0.193182 -0.091201 0.405864 0.107858 0.4524 0.885269
-0.00912742 -0.204034 0.0053902 -0.930848 -0.266753 0.24973
-0.0944228 -0.103388 -0.205034 -0.930848 -0.266753 0.24973
-0.129827 0.224887 -0.465892 0.581942 -0.131272 -0.802565
-0.212798 0.149858 -0.37576 -0.930848 -0.266753 0.24973
-0.158869 0.0340828 -0.29841 -0.930848 -0.266753 0.24973
-0.22737 0.314795 -0.253894 -0.930848 -0.266753 0.24973
0.0438304 -0.202265 0.143228 -0.349126 0.850986 -0.392344
-0.082711 0.103797 0.0515752 0.349126 -0.850986 0.392344
0.0901746 0.00146623 0.147679 0.248378 0.849963 -0.464619
-0.12383 0.385594 -0.307043 0.930848 0.266753 -0.24973
0.121904 -0.219203 0.044866 0.754073 -0.617521 0.223699
-0.202642 0.441045 -0.137453 -0.349126 0.850986 -0.392344
0.0899865 -0.555866 -0.0708505 0.359892 -0.550995 0.752916
-0.0690723 -0.0244538 -0.361882 -0.107858 -0.4524 -0.885269
-0.0414401 0.143705 -0.239971 0.674481 0.620887 -0.399469
0.0445578 -0.139253 -0.240014 0.930848 0.266753 -0.24973
0.0532755 -0.236816 0.160652 -0.107858 -0.4524 -0.885269
0.0148287 0.310599 0.12969 0.930848 0.266753 -0.24973
-0.144453 0.0335395 -0.245258 -0.930848 -0.266753 0.24973
