ply
format ascii 1.0
comment Created by Open3D
element vertex 400
property double x
property double y
property double z
property double nx
property double ny
property double nz
end_header
-0.0524046 -0.217146 -0.109595 -0.334151 -0.0730755 -0.939682
0.145828 -0.0123615 0.0920983 0.867244 0.366586 -0.3369
-0.308427 0.398747 -0.0362592 -0.867244 -0.366586 0.3369
0.0893786 -0.48977 -0.00602537 0.867244 0.366586 -0.3369
0.205446 -0.449343 -0.125178 0.369094 -0.92751 -0.059121
0.0679109 -0.0882648 0.127832 0.334151 0.0730755 0.939682
0.280411 -0.3764 0.0746738 0.334151 0.0730755 0.939682
0.0687142 0.138675 0.00396935 0.867244 0.366586 -0.3369
0.138975 -0.0998066 -0.0746609 0.867244 0.366586 -0.3369
0.132198 -0.472077 -0.120587 -0.334151 -0.0730758 -0.939682
-0.0971552 0.165802 0.128073 -0.334151 -0.0730755 -0.939682
0.21652 -0.408683 0.0749037 0.369094 -0.92751 -0.0591209
0.0725533 -0.0962811 0.126804 0.334151 0.0730755 0.939682
-0.0979131 0.0624609 0.112742 0.867244 0.366586 -0.3369
0.120366 -0.192517 -0.169475 0.867244 0.366586 -0.3369
0.102203 0.0144024 -0.0180619 -0.867244 -0.366586 0.3369
-0.0466019 0.113737 -0.0986922 0.334151 0.0730755 0.939682
-0.249067 0.272932 -0.0743241 -0.867245 -0.366586 0.3369
-0.0440653 0.404083 0.0294326 -0.867244 -0.366586 0.3369
0.0296809 -0.00149723 0.0959808 -0.334151 -0.0730755 -0.939682
0.0391398 0.221544 0.044995 -0.867244 -0.366586 0.3369
-0.0672844 0.492671 0.0660569 -0.867244 -0.366586 0.3369
0.00877015 -0.383764 -0.0711951 -0.867244 -0.366586 0.3369
0.162283 -0.216077 -0.114195 -0.867244 -0.366586 0.3369
-0.123134 0.137267 -0.0733071 0.334151 0.0730755 0.939682
0.0715169 0.174528 0.0770896 0.334151 0.0730755 0.939682
0.114827 -0.278052 -0.164326 -0.334151 -0.0730755 -0.939682
-0.061421 0.38619 -0.0347141 -0.867244 -0.366586 0.3369
-0.231503 0.277984 0.0303539 -0.867244 -0.366586 0.3369
-0.0130921 0.261847 0.0907117 -0.334151 -0.0730755 -0.939682
-0.204647 0.296446 0.119574 -0.867244 -0.366586 0.3369
0.0331003 -0.130821 0.104822 -0.334151 -0.0730755 -0.939682
0.0119659 -0.302337 0.0256333 -0.867244 -0.366586 0.3369
-0.177731 0.308232 -0.0671878 0.334151 0.0730755 0.939682
-0.258036 0.343739 0.00661827 0.867244 0.366586 -0.3369
0.0727884 -0.170133 0.132464 0.334151 0.0730755 0.939682
-0.163156 0.0818995 -0.00707074 -0.867244 -0.366586 0.3369
-0.0574733 0.305792 0.141774 0.334151 0.0730755 0.939682
-0.0183106 -0.235823 0.0200698 -0.867244 -0.366586 0.3369
0.179862 -0.313238 -0.146019 0.334151 0.0730755 0.939682
-0.00858406 -0.302645 -0.027602 -0.867244 -0.366586 0.3369
0.112218 -0.25492 0.0863384 -0.334151 -0.0730755 -0.939682
-0.253043 0.401339 0.0821474 0.867244 0.366586 -0.3369
-0.20465 0.300487 0.123964 -0.867244 -0.366586 0.3369
-0.0513443 0.152939 -0.138752 -0.334151 -0.0730755 -0.939682
-0.271396 0.411622 0.0730762 -0.867244 -0.366586 0.3369
-0.0634948 0.499466 0.0562207 0.867244 0.366586 -0.3369
0.026067 0.272987 0.0403345 0.867244 0.366586 -0.3369
-0.0364697 0.393061 0.127519 0.334151 0.0730755 0.939682
0.154314 -0.356345 -0.172279 -0.334151 -0.0730755 -0.939682
0.112616 -0.0775249 -0.118268 0.867244 0.366586 -0.3369
0.25182 -0.309351 0.0796264 0.334151 0.0730755 0.939682
0.045438 -0.242869 -0.10369 0.334151 0.0730755 0.939682
0.0692575 -0.365109 -0.102654 0.334151 0.0730755 0.939682
-0.125571 -0.0570586 -0.0615228 -0.867244 -0.366586 0.3369
0.198562 -0.393091 -0.185156 -0.334151 -0.0730755 -0.939682
-0.0110855 -0.324677 -0.111982 -0.867245 -0.366586 0.3369
-0.0951722 0.484287 0.111647 -0.369094 0.92751 0.0591196
-0.241631 0.404255 -0.0616068 -0.334151 -0.0730753 -0.939682
-0.101986 0.268217 -0.129709 -0.334151 -0.0730755 -0.939682
0.0406676 0.246936 0.10354 0.867244 0.366586 -0.3369
-0.043608 0.445648 0.0758379 -0.867244 -0.366586 0.3369
0.139244 -0.484721 0.0165306 0.369094 -0.92751 -0.059121
-0.224032 0.32064 0.0690161 0.867244 0.366586 -0.3369
0.249159 -0.327117 -0.0113835 -0.867244 -0.366586 0.3369
-0.087414 -0.0829515 -0.018457 0.867244 0.366586 -0.3369
0.106952 -0.450996 0.108388 -0.867244 -0.366586 0.3369
0.116487 -0.42104 -0.115099 0.334151 0.0730755 0.939682
0.164541 -0.262668 -0.144503 0.334151 0.0730755 0.939682
-0.153994 0.355498 -0.118002 -0.334151 -0.0730755 -0.939682
0.103844 -0.0408642 -0.0739749 -0.867244 -0.366586 0.3369
-0.151275 0.168201 -0.104404 -0.334151 -0.0730755 -0.939682
0.00509624 -0.365686 -0.0609825 -0.867244 -0.366586 0.3369
0.164739 -0.0939642 0.0250019 -0.867244 -0.366586 0.3369
0.0114676 -0.0685237 0.146368 0.334151 0.0730755 0.939682
0.25642 -0.280882 0.0306333 0.867244 0.366586 -0.3369
-0.0842437 0.209312 -0.131437 -0.334151 -0.0730755 -0.939682
0.247485 -0.346908 -0.06421 0.867244 0.366586 -0.3369
-0.21095 0.448719 0.100618 -0.369104 0.927506 0.0591151
-0.106227 0.320154 0.157994 0.334151 0.0730755 0.939682
0.149674 -0.198454 0.0686279 -0.334151 -0.0730755 -0.939682
-0.0562016 -0.017021 -0.08511 0.334151 0.0730755 0.939682
0.0487513 0.231762 0.107839 0.867244 0.366586 -0.3369
0.15556 -0.166512 -0.104551 0.867244 0.366586 -0.3369
0.0224839 -0.259558 0.0722727 0.867244 0.366586 -0.3369
-0.172961 0.45137 0.142419 -0.369094 0.92751 0.0591196
0.0745722 -0.451836 -0.13428 0.369094 -0.92751 -0.0591208
0.011805 0.261754 -0.00860144 0.867244 0.366586 -0.3369
0.0959793 -0.365654 -0.150811 -0.334151 -0.0730755 -0.939682
0.0119628 -0.303816 0.0240156 -0.867244 -0.366586 0.3369
-0.213972 0.218482 -0.0860189 -0.334151 -0.0730755 -0.939682
-0.0640047 0.000895764 0.129109 -0.334151 -0.0730755 -0.939682
0.00690368 0.168015 -0.123217 0.867244 0.366586 -0.3369
0.236121 -0.401605 0.0862301 0.369094 -0.92751 -0.0591209
-0.22876 0.230554 -0.0141928 -0.867244 -0.366586 0.3369
0.0317407 -0.355542 -0.00833999 0.867244 0.366586 -0.3369
-0.148866 0.0277747 -0.0831478 -0.867245 -0.366586 0.3369
0.202672 -0.440681 -0.124635 -0.369094 0.92751 0.0591208
-0.168195 0.175319 -0.0989404 -0.334151 -0.0730755 -0.939682
0.079899 -0.0198773 -0.139761 0.867244 0.366586 -0.3369
0.110024 -0.491752 -0.0555729 0.369093 -0.92751 -0.0591208
-0.0539445 0.246859 -0.140093 0.867244 0.366586 -0.3369
-0.00397382 -0.31084 -0.0516351 0.867244 0.366586 -0.3369
-0.0646135 -0.129057 -0.112104 -0.334151 -0.0730755 -0.939682
0.107822 -0.228132 -0.12702 0.334151 0.0730755 0.939682
0.288909 -0.379649 0.0713365 0.369094 -0.92751 -0.0591209
-0.122862 0.038281 0.0222093 0.867244 0.366586 -0.3369
-0.157109 0.432766 -0.122903 -0.334151 -0.0730755 -0.939682
0.280632 -0.336255 0.0327078 0.867244 0.366586 -0.3369
-0.101721 0.332039 -0.134766 -0.334151 -0.0730755 -0.939682
0.0807676 -0.121986 -0.164351 -0.334151 -0.0730755 -0.939682
-0.220455 0.359215 0.120198 0.867244 0.366586 -0.3369
-0.0386917 0.376281 0.129614 0.334151 0.0730755 0.939682
-0.0881143 0.198531 0.161011 0.334151 0.0730755 0.939682
0.0353538 -0.426962 -0.095462 -0.334151 -0.0730754 -0.939682
0.177766 -0.471334 0.0470153 0.369094 -0.92751 -0.0591208
-0.00811582 -0.0151242 -0.141055 -0.334151 -0.0730755 -0.939682
0.245531 -0.317035 0.0824604 0.334151 0.0730755 0.939682
-0.00913016 -0.183803 0.100306 -0.867244 -0.366586 0.3369
0.0255797 -0.0579016 -0.111012 0.334151 0.0730755 0.939682
-0.224125 0.451762 -0.0293746 -0.369094 0.927509 0.0591262
-0.0366031 0.285334 -0.107555 0.867244 0.366586 -0.3369
-0.098574 0.06159 0.110093 0.867244 0.366586 -0.3369
-0.110059 0.26398 -0.0878107 0.334151 0.0730755 0.939682
-0.197439 0.385952 0.181554 -0.867244 -0.366586 0.3369
0.162535 -0.164508 0.100113 0.334151 0.0730755 0.939682
-0.0830086 -0.100088 -0.0691176 0.334151 0.0730755 0.939682
0.151927 -0.0517842 0.0564208 -0.334151 -0.0730755 -0.939682
0.0331135 0.0732982 0.127641 0.334151 0.0730755 0.939682
-0.0754197 -0.136644 -0.0190207 -0.867244 -0.366586 0.3369
0.0705122 -0.208958 0.0975947 -0.334151 -0.0730755 -0.939682
0.0241266 0.106359 0.0895684 -0.334151 -0.0730755 -0.939682
-0.133594 0.21925 -0.114661 -0.334151 -0.0730755 -0.939682
0.0616722 -0.0976672 -0.120754 0.334151 0.0730755 0.939682
0.0430717 -0.0507079 0.095046 -0.334151 -0.0730755 -0.939682
0.0816877 -0.118696 -0.164934 -0.334151 -0.0730755 -0.939682
0.214319 -0.440261 -0.0585025 -0.369139 0.927491 0.0591364
-0.0919947 -0.0562417 -0.10803 -0.334151 -0.0730755 -0.939682
-0.132332 0.47587 -0.0963682 0.334151 0.0730755 0.939682
0.0199338 -0.158757 0.148407 -0.867244 -0.366586 0.3369
0.0888612 -0.467966 0.0433525 -0.867244 -0.366586 0.3369
0.00928941 -0.19725 0.106106 0.867244 0.366586 -0.3369
0.0503952 -0.329182 0.0683624 0.867244 0.366586 -0.3369
-0.036596 0.209336 -0.109685 0.334151 0.0730755 0.939682
0.237601 -0.242315 0.0794696 0.334151 0.0730755 0.939682
0.202603 -0.253342 -0.0779353 0.867244 0.366586 -0.3369
0.247493 -0.439714 -0.0137465 0.369094 -0.92751 -0.0591209
-0.038918 -0.136781 0.0747918 -0.867244 -0.366586 0.3369
-0.298258 0.403952 -0.0414468 -0.334151 -0.0730753 -0.939682
0.194794 -0.460622 -0.0147348 0.369094 -0.92751 -0.0591211
-0.107702 0.436416 0.149477 0.334151 0.0730755 0.939682
0.258573 -0.439195 0.0472768 0.369094 -0.92751 -0.0591209
0.0689902 -0.361341 0.108221 -0.867244 -0.366586 0.3369
-0.123298 0.0445741 0.0279333 0.867244 0.366586 -0.3369
0.161784 -0.408819 -0.132157 0.334151 0.0730755 0.939682
-0.10766 0.0393132 -0.10989 -0.334151 -0.0730755 -0.939682
-0.167758 0.146387 0.051253 -0.867244 -0.366586 0.3369
0.052821 0.0658877 -0.0891591 -0.867244 -0.366586 0.3369
-0.0149804 -0.0817185 -0.133435 -0.334151 -0.0730755 -0.939682
-0.0435057 -0.243513 -0.0531544 -0.867244 -0.366586 0.3369
0.0744355 0.17962 0.0632501 0.867244 0.366586 -0.3369
-0.164533 0.233495 -0.066069 0.334151 0.0730755 0.939682
-0.252231 0.298065 -0.0281385 0.867244 0.366586 -0.3369
-0.104745 0.188174 -0.083805 0.334151 0.0730755 0.939682
-0.161943 0.0774532 -0.00878678 -0.867244 -0.366586 0.3369
-0.0628489 0.050273 0.162758 -0.867244 -0.366586 0.3369
0.02168 0.318734 0.07882 0.867244 0.366586 -0.3369
-0.0927308 -0.0583946 -0.107601 -0.334151 -0.0730755 -0.939682
0.0201943 -0.378457 -0.122867 -0.334151 -0.0730755 -0.939682
-0.138339 0.479773 0.0667461 -0.369094 0.92751 0.0591218
0.217787 -0.178778 0.0525511 0.334151 0.0730755 0.939682
-0.14826 0.0296635 -0.025563 -0.867244 -0.366586 0.3369
0.18612 -0.236174 0.0586009 -0.334151 -0.0730755 -0.939682
-0.108194 0.244595 0.125871 -0.334151 -0.0730755 -0.939682
0.236581 -0.355957 0.049972 -0.334151 -0.0730755 -0.939682
-0.00792306 0.259597 -0.0617314 0.867244 0.366586 -0.3369
-0.0398708 -0.156767 0.0236083 0.867244 0.366586 -0.3369
0.116076 -0.196654 0.119133 0.334151 0.0730755 0.939682
-0.163804 0.298354 0.172822 -0.867244 -0.366586 0.3369
0.128332 -0.134785 -0.14012 0.867244 0.366586 -0.3369
0.209187 -0.18256 0.0462289 -0.334151 -0.0730755 -0.939682
-0.165843 0.340599 -0.11263 -0.334151 -0.0730755 -0.939682
-0.186489 0.135909 -0.0623346 -0.867244 -0.366586 0.3369
0.18404 -0.455291 -0.0117432 -0.369094 0.92751 0.059121
-0.251671 0.334272 0.0127019 0.867244 0.366586 -0.3369
-0.080782 0.0830549 -0.0841517 0.334151 0.0730755 0.939682
-0.0200239 0.339061 0.0205684 -0.867244 -0.366586 0.3369
-0.00398794 -0.13791 -0.132974 -0.334151 -0.0730755 -0.939682
-0.0374422 -0.26015 -0.0556489 -0.867244 -0.366586 0.3369
-0.0272072 0.0324689 -0.099269 0.334151 0.0730755 0.939682
-0.0688788 0.367063 -0.101708 0.867244 0.366586 -0.3369
-0.0463277 -0.0677054 0.13088 -0.867244 -0.366586 0.3369
0.200862 -0.273355 0.0949481 0.334151 0.0730755 0.939682
-0.148976 0.337363 0.13316 -0.334151 -0.0730755 -0.939682
0.166575 -0.122965 -0.0288123 0.867244 0.366586 -0.3369
0.0223092 0.109855 -0.119861 -0.867244 -0.366586 0.3369
-0.0294254 0.0852408 -0.141282 -0.334151 -0.0730755 -0.939682
-0.0948275 0.490876 0.0104284 0.369094 -0.92751 -0.059121
-0.0974679 0.116082 -0.119484 -0.334151 -0.0730755 -0.939682
0.0193561 0.162083 0.125629 0.334151 0.0730755 0.939682
-0.0555597 0.252904 0.145206 0.334151 0.0730755 0.939682
0.0344883 0.17802 -0.0143379 -0.867244 -0.366586 0.3369
0.0586887 0.0789954 -0.086776 0.867244 0.366586 -0.3369
0.185642 -0.467915 0.0425456 0.369094 -0.92751 -0.0591208
-0.0678861 -0.13465 -0.0244426 0.867244 0.366586 -0.3369
-0.120484 0.117786 0.114839 0.867244 0.366586 -0.3369
0.0319061 0.164391 0.120987 0.334151 0.0730755 0.939682
-0.174707 0.443961 0.143694 0.334151 0.0730756 0.939682
-0.164019 0.295324 0.168971 -0.867244 -0.366586 0.3369
-0.0318228 0.153229 0.105819 -0.334151 -0.0730755 -0.939682
0.024864 0.279828 0.0446817 0.867244 0.366586 -0.3369
0.0817019 -0.408923 0.0891689 -0.867244 -0.366586 0.3369
0.0509153 0.0418994 0.0850551 -0.334151 -0.0730755 -0.939682
0.076565 -0.4952 -0.0179344 -0.867244 -0.366586 0.3369
-0.0691593 0.115269 0.160746 0.334151 0.0730755 0.939682
-0.138759 0.0941037 0.0420276 0.867244 0.366586 -0.3369
-0.0133598 -0.195149 0.0500883 0.867244 0.366586 -0.3369
0.0413002 -0.150193 -0.109425 0.334151 0.0730755 0.939682
0.0571022 -0.21909 0.141849 0.334151 0.0730755 0.939682
-0.00357702 -0.203975 -0.0892846 0.334151 0.0730755 0.939682
-0.117185 -0.00939453 -0.0150553 0.867244 0.366586 -0.3369
-0.282416 0.390933 0.0221969 -0.867244 -0.366586 0.3369
0.27084 -0.434257 0.0464013 0.369094 -0.92751 -0.0591209
0.277074 -0.412397 -0.0593017 0.867244 0.366586 -0.3369
-0.0949697 -0.00146836 0.0507561 0.867244 0.366586 -0.3369
-0.254154 0.285767 -0.0194845 -0.867244 -0.366586 0.3369
0.100878 0.111351 0.057035 0.867244 0.366586 -0.3369
-0.0588862 0.38677 -0.0275579 -0.867244 -0.366586 0.3369
-0.0317837 -0.0199787 -0.132261 -0.334151 -0.0730755 -0.939682
-0.0398361 -0.0789465 -0.124812 -0.334151 -0.0730755 -0.939682
0.209201 -0.292439 -0.103493 0.867244 0.366586 -0.3369
-0.199132 0.2556 0.0893273 -0.867244 -0.366586 0.3369
-0.089759 0.42213 -0.0955384 0.867244 0.366586 -0.3369
-0.219748 0.184606 -0.040993 -0.867244 -0.366586 0.3369
0.211697 -0.209873 -0.00722418 0.867244 0.366586 -0.3369
0.178958 -0.179446 -0.0583943 0.867244 0.366586 -0.3369
-0.106422 -0.00655255 -0.106763 -0.334151 -0.0730755 -0.939682
0.0537931 -0.497495 -0.0790508 -0.867244 -0.366586 0.3369
-0.0870782 0.105249 0.160207 -0.867244 -0.366586 0.3369
-0.135699 0.24913 0.173997 0.334151 0.0730755 0.939682
0.0302587 0.119229 -0.116181 0.867244 0.366586 -0.3369
-0.0421692 0.460568 0.124295 0.334151 0.0730755 0.939682
-0.125734 -0.0563163 -0.0611343 -0.867244 -0.366586 0.3369
-0.155992 0.109281 -0.0981445 -0.334151 -0.0730755 -0.939682
0.296453 -0.389746 0.0152298 0.867244 0.366586 -0.3369
0.141981 -0.29055 0.117223 0.334151 0.0730755 0.939682
-0.0719092 -0.039341 0.0958926 -0.867244 -0.366586 0.3369
0.0886922 -0.256115 0.133495 0.334151 0.0730755 0.939682
-0.040816 -0.189534 -0.0144794 0.867244 0.366586 -0.3369
-0.196213 0.1215 -0.0490761 -0.867244 -0.366586 0.3369
-0.0648311 -0.175399 -0.0697248 0.334151 0.0730755 0.939682
0.241672 -0.421138 -0.159945 0.867244 0.366586 -0.3369
-0.178095 0.30814 -0.067051 0.334151 0.0730755 0.939682
-0.210201 0.443284 0.0367943 0.369093 -0.92751 -0.0591206
-0.0252182 -0.11863 0.129808 -0.867244 -0.366586 0.3369
0.0238267 -0.289018 -0.0924159 0.334151 0.0730755 0.939682
0.0800494 -0.280914 -0.113039 0.334151 0.0730755 0.939682
0.0943828 -0.0587292 0.0774236 -0.334151 -0.0730755 -0.939682
-0.00867676 0.104331 0.140089 0.334151 0.0730755 0.939682
-0.0153652 -0.262776 -0.119218 -0.334151 -0.0730755 -0.939682
0.00865449 0.208688 -0.0744528 0.867244 0.366586 -0.3369
-0.0972925 -0.0490512 0.0199854 -0.867244 -0.366586 0.3369
0.228276 -0.351135 -0.118259 0.867244 0.366586 -0.3369
0.0641089 -0.426587 0.02466 -0.867244 -0.366586 0.3369
0.0011808 0.214832 0.12799 0.334151 0.0730755 0.939682
-0.21262 0.411685 -0.101524 -0.334151 -0.0730755 -0.939682
-0.0244534 0.0332131 -0.100306 0.334151 0.0730755 0.939682
0.230463 -0.35324 -0.114917 0.867244 0.366586 -0.3369
0.0734636 -0.344928 -0.105719 0.334151 0.0730755 0.939682
-0.23811 0.329006 0.0688643 -0.867244 -0.366586 0.3369
0.0520931 0.129298 -0.0490195 0.867244 0.366586 -0.3369
-0.0347743 0.31728 -0.0411028 -0.867244 -0.366586 0.3369
-0.183024 0.136563 0.00126564 -0.867244 -0.366586 0.3369
0.131104 -0.105298 -0.0739134 -0.867244 -0.366586 0.3369
0.0674992 -0.190184 -0.115632 0.334151 0.0730755 0.939682
-0.0739437 -0.0987137 -0.072448 0.334151 0.0730755 0.939682
0.0569825 0.0339686 -0.138998 -0.334151 -0.0730753 -0.939683
0.15513 -0.234188 0.108164 0.334151 0.0730755 0.939682
0.166749 -0.430066 0.0996502 0.369094 -0.92751 -0.0591209
0.0965329 0.0680359 0.025701 -0.867244 -0.366586 0.3369
-0.239444 0.421668 0.166258 -0.867244 -0.366586 0.3369
-0.120106 0.380834 0.119513 -0.334151 -0.0730755 -0.939682
-0.229945 0.231707 -0.0159896 -0.867244 -0.366586 0.3369
0.166791 -0.219688 -0.106518 -0.867244 -0.366586 0.3369
0.156753 -0.472344 -0.0683245 0.369088 -0.927511 -0.059143
-0.116116 0.316742 -0.0897601 0.334151 0.0730755 0.939682
-0.143327 0.186798 0.152534 0.334151 0.0730755 0.939682
0.138427 0.0192623 0.0534885 0.867244 0.366586 -0.3369
0.258031 -0.419542 -0.110655 0.369095 -0.927509 -0.0591212
-0.0454234 0.152434 0.110717 -0.334151 -0.0730755 -0.939682
-0.0403502 0.329332 0.0951566 -0.334151 -0.0730755 -0.939682
0.219492 -0.278139 -0.0344579 -0.867244 -0.366586 0.3369
-0.219706 0.438584 0.0511849 0.369112 -0.927502 -0.0591261
0.138769 -0.0317471 -0.00113489 0.867244 0.366586 -0.3369
-0.0631395 0.439316 -0.00831405 0.867244 0.366586 -0.3369
0.189788 -0.123303 0.0845437 0.867244 0.366586 -0.3369
0.0495868 0.222845 0.0463187 0.867244 0.366586 -0.3369
0.128207 -0.219812 -0.173613 -0.334151 -0.0730755 -0.939682
-0.0170888 0.33445 0.0231067 -0.867244 -0.366586 0.3369
0.0721953 -0.0208859 -0.130467 0.334151 0.0730755 0.939682
0.165809 -0.468659 -0.0696024 0.369095 -0.92751 -0.0591183
0.174818 -0.192607 -0.0563881 -0.867244 -0.366586 0.3369
0.101199 0.0228361 -0.0114697 -0.867244 -0.366586 0.3369
0.11706 0.0475333 0.0997938 0.334151 0.0730755 0.939682
-0.105777 0.306045 0.158931 0.334151 0.0730755 0.939682
0.104934 0.0705379 0.0230646 0.867244 0.366586 -0.3369
-0.222757 0.454207 -0.059204 -0.369094 0.92751 0.0591209
-0.124461 0.488069 -0.0969289 0.867244 0.366586 -0.3369
0.0525352 0.0406392 -0.137935 -0.334151 -0.0730753 -0.939683
0.0686202 -0.505969 -0.0910226 0.369094 -0.92751 -0.0591218
0.188044 -0.232609 0.0576395 -0.334151 -0.0730755 -0.939682
-0.0018449 0.372691 0.0769739 0.867244 0.366586 -0.3369
0.127151 -0.475451 -0.118529 -0.334151 -0.0730758 -0.939682
0.0561306 -0.377272 0.0307988 0.867244 0.366586 -0.3369
0.00705432 0.267537 -0.0145375 0.867244 0.366586 -0.3369
0.10902 -0.323802 0.13153 0.334151 0.0730755 0.939682
0.137991 -0.0751052 -0.0233311 -0.867244 -0.366586 0.3369
0.091397 0.0110504 -0.0765106 0.867244 0.366586 -0.3369
-0.0117758 -0.0286145 0.112832 -0.334151 -0.0730755 -0.939682
0.0874237 -0.00272051 0.11424 0.334151 0.0730755 0.939682
-0.0944293 0.500768 0.0114904 -0.369094 0.92751 0.059121
-0.0673032 -0.193551 -0.0600495 -0.867244 -0.366586 0.3369
-0.00513806 -0.0107589 0.147781 0.334151 0.0730755 0.939682
0.07908 0.0782279 -0.0351201 0.867244 0.366586 -0.3369
0.0381359 -0.314489 -0.134221 -0.334151 -0.0730755 -0.939682
0.0390521 -0.4205 -0.0332178 -0.867244 -0.366586 0.3369
0.191093 -0.142575 0.0129651 0.867244 0.366586 -0.3369
-0.2618 0.364254 -0.0416495 0.334151 0.0730755 0.939682
0.126519 -0.312315 -0.127122 0.334151 0.0730755 0.939682
-0.211664 0.172876 -0.0329458 -0.867244 -0.366586 0.3369
0.252801 -0.275794 0.0268549 0.867244 0.366586 -0.3369
-0.0563154 0.209754 0.110133 -0.334151 -0.0730755 -0.939682
-0.055944 0.304028 -0.110017 -0.867244 -0.366586 0.3369
0.219395 -0.26622 -0.0217379 -0.867244 -0.366586 0.3369
-0.00866746 0.387911 0.0759725 0.867244 0.366586 -0.3369
-0.013196 0.297265 0.126692 0.334151 0.0730755 0.939682
0.0102022 -0.0730754 0.147172 0.334151 0.0730755 0.939682
0.113633 -0.134785 0.0764927 -0.334151 -0.0730755 -0.939682
-0.0629419 -0.0448488 0.0859989 0.867244 0.366586 -0.3369
0.114251 -0.382214 -0.156021 -0.334151 -0.0730755 -0.939682
-0.00103382 0.0350006 -0.147471 -0.334151 -0.0730755 -0.939682
0.233504 -0.335051 -0.0603138 -0.867244 -0.366586 0.3369
0.02691 -0.251268 0.119671 -0.867244 -0.366586 0.3369
-0.0621421 0.366447 -0.0850363 0.867244 0.366586 -0.3369
0.0723696 -0.453438 -0.122895 0.369094 -0.92751 -0.0591208
0.0354585 0.181485 -0.00807029 -0.867244 -0.366586 0.3369
-0.0229642 0.0414889 0.111359 -0.334151 -0.0730755 -0.939682
-0.137592 0.240893 0.175311 0.334151 0.0730755 0.939682
0.155903 -0.345248 0.116526 0.334151 0.0730755 0.939682
-0.115591 0.387211 -0.134124 -0.334151 -0.0730755 -0.939682
-0.195011 0.373983 -0.0661563 0.334151 0.0730755 0.939682
-0.199085 0.375289 -0.0648092 0.334151 0.0730755 0.939682
-0.161263 0.179721 0.104244 -0.867244 -0.366586 0.3369
-0.0393995 0.158447 -0.143428 -0.334151 -0.0730755 -0.939682
-0.170007 0.0703208 -0.0611075 -0.334151 -0.0730756 -0.939682
-0.162773 0.279462 -0.108967 -0.334151 -0.0730755 -0.939682
0.210055 -0.210793 -0.0124543 0.867244 0.366586 -0.3369
0.102424 -0.0432744 -0.0802529 -0.867244 -0.366586 0.3369
0.275591 -0.411239 -0.0618598 0.867244 0.366586 -0.3369
-0.103312 0.473042 -0.0480435 -0.867244 -0.366586 0.3369
-0.191008 0.209386 0.0599524 -0.867244 -0.366586 0.3369
0.201017 -0.374409 -0.159784 0.867244 0.366586 -0.3369
-0.189098 0.205759 0.0609247 -0.867244 -0.366586 0.3369
-0.26074 0.435091 0.00358274 -0.369094 0.92751 0.0591209
-0.164739 0.473054 0.00733244 -0.369094 0.92751 0.0591209
-0.172836 0.230565 0.129777 -0.867244 -0.366586 0.3369
0.0495563 -0.303592 0.121032 -0.867244 -0.366586 0.3369
-0.167341 0.144476 0.0502475 -0.867244 -0.366586 0.3369
-0.166464 0.466583 -0.0556909 0.369094 -0.92751 -0.0591209
-0.10081 0.00520794 0.0699713 -0.867244 -0.366586 0.3369
0.0717682 0.0844217 -0.0202183 -0.867244 -0.366586 0.3369
0.154048 -0.310415 0.0757794 -0.334151 -0.0730755 -0.939682
-0.217046 0.365724 0.136057 0.867244 0.366586 -0.3369
-0.0906053 0.414361 0.145113 0.334151 0.0730755 0.939682
0.19056 -0.357328 0.0664438 -0.334151 -0.0730755 -0.939682
-0.0350297 0.321692 -0.0369593 -0.867244 -0.366586 0.3369
0.162339 -0.0926747 0.0202267 -0.867244 -0.366586 0.3369
-0.139892 0.477307 0.0633176 0.469702 0.241049 -0.84928
-0.0921182 0.47097 -0.0484677 0.867244 0.366586 -0.3369
0.0365019 -0.255908 -0.138196 -0.334151 -0.0730755 -0.939682
-0.24403 0.432997 0.140744 -0.369094 0.92751 0.0591209
0.0727215 0.123142 0.109681 0.334151 0.0730755 0.939682
-0.0750511 0.171798 -0.0930908 0.334151 0.0730755 0.939682
0.137707 -0.0768434 0.102124 0.334151 0.0730755 0.939682
0.138791 -0.489616 0.0905007 0.369094 -0.92751 -0.0591208
-0.00987038 -0.248174 0.0283573 -0.867244 -0.366586 0.3369
0.0161335 -0.187754 -0.136253 -0.334151 -0.0730755 -0.939682
-0.165181 0.472767 0.00908352 -0.369094 0.92751 0.0591209
-0.0646079 -0.0853891 0.0375979 0.867244 0.366586 -0.3369
0.0404812 -0.422785 -0.0879357 0.334151 0.0730755 0.939682
-0.151723 0.405354 -0.0839889 0.334151 0.0730755 0.939682
0.0791772 0.0176212 -0.073833 -0.867244 -0.366586 0.3369
0.281446 -0.331814 0.039635 0.867244 0.366586 -0.3369
0.163475 -0.415117 0.119267 0.334151 0.0730755 0.939682
-0.143372 0.368284 0.16746 0.334151 0.0730755 0.939682
-0.173253 0.392761 0.137484 -0.334151 -0.0730755 -0.939682
-0.251649 0.335841 -0.0817474 -0.334151 -0.0730755 -0.939682
0.0448654 -0.435672 -0.0347615 -0.867244 -0.366586 0.3369
0.0664339 -0.0640271 -0.163762 -0.334151 -0.0730755 -0.939682
-0.0409753 0.398034 0.0308053 -0.867244 -0.366586 0.3369
