ply
format ascii 1.0
comment Created by Open3D
element vertex 400
property double x
property double y
property double z
property double nx
property double ny
property double nz
end_header
-0.43639 -0.195998 -0.189323 -0.700152 -0.529605 -0.478859
0.164148 -0.20629 0.390142 0.651568 -0.748187 -0.125199
-0.153463 -0.227009 -0.320813 0.29197 0.399668 -0.868919
0.321579 0.123614 -0.0881966 0.700152 0.529605 0.478859
-0.314485 -0.583764 0.154989 0.651567 -0.748188 -0.125199
0.163721 0.154924 -0.446929 0.29197 0.399668 -0.868919
-0.250646 0.0456326 0.119783 -0.651568 0.748187 0.125199
-0.0116826 0.147481 0.494591 0.638813 0.452156 0.622473
-0.244784 -0.249441 0.376217 -0.29197 -0.399668 0.868919
0.357071 0.152271 0.353658 0.700152 0.529605 0.478859
-0.236082 0.142015 -0.380397 -0.651568 0.748187 0.125199
0.25033 0.0611404 0.0850731 0.700152 0.529605 0.478859
0.343719 0.0853374 -0.418081 0.651568 -0.748187 -0.125199
0.0572566 -0.0706842 0.559928 -0.29197 -0.399668 0.868918
-0.442798 -0.432773 0.19948 -0.641864 -0.631714 0.434682
0.139763 0.447253 -0.248499 -0.651568 0.748187 0.125199
-0.156342 -0.284587 -0.419975 0.700152 0.529606 0.478859
0.160196 0.231166 0.028816 0.700152 0.529605 0.478859
0.498742 0.30628 -0.263817 0.375484 0.461494 -0.803763
-0.17551 0.175017 -0.551674 0.29197 0.399668 -0.868919
0.255812 0.118859 0.538665 0.700152 0.529606 0.478859
0.211229 0.0763206 0.290218 0.29197 0.399668 -0.868919
0.080561 0.161369 0.222446 0.700152 0.529606 0.478859
-0.354918 -0.27554 0.128742 -0.690253 -0.6532 0.311255
0.278247 0.549651 -0.194062 -0.326509 -0.425571 0.843968
0.0223223 0.253566 0.205631 0.700152 0.529606 0.478859
0.0985891 0.309838 0.0318835 0.700152 0.529605 0.478859
0.0767516 0.188208 0.643024 0.271329 0.0757299 0.959503
-0.161875 0.169774 -0.160094 -0.651568 0.748187 0.125199
0.208521 0.024332 0.434354 -0.110175 -0.256626 0.960211
0.166313 -0.111313 -0.16617 0.651568 -0.748187 -0.125199
0.217186 -0.125813 0.185238 0.651568 -0.748187 -0.125199
0.0977179 0.279156 0.345372 0.29197 0.399668 -0.868918
0.301249 0.40979 -0.283489 0.29197 0.399668 -0.868918
0.293417 0.0732265 0.00870759 0.700152 0.529605 0.478859
-0.428072 -0.245967 0.092832 -0.326506 -0.425569 0.84397
-0.4404 -0.183865 0.134209 -0.635645 -0.628558 0.448185
0.107382 0.180799 0.303379 0.29197 0.399668 -0.868919
-0.118917 0.123257 -0.556465 0.29197 0.399668 -0.868919
-0.296375 -0.0623914 -0.293116 0.29197 0.399668 -0.868919
0.128339 -0.186275 0.0841766 0.651568 -0.748187 -0.125199
-0.471218 -0.381067 0.128326 0.740215 0.590962 0.320696
0.00249481 0.234618 0.307822 -0.651569 0.748187 0.125199
0.0261861 -0.311318 0.2998 0.651568 -0.748187 -0.125199
0.0396225 -0.0708432 -0.592472 0.29197 0.399668 -0.868919
-0.0402695 -0.0654808 -0.61685 0.29197 0.399668 -0.868918
0.240792 -0.133994 0.35698 0.651568 -0.748187 -0.125199
-0.547099 -0.294306 0.081273 -0.700152 -0.529606 -0.478859
-0.350478 -0.293422 -0.207189 -0.700152 -0.529605 -0.478859
-0.370302 -0.0668238 0.169099 -0.651568 0.748187 0.125199
0.194671 -0.107226 -0.0430095 0.651568 -0.748187 -0.125199
0.328595 0.294906 0.158053 -0.700152 -0.529605 -0.478859
-0.244044 -0.459337 0.201217 -0.460362 -0.258816 -0.849165
0.0715274 0.0170085 -0.541343 0.29197 0.399668 -0.868919
0.357969 0.330052 -0.0642532 -0.29197 -0.399668 0.868919
0.351639 0.272809 -0.160158 0.758276 0.647117 0.0791045
-0.0424634 0.180262 0.398677 -0.651568 0.748187 0.125199
0.240216 -0.0274758 0.197868 0.700152 0.529606 0.478859
0.47424 0.315057 0.00230606 0.700152 0.529605 0.478859
0.182732 -0.101865 0.503611 0.756245 0.653613 0.0297152
-0.296062 -0.0192819 -0.518697 0.758421 0.639013 0.128295
-0.273471 0.0966969 -0.30416 -0.651568 0.748187 0.125199
0.371798 0.0110065 0.314129 0.29197 0.399668 -0.868919
-0.202837 -0.0787741 0.468811 -0.29197 -0.399668 0.868919
0.222069 0.389749 -0.0824593 -0.29197 -0.399668 0.868919
0.307304 0.354283 0.123514 -0.700152 -0.529605 -0.478859
-0.148909 -0.378138 0.349236 -0.29197 -0.399668 0.868919
0.285026 -0.134059 0.58757 0.651568 -0.748187 -0.125199
0.452745 0.0726842 0.301792 0.700152 0.529605 0.478859
0.0981683 -0.224135 0.153408 0.651568 -0.748187 -0.125199
-0.0377296 -0.184749 -0.353524 -0.700152 -0.529605 -0.478859
0.0202451 -0.331459 0.38924 0.651568 -0.748187 -0.125199
0.295794 0.545568 -0.0240017 -0.651568 0.748188 0.125199
-0.232279 -0.230841 -0.449224 -0.700152 -0.529605 -0.478859
0.0995608 -0.168003 -0.174785 0.651568 -0.748187 -0.125199
-0.339914 -0.151842 -0.379218 -0.700152 -0.529605 -0.478859
0.205837 0.493176 -0.277195 0.29197 0.399668 -0.868918
-0.264103 0.148871 -0.567201 -0.651567 0.748188 0.1252
0.16433 0.12622 0.464748 -0.424913 -0.496683 0.756806
-0.0380462 -0.246009 -0.290771 0.29197 0.399668 -0.868918
0.141874 0.13899 0.602488 -0.460363 -0.258816 -0.849164
-0.139887 0.148583 0.0809735 -0.651568 0.748187 0.125199
-0.541344 -0.247049 0.277498 -0.309064 -0.412544 0.856905
0.330258 0.0110539 -0.0442177 0.651568 -0.748187 -0.125199
0.0636737 -0.253689 0.477909 -0.29197 -0.399668 0.868918
-0.387948 0.00279721 -0.399177 0.700152 0.529606 0.478859
-0.302596 -0.148669 0.403142 -0.29197 -0.399668 0.868919
0.382321 0.417901 -0.068831 -0.398048 -0.196706 -0.896027
-0.330861 -0.0186569 0.0865157 -0.651568 0.748187 0.125199
0.3914 -0.0116483 0.409646 0.651567 -0.748188 -0.125201
0.488193 0.181583 0.129523 0.700152 0.529605 0.478859
-0.0217881 -0.0448274 0.545261 -0.29197 -0.399668 0.868918
0.54411 0.185599 0.0433244 0.700152 0.529605 0.478859
-0.288502 -0.150264 -0.456135 -0.700152 -0.529605 -0.478859
-0.208733 -0.430118 0.305226 -0.29197 -0.399668 0.868919
-0.446037 -0.109681 -0.270682 -0.700152 -0.529605 -0.478859
0.447345 0.141347 -0.213496 0.651569 -0.748187 -0.125199
0.0710396 0.157263 -0.476995 0.29197 0.399668 -0.868919
-0.256793 0.0649777 -0.608746 -0.0910661 0.0867028 -0.992063
0.163879 -0.175652 0.205654 0.651568 -0.748187 -0.125199
0.574138 0.260829 -0.205602 -0.673713 -0.646588 0.35782
-0.412121 -0.36786 -0.0347332 -0.700152 -0.529605 -0.478859
0.290277 0.422418 -0.0586045 0.220805 0.344949 -0.91228
0.301151 -0.0726583 0.304563 0.651568 -0.748187 -0.125199
0.281566 0.179975 -0.395808 0.29197 0.399668 -0.868919
0.404238 0.150933 0.206685 -0.700152 -0.529605 -0.478859
-0.0133354 -0.216292 -0.432146 -0.29197 -0.399668 0.868918
0.0446304 0.365141 -0.252893 -0.651568 0.748187 0.125199
0.0907893 0.268167 0.566837 -0.651568 0.748187 0.125199
0.285323 -0.0278011 0.132275 0.700152 0.529606 0.478859
0.0580749 -0.153285 -0.478645 0.651568 -0.748187 -0.125199
0.197975 -0.0383739 -0.437274 0.651568 -0.748187 -0.125199
0.300664 0.324117 -0.323092 0.29197 0.399668 -0.868918
-0.142961 0.125542 0.202664 -0.651568 0.748187 0.125199
0.00863111 0.349027 -0.343945 -0.651568 0.748187 0.125199
0.285931 0.0120142 -0.280646 0.651568 -0.748187 -0.125199
0.0898425 0.29245 0.416797 -0.651568 0.748187 0.125199
0.324861 0.438283 0.0844319 0.700152 0.529605 0.478859
-0.0953326 -0.355993 -0.0656413 0.651568 -0.748187 -0.125199
-0.225095 0.0795016 0.0503556 -0.651568 0.748187 0.125199
-0.18807 0.0969583 0.138725 -0.651568 0.748187 0.125199
0.0872739 -0.273269 0.390332 0.651568 -0.748187 -0.125199
0.32667 0.582242 -0.0878157 0.752661 0.617018 0.22976
-0.183665 -0.395391 -0.289904 0.651568 -0.748187 -0.125199
0.451504 0.228528 0.0517574 -0.700152 -0.529605 -0.478859
-0.249428 0.00498409 -0.409699 -0.29197 -0.399668 0.868919
0.244195 0.151943 -0.00638205 0.700152 0.529605 0.478859
-0.107012 -0.321316 -0.333651 0.651569 -0.748187 -0.125199
0.254906 0.344977 0.28991 0.700152 0.529605 0.478859
-0.0436063 -0.369008 0.281336 0.651568 -0.748187 -0.125199
-0.518757 -0.257961 -0.000363507 -0.700152 -0.529605 -0.478859
-0.119302 0.223775 -0.51036 0.29197 0.399668 -0.868919
-0.392835 -0.330179 0.0711216 -0.034896 -0.194429 0.980296
0.233062 -0.156807 0.453077 0.651568 -0.748187 -0.125199
-0.420984 -0.41538 0.0307814 -0.700152 -0.529606 -0.478859
-0.090823 -0.16022 -0.303022 -0.700152 -0.529605 -0.478859
0.0218654 0.31563 -0.0754916 -0.651568 0.748187 0.125199
0.229872 -0.064596 0.58566 0.110175 0.256626 -0.960211
0.262479 0.191776 -0.077171 0.700152 0.529605 0.478859
-0.126852 0.0921319 0.48616 -0.651568 0.748187 0.125199
0.207025 0.300159 0.409485 0.700152 0.529605 0.478859
-0.518964 -0.152931 -0.0900004 -0.651569 0.748187 0.125199
-0.183464 0.0894323 -0.46945 -0.707214 -0.539406 -0.457044
-0.109001 -0.395265 0.0979139 0.651568 -0.748187 -0.125199
0.140184 -0.244891 0.496103 0.651568 -0.748187 -0.125199
0.0698086 -0.260644 0.223996 0.651568 -0.748187 -0.125199
0.113407 -0.172691 -0.074713 0.651568 -0.748187 -0.125199
0.0777583 -0.216252 8.05253e-05 0.651568 -0.748187 -0.125199
0.178445 0.37877 0.362064 -0.651568 0.748187 0.125199
-0.103402 0.12589 0.406466 -0.651568 0.748187 0.125199
0.257416 0.486894 0.126904 -0.651569 0.748186 0.125199
0.191069 -0.00962957 -0.513428 0.29197 0.399668 -0.868919
-0.049389 0.20066 0.240738 -0.651568 0.748187 0.125199
0.106561 0.0167442 0.616414 -0.239674 -0.359626 0.90179
-0.197784 0.0356956 0.454274 -0.651568 0.748187 0.125199
-0.250178 -0.17002 -0.327098 0.29197 0.399668 -0.868919
-0.210923 0.0444346 0.333672 -0.651568 0.748187 0.125199
-0.101278 0.0929606 0.581928 -0.29197 -0.399668 0.868919
-0.317029 -0.380571 0.216578 -0.429739 -0.228045 -0.873682
-0.0301575 0.0479887 -0.561261 0.29197 0.399668 -0.868919
0.392467 0.236058 0.20924 0.700152 0.529605 0.478859
0.317328 0.196381 -0.139393 -0.291969 -0.399668 0.868919
-0.114943 -0.435742 0.308879 0.651568 -0.748187 -0.125199
0.379579 0.330894 0.0437066 -0.700152 -0.529605 -0.478859
0.185236 -0.0777258 -0.268408 0.651568 -0.748187 -0.125199
-0.0790072 -0.188231 0.460074 -0.29197 -0.399668 0.868919
0.264311 -0.0406283 -0.0785754 0.651568 -0.748187 -0.125199
-0.245473 -0.12346 -0.548694 -0.700152 -0.529605 -0.478859
-0.0590935 -0.365565 0.180157 0.651568 -0.748187 -0.125199
0.0442514 -0.18265 -0.375101 0.651568 -0.748187 -0.125199
-0.46447 -0.334243 0.230637 0.326509 0.425571 -0.843968
-0.100108 -0.12249 -0.639291 -0.127904 0.0543264 -0.990298
-0.0402996 0.0365606 0.576476 -0.29197 -0.399668 0.868918
0.342271 0.054754 0.48315 0.700152 0.529605 0.478859
0.339807 0.493269 -0.069399 -0.545083 -0.34698 -0.76321
-0.258836 -0.036553 -0.595858 -0.494119 -0.293361 -0.818404
0.267266 0.162601 0.348732 0.29197 0.399668 -0.868918
0.537512 0.305478 -0.142053 -0.740215 -0.590962 -0.320696
-0.539655 -0.341119 0.17399 -0.740551 -0.663129 0.108825
-0.275247 -0.509494 -0.0782164 -0.700152 -0.529606 -0.478859
0.0873813 0.399915 -0.359894 0.29197 0.399668 -0.868918
-0.244589 -0.430187 -0.210753 -0.700152 -0.529606 -0.478859
-0.426096 -0.0326679 -0.325381 -0.651569 0.748187 0.125199
-0.179815 0.0633396 -0.567486 -0.485375 -0.538018 0.689164
-0.152793 -0.417722 0.00421022 0.651568 -0.748187 -0.125199
-0.164267 0.144443 -0.0211696 -0.651568 0.748187 0.125199
-0.237354 0.0156289 -0.28326 -0.700152 -0.529605 -0.478859
0.183483 0.279573 -0.0587683 0.700152 0.529605 0.478859
-0.378269 -0.0891547 0.261087 -0.651568 0.748187 0.125199
-0.432317 -0.129863 0.223075 -0.651568 0.748187 0.125199
-0.502903 -0.126152 -0.166446 -0.651569 0.748187 0.125199
-0.234764 -0.528019 0.236749 0.651568 -0.748187 -0.125198
-0.375391 -0.513106 0.182269 -0.641864 -0.631714 0.434682
0.387649 0.0743157 0.395167 0.700152 0.529605 0.478859
-0.113411 -0.309938 0.392534 -0.29197 -0.399668 0.868919
-0.211384 -0.458118 -0.0593009 0.651568 -0.748187 -0.125199
0.109355 0.0601412 0.450045 0.365362 0.164875 0.916148
-0.427882 -0.0651714 -0.140435 -0.651568 0.748187 0.125199
-0.123237 -0.187349 -0.593332 0.617628 0.427393 0.660205
0.414716 0.236784 -0.222966 0.594906 0.401565 0.696299
-0.324306 0.016452 -0.0891772 -0.651568 0.748187 0.125199
-0.0509679 0.259566 -0.119498 -0.651568 0.748187 0.125199
0.0353317 -0.202946 -0.300232 0.651568 -0.748187 -0.125199
0.0121695 0.122304 -0.512857 0.29197 0.399668 -0.868919
0.198057 -0.159554 0.287317 0.651568 -0.748187 -0.125199
0.386488 0.117848 0.269229 -0.700152 -0.529605 -0.478859
0.0637818 0.233539 -0.44435 0.29197 0.399668 -0.868919
-0.286722 0.00131353 0.196885 -0.651568 0.748187 0.125199
-0.350347 -0.452385 -0.0315717 -0.700152 -0.529605 -0.478859
0.577205 0.238801 -0.120057 0.651568 -0.748187 -0.125198
-0.349491 -0.0189355 -0.0087728 -0.651568 0.748187 0.125199
0.290131 0.145703 0.458797 0.700152 0.529605 0.478859
-0.532148 -0.1983 0.0941377 0.115947 -0.0648791 0.991134
-0.182455 0.0266538 -0.375723 -0.700152 -0.529605 -0.478859
-0.164117 -0.194404 -0.472744 -0.29197 -0.399668 0.868919
0.0652264 0.0877704 0.60233 0.360237 0.450417 -0.816917
-0.405919 -0.454409 0.112898 0.731021 0.57519 0.367103
0.29153 0.3736 -0.196469 0.617628 0.427392 0.660206
0.248074 0.371392 0.191195 -0.700152 -0.529605 -0.478859
-0.410093 -0.0350229 -0.228023 -0.651568 0.748187 0.125199
-0.378362 0.0354553 -0.484062 -0.651568 0.748187 0.1252
0.302426 0.0758462 0.320643 0.29197 0.399668 -0.868919
0.496606 0.20264 -0.0930049 0.110173 0.256625 -0.960211
0.362253 0.049466 -0.10726 0.651568 -0.748187 -0.125199
0.438559 0.155267 -0.342412 0.651568 -0.748187 -0.125199
0.0653071 0.141621 0.455865 0.190018 0.00119166 0.98178
0.321326 0.289562 0.254082 0.700152 0.529605 0.478859
-0.0811792 -0.100776 0.49957 -0.29197 -0.399668 0.868919
-0.177689 -0.0971567 -0.595821 0.46037 0.258824 0.849158
-0.461019 -0.168001 0.301614 -0.651568 0.748187 0.125199
-0.347359 0.0567415 -0.575675 -0.521765 -0.322206 -0.789901
0.0555498 0.0442342 0.526789 0.756245 0.653613 0.0297152
-0.110081 0.236339 -0.288331 -0.651568 0.748187 0.125199
-0.218662 0.132652 -0.233788 -0.651568 0.748187 0.125199
-0.205843 0.0658879 0.231905 -0.651568 0.748187 0.125199
-0.35607 0.00222575 -0.169469 -0.651568 0.748187 0.125199
-0.0131328 0.153283 0.639053 -0.23968 -0.359631 0.901787
-0.424353 -0.269761 0.306532 -0.29197 -0.399668 0.868919
0.189096 0.245891 -0.396561 0.29197 0.399668 -0.868919
-0.196059 -0.195605 -0.541153 -0.700152 -0.529606 -0.478859
-0.356856 -0.0851668 0.348695 -0.651568 0.748187 0.125199
0.251736 0.233013 0.418374 0.700152 0.529605 0.478859
-0.278846 0.0413942 -0.00164552 -0.651568 0.748187 0.125199
0.2797 0.478376 0.0266319 -0.700152 -0.529605 -0.478859
-0.284476 -0.0233438 0.355925 -0.651568 0.748187 0.125199
-0.357905 -0.0508644 -0.464592 -0.700152 -0.529605 -0.478859
-0.165499 -0.364898 -0.377587 0.651568 -0.748187 -0.125199
0.439545 0.457473 -0.133136 0.756665 0.652752 0.0370517
-0.0429625 0.295393 -0.291937 -0.651568 0.748187 0.125199
-0.305044 -0.553933 0.025852 0.651569 -0.748187 -0.125199
0.220618 -0.108435 0.0992486 0.651568 -0.748187 -0.125199
0.276557 0.0184331 -0.367793 0.651568 -0.748187 -0.125199
-0.429526 -0.108615 0.110627 -0.651565 0.748189 0.125202
-0.0479368 0.147898 0.563598 -0.651569 0.748187 0.125199
-0.290532 -0.126641 0.417327 -0.29197 -0.399668 0.868919
-0.123535 -0.30631 -0.509317 0.651568 -0.748187 -0.125199
0.248069 0.273504 -0.127191 -0.29197 -0.399668 0.868918
0.188431 0.0424095 0.600872 -0.22639 -0.0342628 -0.973434
-0.0261669 -0.285866 -0.124759 0.651568 -0.748187 -0.125199
-0.406054 -0.32304 -0.0931734 -0.700152 -0.529606 -0.478859
0.365403 0.453269 0.00858107 0.700152 0.529605 0.478859
-0.371288 -0.530447 0.0948814 -0.752661 -0.617018 -0.22976
0.208974 0.186946 0.531846 0.700152 0.529606 0.478859
0.413301 0.344115 -0.276046 0.29197 0.399668 -0.868919
0.369943 0.527097 -0.16773 0.694241 0.654643 -0.299119
-0.0678933 -0.346347 0.0195168 0.651568 -0.748187 -0.125199
0.192057 0.171104 0.327372 0.29197 0.399668 -0.868918
0.326365 0.193184 0.273816 -0.700152 -0.529605 -0.478859
-0.0134714 0.198411 -0.486466 0.29197 0.399668 -0.868919
0.247877 -0.0309178 -0.222127 0.651568 -0.748187 -0.125199
0.0457327 -0.224774 -0.115662 0.651568 -0.748187 -0.125199
0.200609 0.128136 0.0836762 0.700152 0.529605 0.478859
-0.175656 0.00206279 -0.620547 0.0204279 0.182288 -0.983033
0.0365181 -0.27288 0.123864 0.651568 -0.748187 -0.125199
-0.287862 -0.36479 0.0974727 -0.591261 -0.604281 0.534093
-0.432953 -0.0833904 -0.0579496 -0.651568 0.748187 0.125199
-0.159243 0.21582 -0.421566 -0.651568 0.748187 0.125199
-0.250284 -0.0708601 -0.444872 -0.29197 -0.399668 0.868919
-0.0881416 -0.22914 -0.490974 0.513828 0.556701 -0.652736
-0.289287 -0.449076 -0.124509 -0.700152 -0.529606 -0.478859
-0.28906 -0.00152586 0.201683 -0.651568 0.748187 0.125199
0.307705 -0.0849471 0.41211 0.651569 -0.748187 -0.125199
0.160374 -0.20998 0.392554 0.651568 -0.748187 -0.125199
0.272734 0.0309203 -0.46231 0.651568 -0.748187 -0.125199
0.142285 -0.0344701 0.561608 0.591262 0.604282 -0.534091
0.100808 0.398419 -0.159405 -0.651568 0.748187 0.125199
-0.0990377 -0.144568 -0.454084 0.07262 0.225804 -0.971462
-0.349367 -0.244856 0.343184 -0.29197 -0.399668 0.868919
0.0671893 0.305488 -0.410112 0.29197 0.399668 -0.868919
0.21702 0.351711 -0.338506 0.29197 0.399668 -0.868918
0.408297 0.170441 -0.120757 -0.29197 -0.399668 0.868919
-0.375492 -0.332501 0.294092 -0.29197 -0.399668 0.868919
0.523302 0.22036 -0.290378 0.651569 -0.748187 -0.125199
-0.151014 0.178524 -0.155865 -0.651568 0.748187 0.125199
0.131927 0.0647778 -0.499076 0.29197 0.399668 -0.868919
-0.329192 0.0667787 -0.415356 -0.651568 0.748188 0.125198
-0.0529768 -0.285177 0.42423 -0.29197 -0.399668 0.868919
-0.165899 -0.0982505 -0.450825 0.256707 0.372772 -0.891707
0.315073 -0.00202694 0.0602712 0.700152 0.529605 0.478859
0.053542 0.215489 0.468023 -0.184358 -0.316272 0.930583
-0.23158 -0.489853 0.0252395 0.651568 -0.748188 -0.125199
-0.455598 -0.24641 -0.105484 -0.700152 -0.529605 -0.478859
0.327353 -0.0617282 0.588606 0.435321 0.233617 0.869436
0.37997 0.0902341 -0.258683 0.651568 -0.748187 -0.125199
0.117793 -0.113743 -0.404158 0.651568 -0.748187 -0.125199
-0.204647 -0.44605 0.104464 -0.70508 -0.65819 0.263911
0.114109 -0.095377 -0.533084 0.651568 -0.748187 -0.125199
-0.0284101 -0.3251 0.0980239 0.651568 -0.748187 -0.125199
-0.398655 -0.169254 0.361397 -0.29197 -0.399668 0.868919
0.523817 0.169934 0.0136453 0.651571 -0.748185 -0.125198
0.32722 0.490206 -0.237663 0.309061 0.412542 -0.856907
0.397683 0.229882 0.128954 -0.700152 -0.529605 -0.478859
-0.150253 -0.451797 0.221065 0.651568 -0.748187 -0.125199
-0.288563 -0.232809 -0.364754 -0.700152 -0.529605 -0.478859
-0.222316 0.170543 -0.47924 -0.651568 0.748187 0.125199
-0.0791413 0.249632 -0.206755 -0.651568 0.748187 0.125199
0.130503 0.449913 -0.322407 0.29197 0.399668 -0.868918
-0.0524731 -0.0660759 -0.489002 -0.692654 -0.519475 -0.500376
0.48428 0.107297 0.182205 0.651569 -0.748187 -0.125199
-0.0820352 -0.0988965 -0.383694 -0.700152 -0.529605 -0.478859
-0.147115 -0.375788 -0.216832 0.651568 -0.748187 -0.125199
0.14796 0.357413 -0.09292 0.700152 0.529605 0.478859
0.486699 0.375863 -0.08316 0.700152 0.529605 0.478859
-0.00381494 0.312245 -0.188911 -0.651568 0.748187 0.125199
-0.07152 0.283304 -0.368314 -0.651568 0.748187 0.125199
0.0110137 -0.276201 0.0109808 0.651568 -0.748187 -0.125199
0.230984 0.487594 -0.0483114 0.220805 0.344949 -0.91228
0.0967568 -0.150894 0.536307 -0.29197 -0.399668 0.868918
0.532672 0.270363 -0.0336987 0.700152 0.529606 0.478858
-0.166383 -0.406755 -0.132048 0.651568 -0.748187 -0.125199
0.293067 0.0134016 0.540753 -0.720014 -0.557994 -0.41258
-0.0967858 -0.34183 -0.157842 0.651568 -0.748187 -0.125199
0.212457 0.0462882 0.156874 0.700152 0.529606 0.478859
-0.243395 0.0833903 -0.068117 -0.651568 0.748187 0.125199
0.157246 -0.149353 0.0139678 0.651568 -0.748187 -0.125199
0.109588 -0.140025 -0.289801 0.651568 -0.748187 -0.125199
0.123102 0.074963 0.255808 0.700152 0.529606 0.478859
-0.177803 -0.199558 0.421668 -0.29197 -0.399668 0.868919
-0.402871 -0.232558 0.207426 -0.692653 -0.519474 -0.500378
0.31707 0.0212615 -0.173854 0.651568 -0.748187 -0.125199
0.0121089 -0.15496 -0.60273 -0.513826 -0.556699 0.65274
-0.233249 -0.285743 -0.387086 -0.700152 -0.529605 -0.478859
-0.344149 -0.380571 -0.120058 -0.700152 -0.529606 -0.478859
-0.306326 -0.361733 -0.196194 -0.700152 -0.529605 -0.478859
-0.574716 -0.26486 0.195722 0.705079 0.65819 -0.263914
-0.392349 -0.156449 -0.297456 -0.700152 -0.529605 -0.478859
0.392412 0.4379 -0.204388 -0.455714 -0.517997 0.723881
-0.129216 0.12121 0.300085 -0.651568 0.748187 0.125199
-0.271708 0.0743405 -0.161385 -0.651568 0.748187 0.125199
-0.25709 -0.0123981 0.433039 -0.651568 0.748187 0.125199
-0.332853 0.0242898 -0.265504 0.29197 0.399668 -0.868919
0.182497 0.259098 -0.392704 0.29197 0.399668 -0.868919
0.0283126 -0.223181 -0.215837 0.651568 -0.748187 -0.125199
-0.0254334 0.333035 -0.42566 -0.651568 0.748187 0.125199
0.0885211 0.367292 -0.0373291 -0.651568 0.748187 0.125199
0.00754328 -0.310115 0.195589 0.651568 -0.748187 -0.125199
-0.145886 0.016888 0.531949 -0.29197 -0.399668 0.868919
-0.0746113 -0.38567 0.370737 -0.29197 -0.399668 0.868919
0.211333 0.0768644 -0.466835 0.29197 0.399668 -0.868919
0.278741 0.269038 0.339046 0.700152 0.529605 0.478859
0.38008 0.335368 0.0380263 -0.700152 -0.529605 -0.478859
-0.0983699 -0.271218 -0.588057 0.651568 -0.748187 -0.1252
0.15405 0.295578 0.492006 0.700152 0.529606 0.478859
-0.102853 -0.00819512 -0.566228 -0.591262 -0.604282 0.534091
-0.154088 -0.0608634 -0.320407 -0.700152 -0.529605 -0.478859
0.178629 0.0246163 0.230304 0.700152 0.529606 0.478859
-0.258795 -0.338015 -0.291923 -0.700152 -0.529605 -0.478859
-0.172279 0.187979 -0.323029 -0.651568 0.748187 0.125199
-0.395407 -0.0657155 0.0318228 -0.651568 0.748187 0.125199
0.425488 0.272224 -0.0828566 0.184356 0.31627 -0.930584
0.367926 0.316466 -0.224832 0.460362 0.258816 0.849165
0.38296 -0.0347406 0.50372 0.651568 -0.748187 -0.125199
-0.223704 -0.342362 0.34056 -0.29197 -0.399668 0.868919
0.255043 -0.0643911 0.0151989 0.651568 -0.748187 -0.125199
-0.321222 -0.436349 0.05388 0.115949 -0.0648778 0.991134
0.0150666 -0.148359 0.510024 -0.29197 -0.399668 0.868918
0.382097 0.0789792 -0.180357 0.651568 -0.748187 -0.125199
0.213203 0.414804 0.273657 0.700152 0.529605 0.478859
0.0744654 0.245532 0.138277 0.700152 0.529605 0.478859
-0.0513788 -0.213785 -0.64818 -0.271329 -0.0757297 -0.959503
0.13671 0.173937 0.126449 0.700152 0.529605 0.478859
0.200162 -0.165616 0.564281 -0.291969 -0.399668 0.868919
0.494795 0.387434 -0.183219 0.708408 0.659152 -0.252343
-0.199904 -0.105465 -0.280513 0.29197 0.399668 -0.868919
0.128236 0.198237 0.499435 -0.635645 -0.628558 0.448185
-0.47503 -0.336677 0.0227602 -0.700152 -0.529605 -0.478859
-0.501225 -0.152427 -0.000693493 -0.651568 0.748187 0.125199
0.0123281 0.283231 0.0684889 -0.651568 0.748187 0.125199
0.158139 0.0949007 0.18253 0.700152 0.529606 0.478859
-0.079527 0.284482 -0.469072 0.29197 0.399668 -0.868919
0.278591 0.165089 -0.403655 0.29197 0.399668 -0.868919
-0.305356 -0.445084 0.265876 -0.29197 -0.399668 0.868918
0.142399 -0.0341121 0.468851 0.676376 0.498259 0.542452
-0.0700012 0.212679 0.0616377 -0.651568 0.748187 0.125199
-0.0834821 0.218194 -0.0414761 -0.651568 0.748187 0.125199
-0.132659 -0.00103174 -0.455443 -0.545083 -0.346979 -0.763211
0.208632 0.446269 -0.158804 0.731022 0.575191 0.367098
-0.389587 -0.0792103 -0.386919 -0.700152 -0.529605 -0.478859
0.333375 0.0605354 -0.323698 0.651568 -0.748187 -0.125199
0.376351 0.249756 -0.331863 0.29197 0.399668 -0.868918
