ply
format ascii 1.0
comment Created by Open3D
element vertex 400
property double x
property double y
property double z
property double nx
property double ny
property double nz
end_header
0.457244 0.22286 -0.0173106 0.964516 0.262341 -0.0297662
0.453177 0.0329945 0.298677 -0.0178337 0.177216 0.98401
0.0247462 0.371489 0.0318019 -0.263421 0.948563 -0.175607
0.0630564 -0.233279 -0.22016 0.198877 -0.796046 -0.571628
-0.397634 -0.0933746 -0.00512947 0.247445 -0.937509 -0.24464
-0.104506 0.319728 0.205614 -0.198877 0.796046 0.571628
0.111084 0.36976 0.210947 -0.198877 0.796046 0.571628
-0.127748 -0.157979 0.0674341 -0.964516 -0.262341 0.0297661
0.544608 -0.184225 -0.074368 0.964516 0.26234 -0.0297661
-0.0938967 0.354536 0.118196 -0.263421 0.948563 -0.175607
0.237282 -0.156488 -0.263923 0.0178337 -0.177216 -0.98401
0.0984744 0.117841 0.276968 -0.0178337 0.177216 0.98401
0.150502 -0.228778 -0.0774445 0.263421 -0.948563 0.175607
0.140446 -0.139062 0.273001 0.173656 -0.545424 0.819973
-0.0225974 0.155152 0.268054 -0.0178337 0.177216 0.98401
0.391198 0.486234 0.163795 0.964516 0.262341 -0.0297665
-0.0255275 -0.209748 0.275506 0.249122 -0.866936 0.431693
0.495073 -0.0581735 -0.276957 0.0178337 -0.177216 -0.98401
0.46047 -0.188556 0.228484 0.263421 -0.948563 0.175607
-0.227968 0.203144 0.00271788 -0.964516 -0.26234 0.0297661
-0.177934 -0.0485843 0.105301 -0.964516 -0.26234 0.0297662
0.234112 0.338704 -0.30337 -0.173656 0.545424 -0.819973
-0.211586 0.151752 0.0806162 -0.964516 -0.26234 0.0297655
-0.244993 0.262853 -0.0227194 -0.964518 -0.262335 0.029764
0.344896 0.300919 -0.280752 -0.224292 0.873625 0.431824
0.035767 0.19376 0.262159 -0.0178337 0.177216 0.98401
-0.0994153 0.317857 -0.0716502 -0.263421 0.948563 -0.175607
-0.00166749 0.316595 0.140373 0.122141 -0.343403 0.931212
0.532874 -0.124859 0.0686514 0.964516 0.26234 -0.0297661
0.0173725 0.319168 -0.23976 -0.263421 0.948563 -0.175607
0.249453 0.433135 0.0277143 -0.263421 0.948563 -0.175607
-0.0958182 -0.254828 0.151338 0.263421 -0.948563 0.175607
-0.139361 -0.144977 -0.19426 -0.964516 -0.262341 0.0297661
-0.100674 0.0353255 0.28822 -0.0178337 0.177216 0.98401
0.141056 -0.153675 -0.203353 0.20347 -0.666721 0.716996
0.463814 0.096038 -0.305296 0.0178337 -0.177216 -0.98401
-0.00443011 -0.0704429 0.309012 -0.0178338 0.177216 0.98401
-0.159235 0.216163 0.25459 -0.0178338 0.177216 0.98401
0.465796 0.198985 0.0493624 0.964516 0.262341 -0.0297662
0.054382 0.336537 0.236783 -0.0178337 0.177216 0.98401
0.378331 0.411352 -0.283272 -0.263421 0.948563 -0.175607
-0.102894 -0.276012 -0.16749 -0.964516 -0.262341 0.0297666
0.278235 -0.0784185 0.284158 0.173656 -0.545424 0.819973
0.234085 0.199122 -0.328025 0.0178337 -0.177216 -0.98401
0.0892643 -0.240523 -0.0490269 0.263421 -0.948563 0.175607
0.0466982 0.376587 0.179039 -0.198877 0.796046 0.571628
0.525873 -0.0232286 0.0376108 0.964516 0.262341 -0.0297662
-0.0184365 0.3707 0.0923145 -0.263421 0.948563 -0.175607
-0.109522 -0.117073 0.315506 -0.0178337 0.177216 0.98401
0.523005 -0.000485702 0.145105 0.964516 0.262341 -0.0297662
0.523295 -0.0285837 -0.0931429 0.964516 0.262341 -0.0297662
0.506707 0.0371832 -0.0510143 0.964516 0.262341 -0.0297662
-0.157572 0.107966 0.274106 -0.0178337 0.177216 0.98401
0.0865087 -0.22777 0.0239919 0.263421 -0.948563 0.175607
-0.178971 -0.00175671 -0.215494 -0.964516 -0.262341 0.0297661
0.243094 0.0457662 0.292569 -0.0178336 0.177216 0.98401
0.404707 0.320419 0.246035 -0.0178337 0.177216 0.98401
-0.0799407 -0.281195 -0.0149039 0.263421 -0.948563 0.175607
-0.0525096 0.294538 -0.26797 -0.263421 0.948563 -0.175607
0.227003 0.395661 -0.141031 -0.263421 0.948563 -0.175607
-0.174983 0.00744927 0.149138 0.0216262 0.0338616 0.999193
0.393351 0.388748 0.233523 -0.0178336 0.177216 0.98401
0.0410212 -0.27673 -0.173293 0.264019 -0.959029 0.102745
-0.186323 0.236031 -0.30823 -0.2051 0.67349 -0.710173
0.0322823 0.0118972 0.294849 -0.0178337 0.177216 0.98401
-0.214801 0.150226 -0.0370364 -0.964516 -0.262341 0.0297662
0.44649 0.284887 0.180879 0.964516 0.262343 -0.029756
0.491051 -0.100274 -0.190883 -0.262894 0.943849 -0.200087
-0.455998 -0.0680602 0.0392686 -0.0178337 0.177217 0.98401
0.0716595 -0.130174 0.293481 0.173656 -0.545424 0.819973
0.0214665 0.275737 -0.300219 -0.173656 0.545424 -0.819973
-0.11705 0.26404 0.145862 -0.106853 0.490956 0.864606
0.159343 0.15289 0.271759 -0.0178336 0.177216 0.98401
-0.0856685 0.0974677 -0.315512 0.0178336 -0.177216 -0.98401
0.161863 -0.205067 0.0335923 0.263421 -0.948563 0.175607
0.260911 -0.150756 -0.167942 -0.155662 0.473968 -0.866674
0.487609 -0.141163 -0.239846 0.194555 -0.78242 -0.59158
0.0614147 -0.186044 0.258487 0.173656 -0.545424 0.819973
0.35309 0.37417 -0.33216 -0.178484 0.564792 -0.805701
0.400791 0.413594 -0.165549 0.964516 0.26234 -0.029766
0.300634 0.389523 -0.284496 -0.262904 0.943929 -0.1997
-0.113932 0.264519 0.246702 -0.0178338 0.177216 0.98401
-0.223096 0.0939712 -0.101697 -0.964516 -0.26234 0.0297667
0.0895428 0.28195 -0.310504 -0.173656 0.545424 -0.819973
0.225783 -0.0530658 -0.282757 0.0178337 -0.177216 -0.98401
-0.0640431 -0.289434 -0.0832562 0.263421 -0.948563 0.175607
0.0221242 0.110859 0.276842 -0.0178337 0.177216 0.98401
0.30041 -0.164383 0.0455189 0.263421 -0.948563 0.175607
0.441304 -0.257892 -0.136104 0.0178337 -0.177216 -0.98401
0.520136 -0.0486366 -0.213115 0.219213 -0.732874 0.644082
-0.164609 -0.103741 0.050948 -0.964516 -0.262341 0.0297659
0.436295 0.0400539 -0.295712 0.0178337 -0.177216 -0.98401
-0.0458391 -0.134268 -0.273056 0.0178337 -0.177216 -0.98401
0.170624 0.108296 -0.312817 0.0178337 -0.177216 -0.98401
0.0345561 -0.175712 -0.175365 0.242546 -0.924946 -0.292655
0.550664 -0.219784 -0.140985 0.0178338 -0.177216 -0.98401
0.10299 -0.176578 -0.160416 0.0178332 -0.177215 -0.984011
-0.124807 0.321371 -0.0145784 -0.263421 0.948563 -0.175607
0.228728 0.17395 0.269224 -0.0178336 0.177216 0.98401
-0.201622 0.0184941 -0.0711008 -0.964516 -0.262341 0.0297661
-0.0429919 -0.296787 -0.154554 0.263421 -0.948563 0.175607
0.178867 0.0723092 0.286625 -0.0178336 0.177216 0.98401
0.28413 0.353643 -0.331274 -0.178485 0.564797 -0.805697
-0.0477678 0.322444 -0.12435 -0.263421 0.948563 -0.175607
-0.188929 0.0767292 0.153565 -0.964516 -0.262341 0.0297661
0.508204 -0.211179 0.0346796 0.263421 -0.948563 0.175607
-0.218919 0.0946035 0.0392205 -0.964516 -0.26234 0.0297651
0.451675 0.215007 -0.26698 0.964516 0.262341 -0.0297661
0.193283 -0.0765354 0.303402 0.173656 -0.545424 0.819973
0.363852 0.0192555 -0.29328 0.0178337 -0.177216 -0.98401
-0.092509 0.300939 -0.173398 -0.263421 0.948563 -0.175607
0.0094023 0.210153 -0.334083 0.0178337 -0.177216 -0.98401
-0.0438759 -0.292284 -0.212724 0.225638 -0.877575 -0.423024
0.306892 0.386423 0.232375 -0.0178336 0.177216 0.98401
-0.251754 0.306808 0.0971863 -0.263421 0.948563 -0.175607
0.229688 0.448513 0.140431 -0.263421 0.948563 -0.175607
0.0221989 0.0203486 -0.299668 0.0178337 -0.177216 -0.98401
-0.194524 0.333088 0.153293 -0.263421 0.948563 -0.175607
-0.286464 -0.0248112 0.0344502 0.00848299 0.0818901 0.996605
0.52431 0.0120026 0.297459 0.964516 0.26234 -0.0297665
0.0989247 0.265482 -0.240452 0.0568942 -0.316609 -0.946848
0.193392 0.25813 -0.271608 -0.247444 0.937507 0.244646
0.388303 0.463563 -0.0162056 -0.263421 0.948563 -0.175607
-0.205237 0.0375314 -0.149787 -0.0982269 0.251901 -0.962755
-0.154362 -0.0431108 0.217426 -0.964516 -0.262341 0.0297662
0.312778 0.472623 0.151178 -0.262591 0.964895 -0.00478391
0.311534 -0.0993152 -0.1912 0.262515 -0.964926 0.0020587
0.483406 0.152414 0.209527 0.964517 0.262338 -0.0297781
-0.0283517 0.367349 0.165793 -0.198877 0.796046 0.571628
0.195998 -0.107322 -0.273526 0.0178337 -0.177216 -0.98401
0.533255 -0.151213 -0.151296 0.964516 0.26234 -0.0297661
0.538353 -0.0462792 0.238824 0.964516 0.262339 -0.0297682
0.0395939 -0.147242 -0.269171 0.0178337 -0.177216 -0.98401
0.300665 0.0352703 0.295503 -0.0178336 0.177216 0.98401
0.306361 0.205183 -0.327806 0.0178337 -0.177216 -0.98401
0.374462 0.414615 0.175585 0.0178338 -0.177217 -0.98401
0.486032 0.123566 0.0403699 0.964516 0.262341 -0.0297662
0.191739 -0.231633 -0.154729 0.263421 -0.948563 0.175607
0.189351 0.287603 0.248042 -0.0178337 0.177216 0.98401
0.418644 0.32821 -0.339593 0.964516 0.262341 -0.0297663
0.466438 0.209945 0.166779 0.964516 0.262341 -0.0297662
0.111476 -0.210282 0.0810054 0.263421 -0.948563 0.175607
0.155917 -0.189224 0.128085 0.263421 -0.948563 0.175607
0.150344 0.31596 -0.300757 -0.173656 0.545424 -0.819973
0.539787 -0.14212 0.140521 0.964516 0.26234 -0.0297661
0.238203 -0.212338 -0.120203 0.263421 -0.948563 0.175607
0.18051 0.41623 0.0398176 -0.263421 0.948563 -0.175607
0.304453 -0.16282 -0.234296 0.198877 -0.796046 -0.571628
-0.292236 -0.0341584 -0.0343623 0.00468095 -0.129714 -0.99154
-0.135918 -0.107686 0.245951 -0.964516 -0.262341 0.0297677
-0.390092 -0.0326376 -0.0230592 -0.194833 0.631128 -0.750812
0.480685 0.131859 -0.0597959 0.964516 0.262341 -0.0297662
0.329783 0.458278 0.0430257 -0.263421 0.948563 -0.175607
0.287207 0.283344 -0.34223 0.0178337 -0.177216 -0.98401
0.43653 -0.218651 0.0862642 -0.964516 -0.26234 0.029766
0.35861 0.265383 0.255111 -0.0178336 0.177216 0.98401
0.237243 -0.199427 -0.0490197 0.263421 -0.948563 0.175607
0.0149285 -0.167074 0.30795 0.158556 -0.485388 0.859801
-0.155069 -0.0930264 -0.245396 -0.964516 -0.262339 0.0297709
0.102076 0.379237 -0.0423489 -0.263421 0.948563 -0.175607
0.339496 0.331077 0.242933 -0.0178336 0.177216 0.98401
0.165333 0.219028 0.259956 -0.0178337 0.177216 0.98401
0.433059 -0.171613 -0.0738786 0.263421 -0.948563 0.175606
0.0928738 0.390707 0.0334154 -0.263421 0.948563 -0.175607
0.438933 0.278523 -0.120085 0.964516 0.262341 -0.0297662
-0.17675 0.0531424 0.283632 -0.0178337 0.177216 0.98401
-0.0241214 0.0715767 0.283078 -0.0178337 0.177216 0.98401
0.263893 0.420316 0.193707 -0.198877 0.796046 0.571628
0.0437234 0.301938 0.17865 -0.211606 0.700673 -0.681381
0.394193 0.445661 -0.0967509 0.964516 0.262341 -0.0297661
0.407409 -0.0988975 0.238743 0.263421 -0.948563 0.175607
0.405316 0.418826 0.0271693 0.964516 0.26234 -0.029766
0.0740001 -0.0495649 0.306674 -0.0178336 0.177216 0.98401
0.546486 -0.12885 -0.225346 0.964517 0.262339 -0.0297617
0.453207 -0.179805 0.16057 0.0178338 -0.177216 -0.98401
0.361861 -0.0125431 0.216087 0.226275 -0.763252 0.605183
-0.231594 0.299544 0.0277057 -0.263421 0.948563 -0.175607
-0.0964788 -0.22469 0.285558 0.239352 -0.821223 0.51798
0.0531315 0.338922 -0.186695 -0.263421 0.948563 -0.175607
0.44555 -0.146314 0.0828828 -0.964516 -0.262341 0.0297662
-0.231223 0.181292 -0.328351 -0.0781647 0.176039 -0.981275
0.408713 0.160719 0.274869 -0.0178337 0.177216 0.98401
-0.253268 0.0142307 -0.0139904 -0.256322 0.903378 -0.343812
0.260793 0.321705 0.243195 -0.0178336 0.177216 0.98401
-0.240968 0.231685 -0.166986 -0.964516 -0.262341 0.0297662
-0.115421 -0.225065 -0.124381 -0.964516 -0.262341 0.0297661
0.414995 0.36932 -0.0954993 0.964516 0.262341 -0.0297662
-0.0704774 0.207719 -0.32599 -0.173656 0.545424 -0.819973
0.279114 0.0968594 0.284021 -0.0178336 0.177216 0.98401
0.417194 -0.136686 0.0199481 0.263421 -0.948563 0.175607
0.224017 0.41424 -0.0361952 -0.263421 0.948563 -0.175607
0.536965 -0.122966 0.217899 0.964516 0.26234 -0.0297661
-0.158376 0.289613 -0.135769 -0.263421 0.948563 -0.175607
0.229977 0.3748 0.233074 -0.0178337 0.177216 0.98401
0.305058 0.0678197 -0.303091 0.0178337 -0.177216 -0.98401
-0.0857099 0.0970549 0.277374 -0.0178338 0.177216 0.98401
0.514683 0.0364903 0.201347 0.964516 0.262341 -0.0297662
0.543872 -0.173279 -0.00173037 0.964516 0.26234 -0.0297661
-0.137716 -0.141952 -0.114316 -0.964516 -0.26234 0.0297656
-0.210226 0.167145 0.26034 -0.964516 -0.262341 0.0297661
0.480616 -0.0492766 0.287771 0.187815 -0.602504 0.775702
0.495684 0.0713273 -0.10726 0.964516 0.262341 -0.0297662
0.358791 -0.118438 -0.268573 0.0178337 -0.177216 -0.98401
-0.16409 0.197768 -0.234061 0.106856 -0.490964 -0.864602
-0.10833 -0.212892 0.212666 -0.964516 -0.262341 0.029766
-0.231073 0.239382 0.221474 -0.964516 -0.262341 0.0297662
-0.221379 0.164243 -0.12664 -0.964516 -0.26234 0.029766
0.267601 0.37097 0.132841 -0.0822857 0.40581 0.910246
-0.186645 -0.0386943 -0.0898223 -0.964516 -0.26234 0.0297659
0.314398 0.438456 -0.0409647 -0.263421 0.948563 -0.175607
0.115492 0.0410279 -0.301702 0.0178337 -0.177216 -0.98401
-0.0970748 0.181766 0.261911 -0.0178338 0.177216 0.98401
0.371979 0.068438 0.290822 -0.0178336 0.177216 0.98401
-0.210564 0.156311 0.153903 -0.964516 -0.262341 0.0297662
0.309385 -0.0713129 -0.277956 0.0178337 -0.177216 -0.98401
0.00381854 -0.272277 -0.0923788 0.263421 -0.948563 0.175607
-0.217587 0.302799 0.22577 -0.155997 0.657202 0.737394
-0.0409157 -0.233106 0.186316 0.263421 -0.948563 0.175607
-0.0842608 -0.207225 -0.260613 0.0178337 -0.177216 -0.98401
-0.169835 0.275109 -0.196924 -0.263421 0.948563 -0.175607
-0.153712 -0.0852247 -0.132668 -0.964516 -0.262341 0.0297681
0.224737 -0.182157 0.0630238 0.263421 -0.948563 0.175607
-0.208771 0.102889 -0.258822 -0.964516 -0.26234 0.0297664
-0.0241225 -0.131821 0.266745 0.0309376 -0.224262 -0.974038
0.381264 -0.176219 -0.139698 0.263421 -0.948563 0.175607
0.50764 0.0691984 0.26138 0.964516 0.262341 -0.0297654
0.171521 0.352638 0.236006 -0.0178337 0.177216 0.98401
0.381557 0.104573 -0.308324 0.0178337 -0.177216 -0.98401
0.264617 0.137796 -0.316427 0.0178337 -0.177216 -0.98401
0.0709887 0.329774 -0.262894 -0.263421 0.948563 -0.175607
0.0160782 -0.0803164 -0.28165 0.0178337 -0.177216 -0.98401
-0.0767639 -0.145076 0.221209 0.0982244 -0.251892 0.962758
0.0899533 0.40616 0.121265 -0.263421 0.948563 -0.175607
0.133041 -0.240538 -0.185702 0.198877 -0.796046 -0.571628
0.241375 0.0788363 -0.30623 0.0178337 -0.177216 -0.98401
0.384885 -0.0529725 -0.27989 0.0178337 -0.177216 -0.98401
-0.196291 0.0616051 -0.218301 -0.964516 -0.262341 0.0297661
0.361306 0.251449 -0.335143 0.0178337 -0.177216 -0.98401
-0.0316096 -0.011361 -0.294933 0.0178337 -0.177216 -0.98401
0.0219653 -0.112024 0.220649 0.155662 -0.473968 0.866674
0.329629 0.407468 0.13043 0.122139 -0.343394 0.931216
0.0429084 0.365462 -0.0280025 -0.263421 0.948563 -0.175607
-0.244651 0.252606 -0.10194 -0.964516 -0.262341 0.0297662
0.460714 0.202254 -0.0864945 0.964516 0.262341 -0.0297662
-0.131541 -0.132309 0.170775 -0.964516 -0.26234 0.029767
0.286855 -0.0292928 0.224628 0.256322 -0.903377 0.343816
-0.216131 0.0760023 -0.0343785 -0.964516 -0.262341 0.0297655
0.474131 0.193158 0.268114 0.964516 0.262341 -0.0297662
0.493755 0.12267 0.282745 0.964516 0.262341 -0.0297662
-0.149349 -0.0522088 0.29969 -0.964516 -0.262341 0.0297661
-0.0119352 -0.264024 -0.0241661 0.263421 -0.948563 0.175607
0.11338 0.361588 -0.154638 -0.263421 0.948563 -0.175607
-0.171427 -0.0378213 -0.288904 -0.964516 -0.262341 0.0297662
0.0821296 0.254836 0.252 -0.0178337 0.177216 0.98401
-0.0862533 0.181473 -0.255294 -0.264017 0.959153 -0.101587
0.0833494 -0.0312227 -0.289272 0.0178337 -0.177216 -0.98401
-0.184996 -0.0372828 -0.0239209 -0.964516 -0.262341 0.0297675
0.510255 -0.221936 -0.0265027 0.263421 -0.948563 0.175607
0.0992802 0.0481126 0.289541 -0.0178336 0.177216 0.98401
-0.207774 0.109637 -0.167061 -0.964516 -0.262339 0.0297662
-0.334922 -0.0727449 0.0188735 0.244024 -0.842727 0.479857
0.28883 0.398302 -0.219508 -0.263421 0.948563 -0.175607
-0.0263566 0.316153 -0.190446 -0.263421 0.948563 -0.175607
0.501683 0.0758466 0.126948 0.964516 0.262341 -0.0297662
0.220952 0.284249 -0.336805 -0.173656 0.545424 -0.819973
-0.0835654 0.344686 0.0494944 -0.263421 0.948563 -0.175607
-0.114321 -0.217874 -0.0253579 -0.964516 -0.262341 0.0297661
-0.168489 -0.0336603 -0.157019 -0.964516 -0.262341 0.029766
0.164849 0.241544 -0.336919 0.0178337 -0.177216 -0.98401
0.173814 -0.209907 -0.214174 0.198877 -0.796046 -0.571628
0.250467 -0.215629 -0.179536 0.198877 -0.796046 -0.571628
0.101114 -0.113558 -0.274122 0.0178337 -0.177216 -0.98401
0.200904 -0.12995 -0.182451 0.251728 -0.947738 -0.196025
0.375409 0.353863 -0.259665 0.209308 -0.828475 -0.519441
-0.0102601 -0.231025 -0.164677 -0.219211 0.732865 -0.644093
0.475529 0.143753 -0.122016 0.964516 0.262341 -0.0297662
0.266645 -0.00409163 -0.290837 0.0178337 -0.177216 -0.98401
0.102332 0.192104 0.263663 -0.0178337 0.177216 0.98401
0.279851 0.280965 -0.268233 -0.262515 0.964926 -0.0020587
0.390656 0.0130941 0.301128 -0.0178337 0.177216 0.98401
0.0276742 -0.211071 0.202448 0.263421 -0.948563 0.175607
0.15405 -0.177658 0.193362 0.263421 -0.948563 0.175607
0.215894 -0.129011 0.263708 0.173656 -0.545424 0.819973
0.457779 0.202462 -0.179748 0.964516 0.262341 -0.0297662
0.382994 -0.0924434 -0.214051 0.155662 -0.473968 0.866674
0.031389 -0.224471 0.124494 0.263421 -0.948563 0.175607
0.53823 -0.0631147 0.0864593 0.964516 0.26234 -0.0297661
-0.228647 0.238548 0.147193 -0.0568951 0.316612 0.946847
0.537823 -0.0843282 -0.113686 0.964516 0.262341 -0.0297662
0.0834956 -0.131491 0.230867 -0.230956 0.892966 0.386356
0.0929586 -0.191025 -0.260319 0.0178337 -0.177216 -0.98401
-0.1374 -0.158898 -0.253414 -0.964516 -0.262341 0.0297662
-0.0857026 -0.2084 -0.18556 0.259159 -0.919164 0.296606
-0.206935 0.256168 -0.243583 -0.263421 0.948563 -0.175607
-0.105853 -0.23936 0.0596588 -0.964516 -0.262341 0.0297661
-0.129881 -0.157625 0.0014353 -0.964517 -0.262339 0.0297651
-0.18905 -0.0148347 0.0425394 -0.964516 -0.262342 0.0297656
-0.109341 0.0303807 -0.303859 0.0178336 -0.177216 -0.98401
0.0643771 -0.259283 -0.11303 0.263421 -0.948563 0.175607
0.146772 0.419736 0.153766 -0.198877 0.796046 0.571628
0.162767 0.385952 -0.0971137 -0.263421 0.948563 -0.175607
0.393507 0.426926 -0.221911 -0.263421 0.948563 -0.175607
-0.0701558 -0.0720563 -0.284701 0.0178336 -0.177216 -0.98401
-0.0334237 0.0562129 -0.307136 0.0178337 -0.177216 -0.98401
-0.471636 -0.106936 -0.0156697 0.192245 -0.775097 -0.601886
-0.117176 -0.189073 0.135946 -0.964516 -0.262341 0.0297661
0.339128 0.419176 -0.182203 -0.263421 0.948563 -0.175607
0.465689 -0.155846 -0.156293 0.263421 -0.948563 0.175606
0.293969 0.4175 -0.123514 -0.263421 0.948563 -0.175607
-0.188302 0.0308807 -0.30538 0.0178337 -0.177216 -0.98401
0.37977 -0.118947 0.171907 0.263421 -0.948563 0.175607
-0.0355802 0.278635 0.179123 -0.226274 0.763248 -0.605188
0.437713 -0.0218682 -0.284535 0.0178337 -0.177216 -0.98401
0.163619 0.4006 -0.0192716 -0.263421 0.948563 -0.175607
-0.0228215 0.343086 -0.0502686 -0.263421 0.948563 -0.175607
0.171987 -0.0128385 0.301835 -0.0178336 0.177216 0.98401
0.340619 0.139742 0.277412 -0.0178336 0.177216 0.98401
0.0635429 0.357761 -0.100554 -0.263421 0.948563 -0.175607
0.527707 -0.0378685 -0.0320015 0.964516 0.262341 -0.0297662
0.541248 -0.0661081 0.157885 0.964516 0.26234 -0.0297661
-0.0164796 0.307901 0.240656 -0.0178337 0.177216 0.98401
0.180274 0.359525 0.133424 0.047718 -0.0623253 0.996915
0.248654 -0.162629 0.132632 0.263421 -0.948563 0.175607
-0.119511 0.248534 -0.315339 -0.187816 0.602507 -0.7757
0.230104 -0.0672268 0.210938 0.0347168 -0.0142552 0.999296
-0.164211 -0.116788 -0.0511503 -0.964516 -0.262341 0.0297664
-0.13418 0.149866 -0.325828 0.0178336 -0.177216 -0.98401
0.313073 -0.18284 -0.073173 0.263421 -0.948563 0.175607
0.318265 0.447144 0.210482 -0.155998 0.657206 0.73739
0.365198 0.182731 -0.322697 0.0178337 -0.177216 -0.98401
0.125309 0.317846 0.164499 -0.262894 0.94385 -0.200085
0.438829 0.301412 0.0782827 0.964516 0.26234 -0.0297654
-0.119194 -0.165915 0.274683 -0.964515 -0.262346 0.0297654
0.435797 0.0128748 0.229124 0.262516 -0.964926 0.00206169
0.424649 0.31555 -0.256607 0.964516 0.262344 -0.0297517
-0.235903 0.204512 -0.242354 -0.964516 -0.262341 0.0297662
0.547296 -0.110897 -0.0408851 0.964516 0.26234 -0.0297661
0.482567 0.144785 0.11513 0.964516 0.262341 -0.0297662
0.546544 -0.185382 0.0884496 0.902399 -0.42093 0.0921624
0.505719 0.0145632 -0.28237 0.964516 0.262341 -0.0297663
0.248472 0.2603 0.25403 -0.0178336 0.177216 0.98401
0.130548 -0.0823855 0.217355 0.155662 -0.473968 0.866674
0.324346 -0.121307 0.242299 0.263421 -0.948563 0.175607
0.0151365 -0.24469 0.039659 0.263421 -0.948563 0.175607
-0.204471 0.0461776 0.0805756 -0.964516 -0.26234 0.0297655
0.171852 -0.165955 -0.263404 0.0178337 -0.177216 -0.98401
0.49041 0.0841904 -0.164775 0.964516 0.262341 -0.0297662
0.0736625 0.202826 -0.331599 0.0178337 -0.177216 -0.98401
0.439103 -0.244521 -0.0583596 -0.964516 -0.26234 0.029766
0.0954868 -0.198712 0.167483 0.263421 -0.948563 0.175607
0.421105 0.37417 0.145206 0.964516 0.262341 -0.0297662
0.371017 -0.15906 -0.031641 0.263421 -0.948563 0.175607
-0.190037 0.292319 -0.0736599 -0.263421 0.948563 -0.175607
-0.0396548 0.228532 0.25453 -0.0178337 0.177216 0.98401
-0.17751 0.248339 0.190281 -0.144835 0.431466 -0.890427
0.432368 -0.0969364 -0.271112 0.0178337 -0.177216 -0.98401
0.489501 -0.239509 -0.0902972 0.263421 -0.948563 0.175607
0.0506206 0.143169 -0.321273 0.0178337 -0.177216 -0.98401
0.472955 0.139497 -0.242956 0.964516 0.262348 -0.0297228
0.417978 0.377754 0.0754958 0.964516 0.262341 -0.0297662
0.378044 -0.163435 -0.207835 0.198877 -0.796046 -0.571628
0.237327 -0.0210797 0.304504 -0.0178336 0.177216 0.98401
0.401756 0.453271 0.215395 0.964516 0.262342 -0.0297672
0.192509 0.0316586 -0.298619 0.0178337 -0.177216 -0.98401
0.222916 0.307847 -0.249443 0.163125 -0.680766 -0.714106
-0.0160115 -0.249208 -0.248562 0.0874459 -0.423792 -0.901528
-0.0417588 -0.014172 0.298202 -0.0178338 0.177216 0.98401
0.311863 -0.19748 -0.150439 0.263421 -0.948563 0.175607
-0.00644649 0.222397 -0.236319 -0.0858871 0.205149 -0.974955
0.440714 0.260968 -0.217093 0.964516 0.262341 -0.0297662
0.341326 -0.140346 0.113982 0.263421 -0.948563 0.175607
0.425675 -0.0937731 -0.169921 -0.0347168 0.0142552 -0.999296
0.454343 0.248502 0.114668 0.964516 0.262341 -0.0297662
0.21736 -0.157684 0.206285 0.263421 -0.948563 0.175607
0.468331 -0.0923856 0.215673 -0.0178337 0.177216 0.98401
0.435749 -0.224934 0.00558012 -0.964517 -0.262339 0.0297658
-0.137695 0.27254 -0.259015 -0.263421 0.948563 -0.175607
0.180559 0.374941 -0.183282 -0.263421 0.948563 -0.175607
0.413024 0.36353 -0.210414 0.964517 0.262337 -0.0297654
0.417326 -0.0503938 0.299133 0.137099 -0.4013 0.905628
0.31947 -0.133499 0.183753 0.263421 -0.948563 0.175607
0.143393 -0.0562805 -0.283671 0.0178337 -0.177216 -0.98401
-0.229408 0.216303 0.0720414 -0.964516 -0.26234 0.0297661
0.432658 0.154131 -0.316323 0.0178337 -0.177216 -0.98401
0.358083 0.19971 0.266929 -0.0178336 0.177216 0.98401
-0.107582 -0.266143 -0.232423 -0.964516 -0.262341 0.0297663
-0.0132363 0.133588 -0.320705 0.0178337 -0.177216 -0.98401
0.493712 0.0640454 -0.23535 0.964516 0.262341 -0.0297661
0.326166 -0.0298044 0.306344 0.173656 -0.545424 0.819973
0.508443 0.0150485 -0.189844 0.964516 0.262342 -0.0297616
-0.250753 0.306775 0.177741 -0.964516 -0.262341 0.029767
0.171607 0.17598 -0.324989 0.0178337 -0.177216 -0.98401
0.436063 0.234264 -0.330693 0.0178337 -0.177216 -0.98401
0.132687 -0.0842363 0.311113 0.173656 -0.545424 0.819973
0.441119 0.285009 0.00793755 0.964516 0.262341 -0.0297662
0.218658 0.37636 -0.232771 -0.263421 0.948563 -0.175607
0.404174 0.43285 0.113779 0.964516 0.26234 -0.029766
0.507171 0.0458936 0.0407968 0.964516 0.262341 -0.0297662
-0.163454 0.323978 0.0574739 -0.263421 0.948563 -0.175607
0.435636 0.263542 0.256839 -0.0178337 0.177216 0.98401
