ply
format ascii 1.0
comment Created by Open3D
element vertex 400
property double x
property double y
property double z
property double nx
property double ny
property double nz
end_header
0.120275 0.112322 0.258321 -0.161279 0.929738 0.331024
0.113562 -0.0178485 0.167812 0.606912 -0.770467 0.195034
0.248169 0.108752 0.331106 -0.197825 0.934129 0.297099
0.014654 0.0677445 0.210854 -0.659343 -0.351083 0.664837
-0.0557473 -0.0632692 -0.195728 0.659343 0.351082 -0.664837
-0.323539 0.104671 -0.369658 0.197825 -0.934129 -0.297099
-0.163609 0.0172469 -0.255795 0.746732 -0.202874 0.63343
0.137093 0.0930847 0.0792549 -0.72535 0.0643688 -0.685365
0.351379 0.127978 0.339379 -0.197825 0.934129 0.297099
-0.200533 0.0208975 -0.199241 0.697647 -0.615343 0.366936
0.322546 -0.168901 0.369828 -0.197824 0.934129 0.297099
-0.19689 0.0294752 -0.279595 -0.72535 0.0643687 -0.685365
0.00613504 -0.0539664 0.0314181 -0.664382 -0.141863 -0.733806
0.139935 -0.0227946 0.111153 0.749266 -0.379974 0.542421
0.397421 -0.108785 0.23067 -0.197825 0.934129 0.297099
0.20468 -0.170648 0.141157 0.197825 -0.934129 -0.297099
-0.30783 -0.115624 -0.217424 -0.197826 0.934129 0.2971
0.209037 0.0116571 0.374012 -0.659343 -0.351083 0.664836
-0.110271 -0.0339829 0.0332413 -0.659343 -0.351083 0.664837
0.384707 -0.144023 0.201268 0.197825 -0.934129 -0.297099
0.14544 -0.0842667 0.113055 0.458754 0.512719 0.725716
0.0826361 0.0295571 0.258108 -0.659345 -0.351082 0.664835
-0.245305 -0.0718418 -0.31345 -0.197825 0.93413 0.297096
0.29299 -0.143413 0.138279 0.197825 -0.934129 -0.297099
-0.19728 0.0722234 -3.09046e-05 0.72535 -0.0643688 0.685365
-0.298795 -0.0578146 -0.345268 -0.197821 0.934129 0.297103
-0.201422 0.101721 -0.128622 -0.508549 0.859554 -0.0504395
0.109504 -0.101817 0.148171 0.458754 0.512719 0.725716
0.137214 -0.154879 0.0716966 0.143929 -0.926863 -0.346712
0.222757 0.0904692 0.249051 -0.197825 0.934129 0.297099
0.179608 -0.00494056 0.336061 -0.659343 -0.351083 0.664836
-0.0753579 0.0731311 0.123647 -0.72535 0.0643688 -0.685365
-0.28132 0.172281 -0.343823 -0.197825 0.934129 0.297099
0.359873 0.0211258 0.346987 0.314086 -0.910574 -0.26871
0.0114387 0.125355 0.0515549 -0.197825 0.934129 0.297099
-0.106323 -0.146608 -0.0223181 -0.659343 -0.351083 0.664836
-0.203414 0.120463 -0.173849 0.363219 0.625496 0.690526
0.24841 0.0899061 0.390522 -0.197825 0.934129 0.297099
0.223301 -0.071571 0.183626 -0.749265 0.379989 -0.542412
-0.18384 0.0358321 -0.157749 0.286482 -0.934884 -0.209572
0.208617 0.0563394 0.346946 -0.197825 0.934129 0.297099
-0.0341349 0.0290433 0.00182971 0.72535 -0.0643688 0.685365
-0.397931 0.169113 -0.292509 -0.725349 0.0643686 -0.685365
-0.213589 -0.111644 -0.298917 0.197825 -0.934129 -0.297099
-0.353454 0.122075 -0.210045 0.197824 -0.93413 -0.297098
0.165154 0.07734 0.251976 -0.197825 0.934129 0.297099
-0.232724 -0.083127 -0.269591 -0.197825 0.934129 0.297099
0.189544 0.0658703 0.383308 -0.659343 -0.351083 0.664836
0.0146695 0.0206821 0.0234415 -0.72535 0.0643688 -0.685365
-0.0967343 0.0632641 -0.107284 0.72535 -0.0643688 0.685365
0.156791 0.130604 0.224435 -0.0874438 0.914085 0.395983
-0.0950707 -0.0470153 -0.18852 -0.628278 0.742985 -0.230736
0.15533 -0.0390846 0.240273 -0.397162 -0.588185 -0.704486
-0.228774 0.0338927 -0.245437 -0.72535 0.0643687 -0.685365
-0.0157361 0.135527 -0.00764161 0.725347 -0.06436 0.685368
-0.438854 0.134516 -0.207359 -0.197825 0.934129 0.297099
0.0961359 -0.127779 0.0250518 -0.185401 -0.781045 -0.596318
0.273648 0.0318537 0.357739 0.843853 0.316511 -0.433281
-0.179993 0.127098 -0.21842 0.659343 0.351083 -0.664837
0.211831 -0.0895784 0.0989026 -0.1061 0.918877 0.380011
0.230621 -0.0782436 0.239316 0.72535 -0.0643688 0.685365
0.232627 0.044006 0.401711 -0.197825 0.934129 0.297099
-0.339329 0.0907535 -0.303878 -0.371491 -0.351925 0.859153
0.016901 -0.110235 0.119096 -0.659343 -0.351083 0.664837
-0.321333 0.172423 -0.370911 -0.197825 0.934129 0.297099
-0.243756 0.151334 -0.108293 -0.337636 0.928361 0.155397
-0.314152 0.150756 -0.274053 0.197825 -0.934129 -0.297099
0.112022 -0.197049 0.16247 0.197825 -0.934129 -0.297099
-0.332101 0.143695 -0.165135 -0.197827 0.934129 0.297099
-0.222067 0.0449502 -0.0359484 -0.659343 -0.351083 0.664837
-0.293328 -0.137049 -0.272133 0.197825 -0.934129 -0.297099
-0.115918 0.0971699 -0.0837965 0.72535 -0.0643688 0.685365
-0.409252 -0.109341 -0.304712 -0.197825 0.93413 0.297096
0.195548 -0.152688 0.0786058 0.197824 -0.93413 -0.297098
0.0815044 0.108375 0.149465 -0.197825 0.934129 0.297099
-0.0222748 -0.0188795 0.0588256 -0.72535 0.0643688 -0.685365
-0.245124 -0.0979327 -0.144133 0.262795 0.720881 0.641302
0.184795 -0.0706944 0.288525 0.72535 -0.0643688 0.685365
0.166082 0.0594001 0.309 -0.197825 0.934129 0.297099
-0.237756 -0.000236506 -0.0753693 -0.659343 -0.351083 0.664837
-0.11019 -0.0203544 -0.141416 -0.734309 0.110853 -0.669703
0.0109299 -0.122692 0.0609115 -0.45012 -0.52396 -0.72309
0.349313 0.089696 0.286762 0.659343 0.351083 -0.664836
-0.0184161 -0.104273 -0.148404 0.474795 -0.880075 0.00612719
-0.249771 -0.054421 -0.383477 0.659343 0.351083 -0.664837
-0.0561624 0.0421371 -0.091072 -0.197825 0.934129 0.297099
-0.255494 0.0895771 -0.27689 0.197825 -0.934129 -0.297099
-0.274473 0.148358 -0.141425 -0.197825 0.934129 0.297099
0.259986 -0.147223 0.260014 -0.197825 0.934129 0.297099
-0.0598336 -0.1246 -0.0833673 0.555193 -0.82364 0.115664
0.292763 0.00987787 0.300457 -0.144182 -0.500735 -0.853508
-0.256513 0.181291 -0.26569 0.659343 0.351082 -0.664837
-0.134541 -0.0565918 -0.270345 0.659343 0.351083 -0.664837
0.22783 -0.0640449 0.18197 -0.751735 0.29289 -0.590856
-0.265262 -0.15219 -0.182891 -0.659343 -0.351082 0.664837
0.243166 0.139689 0.230504 -0.197825 0.934129 0.297099
0.0664899 -0.000318358 0.145205 -0.72535 0.0643688 -0.685365
0.0675202 -0.0220142 -0.0303367 -0.664382 -0.141863 -0.733806
0.237523 0.120886 0.285865 -0.197825 0.934129 0.297099
-0.054033 0.109783 -0.0214409 -0.72535 0.0643699 -0.685364
-0.141776 0.0650395 -0.059448 0.72535 -0.0643688 0.685365
-0.19304 0.0145426 -0.107657 -0.0808501 -0.84604 -0.526953
0.141157 -0.0304557 0.0168769 0.659343 0.351083 -0.664836
0.289677 0.0937619 0.283257 -0.197826 0.934129 0.297099
0.209253 0.0730471 0.294838 -0.197825 0.934129 0.297099
0.105622 -0.0561647 0.139223 0.741441 -0.157048 0.652382
0.266052 0.0631431 0.190167 0.659343 0.351083 -0.664836
-0.370748 0.125343 -0.292484 0.389973 -0.203071 0.898155
-0.305674 0.0170987 -0.133572 -0.659343 -0.351083 0.664837
0.0753601 0.0370382 -0.0127347 0.659343 0.351083 -0.664837
-0.00581549 -0.0250043 0.141575 -0.659343 -0.351083 0.664837
-0.0375943 0.0874087 0.136934 0.725349 -0.0643684 0.685365
0.156988 0.0483282 0.0741807 0.659342 0.351084 -0.664837
0.146892 -0.0872835 0.114499 0.397161 0.588187 0.704485
0.295537 -0.149239 0.303496 -0.574746 0.701922 0.42068
0.155373 0.0694157 0.202379 0.00814311 0.88089 0.473251
-0.192246 -0.0914172 -0.163533 -0.0688643 0.90876 0.411597
-0.0371285 0.00924807 0.128609 -0.659343 -0.351083 0.664837
-0.24602 -0.0506277 -0.235123 -0.72535 0.0643688 -0.685365
0.073482 -0.167288 0.145081 -0.659343 -0.351083 0.664837
0.183705 -0.203229 0.235414 -0.659343 -0.351082 0.664837
-0.409129 0.0753733 -0.2054 -0.659343 -0.351083 0.664837
-0.0479007 0.0390713 0.0913892 -0.725349 0.0643688 -0.685365
-0.267283 -0.116261 -0.320154 0.197825 -0.934129 -0.297099
0.198467 0.140835 0.134463 -0.749813 0.371983 -0.547183
-0.362444 0.0893577 -0.337557 -0.725344 0.064365 -0.68537
0.299493 0.0582157 0.22073 0.659343 0.351083 -0.664836
0.199452 -0.0966801 0.0397191 0.659343 0.351082 -0.664836
0.118816 0.0212623 0.0918532 -0.72535 0.0643688 -0.685365
0.163699 -0.139091 0.249443 -0.659343 -0.351083 0.664836
-0.121321 -0.112166 -0.235839 0.197825 -0.934129 -0.297099
-0.0961773 -0.142777 -0.11135 0.351945 -0.925535 -0.139714
-0.253774 0.0833603 -0.0471102 -0.659343 -0.351083 0.664837
-0.39707 0.0658145 -0.300581 -0.056607 -0.923399 -0.379644
-0.438449 0.0655178 -0.239681 -0.659343 -0.351083 0.664837
-0.3897 0.13948 -0.243047 0.817933 0.324344 -0.475171
-0.0988243 -0.147121 -0.0720849 0.474794 -0.880076 0.00612641
0.279339 -0.19226 0.282773 0.197825 -0.934129 -0.297099
-0.327498 -0.0664437 -0.389174 -0.725351 0.0643632 -0.685364
-0.0818274 0.0562856 -0.158459 0.659343 0.351083 -0.664837
0.397569 0.112506 0.293149 0.659343 0.351082 -0.664837
-0.0773673 0.000481746 -0.174117 -0.725349 0.0643661 -0.685366
-0.344134 0.184388 -0.301095 -0.197825 0.934129 0.297099
-0.250876 0.124879 -0.0687792 -0.260308 -0.722985 -0.639947
0.289027 0.114946 0.195132 0.197825 -0.934129 -0.297099
-0.243456 0.160803 -0.303607 0.197825 -0.934129 -0.297099
0.251289 0.0223004 0.272084 0.197825 -0.934129 -0.297099
0.28537 -0.166141 0.204665 0.197825 -0.934129 -0.297099
0.00502706 0.0639188 0.0896198 0.72535 -0.0643688 0.685365
-0.345343 0.0638772 -0.148212 -0.659343 -0.351083 0.664837
-0.139468 -0.0866376 -0.0235201 -0.659343 -0.351082 0.664837
0.344041 0.0692605 0.37193 0.725349 -0.0643686 0.685365
-0.377925 0.0450573 -0.190462 -0.659343 -0.351083 0.664837
-0.274373 -0.0785687 -0.420627 0.659343 0.351083 -0.664837
-0.162068 -0.165744 -0.094513 0.197825 -0.934129 -0.297099
0.127636 0.0491063 0.244814 -0.24956 0.936339 0.246958
0.0734541 0.00876652 0.100157 -0.197825 0.934129 0.297099
0.198865 0.00593589 0.280831 0.72535 -0.0643688 0.685365
-0.233321 -0.131814 -0.257174 -0.725349 0.064368 -0.685365
-0.090449 0.0223629 -0.0517286 -0.197825 0.934129 0.297099
0.250665 0.00784781 0.147185 -0.428492 -0.551135 -0.715992
0.299657 0.114396 0.340791 -0.459968 -0.356109 0.813397
-0.0269081 -0.0636862 -0.167348 0.659343 0.351083 -0.664836
0.305573 0.0180844 0.407837 0.725349 -0.0643723 0.685365
0.0010514 0.00434625 0.0882324 0.72535 -0.0643688 0.685365
-0.20968 -0.111195 -0.107522 -0.386883 0.91665 0.100372
-0.118871 0.0104567 0.0378509 -0.72535 0.0643687 -0.685364
-0.160258 0.16835 -0.146419 0.412137 0.570805 0.710158
0.352746 0.0179053 0.346108 0.530919 -0.823378 -0.200434
0.0408338 0.142867 0.00890956 0.659343 0.351083 -0.664837
0.247888 -0.18565 0.241048 0.197825 -0.934129 -0.297099
-0.0189556 -0.0236121 -0.138299 0.659343 0.351083 -0.664837
0.248272 -0.13542 0.215266 0.72535 -0.0643688 0.685365
-0.144176 -0.138217 -0.0554273 -0.659343 -0.351083 0.664836
-0.0636656 0.0288483 0.033065 0.72535 -0.0643688 0.685365
-0.425238 0.129838 -0.267298 -0.72535 0.0643696 -0.685364
0.277934 -0.0448262 0.192382 0.72535 -0.0643688 0.685365
-0.295708 0.124098 -0.201906 -0.197825 0.934129 0.297099
-0.170757 0.133931 -0.0988575 -0.197825 0.934129 0.297099
0.0551637 -0.120371 0.15169 -0.659343 -0.351083 0.664837
-0.351153 -0.0734472 -0.340048 -0.797684 0.597866 -0.0790913
0.0654574 -0.165976 0.0876662 -0.0764803 -0.84837 -0.52385
-0.301727 0.0761369 -0.275725 0.575397 -0.786892 -0.222976
-0.279785 0.123283 -0.319402 0.659343 0.351082 -0.664837
0.307445 -0.173261 0.241751 0.197825 -0.934129 -0.297099
0.146601 -0.171594 0.12941 0.197824 -0.934129 -0.297101
0.202362 0.0976994 0.212738 -0.197825 0.934129 0.297099
-0.273816 0.0610944 -0.199536 0.197825 -0.934129 -0.297099
-0.207646 0.155542 -0.263223 0.197825 -0.934129 -0.297099
-0.308762 0.0662009 -0.110705 -0.659343 -0.351083 0.664837
0.146413 -0.168019 0.217023 -0.659343 -0.351083 0.664836
0.0599029 -0.0685421 -0.00648333 -0.53361 -0.404424 -0.742766
-0.169291 -0.163102 -0.0934749 -0.659343 -0.351082 0.664837
0.290926 0.140096 0.255472 0.659344 0.35108 -0.664837
-0.161441 0.0712647 -0.229505 0.659344 0.351082 -0.664836
-0.343345 0.0559704 -0.150405 -0.659343 -0.351083 0.664837
-0.216408 0.166964 -0.146821 -0.463909 0.885849 0.0077176
0.0535368 0.0199582 0.22418 -0.659343 -0.351083 0.664837
0.328071 0.0400974 0.267253 0.197825 -0.934129 -0.297099
0.375521 0.045242 0.289278 0.659343 0.351083 -0.664836
-0.173262 -0.0378384 -0.235884 0.487873 0.473029 0.733637
-0.297296 -0.102824 -0.382385 0.197822 -0.93413 -0.2971
-0.0486037 -0.109951 -0.193834 0.215567 -0.935428 -0.280189
0.312948 -0.126721 0.230815 -0.197823 0.93413 0.297099
0.273555 -0.0929001 0.192501 0.72535 -0.0643688 0.685365
0.151232 -0.127706 0.176752 -0.251476 0.936328 0.245052
0.106161 0.120359 0.114553 -0.72535 0.0643688 -0.685365
-0.126703 -0.0592258 -0.223131 -0.143067 0.926707 0.347485
0.0174328 -0.0623397 -0.122662 0.659343 0.351083 -0.664836
0.0673218 -0.0644448 0.182457 0.751434 -0.336842 0.567348
0.151885 0.124924 0.109567 0.659343 0.351083 -0.664836
0.0783535 -0.0265978 0.224207 -0.659343 -0.351083 0.664837
-0.3444 -0.117212 -0.368511 0.197825 -0.934129 -0.297099
0.151844 0.00183443 0.0445271 0.659343 0.351083 -0.664837
0.015914 0.082586 0.0279383 -0.72535 0.0643688 -0.685365
0.0675392 0.0581065 0.149581 -0.72535 0.0643688 -0.685365
-0.0344777 0.0217808 -0.129722 0.659343 0.351083 -0.664837
-0.396595 0.137803 -0.189554 -0.197825 0.934129 0.297099
-0.304858 -0.0789363 -0.294037 0.144169 0.500724 0.853517
-0.262002 0.107894 -0.128516 -0.197825 0.934129 0.297099
-0.0731996 0.0904321 -0.12964 0.72535 -0.0643688 0.685365
0.0273033 -0.0349994 0.169142 -0.659343 -0.351083 0.664837
-0.0129817 0.0358015 0.0541258 -0.72535 0.0643688 -0.685365
0.289078 0.06152 0.384232 -0.19782 0.93413 0.2971
-0.282096 -0.0232576 -0.131501 -0.659343 -0.351083 0.664836
-0.242054 0.13979 -0.215521 -0.197825 0.934129 0.297099
0.282622 0.0537948 0.428174 0.197825 -0.934129 -0.297099
0.301122 -0.00661697 0.371034 0.0730254 -0.938348 0.337891
-0.0550647 0.0628016 -0.0247615 -0.72535 0.0643686 -0.685365
-0.321664 -0.158876 -0.246325 0.197825 -0.934129 -0.297099
-0.168168 0.0936245 -0.028832 0.72535 -0.0643688 0.685365
0.13666 -0.134259 0.0265157 -0.0396902 -0.86679 -0.497091
-0.0233302 0.125457 -0.0524629 -0.725349 0.0643688 -0.685365
-0.354635 -0.111905 -0.260282 -0.197825 0.934129 0.297099
0.108253 0.0372074 0.0339046 -0.197825 0.934129 0.297099
0.349458 -0.135631 0.322094 0.19756 0.471632 0.859379
-0.179796 -0.0575398 -0.30586 -0.72535 0.0643688 -0.685365
0.178969 0.0919844 0.33775 -0.197825 0.93413 0.297098
0.0615544 0.0227638 0.0482232 -0.197825 0.934129 0.297099
0.330809 -0.150824 0.186762 0.197825 -0.934129 -0.297099
-0.227242 0.186194 -0.234071 0.659343 0.351082 -0.664837
-0.381377 0.119199 -0.154734 -0.659343 -0.351083 0.664836
0.212891 0.00410995 0.170049 -0.262792 -0.720884 -0.641301
0.189934 -0.157161 0.0889334 0.197827 -0.934128 -0.297101
-0.0849885 -0.0891922 -0.238417 0.659343 0.351083 -0.664837
0.143861 0.115798 0.180606 -0.750505 0.360061 -0.554165
-0.21663 0.104216 -0.0920742 -0.749456 0.377302 -0.54402
-0.0109357 0.0742926 -0.0703858 -0.72535 0.0643684 -0.685364
-0.197625 -0.159668 -0.137291 0.197825 -0.934129 -0.297099
-0.0178615 -0.0963338 -0.098127 0.623573 -0.749376 0.222695
0.355816 -0.110943 0.20975 -0.197825 0.934129 0.297099
0.209774 -0.162812 0.275593 -0.197825 0.934129 0.2971
-0.160318 -0.0152235 -0.0961209 -0.567683 -0.347311 -0.746398
0.102362 -0.138201 0.189082 -0.659345 -0.351081 0.664835
0.271971 -0.0479385 0.137378 0.659345 0.351085 -0.664833
0.17295 -0.0538258 0.0760545 0.567684 0.347311 0.746398
0.274398 -0.0964602 0.114162 0.659343 0.351083 -0.664837
-0.0469771 -0.0584454 0.000108493 0.751837 -0.311184 0.581297
-0.0249348 -0.0950883 0.0856041 -0.659343 -0.351083 0.664837
-0.100474 0.0558172 0.0226414 -0.72535 0.0643688 -0.685365
-0.122605 0.16274 -0.183744 0.734094 -0.109617 0.670142
0.187073 -0.110512 0.282374 0.72535 -0.0643688 0.685365
0.0327911 -0.00413632 -0.075195 0.748491 -0.223122 0.624482
0.0727613 0.0888552 0.0202759 0.725349 -0.0643688 0.685365
0.234007 0.0616919 0.157621 0.659343 0.351083 -0.664836
0.101641 -0.0584251 -0.0370828 0.659343 0.351082 -0.664837
-0.300038 -0.0815546 -0.180858 -0.72535 0.0643688 -0.685365
0.172645 -0.0905011 0.238867 -0.750165 0.24818 -0.61291
-0.0349304 0.0799166 0.00744956 0.72535 -0.0643688 0.685365
0.267148 -0.0441483 0.141809 -0.751735 0.292897 -0.590852
0.386187 0.0718172 0.327566 0.72535 -0.0643688 0.685364
0.336013 -0.183165 0.303294 0.279325 0.344243 -0.896367
0.309519 0.098266 0.404926 -0.197825 0.934129 0.297099
0.164078 0.01122 0.139146 0.449151 -0.893072 -0.0261679
0.325794 -0.10697 0.159583 0.659343 0.351083 -0.664837
-0.154698 0.160961 -0.214672 -0.725349 0.0643686 -0.685365
0.152191 -0.0317709 0.294703 -0.659343 -0.351083 0.664837
0.115006 0.0874312 0.215284 0.725988 -0.0674034 0.684396
-0.12274 0.0365828 -0.157892 -0.262797 -0.72088 -0.641304
0.397098 -0.169316 0.289044 0.197825 -0.934129 -0.297099
-0.0190135 -0.0698996 -0.0481767 0.728624 -0.516439 0.449886
-0.176497 -0.0955636 -0.324779 0.197825 -0.934129 -0.297099
-0.38983 0.0507198 -0.244563 0.146471 -0.957045 -0.250223
0.249264 -0.169915 0.318024 -0.659343 -0.351083 0.664836
-0.38039 -0.117184 -0.337962 -0.725349 0.0643691 -0.685365
-0.115853 0.148396 -0.107779 -0.197825 0.934129 0.297099
0.24468 -0.137061 0.0689488 0.498575 0.356841 -0.789992
-0.0929329 0.0446342 0.0655223 0.725348 -0.0643691 0.685366
0.23673 0.120156 0.154256 0.725349 -0.064369 0.685365
-0.199381 -0.0328491 -0.0582573 -0.542406 -0.390222 -0.743991
-0.224488 -0.0171059 -0.254762 -0.72535 0.0643687 -0.685365
-0.215076 -0.0870965 -0.366323 0.659343 0.351083 -0.664836
0.347057 -0.165446 0.247919 -0.0876145 -0.318725 0.943789
-0.0803642 -0.0116851 0.0469309 0.72535 -0.0643688 0.685365
0.113316 -0.00707816 0.269188 -0.659347 -0.351083 0.664832
0.325057 0.0378865 0.272197 0.197821 -0.934131 -0.297097
0.200108 -0.099262 0.0390056 0.659343 0.351082 -0.664836
0.246854 -0.0161333 0.22797 0.72535 -0.0643688 0.685365
-0.0603335 -0.124919 -0.138445 0.384118 -0.91746 -0.103542
-0.0909235 0.100444 0.0617201 -0.197825 0.934129 0.297099
-0.166152 0.0143614 -0.0384093 0.72535 -0.0643688 0.685365
-0.253394 -0.0449519 -0.167342 0.70205 0.0289525 0.711539
-0.14485 0.12599 -0.184152 0.659346 0.351084 -0.664833
0.0517535 0.0902679 0.186586 -0.197825 0.934129 0.297099
-0.255066 -0.10179 -0.146165 -0.659343 -0.351082 0.664836
0.227115 -0.0781404 0.243036 0.72535 -0.0643688 0.685365
-0.340457 0.11379 -0.117008 -0.659343 -0.351083 0.664836
-0.136328 -0.126974 -0.199271 0.197825 -0.934129 -0.297099
0.110865 -0.000662893 0.00256811 0.659343 0.351082 -0.664837
0.244525 -0.01248 0.230777 0.72535 -0.0643688 0.685365
-0.176704 -0.141793 -0.179563 0.197825 -0.934129 -0.297099
0.191086 0.111002 0.286024 -0.197825 0.934129 0.297099
0.105811 0.0800367 0.307748 -0.659343 -0.351083 0.664836
-0.26474 0.0433425 -0.0791179 -0.659343 -0.351083 0.664836
-0.171473 -0.122376 -0.237132 0.197825 -0.934129 -0.297099
-0.108211 0.127965 -0.146773 0.659343 0.351083 -0.664837
-0.124198 0.0599113 -0.193998 0.106097 -0.918876 -0.380014
0.0352779 -0.0169195 -0.000802857 -0.695679 -0.0504614 -0.716578
-0.222249 -0.143811 -0.215436 0.72535 -0.0643694 0.685365
-0.305694 0.106566 -0.153433 -0.197825 0.934129 0.297099
-0.346119 0.08577 -0.246431 -0.251593 0.244549 -0.936428
0.316566 -0.177253 0.377857 0.725349 -0.0643692 0.685365
0.0982949 -0.0972312 -0.00935599 -0.356885 -0.632154 -0.68776
0.249651 -0.128211 0.0728523 0.659343 0.351083 -0.664837
0.156207 -0.181947 0.16836 0.197825 -0.934129 -0.297099
-0.0681471 -0.119376 -0.0365617 0.66174 -0.690741 0.29151
-0.236038 0.0100975 -0.137149 0.533996 -0.841164 0.0853869
-0.456618 0.109474 -0.235999 -0.725349 0.0643686 -0.685365
-0.143662 -0.145232 -0.14675 0.197825 -0.934129 -0.297099
0.0578215 -0.135379 0.048451 -0.255925 -0.726665 -0.637543
-0.116999 0.0058746 -0.0175647 -0.197825 0.934129 0.297099
-0.194139 0.179677 -0.187019 0.72535 -0.0643719 0.685364
-0.0120833 0.105965 0.0968565 -0.197825 0.934129 0.297099
-0.160939 -0.0752253 -0.194045 -0.0688643 0.90876 0.411597
-0.383695 0.0601223 -0.296783 -0.45589 -0.765465 -0.454123
-0.362569 0.142286 -0.332454 -0.72535 0.0643685 -0.685365
0.320466 0.137103 0.290106 -0.197825 0.934129 0.297099
0.295308 -0.203554 0.328915 0.197825 -0.934129 -0.297099
0.188941 -0.108962 0.144071 -0.28648 0.934884 0.209574
0.225277 -0.1816 0.199242 0.725349 -0.064368 0.685365
-0.155863 -0.0353484 -0.0126956 -0.659343 -0.351083 0.664837
-0.141052 0.126858 -0.0568392 -0.197825 0.934129 0.297099
0.249747 -0.151658 0.121574 -0.72535 0.0643687 -0.685365
0.13403 0.0230736 0.305654 -0.659341 -0.351079 0.664841
-0.291185 0.191646 -0.28866 -0.197825 0.934129 0.297099
-0.177192 -0.012863 -0.289552 0.659343 0.351083 -0.664837
0.177373 0.00744736 0.0837809 0.71075 -0.579399 0.398912
0.0131003 -0.068384 0.137427 -0.659343 -0.351083 0.664837
-0.0942136 -0.126536 -0.172608 0.197825 -0.934129 -0.297099
0.241724 0.0739828 0.436135 -0.197825 0.934129 0.297099
-0.151831 -0.0687427 -0.114994 -0.722087 0.542013 -0.429898
-0.25602 0.164342 -0.179396 -0.197825 0.934129 0.297099
0.100946 0.0688768 0.115238 -0.72535 0.0643688 -0.685365
0.16959 -0.122084 0.189884 -0.478647 0.877937 -0.011077
0.235168 -0.00018832 0.332058 0.197825 -0.934129 -0.297101
-0.136207 0.0755618 0.0623131 -0.72535 0.0643687 -0.685364
-0.13745 -0.0725223 -0.158875 -0.559716 0.819614 -0.122274
0.247768 -0.0131753 0.381281 0.197825 -0.934129 -0.297099
-0.203133 0.0839061 -0.264177 0.659343 0.351083 -0.664837
-0.238279 0.0073408 -0.144387 0.606912 -0.770467 0.195035
-0.328134 0.0513008 -0.204911 0.197824 -0.934129 -0.297099
0.275194 -0.0136636 0.426252 -0.659343 -0.351083 0.664836
-0.285477 0.17429 -0.230288 -0.197825 0.93413 0.297098
0.030105 -0.0930658 0.0284902 -0.506978 -0.445375 -0.73798
0.36518 -0.11985 0.257316 0.101474 0.993746 -0.0465967
-0.218863 -0.050827 -0.196211 0.567684 0.347309 0.746399
0.193445 0.144931 0.183067 0.140291 -0.926197 -0.349969
0.305529 0.0616115 0.321536 -0.325821 -0.348518 0.878849
0.200978 0.0403405 0.113589 0.659343 0.351082 -0.664836
-0.0420721 -0.0501032 0.0771021 -0.708831 -0.00452473 -0.705364
-0.237584 0.079769 -0.234126 0.197825 -0.934129 -0.297099
0.1753 2.97672e-05 0.185688 -0.0434871 -0.864988 -0.499905
0.0410723 0.136082 0.00633647 -0.72535 0.0643688 -0.685365
0.160368 -0.117563 -0.00449081 -0.0396888 -0.866791 -0.49709
-0.297211 0.123112 -0.069197 -0.659339 -0.351081 0.664842
0.411687 -0.12609 0.281991 0.725349 -0.0643687 0.685365
-0.20728 0.105053 -0.0323785 -0.197825 0.934129 0.297099
-0.33007 0.161851 -0.220869 -0.197825 0.934129 0.297099
0.155795 -0.0721731 0.0093644 0.659342 0.351084 -0.664837
-0.269545 -0.152602 -0.231346 0.197825 -0.934129 -0.297099
0.202465 -0.0342102 0.273251 0.72535 -0.0643688 0.685365
-0.271292 -0.0983581 -0.247382 -0.197825 0.934129 0.297099
0.393743 -0.154443 0.240046 0.197825 -0.934129 -0.297099
0.0385223 0.0258379 0.177261 -0.72535 0.0643688 -0.685365
0.0757279 0.0845626 0.253496 -0.735469 0.484725 -0.473421
0.0241545 -0.15455 0.102888 -0.659343 -0.351083 0.664837
-0.144874 -0.102841 -0.293477 0.725349 -0.064368 0.685365
0.0285373 -0.00759484 0.121691 -0.197825 0.934129 0.297099
-0.0103702 -0.0169175 -0.0286137 0.737937 -0.132914 0.661652
-0.334092 -0.13654 -0.300879 0.197825 -0.934129 -0.297099
0.178627 0.0889237 0.168085 0.229433 0.748141 0.622611
0.334314 0.110779 0.238388 0.197825 -0.934129 -0.297099
0.28423 -0.00113016 0.174254 0.659343 0.351083 -0.664836
-0.0883808 -0.08198 0.0296046 -0.659343 -0.351082 0.664837
0.00980784 0.0421256 -0.043448 0.72535 -0.0643688 0.685365
0.00110605 0.0891867 -0.0298186 0.725349 -0.0643689 0.685365
-0.261035 0.0071368 -0.213806 -0.72535 0.0643687 -0.685365
-0.0881374 0.115741 0.015478 -0.197825 0.934129 0.297099
-0.302906 -0.029123 -0.172898 -0.72535 0.0643688 -0.685365
-0.175393 -0.110061 -0.0715177 -0.659343 -0.351083 0.664836
