ply
format ascii 1.0
comment Created by Open3D
element vertex 400
property double x
property double y
property double z
property double nx
property double ny
property double nz
end_header
-0.0935215 0.0857286 -0.444912 -0.868911 -0.493825 0.033622
0.0303424 -0.0635046 -0.0693662 0.868911 0.493825 -0.0336221
0.0941826 -0.45532 0.249151 0.269339 -0.414738 0.869166
0.0307443 -0.0588253 0.0097483 0.868911 0.493825 -0.0336221
-0.0607843 0.0213321 -0.544694 -0.868911 -0.493825 0.0336223
-0.206729 0.300784 -0.211958 -0.868911 -0.493825 0.033622
-0.0421101 0.0121626 -0.196766 -0.868911 -0.493825 0.0336221
0.0738952 -0.228336 0.363747 0.269339 -0.414738 0.869166
-0.0912586 0.021333 0.534059 0.269338 -0.414738 0.869166
-0.107074 -0.24084 0.413859 0.269338 -0.414738 0.869166
-0.0920148 0.171972 0.227069 0.868911 0.493826 -0.0336219
0.0225944 0.265629 -0.455516 -0.269339 0.414738 -0.869166
0.0382914 0.310282 -0.314489 0.868911 0.493825 -0.033622
0.313238 -0.130738 0.313595 0.868911 0.493825 -0.0336221
-0.256986 -0.00340606 0.358014 -0.868911 -0.493825 0.0336221
0.0742135 -0.0277011 0.510228 -0.415272 0.764284 0.493376
-0.0164382 -0.290977 -0.248579 0.415272 -0.764283 -0.493376
0.16182 0.177125 0.358627 -0.0747103 0.0637007 -0.995169
-0.0666429 0.131514 0.288541 0.868911 0.493826 -0.0336218
0.0505916 0.0430962 -0.442481 0.415272 -0.764283 -0.493376
0.0331457 -0.0443458 0.284477 0.868911 0.493825 -0.0336221
-0.27877 0.0287135 0.266793 -0.868911 -0.493825 0.0336221
0.179848 -0.467537 0.190141 0.415272 -0.764283 -0.493376
-0.0239758 0.420983 -0.297762 0.868911 0.493825 -0.033622
0.0446274 -0.14323 0.413427 0.269339 -0.414738 0.869166
-0.204488 -0.122025 -0.0274662 -0.868911 -0.493825 0.0336221
-0.173566 -0.175391 -0.0121501 -0.868911 -0.493825 0.0336221
-0.102055 0.175895 0.0252283 0.868911 0.493825 -0.0336221
-0.223196 0.0548842 0.399156 -0.415272 0.764284 0.493376
-0.0538312 0.44954 -0.336836 -0.415272 0.764283 0.493376
0.0442391 -0.0734636 0.1435 0.868911 0.493825 -0.0336221
0.109732 0.164026 -0.370141 0.269339 -0.414738 0.869166
0.196078 -0.171304 0.432763 0.269339 -0.414738 0.869166
-0.202935 -0.118741 0.0608816 -0.868911 -0.493825 0.0336221
-0.198462 0.204638 0.187992 -0.415272 0.764284 0.493376
0.13552 -0.199276 0.277321 -0.269338 0.414738 -0.869166
0.0601873 -0.371162 0.299843 0.269339 -0.414738 0.869166
0.121817 -0.22895 -0.135332 0.868911 0.493825 -0.0336221
-0.031069 0.039738 -0.14007 0.868911 0.493825 -0.0336221
0.221526 -0.399475 0.119787 0.415272 -0.764284 -0.493376
0.0527716 0.0993849 -0.383334 0.269339 -0.414738 0.869166
0.236589 0.0108547 0.412368 0.868911 0.493825 -0.0336221
-0.205364 0.302373 -0.153351 -0.868911 -0.493825 0.033622
0.109166 -0.192053 0.0796497 0.868911 0.493825 -0.0336221
0.023285 0.166189 -0.50318 -0.269339 0.414738 -0.869166
0.0404964 -0.0855581 0.502795 -0.868911 -0.493825 0.0336221
-0.0925631 0.15068 -0.0998255 0.868911 0.493825 -0.0336221
-0.236818 -0.0566591 0.0970808 -0.868911 -0.493825 0.0336221
0.112882 0.0996388 -0.477641 0.415272 -0.764284 -0.493376
-0.0521999 -0.378115 0.146859 -0.868911 -0.493825 0.0336221
-0.237401 0.362473 -0.0985743 -0.868911 -0.493826 0.0336219
-0.00469694 -0.356316 0.327033 0.269338 -0.414738 0.869166
-0.309727 0.0780295 0.191094 -0.868911 -0.493825 0.0336221
0.152033 -0.27966 -0.0992347 0.868912 0.493824 -0.0336234
0.08507 -0.495412 0.153548 0.415272 -0.764283 -0.493376
-0.0805121 0.0727927 -0.2987 -0.868911 -0.493825 0.0336221
-0.195864 0.220475 0.0487007 -0.269338 0.414738 -0.869166
0.0888946 -0.170287 -0.12455 0.868911 0.493825 -0.0336221
-0.0596638 0.185126 -0.30758 0.269339 -0.414738 0.869166
0.119008 -0.332988 -0.0694954 0.415272 -0.764283 -0.493376
-0.219056 0.165291 0.0295552 -0.269338 0.414738 -0.869166
-0.116326 -0.277216 -0.0284229 -0.868911 -0.493825 0.0336221
-0.342289 0.153958 0.145442 -0.415272 0.764284 0.493376
-0.195994 0.0153494 -0.0491385 -0.269338 0.414738 -0.869166
0.242383 -0.45728 0.260569 -0.86891 -0.493828 0.0336134
0.25766 -0.182095 0.40853 0.269338 -0.414738 0.869166
0.0626808 0.110492 -0.536708 0.415272 -0.764284 -0.493376
-0.213902 0.165703 0.235311 -0.415272 0.764284 0.493376
-0.0921103 0.0139369 -0.0820041 -0.269338 0.414738 -0.869166
-0.0902519 0.164526 0.163273 0.868911 0.493825 -0.0336222
0.0381298 -0.427113 0.27998 0.269339 -0.414738 0.869166
-0.112684 0.0647291 -0.0513922 -0.269338 0.414738 -0.869166
0.21436 0.128781 0.397324 0.440024 -0.801778 -0.404388
-0.176247 0.244239 0.145345 -0.415272 0.764284 0.493376
0.30445 -0.260148 0.240941 0.415272 -0.764283 -0.493376
-0.15448 -0.188553 0.28779 -0.868911 -0.493825 0.0336221
-0.20502 0.0128747 0.479531 -0.415272 0.764284 0.493376
0.206806 0.0105708 0.355363 -0.269338 0.414738 -0.869166
0.272848 -0.0495274 0.462545 0.868911 0.493825 -0.0336221
0.113361 -0.337761 0.299303 0.269339 -0.414738 0.869166
-0.144902 -0.229364 -0.0640937 -0.868911 -0.493825 0.0336221
0.0254863 -0.186295 -0.213989 -0.269338 0.414738 -0.869166
0.20804 -0.034271 0.494443 0.269339 -0.414738 0.869166
-0.068075 -0.026637 -0.108813 -0.269338 0.414738 -0.869166
0.298188 -0.249107 0.363996 0.269338 -0.414738 0.869166
0.0352637 -0.0619796 0.0802146 0.868911 0.493825 -0.0336221
-0.00389412 0.330574 -0.255459 0.269339 -0.414738 0.869166
-0.142924 0.117842 0.369194 -0.415272 0.764284 0.493376
0.0340171 0.0428576 0.478457 0.371743 -0.606234 0.703056
0.131124 -0.256582 0.33302 -0.868911 -0.493825 0.033622
-0.0742187 0.397546 -0.273452 -0.415272 0.764283 0.493376
-0.120096 0.213505 0.11137 0.868911 0.493826 -0.033622
-0.033872 0.0711614 0.249024 0.868911 0.493825 -0.0336221
-0.138338 -0.0245257 -0.0860322 -0.269338 0.414738 -0.869166
0.0305481 -0.0225345 0.465471 -0.415272 0.764284 0.493376
0.213082 -0.365671 0.215177 0.868911 0.493825 -0.0336221
-0.0831674 -0.340927 -0.107252 -0.868911 -0.493825 0.0336221
0.161783 -0.428247 0.241121 0.269339 -0.414738 0.869166
-0.250861 -0.0277321 0.15903 -0.868911 -0.493825 0.0336221
-0.0179988 0.0252607 -0.0149274 0.868911 0.493825 -0.0336221
0.119738 0.158205 -0.443248 0.868911 0.493825 -0.0336221
-0.265922 -0.010302 0.0257878 -0.868911 -0.493825 0.0336221
-0.1801 0.27042 0.030266 -0.868911 -0.493825 0.033622
0.00900555 0.0438519 0.373867 0.213905 -0.435898 -0.874207
0.041376 -0.145598 -0.356316 -0.868911 -0.493825 0.0336221
-0.0609847 0.114778 0.188952 0.868911 0.493825 -0.0336221
-0.210063 -0.0997763 0.15522 -0.868911 -0.493825 0.0336221
0.131104 -0.506743 0.209848 0.415272 -0.764283 -0.493376
-0.108228 0.139706 -0.0321817 -0.868911 -0.493825 0.0336221
-0.0271553 0.052798 0.152892 0.868911 0.493825 -0.0336221
0.134638 -0.234981 0.10742 0.868911 0.493825 -0.0336221
0.0495222 -0.120478 -0.410488 0.868912 0.493824 -0.0336234
-0.216849 -0.0653964 0.484816 -0.868911 -0.493825 0.0336221
-0.201333 -0.105217 0.300933 -0.868911 -0.493825 0.0336221
0.0979705 -0.158065 0.289525 0.868911 0.493825 -0.0336221
-0.290486 0.183791 0.142831 -0.415272 0.764284 0.493376
-0.0589062 0.0253398 -0.437296 -0.86891 -0.493827 0.0336231
0.105454 0.0123073 0.387599 -0.269338 0.414738 -0.869166
0.16853 -0.295206 0.0987596 0.868911 0.493825 -0.0336221
-0.124075 0.220698 -0.431506 -0.269339 0.414738 -0.869166
-0.0174377 -0.0407066 -0.589284 -0.269339 0.414737 -0.869166
-0.149726 -0.188692 -0.160838 -0.269338 0.414738 -0.869166
-0.124613 0.368922 -0.271527 -0.415272 0.764283 0.493376
-0.00865145 -0.447759 0.249402 -0.868911 -0.493825 0.0336221
-0.16708 -0.181714 0.0626006 -0.868911 -0.493825 0.0336221
-0.258682 0.131127 0.251181 -0.415272 0.764284 0.493376
0.0885001 0.158443 0.366439 -0.237548 0.356455 -0.90361
0.194374 -0.344632 0.350584 0.269338 -0.414738 0.869166
-0.00644859 0.384042 -0.387373 0.868911 0.493825 -0.0336221
0.0505525 -0.350219 -0.100422 0.415272 -0.764283 -0.493376
0.354491 -0.204571 0.295303 0.868911 0.493825 -0.0336221
-0.029708 0.0123679 0.510708 0.269339 -0.414738 0.869166
0.0354418 0.171076 -0.343756 0.269339 -0.414738 0.869166
-0.320333 0.195901 0.0755454 -0.269338 0.414738 -0.869166
-0.14966 0.21074 -0.059613 -0.86891 -0.493826 0.0336226
-0.115778 -0.270295 0.087389 -0.868911 -0.493825 0.0336221
-0.00771527 0.0884359 -0.530675 -0.269339 0.414738 -0.869166
-0.0483532 -0.392355 0.0371085 -0.868911 -0.493825 0.0336221
0.0282593 -0.116672 -0.480971 0.415272 -0.764284 -0.493376
-0.279855 0.442871 -0.277219 -0.269339 0.414737 -0.869166
0.189674 0.028091 0.520983 -0.415272 0.764284 0.493376
-0.247762 0.0125689 0.444029 -0.415272 0.764284 0.493376
0.0833351 0.197667 -0.506768 -0.269339 0.414738 -0.869166
0.106299 0.0639122 0.446864 0.482768 -0.830547 0.277717
-0.160157 -0.189711 0.124055 -0.868911 -0.493825 0.0336221
-0.0583925 0.0933883 0.478224 -0.415272 0.764284 0.493376
0.0824395 -0.278634 -0.184475 0.415272 -0.764283 -0.493376
-0.0704024 0.0510027 -0.357472 -0.868912 -0.493824 0.0336212
0.161167 -0.222143 0.419322 0.269339 -0.414738 0.869166
-0.22552 -0.0567232 0.388118 -0.868911 -0.493825 0.0336221
0.107104 -0.178598 0.223987 0.868911 0.493825 -0.0336221
-0.0193814 0.384948 -0.224714 0.269339 -0.414738 0.869166
-0.304317 0.137967 0.202174 -0.415272 0.764284 0.493376
0.0229472 0.333913 -0.36395 0.868911 0.493825 -0.033622
-0.0836193 0.150542 -0.477518 -0.269339 0.414738 -0.869166
-0.335274 0.113383 0.0501214 -0.868911 -0.493825 0.0336221
0.0824714 -0.153837 -0.0489367 0.868911 0.493825 -0.0336221
0.229761 -0.404122 0.311232 0.269338 -0.414738 0.869166
-0.116406 0.144261 -0.176629 -0.868911 -0.493825 0.0336221
-0.103525 -0.28659 0.164708 -0.868911 -0.493825 0.0336221
-0.236893 -0.0421828 0.307757 -0.868911 -0.493825 0.0336221
-0.156426 -0.175746 0.42559 -0.868911 -0.493825 0.0336221
0.0271429 -0.013091 0.399747 -0.269338 0.414738 -0.869166
0.00641398 -0.00635676 0.151601 0.868911 0.493825 -0.0336221
0.279768 -0.0729275 0.297712 0.868911 0.493825 -0.0336221
0.0988143 -0.0809879 0.505999 0.269339 -0.414738 0.869166
0.0441315 -0.0949398 -0.174713 0.868911 0.493825 -0.0336221
0.0165159 -0.0403265 0.547398 -0.868911 -0.493825 0.0336211
-0.0896397 -0.175341 0.439711 0.269338 -0.414738 0.869166
-0.147853 0.206749 0.227321 -0.415272 0.764284 0.493376
-0.236543 0.109343 0.30356 -0.415272 0.764284 0.493376
-0.081194 -0.32892 0.120096 -0.868911 -0.493825 0.0336221
0.14 0.106125 0.476756 0.354993 -0.574409 0.737587
0.270375 -0.325356 0.336231 0.269338 -0.414738 0.869166
-0.131518 0.165712 -0.252118 -0.868911 -0.493825 0.033622
-0.0305004 -0.40596 0.298665 -0.868911 -0.493825 0.0336221
0.0518709 -0.0813352 0.225118 0.868911 0.493825 -0.0336221
-0.0488655 0.0640182 -0.243377 0.868911 0.493825 -0.0336221
0.335631 -0.212356 0.209069 -0.269338 0.414738 -0.869166
-0.158073 0.265426 -0.107493 0.868911 0.493825 -0.0336221
0.138058 -0.358195 -0.0144134 0.415272 -0.764283 -0.493376
-0.115584 -0.255996 0.302413 -0.868911 -0.493825 0.0336221
-0.177492 0.151953 0.287257 -0.415272 0.764284 0.493376
0.0647202 0.125913 0.494303 -0.0483417 0.15227 0.987156
0.010923 -0.0335923 -0.131892 0.868911 0.493825 -0.0336221
0.18298 0.0627641 0.461638 -0.415272 0.764284 0.493376
-0.183441 0.271435 -0.0411601 -0.868911 -0.493825 0.033622
0.0899406 -0.176364 -0.186775 0.868911 0.493825 -0.0336221
0.324616 -0.15519 0.248481 0.868911 0.493825 -0.0336221
-0.071123 0.269855 -0.424458 -0.269339 0.414738 -0.869166
0.13182 -0.00792227 0.528076 -0.415272 0.764284 0.493376
-0.166364 0.227204 -0.249495 -0.868911 -0.493825 0.033622
-0.100056 -0.279097 0.364408 -0.868911 -0.493825 0.0336221
-0.0640676 -0.333819 0.356166 0.269338 -0.414738 0.869166
-0.01674 0.0773259 -0.37232 0.269339 -0.414738 0.869166
-0.0318031 -0.223535 -0.214006 -0.269338 0.414738 -0.869166
0.17324 -0.333766 0.287792 -0.868912 -0.493824 0.033619
-0.250029 0.17794 0.185946 -0.415272 0.764284 0.493376
-0.0301455 -0.0212854 -0.378826 -0.868911 -0.493825 0.0336221
0.0362386 -0.487387 0.251806 0.269338 -0.414738 0.869166
-0.229933 -0.0740477 0.0196008 -0.868911 -0.493825 0.0336221
0.112469 -0.20324 0.000682912 0.868911 0.493825 -0.0336221
-0.196774 0.0946195 0.359842 -0.415272 0.764284 0.493376
0.0948138 -0.186045 0.430641 -0.86891 -0.493826 0.0336239
-0.122601 0.20186 -0.124413 0.868911 0.493825 -0.0336221
-0.0516405 0.0801016 -0.0788683 0.868911 0.493825 -0.0336221
-0.0552597 0.0793005 -0.184165 0.868911 0.493825 -0.0336221
0.0885322 -0.31165 -0.128202 0.415272 -0.764283 -0.493376
0.0574377 0.186172 0.424908 -0.49479 0.868415 -0.0322167
-0.158349 0.324816 -0.231598 -0.415272 0.764283 0.493376
-0.0027854 0.0200356 0.301496 0.868911 0.493825 -0.0336221
0.22339 -0.0410462 0.325594 -0.269338 0.414738 -0.869166
0.127745 -0.0379328 0.356718 -0.269338 0.414738 -0.869166
0.0577373 -0.126644 -0.288753 0.868911 0.493825 -0.0336221
-0.0507937 -0.396167 -0.0819508 -0.868911 -0.493825 0.0336221
-0.189466 0.264483 -0.298983 -0.868911 -0.493825 0.033622
-0.022503 0.325737 -0.41286 -0.269339 0.414738 -0.869166
0.348233 -0.188659 0.367257 0.868911 0.493825 -0.0336221
-0.026234 -0.371427 -0.1322 0.415272 -0.764283 -0.493376
0.0995101 0.0808278 0.380026 0.317435 -0.608085 -0.727645
-0.0687556 0.11818 0.0380957 0.868911 0.493825 -0.0336221
-0.361977 0.162777 0.0855119 -0.868911 -0.493825 0.0336221
0.00786975 -0.0790565 -0.244896 -0.868911 -0.493825 0.0336221
-0.0980315 -0.304561 0.042726 -0.868911 -0.493825 0.0336221
-0.260159 -0.0248556 -0.0390316 -0.868911 -0.493825 0.0336221
-0.136055 -0.0950513 -0.120392 -0.269338 0.414738 -0.869166
-0.163937 0.088011 -0.0244006 -0.269338 0.414738 -0.869166
-0.244019 0.397337 -0.14886 -0.415271 0.764284 0.493376
0.0181476 -0.0649346 -0.405524 0.868911 0.493825 -0.0336221
-0.0289783 -0.150689 0.432676 0.269338 -0.414738 0.869166
-0.0279837 -0.418415 0.180776 -0.868911 -0.493825 0.0336221
0.0184483 -0.45089 0.0285048 0.415272 -0.764283 -0.493376
0.166546 -0.397535 0.0705059 0.415272 -0.764283 -0.493376
-0.0414017 -0.212408 0.407076 0.269338 -0.414738 0.869166
-0.0799451 -0.350817 -0.169239 -0.868911 -0.493825 0.0336221
0.0643215 -0.13355 -0.220022 0.868911 0.493825 -0.0336221
-0.124679 0.278033 -0.243101 0.269339 -0.414738 0.869166
0.0789281 0.231453 -0.422091 0.868911 0.493825 -0.0336221
0.151895 0.0501641 0.391272 -0.269338 0.414738 -0.869166
0.295305 -0.0919028 0.420522 0.868911 0.493825 -0.0336221
-0.124157 0.224384 0.166211 0.868911 0.493826 -0.0336219
0.112743 0.138375 -0.537763 0.415272 -0.764284 -0.493376
-0.0852409 0.0921401 -0.136742 -0.868911 -0.493825 0.0336221
-0.0322668 0.0738693 0.530451 -0.415271 0.764284 0.493376
-0.136595 -0.050314 0.513921 0.269338 -0.414738 0.869166
-0.173491 0.256126 -0.399287 -0.269339 0.414738 -0.869166
-0.0628818 -0.350473 0.276791 -0.868911 -0.493825 0.0336221
0.0596839 -0.472128 0.0961119 0.415272 -0.764283 -0.493376
0.202349 0.123684 0.454555 0.451556 -0.76305 0.462441
-0.181352 -0.166911 -0.0888291 -0.868911 -0.493825 0.0336221
-0.137996 0.166323 -0.453138 -0.269339 0.414738 -0.869166
-0.0534087 0.0873056 -0.0187535 0.868911 0.493825 -0.0336221
0.0559437 -0.110435 -0.0970313 0.868911 0.493825 -0.0336221
-0.112455 0.31833 -0.38852 -0.269339 0.414738 -0.869166
-0.0633989 -0.0487499 0.491985 0.269338 -0.414738 0.869166
0.087475 -0.39918 0.00650074 0.415272 -0.764283 -0.493376
-0.273912 0.00877806 0.099559 -0.868911 -0.493825 0.0336221
-0.207546 0.341322 -0.271312 0.868911 0.493825 -0.033622
-0.23009 -0.0587693 0.23996 -0.868911 -0.493825 0.0336221
-0.0318439 -0.425511 -0.0232093 -0.868911 -0.493825 0.0336221
-0.285654 0.146743 0.0413422 -0.269338 0.414738 -0.869166
0.145441 -0.259706 0.0234769 0.868911 0.493825 -0.0336221
-0.0104047 0.129931 0.473337 -0.35367 0.666952 0.655815
0.142588 0.234025 0.416096 -0.493655 0.859656 -0.131517
-0.136562 -0.236728 0.0432802 -0.868911 -0.493825 0.0336221
0.0696822 -0.539058 0.216786 0.269339 -0.414738 0.869166
-0.0992118 -0.102754 0.477313 0.269338 -0.414738 0.869166
0.254069 -0.257241 0.212926 -0.269338 0.414738 -0.869166
-0.167166 0.178535 0.019795 -0.269338 0.414738 -0.869166
-0.011847 -0.282442 0.3645 0.269338 -0.414738 0.869166
0.152175 -0.0653129 0.496943 0.269339 -0.414738 0.869166
-0.229961 0.384582 -0.215222 0.868911 0.493826 -0.0336219
0.158879 0.118534 0.374593 0.298109 -0.576344 -0.760893
-0.103572 0.10901 -0.3627 -0.868911 -0.493825 0.033622
0.149043 -0.250772 0.247762 0.868911 0.493825 -0.0336221
-0.125368 -0.268637 -0.136102 -0.868911 -0.493825 0.0336221
-0.131482 0.229962 0.0588255 0.868911 0.493825 -0.0336224
0.0781924 -0.141823 0.0169335 0.868911 0.493825 -0.0336221
0.0302349 -0.397804 -0.0438104 0.415272 -0.764283 -0.493376
-0.10569 -0.231173 -0.194755 -0.269338 0.414738 -0.869166
-0.0861161 0.0745712 -0.512995 -0.269339 0.414738 -0.869166
-0.192725 -0.111361 0.433152 -0.868911 -0.493825 0.0336221
-0.0414101 0.269013 -0.273208 0.269339 -0.414738 0.869166
0.0662004 -0.0534174 0.368401 -0.269338 0.414738 -0.869166
-0.0855808 0.322392 -0.23405 0.269339 -0.414738 0.869166
-0.026312 0.02058 -0.298515 0.868911 0.493825 -0.0336221
-0.165272 -0.111917 0.493412 0.269338 -0.414738 0.869166
-0.110126 0.19173 0.282341 -0.415272 0.764283 0.493376
-0.147817 0.0349523 0.493478 -0.415272 0.764284 0.493376
-0.0348689 0.0784126 0.32976 0.868911 0.493825 -0.0336222
-0.0815594 0.122607 -0.22777 0.868911 0.493825 -0.0336221
-0.133609 0.164248 -0.327671 -0.868911 -0.493825 0.033622
0.155617 -0.296485 0.379914 -0.868911 -0.493825 0.0336211
0.155634 0.210819 0.47816 -0.27804 0.543167 0.792252
-0.0389243 0.132598 -0.339071 0.269339 -0.414738 0.869166
0.318668 -0.135258 0.387527 0.868911 0.493825 -0.0336221
-0.00254573 -0.0570029 -0.190156 -0.868911 -0.493825 0.0336221
-0.0932777 0.138453 -0.297876 0.868911 0.493825 -0.0336221
0.197986 -0.0970144 0.46762 0.269339 -0.414738 0.869166
0.0689315 -0.12059 0.0894597 0.868911 0.493825 -0.0336221
-0.00113014 -0.0347561 -0.460481 0.868911 0.493825 -0.0336221
0.193502 -0.336058 0.144125 0.868911 0.493825 -0.0336221
-0.14888 -0.20284 0.222646 -0.868911 -0.493825 0.0336221
-0.0435668 0.0762883 0.0737754 0.868911 0.493825 -0.0336221
-0.136155 -0.229219 0.16407 -0.868911 -0.493825 0.0336221
-0.00960152 -0.00505044 -0.243108 0.868911 0.493825 -0.0336221
-0.223185 -0.0666938 -0.0798607 -0.269338 0.414738 -0.869166
0.0829 0.00854831 0.461386 -0.415272 0.764284 0.493376
0.135099 0.0926613 -0.412054 0.269339 -0.414738 0.869166
0.025586 -0.0272871 0.339659 0.868911 0.493825 -0.0336221
-0.174151 0.33984 -0.359138 -0.269339 0.414738 -0.869166
-0.0675573 -0.347532 0.19915 -0.868911 -0.493825 0.0336221
-0.114362 -0.262459 0.239076 -0.868911 -0.493825 0.0336221
-0.190081 -0.137997 0.110272 -0.868911 -0.493825 0.0336221
-0.0381641 -0.0160211 -0.508736 -0.868911 -0.493826 0.0336222
0.163678 -0.296638 -0.0476607 0.868911 0.493826 -0.0336218
-0.186527 -0.126573 0.369897 -0.868911 -0.493825 0.0336221
-0.156872 0.276813 0.0907773 0.868911 0.493825 -0.0336221
0.0159206 -0.0695042 -0.530193 0.868911 0.493825 -0.0336221
-0.0213503 -0.434544 0.115313 -0.868911 -0.493825 0.0336221
0.155344 -0.44222 0.130298 0.415272 -0.764283 -0.493376
-0.216456 0.309721 -0.332084 -0.868907 -0.493832 0.0336352
-0.0776741 -0.344954 -0.024434 -0.868911 -0.493825 0.0336221
-0.0975261 0.407676 -0.350513 -0.269339 0.414738 -0.869166
0.378284 -0.269532 0.329429 0.269338 -0.414738 0.869166
0.268874 -0.0494214 0.361412 0.868911 0.493825 -0.0336221
-0.0519718 0.19766 -0.464842 -0.269339 0.414738 -0.869166
0.178097 0.195309 0.421792 0.868911 0.493825 -0.0336204
0.0177756 0.239806 -0.305486 0.269339 -0.414738 0.869166
-0.285046 0.0319734 0.152484 -0.868911 -0.493825 0.0336221
0.139149 -0.237789 0.182774 0.868911 0.493825 -0.0336221
-0.201414 0.29983 -0.0885912 -0.868911 -0.493825 0.033622
0.0768186 -0.151221 0.477059 -0.868911 -0.493825 0.0336211
0.137275 -0.12618 0.472516 0.269339 -0.414738 0.869166
0.0708565 -0.190617 -0.255655 -0.868911 -0.493825 0.0336221
-0.304454 0.090367 0.275796 -0.415272 0.764284 0.493376
-0.232771 0.381975 -0.320867 -0.269339 0.414737 -0.869166
0.232114 -0.31815 0.269907 0.415272 -0.764284 -0.493376
-0.165339 0.219162 -0.341112 -0.868911 -0.493825 0.033622
0.0838361 0.228112 -0.344326 0.868911 0.493825 -0.033622
-0.307883 0.0708931 0.0120376 -0.269338 0.414738 -0.869166
-0.0408152 -0.0976906 0.461633 0.269338 -0.414738 0.869166
-0.0967515 0.219801 -0.279541 0.269339 -0.414738 0.869166
0.0488705 -0.262321 -0.237999 0.415272 -0.764283 -0.493376
0.125423 0.165875 0.490945 -0.0728341 0.194752 0.978145
0.240616 0.00756345 0.468089 0.868911 0.493825 -0.0336221
0.0464802 0.0871337 0.364656 0.0728347 -0.194753 -0.978144
0.0958661 -0.162902 0.164098 0.868911 0.493825 -0.0336221
-0.127252 0.205061 -0.197582 0.868911 0.493825 -0.0336221
-0.045958 -0.330835 -0.211682 0.415272 -0.764283 -0.493376
0.11804 -0.228768 -0.230275 0.868911 0.493825 -0.0336221
0.0250143 -0.087353 0.446167 0.269339 -0.414738 0.869166
-0.0701523 0.143949 0.380477 0.868911 0.493825 -0.0336223
0.250142 -0.431923 0.199856 0.868911 0.493826 -0.0336219
0.0642733 -0.0963879 0.324552 0.868911 0.493825 -0.0336221
-0.0988256 -0.293489 -0.226617 -0.269338 0.414738 -0.869166
0.0495604 -0.316267 0.32933 0.269339 -0.414738 0.869166
-0.188068 -0.115998 -0.114269 -0.269338 0.414738 -0.869166
-0.222674 0.0778653 -0.0110402 -0.269338 0.414738 -0.869166
0.101296 -0.434356 0.0726245 0.415272 -0.764283 -0.493376
-0.143772 -0.202862 0.354352 -0.868911 -0.493825 0.0336221
-0.0216823 0.0301549 0.595421 -0.868911 -0.493825 0.0336221
0.212022 -0.0929922 0.30433 -0.269338 0.414738 -0.869166
0.182323 -0.323495 0.0397143 0.868907 0.493833 -0.0336169
-0.202273 -0.109226 0.217753 -0.868911 -0.493825 0.0336221
-0.0920652 -0.158376 -0.16424 -0.269338 0.414738 -0.869166
-0.0250771 0.144086 -0.49874 -0.269339 0.414738 -0.869166
-0.209239 -0.0257435 0.535803 -0.415272 0.764284 0.493376
0.213572 -0.255061 0.387376 0.269339 -0.414738 0.869166
0.0883941 -0.184188 -0.325767 0.415272 -0.764284 -0.493376
0.00591015 0.36699 -0.318431 0.868911 0.493825 -0.033622
0.128502 -0.392476 0.268503 0.269339 -0.414738 0.869166
0.309128 -0.289267 0.289988 0.415272 -0.764284 -0.493376
0.246902 -0.144755 0.268822 -0.269338 0.414738 -0.869166
-0.262815 0.202635 0.0609348 -0.269338 0.414738 -0.869166
-0.211144 0.335515 -0.0254223 -0.415272 0.764283 0.493376
0.0824645 -0.366082 -0.048989 0.415272 -0.764283 -0.493376
0.0154706 -0.0531837 -0.302117 0.868911 0.493825 -0.0336221
-0.00343088 0.00477245 0.0606369 0.868911 0.493825 -0.0336221
-0.287446 0.0611064 0.335439 -0.415272 0.764284 0.493376
0.190366 -0.282451 0.220637 -0.269338 0.414738 -0.869166
-0.301362 0.0554913 0.0762498 -0.868911 -0.493825 0.0336221
-0.00153362 -0.00785377 -0.0757792 0.868911 0.493825 -0.0336221
-0.0347324 -0.125836 -0.166479 -0.269338 0.414738 -0.869166
0.214875 -0.219743 0.242965 -0.269338 0.414738 -0.869166
0.0115992 -0.0104225 0.225889 0.868911 0.493825 -0.0336221
-0.272334 0.0135979 0.211126 -0.868911 -0.493825 0.0336221
0.156183 -0.131137 0.303432 -0.269338 0.414738 -0.869166
-0.066247 -0.0828461 -0.1362 -0.269338 0.414738 -0.869166
-0.171159 0.241177 -0.16819 -0.868911 -0.493825 0.033622
-0.231333 0.251589 0.0875946 -0.415272 0.764284 0.493376
0.00927819 0.0517168 -0.490608 0.415272 -0.764283 -0.493376
-0.14413 0.178551 -0.389465 -0.868911 -0.493825 0.033622
0.0274721 -0.32975 -0.151556 0.415272 -0.764283 -0.493376
-0.105237 0.105056 0.420722 -0.415272 0.764284 0.493376
-0.150346 0.389556 -0.325151 -0.415272 0.764283 0.493376
-0.0112203 0.145358 0.415834 -0.487613 0.842353 -0.229512
0.00446945 -0.0804602 -0.35339 -0.868911 -0.493825 0.0336221
-0.166361 0.06431 0.432392 -0.415272 0.764284 0.493376
0.0238046 -0.512369 0.139211 -0.868911 -0.493825 0.0336221
