ply
format ascii 1.0
comment Created by Open3D
element vertex 400
property double x
property double y
property double z
property double nx
property double ny
property double nz
end_header
-0.324228 0.0765333 0.403783 -0.889987 -0.427512 -0.158609
0.305567 -0.399974 0.00870468 -0.37744 0.885854 -0.269818
-0.146894 -0.0738106 0.0787585 0.889983 0.427519 0.158614
-0.151896 0.364252 -0.353916 -0.0859737 0.498924 -0.862371
-0.346809 0.334508 -0.0483207 0.455873 -0.841944 -0.288635
-0.181641 0.00334714 -0.199037 -0.889987 -0.427512 -0.15861
-0.0728533 0.0864577 -0.522514 -0.0859735 0.498924 -0.862371
0.168008 -0.299429 -0.413977 0.447808 -0.753862 -0.480791
0.113799 -0.507925 -0.077456 -0.37744 0.885854 -0.269818
0.246283 -0.370214 0.293112 0.377441 -0.885854 0.269818
0.10149 0.100331 -0.518153 0.255855 -0.180269 -0.949758
-0.00790257 -0.286067 -0.12904 0.889987 0.427511 0.15861
0.232892 -0.039208 -0.426788 -0.255855 0.180269 0.949759
0.0701893 -0.527743 -0.147097 0.447808 -0.753862 -0.480791
0.182855 -0.448187 -0.166901 0.447808 -0.753862 -0.480791
-0.152648 -0.0238575 -0.0236009 0.889983 0.427519 0.158613
0.176022 -0.248214 -0.34689 -0.244858 0.154634 0.957148
-0.163421 0.476948 -0.058604 -0.377441 0.885854 -0.269818
0.0203356 0.343024 -0.3509 0.0859736 -0.498924 0.862371
0.12292 -0.424361 0.287909 0.377441 -0.885854 0.269818
-0.0250119 0.285184 0.415343 0.422657 -0.903962 0.0649068
-0.192276 -0.0585034 0.485757 -0.255855 0.180269 0.949758
-0.0724062 0.484232 -0.162006 -0.377441 0.885854 -0.269818
0.0935092 -0.439618 0.17519 -0.377441 0.885854 -0.269818
0.0289645 -0.311773 -0.459471 0.255855 -0.180269 -0.949758
-0.159779 -0.160669 0.146469 -0.44428 0.73468 0.5127
0.209772 0.188231 -0.475184 0.889987 0.427512 0.15861
-0.325242 0.206601 0.233556 -0.00121987 0.35007 -0.936723
-0.272407 0.224777 -0.286569 -0.889987 -0.427512 -0.158611
0.200953 -0.42077 0.0867685 -0.37744 0.885854 -0.269818
-0.221828 -0.167202 0.498427 -0.255855 0.180268 0.949759
0.23668 -0.36629 0.215657 -0.37744 0.885854 -0.269818
-0.3018 0.433866 0.0785712 -0.447808 0.753862 0.480791
0.0803126 -0.354112 0.319985 -0.452288 0.78343 0.426232
0.0264125 -0.375685 0.284069 -0.39633 0.897256 -0.19456
0.337589 -0.348052 -0.179791 0.447808 -0.753862 -0.480791
0.118978 -0.478156 -0.179406 0.447808 -0.753862 -0.480791
0.219624 -0.460196 0.0349832 0.377441 -0.885854 0.269818
-0.184025 0.0241827 0.0229763 0.889987 0.427512 0.15861
-0.200355 0.357667 -0.279337 -0.304715 0.298832 0.904349
0.052174 -0.425551 -0.17491 -0.257872 0.758756 -0.598157
0.374758 -0.229835 -0.27411 0.889987 0.427512 0.15861
-0.0643438 0.310879 0.366272 0.164256 0.0239144 -0.986128
-0.171538 0.375021 0.292163 -0.447808 0.753862 0.480791
0.0237097 -0.387588 -0.29758 -0.889987 -0.427512 -0.15861
0.0340676 -0.0958963 -0.46959 -0.255855 0.180269 0.949759
-0.209671 0.436829 -0.120255 0.525985 -0.0347221 -0.849784
-0.161662 0.0849087 -0.318192 -0.178248 0.646338 -0.74194
0.0047994 0.283436 -0.416294 -0.0859737 0.498924 -0.862371
0.367875 -0.177639 -0.376176 0.889988 0.427508 0.158614
0.0350208 0.404558 -0.278422 0.425374 -0.903694 0.0489398
0.064977 0.118023 0.492072 0.255855 -0.180269 -0.949759
-0.180613 0.11131 -0.495806 -0.889987 -0.427512 -0.15861
-0.0159623 0.0280434 0.487346 0.255855 -0.180269 -0.949759
-0.199858 0.0766565 -0.242317 -0.394283 0.546774 0.738633
0.16122 0.272986 -0.4312 0.889987 0.427512 0.15861
0.062333 0.0205644 -0.513561 0.255855 -0.180269 -0.949759
-0.191372 0.157489 -0.295109 0.889987 0.427512 0.15861
0.174423 -0.0949046 -0.431968 -0.255855 0.180269 0.949759
-0.138085 0.466218 -0.129274 -0.377441 0.885854 -0.269818
0.160041 -0.35181 0.27025 0.0844743 0.187238 -0.978676
-0.0897253 0.473636 -0.068796 0.37744 -0.885854 0.269818
-0.00349877 0.0592925 -0.509166 -0.255855 0.180269 0.949759
-0.134921 -0.186773 0.316048 0.889987 0.427511 0.15861
-0.313778 0.328839 -0.334538 -0.37744 0.885854 -0.269818
-0.303312 0.284548 0.311289 -0.447793 0.753862 0.480804
0.101768 -0.0417272 0.54551 0.0859736 -0.498924 0.862371
-0.348963 0.387202 -0.0937035 -0.37744 0.885854 -0.269818
0.129421 0.322355 -0.385838 0.889987 0.427512 0.15861
0.00239245 -0.32538 -0.26579 0.23881 -0.73332 0.636563
-0.161624 0.206083 0.414314 0.255855 -0.180269 -0.949759
0.105008 0.175455 -0.456288 0.0859737 -0.498924 0.862371
-0.0274044 0.529344 -0.0768496 -0.377441 0.885854 -0.269818
-0.144828 -0.118254 0.50988 -0.255855 0.180269 0.949758
-0.117534 -0.17096 -0.00704174 0.370945 -0.881084 0.293412
0.119287 -0.494684 0.0621107 0.37744 -0.885854 0.269818
0.244948 -0.410244 -0.110326 -0.447808 0.753862 0.480791
0.114497 -0.0477595 -0.45706 -0.255855 0.180269 0.949759
0.0112425 -0.493615 0.110935 -0.357266 0.869906 -0.340037
-0.0343584 0.164942 0.485887 -0.255855 0.180269 0.949759
0.33604 -0.339748 0.239402 0.889987 0.427512 0.15861
0.0535405 0.45173 -0.323786 -0.0859737 0.498924 -0.862371
0.307516 -0.141434 -0.416763 0.255855 -0.180269 -0.949759
-0.223826 0.231913 0.337828 0.185134 -0.0208984 -0.982491
-0.298377 0.140898 0.419327 -0.255855 0.180269 0.949758
0.244682 -0.180237 -0.380725 -0.403633 0.900437 -0.162154
-0.393519 0.294798 0.204284 -0.889987 -0.427512 -0.15861
-0.0839484 -0.0443652 -0.540644 0.255855 -0.180269 -0.949758
-0.0667053 -0.432249 0.330133 -0.889987 -0.427512 -0.15861
0.23944 0.0926619 -0.479535 0.255855 -0.180269 -0.949759
-0.00458021 -0.360447 0.371717 0.0859737 -0.498924 0.862371
-0.0514067 -0.0734309 0.526539 -0.255855 0.180269 0.949758
-0.0636388 -0.0829951 -0.479085 -0.0667521 -0.221941 0.972772
-0.0165924 -0.185224 -0.495763 0.255855 -0.180269 -0.949759
0.0313726 0.20671 -0.430865 0.0859737 -0.498924 0.862371
-0.343234 0.219901 0.235543 0.133236 0.0888505 -0.987094
-0.357799 0.324817 -0.0396955 0.454618 -0.804984 -0.381212
-0.19514 -0.206848 0.443264 -0.889987 -0.427512 -0.158609
-0.126702 0.530234 0.0649786 -0.377441 0.885854 -0.269818
0.0876016 -0.440782 0.179631 -0.377441 0.885854 -0.269818
-0.125817 0.465462 0.134705 0.447808 -0.753862 -0.480791
-0.0354847 0.389186 0.338437 0.447808 -0.753862 -0.480791
-0.269037 0.1445 0.175695 0.889986 0.427512 0.158612
0.239345 -0.443593 -0.0418682 -0.37744 0.885854 -0.269818
0.344029 -0.277619 -0.225993 -0.447808 0.753862 0.48079
-0.0397071 0.379139 -0.32402 0.0859736 -0.498924 0.862371
0.152718 -0.189025 0.422743 -0.0859736 0.498924 -0.862371
-0.15427 0.237834 -0.426818 -0.0859737 0.498924 -0.862371
-0.193701 -0.00619174 -0.105656 -0.889987 -0.427512 -0.15861
-0.143164 0.262933 0.352917 0.244858 -0.154634 -0.957148
-0.0720677 -0.248873 -0.134044 -0.889988 -0.427511 -0.158609
-0.0205292 -0.246546 -0.429508 -0.889987 -0.427512 -0.15861
0.0919002 0.0354518 0.514997 0.255855 -0.180269 -0.949759
-0.12271 -0.278124 0.228961 -0.889987 -0.427512 -0.15861
-0.305669 0.182569 0.116835 -0.415129 0.615736 0.669729
0.159709 -0.430246 0.217127 0.377441 -0.885854 0.269818
-0.258159 0.343875 0.260321 -0.44784 0.753862 0.480761
0.0434854 -0.438124 0.250072 -0.37744 0.885854 -0.269818
0.261481 -0.249999 -0.345007 0.18802 -0.660951 0.726493
-0.313625 0.186045 0.313904 0.889988 0.42751 0.158609
-0.311758 0.360474 0.184372 -0.447808 0.753863 0.480791
-0.0227356 -0.48711 0.285647 0.377441 -0.885853 0.269819
-0.267737 -0.0554804 0.442623 -0.889988 -0.42751 -0.15861
0.324968 -0.370024 -0.0988588 -0.447808 0.753862 0.480791
-0.100399 0.223267 0.457026 -0.255855 0.180269 0.949759
0.119068 -0.536192 -0.0883243 0.447808 -0.753862 -0.480791
-0.397105 0.349108 0.0780169 -0.889987 -0.427511 -0.158609
-0.0754346 0.491552 0.198958 -0.447808 0.753862 0.480791
-0.397895 0.378938 0.0020466 -0.889987 -0.427511 -0.15861
0.0644696 -0.5333 -0.133544 -0.889987 -0.427512 -0.15861
0.063488 0.0202372 -0.483707 -0.255855 0.180269 0.949759
-0.161286 0.00449046 0.452668 0.255855 -0.180269 -0.949759
-0.0999743 -0.011524 0.501705 -0.255855 0.180269 0.949759
-0.0312217 0.454672 -0.313634 -0.0859737 0.498924 -0.862371
0.141462 -0.264228 0.412825 0.0859737 -0.498924 0.862371
-0.113533 0.484605 0.000521108 0.377457 -0.885851 0.269806
-0.282802 0.231032 0.406415 -0.255855 0.180268 0.949759
0.189246 -0.439758 -0.174165 0.447808 -0.753862 -0.480791
0.0402394 -0.391216 -0.380552 -0.889987 -0.427512 -0.15861
0.297857 -0.40451 0.00459761 -0.37744 0.885854 -0.269818
-0.0658123 0.378452 -0.260628 0.0952421 -0.514451 0.852214
-0.131524 0.0352543 -0.546288 -0.0859735 0.498924 -0.862371
-0.0947106 -0.238259 0.451394 0.0859737 -0.498924 0.862371
0.0104514 -0.343887 -0.340976 -0.889987 -0.427511 -0.15861
0.124918 -0.491738 0.0639056 0.37744 -0.885854 0.269818
0.288021 -0.271759 0.32559 0.889994 0.427504 0.158591
0.117638 -0.123709 0.464029 -0.0859737 0.498924 -0.862371
-0.0161603 -0.315854 -0.267213 -0.889987 -0.427512 -0.15861
0.18258 0.0129726 -0.450246 -0.255855 0.180269 0.949759
0.265187 -0.170616 -0.361612 -0.45173 0.874036 0.17889
-0.231161 0.19191 -0.429415 -0.889987 -0.427512 -0.15861
-0.0835765 -0.35834 0.228424 0.111334 0.133581 -0.984764
-0.143326 0.0889515 -0.41784 -0.415131 0.615741 0.669723
-0.213885 0.169899 0.436584 -0.255855 0.180269 0.949759
-0.00582596 -0.384112 -0.141219 -0.889987 -0.427512 -0.15861
-0.291976 0.11853 0.109611 -0.889987 -0.427512 -0.15861
0.0744191 -0.539631 -0.0226933 0.37744 -0.885854 0.269818
0.0506386 -0.0897613 0.522817 0.0859736 -0.498924 0.862371
0.195361 -0.363645 0.349934 0.0859737 -0.498924 0.862371
-0.320647 0.308328 0.0237114 0.889988 0.42751 0.158609
-0.101369 0.0812551 -0.490213 0.0859737 -0.498924 0.862371
0.247553 -0.265274 0.401643 0.0859737 -0.498924 0.862371
-0.0735345 -0.330987 0.317347 -0.439274 0.897138 0.0467224
0.268846 0.0442779 -0.432949 -0.255855 0.180269 0.949759
0.152997 -0.0557197 0.500928 0.889987 0.427512 0.15861
0.156878 -0.433056 0.211861 0.377441 -0.885854 0.269818
0.181662 -0.398454 -0.245992 0.447808 -0.753862 -0.480791
0.211331 -0.286225 0.32226 -0.425374 0.903694 -0.048942
-0.0894716 -0.00587764 -0.441384 0.157105 -0.614028 0.773491
-0.15093 -0.188373 0.23837 -0.439273 0.897138 0.0467166
-0.16236 -0.193496 0.229998 -0.444824 0.890477 0.0958201
-0.131267 0.0401464 -0.362262 0.357265 -0.869905 0.340039
0.0510358 -0.417093 -0.106589 0.889987 0.427512 0.15861
-0.0726551 -0.177628 -0.0579836 0.889987 0.427512 0.15861
-0.313914 0.0595056 0.391804 -0.889987 -0.427511 -0.15861
0.176417 -0.175027 -0.445704 0.255855 -0.180269 -0.949759
-0.288851 0.406289 0.133872 -0.447808 0.753862 0.480791
0.0760223 -0.537212 -0.0169944 0.37744 -0.885854 0.269818
-0.0313057 -0.451049 0.188302 -0.157104 0.614028 -0.773491
0.156016 -0.457216 0.133744 0.37744 -0.885854 0.269818
0.0396239 0.124458 -0.511742 -0.0859737 0.498924 -0.862371
-0.0374453 -0.298971 -0.193284 -0.889987 -0.427512 -0.15861
0.185357 -0.186053 -0.441203 0.255855 -0.180269 -0.949759
-0.291566 0.401164 -0.128154 -0.37744 0.885854 -0.269818
-0.255275 0.435406 -0.0665006 -0.377441 0.885854 -0.269818
-0.207832 0.193978 -0.35479 0.454801 -0.857307 -0.241209
-0.227588 0.429093 0.0969399 0.447808 -0.753862 -0.480791
0.133869 -0.327166 0.37717 0.0859737 -0.498924 0.862371
-0.257505 0.0363248 0.450186 -0.255855 0.180269 0.949759
0.0496341 -0.213903 -0.442998 -0.255855 0.180269 0.949758
-0.036349 0.525265 -0.0777273 -0.377441 0.885854 -0.269818
-0.377951 0.29095 0.1273 -0.889985 -0.427514 -0.158614
-0.0646554 0.416006 0.269215 0.447808 -0.753862 -0.480791
-0.342393 0.340219 -0.153043 0.383702 -0.890073 0.246053
-0.11382 -0.253029 0.249411 -0.0441853 -0.265348 0.96314
0.239532 -0.374514 0.28844 0.377441 -0.885854 0.269818
0.158544 -0.185998 0.456382 0.0859737 -0.498924 0.862371
-0.0759507 0.53763 0.126228 -0.447808 0.753862 0.480791
0.197864 -0.333972 -0.273771 -0.447808 0.753863 0.48079
0.0469974 -0.445895 0.317139 0.0859737 -0.498924 0.862371
0.0794452 0.274603 -0.428846 -0.0859737 0.498924 -0.862371
0.161175 -0.253878 0.38438 -0.0859737 0.498924 -0.862371
-0.0332346 -0.47892 0.268118 -0.889987 -0.427512 -0.15861
0.208076 -0.252865 -0.422401 0.255855 -0.180269 -0.949758
0.158002 0.0941201 -0.472269 -0.255855 0.180269 0.949759
0.0563671 -0.197608 -0.473758 0.255855 -0.180268 -0.949759
-0.237083 0.113857 0.0645528 -0.0466174 0.431322 -0.900993
-0.158393 -0.0805837 -0.0989221 0.406327 -0.901395 0.149619
0.0377773 -0.493049 0.0429644 -0.439273 0.897138 0.0467198
0.00808774 0.492877 -0.246225 -0.377441 0.885854 -0.269818
-0.0571041 -0.184592 -0.126473 0.889987 0.427512 0.15861
-0.115308 0.422324 -0.201474 0.377441 -0.885854 0.269818
-0.251474 0.35745 -0.223987 0.377441 -0.885854 0.269818
-0.125188 -0.235235 0.381728 0.341084 -0.393295 -0.853804
-0.0108945 -0.377805 -0.12978 -0.889987 -0.427512 -0.158609
-0.147144 0.165261 -0.469516 -0.0859737 0.498924 -0.862371
-0.0100043 -0.260312 0.397723 -0.0859736 0.498924 -0.862371
-0.0414225 -0.285504 -0.207267 -0.889987 -0.427512 -0.15861
-0.121206 -0.0987853 -0.0453393 -0.448845 0.760025 0.470001
-0.3634 0.167815 0.377546 -0.889987 -0.427512 -0.15861
-0.156447 0.0366808 -0.263537 0.452598 -0.870537 -0.193187
0.330289 -0.19072 -0.319677 -0.0993755 -0.15763 0.982485
0.0430509 -0.440183 -0.264343 -0.889987 -0.427512 -0.15861
-0.202764 -0.161127 0.50241 -0.255855 0.180268 0.949759
-0.102804 0.142156 0.442293 0.255855 -0.180269 -0.949759
0.139363 -0.40684 -0.272241 0.447808 -0.753862 -0.480791
0.271847 0.0257411 -0.428622 -0.255855 0.180269 0.949759
0.0239357 0.361578 -0.372992 -0.0859737 0.498924 -0.862371
0.233187 -0.200534 0.440531 0.0859737 -0.498924 0.862371
0.0824997 -0.326663 -0.370048 0.0803128 -0.489366 0.868373
-0.203773 0.286281 -0.393855 -0.0859737 0.498924 -0.862371
-0.0916791 0.471136 -0.074271 0.37744 -0.885854 0.269818
0.053649 -0.152817 0.453568 -0.0859737 0.498924 -0.862371
-0.0851754 -0.375236 0.371196 0.0859737 -0.498924 0.862371
-0.198796 -0.105541 0.408077 -0.0915486 0.508281 -0.856311
0.3515 -0.364987 0.0593192 -0.37744 0.885854 -0.269818
-0.0710933 -0.339935 0.231725 0.154807 0.0438979 -0.986969
0.127323 -0.245101 -0.445629 0.255855 -0.180269 -0.949758
-0.385529 0.24493 0.296831 -0.447808 0.753863 0.480791
0.108333 -0.140333 -0.47063 0.255855 -0.180269 -0.949759
0.308437 -0.0390642 -0.435945 0.255855 -0.180269 -0.949759
0.358885 -0.350049 0.138978 0.889987 0.427512 0.15861
0.400434 -0.392412 0.00459556 0.377441 -0.885854 0.269818
0.0472813 -0.303949 0.366766 -0.0859736 0.498924 -0.862371
-0.22183 0.132031 -0.307477 0.255857 -0.180273 -0.949757
-0.215106 0.38815 0.230999 -0.447823 0.753863 0.480776
0.168494 -0.500142 -0.0246417 0.377441 -0.885854 0.269818
-0.137472 0.330991 -0.285097 0.260165 -0.761743 0.593348
-0.276063 0.448624 0.00597501 -0.377441 0.885854 -0.269818
0.227198 -0.376798 -0.179299 -0.447808 0.753862 0.480791
-0.136549 -0.185713 0.485966 0.0859737 -0.498924 0.862371
0.0303661 0.182265 0.470555 0.255855 -0.180269 -0.949759
-0.260614 -0.0696266 0.440786 -0.889987 -0.427512 -0.15861
0.28111 -0.281926 -0.277842 -0.447824 0.753867 0.480769
0.209508 -0.481331 -0.0901076 0.447808 -0.753862 -0.480791
-0.266284 0.169851 0.36258 0.45173 -0.874036 -0.178887
0.286786 -0.39043 0.170083 0.377441 -0.885854 0.269818
-0.199465 0.442894 0.159731 -0.447808 0.753862 0.480791
-0.12247 0.413031 0.220032 0.447808 -0.753862 -0.480791
0.0991053 -0.0591585 -0.488523 0.255855 -0.180269 -0.949759
-0.15469 0.0406527 -0.186022 0.889986 0.427513 0.158611
0.232082 -0.317603 -0.325802 0.447808 -0.753862 -0.480791
0.338345 -0.348248 -0.178779 0.447808 -0.753862 -0.480791
-0.185392 0.45987 0.0198331 0.37744 -0.885854 0.269818
-0.116843 0.0593526 0.483708 -0.255855 0.180269 0.949759
0.35253 -0.366023 0.0544765 -0.37744 0.885854 -0.269818
-0.00610196 0.269276 0.473696 -0.255855 0.180269 0.949759
-0.316511 0.29001 0.232193 0.447808 -0.753862 -0.48079
0.399795 -0.345057 -0.104029 0.889987 0.427512 0.15861
-0.072104 -0.1388 0.474215 -0.0859737 0.498924 -0.862371
-0.268022 0.361328 -0.291878 -0.377441 0.885854 -0.269818
0.135315 0.0319952 -0.49607 0.255855 -0.180269 -0.949759
-0.330371 0.354339 -0.227604 -0.37744 0.885854 -0.269818
-0.225732 0.284725 -0.306638 0.312797 -0.825484 0.469824
0.305252 -0.144988 -0.416698 0.255855 -0.180269 -0.949759
-0.0903451 0.489811 0.187801 -0.447808 0.753862 0.480791
0.0268741 -0.51736 0.0344459 -0.889987 -0.427512 -0.15861
-0.0581855 0.316002 -0.358706 0.0859736 -0.498924 0.862371
-0.160384 0.329211 0.374382 -0.447808 0.753862 0.480791
-0.109477 0.393601 -0.313162 0.198946 -0.677039 0.708547
-0.22415 0.0948074 0.448071 -0.255855 0.180269 0.949759
0.158679 -0.503329 -0.0213766 0.377441 -0.885854 0.269818
0.0213936 0.405439 -0.259334 0.278411 -0.784941 0.553493
-0.209044 0.155609 -0.436427 0.091906 -0.508119 0.856369
-0.16492 0.0184084 0.449047 0.255855 -0.180269 -0.949759
-0.0793641 -0.0978926 -0.483464 -0.0891547 -0.177981 0.979987
-0.365105 0.28683 0.138763 0.357266 -0.869906 0.340038
0.358491 -0.347879 0.135341 0.889987 0.427512 0.15861
-0.00236575 -0.194217 0.435201 -0.0859737 0.498924 -0.862371
-0.0812843 0.334412 -0.37822 -0.0859737 0.498924 -0.862371
0.304328 -0.440959 -0.0650942 0.447808 -0.753862 -0.480791
-0.00869629 0.486523 -0.139834 0.37744 -0.885854 0.269818
0.310225 -0.288968 -0.297918 0.447808 -0.753862 -0.48079
-0.152371 -0.282506 0.431544 0.0859737 -0.498924 0.862371
-0.0170993 0.0336039 0.485984 0.255855 -0.180269 -0.949759
0.0925426 -0.39822 -0.329365 0.447808 -0.753863 -0.480791
0.161139 -0.358873 0.269646 0.171132 0.00925792 -0.985205
-0.198502 0.218955 0.349939 0.386918 -0.523966 -0.758785
-0.186258 0.0148962 -0.104628 -0.432629 0.901568 -0.00250098
0.0737675 0.107184 0.50641 0.889987 0.427512 0.15861
0.283103 -0.416698 0.0889919 0.377441 -0.885854 0.269818
-0.19229 -0.111858 0.403553 -0.113701 0.544915 -0.830747
-0.0527727 0.541605 -0.00110707 -0.377441 0.885854 -0.269818
-0.138848 0.463602 -0.136794 -0.377441 0.885854 -0.269818
0.0286005 -0.272718 -0.369845 0.889987 0.427512 0.15861
0.0711975 -0.49591 0.125357 0.37744 -0.885854 0.269818
0.0999268 -0.32902 -0.43099 0.447808 -0.753862 -0.480791
0.0391222 0.188213 0.482409 0.889987 0.427512 0.15861
0.0395678 -0.503058 -0.0753287 -0.889987 -0.427512 -0.15861
-0.388951 0.28293 0.210637 -0.889987 -0.427512 -0.15861
-0.192533 -0.0561987 0.48525 -0.255855 0.180269 0.949758
0.106144 0.174045 -0.457217 0.0859737 -0.498924 0.862371
-0.309537 0.130366 0.176248 -0.889989 -0.427507 -0.15861
-0.126858 0.437239 0.236224 -0.447808 0.753862 0.480791
-0.326246 0.242 0.356642 -0.447808 0.753862 0.480791
0.0964119 -0.390466 -0.337919 0.447808 -0.753863 -0.480791
-0.218669 0.348271 -0.356505 -0.0859737 0.498924 -0.862371
0.224034 -0.194521 0.412454 -0.0859737 0.498924 -0.862371
-0.103551 -0.0358412 -0.531585 -0.889987 -0.427512 -0.15861
0.000511132 -0.141427 0.497923 0.0859736 -0.498924 0.862371
-0.155297 0.344685 0.296621 0.447808 -0.753862 -0.480791
0.0971414 0.377624 -0.35368 0.889987 0.427512 0.15861
0.0636053 -0.237729 0.435918 0.0859737 -0.498924 0.862371
-0.218493 0.262741 0.41772 -0.255855 0.180268 0.949759
-0.330539 0.415538 -0.0264435 -0.377437 0.885857 -0.269812
-0.0727059 -0.318323 0.40288 0.0859737 -0.498924 0.862371
0.271396 -0.33201 0.360656 0.0859737 -0.498924 0.862371
-0.095657 0.44407 -0.26134 -0.377441 0.885854 -0.269818
-0.271253 0.451164 0.00758618 -0.377441 0.885854 -0.269818
0.00488044 -0.50443 0.190152 0.37744 -0.885854 0.269818
-0.176088 -0.0890525 0.018858 -0.889987 -0.427512 -0.158609
0.00876956 0.492319 -0.249009 -0.377441 0.885854 -0.269818
0.000661484 0.0977799 0.508069 -0.255855 0.180269 0.949759
-0.272952 0.255858 -0.367285 -0.889987 -0.427512 -0.158611
0.245212 -0.111211 -0.439284 0.255855 -0.180269 -0.949759
-0.31352 0.139469 0.262885 0.444824 -0.890477 -0.0958206
-0.181319 0.426528 -0.199102 -0.377441 0.885854 -0.269818
-0.129972 -0.0280507 -0.139538 0.889987 0.427512 0.15861
-0.160086 -0.0311338 -0.0332867 0.395505 -0.896848 0.198089
-0.103148 0.270714 -0.412892 -0.0859737 0.498924 -0.862371
-0.115351 -0.133438 0.0624818 0.889987 0.427511 0.158609
-0.235927 0.0290486 0.0700283 -0.0215085 -0.308093 0.951113
-0.244408 0.408052 -0.171508 -0.37744 0.885854 -0.269818
-0.0454196 0.449841 0.251603 0.889987 0.427511 0.15861
-0.114819 0.290546 0.440371 -0.255855 0.180269 0.949758
-0.223611 0.277742 0.396193 -0.447808 0.753862 0.480791
-0.331787 0.330445 0.0266053 0.889987 0.427512 0.15861
0.298683 -0.38056 0.185846 0.377441 -0.885854 0.269818
-0.0996345 -0.0997205 -0.116588 0.889987 0.427511 0.15861
0.224762 -0.421185 0.155871 0.377441 -0.885854 0.269818
-0.0140887 -0.268193 0.393571 -0.0859736 0.498924 -0.862371
0.173082 -0.233831 -0.352815 -0.361123 0.44844 0.817614
-0.333182 0.117762 0.342898 -0.889987 -0.427512 -0.158609
-0.0974027 -0.0230199 0.475099 0.255855 -0.180269 -0.949759
0.200258 0.0374721 -0.450134 -0.255855 0.180269 0.949759
-0.145682 0.0212042 -0.448941 -0.889987 -0.427512 -0.15861
-0.0531072 0.529525 0.0634737 0.37744 -0.885854 0.269818
0.303258 -0.231164 -0.395042 0.447808 -0.753862 -0.480791
-0.107275 -0.207182 0.173275 0.415129 -0.615736 -0.669729
-0.219681 0.324455 0.326609 -0.447808 0.753862 0.480791
-0.0454461 0.17637 0.480731 -0.255855 0.180269 0.949759
0.039193 -0.0147226 0.510322 0.255855 -0.180269 -0.949759
-0.145431 0.285739 -0.367516 0.0859736 -0.498924 0.862371
0.265743 -0.344707 -0.251953 0.447808 -0.753862 -0.48079
0.127835 -0.420685 -0.203033 -0.447808 0.753862 0.480791
0.188489 -0.122824 0.482645 0.889987 0.427512 0.15861
-0.188785 -0.192987 0.370242 -0.889987 -0.427512 -0.15861
-0.130497 -0.115944 0.513302 -0.255855 0.180269 0.949758
0.151232 -0.33238 -0.319701 -0.447808 0.753863 0.48079
-0.217757 0.0189461 -0.031278 -0.327278 0.841092 -0.430642
0.394821 -0.310584 -0.169039 0.889987 0.427512 0.15861
-0.307827 0.289774 -0.263013 -0.889986 -0.427513 -0.15861
-0.00458314 -0.213965 0.456465 0.0859737 -0.498924 0.862371
-0.164343 -0.154993 0.135874 -0.431851 0.67858 0.594167
0.073093 -0.28888 0.372911 -0.0859736 0.498924 -0.862371
-0.0810414 0.172041 -0.472184 -0.0859735 0.498924 -0.862371
-0.0310334 0.12873 -0.469758 0.0859737 -0.498924 0.862371
-0.297916 0.243117 0.0719272 0.889987 0.427511 0.158609
-0.0227054 -0.16031 -0.472526 -0.274352 0.224203 0.935128
-0.00840019 -0.358335 0.340852 -0.0859736 0.498924 -0.862371
0.320426 -0.350329 0.254681 0.377441 -0.885854 0.269818
-0.0516762 0.361136 0.425575 -0.447808 0.753862 0.480791
-0.108475 0.380812 0.34182 -0.447808 0.753862 0.480791
-0.100871 0.0709472 0.48581 -0.255855 0.180269 0.949759
-0.0209527 -0.399563 0.2501 0.889986 0.427513 0.15861
0.294728 -0.413388 0.0835991 0.377441 -0.885854 0.269818
0.201822 0.204638 -0.474798 0.889987 0.427512 0.15861
0.315549 -0.0656811 -0.428977 0.255855 -0.180269 -0.949759
-0.122721 0.137141 0.437879 0.255855 -0.180269 -0.949759
0.363643 -0.416361 -0.0484182 0.447808 -0.753862 -0.480791
-0.12072 -0.158205 -0.105431 -0.889987 -0.427511 -0.15861
-0.169937 0.107757 -0.500512 -0.0859735 0.498924 -0.862371
0.063725 -0.491803 -0.209471 0.447808 -0.753862 -0.480791
-0.0402621 0.220283 -0.415871 0.0859737 -0.498924 0.862371
-0.330554 0.367586 0.0974787 0.447808 -0.753862 -0.480791
0.0244358 0.191498 -0.471442 -0.0859737 0.498924 -0.862371
-0.0085437 -0.021553 -0.52466 0.255855 -0.180269 -0.949758
-0.182519 0.493655 0.095923 -0.447808 0.753862 0.480791
0.100102 -0.259505 -0.373133 -0.426884 0.658881 0.619392
-0.111411 -0.15142 0.0888415 0.88999 0.427506 0.158606
