ply
format ascii 1.0
comment Created by Open3D
element vertex 400
property double x
property double y
property double z
property double nx
property double ny
property double nz
end_header
-0.0020573 0.0602017 0.00941221 -0.0837946 -0.469675 -0.878854
-0.0250664 0.149792 0.150009 -0.969669 0.241653 -0.0366897
0.0600133 0.422751 -0.266881 0.23814 0.900231 -0.364517
-0.116315 -0.244231 -0.0114216 0.22961 0.849123 -0.475678
0.0627405 0.300702 0.102276 0.0837949 0.469674 0.878854
0.0859945 0.325456 -0.0198359 -0.22961 -0.849123 0.475678
0.0951031 0.273726 -0.296304 -0.235344 -0.963605 -0.126802
-0.0646683 -0.441408 -0.0268964 -0.0837949 -0.469674 -0.878854
-0.0639276 -0.380339 0.0787831 -0.10624 -0.551885 -0.827125
0.109 0.207456 -0.287853 0.969669 -0.241653 0.0366896
-0.0517553 -0.189519 0.293257 -0.39015 0.52805 0.754285
-0.0622298 -0.160364 0.326009 0.22961 0.849123 -0.475678
-0.0215322 -0.214118 0.38531 0.969669 -0.241653 0.0366896
-0.039444 -0.335407 0.0598397 0.969669 -0.241653 0.0366896
-0.165462 -0.419216 0.112802 -0.969669 0.241653 -0.0366897
0.0504331 0.426188 -0.00200218 0.22961 0.849123 -0.475678
-0.152031 -0.358626 0.156913 -0.969669 0.241653 -0.0366898
0.111433 0.224314 0.0314208 0.969669 -0.241653 0.0366897
-0.0706914 -0.112165 0.335641 0.0837949 0.469674 0.878854
-0.0498498 -0.260139 0.210336 0.231515 0.95619 0.179168
0.0466138 0.122777 -0.339016 -0.0837949 -0.469674 -0.878854
0.0598248 0.329449 -0.0974981 -0.204572 -0.72023 0.662887
-0.0447086 -0.362344 0.0215608 0.969668 -0.241655 0.0366885
-0.123746 -0.261283 0.0504995 -0.969669 0.241653 -0.0366896
0.0573788 0.0792278 -0.316769 -0.0837949 -0.469674 -0.878854
0.0198222 0.281721 -0.038971 0.176029 0.586286 -0.790748
0.0960995 0.18082 -0.122353 0.969669 -0.241653 0.0366896
0.110993 0.239757 -0.127798 0.969669 -0.241653 0.0366897
0.112151 0.366153 -0.343384 0.22961 0.849123 -0.475678
0.0230877 0.128995 0.19782 0.083802 0.469673 0.878854
-0.111482 -0.464839 0.167545 -0.22961 -0.849123 0.475678
-0.178697 -0.471711 0.116845 -0.969669 0.241653 -0.0366897
-0.0718399 -0.315577 -0.0934588 -0.0837949 -0.469674 -0.878854
-0.0678279 -0.0315526 0.0857428 -0.969669 0.241653 -0.0366895
0.00725118 0.208002 -0.320714 -0.969669 0.241653 -0.0366896
0.130602 0.327034 -0.0712 0.969669 -0.241653 0.0366896
-0.0200562 -0.21811 0.177392 -0.0828311 -0.183658 0.979494
-0.012702 -0.181813 0.364714 0.969669 -0.241653 0.0366896
-0.0891054 -0.276925 0.249782 -0.22961 -0.849123 0.475678
0.111878 0.236105 -0.405803 -0.0837949 -0.469674 -0.878854
-0.0143028 0.173633 0.022563 -0.969669 0.241653 -0.036689
0.0903605 0.180427 0.0267365 0.969669 -0.241653 0.0366898
-0.0589174 0.00668249 0.102079 -0.969669 0.241653 -0.0366895
0.0235558 0.291513 -0.201595 -0.969668 0.241655 -0.0366902
-0.0833026 -0.34899 0.210831 0.0433068 0.317592 0.947238
-0.120433 -0.242266 0.088198 -0.969669 0.241653 -0.0366896
0.00107363 -0.15585 0.171639 0.969669 -0.241654 0.0366886
-0.156896 -0.370877 0.204801 -0.969668 0.241657 -0.0366897
-0.0839191 -0.0704116 0.255075 -0.969669 0.241653 -0.0366897
0.11321 0.270015 0.012913 0.969669 -0.241653 0.0366897
-0.0694614 -0.447033 0.117958 0.969669 -0.241653 0.0366897
-0.0614994 -0.379035 0.22393 0.0837949 0.469675 0.878854
0.0548013 0.0388286 0.0339039 0.969669 -0.241653 0.0366896
-0.122512 -0.433139 0.215635 -0.198944 -0.693099 0.692846
-0.0322417 -0.302851 0.0839212 0.969669 -0.241653 0.0366896
-0.0300756 0.115758 0.0582335 -0.969669 0.241653 -0.0366892
0.0485809 0.378353 -0.291017 -0.969669 0.241653 -0.0366896
0.024227 0.155416 -0.00954159 0.752467 0.548372 -0.364804
0.0314119 0.263195 -0.0756977 0.235121 0.963216 0.130126
-0.104537 -0.144807 0.309987 -0.969669 0.241652 -0.0366893
-0.0869075 -0.454315 0.198192 -0.22961 -0.849123 0.475678
0.0500937 0.172677 -0.0556686 -0.0837949 -0.469675 -0.878854
-0.141293 -0.476765 0.131865 -0.22961 -0.849123 0.475678
0.0616888 0.255194 -0.41122 -0.0837949 -0.469674 -0.878854
-0.131011 -0.494138 0.00760913 -0.0837949 -0.469674 -0.878854
0.0383768 -0.0169281 0.10075 0.969669 -0.241653 0.0366897
-0.0782641 -0.122399 0.114263 -0.083795 -0.469674 -0.878854
0.120002 0.263001 -0.21278 0.969669 -0.241651 0.0366893
-0.0444321 0.0594381 0.0667164 -0.969669 0.241653 -0.0366895
-0.0616378 -0.405417 0.185284 0.969669 -0.241653 0.0366897
0.0443003 0.366769 -0.254183 -0.969669 0.241652 -0.036688
0.126801 0.297291 -0.16664 0.969669 -0.241653 0.0366897
0.132737 0.32677 -0.129358 0.969669 -0.241653 0.0366897
-0.118362 -0.20315 0.291084 -0.969669 0.241651 -0.0366895
-0.0435703 0.0562342 0.0228376 -0.969669 0.241653 -0.0366898
0.139613 0.344692 -0.193028 0.969668 -0.241655 0.0366921
-0.15221 -0.384367 -0.0079016 -0.969669 0.241653 -0.0366896
0.0537902 0.274688 -0.282529 -0.10624 -0.551885 -0.827125
0.126033 0.279188 -0.26556 0.969669 -0.241652 0.0366888
-0.0805525 -0.0638413 0.209374 -0.969669 0.241653 -0.0366897
0.113169 0.241148 -0.318909 0.0245412 0.245606 0.969059
0.0477657 0.352509 -0.398818 0.22961 0.849123 -0.475678
0.0910228 0.153502 -0.168109 0.969669 -0.241653 0.0366896
0.0813544 0.165078 0.163661 0.969669 -0.241654 0.0366879
0.00547175 -0.0502639 0.295298 0.0837951 0.469674 0.878854
0.0997933 0.399567 -0.20913 0.132066 0.644305 0.753279
-0.0698891 -0.0230352 0.196316 -0.969669 0.241653 -0.0366897
0.0589522 0.20894 -0.0792634 -0.22961 -0.849123 0.475678
0.0979552 0.172072 -0.229012 0.969669 -0.241653 0.0366896
-0.0285076 -0.0214561 0.245247 0.333203 -0.844396 0.41949
-0.172439 -0.435546 0.189649 -0.969669 0.241653 -0.0366897
0.0552422 0.337764 -0.0536859 -0.206596 -0.890534 -0.405298
0.116628 0.389691 -0.299205 0.22961 0.849123 -0.475678
0.152487 0.38294 -0.281371 0.969669 -0.241653 0.0366896
-0.172175 -0.482826 0.00548874 -0.0837949 -0.469674 -0.878854
-0.0536816 -0.161222 0.132667 -0.0837949 -0.469675 -0.878854
-0.109939 -0.238641 0.191955 0.183116 0.817652 0.545815
0.0863162 0.158574 -0.0103138 0.969669 -0.241653 0.0366898
-0.0327109 -0.251602 0.322206 -0.22961 -0.849123 0.475678
-0.109517 -0.230994 0.321921 -0.229609 -0.849123 0.475678
0.0291717 0.0928436 0.216559 0.0837947 0.469675 0.878854
0.0137069 0.260627 -0.144725 -0.969669 0.241653 -0.0366896
0.0933365 0.158397 0.0755398 0.969669 -0.241653 0.0366898
0.00361933 0.0966672 -0.0106168 -0.0837946 -0.469675 -0.878854
0.0273693 -0.0467156 0.195474 0.969669 -0.241653 0.0366897
0.151751 0.38729 -0.233279 0.969669 -0.241654 0.036692
-0.00505516 0.207783 0.00308473 -0.969669 0.241653 -0.036689
0.125298 0.272561 -0.426566 -0.0837949 -0.469674 -0.878854
0.0154926 -0.0815205 0.280124 0.969669 -0.241653 0.0366896
0.00167642 0.238732 0.0290163 -0.969669 0.241653 -0.0366896
-0.104975 -0.173135 0.134985 -0.969669 0.241651 -0.0366853
0.0681216 0.115906 0.189525 0.969669 -0.241653 0.0366896
-0.054509 -0.399167 0.0380457 0.969668 -0.241656 0.0366878
0.0107926 -0.119551 0.15386 0.969669 -0.241653 0.0366897
0.139292 0.37582 0.0204702 0.969669 -0.241653 0.0366897
0.0491774 0.0348053 0.117414 0.992587 -0.11725 -0.0319785
0.0624395 0.317278 0.0236124 0.945862 -0.0794815 0.314687
0.109373 0.361424 -0.0891616 0.22961 0.849123 -0.475678
-0.0888978 -0.0994906 0.195129 -0.969669 0.241653 -0.0366896
0.0164772 0.255901 -0.249071 -0.969669 0.241654 -0.0366895
-0.0652491 -0.437815 0.0673405 0.969669 -0.241653 0.0366897
-0.0402102 -0.114855 0.134933 0.301437 0.828688 -0.471606
0.0584989 0.186911 -0.118806 -0.22961 -0.849123 0.475678
0.109295 0.414101 -0.250404 0.243868 0.96661 -0.0787013
-0.0783749 -0.491586 0.0600871 0.969669 -0.241653 0.0366897
0.138325 0.361023 -0.0514337 0.969669 -0.241653 0.0366896
-0.00428895 0.128936 -0.252603 -0.22961 -0.849123 0.475678
-0.0140435 0.10053 -0.321344 -0.0837949 -0.469674 -0.878854
-0.0105631 0.152449 -0.21366 -0.22961 -0.849123 0.475678
-0.0707458 -0.431881 0.228011 -0.139474 -0.423783 0.894961
-0.0598936 -0.408063 0.121766 0.969669 -0.241651 0.0366902
-0.131482 -0.267664 0.212923 -0.969669 0.241653 -0.0366896
-0.0408467 -0.35702 -0.0454366 0.969669 -0.241653 0.0366896
-0.0109094 0.136703 -0.310353 -0.969669 0.241653 -0.0366896
0.0907416 0.417334 0.0372758 0.0837949 0.469674 0.878854
0.082569 0.348428 -0.167073 0.207323 0.892675 0.400187
-0.0197527 -0.213943 0.339431 0.969669 -0.241653 0.0366896
0.00893282 0.194969 -0.128347 -0.22961 -0.849123 0.475678
0.036307 -0.0106103 0.197063 0.969669 -0.241653 0.0366897
0.0537995 0.126908 -0.0315622 -0.0837949 -0.469674 -0.878854
-0.0597436 0.0206316 0.215788 -0.969669 0.241653 -0.0366897
-0.0329247 -0.102088 0.326655 0.0837949 0.469674 0.878854
-0.101056 -0.211485 0.0543979 0.22961 0.849123 -0.475678
-0.118418 -0.194217 0.351408 -0.969669 0.241653 -0.0366896
-0.0610198 0.0225138 0.261915 -0.969669 0.241653 -0.0366897
-0.0113704 -0.192205 0.261073 0.969669 -0.241653 0.0366898
0.0141834 0.28469 0.00116571 -0.969669 0.241653 -0.0366896
0.0863334 0.118024 -0.00528822 0.969669 -0.241653 0.0366903
0.0244797 0.335749 0.0871941 0.0837949 0.469674 0.878854
-0.0292566 -0.0493735 0.191276 0.041597 -0.882836 0.467836
-0.0810051 -0.0780373 0.127833 -0.969669 0.241653 -0.0366895
0.0588068 0.201587 0.0520176 -0.994268 -0.0193629 0.105147
0.0344502 0.0621908 0.00486836 -0.0837949 -0.469674 -0.878854
-0.122331 -0.498121 0.102896 -0.22961 -0.849123 0.475678
0.0455343 0.218957 -0.390314 -0.0837949 -0.469674 -0.878854
-0.136466 -0.313335 0.043848 -0.969669 0.241653 -0.0366896
-0.119355 -0.230068 0.14004 -0.969669 0.241653 -0.0366895
-0.11328 -0.239951 0.233854 0.232052 0.863012 -0.448735
0.0167375 -0.0860605 0.21732 0.969669 -0.241653 0.0366902
0.0740139 0.074013 0.0290273 -0.242936 -0.969381 0.0358055
-0.110466 -0.432009 -0.0275524 -0.0837949 -0.469674 -0.878854
-0.0648166 -0.4439 0.0158374 0.969669 -0.241653 0.0366896
0.0704181 0.360719 0.00228249 0.972563 -0.181375 0.145686
-0.069396 -0.234823 0.180638 0.0950955 0.511268 0.854144
-0.134326 -0.29839 0.0857204 -0.969669 0.241653 -0.0366901
0.0204587 0.314988 0.0348769 -0.969669 0.241653 -0.0366896
-0.0963373 -0.117887 0.270581 -0.969669 0.241653 -0.0366897
0.00635462 0.212138 -0.269783 -0.969669 0.241653 -0.0366896
0.100242 0.35183 0.0341221 -0.229621 -0.849114 0.475688
0.029204 0.295923 -0.321824 -0.969669 0.241653 -0.0366896
-0.0284221 -0.299965 0.00198186 0.969669 -0.241653 0.0366896
-0.00101998 0.172712 0.176755 0.0837949 0.469674 0.878854
-0.0103089 -0.179302 0.317266 0.22961 0.849123 -0.475678
0.00819973 -0.115157 0.251325 0.969669 -0.241653 0.0366896
0.00208346 -0.13017 0.314088 0.969669 -0.241653 0.0366896
-0.00369056 0.186886 -0.170616 -0.969669 0.241653 -0.0366896
0.060424 0.290435 0.0563186 0.477006 -0.524191 -0.705471
0.0169782 0.0991413 -0.295524 -0.22961 -0.849123 0.475678
-0.0721429 -0.025734 0.238105 -0.969669 0.241653 -0.0366897
0.0382187 0.170175 0.0297276 0.107246 0.872582 -0.476548
0.0397667 0.38635 -0.00539466 -0.969669 0.241653 -0.0366897
0.051731 0.163983 -0.163001 -0.22961 -0.849123 0.475678
-0.117794 -0.255088 0.274914 -0.229609 -0.849123 0.475678
0.0445153 0.142196 -0.205377 -0.22961 -0.849123 0.475678
-0.0771509 -0.0784811 0.0906865 -0.083795 -0.469674 -0.878854
-0.0343601 0.085099 -0.000813396 -0.083795 -0.469674 -0.878854
0.0339093 0.373505 0.0648092 -0.969669 0.241653 -0.0366896
-0.0238082 0.132522 0.00300648 -0.969669 0.241654 -0.0366878
0.026775 0.297249 -0.248895 -0.96967 0.24165 -0.0366884
0.0568909 0.0914442 -0.0129048 -0.0837949 -0.469674 -0.878854
-0.00872078 0.0603236 0.237551 0.0837537 0.469687 0.878851
0.0780385 0.389069 -0.0549385 0.22961 0.849123 -0.475678
0.0889078 0.168444 -0.367454 -0.0837949 -0.469674 -0.878854
-0.0952855 -0.197243 0.383453 0.0837949 0.469675 0.878854
0.0834303 0.12821 0.138529 0.969669 -0.241651 0.0366913
-0.068878 -0.173062 0.226715 -0.223703 -0.9379 -0.265141
-0.0784732 -0.0430533 0.291337 -0.969669 0.241653 -0.0366897
0.0503181 0.227569 0.137315 0.00809063 0.881606 -0.471917
-0.0511063 -0.127988 0.291576 0.345228 -0.528011 -0.775901
-0.138355 -0.338616 -0.0727432 -0.969669 0.241653 -0.0366896
0.127912 0.322654 -0.0289559 0.969669 -0.241653 0.0366897
0.0345134 0.33924 -0.176843 -0.969669 0.241654 -0.0366903
0.135686 0.391816 -0.022208 0.22961 0.849123 -0.475678
-0.05954 -0.229186 0.0428402 0.22961 0.849123 -0.475678
-0.143287 -0.328892 0.121651 -0.969669 0.241653 -0.0366896
-0.129002 -0.289361 0.00447098 -0.969669 0.241653 -0.0366896
-0.0911973 -0.48736 0.137133 -0.22961 -0.849123 0.475678
0.00940514 0.232267 -0.217823 -0.969669 0.241653 -0.0366896
0.0059039 0.234059 -0.113487 -0.969669 0.241653 -0.0366896
-0.0398234 -0.0951137 0.0960162 -0.083795 -0.469674 -0.878854
0.0793516 0.253345 -0.0824568 0.217304 0.921039 0.323212
-0.0344707 -0.28717 0.246112 0.969669 -0.241653 0.0366897
-0.0296802 -0.310914 -0.0368799 0.969669 -0.241653 0.0366896
0.0965047 0.15959 -0.272891 0.969669 -0.241653 0.0366896
-0.0400534 -0.319687 0.179487 0.969669 -0.241653 0.0366896
-0.00304035 0.170522 -0.295583 -0.969669 0.241653 -0.0366896
-0.136192 -0.291557 0.180051 -0.969669 0.241653 -0.0366896
-0.0709852 -0.446404 0.162376 0.969669 -0.241653 0.0366897
-0.0608315 0.00937013 0.170368 -0.969669 0.241653 -0.0366896
0.00630627 -0.0109857 0.274228 0.0837951 0.469674 0.878854
-0.0132044 0.191935 0.114079 -0.969669 0.241653 -0.0366896
0.0804227 0.356942 -0.375142 0.22961 0.849123 -0.475678
-0.0354216 -0.0246893 0.28553 0.0838093 0.469667 0.878857
0.0210149 0.0285418 0.0241319 -0.0837949 -0.469674 -0.878854
-0.0430704 -0.262023 -0.00782713 0.22961 0.849123 -0.475678
0.034577 0.327163 -0.0183461 0.229609 0.849123 -0.475678
0.128173 0.338476 0.0683739 0.969669 -0.241653 0.0366897
0.0953679 0.25203 -0.0485706 0.227952 0.839912 -0.49253
-0.136854 -0.396791 0.053907 0.227603 0.947433 0.224873
-0.0561206 -0.277262 -0.0413304 0.22961 0.849123 -0.475678
0.0010723 -0.142334 0.117352 -0.0837949 -0.469674 -0.878854
0.0429903 0.286351 -0.10833 0.060601 0.383113 0.921712
0.0328867 0.296222 -0.417182 -0.969669 0.241653 -0.0366896
-0.162305 -0.418706 0.032722 -0.969669 0.241653 -0.0366896
-6.56989e-05 0.238008 0.0702948 -0.969669 0.241653 -0.0366896
0.0534865 0.0576023 0.167101 0.995669 -0.0751144 -0.0547902
-0.0768504 -0.245277 0.00576069 0.22961 0.849123 -0.475678
0.03006 0.35209 0.0254897 -0.969669 0.241653 -0.0366899
-0.101785 -0.399211 0.232259 -0.0283871 0.037751 0.998884
-0.049871 -0.231302 0.255837 0.107687 0.287619 -0.951672
-0.0465561 0.0686996 0.183852 -0.969669 0.241653 -0.0366897
-0.162727 -0.400018 0.166973 -0.969669 0.241654 -0.0366893
-0.020341 -0.260989 0.0451168 0.969669 -0.241653 0.0366896
0.0031886 0.231761 -0.0568578 -0.969669 0.241653 -0.0366898
0.0272834 -0.0583392 0.121187 0.969669 -0.241653 0.0366897
-0.162561 -0.506894 0.0678165 -0.22961 -0.849123 0.475678
-0.101954 -0.386991 -0.0524224 -0.0837949 -0.469674 -0.878854
-0.0709026 -0.0340099 0.150819 -0.969669 0.241653 -0.0366896
0.0837255 0.378647 0.0586197 0.0837948 0.469674 0.878854
0.0216519 0.26199 -0.345726 -0.969669 0.241653 -0.0366896
0.0274785 -0.0382916 0.248073 0.969669 -0.241653 0.0366896
-0.147763 -0.361653 0.0241828 -0.96967 0.241649 -0.0366917
-0.158424 -0.411567 0.223886 -0.149157 -0.466114 0.872061
-0.176193 -0.47228 0.0469183 -0.969669 0.241653 -0.0366897
-0.148883 -0.376534 -0.0442381 -0.969669 0.241653 -0.0366896
-0.0152376 0.0168366 0.261413 0.0837826 0.469678 0.878853
0.0812869 0.395558 -0.305792 0.22961 0.849123 -0.475678
0.109139 0.224205 -0.181226 0.969669 -0.241652 0.0366897
0.148104 0.35868 -0.325311 0.969669 -0.241653 0.0366896
0.0989039 0.207278 -0.0222074 0.969669 -0.241653 0.0366897
0.00756115 0.189027 -0.0603516 -0.0837946 -0.469675 -0.878854
-0.105717 -0.146473 0.357315 0.0837949 0.469675 0.878854
-0.109258 -0.385167 0.0807839 0.0718427 0.138307 -0.98778
-0.0980543 -0.403737 0.0486321 0.191228 0.843531 0.501885
0.105792 0.334655 -0.402679 0.22961 0.849123 -0.475678
-0.0406734 -0.0901886 0.176249 0.567999 0.702139 -0.429391
0.0840283 0.285463 -0.109367 0.000512135 0.152116 0.988363
0.144036 0.336652 -0.362879 0.969669 -0.241653 0.0366896
0.0433424 0.40773 0.0409182 -0.969669 0.241653 -0.0366897
-0.140627 -0.320452 0.206005 -0.0283871 0.037751 0.998884
-0.0952852 -0.131239 0.154837 -0.969669 0.241653 -0.0366895
0.0852726 0.110655 -0.298347 0.969669 -0.241653 0.0366896
0.0405501 0.119577 -0.247667 -0.22961 -0.849123 0.475678
0.0608411 0.236892 0.100934 -0.813767 -0.476766 0.332381
0.136559 0.309501 -0.432729 0.22961 0.849123 -0.475678
-0.0441494 0.0723004 0.143961 -0.969669 0.241653 -0.0366896
0.0222745 0.25666 -0.397286 -0.969669 0.241653 -0.0366896
-0.0314507 -0.213611 0.0842001 0.22961 0.849123 -0.475678
-0.0342733 -0.335509 -0.0774841 0.969669 -0.241653 0.0366896
-0.138812 -0.329134 0.00179669 -0.969669 0.241653 -0.0366896
0.115331 0.22125 -0.364336 0.969669 -0.241653 0.0366896
0.0984426 0.210044 0.0826493 -0.229609 -0.849123 0.475678
-0.0340508 -0.302833 0.131854 0.969669 -0.241653 0.0366894
-0.0718945 -0.247641 0.310364 -0.22961 -0.849123 0.475678
-0.0897319 -0.283919 -0.0694375 0.22961 0.849123 -0.475678
-0.056967 0.00584046 0.0449849 -0.969669 0.241653 -0.0366898
-0.116612 -0.517023 0.0719147 -0.22961 -0.849123 0.475678
-0.107035 -0.362586 0.0487913 -0.227449 -0.837151 0.497438
-0.0807714 -0.0712301 0.166492 -0.969669 0.241653 -0.036689
0.020515 -0.0806012 0.153442 0.969669 -0.241653 0.0366897
0.0626473 0.0780591 0.0849302 0.969669 -0.241653 0.0366896
0.116666 0.256991 0.108354 0.969669 -0.241653 0.0366897
-0.0350187 0.111773 0.162626 -0.969669 0.241653 -0.0366897
0.00648967 0.227199 -0.17415 -0.969669 0.241653 -0.0366896
0.039762 0.177886 0.170102 0.0838011 0.469673 0.878854
0.131348 0.416277 0.0193624 0.22961 0.849123 -0.475678
-0.021576 -0.258381 0.09493 0.969669 -0.241653 0.0366896
0.0277351 -0.0417115 0.0610358 -0.0837949 -0.469674 -0.878854
-0.138988 -0.459942 -0.00990546 -0.0837949 -0.469674 -0.878854
0.0416279 0.383803 -0.0713576 -0.969669 0.241653 -0.0366896
0.0646283 0.366294 -0.102066 0.22961 0.849123 -0.475678
-0.0263718 -0.0214585 0.0553711 -0.0837883 -0.469675 -0.878854
-0.0439956 -0.345003 0.116932 0.969669 -0.241652 0.0366891
0.0539651 0.24474 0.0542109 0.2296 0.849127 -0.475676
-0.0763536 -0.356648 -0.0710791 -0.0837949 -0.469674 -0.878854
-0.0270246 -0.147071 0.343469 -0.22961 -0.849123 0.475678
0.0370299 0.320875 -0.364312 -0.969669 0.241653 -0.0366896
-0.00803078 -0.18509 0.21967 0.969669 -0.241653 0.0366905
-0.146544 -0.348901 0.0759466 -0.969669 0.241651 -0.0366876
0.0112558 -0.0777371 0.0818597 -0.0837949 -0.469674 -0.878854
0.0634943 0.23786 -0.29344 0.242499 0.93235 -0.268176
0.0335243 0.327498 -0.228039 -0.969669 0.241653 -0.0366899
-0.0146141 0.163907 -0.0332662 -0.969669 0.241653 -0.0366898
0.136065 0.31546 -0.291801 0.969668 -0.241655 0.0366981
0.116365 0.239673 -0.270321 0.969669 -0.241651 0.03669
-0.0840513 -0.306343 0.214778 -0.149154 -0.4661 0.872069
0.10731 0.193742 -0.333524 0.969669 -0.241653 0.0366896
0.00901583 0.149058 -0.349476 -0.0837949 -0.469674 -0.878854
-0.0977198 -0.130322 0.225221 -0.969669 0.241653 -0.0366897
-0.0168115 -0.193388 0.127367 0.22961 0.849123 -0.475678
0.0437196 0.176389 -0.367392 -0.0837949 -0.469674 -0.878854
0.0842943 0.16947 0.114892 0.969668 -0.241656 0.0366891
-0.0265446 -0.0769228 0.142724 -0.394509 -0.794258 0.462079
0.134622 0.302731 -0.337507 0.969669 -0.241653 0.0366896
0.0390496 0.337441 -0.308577 -0.969669 0.241653 -0.0366896
0.034956 0.204498 0.0859117 0.6467 0.645363 -0.406553
-0.0505287 -0.364189 0.163234 0.969669 -0.241652 0.0366894
0.0953393 0.344044 -0.12786 0.23814 0.90023 -0.36452
-0.154646 -0.376842 0.106042 -0.969669 0.241651 -0.0366899
-0.0308482 0.122733 0.206308 0.0837949 0.469674 0.878854
0.0932323 0.136854 -0.336155 0.969669 -0.241653 0.0366896
-0.0271665 -0.269873 0.166991 0.969669 -0.241653 0.0366898
0.0440791 0.0156784 0.164804 0.969669 -0.241653 0.0366897
0.0550675 0.289589 -0.0299654 0.0853843 0.194247 -0.97723
0.117448 0.297587 0.0824964 0.969669 -0.241653 0.0366897
0.00902957 0.207896 -0.368415 -0.969669 0.241653 -0.0366896
0.0684785 0.340047 0.0807019 0.0837949 0.469674 0.878854
-0.0116676 0.19014 0.0616411 -0.969669 0.241653 -0.0366896
-0.0512151 0.0588111 0.241854 -0.969669 0.241653 -0.0366897
0.0530187 0.38481 -0.338622 0.22961 0.849123 -0.475678
-0.0211142 -0.228358 0.280475 0.969669 -0.241653 0.0366896
-0.0856122 -0.194699 0.176767 -0.116066 -0.323134 0.939209
0.101455 0.17215 -0.0484351 0.969669 -0.241653 0.0366896
-0.00973537 -0.048242 0.227168 -0.996342 0.0246525 0.0818221
-0.0236908 -0.076972 0.259882 -0.229612 -0.849122 0.475679
-0.0399684 0.0819646 0.0971133 -0.969669 0.241653 -0.0366896
-0.079862 -0.49181 0.0979142 0.969669 -0.241653 0.0366897
0.00704714 0.214733 0.153529 0.0837949 0.469674 0.878854
0.10283 0.206348 0.14046 0.969669 -0.241653 0.0366896
-0.128337 -0.30102 -0.0898825 -0.969669 0.241653 -0.0366896
0.0609429 0.0828132 0.138019 0.908005 -0.399304 0.126821
0.111863 0.271252 0.0566563 0.969669 -0.241653 0.0366897
0.000451958 0.197182 -0.212283 -0.969669 0.241653 -0.0366896
0.0253373 0.300147 0.106139 0.0837949 0.469674 0.878854
0.107628 0.375931 0.000791385 -0.918321 0.0270943 -0.394908
-0.0765962 -0.190642 0.10341 0.22961 0.849123 -0.475678
0.00421917 -0.137337 0.210439 0.969669 -0.241653 0.0366892
-0.036797 -0.0625895 0.305915 0.0837949 0.469674 0.878854
0.102691 0.211103 -0.0970902 0.969669 -0.241653 0.0366897
-0.0600894 -0.172878 0.367076 0.0837949 0.469675 0.878854
-0.0244022 0.144305 0.0963144 -0.969669 0.241653 -0.0366896
-0.160767 -0.426747 -0.0255688 -0.0837949 -0.469674 -0.878854
0.0762404 0.114347 0.0943407 -0.213333 -0.910007 -0.355494
-0.124264 -0.538092 0.0306116 -0.22961 -0.849123 0.475678
-0.130289 -0.301908 -0.044156 -0.969669 0.241653 -0.0366896
0.086012 0.126723 -0.212966 -0.22961 -0.849123 0.475678
0.120654 0.279686 -0.120131 0.969669 -0.241651 0.0366893
0.0239931 0.249795 -0.290248 0.227449 0.837148 -0.497443
0.0350984 0.348257 -0.132916 -0.969669 0.241653 -0.0366896
-0.167528 -0.521503 0.025715 -0.0837949 -0.469674 -0.878854
0.0450202 0.0125969 0.0660589 0.987218 -0.159115 -0.00909331
0.00437226 0.243244 -0.0125094 -0.969669 0.241652 -0.036691
-0.0898575 -0.0861729 0.30821 -0.969669 0.241653 -0.0366897
0.0225875 0.297264 -0.138125 -0.969669 0.241654 -0.0366899
-0.0326686 -0.056871 0.0748965 -0.0838009 -0.469674 -0.878854
0.0716621 0.313413 -0.443284 -0.0837949 -0.469674 -0.878854
-0.0535583 0.0343575 0.142721 -0.969669 0.241653 -0.0366896
0.132325 0.311755 -0.217362 0.969669 -0.241653 0.0366896
0.0769886 0.26837 0.118196 0.083795 0.469674 0.878854
0.0861494 0.119982 -0.260089 0.969669 -0.241653 0.0366896
-0.0508944 -0.392275 -0.012094 0.969669 -0.241653 0.0366896
-0.109714 -0.174153 0.253526 -0.969669 0.241652 -0.0366893
-0.0022529 -0.157908 0.246002 0.969669 -0.241653 0.0366896
-0.165377 -0.424749 0.0741235 -0.969669 0.241653 -0.0366897
-0.0608161 -0.215722 0.342292 -0.496235 -0.318305 -0.807733
-0.133211 -0.285817 0.139057 -0.969669 0.241653 -0.0366896
0.054813 0.414452 -0.217962 -0.969669 0.241653 -0.03669
-0.0775284 -0.495358 0.0128718 0.969669 -0.241653 0.0366896
0.124834 0.318481 0.0249211 0.969669 -0.241651 0.0366883
0.064124 0.379203 -0.193263 0.0837949 0.469675 0.878854
0.0430672 0.0519405 0.237094 0.0837951 0.469674 0.878854
0.128274 0.270632 -0.381156 0.969668 -0.241656 0.0366878
-0.0522962 -0.104943 0.262406 0.969488 -0.156423 0.188745
-0.111331 -0.203582 0.102417 -0.969669 0.241653 -0.0366896
0.0375015 0.000971811 0.24178 0.969669 -0.241653 0.0366896
0.0104775 0.25894 0.129577 0.0837949 0.469674 0.878854
0.084853 0.412919 -0.00907512 0.229603 0.849122 -0.475683
0.0126661 0.288895 0.0689653 -0.969669 0.241653 -0.0366896
0.108287 0.21254 -0.235542 0.969669 -0.241653 0.0366896
0.0819161 0.120748 0.0347003 0.227952 0.83991 -0.492533
