ply
format ascii 1.0
comment Created by Open3D
element vertex 400
property double x
property double y
property double z
property double nx
property double ny
property double nz
end_header
0.110898 -0.232483 -0.00444828 0.58929 -0.557282 0.584956
0.26234 0.0726756 -0.112499 -0.782249 -0.212491 0.585606
0.155366 -0.0592013 0.115838 0.58929 -0.557282 0.584956
0.0678795 0.168604 -0.233224 0.58929 -0.557282 0.584956
-0.0692581 0.0559902 -0.202356 0.58929 -0.557282 0.584956
0.302123 0.223326 -0.00469366 -0.782249 -0.212491 0.585606
0.298551 0.296493 0.287456 -0.20205 -0.802673 -0.561152
-0.409886 -0.286519 -0.188796 -0.58929 0.557282 -0.584956
-0.216789 -0.112378 -0.214134 0.58929 -0.557282 0.584956
-0.237112 -0.248807 0.0855723 -0.782249 -0.212491 0.585606
0.323139 0.351956 0.199268 -0.202049 -0.802672 -0.561154
-0.0767014 0.195661 0.461126 -0.782249 -0.212491 0.585606
0.352743 0.258106 0.216006 -0.58929 0.557282 -0.584956
-0.11765 -0.239581 0.215744 -0.58929 0.557282 -0.584956
-0.243425 -0.380393 -0.229124 0.955926 -0.0369995 -0.291268
0.248838 0.210671 0.278778 0.58929 -0.557282 0.584956
0.105494 0.0586928 0.275108 -0.58929 0.557282 -0.584956
0.178321 -0.220486 -0.0609414 0.58929 -0.557282 0.584956
0.00215456 0.0778588 -0.253463 0.58929 -0.557282 0.584956
-0.250526 0.221197 0.137646 0.58929 -0.557282 0.584956
0.00492985 0.0948704 0.414171 0.58929 -0.557282 0.584956
0.283534 0.146881 -0.0572628 -0.782249 -0.212491 0.585606
0.0950372 -0.00866619 0.221471 -0.58929 0.557282 -0.584956
0.0402281 0.33818 -0.0438141 0.58929 -0.557282 0.584956
0.0697784 0.240312 0.453616 0.202051 0.802672 0.561153
0.363874 0.361581 0.124676 0.782249 0.212491 -0.585606
-0.20055 0.10732 0.260351 0.782249 0.212491 -0.585606
0.0736134 -0.0797205 -0.423181 0.782249 0.212491 -0.585606
0.201957 0.0870821 0.204977 -0.58929 0.557282 -0.584956
-0.16641 -0.484361 -0.069734 -0.202049 -0.802674 -0.561152
-0.205893 -0.451635 0.0536772 -0.782249 -0.212491 0.585606
-0.266656 -0.180255 0.0676981 0.782249 0.212491 -0.585606
-0.114078 -0.128058 0.293736 -0.782249 -0.212491 0.585606
-0.206147 0.127302 0.260125 0.782249 0.212491 -0.585606
-0.389464 -0.218775 -0.110326 0.782249 0.212491 -0.585606
0.0508742 -0.268899 0.0180393 -0.58929 0.557282 -0.584956
0.212781 -0.000961894 0.113482 0.58929 -0.557282 0.584956
-0.0108692 -0.277226 -0.422025 -0.20205 -0.802673 -0.561152
0.314808 0.410799 0.0769934 0.782249 0.212491 -0.585606
-0.287863 -0.235222 0.0194244 0.782249 0.212491 -0.585606
0.420693 0.333043 0.194623 0.20205 0.802673 0.561152
0.285083 -0.0167298 -0.11456 -0.782249 -0.212491 0.585606
-0.242176 -0.367549 -0.227535 0.964521 -0.0636696 -0.256214
0.0618519 0.111751 -0.284602 -0.58929 0.557282 -0.584956
-0.00799293 0.14838 0.47488 -0.58929 0.557282 -0.584956
-0.260768 0.15537 0.0819634 -0.58929 0.557282 -0.584956
-0.0366158 0.444323 0.220665 -0.858621 0.420794 -0.292749
-0.0209461 -0.4088 -0.039602 0.58929 -0.557282 0.584956
-0.0685228 -0.495288 -0.0740691 0.58929 -0.557282 0.584956
-0.119689 0.429581 0.201077 -0.58929 0.557282 -0.584956
0.185681 0.33292 -0.120468 -0.782249 -0.212491 0.585606
-0.141856 0.290106 0.408363 -0.782249 -0.212491 0.585606
0.296439 0.112444 0.137244 0.58929 -0.557282 0.584956
-0.119973 -0.309183 0.155063 0.58929 -0.557282 0.584956
-0.275269 0.264532 0.20057 -0.58929 0.557282 -0.584956
-0.224206 0.27242 0.288659 0.782249 0.212491 -0.585606
-0.0513148 -0.481201 -0.160577 -0.297861 0.59619 -0.745544
-0.0425402 0.30341 0.403803 0.202049 0.802673 0.561152
-0.121624 0.165377 0.386846 0.782249 0.212491 -0.585606
0.279756 0.14707 -0.0655254 0.782249 0.212491 -0.585606
0.225879 0.160473 -0.132631 0.782249 0.212491 -0.585606
-0.00489077 -0.213399 -0.515476 -0.202047 -0.802675 -0.561151
0.201321 -0.14813 -0.0184665 -0.58929 0.557282 -0.584956
0.193694 -0.275248 -0.131887 -0.58929 0.557282 -0.584956
0.250855 0.37421 0.258487 0.97932 -0.159497 -0.124471
-0.0811109 -0.233522 -0.459249 -0.20205 -0.802673 -0.561152
-0.0416131 0.0146256 0.384611 0.58929 -0.557282 0.584956
0.218042 0.0177039 -0.191619 -0.782249 -0.212491 0.585606
0.355505 0.245179 0.200908 -0.58929 0.557282 -0.584956
-0.152817 -0.0575658 0.264283 0.782249 0.212491 -0.585606
-0.0822905 -0.0146432 -0.259806 -0.58929 0.557282 -0.584956
-0.245282 0.231149 0.138557 -0.58929 0.557282 -0.584956
-0.201898 -0.032818 -0.156627 -0.58929 0.557282 -0.584956
0.343215 0.24716 0.0555612 0.782249 0.212491 -0.585606
-0.0512768 0.421645 0.291492 -0.979309 0.172262 0.106208
-0.0498557 -0.09631 0.287227 0.58929 -0.557282 0.584956
-0.169675 -0.301837 -0.376454 -0.460626 0.583524 -0.668822
0.033178 -0.453809 -0.181873 0.20205 0.802673 0.561152
0.152881 -0.0487715 0.12499 -0.58929 0.557282 -0.584956
0.305737 0.400638 0.0644735 -0.782249 -0.212491 0.585606
-0.22235 0.308188 0.188849 -0.58929 0.557282 -0.584956
-0.0207584 0.215737 0.521368 0.202049 0.802673 0.561152
0.361113 0.0493403 0.0119729 0.58929 -0.557282 0.584956
0.329535 0.324677 0.0686998 -0.782249 -0.212491 0.585606
-0.275632 -0.322553 0.00735899 -0.782249 -0.212491 0.585606
-0.354993 -0.32543 -0.0996953 -0.782249 -0.212491 0.585606
-0.307604 -0.393721 -0.148548 -0.20205 -0.802673 -0.561152
-0.232548 0.413016 0.315437 0.20205 0.802675 0.56115
0.314878 -0.0974054 -0.107319 0.782249 0.212491 -0.585606
-0.187993 -0.21161 -0.340968 -0.58929 0.557282 -0.584956
0.0352624 0.44286 0.0609162 0.58929 -0.557282 0.584956
0.000825544 0.0702796 -0.259345 0.58929 -0.557282 0.584956
-0.267241 0.161017 0.0938644 -0.58929 0.557282 -0.584956
-0.189857 0.377691 0.222331 -0.58929 0.557282 -0.584956
-0.272408 -0.316795 0.0137539 -0.782249 -0.212491 0.585606
-0.257105 0.352604 0.269464 0.58929 -0.557282 0.584956
0.226573 -0.229063 -0.273049 0.782249 0.212491 -0.585606
-0.0522034 0.410838 0.29759 -0.976438 0.120756 0.178848
0.181501 0.251109 -0.159021 0.782249 0.212491 -0.585606
0.189524 0.235726 0.362402 0.58929 -0.557282 0.584956
-0.376572 -0.117636 -0.0581762 0.58929 -0.557282 0.584956
-0.156008 -0.138108 0.234079 -0.782249 -0.212491 0.585606
-0.092198 -0.281899 -0.382631 0.202048 0.802674 0.561151
0.0161625 0.209276 -0.145663 -0.58929 0.557282 -0.584956
0.230468 0.243952 -0.0929257 -0.782249 -0.212491 0.585606
0.164459 -0.356576 -0.179916 -0.58929 0.557282 -0.584956
0.0848566 -0.325657 -0.387218 -0.202049 -0.802673 -0.561152
-0.184686 -0.46952 -0.0809557 0.202048 0.802674 0.561152
-0.0198753 0.357447 0.365759 -0.775637 -0.218685 0.592085
-0.116523 0.346621 0.365204 -0.20205 -0.802673 -0.561152
0.0760067 -0.370894 -0.319324 -0.202049 -0.802671 -0.561155
-0.0670921 0.335073 0.0613414 0.58929 -0.557282 0.584956
-0.216111 -0.146321 0.14753 0.782249 0.212491 -0.585606
0.157008 0.132111 0.296445 0.58929 -0.557282 0.584956
0.144128 -0.43619 -0.247025 0.20205 0.802673 0.561152
0.179993 0.516977 -0.0142762 0.58929 -0.557282 0.584956
-0.289708 -0.399993 -0.0395437 -0.782249 -0.212491 0.585606
0.066312 0.00186418 -0.390495 0.58929 -0.557282 0.584956
-0.302602 -0.4001 -0.141224 -0.20205 -0.802673 -0.561152
0.02458 -0.459306 -0.174342 -0.202049 -0.802673 -0.561152
0.101734 -0.159122 -0.411145 -0.782249 -0.212491 0.585606
-0.204626 0.333891 0.340403 -0.782249 -0.212491 0.585606
0.262426 -0.0725563 -0.00802564 -0.58929 0.557282 -0.584956
-0.0971865 -0.043472 0.343707 0.782249 0.212491 -0.585606
0.0118634 -0.0160782 0.298199 -0.58929 0.557282 -0.584956
-0.169551 -0.144652 -0.295757 -0.58929 0.557282 -0.584956
0.280546 0.331387 0.00241173 0.782249 0.212491 -0.585606
0.186736 -0.225624 -0.077601 -0.58929 0.557282 -0.584956
0.129322 0.133612 -0.268073 -0.782249 -0.212491 0.585606
0.0813608 -0.0778536 0.172622 0.58929 -0.557282 0.584956
-0.062725 0.420987 0.138792 0.58929 -0.557282 0.584956
-0.122842 0.167776 0.389374 -0.782249 -0.212491 0.585606
0.0018188 -0.218121 -0.511139 -0.20205 -0.802673 -0.561152
0.0289099 0.273678 -0.0971492 -0.58929 0.557282 -0.584956
-0.0147724 0.203573 0.533185 -0.20205 -0.802673 -0.561152
0.262451 -0.130876 -0.0636113 -0.58929 0.557282 -0.584956
-0.240263 -0.493401 -0.0302121 -0.20205 -0.802673 -0.561152
-0.204781 0.328662 0.335014 0.782249 0.212491 -0.585606
0.0346502 -0.405211 -0.0921914 0.58929 -0.557282 0.584956
-0.20731 -0.415838 -0.149596 0.202052 0.802673 0.561152
0.283658 -0.00606883 0.0372143 0.58929 -0.557282 0.584956
-0.230517 0.267971 0.281899 -0.782249 -0.212491 0.585606
-0.0647401 -0.478464 -0.0651399 -0.58929 0.557282 -0.584956
-0.322921 -0.0510227 -0.0487629 0.58929 -0.557282 0.584956
0.0933735 -0.373784 -0.321443 -0.202049 -0.802671 -0.561155
0.154578 -0.257192 -0.376141 -0.782249 -0.212491 0.585606
0.344785 0.170769 0.140819 -0.58929 0.557282 -0.584956
-0.0557194 -0.282786 0.112193 -0.58929 0.557282 -0.584956
-0.136985 -0.478531 0.00757718 -0.58929 0.557282 -0.584956
0.0926588 0.116484 0.346384 0.58929 -0.557282 0.584956
0.354129 0.0557029 0.0217827 -0.58929 0.557282 -0.584956
-0.215874 -0.0661476 0.180221 -0.782249 -0.212491 0.585606
-0.329504 -0.211196 -0.198015 -0.58929 0.557282 -0.584956
0.386127 0.155952 0.083071 -0.782249 -0.212491 0.585606
0.284129 0.236638 -0.0238988 -0.782249 -0.212491 0.585606
0.0499367 0.323194 0.40289 -0.321738 -0.486769 0.812121
-0.163206 -0.375553 0.135386 0.58929 -0.557282 0.584956
0.132599 0.233646 -0.227398 -0.782249 -0.212491 0.585606
0.111458 0.0636577 -0.317318 -0.782249 -0.212491 0.585606
-0.1753 0.257658 0.351915 -0.782249 -0.212491 0.585606
-0.00221121 -0.145239 0.192615 0.58929 -0.557282 0.584956
0.0857439 0.404158 -0.0300974 -0.58929 0.557282 -0.584956
0.162243 -0.36024 -0.365614 -0.202049 -0.802673 -0.561152
0.00456672 -0.246532 0.0892865 0.58929 -0.557282 0.584956
0.198436 0.449484 0.174441 -0.648145 -0.319957 0.69104
-0.165854 0.181383 0.0111295 -0.58929 0.557282 -0.584956
-0.0992138 -0.291147 -0.391195 -0.0431244 0.579705 -0.813685
-0.110126 0.0724439 0.368484 0.782249 0.212491 -0.585606
0.220211 0.320654 0.330778 -0.789367 0.472625 -0.391823
-0.0230006 0.121297 -0.186739 0.58929 -0.557282 0.584956
0.0594549 -0.140417 0.131799 -0.58929 0.557282 -0.584956
-0.00744957 -0.150361 0.189726 -0.58929 0.557282 -0.584956
-0.0927329 -0.235233 -0.449189 0.20205 0.802673 0.561152
0.158832 0.167619 -0.216314 -0.782249 -0.212491 0.585606
0.182291 0.252618 -0.154136 -0.782249 -0.212491 0.585606
-0.0983266 0.195025 -0.0439028 -0.58929 0.557282 -0.584956
-0.083057 -0.417893 0.0110181 -0.58929 0.557282 -0.584956
-0.339464 -0.178091 -0.0254889 -0.782249 -0.212491 0.585606
0.164498 0.446094 -0.0694835 -0.58929 0.557282 -0.584956
-0.0400436 0.209162 -0.0891485 -0.58929 0.557282 -0.584956
0.242892 0.367596 0.230436 -0.971173 0.0902106 0.220645
0.00786295 -0.339572 -0.369315 -0.680433 -0.297053 0.669904
0.102917 0.49655 0.0439106 0.58929 -0.557282 0.584956
0.218069 -0.371821 -0.245159 0.58929 -0.557282 0.584956
-0.0686341 0.260861 -0.0110931 -0.58929 0.557282 -0.584956
-0.230428 -0.132718 0.133341 0.782249 0.212491 -0.585606
0.112245 0.0501008 -0.321186 -0.782249 -0.212491 0.585606
0.262736 -0.240842 -0.165374 0.58929 -0.557282 0.584956
0.133255 -0.147005 0.0544629 0.58929 -0.557282 0.584956
0.0825721 0.258162 -0.165991 -0.58929 0.557282 -0.584956
-0.100347 -0.045758 0.338656 0.782249 0.212491 -0.585606
-0.235611 0.406931 0.325244 0.202049 0.802673 0.561152
-0.348013 0.0093624 0.0311102 -0.782249 -0.212491 0.585606
-0.00961227 0.133954 -0.188168 0.58929 -0.557282 0.584956
0.162348 -0.245319 -0.364739 0.782249 0.212491 -0.585606
-0.125881 0.370685 0.154493 0.58929 -0.557282 0.584956
0.00633093 -0.0165508 0.303322 -0.58929 0.557282 -0.584956
-0.211688 -0.0605931 0.187828 -0.782249 -0.212491 0.585606
-0.247923 -0.195503 -0.265249 -0.58929 0.557282 -0.584956
-0.236693 -0.298919 -0.306259 0.20205 0.802673 0.561153
0.327163 0.153066 0.00326066 -0.782249 -0.212491 0.585606
-0.165238 0.302735 0.129407 0.58929 -0.557282 0.584956
0.0639898 -0.208326 0.0658216 0.58929 -0.557282 0.584956
0.333978 -0.0279351 -0.0565978 0.782249 0.212491 -0.585606
0.0334905 -0.343691 -0.0357016 -0.58929 0.557282 -0.584956
0.0791029 -0.262348 -0.472276 0.202049 0.802673 0.561152
-0.163519 -0.0428761 0.255317 0.782249 0.212491 -0.585606
-0.118704 -0.467962 -0.143804 0.136439 0.544312 -0.827713
-0.112535 0.168455 -0.0516145 0.58929 -0.557282 0.584956
-0.143694 0.0183466 -0.163231 0.58929 -0.557282 0.584956
-0.136977 -0.481882 0.00437574 -0.58929 0.557282 -0.584956
0.269709 0.168121 0.217215 0.58929 -0.557282 0.584956
-0.0209898 -0.269579 -0.42932 -0.202049 -0.802674 -0.561152
0.393844 0.255984 0.129677 -0.782249 -0.212491 0.585606
-0.233608 0.0361446 0.193649 -0.782249 -0.212491 0.585606
-0.0536066 -0.106347 -0.37278 0.58929 -0.557282 0.584956
-0.346234 -0.339794 -0.0964909 0.782249 0.212491 -0.585606
0.262213 -0.180727 -0.207902 0.782249 0.212491 -0.585606
-0.0813032 -0.422084 0.00854588 0.58929 -0.557282 0.584956
-0.0578068 -0.292899 0.104662 -0.58929 0.557282 -0.584956
-0.340019 -0.197667 -0.174532 -0.58929 0.557282 -0.584956
0.220639 -0.411388 -0.313476 -0.202049 -0.802673 -0.561153
0.221585 -0.335408 -0.318299 0.782249 0.212491 -0.585606
-0.0414173 0.0181726 0.387793 0.58929 -0.557282 0.584956
0.0330039 0.335754 -0.0421345 -0.58929 0.557282 -0.584956
0.168907 0.0746888 -0.236576 -0.782249 -0.212491 0.585606
-0.10853 0.0699162 0.369699 0.782249 0.212491 -0.585606
0.0562932 0.161706 0.422813 -0.58929 0.557282 -0.584956
0.120779 -0.31834 -0.0994851 -0.58929 0.557282 -0.584956
0.0812208 -0.261181 -0.474708 0.202049 0.802673 0.561152
0.205224 -0.0828505 0.0430807 0.58929 -0.557282 0.584956
0.222069 0.319613 0.330561 0.800923 -0.465175 0.377006
-0.24208 0.0802071 -0.0051817 0.58929 -0.557282 0.584956
-0.196231 0.21635 0.0783307 0.58929 -0.557282 0.584956
0.264952 -0.171797 -0.201004 0.782249 0.212491 -0.585606
0.0357613 0.0346666 -0.328468 0.58929 -0.557282 0.584956
-0.0792359 -0.0165644 -0.261426 0.58929 -0.557282 0.584956
-0.180607 -0.211105 0.174732 -0.782249 -0.212491 0.585606
0.0934146 -0.322654 -0.394594 -0.202049 -0.802673 -0.561152
0.101446 0.476676 0.0264581 0.58929 -0.557282 0.584956
-0.303617 0.072485 0.113319 -0.782249 -0.212491 0.585606
0.0126752 0.439396 0.0803709 0.58929 -0.557282 0.584956
-0.110848 -0.163826 -0.373161 -0.58929 0.557282 -0.584956
0.342898 0.143057 0.0173631 0.782249 0.212491 -0.585606
-0.244078 0.200173 0.239183 -0.782249 -0.212491 0.585606
-0.0457858 -0.0894601 0.289653 0.58929 -0.557282 0.584956
-0.0401636 -0.216944 0.159249 -0.58929 0.557282 -0.584956
-0.112332 0.344195 0.367166 -0.20205 -0.802673 -0.561152
-0.0780479 0.265698 0.470531 0.202049 0.802673 0.561152
0.208596 -0.128767 -0.260669 0.782249 0.212491 -0.585606
-0.300005 -0.405383 -0.0585387 0.782249 0.212491 -0.585606
-0.176115 -0.292343 -0.360069 0.535336 -0.570313 0.623024
-0.263639 -0.0370158 -0.098428 -0.58929 0.557282 -0.584956
0.102451 0.276842 -0.168221 -0.58929 0.557282 -0.584956
-0.261392 -0.18719 -0.243761 -0.58929 0.557282 -0.584956
0.0377611 -0.409832 -0.0997277 0.58929 -0.557282 0.584956
0.171447 -0.355211 -0.182367 0.58929 -0.557282 0.584956
0.111855 -0.253517 -0.0287385 -0.58929 0.557282 -0.584956
-0.209077 -0.447186 0.0510383 -0.782249 -0.212491 0.585606
-0.156027 -0.0578013 -0.223352 0.58929 -0.557282 0.584956
0.205267 -0.120733 -0.258916 -0.782249 -0.212491 0.585606
-0.182676 0.113784 -0.0330381 0.58929 -0.557282 0.584956
0.00939947 -0.339 -0.367501 -0.680433 -0.297053 0.669904
0.10106 -0.420248 -0.173419 0.58929 -0.557282 0.584956
0.248804 -0.189816 -0.106015 -0.58929 0.557282 -0.584956
0.0151826 0.461798 0.165896 0.535334 -0.570314 0.623025
0.349654 0.232006 0.061948 -0.782249 -0.212491 0.585606
0.163763 0.0601733 -0.251999 0.782249 0.212491 -0.585606
-0.232352 0.0300631 0.193121 -0.782249 -0.212491 0.585606
0.290462 0.111927 0.139485 -0.58929 0.557282 -0.584956
0.32294 0.357267 0.191743 -0.202049 -0.802672 -0.561154
0.219767 0.0859002 -0.167853 0.782249 0.212491 -0.585606
-0.281144 -0.14105 -0.179905 -0.58929 0.557282 -0.584956
-0.0664935 0.136418 -0.128518 0.58929 -0.557282 0.584956
0.00777657 0.37837 0.0238788 -0.58929 0.557282 -0.584956
-0.178848 -0.216985 0.171664 0.782249 0.212491 -0.585606
-0.174728 -0.388433 0.114957 0.782249 0.212491 -0.585606
0.020308 -0.075263 0.236595 0.58929 -0.557282 0.584956
0.126726 0.27183 0.388029 0.202046 0.802676 0.561149
-0.265625 0.123744 0.182668 -0.782249 -0.212491 0.585606
-0.287629 -0.105722 0.0700114 -0.782249 -0.212491 0.585606
0.332626 -0.0453392 -0.0528164 -0.58929 0.557282 -0.584956
0.0983255 0.407027 -0.0400395 -0.58929 0.557282 -0.584956
0.00199982 -0.0483646 -0.376847 -0.58929 0.557282 -0.584956
-0.193961 -0.295929 0.126114 -0.782249 -0.212491 0.585606
0.0624892 -0.409347 -0.256026 0.20205 0.802672 0.561154
-0.0674018 0.113079 0.443583 -0.782249 -0.212491 0.585606
-0.0260924 -0.329421 0.0412056 0.58929 -0.557282 0.584956
0.203973 -0.0757805 0.0510756 0.58929 -0.557282 0.584956
-0.267005 0.0841391 0.0203861 -0.58929 0.557282 -0.584956
-0.0725286 -0.166056 0.240334 -0.58929 0.557282 -0.584956
-0.278501 0.0180905 -0.030957 -0.58929 0.557282 -0.584956
0.398456 0.333078 0.199153 -0.202049 -0.802672 -0.561154
-0.383454 -0.364253 -0.159961 0.20205 0.802673 0.561152
-0.274748 -0.0340434 0.113226 -0.782249 -0.212491 0.585606
-0.332599 -0.256003 -0.0445893 -0.782249 -0.212491 0.585606
-0.137101 0.408112 0.284658 -0.20205 -0.802672 -0.561154
0.00140894 -0.0521688 -0.376588 0.58929 -0.557282 0.584956
-0.114545 0.437499 0.206726 0.58929 -0.557282 0.584956
-0.189291 0.189041 0.308327 -0.782249 -0.212491 0.585606
0.0823417 -0.0224464 0.224419 0.58929 -0.557282 0.584956
-0.0729515 0.0504491 -0.207201 -0.58929 0.557282 -0.584956
0.131416 0.281859 0.376335 -0.255702 0.596331 -0.760925
0.0926073 -0.185565 -0.432932 -0.782249 -0.212491 0.585606
0.121184 -0.316136 -0.0945056 0.58929 -0.557282 0.584956
-0.125981 -0.307413 0.162801 0.58929 -0.557282 0.584956
0.151697 -0.151464 -0.34491 0.782249 0.212491 -0.585606
-0.210288 0.0378545 -0.0808457 -0.58929 0.557282 -0.584956
-0.390448 -0.230164 -0.112488 -0.782249 -0.212491 0.585606
0.195123 -0.281107 -0.135621 0.58929 -0.557282 0.584956
-0.329681 0.0197541 0.0254748 0.58929 -0.557282 0.584956
0.258175 0.407581 0.143093 -0.20205 -0.802673 -0.561152
0.0919325 0.224812 0.44703 -0.58929 0.557282 -0.584956
0.234333 0.0162503 0.108168 0.58929 -0.557282 0.584956
0.191538 0.215057 0.337394 -0.58929 0.557282 -0.584956
-0.302842 -0.263036 -0.270974 0.58929 -0.557282 0.584956
-0.188221 0.181774 0.30712 -0.782249 -0.212491 0.585606
-0.381302 -0.361479 -0.168131 -0.20205 -0.802673 -0.561152
0.0933851 0.464218 0.124841 0.202051 0.802672 0.561153
0.125675 0.180552 0.37416 0.58929 -0.557282 0.584956
0.180837 0.508357 -0.0266256 -0.58929 0.557282 -0.584956
0.0876672 0.0520827 0.290058 0.58929 -0.557282 0.584956
-0.165047 0.0384159 0.282773 0.782249 0.212491 -0.585606
0.163584 0.131657 0.2861 -0.58929 0.557282 -0.584956
0.210882 0.171559 -0.14864 0.782249 0.212491 -0.585606
-0.0561135 0.41286 0.121101 -0.58929 0.557282 -0.584956
-0.21674 -0.0997346 -0.205426 -0.58929 0.557282 -0.584956
-0.110963 -0.165053 -0.370927 0.58929 -0.557282 0.584956
-0.258217 0.351883 0.275345 -0.782249 -0.212491 0.585606
0.282436 -0.0146688 -0.120633 0.782249 0.212491 -0.585606
-0.25583 0.123789 0.192485 0.782249 0.212491 -0.585606
-0.183636 -0.144836 -0.281743 -0.58929 0.557282 -0.584956
-0.100807 -0.0851992 -0.308371 -0.58929 0.557282 -0.584956
0.0209617 0.47678 0.174771 0.498002 -0.577569 0.646845
-0.154429 0.0268833 0.296056 -0.782249 -0.212491 0.585606
-0.129398 0.270195 0.0590122 -0.58929 0.557282 -0.584956
-0.152394 0.409805 0.287742 -0.202049 -0.802675 -0.56115
-0.281203 -0.0243452 0.104839 0.782249 0.212491 -0.585606
0.279721 0.173975 0.212706 0.58929 -0.557282 0.584956
-0.337289 -0.172134 -0.0237063 0.782249 0.212491 -0.585606
0.31191 0.0561201 -0.0555752 0.782249 0.212491 -0.585606
-0.225405 -0.420625 -0.136235 0.20205 0.802673 0.561152
0.029648 -0.130688 -0.479841 0.58929 -0.557282 0.584956
-0.0426694 -0.158685 -0.43366 0.58929 -0.557282 0.584956
0.303106 0.301346 0.282301 0.20205 0.802673 0.561152
0.220274 -0.247368 -0.284821 -0.782249 -0.212491 0.585606
0.125164 -0.0466344 -0.339031 -0.782249 -0.212491 0.585606
0.128525 0.456398 0.123374 0.202049 0.802674 0.561152
0.0574373 0.155406 0.418946 0.58929 -0.557282 0.584956
-0.0957845 -0.358427 0.0837806 0.58929 -0.557282 0.584956
-0.128446 -0.231316 0.237075 -0.782249 -0.212491 0.585606
0.0130987 0.264626 -0.0898448 -0.58929 0.557282 -0.584956
0.236878 0.240003 -0.0857963 -0.782249 -0.212491 0.585606
0.234644 0.335472 -0.0541379 -0.782249 -0.212491 0.585606
0.0742674 -0.0877232 -0.421927 -0.782249 -0.212491 0.585606
0.210249 0.464075 0.0829672 0.20205 0.802673 0.561152
-0.349046 -0.319131 -0.24032 -0.202051 -0.802672 -0.561154
0.303853 -0.121342 -0.130731 0.782249 0.212491 -0.585606
-0.074043 0.136659 -0.12397 -0.58929 0.557282 -0.584956
-0.250447 0.198099 0.229922 -0.782249 -0.212491 0.585606
0.10527 0.338022 -0.112776 -0.58929 0.557282 -0.584956
-0.0658286 0.112638 0.445524 -0.782249 -0.212491 0.585606
-0.0949872 -0.0825454 -0.308417 0.58929 -0.557282 0.584956
0.298358 0.0528157 0.0785041 0.58929 -0.557282 0.584956
-0.305226 0.067944 0.106238 0.782249 0.212491 -0.585606
0.0528431 0.318507 0.398831 0.307416 0.492032 -0.814494
0.0290529 0.207851 -0.160006 -0.58929 0.557282 -0.584956
0.262835 -0.0770742 -0.0094545 0.58929 -0.557282 0.584956
0.170043 -0.0178695 -0.271929 0.782249 0.212491 -0.585606
0.124532 -0.155798 0.0515868 -0.58929 0.557282 -0.584956
-0.322583 -0.125841 -0.123669 -0.58929 0.557282 -0.584956
-0.127615 0.270402 0.0607018 0.58929 -0.557282 0.584956
0.401039 0.252868 0.134874 0.782249 0.212491 -0.585606
0.159339 -0.360136 -0.364717 -0.202049 -0.802673 -0.561152
-0.333254 -0.0812695 0.017939 -0.782249 -0.212491 0.585606
-0.0929002 -0.359207 0.0801315 0.58929 -0.557282 0.584956
0.190593 0.424519 -0.0839534 0.782249 0.212491 -0.585606
-0.139757 0.00857081 -0.179798 -0.58929 0.557282 -0.584956
-0.377792 -0.128362 -0.0704534 -0.58929 0.557282 -0.584956
0.269886 -0.311326 -0.239726 0.58929 -0.557282 0.584956
0.098948 -0.398292 -0.153661 -0.58929 0.557282 -0.584956
0.0411309 -0.125812 -0.483296 0.782249 0.212491 -0.585606
-0.195364 -0.207975 -0.326792 0.58929 -0.557282 0.584956
0.157285 0.00984123 0.179681 0.58929 -0.557282 0.584956
0.127798 0.188204 0.379311 0.58929 -0.557282 0.584956
-0.226846 -0.373451 0.054057 -0.782249 -0.212491 0.585606
0.181767 0.348031 -0.120214 -0.782249 -0.212491 0.585606
0.20184 0.0834092 0.201596 -0.58929 0.557282 -0.584956
-0.168469 0.180748 0.0131588 -0.58929 0.557282 -0.584956
0.00122971 0.265761 0.441896 0.202052 0.802673 0.561152
0.253401 0.487098 0.0310705 -0.20205 -0.802673 -0.561152
0.236735 0.422044 -0.0232152 0.782249 0.212491 -0.585606
0.13669 -0.434901 -0.249616 -0.202049 -0.802673 -0.561152
0.0228624 0.0524161 0.35566 0.58929 -0.557282 0.584956
0.253916 -0.0649171 -0.173679 -0.782249 -0.212491 0.585606
-0.180617 0.380219 0.21543 -0.58929 0.557282 -0.584956
-0.2049 -0.522231 0.0293864 -0.782249 -0.212491 0.585606
-0.322661 -0.273464 -0.0376503 -0.782249 -0.212491 0.585606
-0.0535714 0.267941 -0.0195229 -0.58929 0.557282 -0.584956
-0.145126 0.0803699 -0.102699 0.58929 -0.557282 0.584956
