ply
format ascii 1.0
comment Created by Open3D
element vertex 400
property double x
property double y
property double z
property double nx
property double ny
property double nz
end_header
0.254912 -0.0200631 -0.26453 0.943727 -0.111042 -0.311526
-0.100277 -0.3836 -0.360977 -0.304922 0.0726135 -0.949605
0.186621 0.0693197 -0.50327 0.943727 -0.111043 -0.311526
0.021779 0.327816 -0.248118 -0.113437 0.776124 -0.620293
-0.298685 0.352561 0.0134062 -0.943727 0.111043 0.311526
0.38328 0.13445 0.069269 0.943727 -0.111049 -0.311524
0.371388 0.165664 0.292127 0.12436 -0.753672 0.645378
-0.323679 0.471128 -0.309499 -0.304922 0.0726134 -0.949605
0.18755 -0.0403331 -0.0188439 0.0981217 -0.805528 0.584377
-0.192999 -0.0264995 -0.138545 0.279067 -0.238126 0.930278
0.100324 -0.369436 -0.31432 0.279067 -0.238127 0.930278
0.319603 0.114845 -0.0296301 -0.301634 0.0973009 -0.948446
-0.375055 -0.444671 -0.277415 -0.304922 0.0726135 -0.949605
0.335666 0.188811 -0.0943485 0.943727 -0.111043 -0.311526
0.159746 0.253786 0.408887 0.244018 -0.402013 0.88252
0.103509 0.192249 -0.120325 0.943728 -0.111043 -0.311525
0.389136 0.332828 0.016298 0.943727 -0.111043 -0.311526
0.273744 0.387339 0.325839 0.943727 -0.111043 -0.311526
0.241344 0.400892 0.222857 0.943727 -0.111043 -0.311526
-0.408515 -0.21873 -0.1231 0.279067 -0.238126 0.930278
-0.14062 0.52856 -0.169551 0.128068 0.991159 0.0346678
0.106589 0.0920828 -0.360308 -0.328215 -0.198638 -0.923481
0.0976149 0.10163 0.31528 -0.212915 0.516795 -0.829211
0.0125021 0.495138 0.220314 0.128068 0.991159 0.0346679
0.111162 0.349023 -0.0220363 0.236598 0.884842 0.401344
-0.0932563 -0.21337 -0.350215 -0.304922 0.0726135 -0.949605
0.104022 0.485279 0.164115 0.128068 0.991159 0.0346678
0.0404426 -0.0831775 -0.297637 0.304922 -0.0726135 0.949605
-0.326633 0.393318 -0.0857842 -0.943727 0.111043 0.311526
0.199659 0.0615544 0.246921 -0.000430982 0.941535 -0.336914
-0.143149 -0.342309 -0.234338 0.279067 -0.238127 0.930278
0.0534961 0.0728175 -0.461069 -0.304922 0.0726134 -0.949605
-0.121536 -0.476163 -0.360035 -0.128068 -0.991159 -0.0346681
0.157892 0.413794 -0.295525 -0.943727 0.111043 0.311526
0.23874 0.076349 0.15592 0.313365 0.601391 0.734936
-0.0952307 0.51785 -0.379282 -0.304922 0.0726134 -0.949605
0.229536 0.101427 -0.384709 0.943727 -0.111043 -0.311526
-0.0430095 0.0921088 -0.428605 -0.304922 0.0726134 -0.949605
0.305741 0.310384 -0.228337 0.943727 -0.111043 -0.311526
-0.140897 0.198628 -0.389028 -0.304922 0.0726134 -0.949605
-0.317445 -0.329103 -0.287077 -0.304922 0.0726135 -0.949605
-0.293482 0.462101 -0.00987661 -0.943727 0.111043 0.311526
0.307981 0.462271 0.0684493 0.128068 0.991159 0.0346679
0.079979 0.380974 -0.258878 0.943727 -0.111043 -0.311526
-0.0333315 0.0396873 0.145856 -0.943727 0.111043 0.311526
0.18659 0.471877 0.242244 0.128068 0.991159 0.0346678
-0.267221 0.354505 0.108029 -0.943727 0.111043 0.311526
0.176159 0.494789 -0.374259 0.128067 0.991159 0.0346677
-0.238516 0.00992176 -0.289812 -0.329945 -0.380767 -0.863802
-0.19273 0.284806 -0.365795 -0.304922 0.0726134 -0.949605
0.0963349 -0.424294 -0.427222 -0.304922 0.0726135 -0.949605
0.135585 -0.0777553 -0.192659 -0.171956 -0.969366 -0.17539
0.220027 -0.00265167 0.201064 -0.128068 -0.991159 -0.0346679
-0.107301 0.332575 -0.389574 -0.304922 0.0726134 -0.949605
0.0325798 0.317272 -0.0744945 -0.157791 -0.979004 -0.129045
0.018008 0.373565 -0.156714 0.0326332 0.968618 -0.246404
0.273458 0.307018 0.353604 0.943727 -0.111043 -0.311526
0.0892988 -0.0514523 -0.0243104 0.0335748 -0.904915 0.424266
-0.0726716 0.222922 0.1097 -0.128068 -0.991159 -0.0346678
0.21646 -0.210906 -0.308579 0.279067 -0.238127 0.930278
0.00155963 0.0436836 0.25013 -0.943727 0.111043 0.311526
-0.0513636 0.414833 -0.401245 -0.304922 0.0726134 -0.949605
-0.388998 0.176625 -0.197471 -0.943727 0.111043 0.311526
0.053568 0.276666 0.00418552 -0.294106 -0.712596 -0.636952
-0.167807 0.471959 0.367326 -0.943727 0.111043 0.311526
-0.380613 0.320776 -0.223453 -0.943727 0.111043 0.311526
0.159689 0.494841 -0.462897 -0.304922 0.0726134 -0.949605
-0.149739 0.0140528 -0.214183 -0.301244 -0.677373 -0.671132
0.174504 0.480229 0.0481136 0.128068 0.991159 0.0346678
0.310867 0.141033 0.132043 -0.225451 -0.905171 -0.36033
0.00304545 0.245161 -0.309768 -0.237029 0.429807 -0.871254
0.31926 -0.050363 -0.0587944 0.943728 -0.111044 -0.311524
0.0874365 0.277362 -0.199354 0.943727 -0.111043 -0.311526
0.299517 0.235115 0.145015 0.128068 0.991159 0.0346679
-0.297205 -0.425857 -0.20951 0.279067 -0.238127 0.930278
0.280794 0.0231409 0.281084 0.120596 -0.761553 0.636784
0.13502 0.181282 0.354153 0.0935418 -0.813866 0.573474
0.207253 0.339491 0.141469 0.943727 -0.111043 -0.311526
-0.015093 0.0188456 -0.436912 -0.323041 -0.511356 -0.796341
-0.368895 -0.0919148 -0.252419 -0.304922 0.0726135 -0.949605
-0.247876 0.105371 -0.361808 -0.304922 0.0726134 -0.949605
-0.148951 0.430462 0.439241 -0.943727 0.111043 0.311526
0.275584 -0.00670975 0.111852 -0.128068 -0.991159 -0.0346679
-0.047706 0.102332 0.0799807 -0.943727 0.111043 0.311526
0.0742722 -0.493788 -0.338335 0.279067 -0.238127 0.930278
0.406756 0.44706 0.0289555 0.943727 -0.111043 -0.311526
0.0301012 -0.297072 -0.310673 0.304922 -0.0726135 0.949605
0.0636686 -0.243865 -0.402936 -0.304922 0.0726135 -0.949605
-0.258265 0.4912 0.0864364 -0.943727 0.111043 0.311526
0.0079157 0.515867 -0.355389 0.128068 0.991159 0.0346681
-0.361282 0.182015 -0.115431 -0.943727 0.111043 0.311526
0.030773 0.0415839 0.339377 -0.943727 0.111043 0.311526
-0.140369 0.224077 -0.27635 -0.27804 0.243679 -0.929147
0.244624 -0.0930311 -0.212642 -0.157656 -0.979084 -0.128606
0.239603 0.0715567 -0.226701 0.197973 -0.564869 0.80108
0.483794 0.298903 0.316948 0.304922 -0.0726134 0.949605
0.382854 0.316229 0.350685 0.304922 -0.0726134 0.949605
0.302641 0.047002 0.205285 0.032501 0.968528 -0.246773
0.275614 0.351433 -0.162872 0.128219 0.991123 0.0351379
-0.439441 -0.275491 -0.189126 -0.943727 0.111043 0.311526
0.00618142 0.165082 -0.331761 -0.308021 0.0478709 -0.950174
-0.0138279 -0.0456335 -0.00447931 0.0171274 -0.924276 0.381342
0.367398 0.0698691 0.290592 0.263517 -0.316711 0.911182
0.0446524 -0.067755 -0.158778 -0.171956 -0.969366 -0.17539
0.274369 0.318334 -0.326209 0.943727 -0.111043 -0.311526
0.159053 0.481284 -0.0550882 0.943727 -0.111043 -0.311526
0.0818591 -0.00182314 -0.192752 0.224634 0.90655 0.357361
-0.0431463 -0.332817 -0.261908 0.279067 -0.238127 0.930278
0.220337 0.48619 -0.291606 0.128068 0.991159 0.0346679
-0.279574 -0.0478046 -0.118028 0.279067 -0.238126 0.930278
-0.232479 0.209225 -0.358811 -0.304922 0.0726134 -0.949605
-0.0393787 0.182708 -0.422843 -0.304922 0.0726134 -0.949605
-0.250969 0.410495 0.137306 -0.943727 0.111043 0.311526
0.0906945 0.500875 -0.232553 0.128068 0.991159 0.0346678
0.0657538 -0.000862541 0.0508488 0.144113 -0.709746 0.689559
0.0481044 0.0207173 0.168049 -0.128068 -0.991159 -0.0346679
-0.107721 0.356172 0.511265 0.304922 -0.0726134 0.949605
0.233043 0.293265 0.236072 0.943727 -0.111043 -0.311526
-0.352931 0.558891 -0.252411 0.128068 0.991159 0.0346679
-0.253346 0.54724 -0.287212 0.128068 0.991159 0.0346681
-0.104349 -0.186516 -0.206099 0.279067 -0.238127 0.930278
0.181464 0.295158 -0.195896 -0.0325007 -0.968528 0.246773
-0.0297661 -0.436367 -0.299997 0.943727 -0.111043 -0.311526
0.109547 0.309952 -0.125632 -0.112709 -0.993547 0.0127096
0.45873 0.336928 0.225662 0.943727 -0.111043 -0.311526
0.174424 0.460314 0.428631 0.304922 -0.0726134 0.949605
-2.27058e-05 0.196988 -0.0219746 0.00439592 -0.937654 0.347542
0.0973393 0.0164774 0.288866 -0.0250126 -0.963215 0.267564
-0.161817 0.231627 0.190139 -0.128068 -0.991159 -0.0346678
-0.331882 0.155497 -0.0254662 0.171474 -0.641165 0.748001
-0.348627 0.406988 -0.157286 -0.943727 0.111043 0.311526
0.0240985 0.284273 0.0957649 0.318375 0.560031 0.764855
0.0708062 0.233002 -0.454378 -0.304922 0.0726134 -0.949605
0.0395314 0.144348 -0.451115 -0.304922 0.0726134 -0.949605
0.204022 0.129443 0.290324 -0.322528 -0.100604 -0.941198
0.406475 0.22167 0.108446 0.943727 -0.111043 -0.311526
-0.436922 -0.143137 -0.228674 -0.943727 0.111043 0.311526
-0.176594 -0.472136 -0.271786 -0.128068 -0.991159 -0.034668
-0.253749 0.27692 0.176496 -0.943727 0.111043 0.311526
0.186437 0.385684 0.0619431 0.943727 -0.111043 -0.311526
0.25624 0.40403 0.00588841 -0.943727 0.111043 0.311526
0.146545 0.108947 -0.221237 -0.943727 0.111043 0.311527
0.147347 0.270551 -0.0328312 -0.2862 -0.746241 -0.60101
0.227773 0.105265 -0.00234851 -0.286631 0.195293 -0.937925
-0.302083 -0.160081 -0.279085 -0.304922 0.0726135 -0.949605
0.164616 0.10763 0.168791 0.329832 0.246839 0.911198
-0.126083 0.0990316 -0.401401 -0.304922 0.0726134 -0.949605
-0.192281 -0.202889 -0.183912 0.279067 -0.238126 0.930278
-0.162655 0.330272 0.433439 -0.943727 0.111043 0.311526
-0.0181523 0.498301 0.243132 0.128068 0.991159 0.0346679
0.0326517 0.162867 0.301299 -0.0838536 -0.991508 0.0993976
0.142518 0.00978297 0.131885 -0.128068 -0.991159 -0.0346679
0.193633 0.0614181 -0.313696 0.328104 0.432696 0.839715
-0.318481 -0.127892 -0.126857 0.279067 -0.238126 0.930278
-0.0561021 0.0412728 -0.192192 0.2862 0.74624 0.601012
0.108873 0.375602 -0.169431 0.943727 -0.111043 -0.311526
0.221775 -0.12358 -0.328017 0.943727 -0.111043 -0.311526
-0.327431 0.482808 -0.307401 -0.304922 0.0726134 -0.949605
0.100745 0.489992 0.041456 0.128068 0.991159 0.0346678
-0.354066 -0.0273434 -0.0904442 0.279067 -0.238126 0.930278
0.250161 0.21469 0.287356 0.282235 0.761427 0.583585
-0.193081 0.412859 0.311828 -0.943727 0.111043 0.311526
0.158346 0.250908 -0.481119 -0.304922 0.0726134 -0.949605
-0.373188 -0.245005 -0.262747 -0.304922 0.0726135 -0.949605
-0.0740053 0.499338 0.419825 0.128068 0.991159 0.0346679
0.23845 0.232918 0.377352 0.232704 -0.446379 0.864057
0.484531 0.415482 0.275823 0.943727 -0.111043 -0.311526
-0.1082 -0.127886 -0.33888 -0.304922 0.0726135 -0.949605
0.0306466 0.4371 -0.425876 -0.304922 0.0726134 -0.949605
0.271883 0.302286 0.0895417 -0.943727 0.111043 0.311526
-0.221388 0.209824 0.298446 -0.943727 0.111043 0.311525
-0.0994887 0.210543 0.433933 0.0935425 -0.813864 0.573476
-0.0360724 0.388416 -0.0793832 0.11286 0.993535 -0.0122497
0.139724 0.405703 -0.0867026 0.943727 -0.111043 -0.311526
0.140611 0.253504 0.2063 0.128068 0.991159 0.0346679
0.0175272 0.506955 -0.136096 0.128068 0.991159 0.0346678
-0.425281 -0.345628 -0.253714 -0.304922 0.0726135 -0.949605
-0.0115582 0.489298 0.476186 0.128068 0.991159 0.0346679
0.20253 0.354048 -0.0978764 0.186101 0.956968 0.222661
0.0174951 0.499558 0.0755116 0.128068 0.991159 0.0346678
0.243072 0.489491 -0.469971 0.128068 0.991159 0.0346679
0.383045 0.450734 0.121004 0.128068 0.991159 0.0346679
0.179341 -0.0798955 -0.263909 0.279067 -0.238126 0.930278
0.308975 0.205922 0.236257 -0.943727 0.111045 0.311524
0.274063 0.434103 -0.368401 0.943727 -0.111043 -0.311526
-0.399331 0.25222 -0.255722 -0.943727 0.111043 0.311526
0.216798 0.319378 -0.494652 -0.304922 0.0726134 -0.949605
-0.342086 0.0308234 -0.26108 -0.309146 -0.63086 -0.711649
0.166948 0.239254 -0.281756 0.172819 -0.637539 0.750784
0.297979 0.438209 0.381123 0.943727 -0.111043 -0.311526
-0.285814 -0.0724074 -0.277605 -0.304922 0.0726135 -0.949605
0.0230208 0.0523363 -0.180083 0.245194 -0.397208 0.884368
0.163551 0.0125706 -0.235104 0.265475 -0.307406 0.913797
0.304353 0.335496 0.176068 -0.943727 0.111043 0.311526
0.30748 0.131786 0.221417 -0.0679633 -0.98696 0.145914
0.343515 0.225165 0.334031 -0.943728 0.111044 0.311524
0.150686 -0.0859148 -0.418799 -0.304922 0.0726135 -0.949605
-0.0427136 0.0469978 -0.286035 -0.325615 -0.47691 -0.816414
-0.168541 0.536333 -0.288637 0.128068 0.991159 0.0346681
0.0357236 0.486897 0.370157 0.128068 0.991159 0.0346679
-0.302022 0.546839 -0.0959213 0.128068 0.991159 0.0346679
-0.214428 0.489344 -0.343187 -0.304922 0.0726134 -0.949605
-0.249703 0.207311 0.0201609 0.0678638 -0.856886 0.51102
-0.442773 -0.370898 -0.165214 -0.943727 0.111043 0.311526
-0.0431758 0.000833567 -0.0973604 0.143107 0.986308 0.0819576
-0.290412 0.330564 -0.330929 -0.304922 0.0726134 -0.949605
-0.221548 0.485315 0.199763 -0.943727 0.111043 0.311526
-0.130243 0.513084 0.234572 0.128068 0.991159 0.0346679
-0.378248 -0.440237 -0.18888 0.279067 -0.238127 0.930278
0.0457155 0.166823 0.0611081 -0.31848 -0.0511936 -0.946546
-0.348725 0.110311 -0.329047 -0.304922 0.0726134 -0.949605
0.0705055 0.0149319 -0.299789 0.304922 -0.0726134 0.949605
0.225855 0.444479 0.160399 0.943727 -0.111043 -0.311526
-0.178145 0.181975 -0.0292029 0.0987948 -0.804286 0.585973
-0.179255 0.522931 0.134087 0.128068 0.991159 0.0346679
0.121527 0.160658 -0.476197 -0.304922 0.0726134 -0.949605
-0.462163 -0.431704 -0.248453 -0.304922 0.0726135 -0.949605
0.120794 0.465316 -0.165297 0.943727 -0.111043 -0.311526
-0.0517969 0.51777 -0.189208 0.128068 0.991159 0.0346678
-0.270314 -0.420388 -0.309191 -0.304922 0.0726135 -0.949605
0.127763 0.498455 -0.30029 0.128067 0.991159 0.0346677
0.2862 0.395964 0.0995239 -0.943727 0.111043 0.311526
0.177298 0.148306 -0.323714 0.301634 -0.0973019 0.948446
0.372018 0.407831 -0.0622954 0.943727 -0.111043 -0.311526
-0.106474 0.266059 -0.195837 0.186661 -0.598744 0.778886
0.16559 -0.0798862 -0.106271 -0.0486765 -0.978327 0.201264
-0.00829385 0.402045 0.482846 0.304922 -0.0726134 0.949605
-0.098719 -0.0693518 -0.177797 0.279067 -0.238126 0.930278
-0.427018 0.109089 -0.288576 -0.943727 0.111043 0.311526
0.399371 0.208976 0.218245 0.242463 0.872911 0.423364
-0.0733864 0.27029 0.480641 0.232704 -0.446378 0.864058
0.211136 0.186293 0.207838 0.943727 -0.11104 -0.311527
0.106376 0.480606 0.289025 0.128068 0.991159 0.0346679
-0.0302139 -0.21834 -0.236484 0.279067 -0.238127 0.930278
0.184053 0.043992 0.322878 0.165161 -0.657844 0.734822
-0.369995 0.335842 -0.304972 -0.304922 0.0726134 -0.949605
-0.325196 0.242708 -0.326479 -0.304922 0.0726134 -0.949605
-0.0807025 -0.29872 -0.360772 -0.304922 0.0726135 -0.949605
-0.187485 -0.390738 -0.33352 -0.304922 0.0726135 -0.949605
-0.34751 0.489195 -0.183206 -0.943727 0.111043 0.311526
0.0927135 0.170656 -0.294077 0.286631 -0.195294 0.937925
-0.0683146 0.300021 -0.257135 -0.18661 0.598891 -0.778785
0.288537 -0.0486366 -0.152483 0.943727 -0.111043 -0.311525
-0.10542 -0.27587 -0.22865 0.279067 -0.238127 0.930278
-0.0751305 0.00869813 0.0302777 -0.943727 0.111043 0.311526
-0.0131379 -0.168687 -0.372524 -0.304922 0.0726135 -0.949605
-0.129891 0.181677 0.350027 -0.0995403 -0.99364 0.0526367
-0.266043 0.538173 0.0189271 0.128068 0.991159 0.0346679
-0.238501 -0.315585 -0.198894 0.279067 -0.238127 0.930278
0.399864 -0.0209128 0.1818 -0.0414244 -0.974219 0.221769
-0.373484 0.0889389 -0.119218 -0.943727 0.111044 0.311525
-0.0465812 0.512245 -0.0505109 0.128068 0.991159 0.0346678
-0.29803 0.365917 0.0106316 -0.943727 0.111043 0.311526
0.130017 -0.0115642 -0.467002 -0.204755 -0.935889 -0.286682
-0.291026 0.251278 0.0727127 -0.943727 0.111043 0.311526
0.424326 0.340794 0.12006 0.943727 -0.111043 -0.311526
0.0856174 0.273561 -0.314367 -0.18661 0.59889 -0.778786
-0.0171259 -0.255686 -0.377896 -0.304922 0.0726135 -0.949605
0.442217 0.131616 0.248821 0.943727 -0.111047 -0.311524
0.126824 0.263264 0.0725643 0.250482 0.855059 0.454018
0.014535 0.2456 0.443286 0.208402 -0.531739 0.820866
-0.162785 -0.277292 -0.332777 -0.304922 0.0726135 -0.949605
0.348778 0.40233 0.286825 -0.943727 0.111043 0.311526
0.354699 0.0539518 0.126274 0.2862 0.746241 0.60101
-0.266931 0.54571 -0.193275 0.128068 0.991159 0.0346678
0.00752564 -0.390178 -0.396096 -0.304922 0.0726135 -0.949605
0.210639 0.0108675 -0.409674 0.943727 -0.111043 -0.311526
-0.332537 0.296993 -0.0693352 -0.943727 0.111043 0.311526
-0.111025 0.0621014 -0.138286 0.255633 -0.352717 0.900135
-0.0140254 0.215353 0.057368 -0.0903705 -0.992684 0.0800747
-0.402553 -0.0389385 -0.161698 -0.943727 0.111043 0.311526
0.331889 0.45465 0.19803 0.128068 0.991159 0.0346679
0.217572 0.172909 -0.446433 0.943727 -0.111043 -0.311526
-0.0974285 0.449741 0.515115 0.304922 -0.0726134 0.949605
0.302539 0.135807 0.315989 0.32701 0.172534 0.929137
0.134192 -0.219577 -0.28612 0.279067 -0.238126 0.930278
-0.0101697 0.281547 -0.424665 -0.304922 0.0726134 -0.949605
0.198906 0.20219 -0.095854 -0.943727 0.111043 0.311526
0.328044 0.305427 0.258554 -0.943727 0.111043 0.311526
0.0330934 -0.201517 -0.304327 0.304922 -0.0726135 0.949605
-0.0753932 0.513089 0.0318089 0.128068 0.991159 0.0346679
0.127596 0.193846 0.267868 -0.199349 -0.942592 -0.267917
0.0238548 -0.0658443 -0.0739122 -0.0649274 -0.985825 0.154706
-0.0504934 0.178785 0.265612 -0.200499 -0.941209 -0.271894
-0.198889 0.235322 0.10195 -0.0748912 -0.989233 0.125737
0.322252 0.266955 -0.162839 0.943727 -0.111043 -0.311526
-0.229471 0.356147 0.221804 -0.943727 0.111043 0.311526
-0.0892155 0.372996 -0.15849 -0.0332466 0.905324 -0.423418
0.12993 -0.214816 -0.421991 -0.304922 0.0726135 -0.949605
-0.187223 0.247279 0.388593 -0.943727 0.111043 0.311526
-0.147006 0.525509 -0.0587318 0.128068 0.991159 0.0346679
0.0983999 0.199719 0.141118 -0.128068 -0.991159 -0.0346678
0.365133 0.203364 -0.0102701 0.943727 -0.111042 -0.311526
-0.369027 0.252721 -0.164096 -0.943727 0.111043 0.311526
0.0711415 0.130729 0.197597 0.31848 0.0511968 0.946546
0.18594 -0.152077 -0.426417 0.943727 -0.111043 -0.311526
-0.328364 -0.317463 -0.172417 0.279067 -0.238126 0.930278
-0.407489 0.0533632 -0.209552 -0.943728 0.111051 0.311521
-0.194292 0.0788481 -0.107924 0.245194 -0.397207 0.884368
0.0949871 0.192054 -0.0349678 -0.0115907 -0.952475 0.304396
0.341078 0.389527 -0.149498 0.943727 -0.111043 -0.311526
0.464866 0.221845 0.285272 0.943727 -0.111042 -0.311526
0.154575 0.220363 -0.362904 -0.248233 0.384599 -0.88908
0.00769064 0.138241 -0.116448 0.143372 -0.711473 0.687932
-0.401929 -0.131064 -0.126972 -0.943727 0.111043 0.311526
-0.0992986 0.145999 -0.296834 -0.318483 -0.0512344 -0.946543
0.130966 0.135901 0.0325223 -0.301634 0.0973013 -0.948446
0.0451926 0.0871761 -0.268556 0.329767 0.387563 0.860842
0.140493 -0.509107 -0.386126 -0.128068 -0.991159 -0.034668
0.0302512 0.234022 0.269202 -0.943727 0.111043 0.311526
0.243589 0.409518 -0.451955 0.943727 -0.111043 -0.311526
0.108795 -0.0140976 -0.10309 0.048866 0.978428 -0.200726
-0.246133 0.539198 -0.0839246 0.128068 0.991159 0.0346679
0.246101 0.228208 -0.379719 0.943727 -0.111042 -0.311526
0.429582 0.422595 0.343814 0.304922 -0.0726134 0.949605
0.43479 0.265916 0.178451 0.943727 -0.111043 -0.311526
-0.0383866 0.320303 -0.125916 -0.016055 -0.95622 0.292207
-0.182959 0.0286007 -0.371172 -0.261729 -0.826595 -0.498236
0.193077 0.330037 -0.271222 -0.0496121 0.883758 -0.465307
0.215986 0.464568 0.342619 0.128068 0.991159 0.0346679
-0.226666 -0.119159 -0.152164 0.279067 -0.238126 0.930278
-0.164397 0.52458 0.0320691 0.128068 0.991159 0.0346679
0.156781 0.189595 -0.218975 -0.943727 0.111043 0.311527
0.247594 0.475146 -0.0765743 0.128068 0.991159 0.0346679
-0.203368 0.30758 0.31819 -0.943727 0.111043 0.311526
0.272183 -0.00352408 0.0134622 -0.0588671 -0.983307 0.172168
0.175815 0.0082546 0.0525801 -0.128068 -0.991159 -0.0346679
0.371221 -0.0164601 0.0865281 0.943727 -0.111043 -0.311526
0.103165 0.0702938 0.235369 0.185947 0.957119 0.22214
-0.155391 0.418047 -0.367596 -0.304922 0.0726134 -0.949605
-0.102141 -0.0474454 -0.0315348 -0.943727 0.111043 0.311526
0.000914338 0.266366 0.168801 -0.943727 0.111043 0.311526
0.0864025 0.312826 0.445629 0.305214 -0.0703435 0.949682
0.0374474 0.486747 0.368078 0.128068 0.991159 0.0346679
-0.282937 -0.200876 -0.156201 0.279067 -0.238126 0.930278
0.222749 0.382747 0.407182 0.304922 -0.0726134 0.949605
0.259349 0.181327 0.0723611 -0.128068 -0.991159 -0.0346678
0.00310966 -0.0326064 -0.226982 -0.258232 -0.835913 -0.48432
0.413204 0.152478 0.153492 0.943727 -0.111041 -0.311527
-0.050561 0.123917 -0.245295 0.328211 0.198548 0.923502
0.166062 -0.297484 -0.434805 0.943727 -0.111043 -0.311526
0.3033 0.170074 -0.185719 0.943727 -0.111043 -0.311526
0.261188 0.47658 -0.167782 0.128068 0.991159 0.0346679
-0.151484 0.104415 -0.235144 -0.943727 0.111043 0.311526
0.182931 0.194821 0.119354 0.943727 -0.111043 -0.311526
0.0181833 0.349747 -0.428554 -0.304922 0.0726134 -0.949605
0.0615714 0.157461 0.391372 -0.943727 0.111043 0.311526
0.163983 0.0483962 -0.0105793 -0.18666 0.598746 -0.778884
-0.11747 -0.00866201 -0.328352 -0.329705 -0.241963 -0.912551
-0.0819621 0.503489 0.330521 0.128068 0.991159 0.0346679
-0.0390313 -0.130972 -0.211475 0.279067 -0.238127 0.930278
0.0864544 -0.326527 -0.416573 -0.304922 0.0726135 -0.949605
0.265277 0.135773 -0.288678 0.943727 -0.111043 -0.311526
0.228904 0.290973 0.00242432 0.30138 0.676647 0.671803
0.0543635 0.225442 0.345305 -0.943727 0.111043 0.311525
0.11443 0.340653 -0.460154 -0.304922 0.0726134 -0.949605
-0.28477 0.0793985 -0.082166 0.255633 -0.352718 0.900134
0.182008 -0.0204394 -0.328278 -0.301244 -0.677373 -0.671132
0.176486 -0.430076 -0.355962 0.943727 -0.111043 -0.311526
-0.242581 0.391817 -0.341605 -0.304922 0.0726134 -0.949605
0.193216 -0.306689 -0.349262 0.943727 -0.111043 -0.311526
-0.0143166 0.158432 0.161133 -0.943727 0.111043 0.311526
0.245719 0.286339 -0.118361 -0.199349 -0.942593 -0.267916
-0.246565 -0.239498 -0.302985 -0.304922 0.0726135 -0.949605
0.082029 0.508195 -0.409822 0.128068 0.991159 0.0346681
0.133329 0.415154 -0.460526 -0.304922 0.0726134 -0.949605
-0.124653 -0.0280042 -0.106663 -0.943727 0.111043 0.311525
0.273082 0.22356 -0.0431213 -0.318247 -0.561205 -0.764047
0.120232 0.395242 0.441056 0.304922 -0.0726134 0.949605
0.308353 0.465302 -0.0195557 0.128068 0.991159 0.0346679
0.351784 0.463384 -0.125167 0.128068 0.991159 0.0346679
0.196298 0.188467 0.00445513 -0.330632 -0.294517 -0.896628
0.352237 0.303298 -0.0849572 0.943727 -0.111043 -0.311526
-0.0486118 -0.0434561 -0.351557 -0.304922 0.0726135 -0.949605
0.0557353 0.459979 0.466716 0.304922 -0.0726134 0.949605
0.218238 0.132443 -0.163953 0.113932 -0.775136 0.621437
0.0645954 -0.0238272 -0.390747 -0.328433 -0.425358 -0.843328
-0.0395871 0.505032 0.129889 0.128068 0.991159 0.0346679
-0.099758 0.208755 0.0110359 0.00439588 -0.937654 0.347542
0.0747413 0.167282 -0.198575 0.943727 -0.111043 -0.311526
0.0751051 -0.134313 -0.398231 -0.304922 0.0726135 -0.949605
0.188029 0.40135 -0.199793 -0.943727 0.111043 0.311526
0.328299 0.0318531 -0.0607183 0.943727 -0.11104 -0.311527
-0.37836 0.418049 -0.251303 -0.943727 0.111043 0.311526
-0.193441 -0.110213 -0.310157 -0.304922 0.0726135 -0.949605
-0.0150709 -0.415463 -0.305221 0.304922 -0.0726135 0.949605
0.239436 0.0102732 -0.0629259 -0.128861 0.744046 -0.655583
-0.374387 -0.251296 -0.262842 -0.304922 0.0726135 -0.949605
-0.0457788 0.520172 -0.280099 0.128068 0.991159 0.0346681
-0.00968344 -0.489854 -0.381798 -0.128068 -0.991159 -0.0346681
0.307251 0.419724 -0.262737 0.943727 -0.111043 -0.311526
0.102298 -0.126255 -0.271441 -0.943727 0.111043 0.311526
0.0553159 0.498633 -0.0377466 0.128068 0.991159 0.0346678
-0.188856 0.510031 0.28999 -0.943727 0.111043 0.311526
-0.0787562 0.157912 -0.0774842 0.128802 -0.744176 0.655448
-0.053829 0.321598 -0.0195233 -0.199349 -0.942593 -0.267916
0.427948 0.0332978 0.240638 0.943727 -0.111043 -0.311525
0.0154354 0.0547781 0.029486 -0.172819 0.637541 -0.750783
0.284736 0.238367 -0.266299 0.943727 -0.111043 -0.311526
0.436879 0.441175 0.195431 0.128068 0.991159 0.0346679
