ply
format ascii 1.0
comment Created by Open3D
element vertex 400
property double x
property double y
property double z
property double nx
property double ny
property double nz
end_header
0.323113 0.193509 0.173959 0.966708 -0.0747135 -0.24473
0.0664618 0.0117453 0.232631 0.224516 -0.374931 0.899455
-0.375326 -0.208878 -0.131277 -0.96141 0.0653866 0.267237
-0.132289 0.400024 0.290671 -0.407366 0.684985 -0.604027
-0.012651 -0.491976 -0.124461 -0.159008 -0.924744 -0.345782
-0.138174 0.118716 0.0499852 0.159008 0.924744 0.345782
0.113862 -0.141244 -0.175506 0.96141 -0.0653867 -0.267237
0.264069 0.20147 0.110938 0.262622 0.298002 -0.917728
0.128795 -0.0101757 -0.15385 0.96141 -0.0653867 -0.267237
0.0927876 -0.0639441 0.105991 0.224516 -0.374931 0.899455
-0.0913422 0.186397 -0.168581 -0.224516 0.374931 -0.899455
-0.0208498 3.00183e-05 0.161024 0.224516 -0.374931 0.899455
-0.0739067 0.00900865 0.213417 -0.224516 0.374931 -0.899455
0.0107607 0.281879 0.317708 -0.812925 -0.0761117 0.577373
-0.393808 -0.212476 -0.196889 -0.96141 0.0653866 0.267237
0.254272 0.0889456 0.155855 -0.96141 0.0653862 0.267238
-0.328399 -0.0981272 -0.22801 -0.224516 0.374931 -0.899455
0.0279387 0.201275 0.31459 -0.445999 -0.245182 0.860796
-0.159946 0.161007 -0.16204 -0.224516 0.374931 -0.899455
0.316186 -0.271231 0.0523397 0.224516 -0.374931 0.899455
-0.141713 0.0910182 0.317639 0.224516 -0.374931 0.899455
-0.191678 -0.36294 0.140881 0.224516 -0.374931 0.899455
-0.152527 0.341266 0.399496 -0.661187 -0.0342077 0.749441
-0.2784 0.0751351 0.14793 -0.96141 0.0653866 0.267237
-0.0570568 -0.470739 -0.160836 -0.159008 -0.924744 -0.345782
-0.194971 0.204694 0.324637 -0.887346 -0.0196827 0.460684
0.120545 0.093909 -0.00264301 0.159008 0.924744 0.345782
-0.191674 -0.436988 0.0214959 0.224516 -0.374931 0.899455
0.0241593 0.142768 -0.215598 -0.224516 0.374931 -0.899455
0.226507 0.13961 0.253136 -0.166557 -0.320092 0.93263
-0.0178222 -0.252243 0.143628 0.224516 -0.374931 0.899455
-0.200097 0.123263 0.0663001 0.159008 0.924744 0.345782
-0.120485 0.0535281 0.225898 -0.224516 0.374931 -0.899455
-0.238246 -0.429379 0.0881755 -0.159008 -0.924744 -0.345782
0.128073 -0.124309 0.160539 0.224516 -0.374931 0.899455
-0.0901976 -0.414 -0.297336 -0.159008 -0.924744 -0.345782
0.183402 0.0581847 0.222799 0.224516 -0.374931 0.899455
-0.0474503 0.207366 0.317425 0.929419 -0.258345 0.263512
0.271961 -0.0252658 0.165908 0.224516 -0.374931 0.899455
-0.0190425 -0.514867 -0.0540586 0.224516 -0.374931 0.899455
0.225724 -0.350531 -0.0112461 -0.224516 0.374931 -0.899455
-0.186211 0.0873302 0.274098 -0.224516 0.374931 -0.899455
0.0628156 0.122143 0.303735 0.127674 -0.366558 0.921593
0.136096 0.0766561 -0.148831 0.96141 -0.0653867 -0.267237
0.167589 0.0848995 -0.037549 0.96141 -0.0653867 -0.267237
-0.158966 -0.415918 -0.260584 -0.159008 -0.924744 -0.345782
-0.229996 -0.483791 -0.0464044 -0.159008 -0.924744 -0.345782
-0.325596 0.0689256 -0.0203418 -0.96141 0.0653866 0.267237
-0.0396832 0.161037 -0.192046 -0.224516 0.374931 -0.899455
0.0568502 -0.308309 -0.339734 0.96141 -0.0653867 -0.267237
0.131176 -0.0939732 -0.124781 0.96141 -0.0653867 -0.267237
-0.161205 0.271433 0.377035 -0.611672 -0.182647 0.769738
0.0767575 0.171639 0.136854 0.309735 0.285831 -0.906843
0.183365 0.0643761 0.0242269 0.96141 -0.0653867 -0.267237
0.057037 -0.240562 -0.355638 0.96141 -0.0653867 -0.267237
-0.205119 0.183036 0.231113 -0.159007 -0.924743 -0.345784
0.368699 0.0906513 0.19008 0.224516 -0.374931 0.899455
0.227895 0.142043 0.141622 -0.15901 -0.924744 -0.345782
0.00929399 -0.179372 -0.346169 -0.224516 0.374931 -0.899455
0.0827414 -0.373635 -0.0205935 0.224516 -0.374931 0.899455
-0.31268 -0.025511 0.0492327 -0.96141 0.0653866 0.267237
0.086839 0.173901 -0.218266 -0.224516 0.374931 -0.899455
-0.0106211 -0.456102 0.054969 -0.159008 -0.924744 -0.345783
0.0876971 0.179546 0.310898 0.31913 -0.379579 0.868375
-0.328314 -0.345824 0.0713595 -0.96141 0.0653867 0.267237
0.0411307 0.139373 -0.0877101 0.159008 0.924744 0.345782
0.0713869 0.253103 0.343161 -0.0196707 -0.347201 0.937584
-0.268372 -0.164898 0.242578 0.224516 -0.374931 0.899455
-0.0355655 -0.313798 0.0338802 0.224516 -0.374931 0.899455
0.0275803 0.0470575 0.257056 0.224516 -0.374931 0.899455
0.209827 0.320542 0.292787 -0.727988 0.0011483 0.685588
-0.17649 0.159303 -0.0409383 0.159008 0.924744 0.345782
-0.164433 -0.239225 0.0971321 0.224516 -0.374931 0.899455
0.165231 0.200974 0.186731 -0.986284 0.16449 0.0136382
-0.316838 -0.288462 0.098611 -0.96141 0.0653867 0.267237
-0.190424 -0.0761548 -0.253291 -0.224516 0.374931 -0.899455
-0.139482 -0.00718813 0.276145 0.224516 -0.374931 0.899455
0.133803 0.184515 0.264606 0.911667 -0.271952 0.308066
0.105067 -0.438982 -0.0179988 -0.224516 0.374931 -0.899455
-0.35133 0.0330164 -0.104135 -0.96141 0.0653866 0.267237
-0.198361 0.096121 0.13809 0.159008 0.924744 0.345782
-0.0146794 0.123463 0.299454 0.224516 -0.374931 0.899455
-0.341014 0.0833151 -0.149228 -0.224516 0.374931 -0.899455
0.249365 0.0290401 0.194185 0.224516 -0.374931 0.899455
-0.0636034 0.0807219 0.117305 0.159008 0.924744 0.345782
0.143268 -0.129871 -0.072497 0.96141 -0.0653867 -0.267237
-0.00824162 0.270749 0.251628 -0.976976 0.197845 -0.0798452
0.188454 0.220345 0.251509 -0.78399 -0.0946044 0.613523
-0.126765 -0.113933 -0.284929 -0.224516 0.374931 -0.899455
0.116975 0.0398343 -0.20861 0.96141 -0.0653867 -0.267237
0.0502611 0.34429 0.213482 -0.365292 0.380489 -0.849582
0.0914367 0.239481 0.173896 0.356081 0.272948 -0.893703
-0.307479 0.153742 0.0240827 -0.96141 0.0653866 0.267237
-0.0518751 0.164099 -0.111067 0.159008 0.924744 0.345782
-0.258454 -0.0903273 0.260174 -0.96141 0.0653866 0.267237
-0.118646 0.182747 0.192121 -0.159007 -0.924744 -0.345782
-0.0620177 -0.301279 -0.379184 -0.224516 0.374931 -0.899455
0.0294933 -0.0447191 0.129804 0.224516 -0.374931 0.899455
-0.158354 -0.4234 0.10736 0.224516 -0.374931 0.899455
0.0021449 -0.140412 0.0967419 0.224516 -0.374931 0.899455
0.290429 0.301963 0.310593 0.295332 -0.214117 0.931092
-0.292402 -0.325365 -0.331717 -0.224516 0.374931 -0.899455
0.055105 -0.353275 0.0833095 0.224516 -0.374931 0.899455
0.114904 0.117412 -0.235043 0.96141 -0.0653867 -0.267237
0.297712 -0.386583 -0.00225052 0.96141 -0.0653866 -0.267237
-0.278443 -0.452904 -0.106729 -0.159008 -0.924744 -0.345782
0.235752 0.263307 0.132395 -0.176315 0.371206 -0.911657
-0.043185 -0.134163 -0.314224 -0.224516 0.374931 -0.899455
-0.258692 -0.358647 0.106288 -0.224516 0.374931 -0.899455
0.0245662 -0.408188 -0.0204753 0.224516 -0.374931 0.899455
-0.250656 -0.482851 0.0171008 0.224516 -0.374931 0.899455
-0.185428 -0.254563 -0.328906 -0.224516 0.374931 -0.899455
-0.373381 -0.323177 -0.0963144 -0.96141 0.0653867 0.267237
-0.409363 -0.209113 -0.253671 -0.96141 0.0653866 0.267237
-0.0760606 -0.247631 -0.353316 -0.224516 0.374931 -0.899455
0.105332 -0.211308 0.12995 0.224516 -0.374931 0.899455
0.127261 -0.0416122 0.195213 0.224516 -0.374931 0.899455
0.112834 -0.344624 -0.12944 0.96141 -0.0653867 -0.267237
0.276488 0.227887 0.284385 0.272161 -0.377725 0.885016
-0.192339 0.0383055 0.219785 0.224516 -0.374931 0.899455
-0.237761 -0.404157 -0.255803 -0.159008 -0.924744 -0.345782
-0.319928 -0.238323 0.075225 -0.96141 0.0653867 0.267237
0.192098 -0.0904462 0.158673 0.224516 -0.374931 0.899455
0.10325 -0.229382 -0.192119 0.96141 -0.0653867 -0.267237
0.261785 -0.243649 0.0243056 -0.224516 0.374931 -0.899455
0.266204 -0.186288 0.0471129 -0.224516 0.374931 -0.899455
0.184421 -0.0143238 0.0472815 0.96141 -0.0653867 -0.267237
0.200316 -0.451453 -0.0469727 -0.224516 0.374931 -0.899455
-0.427406 -0.337598 -0.287145 -0.96141 0.0653867 0.267237
-0.324946 0.141657 -0.0357979 -0.96141 0.0653866 0.267237
-0.366555 -0.118184 -0.121915 -0.96141 0.0653866 0.267237
0.0842347 -0.374942 -0.224912 0.96141 -0.0653867 -0.267237
0.169034 -0.13685 0.0219067 0.96141 -0.0653867 -0.267237
0.322532 -0.19221 0.083695 0.224516 -0.374931 0.899455
0.0489627 -0.287895 0.112096 0.224516 -0.374931 0.899455
-0.249259 -0.121055 0.167564 0.224516 -0.374931 0.899455
-0.357992 -0.296864 -0.303465 -0.224516 0.374931 -0.899455
-0.265639 -0.245128 -0.304952 -0.224516 0.374931 -0.899455
-0.317853 -0.151573 -0.252921 -0.224516 0.374931 -0.899455
0.195825 -0.0347071 0.127866 -0.224516 0.374931 -0.899455
0.0282495 -0.388981 -0.418713 -0.159008 -0.924744 -0.345782
0.186029 -0.0112896 0.193183 0.224516 -0.374931 0.899455
-0.159015 0.156143 0.281832 0.159008 0.924744 0.345782
-0.190965 -0.295235 0.168926 0.224516 -0.374931 0.899455
-0.0860616 0.142933 0.264905 0.96141 -0.0653865 -0.267237
0.0402001 -0.218073 0.0902772 -0.224516 0.374931 -0.899455
-0.0490089 0.259977 0.359421 0.789973 -0.329243 0.517244
-0.207949 -0.0241565 0.197644 0.224516 -0.374931 0.899455
-0.0926099 -0.355999 0.119046 0.224516 -0.374931 0.899455
-0.0103035 -0.0175493 0.239581 0.224516 -0.374931 0.899455
-0.0825375 -0.38444 0.0161581 0.224516 -0.374931 0.899455
-0.210626 -0.0480936 0.276852 0.224516 -0.374931 0.899455
0.239167 0.333662 0.161194 -0.31913 0.379579 -0.868375
-0.08213 -0.0641613 -0.275323 -0.224516 0.374931 -0.899455
0.0992069 -0.306975 0.0384903 -0.224516 0.374931 -0.899455
0.19508 -0.330757 0.0577565 0.224516 -0.374931 0.899455
0.246568 -0.192387 0.102583 0.224516 -0.374931 0.899455
0.130557 -0.358582 -0.062266 0.96141 -0.0653867 -0.267237
0.00796265 0.354985 0.272606 -0.940677 0.266709 -0.209743
-0.177128 -0.125571 0.236195 0.224516 -0.374931 0.899455
-0.389504 -0.142604 -0.198502 -0.96141 0.0653866 0.267237
-0.0989227 0.126305 0.0116418 0.159008 0.924744 0.345782
-0.209497 -0.345971 0.0638848 0.224516 -0.374931 0.899455
0.104711 -0.0751308 -0.224602 0.96141 -0.0653867 -0.267237
-0.231227 0.0799907 0.316451 -0.96141 0.0653867 0.267237
-0.155131 -0.37359 0.0388013 0.224516 -0.374931 0.899455
-0.00729678 0.0362736 -0.252137 -0.224516 0.374931 -0.899455
0.127536 -0.28295 -0.09164 0.96141 -0.0653867 -0.267237
-0.0048433 0.0393663 0.202394 -0.159008 -0.924744 -0.345782
0.136694 0.149667 -0.159186 0.159008 0.924744 0.345782
0.12578 -0.197679 -0.11882 0.96141 -0.0653867 -0.267237
-0.177536 0.366658 0.337677 -0.968497 0.248909 -0.00762559
0.114711 -0.368952 0.0618962 0.224516 -0.374931 0.899455
-0.139454 -0.00911572 0.186817 0.224516 -0.374931 0.899455
0.263892 -0.137825 0.121002 0.224516 -0.374931 0.899455
-0.24449 -0.220549 0.124901 0.224516 -0.374931 0.899455
-0.0883631 -0.0776997 0.233993 0.224516 -0.374931 0.899455
0.300125 0.366262 0.181425 0.431856 0.574741 -0.695107
-0.151999 -0.216714 0.19193 0.224516 -0.374931 0.899455
-0.400185 -0.287132 -0.201563 -0.96141 0.0653867 0.267237
0.00343431 0.0972094 0.230878 -0.224516 0.374931 -0.899455
-0.135339 -0.4558 -0.16479 -0.159008 -0.924744 -0.345782
0.252121 -0.0806357 0.14778 0.224516 -0.374931 0.899455
-0.344018 0.1515 -0.106822 -0.96141 0.0653866 0.267237
0.11626 -0.489558 -0.0816538 0.96141 -0.0653867 -0.267237
0.0860046 -0.236195 -0.252493 0.96141 -0.0653867 -0.267237
-0.320198 -0.127965 0.0472525 -0.96141 0.0653867 0.267237
0.128204 0.0326613 0.225938 0.224516 -0.374931 0.899455
-0.337767 -0.0290793 -0.0401503 -0.96141 0.0653866 0.267237
-0.136024 -0.320218 -0.368606 -0.224516 0.374931 -0.899455
-0.0613032 -0.166007 0.10191 0.224516 -0.374931 0.899455
-0.219858 -0.201632 -0.298248 -0.224516 0.374931 -0.899455
0.0396825 -0.00785714 -0.282259 -0.224516 0.374931 -0.899455
0.0873017 -0.223576 0.0408192 0.224516 -0.374931 0.899455
0.150735 0.368519 0.267132 0.864124 0.43325 -0.256095
0.0458676 0.364956 0.350644 -0.469219 0.410945 0.781638
-0.0880949 0.393588 0.400923 0.150138 0.591475 0.792222
-0.128901 -0.128738 0.169726 -0.224516 0.374931 -0.899455
-0.35523 -0.429481 -0.00500492 -0.96141 0.0653867 0.267237
-0.0607146 0.413308 0.330159 0.501318 0.860657 -0.0891564
-0.172082 -0.479342 -0.0849347 -0.159008 -0.924744 -0.345782
-0.24388 0.0224621 0.261453 -0.224516 0.374931 -0.899455
-0.0714661 0.151632 0.336528 0.159005 0.924744 0.345783
-0.0372397 -0.435591 -0.0164707 0.224516 -0.374931 0.899455
0.0577494 0.135097 0.238438 -0.159008 -0.924744 -0.345782
-0.0336158 -0.392629 0.0890509 0.224516 -0.374931 0.899455
0.0265871 -0.323148 -0.410417 -0.224516 0.374931 -0.899455
-0.334628 -0.195591 0.0118845 -0.96141 0.0653867 0.267237
-0.0872727 -0.103779 0.134332 0.224516 -0.374931 0.899455
0.0834093 -0.46273 0.0294555 -0.159008 -0.924744 -0.345783
0.0740452 -0.478144 -0.20132 -0.159008 -0.924744 -0.345782
-0.293064 0.0304639 -0.183228 -0.224516 0.374931 -0.899455
0.23961 -0.43009 0.00523472 0.224516 -0.374931 0.899455
-0.129775 -0.297327 0.15278 0.224516 -0.374931 0.899455
-0.222674 -0.286437 0.0919903 0.224516 -0.374931 0.899455
0.0818764 0.080132 0.25729 0.224516 -0.374931 0.899455
-0.318322 -0.421008 0.125703 -0.96141 0.0653866 0.267237
-0.161957 -0.172552 -0.300579 -0.224516 0.374931 -0.899455
-0.159454 -0.297611 0.0715516 0.224516 -0.374931 0.899455
0.183954 0.0768482 0.159627 -0.224516 0.374931 -0.899455
-0.344518 -0.275452 -0.00415524 -0.96141 0.0653867 0.267237
0.3049 0.289848 0.156891 0.572288 0.199061 -0.795526
0.259985 0.0261033 0.119496 -0.224516 0.374931 -0.899455
0.326982 0.0147643 0.115749 -0.224516 0.374931 -0.899455
-0.158186 -0.180685 0.119975 0.224516 -0.374931 0.899455
-0.145465 0.314199 0.250846 -0.410562 0.380454 -0.82867
0.182055 0.280656 0.193979 -0.929421 0.258343 -0.263507
0.208326 -0.213288 0.0503055 -0.224516 0.374931 -0.899455
0.0797543 0.114479 -0.0388975 0.159008 0.924744 0.345782
-0.213716 0.139677 0.351025 0.159008 0.924744 0.345782
0.300223 0.0665064 0.197108 0.224516 -0.374931 0.899455
-0.303985 -0.167333 0.115212 -0.96141 0.0653867 0.267237
-0.17476 0.0316607 0.301145 0.224516 -0.374931 0.899455
-0.241076 0.149333 0.015424 0.159008 0.924744 0.345782
-0.296961 0.0760006 0.0809451 -0.96141 0.0653866 0.267237
0.155915 -0.450402 0.0176594 0.224516 -0.374931 0.899455
0.286242 0.122605 0.242831 0.539797 -0.374684 0.753811
0.0715475 -0.163486 0.158318 0.224516 -0.374931 0.899455
-0.36207 0.0222365 -0.169432 -0.224516 0.374931 -0.899455
-0.313885 0.206392 -0.104696 -0.224516 0.374931 -0.899455
-0.107733 -0.3146 0.0515597 0.224516 -0.374931 0.899455
-0.0567254 -0.0462654 0.150681 0.224516 -0.374931 0.899455
0.0498138 0.0993402 0.0153579 0.159008 0.924744 0.345782
-0.0149931 -0.261519 -0.374349 -0.224516 0.374931 -0.899455
-0.331722 -0.0877335 -0.00405014 -0.96141 0.0653866 0.267237
-0.0397614 0.036329 0.269393 0.224516 -0.374931 0.899455
0.0668126 0.0615281 0.108664 0.159008 0.924744 0.345782
0.0946762 -0.145792 -0.243416 0.96141 -0.0653867 -0.267237
0.142198 -0.228664 -0.0521742 0.96141 -0.0653867 -0.267237
-0.0140384 -0.433952 -0.279 -0.159008 -0.924744 -0.345782
-0.149013 0.158199 0.354626 0.159008 0.924743 0.345783
-0.0907795 0.306898 0.408779 0.127672 -0.366558 0.921594
0.0220978 0.254455 0.186975 -0.539792 0.374684 -0.753814
-0.157172 -0.498148 -0.0126102 0.224516 -0.374931 0.899455
-0.0225382 -0.409406 -0.340737 -0.159008 -0.924744 -0.345782
-0.113094 0.216671 0.375806 0.0787198 -0.360999 0.929238
0.0982844 -0.306933 -0.191007 0.96141 -0.0653867 -0.267237
0.147218 -0.253078 0.102083 0.224516 -0.374931 0.899455
-0.00504521 -0.457874 -0.219159 -0.159008 -0.924744 -0.345782
0.0779201 0.0610478 0.179508 -0.224516 0.374931 -0.899455
-0.0872225 -0.450883 0.0762389 -0.159008 -0.924744 -0.345783
-0.277953 -0.190596 0.181146 -0.224516 0.374931 -0.899455
-0.0977878 -0.180464 -0.319895 -0.224516 0.374931 -0.899455
-0.0074371 -0.0754102 0.214747 0.224516 -0.374931 0.899455
-0.0870123 -0.239588 0.113063 -0.224516 0.374931 -0.899455
-0.360287 -0.245001 -0.0683366 -0.96141 0.0653867 0.267237
-0.286077 -0.00165387 0.1391 -0.96141 0.0653866 0.267237
0.164123 0.114087 0.24571 0.159008 0.924744 0.345782
-0.13182 0.0773029 0.157818 0.159008 0.924744 0.345782
-0.306589 -0.359639 0.152897 -0.96141 0.0653866 0.267237
0.00527675 0.168977 -0.150396 0.159008 0.924744 0.345782
0.0718871 -0.162416 -0.321334 0.96141 -0.0653867 -0.267237
-0.346188 -0.345275 0.00692085 -0.96141 0.0653867 0.267237
-0.0678187 0.349953 0.265085 0.445988 0.245186 -0.860801
-0.175415 -0.0961282 0.159523 0.224516 -0.374931 0.899455
-0.196277 -0.156989 0.174767 -0.224516 0.374931 -0.899455
0.149225 -0.298235 -0.00987027 0.96141 -0.0653867 -0.267237
-0.0883096 -0.496928 -0.0292907 0.224516 -0.374931 0.899455
0.10872 0.396891 0.327235 0.3381 0.796766 0.500852
-0.261831 -0.326888 0.17342 0.224516 -0.374931 0.899455
0.334701 0.247189 0.212935 0.986285 -0.164489 -0.0136411
-0.243455 0.193735 -0.127552 -0.224516 0.374931 -0.899455
-0.249304 -0.13429 -0.262827 -0.224516 0.374931 -0.899455
-0.251821 0.0765527 0.215006 0.159008 0.924744 0.345782
-0.391936 -0.342247 -0.158402 -0.96141 0.0653867 0.267237
-0.366154 -0.383996 -0.0554351 -0.96141 0.0653867 0.267237
0.131838 0.0609797 0.0802285 0.159008 0.924744 0.345782
0.0444047 -0.0454905 0.214278 0.224516 -0.374931 0.899455
-0.0797276 0.0739367 0.295046 0.224516 -0.374931 0.899455
-0.182751 -0.385369 -0.331346 -0.159008 -0.924744 -0.345782
-0.29475 -0.253755 0.169581 -0.96141 0.0653867 0.267237
-0.0462284 -0.305352 0.12858 0.224516 -0.374931 0.899455
-0.0800648 -0.44236 -0.226151 -0.159008 -0.924744 -0.345782
-0.316721 -0.402516 -0.223884 -0.159008 -0.924744 -0.345782
-0.0342176 0.342712 0.382423 0.827084 -0.0132195 0.561923
0.301253 -0.308234 -0.0086825 0.96141 -0.0653866 -0.267237
0.00729463 0.0778108 0.0924876 0.159008 0.924744 0.345782
-0.264085 -0.432353 -0.168292 -0.159008 -0.924744 -0.345782
0.0405927 0.400116 0.290532 -0.513587 0.857199 0.0379388
0.0813508 -0.0117874 0.165994 -0.224516 0.374931 -0.899455
0.263221 0.363447 0.303629 -0.0362626 0.54556 0.837287
0.355671 -0.0484676 0.123533 0.96141 -0.0653866 -0.267237
0.082315 0.151308 -0.138568 0.159008 0.924744 0.345782
0.278783 -0.0552474 0.0985966 -0.224516 0.374931 -0.899455
0.278756 -0.426764 -0.0562609 -0.224516 0.374931 -0.899455
-0.0338634 -0.375446 -0.417128 -0.224516 0.374931 -0.899455
-0.0355549 -0.244295 0.0628494 0.224516 -0.374931 0.899455
-0.294316 -0.079372 0.128477 -0.96141 0.0653867 0.267237
0.0585325 -0.380746 -0.315958 0.96141 -0.0653867 -0.267237
0.151673 0.0347342 -0.0825353 0.96141 -0.0653867 -0.267237
-0.0552874 0.0990654 -0.213984 -0.224516 0.374931 -0.899455
-0.21795 -0.336254 -0.354841 -0.224516 0.374931 -0.899455
0.0369238 -0.335536 0.00672426 0.224516 -0.374931 0.899455
0.111728 0.344246 0.361218 0.356038 0.1254 0.926019
-0.330307 -0.23296 -0.283738 -0.224516 0.374931 -0.899455
-0.265968 0.181161 -0.0582483 0.159008 0.924744 0.345782
0.152608 -0.176193 -0.0275633 0.96141 -0.0653867 -0.267237
-0.218404 0.130434 -0.160192 -0.224516 0.374931 -0.899455
0.136883 0.0197484 0.129871 0.224516 -0.374931 0.899455
0.0808817 -0.0871336 0.187815 0.224516 -0.374931 0.899455
0.157992 0.143768 0.169152 -0.159008 -0.924744 -0.345782
-0.376109 -0.0398277 -0.175459 -0.96141 0.0653866 0.267237
0.119839 -0.125018 0.0737805 0.224516 -0.374931 0.899455
-0.295146 0.127005 -0.142465 -0.224516 0.374931 -0.899455
-0.038659 -0.139718 0.195734 0.224516 -0.374931 0.899455
-0.0279901 -0.026469 -0.273126 -0.224516 0.374931 -0.899455
-0.035886 0.163672 0.206351 -0.968671 0.213805 -0.126346
-0.328764 -0.42906 -0.147356 -0.159008 -0.924744 -0.345782
-0.337454 -0.486407 0.0372849 0.224516 -0.374931 0.899455
-0.0145846 -0.101111 0.152707 -0.224516 0.374931 -0.899455
-0.336108 -0.411409 0.0593666 -0.96141 0.0653867 0.267237
-0.25185 -0.376864 -0.322317 -0.159008 -0.924744 -0.345782
-0.334714 -0.371896 -0.297497 -0.159008 -0.924744 -0.345782
0.161216 -0.079842 0.0822835 0.224516 -0.374931 0.899455
0.17059 -0.185635 0.124363 0.224516 -0.374931 0.899455
0.0702443 0.0680535 -0.258245 -0.224516 0.374931 -0.899455
-0.383132 -0.435483 -0.103915 -0.96141 0.0653867 0.267237
0.164617 -0.00331694 -0.0266582 0.96141 -0.0653867 -0.267237
-0.220367 -0.205231 0.213782 0.224516 -0.374931 0.899455
-0.0280478 0.103332 0.0404879 0.159008 0.924744 0.345782
-0.218826 -0.456464 -0.124624 -0.159008 -0.924744 -0.345782
0.0201459 0.193013 0.147438 -0.365302 0.380489 -0.849578
-0.234629 -0.0135822 -0.216174 -0.224516 0.374931 -0.899455
-0.060159 0.221436 0.242305 0.78399 0.0946042 -0.613522
0.164458 -0.378423 -0.00757985 -0.224516 0.374931 -0.899455
0.343576 0.300152 0.227694 0.987265 -0.147179 -0.0603837
-0.101611 -0.386761 -0.364936 -0.159008 -0.924744 -0.345782
-0.141026 0.0224522 -0.224518 -0.224516 0.374931 -0.899455
0.0184196 0.124291 -0.0369332 0.159008 0.924744 0.345782
0.325012 -0.116493 0.0615275 -0.224516 0.374931 -0.899455
0.204037 -0.137816 0.0828359 -0.224516 0.374931 -0.899455
0.00325476 -0.0725447 -0.300131 -0.224516 0.374931 -0.899455
-0.0754732 0.0157549 -0.243672 -0.224516 0.374931 -0.899455
0.155438 -0.190686 0.0375214 0.224516 -0.374931 0.899455
-0.404059 -0.264537 -0.278491 -0.224516 0.374931 -0.899455
0.122583 -0.416089 -0.0768813 0.96141 -0.0653867 -0.267237
-0.305414 -0.046701 -0.21231 -0.224516 0.374931 -0.899455
-0.379209 -0.403598 -0.192255 -0.159008 -0.924744 -0.345782
0.0432429 -0.50864 -0.1056 -0.159008 -0.924744 -0.345782
0.322149 0.130609 0.150639 0.9755 -0.0932232 -0.199272
-0.127968 0.111488 -0.190664 -0.224516 0.374931 -0.899455
-0.18874 0.297581 0.302141 -0.957959 0.229232 -0.17253
0.15283 0.287809 0.253081 0.966708 -0.0747131 -0.244731
0.111888 0.114305 0.210933 -0.224516 0.374931 -0.899455
0.135208 0.279525 0.326893 0.727086 -0.346616 0.592624
-0.0247314 0.334131 0.318102 0.966708 -0.0747134 -0.24473
0.198986 0.0444107 0.0853108 0.96141 -0.0653867 -0.267237
-0.0818984 0.287687 0.240139 0.401537 0.259388 -0.878342
0.0701353 -0.160958 0.0712058 0.224516 -0.374931 0.899455
0.190783 0.190825 0.111118 0.159008 0.924743 0.345783
0.238488 0.0873698 0.221214 0.224516 -0.374931 0.899455
0.0894609 0.398449 0.243657 0.0673593 0.822261 -0.56511
0.265609 0.399015 0.247863 -0.00159414 0.990175 0.139822
0.225959 -0.273483 0.073923 0.224516 -0.374931 0.899455
0.200247 0.362296 0.223829 -0.832676 0.535301 -0.141786
0.0492317 -0.414288 0.059343 0.224516 -0.374931 0.899455
0.0336918 -0.47382 -0.0501116 0.224516 -0.374931 0.899455
0.159039 -0.0606816 -0.0326874 0.96141 -0.0653867 -0.267237
0.135714 0.122911 -0.0871804 0.159008 0.924744 0.345782
-0.0777622 -0.488239 -0.104513 -0.159008 -0.924744 -0.345782
-0.349364 -0.16245 -0.0492362 -0.96141 0.0653867 0.267237
0.104223 -0.423044 -0.141234 0.96141 -0.0653867 -0.267237
0.00198424 -0.18584 0.166363 0.224516 -0.374931 0.899455
0.0528277 -0.450882 -0.264472 -0.159008 -0.924744 -0.345782
-0.271029 -0.0647115 0.196485 0.224516 -0.374931 0.899455
-0.11708 0.164667 -0.0826038 0.159008 0.924744 0.345782
-0.355478 -0.0388546 -0.101473 -0.96141 0.0653866 0.267237
-0.202508 -0.431536 -0.198795 -0.159008 -0.924744 -0.345782
-0.273729 0.126468 0.0915904 0.159008 0.924744 0.345782
-0.157903 0.252517 0.228786 -0.454812 0.379472 -0.805696
-0.0787778 -0.204736 0.178646 0.224516 -0.374931 0.899455
0.0737927 -0.318694 -0.276241 0.96141 -0.0653867 -0.267237
0.284623 -0.470301 -0.0227627 0.224516 -0.374931 0.899455
-0.0122217 -0.385404 0.0336118 -0.224516 0.374931 -0.899455
0.104593 0.305296 0.199238 0.356081 0.272948 -0.893703
0.352725 0.0697368 0.132238 -0.224516 0.374931 -0.899455
-0.411634 -0.349156 -0.227578 -0.96141 0.0653867 0.267237
0.323358 0.358571 0.277296 0.730069 0.473172 0.493058
0.083709 -0.0740733 -0.300419 0.96141 -0.0653867 -0.267237
-0.240252 0.0660199 -0.181589 -0.224516 0.374931 -0.899455
