ply
format ascii 1.0
comment Created by Open3D
element vertex 400
property double x
property double y
property double z
property double nx
property double ny
property double nz
end_header
0.274153 -0.0577619 -0.435225 0.92935 0.16803 0.328746
0.184338 0.0400587 -0.415263 -0.168311 0.985341 -0.0278246
-0.0802853 -0.0727008 0.39188 -0.92935 -0.168032 -0.328745
-0.094454 0.10718 -0.0858675 -0.92935 -0.16803 -0.328746
-0.0245118 -0.058311 0.239693 0.168311 -0.985341 0.0278245
0.13677 0.0375425 -0.21663 -0.168311 0.985341 -0.0278245
-0.129786 -0.237976 0.264395 -0.168311 0.985341 -0.0278246
0.0317985 -0.221789 -0.139804 0.168311 -0.985341 0.0278245
0.169454 0.0390738 -0.360108 -0.168311 0.985341 -0.0278246
-0.00601737 0.00891637 -0.285649 -0.92935 -0.16803 -0.328746
0.123788 -0.0407787 -0.0365073 0.168311 -0.985341 0.0278246
0.177742 -0.162986 -0.108892 0.92935 0.16803 0.328746
-0.0192613 0.178997 -0.081093 0.516085 -0.842701 0.153336
0.143187 -0.20996 -0.394694 -0.168311 0.985341 -0.0278245
0.0499487 -0.222754 -0.283769 -0.168311 0.985341 -0.0278246
0.129348 0.00105692 -0.0559322 0.92935 0.16803 0.328746
-0.136186 0.128888 0.06255 -0.328603 -0.0294727 0.944008
-0.0855127 0.216227 -0.000978474 0.979891 0.164177 -0.1134
0.0808001 -0.241742 0.205411 0.92935 0.16803 0.328746
0.0832601 -0.0364291 0.0935171 0.92935 0.16803 0.328746
-0.0142304 0.101144 0.104136 -0.328603 -0.0294727 0.944008
-0.118283 0.0104443 0.366561 -0.168311 0.985341 -0.0278245
-0.0495522 -0.00395715 0.452374 0.92935 0.168032 0.328745
0.17786 -0.0197839 -0.182421 0.92935 0.16803 0.328746
-0.0174232 -0.148346 0.17998 -0.328603 -0.0294727 0.944008
-0.121664 0.00489231 0.0433346 -0.92935 -0.16803 -0.328746
0.05438 -0.148625 -0.176387 0.328603 0.0294728 -0.944008
0.0264558 0.268003 0.0984977 0.92935 0.16803 0.328746
-0.106556 0.0416108 -0.018142 -0.92935 -0.16803 -0.328746
-0.0840693 0.250946 0.0509302 -0.16831 0.985341 -0.0278246
-0.0190194 -0.189687 0.46099 0.92935 0.16803 0.328746
0.0345308 0.066267 -0.0185567 -0.16831 0.985341 -0.0278243
0.00408538 -0.0204527 -0.0302062 0.168311 -0.985341 0.0278245
0.266428 -0.158757 -0.361766 0.92935 0.168027 0.328748
0.0549599 -0.255144 -0.0235044 0.168311 -0.985341 0.0278246
0.119655 -0.0095511 -0.343235 0.168311 -0.985341 0.0278246
0.146863 -0.227763 0.0115087 0.92935 0.16803 0.328746
0.1223 0.0512181 -0.0616442 0.92935 0.16803 0.328746
-0.137795 0.0742207 0.0535023 -0.92935 -0.16803 -0.328746
0.163078 -0.00379125 -0.401927 0.168311 -0.985341 0.0278246
0.0973936 -0.0630661 -0.115334 0.92935 0.16803 0.328746
0.206739 -0.103179 -0.403946 -0.92935 -0.16803 -0.328746
-0.073311 -0.180704 -0.00914988 -0.0182658 0.910266 -0.413621
0.157759 -0.246322 -0.332953 0.168311 -0.985341 0.0278246
0.00142525 0.0139602 -0.233044 -0.168311 0.985341 -0.0278245
-0.214578 -0.00563414 0.454787 -0.328603 -0.0294722 0.944008
0.0482104 -0.085803 -0.176573 0.328603 0.0294728 -0.944008
0.151954 -0.164398 -0.0352695 0.92935 0.16803 0.328746
-0.112197 -0.159794 0.0885813 -0.92935 -0.16803 -0.328746
-0.010382 0.0243062 0.204758 -0.168311 0.985341 -0.0278245
0.119839 0.0941729 -0.167207 0.328597 0.0294679 -0.94401
0.276407 -0.126535 -0.406446 0.92935 0.16803 0.328746
-0.0297048 -0.265562 0.11971 0.168311 -0.985341 0.0278246
-0.0926862 -0.22291 0.0656845 -0.92935 -0.16803 -0.328746
-0.13664 -0.00770604 0.0921116 -0.92935 -0.16803 -0.328746
0.0565858 -0.0175933 -0.246523 0.168311 -0.985341 0.0278246
-0.0216696 -0.258765 0.311803 0.168311 -0.985341 0.0278246
-0.179825 -0.283769 0.383006 0.168311 -0.985341 0.0278246
0.0227577 -0.082592 0.0446007 0.355363 -0.648596 -0.673083
0.0935672 -0.247518 0.0130036 0.168311 -0.985341 0.0278246
0.108601 -0.0137411 -0.424746 0.168311 -0.985341 0.0278246
-0.0787215 -0.12695 0.415187 -0.92935 -0.16803 -0.328746
0.193757 -0.135222 -0.350869 -0.92935 -0.168027 -0.328748
0.0423074 0.233961 0.0710859 0.92935 0.16803 0.328746
0.213568 0.01183 -0.299525 0.92935 0.16803 0.328746
0.227652 -0.231141 -0.218109 0.168311 -0.985341 0.0278246
-0.00733286 0.170146 0.0419884 -0.368558 -0.0890849 -0.925326
-0.0634032 0.250248 -0.0987785 -0.168304 0.985342 -0.0278249
-0.179607 -0.242109 0.419417 -0.168311 0.985341 -0.0278246
0.0317838 -0.260403 -0.0695688 0.168311 -0.985341 0.0278246
0.159937 -0.0400813 -0.230475 0.168311 -0.985341 0.0278246
0.0315357 0.0979906 -0.13521 -0.168342 0.985338 -0.0277369
-0.0269743 -0.122196 0.0396502 0.336584 -0.0196804 -0.941448
-0.0743178 -0.232767 0.113343 -0.168311 0.985341 -0.0278246
-0.0882955 -0.226811 0.408806 -0.168311 0.985341 -0.0278246
-0.133307 -0.233708 0.436844 -0.168311 0.985341 -0.0278246
-0.0680352 -0.225848 0.320361 -0.168311 0.985341 -0.0278246
0.120719 -0.248227 -0.176327 0.168311 -0.985341 0.0278246
0.00192511 -0.175346 0.247978 -0.168311 0.985341 -0.0278245
-0.0825092 -0.27535 0.0924715 0.168311 -0.985341 0.0278246
0.0490368 0.0122889 -0.443008 -0.92935 -0.16803 -0.328746
0.162358 -0.208051 -0.443056 -0.168311 0.985341 -0.0278245
-0.0488737 -0.19756 -0.0711284 -0.92935 -0.16803 -0.328746
-0.126177 0.237618 -0.062858 -0.92935 -0.16803 -0.328746
-0.0784556 -0.0935919 9.02707e-05 0.328477 -0.782831 -0.528467
0.104499 0.126498 -0.0497994 0.92935 0.16803 0.328746
0.102512 -0.0230852 -0.151256 0.113344 0.717582 -0.68719
-0.0711205 0.128765 0.0851949 -0.328603 -0.0294727 0.944008
0.240053 -0.111592 -0.44958 0.328603 0.0294727 -0.944008
0.116701 -0.246093 -0.496717 0.328603 0.0294723 -0.944008
0.139503 0.0546184 -0.112015 0.92935 0.16803 0.328746
0.0636333 0.0167774 0.121806 0.92935 0.16803 0.328746
-0.00901776 0.102452 -0.108576 0.469729 0.862029 0.190423
-0.0546427 -0.0486386 0.489602 0.92935 0.16803 0.328746
0.0131876 0.231352 -0.200049 0.328603 0.0294728 -0.944008
-0.113793 0.123481 -0.0395279 -0.92935 -0.16803 -0.328746
0.21051 -0.0820764 -0.33033 -0.288736 -0.224136 0.930803
-0.0130231 -0.0681006 0.184017 -0.328603 -0.0294727 0.944008
-0.160643 -0.00660939 0.159405 -0.92935 -0.168029 -0.328746
0.0238106 -0.170256 0.295853 -0.168311 0.985341 -0.0278245
-0.160816 0.00545139 0.447034 -0.168311 0.985341 -0.0278245
-0.0511899 -0.103169 0.169636 -0.328603 -0.0294727 0.944008
-0.179618 -0.0328587 0.226464 -0.92935 -0.16803 -0.328746
-0.132487 -0.235489 0.368806 -0.168311 0.985341 -0.0278246
-0.0665109 0.179246 -0.201696 -0.92935 -0.16803 -0.328746
-0.159508 -0.277373 0.465473 -0.328603 -0.0294729 0.944008
-0.00412868 -0.0202396 0.149775 -0.92935 -0.16803 -0.328746
-0.0467684 -0.181057 0.352513 -0.92935 -0.16803 -0.328746
-0.0877094 -0.222639 0.489504 -0.92935 -0.16803 -0.328746
-0.0954662 -0.144183 0.0333038 -0.92935 -0.16803 -0.328746
0.160326 -0.170625 -0.238265 -0.92935 -0.16803 -0.328746
0.137466 0.148988 -0.154491 0.92935 0.16803 0.328746
-0.162279 0.225673 0.0453064 -0.92935 -0.16803 -0.328746
-0.0487669 0.053022 0.0162721 -0.168311 0.985341 -0.0278247
0.00860605 0.112816 -0.205345 0.3286 0.0294739 -0.944009
-0.0207412 -0.15894 -0.0531791 -0.359912 0.610788 0.705267
0.0440318 0.268297 -0.109505 -0.168311 0.985341 -0.0278246
-0.110239 0.0104653 0.318648 -0.168311 0.985341 -0.0278245
-0.174824 -0.0370016 0.465977 0.168311 -0.985341 0.0278245
0.128712 0.0336594 -0.305402 -0.168311 0.985341 -0.0278246
0.0452502 0.162468 -0.0753802 -0.827379 -0.473098 -0.30269
0.26117 -0.231533 -0.434754 0.168311 -0.985341 0.0278246
0.206224 -0.0211265 -0.261918 0.92935 0.16803 0.328746
-0.0069629 -0.150177 0.38155 0.143536 0.655943 -0.741037
-0.107044 0.0144361 0.439942 -0.168311 0.985341 -0.0278245
0.0427342 -0.00166662 0.190314 0.92935 0.16803 0.328746
0.176461 -0.0390267 -0.351143 -0.92935 -0.168029 -0.328746
-0.036023 0.106915 0.0436451 0.397135 0.0419473 -0.916801
-0.119404 -0.206721 0.132939 -0.92935 -0.16803 -0.328746
-0.0698904 0.0787094 -0.140755 -0.92935 -0.16803 -0.328746
0.11163 0.00581223 -0.490617 0.328603 0.0294724 -0.944008
0.021795 -0.184301 0.342857 0.92935 0.16803 0.328746
-0.120061 -0.0350964 0.202181 0.168311 -0.985341 0.0278245
0.198224 -0.158528 -0.169073 0.92935 0.16803 0.328746
-0.0484695 -0.246939 -0.034865 -0.92935 -0.16803 -0.328746
-0.0553326 0.0081074 -0.145823 -0.92935 -0.16803 -0.328746
0.000481432 -0.214004 -0.191229 0.351371 -0.675901 -0.64784
0.25572 -0.0249773 -0.399873 0.92935 0.16803 0.328746
-0.23461 -0.00875256 0.390413 -0.168311 0.985341 -0.0278245
0.184893 -0.20147 -0.346331 -0.168311 0.985341 -0.0278245
-0.078362 -0.270713 0.231614 0.168311 -0.985341 0.0278246
0.0164705 -0.0266132 -0.323285 0.168311 -0.985341 0.0278246
-0.124552 -0.273647 0.407099 0.168311 -0.985341 0.0278246
-0.0635754 0.248465 -0.160905 -0.16831 0.985341 -0.0278245
-0.00640599 -0.22075 0.128106 0.168311 -0.985341 0.0278245
-0.0779457 -0.0317232 0.0668781 0.168311 -0.985341 0.0278246
-0.12539 0.242797 0.0122891 -0.168303 0.985343 -0.0278164
0.0518924 -0.0704992 -0.0125986 -0.0368969 -0.843703 0.535541
-0.0804794 0.0118198 0.1866 -0.168311 0.985341 -0.0278245
-0.028261 -0.0304961 -0.190207 0.168311 -0.985341 0.0278246
-0.136606 -0.280413 0.240416 0.168311 -0.985341 0.0278246
0.0207671 -0.109233 -0.0480155 -0.288737 -0.22413 0.930804
0.0278563 -0.0529003 0.114524 0.168311 -0.985341 0.0278245
0.235344 -0.00350393 -0.353246 0.92935 0.16803 0.328746
0.0811899 0.0237015 0.0686354 0.92935 0.16803 0.328746
0.0411263 -0.133635 0.0797998 0.929351 0.168029 0.328746
0.053146 -0.0153283 -0.0146485 -0.92935 -0.16803 -0.328746
0.042415 0.0403456 -0.195839 0.328603 0.0294726 -0.944008
-0.109165 0.180642 -0.0818291 -0.92935 -0.16803 -0.328746
-0.012834 -0.0784478 0.384287 0.366317 -0.530717 -0.764298
-0.173565 6.49597e-05 0.333403 -0.168311 0.985341 -0.0278245
-0.22102 -0.00776789 0.343077 -0.168311 0.985341 -0.0278245
0.0530919 -0.166704 0.244535 -0.168311 0.985341 -0.0278245
0.152267 -0.0398644 -0.282317 -0.92935 -0.16803 -0.328746
0.0866299 0.166989 -0.0199811 0.92935 0.16803 0.328746
-0.00201444 0.264884 0.0481654 -0.168309 0.985342 -0.027825
-0.0454555 0.0896037 -0.2154 -0.92935 -0.16803 -0.328746
0.08579 -0.259638 -0.369132 0.168311 -0.985341 0.0278246
-0.0668122 -0.0252745 0.227898 0.168311 -0.985341 0.0278245
-0.0805194 -0.0124952 -0.064091 -0.92935 -0.16803 -0.328746
0.110339 -0.131499 -0.116954 0.92935 0.16803 0.328746
0.0758313 -0.024154 -0.0742679 -0.92935 -0.16803 -0.328746
0.0654137 -0.170358 0.0406028 -0.168311 0.985341 -0.0278245
0.106897 -0.192965 0.106706 0.92935 0.16803 0.328746
-0.0237368 -0.175189 -0.00129381 -0.090968 0.967194 -0.237193
0.0654235 0.273177 -0.0660724 -0.16831 0.985341 -0.0278244
-0.2511 -0.0361157 0.430204 -0.92935 -0.168029 -0.328746
-0.0634007 -0.0447812 0.165142 -0.351371 0.675901 0.64784
0.100213 -0.16788 -0.161034 0.328603 0.0294728 -0.944008
0.165204 -0.241569 -0.209668 0.168311 -0.985341 0.0278246
0.0779271 -0.248619 0.0686158 0.168311 -0.985341 0.0278246
0.0982289 0.0274437 0.0185541 0.92935 0.16803 0.328746
0.226301 -0.0309668 -0.313643 0.92935 0.168029 0.328746
-0.0997832 -0.0371729 0.00598528 -0.168311 0.985341 -0.0278245
0.288427 -0.190039 -0.407966 0.92935 0.16803 0.328746
-0.0256918 0.0555615 -0.0333804 -0.16831 0.985341 -0.0278248
0.0596864 0.0212413 -0.327624 -0.168311 0.985341 -0.0278245
-0.0135282 0.25842 -0.111085 -0.168311 0.985341 -0.0278246
0.0232737 -0.0504859 0.227745 0.168311 -0.985341 0.0278245
-0.0395255 0.0174627 0.138702 -0.168311 0.985341 -0.0278245
-0.1442 -0.0359366 0.318446 0.168311 -0.985341 0.0278245
0.0186872 0.0333167 0.113476 -0.328603 -0.0294727 0.944008
-0.00681533 -0.018866 0.0919212 -0.168311 0.985341 -0.0278245
0.161803 -0.249795 -0.480381 0.168311 -0.985341 0.0278246
-0.0804372 0.0143403 0.275602 -0.168311 0.985341 -0.0278245
0.0180295 -0.187819 0.172788 -0.92935 -0.16803 -0.328746
-0.0411559 0.0268403 -0.195475 -0.92935 -0.16803 -0.328746
-0.0761199 0.032583 -0.0995688 -0.92935 -0.16803 -0.328746
0.0427558 -0.018483 -0.194371 0.168311 -0.985341 0.0278246
-0.0783629 0.135048 -0.1456 -0.92935 -0.16803 -0.328746
0.256 -0.230658 -0.3725 0.168311 -0.985341 0.0278246
0.0614753 -0.258546 -0.183391 0.168311 -0.985341 0.0278246
-0.20112 -0.0450727 0.293493 -0.92935 -0.16803 -0.328746
0.248247 -0.16682 -0.448452 0.328603 0.0294727 -0.944008
0.0659228 -0.022344 -0.471236 0.168311 -0.985341 0.0278246
-0.0112828 0.0274332 0.320944 -0.168311 0.985341 -0.0278245
0.0046513 -0.267497 -0.156646 0.168311 -0.985341 0.0278246
-0.0211901 -0.0886555 -0.20082 0.328603 0.0294728 -0.944008
0.0643597 0.206016 -0.183027 0.328602 0.0294729 -0.944008
-0.119867 0.208714 0.0707227 -0.328603 -0.0294727 0.944008
0.103995 0.237629 -0.105176 0.92935 0.16803 0.328746
-0.050911 0.221267 -0.0534163 0.275718 0.0740395 0.958383
-0.124036 0.0985132 0.00218927 -0.92935 -0.16803 -0.328746
0.0345601 0.118413 -0.0447729 -0.830914 0.484203 -0.274098
0.0871738 -0.0449808 0.0361636 0.168311 -0.985341 0.0278246
0.0503644 0.27313 0.0233563 -0.16831 0.985341 -0.0278244
-0.0309118 -0.0199861 0.407871 0.92935 0.16803 0.328746
0.125252 0.199242 -0.162043 0.328603 0.0294727 -0.944008
0.165586 0.0422319 -0.17942 0.92935 0.16803 0.328746
-0.0967663 -0.267273 0.464763 0.168311 -0.985341 0.0278246
-0.144182 0.176298 0.0193848 -0.92935 -0.16803 -0.328746
0.0717264 0.163972 -0.150101 -0.827379 -0.473098 -0.30269
0.147759 -0.239827 -0.0424417 0.168311 -0.985341 0.0278246
-0.158721 -0.273597 0.290436 -0.92935 -0.16803 -0.328746
0.115974 0.0294201 -0.378469 -0.168311 0.985341 -0.0278246
-0.0436515 -0.136494 -0.117104 -0.92935 -0.16803 -0.328746
0.100842 -0.242596 0.143306 0.168311 -0.985341 0.0278246
0.119922 -0.204285 -0.106842 -0.92935 -0.16803 -0.328746
0.0143367 -0.00289216 0.271219 0.92935 0.16803 0.328746
0.12152 -0.251753 -0.306049 0.168311 -0.985341 0.0278246
-0.0986345 0.0542028 -0.0469715 -0.92935 -0.16803 -0.328746
0.00114905 -0.224636 -0.055234 0.168311 -0.985341 0.0278245
0.205352 -0.241655 -0.455556 0.168311 -0.985341 0.0278246
0.244 -0.231372 -0.325198 0.168311 -0.985341 0.0278246
0.183718 0.0276903 -0.223245 0.92935 0.16803 0.328746
0.0704944 -0.258822 -0.24774 0.168311 -0.985341 0.0278246
-0.107289 0.242315 -0.114256 -0.168311 0.985341 -0.0278246
-0.0100625 -0.148267 -0.198808 0.328603 0.0294728 -0.944008
-0.0266069 0.0234187 0.271472 -0.168311 0.985341 -0.0278245
0.0539467 0.0801633 0.116791 0.92935 0.16803 0.328746
-0.146497 -0.0346773 0.376931 0.168311 -0.985341 0.0278245
0.205142 -0.23157 -0.151297 0.92935 0.16803 0.328746
0.126134 0.0294853 -0.437618 -0.168311 0.985341 -0.0278246
0.0654492 -0.261721 -0.319874 0.168311 -0.985341 0.0278246
0.160469 -0.20376 -0.279666 -0.168311 0.985341 -0.0278245
0.0148079 -0.100983 0.137511 0.92935 0.16803 0.328746
-0.210411 -0.278376 0.439003 -0.92935 -0.16803 -0.328746
0.120902 0.252359 -0.161898 0.328603 0.0294727 -0.944008
0.200467 -0.0455434 -0.415674 -0.92935 -0.16803 -0.328746
0.0233365 -0.247603 -0.237517 -0.92935 -0.16803 -0.328746
0.0050719 0.0630589 0.0460348 -0.16831 0.985341 -0.0278248
0.193897 -0.242061 -0.400635 0.168311 -0.985341 0.0278246
-0.0612903 0.0191638 0.330597 -0.168311 0.985341 -0.0278245
-0.0507997 -0.22595 0.212495 -0.168311 0.985341 -0.0278246
0.118942 -0.0155103 -0.200557 -0.92935 -0.16803 -0.328746
0.223441 -0.186717 -0.225953 0.92935 0.16803 0.328746
0.0228362 -0.249719 0.362903 0.168311 -0.985341 0.0278246
0.101734 -0.213433 -0.266928 -0.168311 0.985341 -0.0278245
-0.0189418 -0.074527 -0.00849986 0.17645 -0.9843 0.00428343
0.067447 0.0173156 -0.497622 -0.92935 -0.16803 -0.328746
-0.0756981 -0.266166 0.376517 0.168311 -0.985341 0.0278246
0.103721 0.0719174 -0.0197025 0.92935 0.16803 0.328746
-0.0369557 0.221049 0.0444144 0.0155062 -0.0255772 -0.999553
0.26106 0.0153182 -0.435563 0.92935 0.16803 0.328746
-0.0661894 0.0203487 0.40219 -0.168311 0.985341 -0.0278245
-0.126909 0.181275 -0.0319909 -0.92935 -0.16803 -0.328746
0.177711 -0.160732 -0.29247 -0.92935 -0.168031 -0.328746
0.0868594 -0.246498 -0.417659 -0.92935 -0.16803 -0.328746
0.0214029 0.11624 0.0291172 -0.760916 -0.147816 -0.631789
0.0559805 -0.0465957 0.167666 0.168311 -0.985341 0.0278246
0.0350698 -0.158108 -0.0229441 -0.328478 0.78283 0.528469
-0.0030434 0.262209 -0.0403274 -0.168308 0.985342 -0.0278215
0.0932716 -0.144592 -0.0620119 0.92935 0.168031 0.328746
-0.0141603 -0.228707 -0.106794 -0.168311 0.985341 -0.0278246
0.0222003 0.17671 -0.00905537 -0.981044 -0.164693 0.10212
0.222308 0.0484722 -0.346999 -0.168311 0.985341 -0.0278246
0.173054 -0.206717 -0.0732879 0.92935 0.16803 0.328746
0.214103 0.0129966 -0.454723 0.328603 0.0294731 -0.944008
-0.0924473 -0.101852 0.494296 -0.328603 -0.0294726 0.944008
0.125257 -0.240601 0.0662815 0.168311 -0.985341 0.0278246
0.0718967 -0.212201 -0.0428227 -0.168311 0.985341 -0.0278245
0.00736708 -0.0231445 -0.145382 -0.168311 0.985341 -0.0278245
-0.0554114 -0.0265331 0.114366 -0.168311 0.985341 -0.0278245
0.00484578 -0.222312 0.00471915 0.168311 -0.985341 0.0278245
-0.128513 -0.239813 0.191644 -0.168311 0.985341 -0.0278246
0.00108521 -0.256552 0.252506 0.168311 -0.985341 0.0278246
0.245969 -0.223847 -0.270661 0.92935 0.16803 0.328746
-0.0323292 -0.221103 0.272415 -0.168311 0.985341 -0.0278245
0.00488705 -0.213354 0.222993 -0.92935 -0.16803 -0.328746
0.0972581 -0.212607 -0.210619 -0.168311 0.985341 -0.0278245
0.0611674 0.269615 -0.166479 -0.168311 0.985341 -0.0278246
0.0908124 0.0284752 -0.259733 -0.168311 0.985341 -0.0278245
-0.116352 -0.0702624 0.0545657 -0.92935 -0.168029 -0.328747
-0.0788952 0.0169088 0.502721 -0.328602 -0.0294734 0.944008
-0.0264469 0.0360585 0.0978511 -0.328603 -0.0294727 0.944008
-0.0493036 -0.258131 0.501406 0.168311 -0.985341 0.0278246
-0.139494 -0.0364726 0.270997 0.168311 -0.985341 0.0278245
0.225356 -0.148802 -0.286276 -0.264201 0.924646 0.274277
-0.138901 -0.0531374 0.109558 -0.92935 -0.16803 -0.328746
-0.0805049 0.0575055 0.0797035 -0.328603 -0.0294727 0.944008
-0.0733367 0.236674 -0.211752 -0.92935 -0.16803 -0.328746
-0.20193 -0.0231666 0.284585 -0.92935 -0.168029 -0.328746
-0.117187 -0.274531 0.331252 0.168311 -0.985341 0.0278246
0.0919816 -0.251901 -0.132606 0.168311 -0.985341 0.0278246
0.217511 -0.197157 -0.39087 -0.168311 0.985341 -0.0278245
0.242394 0.0329974 -0.391832 0.92935 0.16803 0.328746
-0.0295951 -0.0245009 0.0301675 -0.168311 0.985341 -0.0278245
-0.0195041 -0.00217023 0.366516 0.92935 0.16803 0.328746
0.129325 -0.175319 0.0342827 0.92935 0.16803 0.328746
-0.0231792 -0.225834 0.0495227 -0.168311 0.985341 -0.0278246
0.0341666 -0.0158238 0.0392585 0.92935 0.16803 0.328746
0.220819 -0.0599489 -0.454662 0.328603 0.0294727 -0.944008
0.0050635 -0.260666 0.0827633 0.168311 -0.985341 0.0278246
-0.0288351 -0.266184 -0.0805337 -0.92935 -0.16803 -0.328746
-0.107489 -0.265974 0.14171 -0.92935 -0.16803 -0.328746
-0.0236257 -0.190614 -0.146054 -0.92935 -0.16803 -0.328746
0.162387 -0.00555404 -0.460173 0.168311 -0.985341 0.0278246
0.0847787 -0.184834 0.165077 0.92935 0.16803 0.328746
-0.0297023 -0.113835 0.45242 0.92935 0.16803 0.328746
-0.00879032 0.181855 -0.209245 0.328603 0.0294729 -0.944008
0.0686179 0.0940833 -0.18504 0.328601 0.0294701 -0.944009
0.113553 0.0351583 -0.171238 0.328603 0.0294726 -0.944008
-0.0521063 -0.0504821 -0.137165 -0.92935 -0.16803 -0.328747
0.0529948 0.171386 0.0728565 0.92935 0.16803 0.328746
-0.176802 -0.24606 0.327476 -0.92935 -0.16803 -0.328746
-0.0043987 0.258565 -0.161188 -0.168311 0.985341 -0.0278246
-0.0287647 -0.257745 0.390828 0.168311 -0.985341 0.0278246
0.0896556 -0.167494 -0.00461286 -0.168311 0.985341 -0.0278245
0.0515455 -0.0217568 -0.363474 0.168311 -0.985341 0.0278246
0.197051 -0.238251 -0.2848 0.168311 -0.985341 0.0278246
0.158383 -0.0276846 -0.123321 0.92935 0.16803 0.328746
-0.127723 -0.0149196 0.484731 -0.328602 -0.0294734 0.944008
-0.104815 -0.0264917 0.414672 0.168311 -0.985341 0.0278245
-0.0672466 0.109263 0.00199864 0.979891 0.164177 -0.1134
0.0799205 0.123506 0.0212115 0.92935 0.16803 0.328746
0.0449459 -0.252177 0.142132 0.168311 -0.985341 0.0278246
0.064823 0.213552 0.0178664 0.92935 0.16803 0.328746
0.063312 0.110873 0.07462 0.92935 0.16803 0.328746
0.111952 -0.108364 -0.15509 0.328603 0.0294728 -0.944008
0.0557205 -0.0144157 -0.128763 -0.168311 0.985341 -0.0278245
0.112178 -0.213564 -0.334764 -0.168311 0.985341 -0.0278245
0.00426446 -0.204817 0.402901 0.92935 0.16803 0.328746
-0.100379 -0.128699 0.151717 -0.328603 -0.0294727 0.944008
0.0511544 -0.217002 -0.0873609 -0.168311 0.985341 -0.0278245
-0.0444088 0.186322 0.09629 -0.328603 -0.0294727 0.944008
-0.0602049 -0.269596 0.161317 0.168311 -0.985341 0.0278246
0.217071 -0.149591 -0.409433 -0.92935 -0.16803 -0.328746
-0.0543059 -0.135302 0.506529 -0.328603 -0.0294728 0.944008
0.102209 -0.218847 -0.461532 -0.168311 0.985341 -0.0278246
-0.0465089 -0.0290897 -0.0300219 0.168311 -0.985341 0.0278246
0.0361801 -0.225944 0.323475 0.92935 0.16803 0.328746
0.136637 -0.252568 -0.426356 0.168311 -0.985341 0.0278246
-0.0390166 0.114388 -0.0663096 0.778635 0.557254 0.288435
-0.0334564 -0.0660076 0.438587 0.92935 0.16803 0.328746
0.160457 -0.239613 -0.11169 0.168311 -0.985341 0.0278246
0.0577026 0.019248 -0.386211 -0.168311 0.985341 -0.0278245
0.0414196 0.142261 0.120465 0.92935 0.16803 0.328746
0.0294472 0.186091 -0.121501 -0.190198 -0.976971 -0.0967084
0.104245 -0.247801 -0.0615855 0.168311 -0.985341 0.0278246
0.0320293 -0.170653 0.124438 0.92935 0.16803 0.328746
-0.00355436 -0.236524 0.441211 0.92935 0.16803 0.328746
0.0784628 0.235899 -0.0321142 0.92935 0.16803 0.328746
-0.0346317 -0.198764 0.509765 0.92935 0.16803 0.328746
0.0707663 -0.0165912 -0.296815 0.168311 -0.985341 0.0278246
-0.0507747 -0.0384742 0.290961 -0.92935 -0.16803 -0.328746
0.0968288 0.196378 -0.0638344 0.92935 0.16803 0.328746
-0.0741657 -0.183944 0.431439 -0.92935 -0.168031 -0.328747
-0.0749871 -0.033918 0.357079 -0.92935 -0.16803 -0.328746
-0.0746724 -0.268344 0.293174 0.168311 -0.985341 0.0278246
0.0386978 -0.214229 0.0861905 -0.168311 0.985341 -0.0278245
-0.0970583 -0.163147 0.485526 -0.92935 -0.16803 -0.328746
-0.125697 -0.102584 0.0975033 -0.92935 -0.16803 -0.328746
0.205577 -0.23315 -0.15572 0.168311 -0.985341 0.0278246
-0.0685697 -0.234548 0.0155081 0.168311 -0.985341 0.0278245
-0.0127252 0.143883 -0.165872 0.944432 -0.00562783 0.328658
0.14393 -0.190514 -0.18175 -0.92935 -0.16803 -0.328746
0.0102851 -0.0472309 0.305335 0.92935 0.16803 0.328746
0.0179808 0.189271 0.118099 -0.328603 -0.0294727 0.944008
-0.0675834 -0.084988 -0.0757751 -0.92935 -0.16803 -0.328746
-0.0397939 0.241521 0.0996198 -0.328603 -0.0294727 0.944008
0.255765 -0.0916744 -0.365908 0.92935 0.16803 0.328746
-0.109143 -0.0499925 0.14577 -0.351371 0.675901 0.64784
0.166961 0.041281 -0.266864 -0.168311 0.985341 -0.0278246
0.084903 -0.0908466 -0.065825 0.92935 0.16803 0.328746
0.147278 -0.15974 -0.02443 0.92935 0.16803 0.328746
-0.0525099 -0.271429 0.0498755 0.168311 -0.985341 0.0278246
-0.0892085 0.188886 -0.142458 -0.92935 -0.16803 -0.328746
-0.0118463 -0.260628 0.186405 0.168311 -0.985341 0.0278246
-0.0287083 0.143115 -0.119902 0.94396 -0.0430465 0.327242
0.0570948 -0.232183 0.267539 0.92935 0.16803 0.328746
0.0262611 -0.258381 0.0354566 0.168311 -0.985341 0.0278246
-0.0935519 0.00780249 0.123411 -0.168311 0.985341 -0.0278245
0.148138 -0.245622 -0.249938 0.168311 -0.985341 0.0278246
-0.0246967 -0.0269271 -0.0853795 0.168311 -0.985341 0.0278246
0.125827 0.122066 -0.107829 0.92935 0.16803 0.328746
-0.0557268 -0.193354 0.165241 -0.328603 -0.0294727 0.944008
0.0555323 0.122648 -0.101217 -0.852826 0.438755 -0.283164
-0.199348 -0.0434485 0.386019 0.168311 -0.985341 0.0278245
-0.104856 -0.0651966 0.457505 -0.92935 -0.16803 -0.328746
0.0538186 -0.214027 0.00187121 -0.168311 0.985341 -0.0278245
