ply
format ascii 1.0
comment Created by Open3D
element vertex 400
property double x
property double y
property double z
property double nx
property double ny
property double nz
end_header
0.262966 0.269004 -0.24977 0.69834 -0.351241 -0.623659
0.0754507 0.209354 -0.200958 0.50761 -0.841558 0.184695
-0.279387 -0.059547 -0.012414 0.774042 0.53958 0.331228
-0.33761 0.120143 0.121724 -0.50761 0.841558 -0.184695
-0.0993999 -0.256413 0.225259 0.378405 0.025173 -0.925298
0.0685071 0.13545 -0.241184 -0.378405 -0.0251729 0.925298
0.0849988 0.310299 -0.173323 -0.50761 0.841558 -0.184695
-0.0150232 0.176922 -0.506156 -0.50761 0.841558 -0.184695
0.387356 0.380994 -0.276117 0.50761 -0.841558 0.184696
0.278299 0.429271 -0.162487 -0.50761 0.841558 -0.184695
0.201722 0.464207 0.281928 0.774043 0.53958 0.331228
0.161092 0.254157 0.198263 0.774042 0.53958 0.331228
-0.472469 -0.0187144 -0.140335 -0.50761 0.841558 -0.184695
0.00808579 0.0285271 0.358023 -0.378405 -0.0251731 0.925298
0.0918279 0.238387 -0.113682 0.50761 -0.841558 0.184695
-0.104991 -0.262153 -0.0899085 0.774042 0.53958 0.331228
-0.166156 0.207653 0.0492425 -0.50761 0.841558 -0.184695
-0.0308179 0.0931174 -0.282955 -0.378405 -0.0251729 0.925298
0.290914 0.0675942 -0.0276314 -0.774042 -0.53958 -0.331228
-0.213492 -0.0493742 -0.182975 0.774042 0.53958 0.331228
0.190381 0.391379 -0.0935103 -0.50761 0.841558 -0.184695
-0.304746 -0.0077308 -0.551254 -0.50761 0.841558 -0.184695
0.0588104 -0.182426 -0.253797 -0.378408 -0.0251724 0.925296
0.0271264 0.287997 -0.115887 -0.50761 0.841558 -0.184695
-0.62358 -0.0190531 0.273431 -0.507615 0.841556 -0.18469
-0.0348379 0.220328 -0.253919 -0.50761 0.841558 -0.184695
0.236834 0.11098 0.254502 0.774042 0.53958 0.331228
-0.198648 -0.271003 -0.0830563 -0.774042 -0.53958 -0.331228
0.279044 -0.00965554 0.125951 -0.774042 -0.53958 -0.331228
-0.319756 -0.129446 -0.0306405 -0.774043 -0.53958 -0.331228
-0.0476142 0.279142 0.0491826 -0.50761 0.841558 -0.184695
-0.525429 -0.0713087 0.171648 0.50761 -0.841558 0.184694
0.0371014 0.0708851 0.289986 0.378405 0.025173 -0.925298
0.28069 0.176586 -0.234346 0.378405 0.025173 -0.925298
0.137948 0.110821 -0.213456 -0.378406 -0.0251726 0.925297
0.313734 0.371808 -0.11563 0.50761 -0.841558 0.184695
0.122229 0.296604 -0.338045 -0.50761 0.841558 -0.184695
0.389161 0.420367 -0.101676 0.50761 -0.841558 0.184695
0.256425 0.155574 -0.160775 -0.631622 -0.217677 0.744091
0.124542 0.281165 -0.414749 -0.50761 0.841558 -0.184694
-0.365007 -0.113136 -0.459838 0.50761 -0.841558 0.184695
0.197594 0.314298 0.0740779 0.910616 -0.189498 0.367245
0.0330995 0.350726 0.559597 0.507611 -0.841557 0.184694
0.313559 0.326803 -0.320214 0.507611 -0.841557 0.184696
-0.154361 0.115681 0.00383122 0.50761 -0.841558 0.184695
0.0160141 0.298026 -0.0396466 -0.50761 0.841558 -0.184695
-0.196466 0.239531 0.277799 -0.50761 0.841558 -0.184695
-0.0295763 -0.323279 -0.166666 0.809285 0.476214 0.343916
0.274547 0.029421 -0.240862 0.378405 0.025173 -0.925298
0.0269334 -0.0660042 -0.344721 0.378405 0.0251731 -0.925298
-0.256307 0.0333908 -0.497014 -0.50761 0.841558 -0.184695
0.00201762 -0.113316 -0.275143 -0.378405 -0.025173 0.925298
0.330313 0.118626 0.0235947 0.774042 0.53958 0.331228
-0.090892 0.169599 0.0750712 0.50761 -0.841558 0.184695
-0.321548 0.013773 0.230675 -0.109772 -0.400861 0.909539
-0.144923 0.236362 0.121695 -0.50761 0.841558 -0.184695
-0.203611 -0.205883 0.265071 -0.378405 -0.0251731 0.925298
-0.282657 0.143581 0.077487 -0.50761 0.841558 -0.184695
-0.460574 -0.0637896 0.107389 -0.0677352 -0.994359 0.0816185
0.130696 -0.160318 -0.223798 -0.378405 -0.0251729 0.925298
0.218454 0.443365 0.0662061 -0.50761 0.841558 -0.184695
0.0113037 0.412382 0.494361 -0.50761 0.841558 -0.184695
-0.0976848 -0.281485 -0.30192 -0.774042 -0.53958 -0.331228
0.284594 0.467698 -0.00469555 -0.50761 0.841558 -0.184695
-0.376946 -0.067509 -0.0346318 -0.382382 -0.906098 -0.181028
0.299857 0.00588317 0.27843 0.774043 0.53958 0.331228
0.226386 -0.0468573 -0.181578 -0.378405 -0.0251755 0.925298
0.135307 -0.11112 0.403133 -0.109787 -0.400843 0.909545
0.342611 0.12891 -0.209068 0.505168 0.117052 -0.855046
-0.390368 0.0476599 0.342529 0.50761 -0.841558 0.184695
-0.368905 0.0284578 -0.21003 -0.50761 0.841558 -0.184695
-0.13316 0.0796026 -0.21883 0.50761 -0.841558 0.184695
0.1217 0.208951 0.13753 -0.774042 -0.53958 -0.331228
-0.239974 0.115339 -0.168508 -0.50761 0.841558 -0.184695
0.17595 0.136359 0.13417 0.603555 -0.470814 -0.643472
-0.302038 0.0320036 -0.377649 -0.50761 0.841558 -0.184695
-0.342115 -0.0964932 -0.552535 -0.764524 -0.5388 -0.353833
-0.21133 -0.371097 0.109656 -0.761349 -0.560075 -0.326594
-0.0765722 -0.326138 -0.0521567 0.786275 0.51875 0.335664
-0.483852 -0.03526 0.221634 0.50761 -0.841558 0.184695
0.207547 0.418487 -0.0171736 -0.50761 0.841558 -0.184695
-0.108116 0.255905 0.503114 -0.378405 -0.0251734 0.925298
0.165739 0.0807588 0.243442 -0.774042 -0.53958 -0.331228
0.0107961 0.0129846 -0.349172 0.378405 0.0251729 -0.925298
-0.564684 -0.118139 0.00252154 -0.774043 -0.53958 -0.331228
-0.492983 0.0741674 0.339259 -0.50761 0.841558 -0.184695
-0.0118896 -0.0520175 0.347663 -0.378405 -0.0251766 0.925298
-0.162901 -0.1972 0.200901 0.378405 0.025173 -0.925298
-0.174987 0.113978 -0.353317 -0.50761 0.841558 -0.184695
0.323568 0.436834 -0.252444 -0.50761 0.841558 -0.184695
0.319256 -0.095782 -0.14493 -0.378405 -0.0251729 0.925298
0.330181 -0.0342952 -0.219844 0.378404 0.0251675 -0.925298
0.0699425 0.171004 0.292284 -0.338942 -0.392129 -0.855192
-0.0469692 -0.101196 -0.375901 0.378405 0.0251731 -0.925298
-0.26629 -0.0761355 -0.562555 0.507611 -0.841558 0.184694
-0.255551 -0.179291 0.14478 0.856398 0.469334 -0.215193
-0.369711 0.00267601 -0.325289 -0.50761 0.841558 -0.184695
-0.213159 -0.105252 0.182849 0.378405 0.025173 -0.925298
-0.171182 -0.201379 -0.26066 -0.774042 -0.53958 -0.331228
-0.413873 -0.10466 -0.371865 -0.774043 -0.53958 -0.331228
-0.333553 -0.0633671 -0.147542 -0.340557 -0.925729 -0.164457
-0.0317192 0.333308 0.252304 -0.50761 0.841558 -0.184695
-0.0129159 0.298218 0.446815 0.507609 -0.841559 0.184695
-0.235913 0.0660198 -0.404391 -0.50761 0.841558 -0.184695
0.0868707 0.139075 0.390546 -0.158251 0.119651 0.980123
0.0588699 0.344487 0.460344 0.507611 -0.841558 0.184694
-0.405051 -0.0418216 -0.430914 -0.50761 0.841558 -0.184695
0.0646686 -0.0381938 0.298293 0.378404 0.0251704 -0.925298
-0.278437 0.206275 0.351555 -0.50761 0.841558 -0.184695
-0.212989 -0.243678 0.168186 0.807792 0.390293 -0.441751
-0.261005 0.0439216 -0.0300436 0.50761 -0.841558 0.184695
-0.228332 -0.0948741 -0.0741753 0.774042 0.53958 0.331228
-0.116739 -0.370418 -0.109228 -0.575745 -0.776329 -0.256574
-0.121235 0.00808184 0.224072 0.682914 -0.68239 0.260716
-0.224679 0.184671 0.105366 -0.50761 0.841558 -0.184695
0.0790105 0.421226 0.348572 -0.50761 0.841558 -0.184695
0.356441 0.473886 -0.173965 -0.50761 0.841558 -0.184695
-0.131069 -0.17446 -0.171821 0.774042 0.53958 0.331228
0.292151 -0.0609634 0.183371 -0.539491 -0.806296 -0.242563
-0.000805681 0.102614 0.356402 -0.378405 -0.0251731 0.925298
-0.0536557 -0.341167 -0.307364 -0.764524 -0.5388 -0.353833
0.0045673 0.186528 0.360883 -0.37841 -0.0251694 0.925296
0.127041 0.350472 -0.105823 -0.50761 0.841558 -0.184695
0.340682 0.152205 -0.0553358 0.774042 0.53958 0.331228
0.00688238 0.263103 0.274221 -0.177908 -0.312125 -0.933235
0.122913 0.371699 0.408317 0.50761 -0.841558 0.184695
0.015359 0.341946 0.162274 -0.50761 0.841558 -0.184695
-0.166721 0.158242 -0.174348 -0.50761 0.841558 -0.184695
-0.097916 0.18035 0.237748 0.378405 0.025173 -0.925298
-0.415667 0.0880338 0.189947 -0.50761 0.841558 -0.184695
-0.238052 0.245506 0.419315 -0.50761 0.841558 -0.184695
-0.159697 -0.300093 0.0997403 0.774043 0.539579 0.331228
0.0538509 0.237288 -0.42039 -0.50761 0.841558 -0.184694
-0.0699246 -0.241629 -0.205288 0.774042 0.53958 0.331228
0.341083 0.026975 -0.0786998 -0.774042 -0.53958 -0.331228
0.144155 -0.22274 -0.301047 0.378405 0.025173 -0.925298
-0.355274 0.0853838 0.011891 -0.50761 0.841558 -0.184695
-0.472097 0.0627965 0.230044 -0.50761 0.841558 -0.184695
-0.108907 0.12479 -0.0795889 0.50761 -0.841558 0.184695
-0.180558 0.0850814 -0.063596 0.50761 -0.841558 0.184695
-0.055136 -0.0119862 -0.295759 -0.378405 -0.025173 0.925298
-0.034848 0.187223 -0.404732 -0.50761 0.841558 -0.184695
0.292402 0.0564355 0.213501 0.77405 0.539571 0.331225
0.16963 0.116069 0.380672 0.521262 0.470649 0.711881
-0.280761 -0.290518 0.207754 -0.807791 -0.390292 0.441752
0.460136 -0.0470716 -0.146376 0.79592 -0.569078 -0.206547
0.296405 -0.164835 -0.212724 0.534078 -0.837424 0.116109
-0.28206 0.119367 0.371589 0.50761 -0.841558 0.184695
0.267697 0.300792 -0.0996003 0.923684 0.0546808 0.379233
0.0701254 0.453239 0.518861 -0.507609 0.841559 -0.184693
-0.438614 0.0302264 -0.0103833 -0.50761 0.841558 -0.184695
0.0414368 -0.311001 -0.265101 -0.00360188 -0.215425 0.976514
-0.197412 -0.0685118 -0.394013 -0.397418 -0.643553 -0.654139
0.228629 0.389382 0.198343 0.50761 -0.841558 0.184695
0.424149 0.0524202 -0.155914 0.807791 0.390292 -0.441753
-0.0930656 -0.105358 0.286114 -0.0295283 0.99945 0.0151146
-0.139049 -0.0814742 0.213804 0.378405 0.025173 -0.925298
-0.10452 0.233247 0.402537 0.50761 -0.841558 0.184695
0.317573 0.219033 -0.110199 0.774042 0.53958 0.331228
-0.437246 -0.0160487 -0.224995 -0.50761 0.841558 -0.184695
-0.291812 -0.046769 -0.626332 -0.21905 -0.333377 -0.916994
-0.269969 0.065831 -0.311651 -0.50761 0.841558 -0.184695
0.0890678 0.387528 0.167386 -0.50761 0.841558 -0.184695
0.16271 0.182639 0.310986 0.774042 0.53958 0.331228
0.0493162 0.265098 0.124867 0.50761 -0.841558 0.184695
-0.480554 -0.0810014 0.00414951 0.50761 -0.841558 0.184695
0.0267337 0.123911 -0.456385 0.50761 -0.841558 0.184695
0.266616 0.188165 0.0591657 0.77404 0.539583 0.331229
0.114856 0.0378599 0.401941 -0.378405 -0.0251731 0.925298
-0.318635 -0.208875 0.206486 -0.710771 -0.287862 0.641826
0.170943 0.233649 -0.350693 0.550113 -0.832148 0.0700405
0.0554876 0.250301 0.0404832 0.50761 -0.841558 0.184695
-0.280324 0.00668671 -0.118122 0.774042 0.53958 0.331228
0.157633 0.277331 -0.117093 0.50761 -0.841558 0.184695
-0.614329 -0.112961 0.226192 0.507609 -0.841559 0.184692
-0.063091 0.299144 0.182858 -0.50761 0.841558 -0.184695
0.186689 0.370095 -0.180345 -0.50761 0.841558 -0.184695
0.35716 0.0589527 0.058066 0.774043 0.539579 0.331228
-0.112392 -0.0992494 -0.308353 0.29968 0.373435 0.877917
-0.23058 0.0304259 -0.581232 -0.50761 0.841558 -0.184695
0.0244485 -0.0342827 -0.263819 -0.378408 -0.0251819 0.925296
-0.0463196 0.141475 -0.175578 0.50761 -0.841558 0.184695
-0.47547 -0.116365 -0.208851 -0.774043 -0.53958 -0.331228
0.03124 0.380592 0.294715 -0.50761 0.841558 -0.184695
-0.512402 -0.022023 -0.0456594 -0.50761 0.841558 -0.184695
0.0787809 0.00494305 -0.296666 0.836751 -0.436741 0.330312
-0.275271 -0.0250382 0.159631 0.378405 0.025173 -0.925298
0.134213 -0.109176 0.324802 0.378405 0.025173 -0.925298
0.136983 0.199406 -0.415402 0.50761 -0.841558 0.184695
-0.600603 -0.023376 0.190583 -0.50761 0.841558 -0.184695
0.291443 0.0791675 0.121358 -0.50761 0.841558 -0.184695
0.333906 0.417125 0.0354167 0.50761 -0.841558 0.184695
0.236321 -0.0714977 -0.259241 0.378404 0.0251814 -0.925298
-0.529247 0.0175017 0.180731 -0.50761 0.841558 -0.184695
0.379537 0.395209 -0.189856 0.50761 -0.841558 0.184695
0.324626 -0.00714691 0.0153425 -0.774042 -0.53958 -0.331228
-0.173988 0.122769 0.0900659 0.50761 -0.841558 0.184695
0.14003 0.385661 0.0188189 -0.50761 0.841558 -0.184695
-0.0315977 0.171487 -0.0792913 0.50761 -0.841558 0.184695
-0.214603 0.0286765 -0.227038 0.50761 -0.841558 0.184695
-0.277646 0.114568 -0.0684847 -0.50761 0.841558 -0.184695
0.301146 0.268531 -0.185018 0.891411 0.40617 -0.201026
-0.202364 -0.0324207 -0.539061 0.50761 -0.841558 0.184695
0.245433 0.277729 -0.356586 0.50761 -0.841558 0.184695
-0.148167 0.0880601 -0.139047 0.50761 -0.841558 0.184695
-0.119937 -0.143693 -0.247955 0.774042 0.53958 0.331228
0.216571 -0.138316 -0.18808 -0.378405 -0.0251729 0.925298
-0.475032 -0.104479 -0.118001 0.50761 -0.841558 0.184695
0.0168726 0.186151 -0.145686 0.50761 -0.841558 0.184695
-0.121001 0.332125 0.492292 -0.50761 0.841558 -0.184695
-0.161657 -0.301085 0.279638 -0.378405 -0.0251731 0.925298
-0.380171 -0.0781462 0.19342 -0.571146 -0.168175 0.803436
-0.13549 0.161567 -0.245029 -0.50761 0.841558 -0.184695
-0.186013 0.213168 0.470095 -0.378405 -0.0251734 0.925298
-0.0460954 -0.372712 -0.234125 0.0601563 -0.998186 -0.00255473
-0.416488 0.0618092 0.0727113 -0.50761 0.841558 -0.184695
0.177571 -0.00256441 -0.215964 -0.867591 -0.338784 -0.364022
-0.0304576 -0.214471 0.335555 -0.340035 -0.0870173 0.936378
0.199126 0.176011 0.0102518 -0.774041 -0.539581 -0.331229
-0.359096 -0.00315993 0.113421 0.821526 0.40815 -0.398132
-0.259334 -0.142603 0.0760239 0.774042 0.53958 0.331228
-0.0297976 -0.221419 -0.370918 0.240508 -0.0674417 -0.968301
-0.193547 0.174506 -0.0265119 -0.50761 0.841558 -0.184695
0.202139 0.0773841 -0.188114 -0.378405 -0.025173 0.925298
0.457501 -0.00947018 -0.0655588 0.830358 0.432506 0.351345
-0.19615 0.119679 -0.269176 -0.50761 0.841558 -0.184695
-0.404872 0.0261229 -0.121816 -0.50761 0.841558 -0.184695
0.110421 0.167024 -0.489948 0.50761 -0.841558 0.184695
0.244882 0.153143 -0.0594225 -0.774042 -0.53958 -0.331228
-0.0296935 -0.252888 0.26894 0.623546 -0.740378 -0.25106
0.217259 0.202719 0.1508 0.774041 0.539583 0.331226
-0.318742 -0.105773 0.220711 -0.378405 -0.0251731 0.925298
-0.0563347 -0.193168 -0.287514 0.338953 0.392135 0.855185
0.161931 -0.0357669 0.41919 -0.378405 -0.0251731 0.925298
-0.0351149 0.190926 0.0189482 0.50761 -0.841558 0.184695
-0.117083 -0.123344 -0.395422 -0.0522816 -0.244057 -0.968351
-0.104405 0.233764 -0.00149892 -0.50761 0.841558 -0.184695
-0.0715942 0.183939 -0.318704 -0.50761 0.841558 -0.184695
-0.0684282 -0.175312 0.240132 0.378405 0.025173 -0.925298
0.386034 -0.101823 -0.182587 0.617404 -0.759169 -0.206096
-0.115836 -0.0351328 -0.402362 0.390747 0.00451563 -0.920487
-0.220526 0.206573 0.193748 -0.50761 0.841558 -0.184695
0.104807 -0.0787617 -0.299705 0.496773 0.837951 0.225954
0.017704 0.26521 -0.193817 -0.50761 0.841558 -0.184695
0.191453 0.209698 -0.276942 0.551645 -0.318018 -0.771072
0.442436 0.428993 -0.224825 0.799785 0.53997 0.262253
0.22005 0.0578894 0.153779 -0.774042 -0.539581 -0.331228
-0.287678 0.179017 0.25275 -0.50761 0.841558 -0.184695
-0.157509 -0.0174681 -0.605256 0.378405 0.0251732 -0.925298
0.0335677 -0.172575 0.362574 -0.286061 -0.168664 0.943251
0.315215 0.348262 -0.213729 0.716174 -0.689498 0.108104
-0.29315 -0.265266 0.128439 -0.774042 -0.53958 -0.331228
-0.534679 -0.0971076 0.0795197 0.50761 -0.841558 0.184695
-0.0202691 0.136244 0.268303 0.378405 0.025173 -0.925298
0.151625 0.0415084 -0.283737 -0.154375 -0.983914 -0.0899001
-0.354049 -0.0233354 -0.486853 -0.50761 0.841558 -0.184695
-0.238493 -0.125397 -0.000707328 0.774042 0.53958 0.331228
0.126381 0.459679 0.465366 0.774042 0.53958 0.331228
0.0951219 -0.149658 -0.319111 0.378406 0.0251725 -0.925297
-0.346169 0.131911 0.198869 -0.50761 0.841558 -0.184695
-0.551225 -0.0311048 0.0196577 -0.50761 0.841558 -0.184695
-0.298154 -0.0682247 -0.438935 0.507608 -0.841559 0.184696
-0.383235 -0.0764795 -0.242714 0.50761 -0.841558 0.184695
-0.229867 -0.30518 0.0455757 -0.774043 -0.539579 -0.331227
-0.0779657 0.0560313 -0.425607 0.62818 -0.71982 -0.295379
0.0223795 0.215145 -0.0287136 0.50761 -0.841558 0.184695
-0.122595 -0.212432 -0.349012 -0.645078 -0.51332 -0.566018
0.118017 0.390683 0.508274 0.507609 -0.841559 0.184695
0.0890181 0.0955068 -0.314937 0.378405 0.0251729 -0.925298
-0.614881 -0.0614063 0.0565396 -0.50761 0.841558 -0.184695
-0.129389 0.0435825 0.302212 -0.378405 -0.0251733 0.925298
-0.398169 0.126649 0.380979 -0.378405 -0.0251728 0.925298
-0.270797 0.0767387 0.146402 0.50761 -0.841558 0.184695
0.221853 -0.216751 -0.244242 0.534078 -0.837424 0.116109
0.195823 0.349011 -0.301517 -0.50761 0.841558 -0.184695
-0.553345 -0.0141567 0.102708 -0.50761 0.841558 -0.184695
0.186792 0.382803 0.283353 0.50761 -0.841558 0.184695
0.400953 -0.0372679 0.0690133 0.777722 -0.550723 0.303071
0.00172543 0.385951 0.400252 -0.50761 0.841558 -0.184695
0.163327 0.419513 0.109032 -0.50761 0.841558 -0.184695
0.0895784 0.0538504 -0.234787 -0.378403 -0.0251739 0.925299
-0.215817 -0.103713 -0.315452 -0.774043 -0.539579 -0.331228
0.414697 0.438645 -0.334126 0.755079 0.331276 -0.565784
-0.333113 -0.0705356 -0.353385 0.50761 -0.841558 0.184695
0.240467 -0.00500333 0.20852 -0.774042 -0.53958 -0.331228
-0.021146 -0.0656708 0.264117 -0.836751 0.436741 -0.330312
-0.324342 0.0788676 0.303397 0.49817 -0.841922 0.207349
-0.187843 0.182268 0.399255 0.50761 -0.841558 0.184695
-0.109904 0.144255 -0.394232 -0.50761 0.841558 -0.184695
0.14919 0.0477743 0.317035 -0.451506 -0.442398 -0.774871
0.0493422 0.254393 -0.330058 -0.50761 0.841558 -0.184695
0.0209171 -0.35248 -0.333976 0.384866 -0.828532 -0.406709
-0.172024 -0.312495 0.182295 0.807792 0.390293 -0.441751
0.246762 0.0474537 0.334787 0.774042 0.53958 0.331228
0.388074 0.0877209 -0.0610399 0.774042 0.53958 0.331228
-0.0243097 -0.272464 -0.258762 0.67232 0.520952 0.525923
0.371885 0.152007 -0.1321 0.82734 0.53594 0.168161
0.0711176 -0.226515 -0.331019 0.378406 0.0251725 -0.925297
-0.174361 0.272971 0.369412 -0.50761 0.841558 -0.184695
0.173569 0.239873 -0.195377 -0.378405 -0.025173 0.925298
-0.568075 -0.0623595 -0.0764426 -0.50761 0.841558 -0.184695
-0.0112325 0.0895441 -0.542524 0.378405 0.0251732 -0.925298
0.174185 -0.124404 -0.286091 0.378405 0.025173 -0.925298
0.289806 0.45205 0.0958876 0.774043 0.53958 0.331228
0.162248 0.342481 0.195319 0.752172 -0.590973 0.291527
-0.328096 -0.190004 0.0874995 -0.774042 -0.53958 -0.331228
-0.271505 -0.133606 -0.13662 -0.774043 -0.53958 -0.331228
0.316367 0.314544 -0.402429 0.378405 0.0251732 -0.925298
0.352693 -0.000328196 0.165075 0.774043 0.53958 0.331228
0.218047 0.221526 -0.108108 -0.774042 -0.53958 -0.331228
0.268717 -0.0156182 0.385979 0.764522 0.5388 0.353837
-0.13649 -0.288342 -0.200066 -0.774043 -0.539579 -0.331228
0.388774 0.473666 -0.26383 -0.50761 0.841558 -0.184694
-0.13013 0.188215 0.340609 0.197125 -0.702539 0.683798
-0.472062 0.0396098 0.1243 -0.50761 0.841558 -0.184695
-0.327821 -0.00232348 0.00755186 0.774042 0.53958 0.331228
0.133217 -0.254324 -0.230081 -0.0170842 -0.505165 0.862853
-0.123728 0.271968 0.225685 -0.50761 0.841558 -0.184695
-0.236828 -0.136929 0.253363 -0.378405 -0.0251731 0.925298
-0.280777 -0.225451 0.0346646 -0.774042 -0.53958 -0.331228
-0.0850078 0.206316 -0.179877 -0.50761 0.841558 -0.184695
0.304414 0.0998333 -0.115405 -0.84693 -0.526747 -0.0724352
-0.167528 -0.0923805 0.282916 -0.378405 -0.0251731 0.925298
-0.118869 -0.182636 0.300359 -0.378405 -0.0251731 0.925298
-0.163742 0.0680564 -0.593463 -0.50761 0.841558 -0.184695
-0.187809 -0.237097 -0.163618 -0.774042 -0.539581 -0.331226
-0.211042 0.147592 -0.101062 -0.50761 0.841558 -0.184695
0.227923 0.100256 -0.258002 0.378405 0.025173 -0.925298
0.275739 -0.0635529 0.306172 0.50761 -0.841558 0.184695
0.0980714 0.41143 0.251551 -0.50761 0.841558 -0.184695
-0.407037 0.114861 0.288468 -0.50761 0.841558 -0.184695
0.124053 0.353045 0.323197 0.598546 -0.769177 0.223853
0.274086 0.384669 -0.354141 -0.50761 0.841558 -0.184694
-0.359174 -0.116808 0.0408875 -0.774045 -0.539573 -0.331231
0.155091 0.132805 -0.286902 0.378405 0.0251729 -0.925298
-0.0564867 0.0111377 0.3053 -0.607631 -0.74734 -0.268825
0.0160119 0.260335 0.194695 0.50761 -0.841558 0.184695
0.0762011 0.22054 0.224975 -0.774042 -0.53958 -0.331228
0.316282 0.470004 -0.0812799 -0.50761 0.841558 -0.184695
-0.268788 0.165183 0.434938 -0.378405 -0.0251734 0.925298
0.206888 0.00219488 0.275265 -0.774042 -0.53958 -0.331228
0.190479 -0.0367855 0.339435 -0.219048 -0.333376 -0.916994
-0.528769 -0.0438722 0.305843 0.50761 -0.841558 0.184695
0.193079 0.298976 -0.453272 0.378405 0.0251735 -0.925298
-0.140074 0.00990647 -0.517397 0.50761 -0.841558 0.184695
-0.201436 -0.366589 0.234143 0.344938 -0.879194 0.328687
-0.391 -0.12064 0.126425 -0.838143 -0.531985 -0.120448
0.117495 0.253438 0.301316 0.774042 0.53958 0.331228
-0.0547195 0.251718 -0.0562454 -0.50761 0.841558 -0.184695
0.385619 0.367208 -0.372676 0.378405 0.0251732 -0.925298
0.0317139 0.325339 0.0416559 -0.50761 0.841558 -0.184695
-0.449934 -0.0463195 -0.328052 -0.50761 0.841558 -0.184695
-0.235829 0.0521929 0.260681 -0.257992 -0.208949 0.943282
-0.260109 -0.039675 0.246488 -0.378405 -0.0251702 0.925298
-0.294424 -0.0629657 -0.231682 -0.382384 -0.906097 -0.181028
-0.238085 -0.125047 -0.228661 -0.774042 -0.539581 -0.331228
-0.549082 0.0249833 0.269333 -0.50761 0.841558 -0.184695
-0.0826148 0.145802 -0.462186 -0.50761 0.841558 -0.184694
-0.166732 -0.215226 -0.0220716 0.774042 0.53958 0.331228
-0.0425516 0.212715 0.138668 0.50761 -0.841558 0.184695
0.406163 -0.0582815 -0.0307326 0.367805 -0.921416 0.125348
-0.0736175 0.0732693 0.244772 0.378408 0.025172 -0.925297
-0.105944 0.301011 0.30914 -0.50761 0.841558 -0.184695
0.163733 0.473745 0.355163 0.774043 0.53958 0.331228
-0.158783 -0.3754 0.00080368 -0.501935 -0.834321 -0.227967
0.0624626 -0.0692567 0.3776 -0.378405 -0.0251757 0.925298
-0.176977 -0.027309 -0.304252 0.774042 0.53958 0.331228
-0.214377 0.150304 0.335005 0.412366 -0.826625 0.382944
0.253246 0.392398 -0.261647 -0.50761 0.841558 -0.184695
-0.645795 -0.0905107 0.14808 -0.799782 -0.53997 -0.262261
-0.0103411 0.0983173 -0.387258 0.632979 -0.647952 -0.42367
-0.201456 0.0614489 0.192171 0.378405 0.025173 -0.925298
0.234219 0.373894 0.112409 0.50761 -0.841558 0.184695
0.25741 0.351926 -0.425523 0.378405 0.0251735 -0.925298
0.285017 0.371193 -0.0395067 0.50761 -0.841558 0.184695
-0.325604 0.0712643 -0.133988 -0.50761 0.841558 -0.184695
-0.405305 -0.0634973 -0.111521 0.325683 -0.939332 0.107635
-0.528235 -0.0657089 -0.168067 -0.774042 -0.53958 -0.331228
-0.12572 0.198182 -0.105045 -0.50761 0.841558 -0.184695
-0.204732 -0.227449 0.0866408 0.774042 0.53958 0.331228
0.105175 -0.295302 -0.308172 0.632979 -0.647958 -0.423659
0.0132809 -0.179621 0.27343 0.378405 0.025173 -0.925298
0.165629 0.250388 -0.0326303 -0.774042 -0.53958 -0.331228
-0.410357 0.0188575 0.266388 0.49817 -0.841922 0.207349
0.141189 0.330636 -0.235089 -0.50761 0.841558 -0.184695
0.0671443 0.245783 0.364785 0.296302 0.29098 0.90969
0.14169 0.242052 0.036891 -0.774042 -0.53958 -0.331228
-0.103021 0.0777344 -0.310175 0.50761 -0.841558 0.184695
-0.233115 -0.0366882 -0.469207 0.442168 -0.896221 0.0357248
0.172461 0.448086 0.214122 -0.50761 0.841558 -0.184695
-0.158884 0.125123 0.211313 0.378405 0.025173 -0.925298
0.261352 0.0878162 0.0452468 -0.568311 0.361531 0.739133
-0.0460777 0.309016 0.52993 -0.378405 -0.0251728 0.925298
-0.0862609 0.332546 0.398731 -0.50761 0.841558 -0.184695
0.12536 0.149193 0.226322 -0.774042 -0.53958 -0.331228
-0.0869914 0.10731 -0.573023 0.378405 0.0251735 -0.925298
0.236004 0.298743 -0.0221122 0.923684 0.0546808 0.379233
0.0479944 0.146558 -0.38007 0.617407 -0.75916 -0.206117
-0.130183 -0.289351 0.01327 0.774042 0.53958 0.331228
0.373394 -0.0355246 -0.11727 -0.659619 -0.241677 0.711685
