ply
format ascii 1.0
comment Created by Open3D
element vertex 400
property double x
property double y
property double z
property double nx
property double ny
property double nz
end_header
-0.075887 -0.0374695 -0.509659 -0.397429 -0.426851 -0.812311
-0.510333 -0.000973214 -0.315402 -0.510665 -0.298091 -0.806451
0.189851 -0.0464069 -0.63251 0.597242 0.551745 -0.582134
-0.342251 0.221865 -0.0292035 -0.696673 0.716503 -0.0356539
0.0613028 -0.401523 -0.385479 -0.397429 -0.426851 -0.812311
0.00408886 -0.561661 -0.191701 0.696673 -0.716503 0.0356539
0.0929664 0.23574 0.354566 -0.544101 -0.495345 0.677191
0.531606 0.327947 0.0729258 0.597242 0.551745 -0.582134
-0.373617 0.0536501 -0.411874 -0.397429 -0.426851 -0.812311
0.099296 -0.127065 0.0859306 -0.534899 -0.611513 0.583039
-0.177424 0.374386 -0.184852 -0.696673 0.716503 -0.0356539
0.17482 0.0409233 -0.56516 0.597242 0.551745 -0.582134
0.281141 -0.139611 0.192489 -0.597242 -0.551745 0.582134
0.126266 -0.369922 -0.433868 -0.397429 -0.426851 -0.812311
0.14396 -0.00556014 0.247246 -0.597242 -0.551745 0.582134
0.249604 0.0456739 -0.483932 0.597242 0.551745 -0.582134
0.443405 -0.0930566 0.378693 0.13742 -0.902927 0.407234
-0.261407 -0.450269 -0.251027 -0.397429 -0.426851 -0.812311
-0.13364 -0.589588 -0.191278 -0.397429 -0.426851 -0.812311
-0.0479428 -0.603807 -0.0219925 0.696673 -0.716503 0.0356539
0.531981 -0.0176696 0.28984 0.802058 -0.413023 0.431411
0.161794 -0.406561 -0.156362 0.696673 -0.716503 0.0356539
0.327733 0.30886 0.28414 -0.0776162 0.762149 0.642732
-0.024718 0.53707 0.27348 -0.375939 0.833703 0.404486
-0.0107637 -0.354574 -0.374891 -0.397429 -0.426851 -0.812311
0.284967 -0.281669 -0.0533 0.696673 -0.716503 0.0356539
0.325736 0.17595 -0.282348 0.597242 0.551745 -0.582134
-0.380151 -0.363675 -0.0270602 -0.584289 -0.537878 0.607695
0.394017 0.365596 -0.0325496 0.597242 0.551745 -0.582134
-0.22904 0.31706 -0.328295 -0.696673 0.716503 -0.0356539
0.527629 0.383921 0.139085 0.712045 0.696683 0.0873185
-0.103397 0.263342 0.179888 -0.597242 -0.551745 0.582134
0.314854 -0.269647 -0.39568 0.696673 -0.716503 0.0356539
0.29381 -0.103145 -0.579629 0.597242 0.551745 -0.582134
-0.198252 -0.0905029 -0.421924 -0.397429 -0.426851 -0.812311
0.185498 -0.315121 -0.491644 -0.397429 -0.426851 -0.812311
-0.491514 0.079284 0.0220672 -0.696673 0.716503 -0.0356538
0.231117 -0.271064 0.0221841 0.397429 0.426851 0.812311
-0.212488 -0.374883 0.18979 -0.584289 -0.537878 0.607696
-0.129039 -0.605286 0.000525725 -0.584289 -0.537878 0.607695
0.282122 -0.298222 -0.330357 0.696673 -0.716503 0.0356539
-0.0874559 0.391281 0.317504 -0.597242 -0.551745 0.582134
0.00979674 0.356443 -0.435417 0.597242 0.551745 -0.582134
-0.0433111 -0.530569 0.149086 -0.584289 -0.537878 0.607695
0.382742 -0.0709684 -0.457893 0.597242 0.551745 -0.582134
0.0976575 -0.467026 -0.118241 0.696673 -0.716503 0.0356539
0.472105 0.0332476 -0.267434 0.597242 0.551745 -0.582134
-0.406433 -0.00933477 -0.362722 -0.397429 -0.426851 -0.812311
-0.446324 0.11746 -0.0937754 -0.696673 0.716503 -0.0356538
0.438069 -0.137764 -0.152967 0.696673 -0.716503 0.0356539
-0.138793 0.430748 0.256524 -0.848859 0.507256 0.148759
0.102332 0.327158 -0.368237 0.597242 0.551745 -0.582134
-0.634697 -0.159363 -0.0909634 -0.584289 -0.537878 0.607695
0.10736 -0.440967 0.140617 0.793023 -0.514869 0.325613
0.495525 0.198285 -0.0869844 0.597242 0.551745 -0.582134
-0.0968325 0.441577 -0.4029 -0.618319 0.778657 -0.10665
0.0416086 -0.519118 -0.0698825 0.696673 -0.716503 0.0356539
-0.0272555 0.459415 -0.375625 0.544375 0.602957 -0.583179
0.00251539 0.0958105 0.129764 -0.597242 -0.551745 0.582134
-0.0555952 0.508963 0.139108 -0.696673 0.716503 -0.0356539
-0.211145 0.34558 -0.104831 -0.696673 0.716503 -0.0356539
-0.0435346 0.245559 -0.595228 0.597242 0.551745 -0.582134
0.461831 0.449675 0.125731 -0.452835 0.831013 0.323044
0.0876424 0.645266 0.0794278 -0.696673 0.716503 -0.0356539
-0.151837 -0.0229243 -0.480143 -0.397429 -0.426851 -0.812311
0.204927 0.223468 0.348788 0.397429 0.426851 0.812311
-0.0587676 0.0516332 0.028373 -0.442432 -0.390002 0.807559
-0.517527 0.0428155 -0.20253 -0.696673 0.716503 -0.0356538
0.0454755 -0.503987 0.158623 0.696673 -0.716503 0.0356539
0.474536 -0.0984665 -0.075799 0.696673 -0.716503 0.0356539
0.147184 -0.191595 0.0214897 0.397429 0.426851 0.812311
-0.0660385 0.120143 0.082493 -0.597242 -0.551745 0.582134
0.488458 0.109271 -0.178602 0.597242 0.551745 -0.582134
-0.115586 0.443097 -0.0123237 -0.696673 0.716503 -0.0356539
0.461355 -0.107284 0.00457133 0.696673 -0.716503 0.0356539
0.190306 -0.116593 0.121113 -0.597242 -0.551745 0.582134
0.10246 0.472387 0.26812 0.397429 0.426851 0.812311
0.507217 -0.0572808 -0.301997 0.899451 -0.0058639 -0.436981
0.393882 -0.176846 -0.0749569 0.696673 -0.716503 0.0356539
0.649211 0.0787481 0.0723785 0.696673 -0.716503 0.0356539
-0.331909 -0.56629 -0.0973235 -0.374197 -0.711547 0.594707
-0.242473 -0.0570604 0.141437 0.397429 0.426851 0.812311
0.399901 -0.188209 -0.420913 0.696673 -0.716503 0.0356539
-0.0961372 -0.439224 0.179144 -0.584289 -0.537878 0.607696
-0.345921 -0.277911 0.0817617 -0.584289 -0.537878 0.607695
-0.293619 -0.109706 0.194125 0.397429 0.426851 0.812311
0.548726 0.0683626 0.262086 0.397429 0.426851 0.812311
-0.170241 -0.504465 0.0501494 -0.584289 -0.537878 0.607696
0.318974 0.00758743 -0.44886 0.597242 0.551745 -0.582134
-0.410889 -0.190849 0.0963561 -0.584289 -0.537878 0.607695
-0.390798 0.0950668 0.134067 0.397429 0.426851 0.812311
0.0947947 -0.0195356 -0.65053 -0.25653 -0.295228 -0.920344
-0.303686 0.0513916 0.114397 0.397429 0.426851 0.812311
-0.48234 -0.262002 -0.0353218 -0.584289 -0.537878 0.607695
0.281798 0.128078 -0.3728 0.597242 0.551745 -0.582134
-0.0484982 -0.609938 -0.13434 0.696673 -0.716503 0.0356539
0.477615 0.13791 0.260333 0.397429 0.426851 0.812311
0.0886668 -0.362411 0.13988 0.397429 0.426851 0.812311
-0.107267 0.45604 0.0852375 -0.696673 0.716503 -0.0356539
-0.422592 0.144722 -0.00961289 -0.696673 0.716503 -0.0356539
0.302265 0.270093 -0.217201 0.597242 0.551745 -0.582134
0.303138 -0.000219618 0.347171 -0.597242 -0.551745 0.582134
0.31067 0.517535 0.0259475 0.597242 0.551745 -0.582134
0.270542 0.431868 0.207176 0.397429 0.426851 0.812311
0.431181 0.0985454 -0.247532 0.597242 0.551745 -0.582134
-0.214783 -0.604687 -0.143456 -0.439843 -0.465876 -0.767788
0.230857 0.275933 -0.284926 0.597242 0.551745 -0.582134
0.0446626 0.389955 -0.367884 0.597242 0.551745 -0.582134
-0.338472 0.203091 -0.466259 -0.754354 0.632987 -0.174001
-0.346663 -0.0979604 -0.345394 -0.397429 -0.426851 -0.812311
-0.143249 -0.375604 0.247979 -0.183889 -0.813393 0.551885
0.211607 -0.365588 -0.306307 0.696673 -0.716503 0.0356539
0.628675 0.0545778 -0.0303771 0.788515 -0.611637 -0.0643852
0.606478 0.106805 0.21363 0.397429 0.426851 0.812311
-0.652997 -0.0855629 -0.135348 -0.696673 0.716503 -0.0356538
0.0461472 0.275894 -0.474467 0.597242 0.551745 -0.582134
-0.295552 0.232738 -0.523109 -0.79843 0.340034 -0.496877
0.263435 0.408669 -0.125696 0.597242 0.551745 -0.582134
-0.493807 -0.0444627 0.1462 -0.584289 -0.537878 0.607695
-0.0100465 -0.562581 0.066 0.696673 -0.716503 0.0356539
0.103857 0.414998 -0.283417 0.597242 0.551745 -0.582134
0.17839 0.067251 0.35158 -0.597242 -0.551745 0.582134
-0.349473 -0.492317 -0.0458601 -0.584289 -0.537878 0.607696
-0.310428 0.247928 -0.12726 -0.696673 0.716503 -0.0356539
-0.219306 -0.152559 0.180285 0.397429 0.426851 0.812311
-0.563492 -0.00976712 -0.257234 -0.798181 0.480168 -0.363794
0.120861 0.171734 -0.496537 0.597242 0.551745 -0.582134
-0.0610596 -0.139176 -0.512492 -0.414399 -0.409145 -0.812941
0.294892 0.0618371 0.428198 0.342723 -0.213436 0.91487
0.581817 0.137042 -0.0564986 0.597242 0.551745 -0.582134
-0.22993 -0.222388 -0.337123 -0.397429 -0.426851 -0.812311
0.27216 0.612648 0.0978576 0.699659 0.689596 0.18691
-0.148075 0.393646 -0.371255 -0.696673 0.716503 -0.0356539
0.127178 0.481516 -0.196446 0.597242 0.551745 -0.582134
-0.243737 -0.296359 0.229248 -0.584289 -0.537878 0.607696
0.137113 0.663787 -0.00257432 0.131854 0.849474 -0.510889
0.342393 0.54134 0.0962347 0.715344 0.697578 0.0408423
-0.112965 -0.28835 0.248663 0.397429 0.426851 0.812311
0.36831 0.364356 0.213949 -0.484817 0.826536 0.28599
-0.0744902 -0.150918 0.157621 0.397429 0.426851 0.812311
-0.469051 0.0780386 -0.348547 -0.797957 0.48205 -0.36179
-0.180549 0.352613 -0.561319 -0.696673 0.716503 -0.0356539
-0.0980543 0.334949 0.253239 -0.597242 -0.551745 0.582134
-0.427241 -0.445499 -0.0895567 -0.867356 -0.0678461 0.493041
0.382019 0.309998 -0.0975552 0.597242 0.551745 -0.582134
-0.254834 0.298658 -0.194079 -0.696673 0.716503 -0.0356539
0.226132 -0.187725 0.0904495 -0.597242 -0.551745 0.582134
0.118225 0.551886 -0.138934 0.597242 0.551745 -0.582134
0.339179 -0.232899 -0.132506 0.696673 -0.716503 0.0356539
0.133841 -0.0809066 0.165452 -0.597242 -0.551745 0.582134
-0.463818 -0.359943 -0.104504 -0.620283 -0.576658 0.531709
-0.228926 0.104544 0.0498897 0.397429 0.426851 0.812311
-0.0334447 0.0845261 -0.594531 -0.397429 -0.426851 -0.812311
-0.0890817 0.484711 0.310638 -0.665548 0.745962 0.0241998
0.0136557 0.26629 0.302773 -0.597242 -0.551745 0.582134
-0.562815 -0.20799 -0.0648905 -0.584289 -0.537878 0.607695
-0.210393 -0.528401 -0.185878 -0.397429 -0.426851 -0.812311
0.486849 0.207348 0.227168 0.753218 -0.635228 0.170729
0.478285 -0.102462 -0.229344 0.696673 -0.716503 0.0356539
0.031788 0.210041 -0.551614 0.597242 0.551745 -0.582134
0.358097 -0.224968 -0.34278 0.696673 -0.716503 0.0356539
0.317723 -0.271476 -0.488505 0.696673 -0.716503 0.0356539
-0.367216 -0.518368 -0.163474 -0.397429 -0.426851 -0.812311
-0.110124 -0.184069 -0.464887 -0.414399 -0.409145 -0.812941
0.0222489 0.467495 0.309934 0.397429 0.426851 0.812311
0.363439 -0.160004 -0.562084 0.597242 0.551745 -0.582134
-0.327401 -0.0105115 -0.40077 -0.397429 -0.426851 -0.812311
-0.204932 0.335563 0.135114 -0.866213 -0.117573 0.485645
0.111833 -0.449404 -0.0410831 0.696673 -0.716503 0.0356539
0.230586 -0.0167825 0.311151 -0.040036 -0.876315 0.480071
0.0528662 -0.51459 -0.292507 0.475852 -0.828011 -0.296585
0.167461 -0.175556 -0.556158 -0.397429 -0.426851 -0.812311
-0.0435788 0.173701 -0.629646 -0.0514204 -0.0994455 -0.993714
-0.407454 -0.423663 -0.181015 -0.756068 0.145049 -0.638218
0.454175 0.343774 0.212674 0.397429 0.426851 0.812311
0.167084 -0.405579 -0.239974 0.696673 -0.716503 0.0356539
-0.0716823 0.478702 -0.154682 -0.696673 0.716503 -0.0356539
0.395163 0.4704 0.0679592 0.597242 0.551745 -0.582134
0.529346 -0.0356846 0.114883 0.696673 -0.716503 0.0356539
0.325527 -0.235276 -0.598278 -0.0810181 -0.680584 -0.728177
0.16721 0.155137 0.412802 -0.755034 -0.0303209 0.654984
0.042146 0.598148 0.209734 -0.375955 0.833704 0.40447
0.701794 0.133841 0.114458 0.830729 -0.54339 -0.120901
-0.390903 0.164713 -0.227089 -0.696673 0.716503 -0.0356538
0.17274 0.695088 0.059248 0.263687 0.794766 -0.546642
0.5494 0.314388 0.18119 0.479905 0.335714 0.810548
0.577833 0.190532 0.183649 0.397429 0.426851 0.812311
0.21388 -0.358238 -0.202985 0.696673 -0.716503 0.0356539
0.340827 0.457596 0.159269 0.397429 0.426851 0.812311
0.659382 0.209638 0.127823 0.636158 0.639996 0.43094
0.40783 0.227461 -0.149302 0.597242 0.551745 -0.582134
-0.0828062 0.47184 -0.0752232 -0.696673 0.716503 -0.0356539
0.0295997 -0.0320958 -0.607901 -0.668803 -0.0580404 -0.741171
-0.289185 -0.355067 0.133587 -0.584289 -0.537878 0.607696
-0.34573 -0.193915 0.156291 -0.584289 -0.537878 0.607695
-0.373851 -0.313771 -0.218689 -0.397429 -0.426851 -0.812311
0.376064 -0.0326437 0.378795 -0.259444 -0.205398 0.943663
0.0858765 -0.473139 -0.34582 0.19255 -0.803204 -0.563727
-0.0139494 0.0120582 -0.565989 -0.397429 -0.426851 -0.812311
0.517009 0.253827 -0.0123 0.597242 0.551745 -0.582134
0.0740413 0.320808 0.360796 0.289484 0.326251 0.899866
0.253771 0.362892 0.251626 0.397429 0.426851 0.812311
-0.156041 0.406615 0.0450326 -0.696673 0.716503 -0.0356539
0.326074 0.36344 -0.1043 0.597242 0.551745 -0.582134
0.0849122 -0.0103762 0.182101 -0.597242 -0.551745 0.582134
-0.0314322 -0.317234 0.1749 0.397429 0.426851 0.812311
0.321903 -0.0758405 0.29475 -0.597242 -0.551745 0.582134
0.348246 0.168929 0.356378 0.397429 0.426851 0.812311
0.271382 0.471489 -0.0580024 0.597242 0.551745 -0.582134
0.0111598 -0.00308808 0.0960977 -0.907696 0.0529429 0.416276
0.411615 0.0234515 -0.338779 0.597242 0.551745 -0.582134
0.460828 -0.10375 0.0858736 0.696673 -0.716503 0.0356539
-0.330112 -0.403037 -0.242232 -0.397429 -0.426851 -0.812311
-0.298358 0.1683 0.0503581 0.397429 0.426851 0.812311
-0.24879 -0.439251 0.0979145 -0.584289 -0.537878 0.607696
-0.00700627 -0.0993861 0.0975256 0.397429 0.426851 0.812311
0.559427 -0.00159164 0.212236 0.696673 -0.716503 0.0356539
-0.489256 -0.130207 0.074682 -0.584289 -0.537878 0.607695
-0.166122 -0.202954 0.229737 0.344779 0.478708 0.807444
0.454521 -0.101984 0.244615 0.696673 -0.716503 0.0356539
-0.510994 0.055695 -0.0713406 -0.696673 0.716503 -0.0356538
0.276477 -0.298921 -0.234095 0.696673 -0.716503 0.0356539
0.171488 0.378836 -0.248305 0.597242 0.551745 -0.582134
-0.40842 0.143188 -0.317374 -0.696673 0.716503 -0.0356538
0.346546 0.0768056 0.358668 0.713671 -0.696795 0.071772
-0.269484 0.291443 -0.0528221 -0.696673 0.716503 -0.0356539
0.239798 0.537487 -0.0278532 0.597242 0.551745 -0.582134
-0.223368 0.0216684 0.0907198 0.397429 0.426851 0.812311
-0.606654 -0.118837 -0.207222 -0.397429 -0.426851 -0.812311
-0.496058 0.0468661 0.198425 -0.266818 0.23867 0.933726
0.480355 -0.0813491 0.154489 0.696673 -0.716503 0.0356539
0.217021 -0.117671 -0.610575 -0.321311 -0.356083 -0.877476
-0.0284275 -0.0281066 0.0352096 -0.556736 0.807647 0.194295
0.238791 0.2915 0.29647 0.397429 0.426851 0.812311
-0.296712 0.123967 -0.48645 -0.397429 -0.426851 -0.812311
-0.131268 0.236222 -0.62637 -0.382649 -0.413179 -0.826355
-0.352007 0.197523 -0.327766 -0.696673 0.716503 -0.0356538
-0.575889 -0.231657 -0.162932 -0.411893 -0.440195 -0.797855
0.248548 0.159116 0.410312 0.397429 0.426851 0.812311
0.224241 0.60505 0.0202222 0.597242 0.551745 -0.582134
-0.200997 0.34019 -0.41144 -0.696673 0.716503 -0.0356539
-0.033682 0.180697 0.173082 -0.597242 -0.551745 0.582134
-0.155907 0.340025 0.198696 -0.597242 -0.551745 0.582134
0.0597994 -0.494953 0.0602824 0.696673 -0.716503 0.0356539
-0.276362 -0.0773896 -0.390599 -0.397429 -0.426851 -0.812311
0.222453 -0.0646485 0.203327 -0.597242 -0.551745 0.582134
0.450064 0.273839 0.251435 0.397429 0.426851 0.812311
-0.0821938 -0.428638 -0.301024 -0.397429 -0.426851 -0.812311
0.0377731 0.0768444 -0.623209 -0.190031 -0.232239 -0.953915
-0.104579 -0.553906 0.0695211 -0.584289 -0.537878 0.607695
0.00372398 -0.457614 -0.327833 -0.397429 -0.426851 -0.812311
0.0230208 0.582781 0.0864166 -0.696673 0.716503 -0.0356539
-0.105473 0.442275 -0.226457 -0.696673 0.716503 -0.0356539
-0.176318 -0.308842 -0.366974 -0.397429 -0.426851 -0.812311
-0.384246 -0.0303355 0.196757 0.397429 0.426851 0.812311
0.427314 0.160003 -0.19325 0.597242 0.551745 -0.582134
0.386126 -0.178365 0.0460792 0.696673 -0.716503 0.0356539
0.040016 0.462815 -0.303594 0.597242 0.551745 -0.582134
0.52423 -0.047218 -0.0169164 0.696673 -0.716503 0.0356539
-0.553959 -0.127578 0.0147971 -0.584289 -0.537878 0.607695
-0.267748 -0.508178 0.0110926 -0.206048 -0.803769 0.558122
-0.327124 0.227206 -0.217453 -0.696673 0.716503 -0.0356539
0.0499333 -0.289453 0.120492 0.397429 0.426851 0.812311
-0.415539 -0.264122 0.0270302 -0.584289 -0.537878 0.607695
0.0435138 0.59069 -0.12583 -0.548875 0.819988 -0.162344
0.196114 0.649327 0.12932 0.397429 0.426851 0.812311
0.578093 0.267788 0.0636009 0.597242 0.551745 -0.582134
-0.222154 0.340945 0.0171452 -0.696673 0.716503 -0.0356539
0.375219 0.232676 0.309683 0.397429 0.426851 0.812311
0.375156 -0.130872 0.296116 -0.469346 -0.666116 0.579659
0.0298045 -0.136527 -0.558368 -0.397429 -0.426851 -0.812311
0.569252 -0.00721846 -0.0928116 0.696673 -0.716503 0.0356539
-0.428296 -0.111554 0.149803 -0.584289 -0.537878 0.607695
-0.238074 -0.565733 -0.0692995 -0.584289 -0.537878 0.607695
0.049923 0.531058 -0.22875 0.597242 0.551745 -0.582134
0.529312 -0.0494196 -0.160479 0.696673 -0.716503 0.0356539
-0.109155 -0.105001 -0.457897 -0.397429 -0.426851 -0.812311
-0.256071 0.285439 -0.435578 -0.696673 0.716503 -0.0356539
-0.0637721 -0.584259 -0.22738 -0.272488 -0.543049 -0.79426
0.450051 -0.119419 -0.418786 0.907284 -0.0502114 -0.41751
0.654849 0.120378 0.00557961 0.761409 0.340674 -0.551541
0.0168395 -0.387177 0.188036 0.397429 0.426851 0.812311
0.137796 0.577777 0.195451 0.397429 0.426851 0.812311
-0.0522659 -0.513453 -0.271098 -0.397429 -0.426851 -0.812311
-0.00491346 0.542654 -0.174141 -0.696673 0.716503 -0.0356539
-0.0723628 -0.236286 0.201439 0.397429 0.426851 0.812311
-0.556463 0.00614255 0.109097 -0.909167 0.191125 0.369982
-0.458352 -0.307135 -0.180833 -0.397429 -0.426851 -0.812311
-0.0421772 -0.242646 -0.467387 -0.397429 -0.426851 -0.812311
-0.379612 0.181183 -0.116736 -0.696673 0.716503 -0.0356539
0.269461 0.337081 -0.187364 0.597242 0.551745 -0.582134
-0.245136 0.290176 -0.552498 -0.724021 0.683159 -0.0953284
0.0533142 0.608194 0.00518467 -0.696673 0.716503 -0.0356539
0.141021 -0.127364 -0.616553 -0.234674 -0.573825 -0.784636
-0.388768 -0.211722 -0.265015 -0.397429 -0.426851 -0.812311
-0.288997 -0.51346 -0.204323 -0.397429 -0.426851 -0.812311
0.260788 0.190929 -0.334785 0.597242 0.551745 -0.582134
-0.250613 0.0482421 -0.469213 -0.397429 -0.426851 -0.812311
0.620485 0.187607 0.0310981 0.597242 0.551745 -0.582134
0.0957574 0.643495 0.164872 -0.267949 0.821352 0.503572
-0.287441 0.258545 -0.363074 -0.696673 0.716503 -0.0356539
-0.0729901 0.383561 -0.49465 0.597242 0.551745 -0.582134
0.24488 -0.0211742 -0.552137 0.597242 0.551745 -0.582134
0.216207 0.394059 -0.187997 0.597242 0.551745 -0.582134
0.119258 0.382581 0.307092 0.397429 0.426851 0.812311
-0.321597 -0.431746 0.0345544 -0.584289 -0.537878 0.607696
0.455131 0.326399 -0.00700132 0.597242 0.551745 -0.582134
0.197345 -0.366241 -0.0407413 0.696673 -0.716503 0.0356539
0.0344261 0.197367 0.258758 -0.597242 -0.551745 0.582134
0.178559 0.178473 -0.430955 0.597242 0.551745 -0.582134
0.0687446 -0.499396 -0.203784 0.696673 -0.716503 0.0356539
-0.248225 -0.307757 -0.332096 -0.479721 -0.335931 -0.810567
-0.0488121 0.309724 -0.539826 0.597242 0.551745 -0.582134
0.17905 0.512082 0.209788 0.397429 0.426851 0.812311
-0.143071 0.425164 0.164365 -0.696673 0.716503 -0.0356539
0.195805 0.102064 -0.485681 0.597242 0.551745 -0.582134
0.0894798 0.139252 -0.559519 0.597242 0.551745 -0.582134
0.259235 -0.326355 -0.448507 0.696673 -0.716503 0.0356539
-0.294182 -0.299309 -0.266214 -0.704469 0.707837 -0.0518657
0.423486 -0.156207 -0.238662 0.696673 -0.716503 0.0356539
-0.227991 0.127869 -0.522123 -0.397429 -0.426851 -0.812311
0.343114 -0.0941332 -0.520504 0.597242 0.551745 -0.582134
-0.54907 0.0160927 -0.123206 -0.696673 0.716503 -0.0356538
0.359197 -0.182212 0.209432 0.137422 -0.902927 0.407233
-0.0846687 -0.0881895 0.11027 -0.307574 0.827861 0.469088
-0.161389 0.0518397 -0.514757 -0.397429 -0.426851 -0.812311
-0.151186 -0.236187 -0.417448 -0.397429 -0.426851 -0.812311
-0.431846 -0.13061 -0.286561 -0.397429 -0.426851 -0.812311
0.421503 -0.162043 -0.317182 0.696673 -0.716503 0.0356539
0.422795 -0.0396513 -0.387117 0.597242 0.551745 -0.582134
0.187577 0.442124 0.242378 0.397429 0.426851 0.812311
-0.259551 0.253264 0.0156992 -0.486596 -0.219615 0.845573
-0.0288944 -0.45832 0.220794 -0.370111 -0.316593 0.873377
-0.209307 0.218214 -0.578739 -0.397429 -0.426851 -0.812311
-0.313776 -0.190659 -0.312773 -0.397429 -0.426851 -0.812311
0.447429 0.260843 -0.0770366 0.597242 0.551745 -0.582134
0.373825 0.0904696 -0.31403 0.597242 0.551745 -0.582134
0.00873239 0.561812 -0.0557846 -0.696673 0.716503 -0.0356539
0.118923 0.0656557 0.289057 -0.597242 -0.551745 0.582134
-0.50297 0.0723545 0.106651 -0.696673 0.716503 -0.0356538
0.410537 -0.13513 -0.489167 0.707555 0.421126 -0.567468
0.127544 -0.230001 -0.508019 -0.397429 -0.426851 -0.812311
0.58619 0.0155706 0.0341835 0.696673 -0.716503 0.0356539
-0.121274 0.185233 0.0875162 -0.597242 -0.551745 0.582134
0.237467 0.567897 0.151878 0.397429 0.426851 0.812311
0.200453 0.233524 -0.356314 0.597242 0.551745 -0.582134
0.335505 0.416881 -0.0439725 0.597242 0.551745 -0.582134
0.372443 -0.218808 -0.499309 0.696673 -0.716503 0.0356539
-0.133521 0.153024 -0.581562 -0.397429 -0.426851 -0.812311
0.435877 0.0692905 0.316811 0.397429 0.426851 0.812311
0.222439 -0.250688 -0.543576 -0.397429 -0.426851 -0.812311
-0.075544 0.493141 0.210943 -0.696673 0.716503 -0.0356539
0.0777245 0.0828108 0.218981 -0.863348 0.473886 0.173383
-0.601943 -0.037213 -0.161311 -0.696673 0.716503 -0.0356538
0.348701 -0.228199 -0.22412 0.696673 -0.716503 0.0356539
-0.463705 0.0919287 -0.267228 -0.696673 0.716503 -0.0356538
0.297883 -0.236525 0.106217 -0.0871461 -0.863666 0.496474
0.175683 -0.403365 -0.363507 0.696673 -0.716503 0.0356539
-0.346059 -0.359335 0.0651139 -0.867356 -0.0678461 0.493041
0.0283714 0.139556 0.197753 -0.597242 -0.551745 0.582134
0.189896 0.500902 -0.113725 0.597242 0.551745 -0.582134
0.120894 -0.282558 0.0821514 0.397429 0.426851 0.812311
0.140445 -0.416264 0.0658213 0.696673 -0.716503 0.0356539
-0.183072 0.25326 0.0885905 -0.597242 -0.551745 0.582134
-0.401661 0.142419 -0.41079 -0.786175 0.546439 -0.288676
-0.525364 -0.100731 -0.256508 -0.397429 -0.426851 -0.812311
0.137778 0.146658 0.343369 -0.877821 0.434781 0.200988
-0.615477 -0.0934329 -0.0144256 -0.633958 -0.483709 0.603426
0.171077 0.581977 -0.0561907 0.597242 0.551745 -0.582134
-0.507262 -0.182523 -0.222384 -0.397429 -0.426851 -0.812311
0.237174 -0.331102 -0.112826 0.696673 -0.716503 0.0356539
0.241611 -0.188375 -0.5857 -0.397429 -0.426851 -0.812311
0.0320263 -0.212102 -0.519742 -0.397429 -0.426851 -0.812311
-0.185587 -0.450105 -0.278399 0.115532 -0.777408 -0.618295
-0.192892 0.289301 -0.623676 -0.479728 -0.335922 -0.810566
0.0705141 -0.0609314 0.119413 -0.597242 -0.551745 0.582134
0.534637 0.0175962 -0.218114 0.597242 0.551745 -0.582134
-0.148004 0.407581 -0.0926172 -0.696673 0.716503 -0.0356539
-0.151966 0.0662517 0.0323583 0.397429 0.426851 0.812311
-0.00671415 -0.224 0.162783 0.439605 0.381886 0.812964
-0.459802 0.100381 -0.173629 -0.696673 0.716503 -0.0356538
-0.446896 0.125546 0.0799051 -0.696673 0.716503 -0.0356539
-0.131346 -0.664989 -0.145256 0.0369448 -0.743952 -0.667212
-0.274736 -0.213614 0.204801 -0.450385 -0.398177 0.79913
-0.16464 0.382311 -0.275364 -0.696673 0.716503 -0.0356539
-0.149809 -0.50652 -0.227018 -0.397429 -0.426851 -0.812311
-0.146285 -0.00844943 0.0688329 0.397429 0.426851 0.812311
-0.563671 0.00861495 0.0118277 -0.696673 0.716503 -0.0356538
-0.0908329 0.0319869 -0.538845 -0.397429 -0.426851 -0.812311
-0.0346533 0.504241 -0.296112 -0.435061 0.867057 -0.242762
0.134945 0.25093 -0.407026 0.597242 0.551745 -0.582134
-0.0525569 0.505954 0.019285 -0.696673 0.716503 -0.0356539
0.605137 0.0384936 0.124622 0.696673 -0.716503 0.0356539
0.00979323 0.366628 0.361616 0.0162493 0.0654473 0.997724
0.0641841 -0.21697 0.075432 0.397429 0.426851 0.812311
0.475898 -0.0201128 0.344209 0.397429 0.426851 0.812311
-0.593726 -0.0244161 -0.0647012 -0.696673 0.716503 -0.0356538
-0.315412 -0.0162947 0.155702 0.397429 0.426851 0.812311
-0.0890505 -0.345011 -0.388404 -0.158769 -0.630107 -0.760104
0.159024 0.323531 -0.31351 0.597242 0.551745 -0.582134
