ply
format ascii 1.0
comment Created by Open3D
element vertex 400
property double x
property double y
property double z
property double nx
property double ny
property double nz
end_header
-0.504816 0.1679 0.155479 -0.990806 -0.0924791 0.0987442
0.478149 0.31717 0.0312433 0.990806 0.0924797 -0.0987444
0.269648 0.147395 0.0642435 -0.745244 0.665919 0.0341087
0.498574 0.11657 0.0483142 0.990806 0.092479 -0.0987444
0.437019 -0.0611513 -0.156051 -0.990806 -0.0924791 0.0987435
0.504424 -0.0251705 -0.0257358 0.990806 0.092479 -0.0987444
0.222518 0.177576 0.105316 0.0940046 0.0542849 0.994091
-0.428512 -0.257754 -0.057259 0.990806 0.092479 -0.0987444
0.503076 -0.0958729 -0.105481 0.990806 0.0924791 -0.0987442
-0.256254 0.0150044 0.0212638 -0.0940047 -0.0542849 -0.994091
-0.438467 -0.0145698 0.178314 0.0940047 0.0542849 0.994091
0.201633 0.248974 -0.0526755 0.808627 0.052554 -0.585969
0.0299992 0.28014 -0.0795864 -0.403172 0.915048 -0.0118436
-0.516029 0.159715 0.0353011 -0.990806 -0.0924791 0.0987442
-0.443067 -0.0765258 -0.0335715 0.990806 0.0924778 -0.0987523
-0.332485 -0.091968 0.114933 -0.0940047 -0.0542849 -0.994091
0.350764 0.271218 0.0880751 0.0940047 0.0542849 0.994091
0.135746 0.285946 -0.176024 -0.0940047 -0.0542849 -0.994091
0.42779 0.163094 0.0291105 -0.0940047 -0.0542849 -0.994091
-0.334565 0.0900783 0.0285285 -0.990806 -0.092479 0.0987442
-0.324464 0.0106854 0.0279498 -0.0940047 -0.0542849 -0.994091
-0.437236 0.0824561 0.172899 0.0940046 0.0542848 0.994091
-0.43115 -0.135162 0.0310836 0.990806 0.092479 -0.098744
-0.282804 0.098241 0.0706676 0.809429 0.57719 -0.108061
0.247773 -0.134605 0.0717781 -0.990806 -0.092479 0.0987442
0.330746 -0.0450139 -0.0246443 0.990806 0.092479 -0.0987442
0.231538 0.0777792 0.107789 -0.990806 -0.092479 0.0987441
-0.2022 -0.152667 0.163513 0.0940046 0.0542849 0.994091
0.212935 0.299606 -0.0422369 0.356426 -0.00749496 -0.934293
-0.280083 -0.145877 0.182024 0.0940047 0.0542849 0.994091
-0.5081 0.0288978 -0.007658 -0.990806 -0.092479 0.0987442
0.0381875 0.212279 -0.099604 0.0940033 0.0542858 0.994091
0.390069 -0.0998278 0.10462 0.0940046 0.0542849 0.994091
-0.4604 -0.259571 0.200797 -0.990806 -0.092479 0.0987436
-0.19552 -0.216042 0.124129 0.990806 0.092479 -0.0987441
0.424211 0.140953 -0.0952836 -0.990806 -0.092479 0.0987441
0.192459 0.228443 -0.0987385 0.982298 0.0886403 -0.165024
0.451781 -0.126847 -0.0694555 -0.990806 -0.092479 0.0987442
-0.414501 -0.262089 0.0792673 0.990806 0.092479 -0.098744
-0.456503 0.177841 0.0698345 0.990806 0.092479 -0.0987442
0.486591 0.177281 -0.015067 0.990806 0.0924791 -0.0987442
0.22832 0.0502038 0.0496687 -0.990806 -0.092479 0.0987442
-0.369054 -0.0554078 0.17398 0.0940046 0.0542848 0.994091
0.493765 -0.0570129 -0.162513 0.990806 0.0924789 -0.0987456
-0.342538 0.0924555 0.105813 -0.0940047 -0.0542849 -0.994091
0.233564 -0.0112515 0.0447358 -0.990806 -0.092479 0.0987442
-0.187654 -0.268344 0.154077 0.990806 0.092479 -0.0987441
0.207214 0.197029 -0.0246014 -0.990806 -0.092479 0.0987442
-0.107104 0.186456 -0.101027 0.0972928 -0.994234 0.0450924
0.263681 0.225082 0.0988293 0.0940047 0.0542849 0.994091
-0.390018 -0.240798 0.128501 -0.0940047 -0.0542849 -0.994091
0.467012 -0.17773 0.0357139 -0.990806 -0.092479 0.0987442
-0.258115 0.262969 0.134511 -0.0972928 0.994234 -0.0450925
0.235176 -0.0916809 -0.0144153 -0.990806 -0.092479 0.0987442
0.490178 0.126428 -0.0267066 0.990806 0.0924791 -0.0987442
0.261558 0.142039 -0.0346394 -0.0940079 -0.0542851 -0.99409
-0.403731 0.203369 0.163128 0.0940047 0.0542848 0.994091
0.509575 0.0324395 0.0799007 0.990806 0.092479 -0.0987444
-0.306302 0.222659 0.152861 0.0940047 0.0542848 0.994091
0.173103 0.212296 -0.166247 0.608107 0.0235189 -0.793507
0.528786 -0.164354 0.0883667 0.990806 0.0924785 -0.0987439
0.470149 0.25625 -0.106089 0.990806 0.0924791 -0.0987442
-0.287685 0.034669 0.172883 0.0940047 0.0542849 0.994091
0.514203 -0.0985048 0.00370632 0.990806 0.092479 -0.0987444
-0.471241 0.231329 -0.0279572 0.990806 0.0924794 -0.0987442
-0.373534 0.25251 0.152953 -0.0972929 0.994234 -0.0450923
0.430646 0.142186 -0.0295628 -0.990806 -0.092479 0.0987441
0.485361 0.285511 0.0739559 0.990806 0.092479 -0.0987444
0.28797 0.0689918 0.105056 0.0940042 0.0542849 0.994091
-0.455803 0.218813 0.109623 -0.0940047 -0.0542849 -0.994091
0.310476 0.124697 -0.0383182 -0.0940047 -0.0542849 -0.994091
0.43624 0.0270601 -0.0812512 -0.990806 -0.092479 0.0987441
0.371283 0.196525 0.0326284 -0.0940047 -0.0542849 -0.994091
0.310474 -0.113504 0.112894 0.0940051 0.0542849 0.994091
-0.44337 0.24581 0.1559 -0.0972929 0.994234 -0.0450923
-0.147834 0.263361 -0.0947731 -0.0972932 0.994234 -0.0450926
0.246179 0.223088 -0.037611 -0.0940046 -0.0542849 -0.994091
0.509718 -0.104839 -0.0472306 0.990806 0.092479 -0.0987444
-0.214637 -0.0601903 0.0782755 0.990806 0.092479 -0.0987441
0.3073 0.191283 -0.0386008 0.990806 0.092479 -0.0987442
0.425869 0.232849 0.025483 -0.0940047 -0.0542849 -0.994091
0.520797 -0.109077 0.0599744 0.990806 0.092479 -0.0987444
0.497573 -0.122109 -0.163278 -0.0940047 -0.0542849 -0.994091
-0.193751 -0.29676 0.0953943 0.0972929 -0.994234 0.0450923
0.220846 0.297933 0.0989017 0.0940047 0.0542849 0.994091
0.260687 -0.236061 0.106344 -0.990806 -0.092479 0.0987442
-0.307222 -0.180073 0.0498787 -0.990806 -0.092479 0.0987442
-0.395233 -0.182897 0.183417 0.0940047 0.0542849 0.994091
0.418753 0.326222 0.068736 -0.0972929 0.994234 -0.0450925
0.374665 -0.167573 0.0521911 -0.0940047 -0.0542849 -0.994091
-0.440432 -0.0328198 0.033795 0.990806 0.092479 -0.0987442
-0.251748 0.0958529 0.110079 -0.599671 0.800141 0.0130131
-0.26805 0.257824 0.0425241 -0.0972928 0.994234 -0.045092
0.372628 0.31995 0.0299767 -0.0972926 0.994234 -0.0450916
0.467894 -0.220148 0.00484147 -0.990806 -0.0924919 0.0987398
-0.345351 0.25345 0.112868 -0.0972929 0.994234 -0.0450923
-0.166813 0.198642 -0.00901803 0.725699 0.101875 0.680428
-0.47712 -0.322487 -0.0258971 -0.990806 -0.092479 0.0987441
-0.469013 0.0730919 -0.0825335 -0.0940047 -0.0542849 -0.994091
-0.509869 0.154268 0.0920087 -0.990806 -0.0924791 0.0987442
-0.350169 0.094602 0.170722 -0.0972928 0.994234 -0.0450924
-0.235937 0.253543 -0.121164 -0.0972942 0.994234 -0.0450907
0.415509 0.221469 -0.107198 -0.990807 -0.0924789 0.0987413
0.364757 0.116394 0.0376213 -0.0940047 -0.0542849 -0.994091
-0.303298 -0.157501 0.110393 -0.990806 -0.092479 0.0987442
0.213447 0.141576 -0.0139874 -0.990806 -0.092479 0.0987442
0.297877 -0.051602 0.110705 0.0940101 0.0542852 0.99409
-0.293289 -0.280149 0.0959588 -0.990806 -0.092479 0.0987442
-0.515121 0.0920886 -0.0189268 -0.990806 -0.092479 0.0987442
-0.512837 0.234359 0.0532998 -0.0972929 0.994234 -0.0450923
0.406829 -0.0662408 0.043616 -0.0940047 -0.0542849 -0.994091
0.518331 -0.184715 -0.0356084 0.990808 0.0924661 -0.0987424
-0.317293 -0.0359974 0.0837575 -0.990806 -0.092479 0.0987442
-0.315888 -0.244863 0.190815 0.0940047 0.0542849 0.994091
0.423205 -0.0371766 0.0980655 0.0940046 0.0542849 0.994091
0.473256 -0.23293 0.0636147 0.0972928 -0.994234 0.0450924
-0.480576 0.216697 -0.089282 -0.0940047 -0.0542849 -0.994091
0.239835 -0.0732133 0.0496318 -0.990806 -0.092479 0.0987442
-0.151655 0.180588 -0.134275 0.0972928 -0.994234 0.0450922
-0.384566 -0.0193283 0.115891 -0.0940047 -0.0542849 -0.994091
0.509787 -0.148253 -0.0871965 0.990806 0.092479 -0.0987444
0.524686 -0.182185 0.0305227 0.990806 0.0924795 -0.0987441
0.22595 0.0738574 -0.0275489 -0.094006 -0.0542851 -0.994091
-0.228789 -0.0873722 0.0242571 -0.0940048 -0.0542849 -0.994091
-0.199857 0.255599 0.0176968 0.725699 0.101875 0.680428
0.0227322 0.230677 -0.0440348 -0.990806 -0.092479 0.0987442
0.401876 0.0317883 0.0963163 0.0940046 0.0542849 0.994091
0.496308 0.0528 -0.0341465 0.990806 0.0924791 -0.0987442
-0.0911816 0.253483 -0.0896205 0.094006 0.0542831 0.994091
-0.234331 0.182553 0.148245 0.0940022 0.0542848 0.994091
0.152579 0.24806 -0.12237 -0.87756 -0.0643262 0.475133
-0.214878 0.0108422 0.155783 0.0940046 0.0542849 0.994091
-0.448611 -0.00395515 -0.0212386 0.990806 0.0924786 -0.0987497
-0.329958 -0.300676 0.183676 0.0940047 0.0542847 0.994091
-0.336725 -0.177937 0.177614 0.0940047 0.0542849 0.994091
0.448256 0.0130113 0.0261605 -0.990806 -0.092479 0.0987442
-0.466387 -0.260859 0.139521 -0.990806 -0.092479 0.0987442
-0.239284 -0.299269 0.138301 0.0972929 -0.994234 0.0450923
-0.221775 -0.0399766 0.0255831 0.990806 0.092479 -0.0987441
0.430376 -0.235121 0.107811 0.0972928 -0.994234 0.0450924
-0.469727 -0.319681 0.0509198 -0.990806 -0.092479 0.0987441
0.426194 0.204763 -0.0156283 -0.990806 -0.092479 0.0987441
-0.480383 -0.186127 0.0690729 -0.990806 -0.092479 0.0987442
-0.466012 -0.214032 -0.0671381 -0.0940046 -0.0542849 -0.994091
-0.342781 0.171171 0.0220382 -0.990806 -0.092479 0.0987442
-0.503339 0.0313167 0.0423746 -0.990806 -0.0924759 0.09875
0.306748 0.122208 0.111891 0.0940048 0.0542849 0.994091
0.466954 0.00385852 0.0916876 0.0940047 0.0542849 0.994091
0.387293 0.0700687 0.0380199 -0.0940047 -0.0542849 -0.994091
-0.311157 -0.119251 0.0673559 -0.990806 -0.092479 0.0987442
-0.527124 0.154551 -0.0808706 -0.990806 -0.0924791 0.0987435
0.427223 0.0478107 -0.152297 -0.990805 -0.0924775 0.0987583
-0.249864 -0.261813 0.17398 0.0940026 0.0542925 0.99409
0.518278 -0.230333 0.023723 0.0972928 -0.994234 0.0450924
0.342636 -0.0968539 0.0461081 0.990806 0.092479 -0.0987442
0.244538 0.131379 0.105756 0.0940105 0.0542857 0.99409
0.21245 0.207593 0.0378381 -0.990806 -0.092479 0.0987442
-0.217241 -0.21694 0.168445 0.0939993 0.0542847 0.994091
0.459879 -0.16337 -0.0224059 -0.990806 -0.092479 0.0987442
0.481103 -0.197888 0.101366 0.0940047 0.0542849 0.994091
-0.391413 0.214776 0.103755 -0.0940047 -0.0542849 -0.994091
0.502144 -0.0504583 -0.0722946 0.990806 0.0924791 -0.0987442
-0.4683 0.139654 -0.0842993 0.990806 0.092479 -0.0987444
-0.26258 -0.0912037 0.165866 0.0940056 0.054285 0.994091
0.207255 0.272852 0.0471482 -0.988153 -0.0910959 0.123515
-0.293426 0.206843 0.0143031 -0.0940047 -0.0542849 -0.994091
-0.41757 -0.209641 0.0975938 0.990806 0.092479 -0.098744
0.292012 -0.0879161 -0.0249619 -0.0940016 -0.0542849 -0.994091
0.448447 -0.0553141 -0.0359128 -0.990806 -0.092479 0.0987442
-0.46037 -0.321206 0.131643 0.0972928 -0.994234 0.0450923
-0.407701 0.0579198 0.113861 -0.0940047 -0.0542849 -0.994091
0.522843 -0.227198 0.0829905 0.0972928 -0.994234 0.0450924
0.118107 0.206565 -0.143559 0.0972928 -0.994234 0.0450926
0.353353 -0.225731 0.0329412 0.990806 0.092479 -0.0987442
-0.517876 0.211453 -0.0357551 0.0821945 -0.991219 -0.103582
0.0396639 0.272574 -0.166207 -0.0940047 -0.0542849 -0.994091
0.374382 -0.240202 0.113769 0.0940047 0.0542849 0.994091
0.0859083 0.286249 -0.0944523 -0.0972929 0.994234 -0.0450966
0.459653 -0.127476 0.00893863 -0.990806 -0.092479 0.0987442
0.458743 -0.227689 -0.0940462 -0.990806 -0.0924788 0.0987441
-0.254952 0.169907 0.0126819 -0.0940047 -0.0542849 -0.994091
-0.237104 0.129229 0.15142 0.0940043 0.0542849 0.994091
0.460252 0.261583 -0.180701 -0.0940047 -0.0542849 -0.994091
-0.514895 0.158015 -0.0276811 -0.123577 0.915704 -0.38238
-0.481359 -0.219061 0.0284343 -0.990806 -0.092479 0.0987442
0.462199 -0.213207 -0.0457971 -0.990807 -0.0924707 0.0987461
-0.282766 -0.245833 0.0380145 -0.0940047 -0.0542849 -0.994091
0.474515 0.0604247 -0.171065 -0.0940047 -0.0542849 -0.994091
0.225717 0.021282 -0.00352933 -0.990806 -0.092479 0.0987442
0.4559 0.320996 -0.126629 -0.0972927 0.994234 -0.0450924
0.251404 -0.192343 0.0541398 -0.990806 -0.092479 0.0987442
0.42393 0.106195 -0.130662 -0.990806 -0.092479 0.0987473
-0.477969 -0.158 -0.0690672 -0.0940046 -0.0542849 -0.994091
-0.455532 0.0964638 0.00336429 0.990806 0.092479 -0.0987442
0.509784 -0.220245 -0.154654 0.990806 0.0924789 -0.0987456
0.40222 0.298294 -0.168584 -0.990806 -0.0924766 0.0987488
0.137509 0.292871 -0.0597923 -0.0972892 0.994234 -0.045095
0.4913 0.0153169 -0.119505 0.990805 0.0924778 -0.0987575
-0.447005 0.137951 0.170792 0.0940046 0.0542848 0.994091
-0.467353 -0.2014 0.185515 -0.990806 -0.092479 0.0987442
-0.456097 -0.0279752 -0.0782358 -0.0940047 -0.0542849 -0.994091
0.483171 0.158452 -0.0670224 0.990806 0.0924791 -0.0987442
0.214381 0.236228 0.0840232 -0.990806 -0.092479 0.0987441
0.47783 0.127756 -0.149356 0.990806 0.0924789 -0.0987442
-0.423658 -0.152575 0.0899522 0.990806 0.092479 -0.098744
0.47061 0.186806 -0.166501 0.990803 0.0924739 -0.0987812
0.226318 0.304537 0.00581988 -0.0972955 0.994233 -0.0450958
0.430423 0.324923 0.0149323 -0.0972931 0.994234 -0.0450923
-0.473049 -0.198523 0.131053 -0.990806 -0.092479 0.0987442
0.239149 -0.0104331 0.101543 -0.990806 -0.092479 0.0987441
-0.222473 0.00474136 0.0604603 0.990806 0.092479 -0.0987441
0.260255 0.309766 0.0478893 -0.0972928 0.994234 -0.0450919
-0.420332 -0.232525 0.200018 0.0940046 0.0542851 0.994091
-0.485204 0.0198992 0.180851 0.0940047 0.0542849 0.994091
-0.219819 0.0702508 0.148443 0.990806 0.092479 -0.0987441
0.387369 0.101034 0.0939068 0.0940046 0.0542849 0.994091
0.316634 0.316846 0.0888109 0.0940047 0.0542849 0.994091
0.342053 0.0475386 0.11263 0.0940048 0.0542849 0.994091
-0.477643 -0.270727 0.0173323 -0.990806 -0.0924869 0.0987445
0.323295 0.0625763 0.0013573 0.990806 0.092479 -0.0987442
0.244744 -0.187896 -0.00852513 -0.990806 -0.092479 0.0987442
-0.397039 0.0369494 0.171583 0.0940046 0.0542848 0.994091
0.486348 0.0774669 -0.110987 0.990806 0.092479 -0.0987443
0.277918 0.308289 -0.0227918 -0.0972929 0.994234 -0.0450924
-0.318235 -0.0700971 0.0423734 -0.990806 -0.092479 0.0987442
0.414824 0.309974 -0.0311805 -0.990807 -0.0924757 0.0987434
-0.222993 -0.259506 0.0346441 -0.711426 0.702165 0.0289315
-0.29175 0.0657259 0.0218506 -0.0940047 -0.0542849 -0.994091
0.497279 0.163075 0.0788681 0.990806 0.092479 -0.0987444
-0.341334 -0.253029 0.124565 -0.0940047 -0.0542849 -0.994091
-0.252084 -0.303841 0.0651311 0.097293 -0.994234 0.0450924
-0.428893 -0.140753 0.184299 0.0940047 0.0542849 0.994091
-0.468801 0.0193821 -0.0796205 -0.0940047 -0.0542849 -0.994091
0.422077 0.216228 -0.174614 -0.0940047 -0.0542849 -0.994091
-0.248501 -0.2418 0.121786 0.995306 0.0179449 -0.0950995
-0.444684 0.0489619 0.067721 0.990806 0.092479 -0.098744
-0.236592 0.202895 0.104362 0.990806 0.0924791 -0.0987442
-0.510282 0.23952 0.161591 -0.0972929 0.994234 -0.0450923
0.430503 0.138414 -0.171162 -0.0940048 -0.0542849 -0.994091
-0.08255 0.213046 -0.143975 0.990806 0.092479 -0.0987442
0.438422 -0.0277365 -0.110675 -0.990807 -0.0924788 0.0987341
-0.507167 0.0923143 0.0610919 -0.990806 -0.0924791 0.0987442
0.49275 -0.131313 0.108147 0.0940046 0.054285 0.994091
0.0771185 0.222426 -0.167011 -0.0940032 -0.0542769 -0.994091
0.454054 0.121505 0.0864831 0.0940047 0.0542849 0.994091
0.48714 0.214795 0.0255714 0.990806 0.0924791 -0.0987442
-0.135493 0.242699 -0.0413068 0.711419 -0.702173 -0.0289303
-0.191473 0.208519 -0.109138 0.266775 0.0697015 0.961235
-0.418902 -0.0956677 0.123307 -0.0940047 -0.0542849 -0.994091
0.438834 0.10108 0.0141027 -0.990806 -0.092479 0.0987442
-0.442675 -0.115998 -0.0666088 0.990806 0.092479 -0.0987444
0.220579 0.109368 0.0274117 -0.990806 -0.092479 0.0987442
-0.356409 0.0263699 0.110733 -0.0940047 -0.0542849 -0.994091
-0.337997 0.250469 0.0312792 -0.0972929 0.994234 -0.0450924
-0.514747 0.0435491 -0.0606358 -0.990806 -0.0924791 0.0987435
-0.250675 0.254548 -0.0672091 -0.0972929 0.994234 -0.0450925
-0.436447 -0.0830405 0.0267535 0.990806 0.092479 -0.0987442
0.502407 0.0535566 0.0277592 0.990806 0.092479 -0.0987444
-0.465124 0.22276 0.025402 0.990804 0.0924992 -0.0987488
0.308022 -0.194208 0.0686292 -0.995214 0.0318891 0.0923696
-0.291768 0.257608 0.0889397 -0.0972921 0.994234 -0.045088
-0.427429 -0.182385 0.0241929 0.990806 0.092479 -0.098744
-0.395636 0.109369 0.10991 -0.0940047 -0.0542849 -0.994091
0.305786 -0.248759 0.0759279 0.0972928 -0.994234 0.0450924
0.29772 0.00711765 0.107513 0.0940051 0.0542849 0.994091
0.371212 0.221574 0.0888523 0.0940046 0.054285 0.994091
0.49667 0.0110225 -0.0696391 0.990806 0.0924791 -0.0987442
0.465508 0.00658526 -0.167273 -0.0940047 -0.0542849 -0.994091
-0.406204 -0.315494 0.140731 0.0972929 -0.994234 0.0450922
-0.0744674 0.204151 -0.0372325 0.910042 -0.409594 -0.0636897
-0.436635 -0.133905 -0.0227743 0.990805 0.0924764 -0.0987628
-0.444969 -0.317194 0.18688 0.0972929 -0.994234 0.0450922
0.0123816 0.254266 -0.122436 -0.990806 -0.092479 0.0987442
0.319787 -0.176262 0.12447 -0.990806 -0.092479 0.0987439
0.505435 0.00508616 0.0127464 0.990806 0.092479 -0.0987444
0.140191 0.258339 -0.0243067 -0.584663 -0.0204305 0.811019
-0.472666 -0.257657 0.0795155 -0.990806 -0.092479 0.0987442
-0.108543 0.26486 -0.144476 -0.0241452 0.998343 -0.0522341
-0.249354 0.223248 -0.0171034 -0.985221 -0.102631 -0.137138
0.0795027 0.27881 -0.0442638 0.0940047 0.0542849 0.994091
0.359813 0.1545 0.0995483 0.990806 0.092479 -0.0987438
0.440211 0.0472414 -0.0225035 -0.990806 -0.092479 0.0987442
-0.43244 -0.187912 -0.0312592 0.990806 0.0924787 -0.0987459
-0.512636 0.205984 0.112676 -0.990806 -0.0924791 0.0987442
-0.133598 0.185711 -0.060292 0.0972929 -0.994234 0.0450923
-0.241001 0.084093 0.0160486 -0.0940046 -0.0542849 -0.994091
0.313928 0.209494 0.0949289 0.0940077 0.0542807 0.994091
0.3849 0.00728428 0.0416748 -0.0940047 -0.0542849 -0.994091
0.33556 -0.0238507 0.0434794 0.990806 0.092479 -0.0987442
-0.497291 0.100923 0.168251 -0.990806 -0.0924791 0.0987442
0.0772266 0.237851 -0.112972 -0.926079 0.371279 0.0672986
-0.463765 0.171912 -0.00858831 0.990806 0.092479 -0.0987442
0.260891 -0.244845 -0.0134494 -0.0940029 -0.0542862 -0.994091
0.311745 0.208912 0.0225168 0.990806 0.092479 -0.0987442
0.417304 0.261311 -0.0518718 -0.990806 -0.092479 0.0987441
-0.221781 0.0394531 0.0999129 0.990806 0.092479 -0.0987442
-0.495394 -0.0994365 -0.000355482 -0.990806 -0.092479 0.0987442
-0.269277 -0.202462 0.184092 0.0940047 0.0542849 0.994091
0.510496 -0.234518 -0.0517654 0.0972928 -0.994234 0.0450924
-0.434938 -0.0381057 0.0839778 0.990806 0.092479 -0.098744
-0.0850844 0.266596 -0.0354253 0.573494 0.813249 -0.0986411
-0.485491 -0.228916 -0.0222579 -0.990805 -0.0924778 0.0987555
-0.499267 0.0662222 0.11593 -0.990806 -0.0924791 0.0987442
0.410455 0.282118 -0.10523 -0.0519607 -0.413771 -0.908897
0.472118 0.319274 -0.0273084 0.990806 0.0924781 -0.0987441
0.477097 0.22803 -0.0628043 0.990806 0.0924791 -0.0987442
-0.33949 0.198112 0.0802888 -0.990806 -0.092479 0.0987442
-0.367815 -0.225581 0.194672 0.0940047 0.0542849 0.994091
-0.22914 0.0850791 0.0688003 0.990806 0.092479 -0.0987442
0.457267 -0.240785 -0.152986 -0.0940048 -0.0542849 -0.994091
-0.483127 -0.264714 -0.0627521 -0.0940046 -0.0542849 -0.994091
0.0313257 0.201478 -0.161537 -0.0940069 -0.0542833 -0.994091
-0.501755 -0.0982254 -0.0630471 -0.990806 -0.0924791 0.0987435
-0.335899 0.140985 0.0628228 -0.990806 -0.092479 0.0987442
-0.356135 -0.310534 0.142049 0.0972929 -0.994234 0.0450922
-0.504619 -0.025675 -0.0238425 -0.990806 -0.092479 0.0987442
0.471983 0.282567 -0.0630432 0.990806 0.0924796 -0.0987444
0.181972 0.251114 0.00563129 -0.584663 -0.0204306 0.811019
0.316063 0.149572 0.0102663 0.990806 0.092479 -0.0987442
0.255547 -0.180855 0.106472 -0.990806 -0.092479 0.0987442
0.440455 0.322077 -0.0694767 -0.0972927 0.994234 -0.0450924
-0.455697 0.0556085 -0.036554 0.990807 0.0924803 -0.0987319
0.299185 0.24861 -0.0440171 -0.0940047 -0.0542849 -0.994091
0.247797 -0.0918184 0.112093 -0.990806 -0.092479 0.0987441
0.514097 -0.0545732 0.0437899 0.990806 0.092479 -0.0987444
-0.202127 -0.170203 0.100767 0.990806 0.092479 -0.0987441
0.309273 0.280345 0.0339151 -0.0940047 -0.0542849 -0.994091
0.410761 -0.163548 0.11766 0.0940046 0.054285 0.994091
0.340802 -0.230193 -0.0218063 -0.0940047 -0.0542849 -0.994091
0.0966851 0.208628 -0.0518647 0.097293 -0.994234 0.0450927
0.234484 -0.0321651 -0.0225663 -0.0940046 -0.0542849 -0.994091
-0.424183 -0.244266 -0.00118486 0.990807 0.0924781 -0.0987398
-0.301064 0.129704 0.0192378 -0.0940074 -0.054286 -0.99409
-0.168894 0.245929 -0.14503 -0.0940047 -0.0542851 -0.994091
-0.386106 -0.289714 0.188387 0.0940046 0.054285 0.994091
0.303792 -0.164779 -0.0218786 -0.0940047 -0.0542849 -0.994091
-0.209965 -0.116514 0.0723993 0.990806 0.092479 -0.0987441
0.242014 -0.128526 0.0196875 -0.990806 -0.092479 0.0987442
-0.265546 -0.140466 0.0306323 -0.094005 -0.054285 -0.994091
-0.349631 0.0364928 0.178642 0.0940047 0.0542849 0.994091
-0.425377 -0.0777051 0.180524 0.0940047 0.0542849 0.994091
-0.248319 0.191654 -0.107307 -0.985218 -0.102631 -0.137156
-0.275589 -0.047126 0.026485 -0.0940047 -0.0542849 -0.994091
-0.488184 -0.088253 0.0824607 -0.990806 -0.092479 0.0987442
-0.446938 0.096449 0.0895869 0.990806 0.092479 -0.098744
0.291985 0.0189707 -0.0307962 -0.0940034 -0.0542849 -0.994091
-0.353995 0.179937 0.159704 0.0940047 0.0542848 0.994091
0.0910233 0.284332 -0.147764 -0.0972928 0.994234 -0.045092
-0.478589 -0.11337 0.155215 -0.990806 -0.0924791 0.0987442
0.430933 0.0942925 -0.0715348 -0.990806 -0.092479 0.0987441
-0.49351 0.009667 0.12073 -0.990806 -0.0924791 0.0987442
-0.327337 0.0489938 0.0625788 -0.990806 -0.092479 0.0987442
-0.48187 -0.0506026 0.181078 -0.990806 -0.0924791 0.0987442
-0.210902 0.178768 -0.0597992 0.897924 0.0681465 -0.434843
-0.456266 0.13654 0.0335327 0.990806 0.092479 -0.0987442
0.442873 0.204466 0.0830101 0.0940047 0.0542849 0.994091
-0.300435 0.148101 0.156378 0.0940047 0.0542848 0.994091
-0.210217 -0.0489579 0.133142 0.990806 0.092479 -0.0987441
0.489046 0.0814919 0.0853591 0.0940047 0.0542849 0.994091
-0.280302 -0.302047 0.165551 0.0972929 -0.994234 0.0450922
-0.199479 -0.228444 0.072795 0.990806 0.092479 -0.0987441
-0.320985 -0.0218362 0.179118 0.0940047 0.0542849 0.994091
-0.362891 -0.169502 0.122042 -0.0940047 -0.0542849 -0.994091
-0.498261 -0.0385602 0.027893 -0.990806 -0.092479 0.0987442
0.362413 -0.0190861 0.114343 0.0940048 0.0542849 0.994091
-0.416275 -0.319269 0.0792255 0.097293 -0.994234 0.0450923
-0.256775 -0.0318259 0.162075 0.0940043 0.0542849 0.994091
0.410441 0.159452 0.088535 0.0940047 0.0542849 0.994091
-0.489002 -0.16515 0.00223525 -0.990806 -0.092479 0.0987442
-0.209487 0.189709 0.0378324 0.725699 0.101875 0.680428
0.421195 0.271028 0.0814252 0.0940046 0.054285 0.994091
0.358783 -0.138198 0.121191 0.0940046 0.0542849 0.994091
0.457254 -0.0807789 0.0286009 -0.990806 -0.092479 0.0987442
-0.236003 0.138792 0.0502443 0.990806 0.092479 -0.0987442
0.416723 -0.116562 0.0454284 -0.0940047 -0.0542849 -0.994091
0.29788 -0.251949 0.022662 0.097293 -0.994234 0.0450925
0.442736 -0.100704 0.0996876 0.0940046 0.0542849 0.994091
0.479991 0.25207 -0.0112455 0.990806 0.0924791 -0.0987442
0.322701 -0.233999 0.118317 0.0940047 0.0542849 0.994091
0.476431 0.182505 -0.112124 0.990806 0.0924791 -0.0987442
-0.299228 -0.219706 0.0929698 -0.990806 -0.092479 0.0987442
-0.336269 -0.111079 0.177368 -0.990806 -0.092479 0.0987436
0.338898 -0.115361 -0.00873316 0.990806 0.092479 -0.0987442
-0.208865 -0.173575 0.0299993 0.990806 0.092479 -0.0987441
-0.209608 -0.0935178 0.160983 0.0940046 0.0542849 0.994091
0.458139 -0.179389 -0.156421 -0.0940048 -0.0542849 -0.994091
0.372062 0.261256 0.02902 -0.0940047 -0.0542849 -0.994091
-0.488404 -0.0399618 0.125481 -0.990806 -0.0924791 0.0987442
0.489157 0.227653 0.0773671 0.0940047 0.0542849 0.994091
0.416889 0.174812 -0.137046 -0.990807 -0.0924791 0.098741
-0.417714 -0.322824 0.00394304 0.097293 -0.994234 0.0450923
0.459181 -0.173613 -0.0981524 0.040486 -0.899118 -0.43583
-0.436378 0.00848318 0.113157 0.990806 0.092479 -0.098744
0.249748 0.177023 0.0137806 0.0477872 -0.997607 0.049958
-0.481051 -0.143036 0.102726 -0.990806 -0.092479 0.0987442
0.506014 -0.207543 -0.0943156 -0.13486 0.617165 -0.77519
0.181392 0.294678 -0.114617 -0.0972927 0.994234 -0.0450923
0.443942 -0.0750645 -0.0996169 -0.990806 -0.092479 0.0987441
-0.184217 0.26256 -0.0339367 -0.0972928 0.994234 -0.0450923
0.481667 -0.0504887 0.093264 0.0940046 0.0542849 0.994091
