ply
format ascii 1.0
comment Created by Open3D
element vertex 400
property double x
property double y
property double z
property double nx
property double ny
property double nz
end_header
-0.395636 -0.469286 0.0711454 -0.735033 -0.512987 -0.443363
0.0480417 0.35694 -0.2927 0.0682823 0.594569 -0.80114
0.272577 0.0555206 0.329674 -0.735033 -0.512987 -0.443363
0.0704272 0.14558 -0.180748 0.783389 0.465285 0.412083
0.115582 0.136735 -0.0868259 -0.0682825 -0.594569 0.80114
-0.223679 -0.20525 -0.0281396 0.674584 -0.619138 -0.402
-0.0877887 -0.0341135 -0.0969243 -0.735033 -0.512987 -0.443363
-0.0346347 0.192813 -0.168512 -0.674584 0.619138 0.402
0.08809 0.151898 -0.266709 0.0682826 0.594569 -0.80114
-0.236345 -0.305048 -0.113353 0.674584 -0.619138 -0.402
0.143113 -0.0962705 0.432237 0.0682826 0.594569 -0.80114
-0.344943 -0.133545 -0.401361 -0.735033 -0.512987 -0.443363
-0.311277 -0.214388 -0.363636 -0.735033 -0.512987 -0.443363
-0.0387832 0.0415284 0.0575266 -0.674586 0.619141 0.401994
-0.0475855 0.294026 -0.346127 -0.674584 0.619138 0.402
0.112076 -0.157141 0.277947 0.735033 0.512987 0.443363
-0.299051 -0.199234 -0.212358 -0.0682826 -0.594569 0.80114
-0.275659 -0.0339911 -0.596792 0.674586 -0.619136 -0.402001
-0.237654 -0.309751 -0.108306 0.674584 -0.619138 -0.402
-0.125078 -0.219222 0.252123 0.674584 -0.619138 -0.402
-0.120843 0.192517 -0.312719 -0.674584 0.619138 0.402
0.177953 0.260288 0.0843035 -0.674584 0.619138 0.402
0.142824 0.179931 -0.224018 0.674584 -0.619138 -0.402
-0.346344 -0.0146989 -0.536548 -0.735033 -0.512987 -0.443363
0.193237 0.438906 -0.219494 0.0682823 0.594569 -0.80114
0.328131 0.0511991 0.285207 0.674584 -0.619138 -0.402
-0.150142 0.158751 -0.456679 0.0683081 0.594532 -0.801166
-0.0408335 -0.0770576 0.0329477 -0.0682826 -0.594569 0.80114
0.200014 0.282768 -0.264583 -0.0682828 -0.594569 0.80114
0.232815 0.240646 0.144429 0.674584 -0.619138 -0.402
-0.0629486 0.073499 -0.0322641 -0.674584 0.619138 0.402
-0.251661 0.0523477 -0.449999 0.485257 -0.0384572 0.873526
-0.0653042 0.0314728 -0.0758249 0.0682825 0.594569 -0.80114
-0.115968 -0.377843 0.201185 0.0682826 0.594569 -0.80114
-0.119071 -0.0793952 0.00732923 -0.735033 -0.512987 -0.443363
-0.230875 -0.102793 -0.415677 0.674585 -0.619138 -0.402
0.123731 0.368545 -0.277637 0.0682823 0.594569 -0.80114
0.245603 0.125177 0.405916 -0.674584 0.619138 0.402
-0.146689 -0.195392 0.174279 0.178398 -0.797348 -0.57655
0.257101 0.0733995 0.504955 -0.674589 0.619136 0.401996
0.0666139 0.0332937 0.247073 -0.674584 0.619138 0.402
-0.381109 -0.334383 -0.109026 -0.735033 -0.512987 -0.443363
0.197072 -0.0426526 0.472516 -0.16573 0.403645 -0.89978
-0.21696 0.169967 -0.439281 -0.674584 0.619138 0.402
0.255153 0.339273 -0.280933 0.674584 -0.619138 -0.401999
-0.298906 -0.427239 -0.0301428 0.674584 -0.619138 -0.402
0.127685 0.40123 -0.217121 -0.674584 0.619138 0.402
0.270307 0.183355 0.357768 -0.674584 0.619138 0.402
0.3001 0.470201 -0.0340211 -0.674584 0.619138 0.402
-0.0202272 0.135065 -0.392972 -0.0682828 -0.594569 0.80114
0.160375 0.11688 0.213487 0.674584 -0.619138 -0.402
-0.274985 -0.394832 0.172516 0.261848 0.70985 -0.653872
0.27468 -0.0351205 0.427687 -0.702214 -0.370255 -0.608118
0.196983 0.1726 0.1891 0.674584 -0.619138 -0.402
0.3831 0.439151 -0.0154956 0.735033 0.512987 0.443363
-0.255085 0.0671607 -0.344922 -0.674584 0.619138 0.402
0.129923 0.0375224 0.284608 0.674584 -0.619138 -0.402
-0.272856 -0.139506 -0.0564446 -0.674577 0.619148 0.401998
0.167167 0.298159 -0.326172 0.0682826 0.594569 -0.80114
0.0401265 0.262171 -0.293496 -0.0682825 -0.594569 0.80114
0.0864079 -0.0584922 0.0575711 -0.0682826 -0.594569 0.80114
-0.161857 -0.140671 0.131613 -0.674584 0.619138 0.402
-0.196661 -0.183687 0.0743173 0.583182 -0.811878 -0.0274608
-0.365557 -0.405453 0.197593 -0.674584 0.619138 0.402
0.248155 0.43121 -0.138204 0.00451175 -0.981909 0.1893
0.0603837 0.144614 0.00298031 0.674584 -0.619138 -0.402
0.00461319 -0.320278 0.314449 0.674584 -0.619138 -0.401999
-0.250926 -0.464219 0.107327 0.674584 -0.619138 -0.402001
-0.0657856 0.116853 -0.476932 0.674584 -0.619138 -0.401999
-0.180429 -0.0329662 -0.220905 0.674584 -0.619138 -0.402
-0.278581 -0.0470886 -0.208388 -0.674584 0.619138 0.402
0.0478273 0.0506189 -0.0519732 0.0682882 0.594565 -0.801143
-0.0505909 -0.335959 0.245964 0.674584 -0.619138 -0.402
0.388395 0.431014 -0.198637 0.674584 -0.619138 -0.401999
0.124866 -0.0262438 0.374331 0.674584 -0.619138 -0.402
0.0139143 0.197392 -0.239267 0.0682825 0.594569 -0.80114
0.355665 -0.0407812 0.476091 -0.606954 -0.775154 0.175339
0.0678984 0.217622 -0.394403 0.0682826 0.594569 -0.80114
0.0105899 0.260265 -0.196508 -0.674584 0.619138 0.402
0.275441 0.292819 0.197792 -0.674584 0.619138 0.402
-0.0303926 -0.269987 0.183987 -0.0682825 -0.594569 0.80114
0.0604541 0.0389942 0.165768 0.674585 -0.619138 -0.402
0.123209 0.158167 0.14972 -0.674584 0.619138 0.402
-0.328147 -0.476681 -0.00306419 0.674584 -0.619138 -0.402
-0.100825 -0.0920647 0.15917 -0.674584 0.619138 0.402
-0.341605 -0.305327 0.0835772 -0.674584 0.619138 0.402
-0.26996 -0.160376 -0.392578 0.674584 -0.619138 -0.402
-0.225821 -0.216076 -0.22584 0.584483 0.115339 0.803166
0.358406 0.323468 -0.0833243 0.674584 -0.619138 -0.402
-0.131761 0.0557673 -0.182616 0.674585 -0.619138 -0.402
0.0668447 -0.275601 0.350069 0.674584 -0.619138 -0.401999
0.272522 0.413546 -0.231558 0.0682826 0.594569 -0.80114
-0.190582 -0.143712 -0.0673797 0.674584 -0.619138 -0.402
-0.0388064 -0.190478 0.242277 -0.0682826 -0.594569 0.80114
0.24975 0.23814 0.238897 -0.674584 0.619138 0.402
-0.301662 -0.13353 -0.473133 -0.735033 -0.512987 -0.443363
-0.29737 -0.403697 0.236749 -0.0682827 -0.594569 0.80114
-0.269771 -0.160829 -0.391561 0.674584 -0.619138 -0.402
-0.292374 -0.329167 0.140718 0.674588 -0.619139 -0.401993
0.0383715 -0.135465 0.226373 0.637112 -0.643936 -0.423597
0.030571 -0.169243 0.125393 0.674584 -0.619138 -0.402
0.140672 0.257738 -0.0365168 0.674585 -0.619138 -0.402
-0.178539 -0.0761272 -0.151259 0.674584 -0.619138 -0.402
0.365092 0.113506 0.251268 0.674576 -0.619144 -0.402005
-0.27672 -0.00081299 -0.276536 -0.674584 0.619138 0.402
-0.0205421 -0.0370436 -0.0361238 -0.154055 -0.787099 -0.597279
0.130147 -0.0341887 0.457618 -0.674584 0.619138 0.402
0.407299 0.116888 0.317256 0.735033 0.512987 0.443363
-0.412713 -0.221604 -0.187121 -0.735032 -0.512987 -0.443364
0.030476 -0.216055 0.2292 -0.0682825 -0.594569 0.80114
0.283494 0.12679 0.229114 -0.735033 -0.512987 -0.443363
-0.0186853 -0.17437 0.423767 -0.674584 0.619139 0.401999
-0.184799 -0.279033 0.244023 0.674584 -0.619138 -0.402
-0.340772 -0.452484 0.103247 -0.0865804 -0.607169 0.789841
-0.0367899 -0.0790229 -0.126597 0.674584 -0.619138 -0.402
-0.314473 -0.277115 0.0234457 0.692402 -0.606369 -0.391019
-0.27685 -0.045927 -0.207273 -0.674584 0.619138 0.402
0.2737 0.338462 0.124575 -0.674584 0.619138 0.402
0.000529718 0.325079 -0.313212 -0.674584 0.619138 0.402
0.029855 0.0868902 -0.270292 0.674584 -0.619138 -0.402
0.172549 -0.0360618 0.531657 -0.674584 0.619139 0.401999
-0.10307 0.0769325 -0.104878 -0.674584 0.619138 0.402
0.26339 -0.136973 0.466379 0.674584 -0.619138 -0.402
-0.306059 -0.355984 0.0734814 0.735033 0.512987 0.443363
-0.000111398 -0.0801844 0.138636 0.0682825 0.594569 -0.80114
0.408269 0.24435 0.122202 0.674563 -0.619152 -0.402014
-0.0616398 -0.0863816 0.216172 -0.674584 0.619138 0.402
-0.338656 -0.0165052 -0.547203 -0.735033 -0.512987 -0.443363
0.232193 0.347507 -0.213794 -0.0682825 -0.594569 0.80114
-0.0829281 -0.265024 0.357943 -0.0682826 -0.594569 0.80114
-0.115741 -0.101441 0.0863905 0.674584 -0.619138 -0.402
-0.383103 -0.018627 -0.471062 -0.735033 -0.512987 -0.443363
0.366908 0.0248871 0.490668 0.735033 0.512987 0.443363
0.0700841 -0.0496448 0.167284 0.0682826 0.594569 -0.80114
0.067628 0.251961 -0.0880042 -0.674584 0.619138 0.402
0.0708468 0.00559173 0.00224239 -0.47235 0.726576 0.498972
0.118809 0.0439032 -0.0509074 0.0682825 0.594569 -0.80114
-0.285859 -0.333485 0.220491 -0.674584 0.619138 0.402
0.11829 0.31802 -0.104731 -0.674584 0.619138 0.402
-0.0808742 0.122481 -0.289573 -0.735033 -0.512987 -0.443363
0.310721 -0.0731309 0.533909 -0.0682824 -0.594569 0.80114
-0.363643 -0.401428 -0.0604085 -0.735033 -0.512987 -0.443363
-0.10272 0.249422 -0.36995 -0.674584 0.619138 0.402
-0.0516389 0.0629142 -0.26912 -0.735033 -0.512987 -0.443363
0.168351 -0.196532 0.430192 -0.0682821 -0.594569 0.80114
0.17788 0.203209 0.109902 0.674584 -0.619138 -0.402
0.0487686 -0.0731569 0.0079423 0.674584 -0.619138 -0.402
0.0998585 0.320748 -0.315144 0.0682823 0.594569 -0.80114
0.0109631 -0.0410027 0.0641207 -0.0682825 -0.594569 0.80114
-0.210802 0.0727562 -0.279229 -0.674584 0.619138 0.402
-0.164285 0.196063 -0.39108 -0.674584 0.619138 0.402
0.11681 0.228359 0.0308767 -0.674584 0.619138 0.402
-0.152487 0.0129587 -0.089275 -0.674585 0.619136 0.402002
-0.379485 -0.224772 -0.104054 -0.674584 0.619138 0.402
-0.171181 -0.326528 0.304776 -0.0682826 -0.594569 0.80114
-0.119674 0.0664603 -0.489748 0.674584 -0.619138 -0.402
-0.0509487 0.132148 -0.102455 -0.674584 0.619138 0.402
-0.214848 -0.106796 -0.0094824 -0.674584 0.619138 0.402
-0.382425 -0.302901 0.0113434 -0.674584 0.619138 0.402
0.340571 0.447881 -0.107547 0.264812 0.711286 -0.651111
0.36049 0.197962 0.113471 0.674584 -0.619138 -0.402
-0.0532764 -0.183709 0.057274 0.0682825 0.594569 -0.80114
-0.237751 -0.158582 0.0250219 -0.133347 0.433408 -0.891278
-0.345522 -0.23911 -0.168378 0.177301 0.485654 -0.855981
-0.424656 -0.382729 0.0634232 -0.674584 0.619139 0.402
-0.0782141 0.149922 -0.175583 -0.674584 0.619138 0.402
-0.362008 -0.177847 -0.32181 -0.735033 -0.512987 -0.443363
-0.0625524 -0.213504 0.397915 -0.0682826 -0.594569 0.80114
0.355205 0.516253 -0.0584584 0.735033 0.512987 0.443363
0.0609348 -0.0461517 0.234314 0.735033 0.512987 0.443363
-0.215642 -0.199847 0.132497 -0.674584 0.619138 0.402
-0.104421 0.0148062 -0.0114624 -0.674584 0.619138 0.402
0.0902618 0.293168 -0.175678 0.674584 -0.619138 -0.402
-0.237365 -0.257317 0.184556 -0.674584 0.619138 0.402
-0.336422 -0.520881 0.0511258 0.674584 -0.619138 -0.402
0.414034 0.17484 0.238933 0.674584 -0.619138 -0.402
-0.100721 0.115242 -0.414545 -0.0682825 -0.594569 0.80114
0.0703618 -0.0925961 0.272423 0.735033 0.512987 0.443363
-0.403001 -0.512334 0.133372 -0.737864 -0.581907 -0.341967
0.0291323 0.270876 -0.358185 0.0682823 0.594569 -0.80114
-0.0353092 -0.188062 0.166186 -0.346336 -0.738949 -0.577932
0.117525 0.196614 0.0809682 -0.674584 0.619138 0.402
-0.28447 -0.100381 -0.136192 -0.674585 0.619138 0.401999
0.120701 -0.155516 0.456571 -0.068271 -0.594576 0.801136
-0.0389467 -0.273141 0.180917 -0.0682825 -0.594569 0.80114
-0.0399012 -0.0147977 0.142401 -0.674584 0.619138 0.402
-0.235303 -0.11134 -0.185917 -0.735033 -0.512987 -0.443363
0.0929552 0.103892 0.182544 -0.674584 0.619138 0.402
-0.246395 -0.326298 0.275644 -0.674584 0.619139 0.401999
0.36907 0.491793 -0.165257 0.0682826 0.594569 -0.80114
0.309364 0.467381 -0.188464 0.0682826 0.594569 -0.80114
0.0133513 -0.250905 0.306415 0.0682739 0.594577 -0.801135
0.231198 0.382749 -0.0771434 0.674585 -0.619138 -0.402
0.303609 0.172736 0.424541 0.735033 0.512987 0.443363
-0.372821 -0.101295 -0.283044 -0.674584 0.619138 0.402
0.293147 0.0645898 0.567015 0.735033 0.512987 0.443363
-0.105253 -0.173394 0.0931822 -0.735033 -0.512987 -0.443363
0.0328127 -0.013078 -0.100526 0.0682825 0.594569 -0.80114
-0.244675 0.115926 -0.402559 -0.674584 0.619138 0.402
0.249478 0.288876 0.0893654 -0.0182479 -0.802136 -0.596863
0.38153 0.275482 0.176479 0.735033 0.512987 0.443363
-0.183205 -0.422109 0.162602 0.0682826 0.594569 -0.80114
-0.280515 -0.0024465 -0.377922 0.73503 0.51299 0.443365
-0.411322 -0.275454 -0.127121 -0.735031 -0.512989 -0.443364
0.274861 0.194369 0.165236 -0.735033 -0.512987 -0.443363
-0.243999 -0.267543 0.189174 -0.674584 0.619138 0.402
-0.286594 -0.375033 -0.0898861 0.674584 -0.619138 -0.402
0.0263392 0.178368 -0.356865 -0.0682828 -0.594569 0.80114
0.382731 0.305209 -0.0143832 0.674584 -0.619138 -0.402
-0.074997 -0.20354 0.31201 0.674584 -0.619138 -0.402
-0.206709 0.0322846 -0.210028 -0.674584 0.619138 0.402
0.194178 0.378404 -0.264316 0.0682826 0.594569 -0.80114
0.201817 0.282848 0.0274152 0.674584 -0.619138 -0.402
-0.164937 -0.0535474 -0.0715171 0.855058 -0.48306 -0.18849
0.318958 0.28335 0.271111 0.735033 0.512987 0.443363
-0.307654 -0.198907 -0.0876709 0.903573 -0.377292 -0.202995
-0.353425 -0.242198 -0.253619 -0.57943 -0.781509 0.231312
-0.434165 -0.401822 0.0569618 -0.735033 -0.512987 -0.443363
0.362457 0.236471 0.0574627 0.674607 -0.619124 -0.401984
-0.0551639 -0.270615 0.285947 0.068283 0.594568 -0.80114
-0.0533949 0.173329 -0.437614 0.0682824 0.594569 -0.80114
0.34504 0.0886114 0.45319 0.735033 0.512987 0.443363
-0.0105501 -0.0275198 0.211248 -0.674584 0.619138 0.402
-0.107296 -0.023577 0.0428281 -0.674583 0.619135 0.402007
0.302808 0.352812 -0.221815 0.674585 -0.619135 -0.402003
-0.274116 -0.336775 -0.00170169 0.735033 0.512987 0.443363
0.119174 0.266153 -0.283803 -0.0682825 -0.594569 0.80114
0.406776 0.379095 -0.0878297 0.674584 -0.619138 -0.402
-0.240667 -0.476654 0.187437 -0.0682826 -0.594569 0.80114
-0.231957 -0.0765031 -0.0848468 -0.674584 0.619138 0.402
0.0682619 -0.209528 0.412015 -0.068262 -0.594581 0.801133
0.415834 0.291522 0.0622443 0.674584 -0.619138 -0.402
0.115409 0.35609 -0.168198 -0.674584 0.619138 0.402
0.107215 -0.111953 0.187398 -0.0682825 -0.594569 0.80114
0.158929 0.104116 0.292909 -0.674584 0.619138 0.402
0.0822401 -0.111754 0.123554 0.674584 -0.619138 -0.402
-0.014517 0.0966136 0.0134076 -0.674584 0.619138 0.402
0.236907 0.480862 -0.184634 0.0682823 0.594569 -0.80114
0.199386 0.0428528 0.455151 -0.674584 0.619138 0.402
0.0994347 0.0774286 0.0274998 0.735033 0.512987 0.443363
0.201404 0.0836101 0.395766 -0.674584 0.619138 0.402
-0.142189 -0.0144829 -0.170418 0.735033 0.512987 0.443363
0.249935 0.383535 0.0152767 -0.674584 0.619138 0.402
-0.305399 0.0499245 -0.402806 -0.674584 0.619138 0.402
-0.297696 -0.266204 -0.27613 0.674584 -0.619138 -0.402
-0.412749 -0.163421 -0.25438 -0.735033 -0.512987 -0.443363
0.308971 -0.0884949 0.468203 0.674585 -0.619137 -0.402002
0.126559 0.248083 -0.356276 0.674584 -0.619138 -0.401999
-0.0149329 0.221882 -0.398302 0.0682816 0.59457 -0.801139
-0.254625 0.128863 -0.487765 0.0682827 0.594569 -0.80114
-0.22776 -0.149036 -0.295774 0.735033 0.512987 0.443363
-0.13662 0.128501 -0.240601 -0.674584 0.619138 0.402
0.228293 -0.0776457 0.523532 -0.0682824 -0.594569 0.80114
-0.0505978 -0.119987 0.286458 -0.674584 0.619138 0.402
-0.0855525 -0.22889 0.124732 -0.735033 -0.512987 -0.443363
0.338786 0.405127 -0.232158 0.0682826 0.594569 -0.80114
0.140421 -0.103755 0.496666 -0.0682825 -0.594569 0.80114
-0.378036 -0.4375 0.00518896 -0.735033 -0.512987 -0.443363
-0.367011 0.0708905 -0.540369 0.0682827 0.594569 -0.80114
-0.363622 0.0498943 -0.500462 -0.674588 0.619133 0.402002
0.017114 0.11378 -0.112254 -0.0682826 -0.594569 0.80114
-0.410852 -0.16531 -0.24827 -0.674584 0.619138 0.402
-0.107184 -0.143105 0.227108 -0.674584 0.619138 0.402
0.403421 0.458598 -0.0716843 0.735033 0.512987 0.443363
0.247084 0.0342208 0.396582 -0.735033 -0.512987 -0.443363
0.344153 -0.0130576 0.411056 0.674582 -0.61914 -0.402001
-0.0574549 0.24039 -0.280082 -0.674584 0.619138 0.402
-0.128809 -0.38322 0.266313 -0.0682719 -0.594577 0.801135
-0.107782 -0.140988 0.222844 -0.674584 0.619138 0.402
0.210019 0.175618 0.268517 -0.674584 0.619138 0.402
0.298838 0.222378 0.0930773 -0.735033 -0.512987 -0.443363
0.294886 0.130992 0.479661 -0.674584 0.619139 0.402
0.21305 0.0147449 0.521372 -0.674584 0.619126 0.40202
-0.3223 -0.468324 0.186661 -0.0682826 -0.594569 0.80114
-0.277416 0.0463997 -0.550909 0.0682824 0.594569 -0.80114
-0.275268 -0.12519 -0.244603 0.735033 0.512987 0.443363
-0.352317 -0.128452 -0.206811 -0.674584 0.619138 0.402
0.00404734 -0.0804715 0.317297 -0.674584 0.619138 0.402
0.283022 0.444578 -0.0232168 -0.674584 0.619138 0.402
-0.28767 -0.310594 -0.190938 0.674584 -0.619138 -0.402
0.112913 0.100803 -0.152342 0.674584 -0.619138 -0.402
0.218709 -0.148383 0.408973 0.674585 -0.619135 -0.402004
-0.0873092 0.186597 -0.247331 -0.674584 0.619138 0.402
0.267972 0.47776 -0.0995765 -0.674588 0.619144 0.401985
0.3617 0.241741 0.248393 0.735033 0.512987 0.443363
-0.159933 0.136032 -0.35351 0.674584 -0.619138 -0.402
0.359042 -0.0298458 0.562782 0.584484 0.11534 0.803166
-0.0700012 -0.050847 0.0852229 0.674584 -0.619138 -0.402
-0.404188 -0.51211 0.136058 -0.726612 -0.653008 -0.21358
-0.338145 -0.562951 0.115083 -0.0682826 -0.594569 0.80114
-0.099628 -0.331409 0.307251 -0.0682862 -0.594562 0.801145
-0.284544 -0.0719017 -0.290881 0.735031 0.512988 0.443364
0.168336 0.409545 -0.161712 -0.674584 0.619138 0.402
0.0665518 -0.0204454 0.329735 -0.674584 0.619138 0.402
-0.129846 -0.323404 0.240405 0.0682825 0.594569 -0.80114
-0.208782 0.0769396 -0.522393 0.0682824 0.594569 -0.80114
-0.188951 -0.0045342 -0.496657 0.674584 -0.619139 -0.401999
0.156243 0.322761 -0.0483442 -0.674584 0.619138 0.402
0.396101 0.0469079 0.416791 0.735033 0.512987 0.443363
0.119161 0.187672 -0.13276 0.735033 0.512987 0.443363
0.306414 0.00295112 0.517432 -0.738179 -0.569626 -0.361411
0.216855 0.33432 -0.0266239 0.674584 -0.619138 -0.402
-0.259578 -0.234191 -0.151793 0.60118 0.776793 -0.187551
-0.229981 -0.0489433 -0.266934 -0.735033 -0.512987 -0.443363
-0.0666351 0.0660894 -0.154786 -0.0682851 -0.594564 0.801143
-0.276651 -0.450905 0.0436525 0.674584 -0.619138 -0.402
0.42296 0.377864 -0.010665 0.735033 0.512987 0.443363
0.0778823 -0.094044 0.462101 -0.674584 0.619141 0.401996
-0.248271 -0.0689567 -0.354425 0.735033 0.512987 0.443363
0.198825 -0.137568 0.476549 -0.0682824 -0.594569 0.80114
0.0349624 0.089103 0.108005 -0.674584 0.619138 0.402
0.345533 0.553642 -0.121362 0.0682826 0.594569 -0.80114
-0.268124 -0.218171 -0.300483 0.674584 -0.619138 -0.402
-0.428428 -0.435357 0.138147 -0.674585 0.619138 0.402
-0.418064 -0.217498 -0.183001 -0.735032 -0.512987 -0.443364
0.286742 0.525003 -0.147627 0.0682823 0.594569 -0.80114
0.000733769 0.151525 -0.274431 0.068277 0.594572 -0.801138
-0.00530267 0.054526 -0.162434 -0.524853 -0.661503 -0.535671
0.313976 0.310182 -0.0336113 -0.735033 -0.512987 -0.443363
-0.0508407 -0.131044 0.0965671 0.0682825 0.594569 -0.80114
0.308778 -0.0108887 0.348355 0.674584 -0.619138 -0.402
-0.0555298 0.196705 -0.350235 -0.0682825 -0.594569 0.80114
-0.34637 -0.0827306 -0.457789 -0.735033 -0.512987 -0.443363
-0.252377 -0.260411 0.101942 0.674584 -0.619138 -0.402
-0.394036 -0.111717 -0.345228 -0.735036 -0.512985 -0.44336
0.0503641 -0.202758 0.345302 0.0683091 0.594554 -0.801149
0.434968 0.436912 -0.129568 0.674584 -0.619138 -0.402
-0.335927 -0.0351241 -0.323047 -0.674584 0.619138 0.402
0.38173 0.378339 0.0571375 0.735033 0.512987 0.443363
0.376718 0.170257 0.183373 0.674569 -0.619149 -0.402009
0.117062 -0.224316 0.355351 0.674584 -0.619138 -0.402
-0.224654 -0.0325057 -0.435753 0.735033 0.512987 0.443363
-0.137243 0.0584876 -0.506951 0.674584 -0.619138 -0.402
-0.174786 0.096601 -0.434692 -0.0682825 -0.594569 0.80114
-0.217751 -0.344437 0.217302 0.0682505 0.594616 -0.801108
0.375583 0.170274 0.308067 0.735033 0.512987 0.443363
-0.217907 -0.0190013 -0.149832 -0.674584 0.619138 0.402
-0.237881 -0.170979 -0.104265 0.081895 0.581941 -0.809097
-0.37385 -0.358683 0.111644 -0.674584 0.619138 0.402
0.133614 0.00260779 0.0445291 0.0682826 0.594569 -0.80114
-0.274492 -0.215599 0.0580027 -0.674584 0.619138 0.402
0.153971 0.0604558 0.351831 -0.674584 0.619138 0.402
-0.0711678 -0.101466 -0.0465504 -0.735033 -0.512987 -0.443363
0.309808 0.384255 -0.160601 -0.531805 -0.785282 0.317042
-0.00126531 -0.238563 0.384541 -0.0682827 -0.594569 0.80114
-0.278359 -0.314323 0.141376 0.674586 -0.619138 -0.401997
-0.34231 -0.229149 -0.0349307 -0.674584 0.619138 0.402
0.37167 0.114592 0.37898 0.735033 0.512987 0.443363
0.00475679 0.155093 -0.0443163 -0.674584 0.619138 0.402
-0.00883203 -0.128075 -0.00218725 -0.0682826 -0.594569 0.80114
-0.240732 -0.248269 0.0136668 -0.0682827 -0.594569 0.80114
0.299159 0.274159 0.0326324 -0.735033 -0.512987 -0.443363
0.217402 0.103564 0.329691 0.674584 -0.619138 -0.402
-0.0206125 -0.140268 0.368011 -0.674584 0.619138 0.402
0.305362 0.375624 -0.0950491 -0.735033 -0.512987 -0.443363
-0.281643 -0.0766133 -0.541189 0.674585 -0.619138 -0.402
0.167317 0.35048 -0.134643 0.674584 -0.619138 -0.402
-0.0559952 -0.132469 0.296624 -0.674584 0.619138 0.402
0.028553 -0.12239 0.42298 -0.674584 0.619138 0.402
-0.355048 0.0157439 -0.433477 -0.674584 0.619138 0.402
-0.00235107 0.0328411 0.132042 -0.674584 0.619138 0.402
-0.0410007 -0.0883614 -0.111725 -0.735033 -0.512987 -0.443363
-0.210473 -0.419953 0.232091 -0.0682826 -0.594569 0.80114
-0.0311368 0.0828927 -0.326225 -0.735033 -0.512987 -0.443363
-0.160611 -0.274627 0.340017 -0.674584 0.619139 0.401999
-0.282761 -0.00647431 -0.49803 -0.169372 0.400228 -0.900628
-0.0518942 0.00508523 -0.201786 -0.735033 -0.512987 -0.443363
0.0633306 -0.0635956 0.390787 -0.674584 0.619138 0.402
0.0647772 0.0674874 -0.181807 0.674584 -0.619138 -0.402
0.0991071 -0.159182 0.381796 0.0682826 0.594569 -0.80114
-0.350047 -0.166002 -0.145169 -0.674584 0.619138 0.402
0.0851662 0.224084 -0.213385 0.0682708 0.59457 -0.80114
-0.251132 -0.0763333 -0.490421 0.674584 -0.619138 -0.402
-0.415558 -0.36013 -0.0221236 -0.735033 -0.512987 -0.443363
0.339891 0.453465 0.0395766 0.735033 0.512987 0.443363
-0.28189 -0.282298 -0.0518458 0.735033 0.512987 0.443363
-0.160734 -0.147851 0.0146391 0.735033 0.512987 0.443363
-0.393452 -0.0515797 -0.415777 -0.735033 -0.512987 -0.443363
-0.411699 -0.293188 -0.0527407 -0.674584 0.619138 0.402
-0.297383 -0.196453 -0.00989672 -0.674584 0.619138 0.402
0.262842 -0.00940389 0.577123 -0.0682824 -0.594569 0.80114
-0.21673 0.0645688 -0.276567 -0.674584 0.619138 0.402
0.168368 0.000882327 0.405553 0.674584 -0.619138 -0.402
0.078066 0.147749 0.0900124 -0.674584 0.619138 0.402
-0.226244 -0.21566 -0.225592 0.584483 0.115339 0.803166
0.341953 0.345435 0.161154 0.735033 0.512987 0.443363
0.322052 0.127911 0.163894 -0.735033 -0.512987 -0.443363
0.0129125 0.202668 -0.103903 -0.674584 0.619138 0.402
-0.219953 0.0080136 -0.568007 0.674584 -0.619138 -0.402
0.0614691 0.000548258 0.0992626 -0.0682765 -0.594569 0.80114
-0.330778 -0.36207 -0.160433 -0.735033 -0.512987 -0.443363
-0.30798 0.0927246 -0.473054 -0.674584 0.619138 0.402
0.306409 0.404044 0.0784576 -0.674584 0.619138 0.402
-0.0751708 -0.206268 0.315919 0.674584 -0.619138 -0.402
0.0702308 0.350866 -0.235965 -0.674584 0.619138 0.402
0.0748955 0.182968 -0.0555466 0.0812129 -0.715793 0.693574
-0.294768 -0.528705 0.144196 -0.0682841 -0.594568 0.801141
0.00898418 0.0506314 -0.223004 0.0682828 0.594569 -0.80114
0.32213 0.229332 0.328353 0.735033 0.512987 0.443363
0.0247693 0.289255 -0.217364 -0.674584 0.619138 0.402
