ply
format ascii 1.0
comment Created by Open3D
element vertex 400
property double x
property double y
property double z
property double nx
property double ny
property double nz
end_header
0.128731 -0.161605 0.185336 -0.258049 0.490918 0.832112
0.181721 0.107661 0.0429109 -0.258049 0.490918 0.832112
0.338788 -0.193369 -0.232327 0.956315 0.00732438 0.292245
-0.0268923 0.0177031 0.0312895 -0.258049 0.490918 0.832112
0.0134128 0.00465891 0.401998 0.258049 -0.490918 -0.832112
0.0512902 0.43099 0.26237 -0.258049 0.490918 0.832112
-0.235552 0.295034 0.253626 -0.258049 0.490918 0.832112
0.0969234 0.369544 0.312773 -0.258049 0.490918 0.832112
-0.0369555 0.255725 0.238258 0.258049 -0.490918 -0.832112
-0.198965 -0.100705 0.309793 -0.956315 -0.00732491 -0.292245
-0.0583439 0.354279 -0.422977 0.137374 0.871175 -0.471363
0.0401409 0.544794 0.102715 0.486044 -0.473931 -0.734269
-0.123305 0.157775 0.369414 -0.258049 0.490918 0.832112
-0.057445 -0.105969 0.457921 0.442421 -0.479734 -0.757706
-0.242087 0.249511 -0.0855162 -0.956315 -0.00732706 -0.292247
0.2512 -0.343427 0.05726 0.137374 0.871175 -0.471363
-0.32773 -0.097535 0.381533 0.258049 -0.490918 -0.832112
-0.0839976 0.258304 0.0705278 0.956315 0.0073245 0.292245
-0.0379302 -0.341635 -0.0651825 0.956315 0.00732452 0.292245
0.224134 0.440966 -0.180438 0.137373 0.871175 -0.471363
-0.117871 -0.401669 0.284036 -0.137374 -0.871175 0.471363
0.0016764 0.243652 -0.609946 0.137371 0.871177 -0.47136
-0.0220849 0.455088 0.0506163 0.988703 -0.149408 0.0120098
-0.218147 -0.177225 0.374478 -0.956315 -0.00732449 -0.292245
0.0464115 0.103278 0.00353574 -0.258049 0.490918 0.832112
-0.223137 -0.529344 0.0173881 -0.137373 -0.871175 0.471363
-0.19032 -0.353849 -0.23979 -0.956315 -0.0073245 -0.292245
-0.132378 -0.173041 -0.063556 0.258049 -0.490918 -0.832112
-0.0707382 -0.462355 -0.249897 0.258049 -0.490918 -0.832112
0.230642 -0.0953109 0.0776822 0.258049 -0.490918 -0.832112
0.221506 0.466221 0.134924 0.956315 0.00732449 0.292245
0.0714851 -0.136176 -0.298079 -0.258049 0.490918 0.832112
-0.0288935 -0.210368 0.0650766 0.258049 -0.490918 -0.832112
-0.163573 -0.193387 -0.331337 -0.956315 -0.0073245 -0.292245
-0.149992 0.0531912 -0.381956 -0.956315 -0.0073245 -0.292245
0.282933 0.268007 -0.0611159 0.956315 0.00732422 0.292245
0.389997 0.073467 -0.406587 0.956315 0.00732438 0.292245
0.250869 -0.20089 -0.204271 -0.258049 0.490918 0.832112
-0.260155 0.3522 -0.0289628 -0.956315 -0.00732452 -0.292245
0.249477 0.489483 0.0428102 0.956315 0.00732456 0.292245
-0.289084 0.233626 0.273253 -0.258049 0.490918 0.832112
0.0822273 0.277121 0.262595 0.258049 -0.490918 -0.832112
-0.119701 -0.101781 0.196384 0.956315 0.00732452 0.292245
0.0306299 0.00952493 -0.298333 0.956315 0.0073245 0.292245
-0.187709 -0.173836 0.274791 -0.956315 -0.00732471 -0.292248
-0.237829 -0.500618 -0.0806464 -0.956315 -0.00732452 -0.292245
-0.161306 0.184207 -0.156214 0.247994 0.509 -0.824268
0.0570679 -0.392071 0.352759 -0.137383 -0.871173 0.471363
-0.137051 0.384989 -0.389157 0.137374 0.871175 -0.471363
-0.274481 0.26442 0.0201137 -0.956315 -0.00732452 -0.292245
0.171647 0.58297 0.0667184 0.13737 0.871175 -0.471363
0.0704941 0.121867 -0.10011 0.258049 -0.490918 -0.832112
-0.310261 -0.217235 0.149269 -0.956315 -0.00732451 -0.292245
-0.195192 0.478857 -0.232616 0.137374 0.871175 -0.471363
-0.0341753 0.452766 -0.233909 0.137374 0.871175 -0.471363
-0.263468 -0.0503301 -0.00803497 -0.956315 -0.0073245 -0.292245
0.365258 0.334631 -0.332181 0.956315 0.00732456 0.292245
0.136954 0.206845 -0.129634 0.258049 -0.490918 -0.832112
-0.0466309 0.581848 0.143002 -0.258049 0.490918 0.832112
-0.000555425 -0.14406 -0.415916 0.258049 -0.490918 -0.832112
0.121762 0.0626218 -0.499919 0.258049 -0.490918 -0.832112
0.186598 0.0412474 -0.367055 -0.258049 0.490918 0.832112
0.282282 -0.633245 -0.0363986 0.956315 0.00732454 0.292245
0.0435738 0.346084 0.209922 0.258049 -0.490918 -0.832112
0.0269494 0.509745 -0.110786 0.137374 0.871175 -0.471363
0.305923 0.431151 -0.140436 0.956315 0.00732456 0.292245
-0.00702532 0.366047 -0.230875 -0.174299 -0.78828 0.590115
-0.293066 -0.106489 0.472675 -0.258049 0.490918 0.832112
-0.264224 0.0628278 -0.00839712 -0.956315 -0.00732452 -0.292245
-0.0131855 -0.0894942 -0.152474 0.956315 0.0073245 0.292245
0.126559 0.0903374 0.45504 0.956315 0.00732454 0.292245
-0.302874 0.00964253 0.119409 -0.956314 -0.00732893 -0.292248
0.10694 0.14622 -0.553835 0.258049 -0.490918 -0.832112
-0.172083 0.392414 -0.172228 0.956315 0.0073246 0.292245
-0.143039 0.567311 0.121681 -0.258049 0.490918 0.832112
0.103448 -0.205022 0.538069 0.956315 0.00732448 0.292245
-0.0877279 0.186349 -0.287661 -0.258049 0.490918 0.832112
0.172454 -0.0335395 0.123341 -0.258049 0.490918 0.832112
-0.204109 -0.0546049 -0.202168 -0.956315 -0.0073245 -0.292245
-0.0545226 0.104743 -0.0220745 0.956315 0.00732452 0.292245
-0.13794 -0.27404 0.514071 -0.137374 -0.871173 0.471366
-0.0610505 -0.242711 -0.0641211 0.261394 -0.469045 -0.843605
-0.370796 -0.178309 0.346384 -0.956315 -0.00732451 -0.292245
0.204245 -0.111629 -0.371538 0.258049 -0.490918 -0.832112
-0.121853 0.0988721 -0.475181 -0.956315 -0.0073245 -0.292245
-0.0914735 0.320967 0.283007 -0.258049 0.490918 0.832112
-0.346 0.142564 0.257201 -0.956315 -0.00732451 -0.292245
-0.376581 -0.31116 0.375916 -0.137373 -0.871175 0.471363
-0.183801 0.0275964 -0.270682 -0.956315 -0.0073245 -0.292245
0.0397784 -0.244016 0.106224 0.258049 -0.490918 -0.832112
-0.201276 -0.589332 -0.198035 -0.956315 -0.0073245 -0.292245
0.270523 -0.522937 -0.000684088 0.956315 0.00732454 0.292245
-0.190445 0.631324 0.069214 -0.258049 0.490918 0.832112
-0.0933083 -0.164781 -0.22189 -0.247994 -0.509 0.824268
0.180749 0.395533 0.0421428 -0.943333 0.260193 0.205966
-0.144024 -0.386816 -0.317189 0.258049 -0.490918 -0.832112
-0.055483 -0.240953 0.309819 0.371729 0.395749 0.839762
0.106437 0.00465212 0.0803365 -0.258049 0.490918 0.832112
0.358176 0.00850287 -0.300829 0.956315 0.00732455 0.292245
-0.0729037 -0.535177 -0.207606 0.258049 -0.490918 -0.832112
-0.10803 -0.538951 0.0331776 -0.137374 -0.871175 0.471363
0.196827 -0.586489 0.0341653 -0.137371 -0.871174 0.471365
0.141909 -0.382364 -0.130997 -0.258049 0.490918 0.832112
-0.0334159 -0.137798 -0.0850634 0.956315 0.0073245 0.292245
-0.0840226 -0.0186943 0.485707 -0.258049 0.490918 0.832112
-0.118984 -0.0239792 -0.48149 -0.956315 -0.0073245 -0.292245
-0.229064 -0.0974072 0.408202 -0.956315 -0.00732454 -0.292245
0.236702 0.107614 -0.490818 0.258049 -0.490918 -0.832112
-0.0718381 -0.48241 -0.0966397 -0.956315 -0.00732451 -0.292246
-0.169603 0.25661 0.296747 -0.258049 0.490918 0.832112
0.0219452 0.141413 -0.27322 0.956315 0.0073245 0.292245
-0.110534 0.606279 0.0275602 0.137373 0.871175 -0.471363
-0.225679 -0.289744 0.225545 -0.258049 0.490918 0.832112
0.0379692 -0.278663 0.344195 -0.569567 0.458807 0.681975
0.0669648 -0.288511 0.547042 -0.137377 -0.871174 0.471363
0.28863 0.235295 -0.283668 -0.765554 -0.208585 -0.608621
-0.00304091 0.417355 0.150469 0.718846 -0.415077 -0.557648
-0.171034 -0.471706 -0.154003 0.956316 0.00732439 0.292245
-0.225347 -0.201411 -0.128991 -0.956315 -0.00732422 -0.292245
0.2186 -0.361131 0.165167 0.956315 0.00732449 0.292245
0.136764 0.322402 0.0169505 -0.137373 -0.871174 0.471364
-0.0260481 -0.639913 -0.131285 0.258049 -0.490918 -0.832112
-0.113882 -0.206333 0.204237 0.137374 0.871175 -0.471363
-0.286393 -0.478601 0.0777153 -0.956315 -0.00732452 -0.292245
0.300812 0.342684 -0.121495 0.956315 0.00732456 0.292245
0.219485 -0.32823 -0.239024 0.258049 -0.490918 -0.832112
0.0849148 0.0326437 -0.393513 -0.258049 0.490918 0.832112
-0.0154855 -0.124819 0.11891 -0.258049 0.490918 0.832112
-0.148564 -0.498585 -0.252657 0.258049 -0.490918 -0.832112
-0.122432 -0.22187 0.379516 0.949585 0.0195615 0.3129
-0.0429486 -0.0126678 -0.0559188 0.258049 -0.490918 -0.832112
0.109289 0.51912 0.228362 -0.258049 0.490918 0.832112
0.0931513 -0.312352 0.0686305 0.137374 0.871175 -0.471363
-0.0971862 -0.193868 0.483907 0.684006 -0.427511 -0.591076
-0.184362 0.221201 -0.273698 -0.956315 -0.00732452 -0.292245
-0.0775756 0.183721 -0.622197 -0.956315 -0.0073245 -0.292245
-0.154954 0.567355 -0.0573256 0.137374 0.871175 -0.471363
-0.13374 -0.0981663 0.398365 0.137374 0.871175 -0.471363
0.0230429 0.510214 0.20687 -0.258049 0.490918 0.832112
-0.0588713 0.224972 -0.1568 -0.956315 -0.00732444 -0.292245
-0.0269994 -0.239693 -0.367696 0.258049 -0.490918 -0.832112
0.0437405 -0.308546 -0.305138 0.258049 -0.490918 -0.832112
0.276558 0.433573 -0.0444061 0.956315 0.00732456 0.292245
-0.0381653 -0.104984 2.81166e-05 0.258049 -0.490918 -0.832112
0.194647 0.460171 0.222964 0.956315 0.00732449 0.292245
0.297235 0.182429 -0.398747 -0.839622 0.354887 0.411206
-0.0643956 0.437016 -0.144037 -0.956315 -0.00732452 -0.292245
0.199536 0.549069 0.204738 0.956315 0.00732449 0.292245
0.216658 0.21089 -0.107303 0.258049 -0.490918 -0.832112
-0.409821 -0.245348 0.475766 -0.956315 -0.00732452 -0.292245
-0.0182565 0.0478328 -0.139322 0.956315 0.0073245 0.292245
0.0434241 -0.0677911 -0.338262 0.956315 0.00732452 0.292245
0.151901 -0.227826 0.380087 0.956315 0.00732448 0.292245
0.0538402 -0.635137 -0.0974178 -0.137374 -0.871175 0.471363
0.158128 0.440036 -0.0383998 -0.647422 0.439125 0.622907
0.00664349 0.199654 -0.0656558 -0.258049 0.490918 0.832112
-0.162373 0.146321 -0.343777 -0.956315 -0.00732452 -0.292245
-0.0652716 -0.320698 -0.331774 0.258049 -0.490918 -0.832112
0.0723206 -0.226736 -0.34454 0.258049 -0.490918 -0.832112
-0.090268 -0.12869 -0.452805 0.258049 -0.490918 -0.832112
-0.233528 -0.0333538 -0.106431 -0.956315 -0.0073245 -0.292245
-0.0343573 0.392434 0.258556 -0.258049 0.490918 0.832112
0.0123708 0.102453 -0.557342 0.258049 -0.490918 -0.832112
-0.194091 0.131493 -0.239614 -0.956315 -0.00732452 -0.292245
-0.167186 -0.0674066 0.488655 -0.258049 0.490918 0.832112
-0.0552829 0.0640649 0.445794 -0.258049 0.490918 0.832112
-0.286733 0.354605 0.0579473 -0.956315 -0.00732452 -0.292245
-0.263524 0.0826309 0.370262 -0.258049 0.490918 0.832112
0.20124 -0.460858 0.224476 0.956315 0.00732449 0.292245
-0.280046 -0.187836 0.0496601 -0.956315 -0.00732416 -0.292245
-0.143609 0.29796 -0.301039 -0.290399 0.138713 0.946799
-0.140763 -0.638109 -0.159626 -0.137374 -0.871175 0.471363
0.170931 -0.309559 0.319863 0.956315 0.00732449 0.292245
0.0457747 -0.404448 -0.115389 0.137374 0.871174 -0.471363
0.0828966 0.278605 -0.079694 -0.137374 -0.871175 0.471363
-0.170009 -0.459653 0.0938662 0.258049 -0.490918 -0.832112
-0.149035 0.073329 0.411255 -0.258049 0.490918 0.832112
0.190588 -0.493664 -0.0330092 -0.839623 0.354887 0.411204
0.0767208 -0.237848 0.455048 -0.949585 -0.0195613 -0.3129
0.00956977 -0.0180818 -0.487099 0.258049 -0.490918 -0.832112
0.060977 0.217803 -0.198457 -0.137374 -0.871175 0.471363
0.15912 -0.414621 0.340823 -0.137373 -0.871175 0.471363
0.167806 -0.545711 -0.126744 0.258049 -0.490918 -0.832112
0.1155 0.308218 -0.396125 0.988703 -0.149408 0.0120106
-0.0767258 0.0549483 0.344376 0.258049 -0.490918 -0.832112
0.310745 0.0705975 -0.446018 0.258049 -0.490918 -0.832112
0.100347 0.211151 -0.34646 0.990463 -0.125909 0.0559536
0.119172 0.28557 0.369214 -0.258049 0.490918 0.832112
-0.28291 -0.123878 0.200451 -0.0748164 0.972525 0.220448
-0.175057 -0.362909 -0.143564 0.956315 0.00732466 0.292247
0.156136 -0.519127 0.138882 -0.625834 -0.292518 -0.723025
-0.254767 -0.149023 -0.0340342 -0.956315 -0.00732145 -0.292247
0.0949187 -0.147822 0.391536 -0.98098 0.0537744 -0.18651
-0.0853909 0.372855 0.0722163 0.956315 0.0073245 0.292245
-0.252173 -0.358318 -0.0372763 -0.956315 -0.00732452 -0.292245
-0.358027 0.0970426 0.332453 -0.258049 0.490918 0.832112
-0.0395246 -0.31654 -0.206536 -0.956315 -0.00732447 -0.292245
-0.309208 0.245485 0.134225 -0.956316 -0.0073239 -0.292243
0.0539054 0.629138 0.117731 0.137374 0.871175 -0.471363
0.0618338 0.0258423 0.504663 -0.258049 0.490918 0.832112
0.197736 -0.25962 0.230898 0.956315 0.00732449 0.292245
-0.164015 -0.0084657 0.339055 0.956315 0.0073245 0.292245
-0.202046 -0.115241 0.129923 -0.258049 0.490918 0.832112
0.18763 0.387809 0.15266 -0.137374 -0.871175 0.471363
-0.397566 -0.14973 0.433265 -0.956315 -0.00732451 -0.292245
0.0537383 -0.15224 0.056408 0.258049 -0.490918 -0.832112
0.0606573 -0.118006 0.589164 -0.258049 0.490918 0.832112
-0.0646133 0.536805 -0.0874587 0.137373 0.871175 -0.471363
0.0737984 0.133432 -0.350656 -0.137374 -0.871175 0.471363
-0.179124 -0.107898 -0.282592 -0.956315 -0.00732665 -0.292247
0.128189 0.486091 -0.125 0.137366 0.871175 -0.471365
-0.00947507 -0.213557 -0.161506 0.956315 0.00732452 0.292245
0.234493 0.197198 0.00645242 -0.258049 0.490918 0.832112
-0.272736 0.452533 0.00968867 -0.956315 -0.00732452 -0.292245
-0.195003 -0.181289 0.547215 -0.258049 0.490918 0.832112
0.175848 0.63261 0.182048 -0.258049 0.490918 0.832112
0.0792856 0.0950036 0.369126 0.258049 -0.490918 -0.832112
0.121291 0.17419 -0.0150788 -0.258049 0.490918 0.832112
-0.131095 -0.233063 0.591799 -0.137374 -0.871175 0.471363
-0.0472603 -0.260456 0.553097 0.112635 -0.486527 -0.866375
-0.0611779 -0.134779 0.561277 -0.258049 0.490918 0.832112
0.167064 -0.0228985 0.0152446 0.258049 -0.490918 -0.832112
0.118235 -0.471328 -0.0990606 -0.112631 0.486527 0.866375
-0.253049 -0.245024 0.534151 -0.137374 -0.871175 0.471363
0.178259 -0.439121 -0.186387 0.258049 -0.490918 -0.832112
0.12543 -0.560679 -0.0458069 -0.305398 0.489943 0.81651
-0.293615 0.141176 0.0858151 -0.956315 -0.00732452 -0.292245
-0.316198 0.398838 0.153257 -0.956315 -0.00732451 -0.292245
0.17395 0.348687 -0.314682 0.442423 -0.479733 -0.757706
0.0891702 -0.0827512 0.126547 -0.258049 0.490918 0.832112
-0.169326 -0.247375 -0.0311589 0.258049 -0.490918 -0.832112
0.201497 -0.4084 0.0427552 -0.874917 -0.116381 -0.470081
0.01924 -0.164818 0.493831 -0.371734 -0.395748 -0.83976
0.0931538 -0.0869492 0.480773 0.258049 -0.490918 -0.832112
0.0513044 0.169994 0.316207 0.258049 -0.490918 -0.832112
-0.189065 0.0228066 0.142865 -0.247994 -0.509 0.824268
-0.18351 -0.440164 0.193759 -0.137374 -0.871175 0.471363
-0.0977296 -0.458454 0.184955 -0.137374 -0.871175 0.471363
-0.113366 0.106047 0.170445 0.956315 0.0073245 0.292245
-0.00728699 0.245026 0.353917 -0.258049 0.490918 0.832112
0.0771491 -0.0720629 -0.434294 0.258049 -0.490918 -0.832112
-0.195454 -0.196303 0.179792 -0.258049 0.490918 0.832112
0.364363 -0.0937768 -0.332415 0.258049 -0.490918 -0.832112
-0.23771 0.170771 0.326268 -0.258049 0.490918 0.832112
-0.2961 -0.219581 0.248933 0.956317 0.00732422 0.292241
0.0457829 0.401161 -0.305983 0.137374 0.871175 -0.471363
0.1242 0.217908 0.310545 0.258049 -0.490918 -0.832112
-0.0808907 0.0982349 0.064373 0.956315 0.00732452 0.292245
0.279331 0.0770918 -0.359444 -0.258049 0.490918 0.832112
-0.0646681 0.196468 0.00882565 0.956315 0.0073245 0.292245
0.154565 0.150286 0.361895 0.956315 0.00732449 0.292245
-0.254175 0.147133 -0.0433926 -0.956315 -0.00732706 -0.292247
0.247131 0.178229 -0.217346 -0.137374 -0.871175 0.471363
0.125152 0.054958 -0.0436855 0.258049 -0.490918 -0.832112
0.182798 -0.212045 -0.318946 0.258049 -0.490918 -0.832112
-0.037643 0.164475 0.291879 0.258049 -0.490918 -0.832112
-0.2546 0.550912 -0.0521229 -0.956315 -0.007323 -0.292246
0.262487 -0.015487 -0.31005 -0.258049 0.490918 0.832112
-0.245914 0.0715064 0.243488 0.0100554 -0.999919 -0.0078435
0.109672 -0.208087 -0.243812 -0.258049 0.490918 0.832112
-0.128885 0.212722 0.218555 0.956315 0.0073245 0.292245
-0.201945 -0.158088 -0.206657 -0.956315 -0.0073245 -0.292245
0.365565 0.204823 -0.329929 0.956315 0.00732465 0.292245
0.230251 0.0294042 -0.446678 0.258049 -0.490918 -0.832112
0.326325 0.288501 -0.203623 0.956315 0.00732456 0.292245
0.0676704 -0.418678 0.107556 0.305395 -0.489943 -0.816511
0.0385927 -0.45253 -0.221788 0.258049 -0.490918 -0.832112
0.394774 0.179161 -0.424869 0.956315 0.00732465 0.292245
-0.38617 -0.027265 0.392904 -0.956315 -0.00732451 -0.292245
0.328669 0.171502 -0.208359 0.956315 0.00732465 0.292245
0.194033 -0.638039 -0.0641398 0.258049 -0.490918 -0.832112
-0.108539 0.190896 -0.521056 -0.956315 -0.00732452 -0.292245
-0.33536 -0.183254 0.504848 -0.258049 0.490918 0.832112
0.170224 0.292466 0.280831 0.258049 -0.490918 -0.832112
0.0455634 -0.310343 -0.203365 -0.258049 0.490918 0.832112
0.226853 -0.339199 -0.130121 -0.258049 0.490918 0.832112
-0.306949 -0.414326 0.205538 -0.137373 -0.871175 0.471363
-0.344943 -0.356019 0.266238 -0.956315 -0.00732452 -0.292245
0.1425 -0.325171 0.413291 0.956315 0.00732449 0.292245
0.276036 0.363043 -0.309328 0.13737 0.871174 -0.471364
0.23419 -0.449756 0.116374 0.956315 0.00732449 0.292245
0.00436165 0.123487 0.429234 -0.258049 0.490918 0.832112
0.0803419 0.392848 -0.0411198 0.0352924 0.471268 0.881284
-0.22084 0.0734779 -0.150631 -0.956315 -0.00732452 -0.292245
0.196089 0.205401 -0.561104 0.258049 -0.490918 -0.832112
0.0153793 -0.0848474 -0.246064 0.956315 0.00732452 0.292245
-0.0287883 -0.218239 0.1699 -0.258049 0.490918 0.832112
0.238918 0.0206556 0.0891132 0.956315 0.00732446 0.292245
0.213451 0.514449 -0.0477398 0.13738 0.871175 -0.47136
0.0381932 -0.550523 -0.0388695 0.504417 0.34802 0.790219
-0.278349 -0.317843 0.0473637 -0.956315 -0.00732452 -0.292245
-0.19558 0.279729 -0.172722 0.265316 0.398023 -0.878172
0.107817 0.490818 0.144172 -0.230759 -0.434759 -0.87048
-0.237576 -0.257252 0.440061 -0.956315 -0.00732449 -0.292245
-0.0112724 0.32974 -0.348547 -0.258049 0.490918 0.832112
0.161394 0.280711 -0.494905 0.137374 0.871175 -0.471363
-0.219165 -0.436018 0.00260272 0.956315 0.00732453 0.292245
-0.204695 -0.275927 0.332933 -0.956315 -0.00732449 -0.292245
0.384384 0.232663 -0.51872 0.137374 0.871175 -0.471363
0.128871 -0.365896 -0.244903 0.258049 -0.490918 -0.832112
0.263611 0.0792756 0.00684109 0.956315 0.00732459 0.292245
-0.0833593 -0.0209688 0.387107 0.258049 -0.490918 -0.832112
0.348826 0.113574 -0.307203 -0.137374 -0.871175 0.471363
-0.316015 -0.270459 0.315376 0.956315 0.00732452 0.292245
0.2136 -0.174635 0.119196 0.258049 -0.490918 -0.832112
0.0513136 -0.229865 0.208891 0.137374 0.871175 -0.471363
-0.0936592 0.344881 0.168074 0.258049 -0.490918 -0.832112
0.037482 -0.0492914 -0.00936947 0.258049 -0.490918 -0.832112
0.00322775 -0.483359 0.168348 -0.137374 -0.871175 0.471363
-0.221425 -0.596147 -0.10558 -0.137374 -0.871175 0.471363
-0.0511085 -0.255351 -0.265122 -0.247994 -0.509 0.824268
-0.0450285 -0.580114 -0.0245389 -0.137374 -0.871175 0.471363
-0.306462 -0.334213 0.139772 -0.956315 -0.00732452 -0.292245
0.166106 -0.0393721 -0.425994 0.258049 -0.490918 -0.832112
-0.107513 -0.144415 0.320531 0.137373 0.871175 -0.471363
-0.196945 -0.36237 0.277303 -0.258049 0.490918 0.832112
-0.0198118 -0.42062 0.277588 -0.137374 -0.871175 0.471363
-0.262889 -0.248416 -0.00496399 -0.956315 -0.00732451 -0.292245
0.309819 -0.00923347 -0.399208 0.258049 -0.490918 -0.832112
-0.178218 0.402587 -0.298349 -0.956315 -0.00732448 -0.292245
-0.09483 -0.175529 0.124222 -0.258049 0.490918 0.832112
-0.0971849 0.176597 0.115729 0.956315 0.0073245 0.292245
0.000746464 -0.427216 -0.0122645 0.986597 -0.0780338 0.143311
0.199256 -0.0975638 0.169425 -0.258049 0.490918 0.832112
0.181495 -0.11802 -0.274675 -0.258049 0.490918 0.832112
-0.0758085 0.0245787 -0.538744 0.258049 -0.490918 -0.832112
0.0537799 0.469054 -0.178173 0.137378 0.871174 -0.471363
0.148578 -0.259307 0.148985 0.258049 -0.490918 -0.832112
-0.126283 0.284494 -0.465339 -0.956315 -0.00732358 -0.292245
-0.104305 -0.311451 0.00531744 -0.956315 -0.00732452 -0.292245
-0.0520253 -0.343658 0.3593 0.182436 0.44548 0.876507
0.310229 -0.275711 -0.241867 0.258049 -0.490918 -0.832112
-0.212022 0.465616 0.160285 -0.258049 0.490918 0.832112
-0.129649 0.279772 -0.0876765 0.247994 0.509 -0.824268
0.312497 -0.294689 -0.143757 0.956315 0.00732455 0.292245
-0.0161602 0.332657 -0.00866569 -0.137372 -0.871175 0.471363
-0.0804089 0.361645 -0.0897477 -0.956315 -0.00732452 -0.292245
-0.0085324 -0.20385 0.618353 -0.258049 0.490918 0.832112
-0.0169954 0.146956 -0.145933 0.956315 0.0073245 0.292245
-0.315099 0.32032 0.214039 -0.258049 0.490918 0.832112
-0.112952 0.459517 0.194606 -0.258049 0.490918 0.832112
0.131986 0.424798 -0.237175 0.137375 0.871175 -0.471363
0.333079 0.375746 -0.22791 0.956315 0.00732456 0.292245
-0.10069 -0.426166 -0.00363823 -0.956315 -0.0073245 -0.292245
-0.0107323 -0.389481 -0.274281 0.258049 -0.490918 -0.832112
-0.293078 0.503139 0.113011 -0.258049 0.490918 0.832112
0.0171969 -0.190177 -0.249371 0.956315 0.00732452 0.292245
0.0394461 0.292524 -0.508614 0.137374 0.871175 -0.471363
-0.254684 -0.00379425 0.423992 -0.258049 0.490918 0.832112
-0.177574 0.383532 0.219394 -0.258049 0.490918 0.832112
-0.171962 -0.367963 0.0391665 0.258049 -0.490918 -0.832112
-0.0428479 -0.522891 0.0818563 -0.137375 -0.871176 0.471361
0.27597 -0.394091 -0.0217358 0.956315 0.00732454 0.292245
0.0381106 0.0266892 -0.0540005 0.258049 -0.490918 -0.832112
0.0868623 0.169514 0.427663 -0.258049 0.490918 0.832112
-0.27713 0.600555 0.0203583 -0.956315 -0.00732452 -0.292245
0.110278 0.00486697 0.431914 0.258049 -0.490918 -0.832112
-0.0198033 0.291083 -0.186609 -0.956315 -0.00732446 -0.292245
0.2274 0.200262 -0.462011 -0.112634 0.486527 0.866375
0.170728 -0.286354 -0.178703 -0.258049 0.490918 0.832112
0.303863 0.272972 -0.467688 0.137374 0.871175 -0.471362
-0.129456 -0.230219 -0.405059 0.258049 -0.490918 -0.832112
-0.230445 0.361511 -0.126419 -0.956315 -0.00732452 -0.292245
0.00428147 -0.318349 0.0316471 0.137374 0.871175 -0.471363
-0.0167943 0.251981 -0.295166 -0.956315 -0.00732449 -0.292245
-0.350232 -0.0561774 0.276032 -0.956316 -0.00732269 -0.292244
-0.145058 0.0773528 0.27487 0.956315 0.0073245 0.292245
0.279986 -0.108669 -0.249649 -0.258049 0.490918 0.832112
0.00938779 -0.0562848 0.536851 -0.258049 0.490918 0.832112
0.216197 -0.415543 -0.0862274 0.137374 0.871175 -0.471362
-0.327666 0.0177944 0.209764 0.0173346 -0.999348 -0.0316775
0.156999 0.124686 -0.411291 0.417025 0.380775 0.825288
-0.00941159 0.53582 0.0128963 0.984485 -0.172535 -0.0319616
0.308382 -0.390756 -0.174568 0.258049 -0.490918 -0.832112
0.0442347 -0.542682 -0.166852 0.258049 -0.490918 -0.832112
-0.15266 0.248198 -0.378114 -0.956315 -0.00731951 -0.292245
-0.0906424 0.283095 -0.563953 0.137374 0.871175 -0.471363
-0.0849204 -0.041929 0.0810722 0.956315 0.00732452 0.292245
0.176353 0.39172 0.284544 0.956315 0.00732449 0.292245
-0.146821 -0.000511115 0.23634 -0.956316 -0.00732359 -0.292243
-0.147808 -0.229079 -0.236087 0.956315 0.00732464 0.292245
0.0694603 -0.184499 0.298025 0.137374 0.871175 -0.471362
0.0107508 0.0696147 -0.234789 0.956315 0.0073245 0.292245
-0.210617 0.527339 -0.147505 0.137374 0.871175 -0.471363
-0.310488 -0.138651 0.293985 0.956315 0.00732854 0.292248
0.283904 -0.520097 -0.105851 0.258049 -0.490918 -0.832112
-0.121003 0.508374 -0.15644 0.137373 0.871175 -0.471363
0.161583 0.224291 -0.243478 0.397696 -0.484344 -0.779262
0.206995 0.122906 -0.0583921 0.258049 -0.490918 -0.832112
0.0800483 -0.461038 0.231991 -0.137373 -0.871175 0.471363
0.229848 0.303727 0.00956249 -0.137373 -0.871174 0.471364
-0.149876 -0.352537 0.365514 -0.137371 -0.871176 0.471362
-0.0557805 -0.404718 -0.151132 -0.956315 -0.00732485 -0.292246
-0.154349 -0.305367 -0.358713 -0.956315 -0.0073245 -0.292245
-0.292074 -0.101527 0.0868553 -0.956316 -0.00732585 -0.292244
-0.14286 -0.0714522 -0.402172 -0.956316 -0.00732374 -0.292244
0.388802 0.281012 -0.428075 0.137373 0.871175 -0.471363
0.13381 -0.0481236 -0.3307 -0.258049 0.490918 0.832112
-0.226403 -0.295787 -0.107214 0.284379 0.208363 -0.935796
0.07653 -0.232991 0.626854 0.956315 0.00732449 0.292245
