ply
format ascii 1.0
comment Created by Open3D
element vertex 400
property double x
property double y
property double z
property double nx
property double ny
property double nz
end_header
0.00187024 -0.184984 -0.184544 0.0513541 -0.922276 0.383105
-0.0256087 -0.138044 -0.148181 -0.998671 -0.0490706 0.0157382
0.182947 0.274096 0.42844 -0.00428395 0.383402 0.923571
0.0251849 -0.0719725 -0.429692 -0.0491133 0.813837 -0.579015
0.193051 -0.0915124 -0.134378 -0.00428476 0.383403 0.923571
0.00933051 -0.0113212 -0.16852 -0.00428505 0.383403 0.923571
0.0496883 -0.111135 -0.173464 0.622302 0.723975 -0.297658
0.0121862 -0.0957355 -0.393078 0.74244 -0.624113 0.243445
-0.28944 0.0833124 0.444208 -0.58251 -0.75166 0.309336
0.101427 0.132517 0.433662 -0.412662 0.840595 -0.350872
0.322089 -0.0175297 -0.229459 0.00428423 -0.383404 -0.923571
0.124013 -0.0255763 -0.328077 0.998671 0.0490706 -0.0157382
0.328678 0.136516 0.314241 0.998671 0.0490706 -0.0157382
-0.0301728 0.00146166 -0.25347 -0.0513543 0.922276 -0.383105
0.136575 0.0946379 0.470555 0.0513543 -0.922276 0.383105
0.287562 -0.161818 -0.167069 0.0513542 -0.922276 0.383105
0.0304354 -0.166219 -0.445832 0.710284 0.17122 0.682774
0.2727 -0.03069 0.0533124 -0.998671 -0.0490707 0.0157382
0.0288443 0.146347 0.38136 0.998671 0.0490706 -0.0157381
0.273849 0.175382 0.124469 -0.051354 0.922276 -0.383105
-0.181035 0.21221 0.387475 0.00428426 -0.383404 -0.923571
-0.289246 0.112749 0.49323 -0.00428626 0.383406 0.92357
-0.219434 0.166791 0.414287 0.995171 -0.0889325 0.0415348
0.0688491 0.221359 0.384836 0.00428399 -0.383404 -0.923571
0.00883032 -0.136177 -0.423844 0.727082 -0.176856 0.663381
0.135276 -0.0735014 -0.17119 -0.989046 0.13465 -0.0604853
0.27852 0.177865 0.468832 -0.00428428 0.383404 0.923571
0.325067 0.0864918 -0.0708576 0.998671 0.0490706 -0.0157381
0.133766 -0.0897037 -0.135403 -0.00428451 0.383403 0.923571
-0.24826 0.132361 0.420311 0.00428339 -0.383402 -0.923571
0.107838 -0.115257 -0.167759 -0.457551 0.820478 -0.342729
0.266913 0.191951 0.38025 -0.998671 -0.0490706 0.0157381
-0.025328 -0.18956 -0.290993 -0.998671 -0.0490706 0.0157382
0.16936 -0.115896 -0.189332 0.00428424 -0.383404 -0.923571
0.0740928 -0.183339 -0.190264 0.0513544 -0.922276 0.383105
-0.0285102 -0.125587 -0.293459 -0.998671 -0.0490706 0.0157382
0.327075 0.0769615 0.0268284 0.998671 0.0490706 -0.0157381
0.271276 0.192026 0.164881 -0.051354 0.922276 -0.383105
0.271681 -0.023745 0.01028 -0.998671 -0.0490707 0.0157382
0.20363 -0.0791318 -0.204435 0.00428423 -0.383404 -0.923571
0.0150388 -0.227389 -0.288393 0.0513541 -0.922276 0.383105
0.266403 0.162097 0.254816 -0.998671 -0.0490706 0.0157381
0.333338 0.0378371 0.307438 0.0513542 -0.922276 0.383105
0.306269 0.218142 0.223061 -0.0513542 0.922276 -0.383105
0.0693328 -0.131403 -0.206532 0.267506 0.890359 -0.368376
0.0282027 -0.110363 -0.459758 0.998671 0.0490704 -0.0157383
0.0264897 0.196604 0.388646 0.998671 0.0490706 -0.0157382
-0.330502 0.153758 0.441327 -0.988596 -0.140654 0.0538044
0.268187 -0.0212827 -0.228151 0.00428423 -0.383404 -0.923571
0.310772 0.287669 0.423398 -0.00428428 0.383404 0.923571
0.328022 0.18698 0.429945 0.998671 0.0490706 -0.0157382
0.011255 -0.202476 -0.22791 0.0513541 -0.922276 0.383105
0.268662 0.121889 0.272809 -0.998671 -0.0490706 0.0157381
-0.296302 0.121691 0.424517 0.00428423 -0.383404 -0.923571
-0.285822 0.24029 0.390469 -0.543808 0.77418 -0.32391
-0.207642 0.128538 0.463181 0.318659 0.85328 0.412758
0.183767 0.127438 0.424359 0.00428223 -0.383408 -0.923569
0.25661 0.265199 0.432475 -0.00428428 0.383404 0.923571
-0.233039 0.244014 0.438998 -0.00428274 0.383405 0.92357
-0.0169068 -0.162055 -0.406351 0.00597648 0.193052 0.98117
0.333839 -0.00305532 0.206558 0.998671 0.0490706 -0.0157382
-0.0214848 0.0209872 -0.182075 -0.00428574 0.383402 0.923572
0.260184 0.28923 0.400373 -0.0513543 0.922276 -0.383104
0.330302 0.0653645 0.195455 0.998671 0.0490706 -0.0157382
0.0414295 -0.0958421 -0.303701 0.875991 -0.444016 0.188389
0.269501 -0.00302484 -0.0634125 -0.998671 -0.0490707 0.0157382
0.268105 0.273487 0.361413 -0.051354 0.922276 -0.383105
0.139266 0.136174 0.485493 -0.00428409 0.383405 0.92357
0.14367 -0.01861 -0.229838 0.00428425 -0.383404 -0.923571
-0.209039 0.111169 0.42929 0.00428309 -0.383403 -0.923571
-0.245142 0.25239 0.380415 -0.125841 0.916031 -0.380857
-0.0179267 0.0709372 0.434209 0.0513543 -0.922276 0.383105
0.324832 0.246537 0.413233 0.998671 0.0490706 -0.0157382
0.0188262 0.0214233 -0.211983 -0.0513542 0.922276 -0.383105
-0.118586 0.135203 0.419733 0.0042834 -0.383405 -0.92357
-0.19927 0.254155 0.377524 -0.0513542 0.922276 -0.383105
0.266318 0.0392044 -0.133726 -0.998671 -0.0490707 0.0157382
0.185732 -0.0206088 -0.163846 -0.00428427 0.383404 0.923571
0.325729 0.21963 0.386225 0.998671 0.0490706 -0.0157382
-0.0249568 -0.211476 -0.335774 -0.998671 -0.0490706 0.0157383
0.265458 0.0410106 -0.182661 -0.998671 -0.0490707 0.0157382
0.270516 0.00953668 0.0401253 -0.998671 -0.0490707 0.0157382
0.271407 0.223304 0.449935 -0.00428428 0.383404 0.923571
-0.0485104 0.260218 0.433127 -0.0042839 0.383401 0.923572
0.270357 0.0662624 0.206937 -0.998671 -0.0490707 0.0157382
0.302392 0.063042 -0.149803 -0.0513542 0.922276 -0.383105
0.0840169 -0.0332371 -0.332321 0.00428436 -0.383404 -0.923571
0.0688652 0.0919479 0.473155 0.0513543 -0.922276 0.383105
0.166634 -0.162778 -0.169883 0.00428424 -0.383404 -0.923571
0.261948 0.231946 0.381337 0.00428429 -0.383404 -0.923571
0.300903 -0.109688 -0.043363 0.0513541 -0.922276 0.383105
0.269673 0.00721561 -0.0205911 -0.998671 -0.0490707 0.0157382
0.292984 -0.125735 -0.184674 0.00428423 -0.383404 -0.923571
-0.0110264 0.0528657 0.389779 0.0513543 -0.922276 0.383105
0.274922 -0.119051 -0.0811858 -0.998671 -0.0490707 0.0157382
0.269813 0.0626185 0.161005 -0.998671 -0.0490707 0.0157382
0.208641 0.0249694 -0.182661 -0.00428473 0.383405 0.92357
0.171391 0.0296048 -0.212738 -0.0513543 0.922276 -0.383105
0.0455702 0.240917 0.441576 -0.00428442 0.383404 0.923571
-0.24689 0.130505 0.486055 -0.00428467 0.383405 0.923571
0.332552 -0.0843394 0.0134191 0.0513542 -0.922276 0.383105
0.331705 0.0506586 0.238639 0.998671 0.0490706 -0.0157382
0.299078 0.0839042 -0.0991353 -0.0513542 0.922276 -0.383105
-0.290062 0.162262 0.472671 -0.00428418 0.383404 0.923571
0.264841 0.07543 -0.114497 -0.998671 -0.0490706 0.0157381
0.328127 0.12688 0.249246 0.998671 0.0490706 -0.0157382
0.268349 0.10045 0.186077 -0.998671 -0.0490706 0.0157381
0.328225 0.108441 0.197983 0.998671 0.0490706 -0.0157382
0.0231498 0.243742 0.323687 0.998671 0.0490706 -0.0157382
0.222881 0.235059 0.44483 -0.00428428 0.383404 0.923571
0.330516 0.126847 0.400707 0.998671 0.0490706 -0.0157382
0.120179 0.275308 0.427645 -0.00428355 0.383399 0.923573
-0.228655 0.217016 0.385259 0.00428241 -0.383405 -0.92357
0.328549 0.079522 0.128356 0.998671 0.0490706 -0.0157381
0.271256 0.103213 0.379143 -0.998671 -0.0490706 0.0157381
0.331934 -0.116175 -0.188462 0.00428423 -0.383404 -0.923571
0.259263 0.107172 0.484284 0.0513544 -0.922277 0.383104
0.19135 0.168803 0.407222 0.00428429 -0.383404 -0.923571
-0.0315962 -0.0235384 -0.171101 -0.998671 -0.0490706 0.0157382
0.197385 0.13704 0.485403 -0.00428112 0.38342 0.923564
-0.0193808 0.078414 0.357145 0.00428424 -0.383404 -0.923571
-0.00170619 0.233998 0.444229 -0.00428445 0.383404 0.923571
-0.00259652 -0.00857491 -0.281328 -0.0513543 0.922276 -0.383105
0.105411 -0.0338304 -0.216695 -0.409909 -0.843093 0.348093
0.3243 0.125878 0.00323027 0.998671 0.0490706 -0.0157381
-0.021832 -0.214818 -0.253187 0.0513541 -0.922276 0.383105
0.125573 -0.117956 -0.23233 -0.875992 0.444014 -0.188388
0.08695 -0.198006 -0.227296 0.0513542 -0.922276 0.383105
0.289936 -0.0674738 0.0597336 0.0513541 -0.922276 0.383105
0.0327673 0.250314 0.372648 0.00428427 -0.383403 -0.923571
0.0218594 -0.170969 -0.306133 0.685033 0.246246 -0.685633
0.123994 0.212719 0.425322 -0.825381 -0.522776 0.213192
-0.00406648 -0.0483647 -0.37692 -0.0513542 0.922276 -0.383105
-0.0312244 -0.0758592 -0.310638 -0.998671 -0.0490704 0.0157379
0.273291 0.157911 0.0824844 -0.051354 0.922276 -0.383105
0.175113 0.243143 0.376286 0.00428381 -0.383403 -0.923571
0.314401 0.185797 0.144105 -0.0513542 0.922276 -0.383105
0.32919 0.045593 0.0632511 0.998671 0.0490706 -0.0157381
0.127499 -0.079508 -0.275036 0.998671 0.0490707 -0.0157381
-0.0383642 0.154063 0.477242 -0.00428409 0.383405 0.92357
-0.0278105 -0.0895499 -0.136699 -0.998671 -0.0490706 0.0157382
0.248039 -0.147196 -0.175974 0.00428424 -0.383404 -0.923571
0.27324 0.00810773 0.208541 -0.998671 -0.0490707 0.0157382
0.133387 -0.193277 -0.222136 0.0513544 -0.922276 0.383105
0.0780908 -0.158014 -0.129834 0.0513543 -0.922276 0.383105
0.328891 0.147621 0.362361 0.998671 0.0490706 -0.0157382
0.269234 -0.00974676 -0.101309 -0.998671 -0.0490707 0.0157382
-0.266471 0.208459 0.453603 -0.00428453 0.383403 0.923571
0.266152 0.0654281 -0.0625308 -0.998671 -0.0490706 0.0157381
0.332536 0.069899 0.351324 0.998671 0.0490706 -0.0157382
-0.0322227 -0.0981047 -0.443346 -0.998671 -0.0490706 0.0157381
-0.102967 0.102006 0.433586 0.00427979 -0.383415 -0.923566
0.268823 0.0338652 0.0085754 -0.998671 -0.0490707 0.0157382
-0.0678118 0.0736424 0.447408 0.0513542 -0.922276 0.383105
0.328746 -0.014001 -0.150768 0.998671 0.0490706 -0.0157381
0.025059 -0.216995 -0.446009 0.0192307 -0.638215 -0.769618
0.327512 -0.000685915 -0.187535 0.998671 0.0490706 -0.0157381
-0.113237 0.0959634 0.501014 -0.00428421 0.383404 0.923571
0.265394 0.104986 -0.0438688 -0.051354 0.922276 -0.383105
0.0503066 0.0201995 -0.181415 -0.00428425 0.383404 0.923571
0.104004 0.085621 0.441348 0.00428428 -0.383404 -0.923571
-0.0710166 0.131855 0.48631 -0.00428416 0.383406 0.92357
0.17981 0.10041 0.478656 0.0513543 -0.922276 0.383105
-0.0648487 0.180381 0.466194 -0.00428409 0.383402 0.923571
-0.0446238 0.12955 0.422423 0.0042843 -0.383404 -0.923571
0.0818202 -0.00329711 -0.279939 -0.0513542 0.922276 -0.383105
0.0990076 0.11111 0.495711 -0.00428421 0.383404 0.923571
0.265233 0.211809 0.335591 -0.998671 -0.0490706 0.0157381
0.123956 -0.0111104 -0.286611 0.998671 0.0490706 -0.0157382
0.0473972 -0.14513 -0.112795 -0.00428425 0.383404 0.923571
0.219766 -0.133243 -0.11693 -0.00428425 0.383404 0.923571
-0.274892 0.167197 0.405726 0.00428429 -0.383405 -0.92357
0.271779 0.0205383 0.154598 -0.998671 -0.0490707 0.0157382
0.269497 0.149274 0.411199 -0.998671 -0.0490706 0.0157381
-0.240591 0.158826 0.456793 0.672447 0.465641 0.575321
0.113091 0.217054 0.386828 0.00428783 -0.383412 -0.923567
0.169053 0.162613 0.474655 -0.00428592 0.383399 0.923573
0.06256 -0.102269 -0.131358 0.409908 0.843093 -0.348094
-0.0289587 -0.0340701 -0.339171 -0.0513543 0.922276 -0.383105
0.0040668 0.1313 0.486889 -0.00428434 0.383402 0.923572
0.116887 -0.167758 -0.158491 0.0513543 -0.922276 0.383105
0.329728 0.165777 0.472123 0.998671 0.0490706 -0.0157382
0.28701 -0.0171309 0.18132 0.0513541 -0.922276 0.383105
0.268326 0.0765606 0.110134 -0.998671 -0.0490706 0.0157381
-0.151378 0.0891321 0.438706 0.00428428 -0.383404 -0.923571
-0.0212745 -0.234156 -0.299816 0.0513541 -0.922276 0.383105
-0.10633 0.259965 0.379053 -0.0513542 0.922276 -0.383105
0.268024 0.122811 0.235203 -0.998671 -0.0490706 0.0157381
0.20715 0.212623 0.389104 0.00428429 -0.383404 -0.923571
0.332129 -0.0469134 -0.0387029 0.998671 0.0490706 -0.0157381
-0.0257232 -0.151125 -0.19623 -0.998671 -0.0490699 0.0157382
0.294298 -0.081485 -0.203038 0.00428423 -0.383404 -0.923571
-0.0235661 -0.248236 -0.36214 -0.998671 -0.0490706 0.0157382
0.0201537 -0.102826 -0.130483 -0.0042861 0.383405 0.92357
0.0522893 -0.024728 -0.181369 0.584964 -0.748113 0.313279
0.330925 -0.0654857 -0.173015 0.998671 0.0490706 -0.0157381
0.251067 -0.0623145 -0.211197 0.00428423 -0.383404 -0.923571
0.325803 0.19684 0.319899 0.998671 0.0490706 -0.0157382
0.302779 -0.145237 -0.129193 0.0513541 -0.922276 0.383105
0.127867 0.161795 0.437029 -0.901614 0.39799 -0.169401
0.264268 0.13609 0.0382607 -0.998671 -0.0490706 0.0157381
-0.0272418 -0.124345 -0.346248 0.0304336 -0.808062 -0.588311
0.0475423 -0.0186004 -0.312184 -0.0513542 0.922276 -0.383105
-0.171026 0.233339 0.426575 -0.124785 -0.372552 0.919583
0.049801 0.128855 0.423149 0.00427976 -0.383402 -0.923572
0.329025 -0.0572758 -0.212927 0.00428423 -0.383404 -0.923571
-0.0329493 -0.00973459 -0.213922 -0.998671 -0.0490706 0.0157382
0.0264818 -0.25012 -0.390399 0.0441975 -0.972641 -0.22807
0.0453133 -0.169654 -0.153462 0.0513544 -0.922276 0.383105
-0.108357 0.137529 0.483781 -0.00428456 0.383398 0.923573
0.27174 0.124671 0.0026701 -0.051354 0.922276 -0.383105
0.0525449 -0.207166 -0.260264 0.00428437 -0.383404 -0.923571
0.267724 0.165553 0.34944 -0.998671 -0.0490706 0.0157381
0.280211 -0.0989037 -0.0146265 0.0513541 -0.922276 0.383105
-0.214624 0.209235 0.42478 0.438746 -0.238261 0.866449
0.219032 -0.061973 -0.14652 -0.00428427 0.383404 0.923571
0.0280146 -0.220751 -0.352626 0.669644 0.715596 -0.198746
0.132404 -0.176843 -0.267241 0.998671 0.0490705 -0.015738
-0.256721 0.0836894 0.484964 -0.269382 -0.889879 0.368168
0.067412 -0.168143 -0.276395 0.0042808 -0.383402 -0.923572
0.26659 0.0753146 -0.00389406 -0.998671 -0.0490706 0.0157381
0.323519 0.19931 0.182672 0.998671 0.0490706 -0.0157381
0.333007 -0.0938441 -0.129317 0.998671 0.0490706 -0.0157381
0.048003 -0.0717993 -0.269969 0.730915 -0.629107 0.264553
0.310641 0.0741438 0.397884 0.0513542 -0.922276 0.383105
0.326947 0.0997525 0.0897795 0.998671 0.0490706 -0.0157381
0.230573 0.19942 0.459661 -0.00428428 0.383404 0.923571
-0.0332665 -0.0294535 -0.29553 -0.998671 -0.0490706 0.0157382
0.319492 0.25365 0.306769 -0.0513542 0.922276 -0.383105
0.307575 0.142164 0.0399783 -0.0513542 0.922276 -0.383105
-0.0454419 0.218004 0.450666 -0.00428501 0.383407 0.92357
-0.0136124 -0.182418 -0.4651 -0.00085106 -0.289664 -0.957128
-0.153766 0.124867 0.472966 -0.326618 0.85132 0.410579
0.131872 -0.0305517 -0.159968 -0.00428541 0.383406 0.92357
-0.000990461 0.177112 0.467848 -0.00428415 0.383403 0.923571
0.152014 0.0033773 -0.17396 -0.00428419 0.383404 0.923571
0.331003 -0.0407998 -0.0910995 0.998671 0.0490706 -0.0157381
0.0218371 0.00618168 -0.249079 -0.0513542 0.922276 -0.383105
0.324199 0.152576 0.0800861 0.998671 0.0490706 -0.0157381
-0.316841 0.212572 0.406293 -0.854069 0.478994 -0.202808
-0.0286653 -0.0878793 -0.18573 -0.998671 -0.0490706 0.0157382
0.041839 0.158275 0.463405 0.732017 0.630418 -0.258311
-0.0314702 0.150017 0.378034 -0.998671 -0.0490706 0.0157382
0.0280967 0.0678044 0.361769 0.00428431 -0.383404 -0.923571
0.274145 0.0105243 0.249621 0.0513541 -0.922276 0.383105
-0.0177513 0.138782 0.332091 0.00428424 -0.383404 -0.923571
0.332464 0.0113832 0.164342 0.998671 0.0490706 -0.0157382
0.152765 0.201099 0.458603 -0.00428428 0.383404 0.923571
-0.140853 0.184461 0.399181 0.00428043 -0.383399 -0.923573
-0.107366 0.174547 0.465151 -0.70683 0.333962 0.623587
0.273726 -0.024455 0.137845 -0.998671 -0.0490707 0.0157382
0.270579 -0.0736536 -0.141432 -0.00428427 0.383404 0.923571
0.331781 -0.0205569 0.0213847 0.998671 0.0490706 -0.0157382
0.00424133 -0.0503209 -0.152353 -0.00428424 0.383404 0.923571
0.266638 0.0941447 0.0578895 -0.998671 -0.0490706 0.0157381
0.332382 0.100077 0.435637 0.998671 0.0490706 -0.0157382
-0.00805773 -0.168116 -0.334059 -0.0337711 0.392517 -0.919124
0.268202 -0.00628255 -0.15602 -0.998671 -0.0490707 0.0157382
0.272575 0.0946458 0.436159 -0.998671 -0.0490706 0.0157381
-0.161509 0.131829 0.425638 -0.54381 0.774179 -0.323909
0.330858 0.0789531 0.27309 0.998671 0.0490706 -0.0157382
0.257465 -0.109555 -0.191556 0.00428423 -0.383404 -0.923571
0.263 0.241769 0.287281 -0.998671 -0.0490706 0.0157381
0.329076 -0.155454 -0.157314 0.0513541 -0.922276 0.383105
0.270281 0.0808645 0.247604 -0.998671 -0.0490706 0.0157381
0.239298 0.0289639 -0.223384 -0.0513543 0.922276 -0.383105
0.014492 -0.203961 -0.398495 0.681713 0.644666 0.345938
0.326899 0.0274665 -0.138687 0.998671 0.0490706 -0.0157381
0.273506 0.0299493 0.293484 -0.998671 -0.0490707 0.0157382
0.269774 0.118691 0.333382 -0.998671 -0.0490706 0.0157381
0.0192983 0.283212 0.423896 -0.0042843 0.383404 0.923571
0.109988 -0.127886 -0.119663 -0.00428425 0.383404 0.923571
0.272087 -0.0521154 -0.0524036 -0.998671 -0.0490707 0.0157382
0.282046 0.0280814 -0.231239 -0.0513543 0.922276 -0.383105
0.266728 0.115062 0.128802 -0.998671 -0.0490706 0.0157381
0.121522 0.0299071 -0.205326 -0.0513543 0.922276 -0.383105
0.276794 -0.0497412 0.104184 0.0513541 -0.922276 0.383105
-0.0317813 -0.0840188 -0.371418 -0.998671 -0.0490706 0.0157382
0.199005 0.011754 -0.242186 0.00428425 -0.383404 -0.923571
0.315359 0.0118342 0.24725 0.0513542 -0.922276 0.383105
0.274036 -0.0695661 0.0168608 -0.998671 -0.0490707 0.0157382
0.270898 0.0261418 0.116119 -0.998671 -0.0490707 0.0157382
0.325328 0.178349 0.23209 0.998671 0.0490706 -0.0157381
0.263806 0.225524 0.246524 -0.051354 0.922276 -0.383105
0.332609 -0.011852 0.101091 0.998671 0.0490706 -0.0157382
0.239114 0.148643 0.48078 -0.00428469 0.383403 0.923571
-0.0331931 0.174494 0.345023 -0.998671 -0.0490706 0.0157381
0.32719 0.0413827 -0.0768103 0.998671 0.0490706 -0.0157381
0.0764199 -0.14726 -0.240665 0.170829 0.910284 -0.377095
0.309747 0.278541 0.367998 -0.051354 0.922276 -0.383105
0.0307687 -0.0750872 -0.189799 0.99999 0.00303776 0.00337768
-0.0325387 0.223451 0.296874 0.00428424 -0.383404 -0.923571
0.268435 0.0539553 0.0465917 -0.998671 -0.0490707 0.0157382
0.230023 -0.0269487 -0.161009 -0.00428427 0.383404 0.923571
0.0335046 -0.117124 -0.222463 -0.0513551 0.922276 -0.383105
-0.0333302 -0.0649052 -0.412377 -0.0508905 0.891046 -0.451052
-0.139045 0.164762 0.434482 -0.70683 0.333964 0.623586
0.295669 0.143842 0.483035 -0.00428428 0.383404 0.923571
0.272255 -0.0705048 -0.0990755 -0.998671 -0.0490707 0.0157382
0.328549 0.0267504 -0.0361701 0.998671 0.0490706 -0.0157381
-0.0263533 -0.197635 -0.381234 -0.998671 -0.0490706 0.0157381
0.0265243 0.0629915 0.409122 0.0513544 -0.922276 0.383105
0.331421 -0.00197165 0.0565245 0.998671 0.0490706 -0.0157382
0.271724 -0.000372154 0.0859265 -0.998671 -0.0490707 0.0157382
0.0944103 0.251414 0.372478 0.00428416 -0.383404 -0.923571
-0.0269597 -0.200759 -0.429448 -0.998671 -0.0490706 0.0157381
-0.0270178 -0.144339 -0.257225 -0.998671 -0.0490706 0.0157382
-0.0302119 -0.143241 -0.456483 -0.998671 -0.0490708 0.0157381
-0.0292671 -0.0979023 -0.255165 -0.998671 -0.0490706 0.0157382
-0.155261 0.255232 0.374219 -0.0513542 0.922276 -0.383105
0.0383721 0.0851724 0.44123 0.00429173 -0.383408 -0.923569
0.267227 0.0324927 -0.0969639 -0.998671 -0.0490707 0.0157382
0.265632 0.150434 0.169562 -0.998671 -0.0490706 0.0157381
-0.0293838 0.110778 0.388083 -0.998671 -0.0490706 0.0157382
-0.0316104 -0.0535033 -0.265431 -0.998671 -0.0490706 0.0157381
-0.279179 0.258415 0.432805 -0.00428608 0.383402 0.923572
0.312216 0.0443938 -0.196013 -0.0513542 0.922276 -0.383105
0.325909 0.15354 0.191578 0.998671 0.0490706 -0.0157381
0.207378 -0.150493 -0.174794 0.00428424 -0.383404 -0.923571
-0.313192 0.216566 0.450021 -0.0042838 0.383405 0.92357
0.329895 0.0443126 0.103983 0.998671 0.0490706 -0.0157382
0.0722678 0.020311 -0.221825 -0.0513543 0.922276 -0.383105
0.318143 -0.0308219 0.144187 0.0513542 -0.922276 0.383105
-0.245833 0.0854989 0.439776 0.00428792 -0.383406 -0.92357
0.104549 0.0118161 -0.246602 -0.0513542 0.922276 -0.383105
0.329552 0.0234667 0.0171949 0.998671 0.0490706 -0.0157381
-0.318408 0.129361 0.472832 -0.87749 -0.444371 0.180402
-0.155343 0.0824562 0.48036 0.0513542 -0.922276 0.383105
0.079109 0.236838 0.422607 0.0264376 -0.923213 0.383378
0.308329 0.110015 -0.0375162 -0.0513542 0.922276 -0.383105
0.0271593 -0.0494848 -0.336152 0.998671 0.0490706 -0.0157382
0.0180441 -0.0938254 -0.337945 0.731723 -0.592275 -0.337329
0.147711 0.111595 0.430768 0.00428428 -0.383404 -0.923571
-0.197708 0.0876716 0.498594 0.0513543 -0.922276 0.383105
0.3269 0.118678 0.145824 0.998671 0.0490706 -0.0157381
0.0544252 -0.0485011 -0.229372 0.582169 -0.749973 0.314038
0.0365632 0.0977475 0.491447 0.0513543 -0.922276 0.383105
0.273037 0.0594422 0.355703 -0.998671 -0.0490707 0.0157382
-0.144667 0.273023 0.415628 -0.0513542 0.922276 -0.383105
0.218296 -0.0314111 -0.224178 0.00428552 -0.383406 -0.92357
-0.0346509 0.0901753 0.482764 0.0513543 -0.922276 0.383105
0.121599 -0.0685141 -0.317502 0.0042773 -0.383403 -0.923571
-0.208674 0.271918 0.421546 -0.0513542 0.922276 -0.383105
0.146416 0.281326 0.396597 -0.0513542 0.922276 -0.383105
0.333667 -0.0873468 -0.0671893 0.998671 0.0490706 -0.0157382
0.333693 -0.0503857 0.0497295 0.998671 0.0490706 -0.0157382
0.00483533 -0.15067 -0.110692 -0.00428425 0.383404 0.923571
-0.0531934 0.203636 0.391627 0.0042843 -0.383404 -0.923571
0.153958 0.244899 0.440426 -0.00428361 0.383402 0.923572
0.0129619 0.108491 0.344809 0.00428431 -0.383404 -0.923571
0.324561 0.157366 0.118008 0.998671 0.0490706 -0.0157381
0.323785 0.247607 0.350122 0.998671 0.0490706 -0.0157381
0.166143 -0.136924 -0.115651 -0.00428425 0.383404 0.923571
0.040599 -0.132875 -0.261334 -0.0513546 0.922276 -0.383105
0.327001 0.159728 0.280187 0.998671 0.0490706 -0.0157382
-0.0213828 -0.248027 -0.404684 0.0397544 -0.927934 -0.370618
-0.103766 0.21745 0.385658 0.00428793 -0.383409 -0.923569
0.27105 0.0800967 0.29401 -0.998671 -0.0490706 0.0157381
0.0191311 -0.129113 -0.308408 0.707273 -0.203608 -0.676985
0.265094 0.197661 0.282662 -0.998671 -0.0490706 0.0157381
0.224311 0.0888035 0.444748 0.0513542 -0.922276 0.383105
-0.0248197 -0.179 -0.225811 -0.998671 -0.0490706 0.0157382
0.0682245 0.133812 0.486144 -0.00428416 0.383404 0.923571
-0.0279103 -0.114223 -0.219957 -0.998671 -0.0490706 0.0157382
0.161968 -0.0661974 -0.209998 0.00428423 -0.383404 -0.923571
-0.0245049 -0.125177 -0.393075 0.0482746 -0.78396 0.618932
0.134091 0.185534 0.400011 0.00428838 -0.383409 -0.923569
-0.0305932 -0.057173 -0.212324 -0.998671 -0.0490706 0.0157382
0.2647 0.183188 0.212497 -0.998671 -0.0490706 0.0157381
0.335056 -0.121215 -0.0846252 0.998671 0.0490706 -0.0157382
0.331522 -0.0532302 0.0884487 0.0513542 -0.922276 0.383105
-0.0746346 0.160661 0.409368 0.0042843 -0.383404 -0.923571
-0.198442 0.0758644 0.443995 0.00428428 -0.383404 -0.923571
-0.014212 0.257561 0.360916 -0.0513546 0.922276 -0.383104
0.332296 0.116021 0.479933 0.998671 0.0490706 -0.0157382
0.26445 -0.126758 -0.119415 -0.00428427 0.383404 0.923571
0.132262 -0.151138 -0.196096 0.998671 0.0490706 -0.0157382
0.126958 -0.131577 -0.269785 -0.0513546 0.922276 -0.383105
0.0265943 0.178322 0.338282 0.998671 0.0490706 -0.0157381
0.027909 0.187905 0.43567 0.998822 -0.0430021 0.0224849
0.31815 0.222973 0.45029 -0.00428428 0.383404 0.923571
0.0978677 -0.0150121 -0.178591 -0.269384 -0.889879 0.368168
0.0863693 -0.0663476 -0.297154 -0.072475 -0.92127 0.382112
0.324667 0.203389 0.268215 0.998671 0.0490706 -0.0157381
0.267254 0.159277 0.300027 -0.998671 -0.0490706 0.0157381
0.103053 0.150809 0.47557 -0.412661 0.840595 -0.350872
-0.0354399 0.220108 0.344674 -0.998671 -0.0490706 0.0157381
0.221 0.264222 0.367748 0.00428416 -0.383404 -0.923571
0.106695 -0.208566 -0.259431 0.00428437 -0.383404 -0.923571
-0.0590308 0.268572 0.393433 -0.0513542 0.922276 -0.383105
0.221655 0.139773 0.419414 0.00428429 -0.383404 -0.923571
-0.0973715 0.273331 0.427457 -0.0042843 0.383404 0.923571
0.325493 0.0220238 -0.244849 0.998671 0.0490706 -0.0157381
0.329883 -0.0101197 -0.0664819 0.998671 0.0490706 -0.0157381
-0.117438 0.223125 0.448022 -0.586751 -0.0986518 0.803736
0.326601 0.0698683 -0.0253561 0.998671 0.0490706 -0.0157381
0.0891261 -0.0487142 -0.253994 -0.121803 -0.916903 0.380071
0.0623327 0.278006 0.399876 -0.0513542 0.922276 -0.383105
0.31101 0.238613 0.271707 -0.0513542 0.922276 -0.383105
0.331267 0.0825522 0.310281 0.998671 0.0490706 -0.0157382
