ply
format ascii 1.0
comment Created by Open3D
element vertex 400
property double x
property double y
property double z
property double nx
property double ny
property double nz
end_header
-0.170741 0.11144 -0.213285 0.327744 0.598258 -0.731212
-0.0529046 -0.0853334 0.543228 0.212749 0.707347 0.674091
0.250834 -0.177511 -0.0434666 0.920501 -0.376494 0.10455
0.0610888 -0.0016245 -0.239183 -0.0261376 -0.767922 -0.64001
-0.0218434 -0.405641 0.342121 -0.327744 -0.598258 0.731212
0.114827 0.200077 -0.297682 -0.21276 -0.707342 -0.674092
-0.42703 -0.16399 0.351709 -0.920501 0.376494 -0.10455
-0.0916279 0.247344 -0.0666314 0.327744 0.598258 -0.731212
-0.0646122 -0.571372 0.182965 -0.212749 -0.707346 -0.674091
0.146301 0.253077 0.0447041 0.327744 0.598258 -0.731212
-0.381791 -0.0629866 0.317122 -0.920501 0.376494 -0.10455
-0.285282 -0.19321 -0.125061 -0.7196 -0.343423 -0.60352
-0.132845 0.014194 -0.275863 0.327744 0.598258 -0.731212
0.161352 0.22842 -0.277301 0.943718 -0.170846 0.283212
0.0134657 0.0976585 -0.179984 0.327745 0.598258 -0.731212
-0.162016 0.243855 -0.101036 0.327734 0.598264 -0.731212
0.143209 -0.390685 0.136449 0.920501 -0.376494 0.10455
-0.346014 -0.0626902 0.0164817 -0.920501 0.376494 -0.10455
-0.332845 0.0125293 0.171412 -0.920501 0.376494 -0.10455
-0.0483633 -0.0588251 -0.297739 0.327744 0.598258 -0.731212
0.246117 0.14029 -0.00283558 0.327746 0.598256 -0.731213
-0.124751 0.333513 0.117727 -0.402024 0.788705 0.465103
0.0355306 -0.194849 -0.24374 -0.212749 -0.707347 -0.674091
0.145524 -0.359198 0.229456 0.920501 -0.376494 0.10455
0.0742697 -0.281249 -0.163244 -0.212749 -0.707347 -0.674091
0.125423 0.047071 0.345949 0.212749 0.707347 0.674091
0.317548 0.199024 0.117438 0.736414 0.323074 0.594406
-0.172524 -0.0712907 0.548139 -0.327744 -0.598258 0.731212
-0.150518 0.215968 0.247959 -0.335232 0.79724 0.502023
-0.178756 -0.524208 0.169499 -0.212749 -0.707346 -0.674091
-0.249455 0.123532 -0.176348 -0.920501 0.376494 -0.10455
0.321143 -0.0108137 -0.0489206 0.920501 -0.376494 0.10455
-0.0542723 -0.530359 0.225544 -0.327744 -0.598258 0.731212
-0.315399 -0.208807 0.371588 -0.327744 -0.598258 0.731212
0.192396 0.0957564 0.273725 0.212749 0.707347 0.674091
0.242281 -0.129317 0.205395 0.920501 -0.376494 0.10455
-0.103258 -0.322229 -0.0642125 -0.212749 -0.707347 -0.674091
0.0604318 0.168322 -0.219697 -0.916186 0.0123316 -0.400564
0.222032 -0.0721696 -0.18746 0.327743 0.598258 -0.731213
0.0722179 0.269804 0.131081 0.212749 0.707347 0.674091
-0.063187 0.0139597 0.440221 0.212749 0.707347 0.674091
0.258682 -0.106633 0.142678 0.920501 -0.376494 0.10455
-0.277023 0.138861 0.134862 -0.920501 0.376494 -0.10455
-0.116263 -0.17264 0.490436 -0.327744 -0.598258 0.731212
-0.458152 -0.29974 0.136864 -0.920501 0.376494 -0.10455
-0.206975 -0.362692 0.294281 -0.327744 -0.598258 0.731212
0.0572614 -0.417946 0.367509 -0.327744 -0.598258 0.731212
0.214625 -0.217404 0.131678 0.920501 -0.376494 0.10455
0.0610551 -0.485564 0.138347 0.539013 -0.754044 -0.375343
-0.222714 -0.426588 0.0809359 -0.212749 -0.707347 -0.674091
0.176335 0.133248 -0.077864 0.327743 0.59826 -0.731211
0.152639 -0.23095 0.541349 0.854963 0.141529 0.499007
0.0145909 -0.455321 0.317805 -0.327744 -0.598258 0.731212
-0.270869 -0.45616 0.189169 -0.327744 -0.598258 0.731212
0.0797784 0.0937577 0.311365 0.212749 0.707347 0.674091
0.159975 0.201502 0.0086355 0.327744 0.598258 -0.731212
-0.368666 -0.177947 0.372961 -0.327744 -0.598258 0.731212
-0.0430744 -0.358882 0.370861 -0.327744 -0.598258 0.731212
0.338147 0.125853 0.0266018 0.327744 0.598258 -0.731212
0.18832 -0.318306 -8.53427e-05 0.920501 -0.376494 0.10455
0.215362 -0.110462 0.357826 0.865855 0.11945 0.485825
0.00838242 0.234327 0.186395 0.212749 0.707347 0.674091
-0.380921 -0.14563 0.0251475 -0.920501 0.376494 -0.10455
0.0784838 0.166533 -0.148787 0.0731829 0.755559 0.65098
-0.282764 -0.0451834 0.520088 -0.327744 -0.59826 0.73121
0.128053 0.185914 -0.0564151 0.327745 0.598258 -0.731212
-0.06551 -0.528105 0.137846 -0.212749 -0.707346 -0.674091
-0.0916129 0.377888 0.0693708 0.212749 0.707347 0.674091
-0.0913097 -0.2229 0.460498 -0.327744 -0.598258 0.731212
0.267608 -0.113859 0.0380628 0.920501 -0.376494 0.10455
-0.459545 -0.373293 0.1724 -0.327744 -0.598259 0.731212
-0.331377 -0.356429 0.243646 -0.327744 -0.598259 0.731212
0.218532 -0.248249 -0.0138026 0.920501 -0.376494 0.10455
-0.197702 -0.0270967 -0.338716 0.327744 0.598258 -0.731212
-0.211611 0.192177 0.233245 -0.500456 0.766391 0.402726
0.0426244 -0.0168416 0.439147 0.212749 0.707347 0.674091
-0.298498 0.0594361 0.0379178 -0.920501 0.376494 -0.10455
0.288179 0.0203377 0.195888 0.865856 0.11945 0.485825
-0.338867 0.0336701 0.393257 0.327744 0.598258 -0.731213
-0.382593 -0.0438167 0.393223 -0.920501 0.376494 -0.10455
-0.0818974 0.0748062 0.382278 0.212749 0.707347 0.674091
0.19009 0.0314427 -0.154577 0.828475 -0.554001 -0.0819299
-0.362823 -0.127538 0.416824 -0.327744 -0.598258 0.731212
-0.148635 -0.209359 0.445884 -0.327744 -0.598258 0.731212
0.258201 0.207841 0.137403 0.212749 0.707347 0.674091
-0.126803 0.295473 -0.0430192 0.32775 0.598255 -0.731212
0.111135 -0.369201 -0.0211663 0.460703 -0.776907 -0.429148
0.223791 -0.135553 -0.231194 -0.888668 -0.0675105 -0.453554
0.0441063 -0.540611 0.169827 0.51934 -0.760621 -0.389541
-0.247808 0.176971 0.0148796 -0.920501 0.376494 -0.10455
0.27191 0.0672278 -0.0510527 0.327744 0.598258 -0.731212
-0.0527601 -0.472682 0.0777252 -0.212749 -0.707347 -0.674091
0.152019 -0.377168 0.0610408 0.646607 -0.706335 -0.288082
0.26633 0.227251 0.0773734 0.327744 0.598258 -0.731212
0.0399068 0.234223 -0.0477917 -0.16151 0.798046 0.580548
0.245137 -0.102368 0.277291 0.920501 -0.376494 0.10455
-0.21266 -0.10212 -0.262712 -0.212749 -0.707347 -0.674091
-0.258709 -0.129551 0.461842 -0.327744 -0.598258 0.731212
0.241907 0.0663598 0.247928 0.748653 0.307638 0.587263
0.0225603 0.160371 -0.124598 0.327744 0.598258 -0.731212
0.230716 -0.0493869 0.313887 0.846351 0.158024 0.508643
-0.242509 -0.463355 0.125765 -0.212749 -0.707347 -0.674091
-0.32013 -0.074957 0.47898 -0.327744 -0.598258 0.731212
0.121664 0.289141 -0.315531 -0.690797 0.67973 0.246508
-0.295676 0.00694531 -0.175956 -0.920501 0.376494 -0.10455
-0.314578 -0.321849 0.00208354 -0.212749 -0.707347 -0.674091
0.0653327 -0.340383 0.434587 -0.327744 -0.598258 0.731212
0.340754 0.0860096 0.127087 0.920501 -0.376494 0.10455
-0.368711 -0.0666802 0.201949 -0.920501 0.376494 -0.10455
-0.222743 -0.0110637 0.518897 0.212749 0.707347 0.674091
-0.0546908 0.331041 0.106876 0.212749 0.707347 0.674091
-0.418767 -0.264622 0.0969125 -0.865855 -0.119451 -0.485825
-0.419532 -0.426797 0.143273 -0.212749 -0.707346 -0.674091
0.0589866 -0.512826 0.290655 -0.327743 -0.598259 0.731212
-0.174854 0.164693 -0.171558 0.327744 0.598258 -0.731212
0.130488 -0.0775474 0.463467 0.688828 0.378389 0.618335
-0.386289 -0.203783 0.0240694 -0.865855 -0.119451 -0.485825
0.118711 0.124778 -0.110622 0.327743 0.59826 -0.731211
-0.14002 0.160329 0.31088 0.212749 0.707347 0.674091
0.0592953 -0.257587 0.499623 -0.327744 -0.598258 0.731212
-0.0853651 0.0924797 -0.19053 0.327744 0.598259 -0.731212
-0.401027 -0.172787 0.104372 -0.920501 0.376494 -0.10455
-0.0411299 -0.0322833 0.483845 0.212749 0.707347 0.674091
-0.136593 -0.190214 -0.192219 -0.212749 -0.707347 -0.674091
0.091081 0.106101 -0.174848 0.5494 -0.75033 -0.367648
-0.0223968 0.305753 0.0121881 0.327744 0.598258 -0.731212
0.286587 -0.0130044 -0.110118 0.327744 0.598258 -0.731212
0.180612 -0.110903 0.414714 0.801328 0.233948 0.550582
-0.404535 -0.122489 0.303098 -0.920501 0.376494 -0.10455
-0.127572 -0.38035 0.00444995 -0.212749 -0.707347 -0.674091
0.083239 -0.0861323 0.501098 0.212749 0.707347 0.674091
-0.384409 -0.122004 0.140935 -0.920501 0.376494 -0.10455
-0.0404986 0.161229 0.278526 0.212749 0.707347 0.674091
0.0974151 0.224199 -0.000834703 0.327744 0.598258 -0.731212
-0.1638 0.335407 0.0712785 -0.519339 0.760621 0.389542
0.326033 0.0292364 0.0522504 0.920501 -0.376494 0.10455
0.152321 -0.287095 0.442548 0.920501 -0.376494 0.10455
0.169857 -0.164068 -0.212254 0.934593 -0.0920299 0.343607
-0.469769 -0.308601 0.207234 -0.920501 0.376494 -0.10455
-0.397288 -0.336829 0.230139 -0.327744 -0.598258 0.731212
-0.165427 -0.288694 -0.0797801 -0.212749 -0.707347 -0.674091
-0.0958311 -0.248856 -0.143549 -0.212749 -0.707347 -0.674091
-0.0547795 0.248622 0.191328 0.212749 0.707347 0.674091
-0.0380899 -0.307694 0.414977 -0.327744 -0.598258 0.731212
-0.109437 -0.149556 -0.245514 -0.212749 -0.707347 -0.674091
-0.261581 0.134445 0.279066 -0.539014 0.754044 0.375342
0.220306 -0.219045 0.075751 0.920501 -0.376494 0.10455
-0.362193 -0.229111 0.334002 -0.327744 -0.598258 0.731212
-0.245052 0.165645 -0.0634572 -0.920501 0.376494 -0.10455
-0.0577178 -0.15613 0.530185 -0.327744 -0.598258 0.731212
0.170879 -0.216869 -0.263351 -0.212749 -0.707346 -0.674091
0.267938 -0.0507901 0.248014 0.883291 0.0805914 0.461847
-0.371471 -0.015972 0.477504 -0.591844 0.733287 0.33468
0.230501 -0.188254 -0.268793 0.481291 -0.771729 -0.415684
-0.354741 -0.126291 -0.0511006 -0.883291 -0.0805902 -0.461846
-0.00730232 -0.209373 -0.21292 -0.212749 -0.707347 -0.674091
0.351601 0.155568 0.0894824 0.834916 0.178808 0.520522
-0.303482 -0.0699756 -0.155724 -0.846352 -0.158023 -0.508643
0.206062 -0.169835 0.378368 0.920501 -0.376494 0.10455
-0.119083 -0.446009 0.265508 -0.327744 -0.598258 0.731212
0.303675 -0.0324412 0.0269968 0.920501 -0.376494 0.10455
0.0546884 -0.563362 0.231629 0.591843 -0.733288 -0.334681
-0.212046 -0.188656 -0.170041 -0.212749 -0.707347 -0.674091
-0.229708 -0.0810266 0.514543 -0.327744 -0.598257 0.731213
0.0126155 0.0464562 -0.222257 0.327744 0.598259 -0.731212
0.148809 -0.33221 -0.0437137 0.539013 -0.754044 -0.375343
0.158979 -0.08055 -0.222578 0.327744 0.598258 -0.731212
0.220636 0.00890812 0.304612 0.775918 0.271116 0.569603
-0.0426964 -0.256876 0.454489 -0.327744 -0.598258 0.731212
0.138153 0.204838 -0.225266 0.830947 0.185754 0.524426
0.235299 -0.0302008 -0.147176 0.327744 0.598258 -0.731212
-0.340242 -0.419642 0.187953 -0.327744 -0.598258 0.731212
0.173608 0.0831877 -0.120044 0.327744 0.598259 -0.731211
0.254771 -0.199626 -0.14448 0.920501 -0.376494 0.10455
0.0406775 -0.207385 0.532352 -0.327744 -0.598258 0.731212
-0.254007 0.0729964 -0.28206 0.327744 0.598258 -0.731212
0.347891 0.0697035 0.00553547 0.920501 -0.376494 0.10455
-0.128883 -0.0374114 -0.316309 0.327744 0.598258 -0.731212
-0.248299 0.194634 0.0828053 -0.920501 0.376494 -0.10455
0.125256 -0.019393 -0.187657 0.327745 0.598259 -0.731211
-0.230051 -0.326453 -0.0197623 -0.212749 -0.707347 -0.674091
-0.224492 0.197138 -0.13107 -0.920501 0.376494 -0.10455
0.283294 -0.147528 -0.207997 0.920501 -0.376494 0.104549
0.150867 -0.0455399 0.421177 0.688828 0.378389 0.618335
0.161282 -0.311436 0.262717 0.920501 -0.376494 0.10455
-0.359495 -0.061623 0.139016 -0.920501 0.376494 -0.10455
0.221877 0.184452 0.0224312 0.327744 0.598261 -0.73121
-0.163755 -0.224947 -0.1472 -0.212749 -0.707347 -0.674091
0.151834 0.00397951 0.382831 0.212749 0.707347 0.674091
0.00626898 0.191647 0.231847 0.212749 0.707347 0.674091
0.106218 -0.197796 -0.262957 -0.212749 -0.707346 -0.674091
-0.207379 -0.17605 0.446806 -0.327744 -0.598258 0.731212
0.184684 0.0485967 0.325645 0.212749 0.707347 0.674091
-0.360197 -0.00882337 0.335332 -0.920501 0.376494 -0.10455
0.110327 0.235777 0.154759 0.212749 0.707347 0.674091
0.0489331 -0.411585 -0.00514411 0.335233 -0.79724 -0.502023
-0.0050283 -0.320633 -0.0968896 -0.212749 -0.707347 -0.674091
-0.28642 0.138897 0.217726 -0.920501 0.376494 -0.10455
-0.276433 -0.149391 -0.160418 -0.748652 -0.307639 -0.587263
-0.117126 0.142101 -0.164167 0.327744 0.598258 -0.731212
-0.402946 -0.100233 0.369256 -0.920501 0.376494 -0.10455
-0.299078 -0.45988 0.139971 -0.212749 -0.707346 -0.674091
0.0912926 -0.507259 0.187036 0.920501 -0.376494 0.10455
0.210795 0.0948745 -0.0558254 0.327744 0.598258 -0.731212
-0.069989 -0.189355 -0.214142 -0.212749 -0.707347 -0.674091
0.16976 -0.32181 0.150711 0.920501 -0.376494 0.10455
0.000108088 0.354036 0.0617794 0.327744 0.598258 -0.731212
0.102023 -0.461921 0.255832 0.920501 -0.376494 0.10455
-0.170116 -0.349999 -0.0139716 -0.212749 -0.707347 -0.674091
-0.358425 -0.440232 0.138085 -0.212749 -0.707346 -0.674091
0.290382 0.104121 -0.0125878 0.327744 0.598258 -0.731212
0.296381 0.125331 0.0811074 -0.751545 0.634096 0.181943
0.0770251 0.174631 0.227372 0.212749 0.707347 0.674091
0.0161799 -0.0561932 0.490847 0.212749 0.707347 0.674091
-0.155978 0.108662 0.370133 0.212749 0.707347 0.674091
0.157246 -0.138254 0.460344 0.801328 0.233948 0.550582
-0.0827328 -0.427799 0.0400875 -0.212749 -0.707347 -0.674091
-0.159432 -0.0915258 -0.290628 -0.212749 -0.707347 -0.674091
-0.0671687 0.201631 0.244548 0.212749 0.707347 0.674091
-0.208073 0.287017 0.0798354 -0.327744 -0.598259 0.731212
-0.0265898 -0.166255 -0.254138 -0.212749 -0.707347 -0.674091
0.289827 -0.0906225 -0.172171 0.327744 0.598258 -0.731212
-0.0183558 -0.248081 -0.168814 -0.212749 -0.707347 -0.674091
-0.105502 -0.332808 0.364214 -0.327744 -0.598258 0.731212
0.220607 -0.171594 0.243977 0.920501 -0.376494 0.10455
-0.2566 -0.319582 0.30731 -0.327744 -0.598258 0.731212
-0.0981488 0.342333 0.0219191 -0.120044 -0.741317 -0.660332
-0.314114 -0.369909 0.0523685 -0.212749 -0.707347 -0.674091
0.150515 -0.167959 0.520548 0.789222 0.252076 0.559988
-0.21831 0.254912 0.0225516 -0.920501 0.376494 -0.10455
-0.307072 0.0875481 0.301044 -0.646607 0.706334 0.288082
0.0902675 0.23541 -0.257105 -0.779143 0.608892 0.148952
-0.337251 -0.0627434 -0.0608663 -0.920501 0.376494 -0.10455
-0.320513 -0.251899 -0.0496573 -0.7196 -0.343423 -0.60352
0.000531122 -0.514532 0.102761 -0.212749 -0.707347 -0.674091
-0.436502 -0.201863 0.298721 -0.920501 0.376494 -0.10455
0.144109 -0.33926 0.327001 0.920501 -0.376494 0.10455
-0.348593 -0.308669 0.275005 -0.327744 -0.598258 0.731212
0.20157 -0.274795 0.0399456 0.920501 -0.376494 0.10455
-0.291789 0.0402892 -0.0901042 -0.920501 0.376494 -0.10455
-0.304322 0.0850527 0.181441 -0.920501 0.376494 -0.10455
0.157405 -0.294137 0.37243 0.920501 -0.376494 0.10455
0.255502 0.010736 0.253217 0.824826 0.19622 0.530246
-0.322975 -0.412078 0.0973533 -0.212749 -0.707347 -0.674091
0.111443 -0.397385 0.405291 0.920501 -0.376494 0.10455
-0.183462 -0.144477 -0.225421 -0.212749 -0.707347 -0.674091
-0.325847 -0.00383914 0.514584 -0.442154 0.781098 0.440892
-0.2489 -0.119226 -0.21054 -0.7196 -0.343424 -0.60352
0.0278659 0.0767682 0.345577 0.212749 0.707347 0.674091
0.273145 -0.14136 -0.0964307 0.920501 -0.376494 0.10455
0.194595 -0.271933 0.111666 0.920501 -0.376494 0.10455
0.0640262 -0.239681 -0.203629 -0.212749 -0.707347 -0.674091
0.0881108 0.048179 -0.187009 0.327744 0.598258 -0.731212
-0.0173535 0.256673 -0.0257075 0.327744 0.598258 -0.731212
0.182326 -0.253794 -0.202086 0.442154 -0.781098 -0.440891
-0.430842 -0.223953 0.169337 -0.920501 0.376494 -0.10455
-0.327282 -0.178077 -0.0784567 -0.801329 -0.233947 -0.550582
0.280945 -0.0650163 0.0965339 0.920501 -0.376494 0.10455
-0.398017 -0.263284 0.289985 -0.327744 -0.598258 0.731212
0.243639 -0.156827 0.0943709 0.920501 -0.376494 0.10455
-0.231591 -0.0222321 -0.206203 0.54385 0.119488 -0.830632
-0.329596 -0.11463 -0.0983991 -0.846352 -0.158023 -0.508643
-0.108504 -0.111751 0.543731 -0.327744 -0.598257 0.731213
0.094902 -0.227368 0.540307 -0.327744 -0.598258 0.731212
0.184013 -0.224065 0.377214 0.920501 -0.376494 0.10455
-0.304522 0.0414454 0.455643 -0.481291 0.771729 0.415684
-0.283755 -0.011953 -0.247642 -0.834915 -0.178809 -0.520523
0.112566 -0.127516 -0.281808 0.327744 0.598258 -0.731212
0.136197 -0.28181 0.514273 -0.327746 -0.598258 0.731212
-0.419838 -0.180627 0.228469 -0.920501 0.376494 -0.10455
0.104678 0.313114 0.075168 0.327744 0.598258 -0.731212
-0.381415 -0.0826961 0.256128 -0.920501 0.376494 -0.10455
-0.0639781 -0.425799 0.306743 -0.327744 -0.598258 0.731212
-0.0439465 0.175895 -0.141706 0.327744 0.598259 -0.731211
-0.117509 0.0416766 0.428281 0.212749 0.707347 0.674091
-0.0291592 -0.00501759 -0.245107 0.327744 0.598258 -0.731212
-0.102325 0.195831 -0.113573 0.327744 0.598258 -0.731212
-0.0986682 -0.0865792 -0.314997 -0.212749 -0.707346 -0.674091
-0.076546 -0.011438 -0.2716 0.327744 0.598258 -0.731212
-0.0396703 0.111775 0.330158 0.212749 0.707347 0.674091
0.131328 0.0631458 -0.155393 0.327744 0.598258 -0.731212
-0.165739 -0.290211 0.372066 -0.327744 -0.598258 0.731212
0.296153 0.140342 0.175446 0.763678 0.287901 0.577849
0.176305 -0.292167 0.199838 0.920501 -0.376494 0.10455
0.216629 0.265621 0.0898928 0.212749 0.707347 0.674091
-0.11788 0.273254 0.0414434 -0.161502 0.798046 0.580552
0.108864 -0.167224 0.575042 0.736414 0.323073 0.594406
0.298546 -0.00777324 0.147703 0.920501 -0.376494 0.10455
-0.00716242 -0.496909 0.274028 -0.327744 -0.598258 0.731212
0.0183364 -0.0571779 -0.266495 0.327744 0.598258 -0.731212
-0.177516 -0.131586 0.49657 -0.327744 -0.598258 0.731212
-0.346978 -0.00156975 0.245069 -0.920501 0.376494 -0.10455
-0.309047 -0.144868 0.426748 -0.327744 -0.598258 0.731212
-0.101491 0.0495536 -0.232879 0.327744 0.598259 -0.731211
-0.0509836 0.203718 -0.0841077 0.327744 0.598259 -0.731212
0.175053 -0.324348 0.0949731 0.920501 -0.376494 0.10455
-0.23326 0.116259 -0.237364 0.327744 0.598258 -0.731212
0.0369192 0.138339 0.278112 0.212749 0.707347 0.674091
0.0436563 -0.357808 -0.0732451 -0.212749 -0.707347 -0.674091
-0.236544 0.199205 0.182706 -0.612176 0.72398 0.317952
0.0890926 0.0247338 0.380855 0.212749 0.707347 0.674091
-0.232379 0.0361671 0.472377 0.212749 0.707347 0.674091
-0.337802 -0.0181248 0.104663 -0.920501 0.376494 -0.10455
0.190182 -0.200387 -0.171944 -0.8869 0.461532 -0.0199125
-0.309201 0.0532844 0.109996 -0.920501 0.376494 -0.10455
0.13708 0.189307 0.193018 0.212749 0.707347 0.674091
0.133256 0.122436 0.264394 0.212749 0.707347 0.674091
0.0859983 -0.0687726 -0.245654 0.327743 0.598256 -0.731214
0.109991 0.141894 -0.219525 0.510407 -0.763415 -0.395832
-0.268649 0.106326 -0.0560323 -0.920501 0.376494 -0.10455
-0.219729 0.231657 -0.0486968 -0.920501 0.376494 -0.10455
-0.393047 -0.126522 0.200716 -0.920501 0.376494 -0.10455
-0.314696 -0.0140319 -0.0840304 -0.920501 0.376494 -0.10455
0.0390837 -0.104275 0.534071 0.212749 0.707347 0.674091
0.299335 -0.0677417 -0.0619119 0.920501 -0.376494 0.10455
-0.233756 0.101984 0.371494 -0.419849 0.785567 0.454546
0.0647292 0.180326 -0.0893695 0.327747 0.598258 -0.731211
0.186685 -0.199868 0.454108 0.920501 -0.376494 0.10455
0.278971 0.178052 0.0448986 0.914912 -0.394008 0.0877156
-0.0258871 0.0503157 0.3903 0.212749 0.707347 0.674091
-0.365051 -0.0943535 0.0700697 -0.920501 0.376494 -0.10455
-0.197989 -0.0173723 -0.263925 -0.342746 0.796525 0.49807
-0.337862 0.0388026 0.310198 -0.920501 0.376494 -0.10455
-0.0459874 0.072615 -0.227122 0.327745 0.598258 -0.731212
-0.323251 0.00283682 0.0520341 -0.920501 0.376494 -0.10455
-0.195252 -0.230827 0.407424 -0.327744 -0.598258 0.731212
-0.196886 0.16834 0.290871 -0.419849 0.785567 0.454546
0.00891418 0.293152 0.12656 0.212749 0.707347 0.674091
-0.0711643 0.287654 -0.0244783 0.327744 0.598258 -0.731212
-0.320052 0.0649966 0.24771 -0.920501 0.376494 -0.10455
0.191909 -0.226939 0.297344 0.920501 -0.376494 0.10455
-0.00800959 -0.582117 0.189092 0.402022 -0.788706 -0.465104
-0.119822 -0.519236 0.145682 -0.212749 -0.707346 -0.674091
-0.169947 -0.45413 0.236065 -0.327744 -0.598258 0.731212
0.10167 -0.408431 0.0417171 0.539013 -0.754044 -0.375343
0.213909 -0.16837 0.314561 0.920501 -0.376494 0.10455
-0.15608 0.00882915 0.476983 0.212749 0.707347 0.674091
-0.219539 0.234104 0.13598 -0.612176 0.72398 0.317952
-0.258935 0.118651 -0.110453 -0.920501 0.376494 -0.10455
-0.0224215 -0.199762 0.510307 -0.327744 -0.598258 0.731212
-0.225622 -0.495731 0.177074 -0.327744 -0.598258 0.731212
-0.227713 -0.260814 -0.0893774 -0.212749 -0.707347 -0.674091
-0.0735359 -0.477602 0.260074 -0.327744 -0.598258 0.731212
0.240671 -0.214026 -0.0854766 0.920501 -0.376494 0.10455
0.237107 0.144429 0.20854 0.212749 0.707347 0.674091
0.15844 0.264763 0.109158 0.212749 0.707347 0.674091
-0.167178 0.358825 -0.00928351 0.327744 0.598258 -0.731212
0.123471 -0.422487 0.195714 0.920501 -0.376494 0.10455
0.150399 -0.301493 -0.101281 0.500457 -0.766391 -0.402726
0.10687 -0.429837 0.328693 0.920501 -0.376494 0.10455
0.176957 0.140522 0.231624 0.212749 0.707347 0.674091
-0.183737 0.0655197 0.424164 0.212749 0.707347 0.674091
0.108565 -0.31372 0.47578 -0.327742 -0.598259 0.731212
0.232768 0.0331624 -0.0964681 0.327744 0.598258 -0.731212
-0.37645 -0.376137 0.0765165 -0.212749 -0.707347 -0.674091
0.20232 -0.228645 0.199533 0.920501 -0.376494 0.10455
-0.292256 0.0549747 -0.0331037 -0.920501 0.376494 -0.10455
0.245675 -0.208611 -0.207723 0.556219 -0.747797 -0.362519
-0.0216151 -0.357868 -0.0525819 -0.212749 -0.707347 -0.674091
-0.012945 -0.134227 0.568173 -0.327745 -0.59826 0.73121
-0.274164 0.0471237 -0.233952 -0.920501 0.376494 -0.10455
-0.0124997 -0.125793 -0.301044 -0.212749 -0.707346 -0.674091
-0.219008 -0.377495 0.0303116 -0.212749 -0.707347 -0.674091
0.108343 -0.430643 0.0978178 0.576284 -0.739895 -0.347061
0.00567954 -0.466043 0.0524554 0.335233 -0.79724 -0.502023
-0.262139 0.0610712 0.415985 -0.419849 0.785567 0.454546
-0.162472 -0.454423 0.0911316 -0.212749 -0.707347 -0.674091
0.276459 -0.0549483 0.172283 0.920501 -0.376494 0.10455
-0.1894 0.301263 -0.0650721 -0.920501 0.376494 -0.10455
0.0432064 0.286193 0.0255898 0.327744 0.598258 -0.731212
-0.294434 -0.402666 0.222374 -0.327744 -0.598258 0.731212
-0.251857 -0.00942326 -0.297873 -0.789222 -0.252076 -0.559988
-0.269744 0.120195 0.00355413 -0.920501 0.376494 -0.10455
-0.246259 -0.273512 0.349638 -0.327744 -0.598258 0.731212
0.176945 -0.141232 -0.264174 0.327744 0.598258 -0.731212
-0.313372 -0.270275 0.322205 -0.327744 -0.598258 0.731212
-0.0783266 0.299564 0.147366 0.212749 0.707347 0.674091
0.148345 0.275001 -0.385729 -0.390923 -0.618722 -0.681442
0.1434 -0.271092 -0.162693 0.419848 -0.785567 -0.454546
-0.367899 -0.280268 0.0251511 -0.775918 -0.271117 -0.569603
0.187987 0.228601 0.137779 0.212749 0.707347 0.674091
-0.17026 -0.335663 0.332852 -0.327744 -0.598258 0.731212
0.169944 0.318691 -0.346841 0.212749 0.707347 0.674091
-0.0790134 -0.368389 -0.0234265 -0.212749 -0.707347 -0.674091
0.0945907 -0.339158 -0.0890283 0.377992 -0.79235 -0.478856
-0.117584 -0.388559 0.313184 -0.327744 -0.598258 0.731212
0.1344 -0.342581 0.40052 0.920501 -0.376494 0.10455
0.255403 0.101446 0.115748 0.603961 0.740013 -0.295992
-0.27046 -0.0695665 -0.244582 -0.789222 -0.252076 -0.559988
0.050924 -0.154129 0.580517 -0.327745 -0.59826 0.73121
0.271661 0.0790495 0.201488 0.801328 0.233948 0.550582
0.198337 -0.262905 -0.11035 0.576284 -0.739896 -0.347061
-0.112377 -0.28292 0.401949 -0.327744 -0.598258 0.731212
-0.0216667 -0.410885 0.00306646 -0.212749 -0.707347 -0.674091
-0.431112 -0.33049 0.099503 -0.812984 -0.215687 -0.540866
0.0384195 -0.154738 -0.286741 -0.212749 -0.707346 -0.674091
-0.137474 -0.49452 0.217574 -0.327744 -0.598258 0.731212
-0.0457622 -0.281158 -0.125456 -0.212749 -0.707347 -0.674091
-0.127325 0.265923 0.184117 -0.335232 0.79724 0.502023
-0.236187 -0.422663 0.232121 -0.327744 -0.598258 0.731212
