ply
format ascii 1.0
comment Created by Open3D
element vertex 400
property double x
property double y
property double z
property double nx
property double ny
property double nz
end_header
-0.0310482 -0.191625 -0.0630626 -0.930848 -0.266753 0.24973
0.00213812 0.342027 0.142612 0.560013 0.708101 -0.430091
0.152922 -0.514899 0.0215101 0.349126 -0.850986 0.392344
0.0201317 0.127878 0.0417452 0.72149 -0.648201 0.24349
0.226028 -0.293513 0.281797 0.756102 0.540936 -0.368372
0.147432 -0.340235 0.186179 -0.349126 0.850986 -0.392344
-0.00664628 0.0201089 -0.260647 0.930848 0.266753 -0.24973
-0.0279759 -0.0836611 0.063712 -0.930848 -0.266753 0.24973
0.0309938 -0.45172 -0.109631 -0.930848 -0.266753 0.24973
-0.0488257 -0.17341 -0.109871 -0.930848 -0.266753 0.24973
0.124692 -0.255466 0.449251 -0.930848 -0.266753 0.24973
-0.00630285 -0.20895 0.0106675 -0.930848 -0.266753 0.24973
-0.217497 0.417347 -0.107552 -0.930848 -0.266753 0.24973
-0.00294172 0.147739 0.11552 0.349126 -0.850986 0.392344
0.0098462 -0.101201 0.185956 -0.930848 -0.266753 0.24973
-0.126344 -0.0551841 -0.27253 -0.930848 -0.266753 0.24973
-0.191657 0.329946 -0.388199 -0.349126 0.850986 -0.392344
-0.133665 0.440111 -0.200858 -0.349126 0.850986 -0.392344
-0.0564418 0.169588 0.190708 -0.349126 0.850986 -0.392344
0.109306 -0.197609 0.453705 -0.930848 -0.266753 0.24973
0.0650007 -0.515009 -0.0504761 -0.930848 -0.266753 0.24973
0.169406 -0.488727 -0.132195 0.581941 -0.131272 -0.802566
0.0150373 0.0885831 -0.100401 0.990245 0.030121 -0.136041
-0.106203 0.362298 -0.265502 0.954008 0.203429 -0.220192
-0.206705 0.357303 -0.136528 0.349125 -0.850986 0.392344
0.103935 -0.457449 0.156132 -0.930848 -0.266753 0.24973
0.136888 -0.307956 -0.0760618 0.930848 0.266753 -0.24973
0.135435 -0.116996 0.122497 0.930848 0.266753 -0.24973
-0.114226 -0.016023 -0.185528 -0.930848 -0.266753 0.24973
0.104768 -0.21905 0.207102 0.107858 0.4524 0.885269
-0.00551161 0.280687 0.240026 0.107858 0.4524 0.885269
-0.00925848 -0.0177321 -0.310804 0.930848 0.266753 -0.24973
0.0869261 -0.297313 0.249271 0.107858 0.4524 0.885269
-0.230487 0.272421 -0.478419 -0.349126 0.850986 -0.392344
0.0504021 -0.259458 0.0331386 0.349126 -0.850986 0.392344
0.0322315 0.313307 0.19745 0.930848 0.266753 -0.24973
0.0677544 -0.0978023 0.380858 -0.107858 -0.4524 -0.885269
-0.116824 0.31667 0.149561 -0.349126 0.850986 -0.392344
-0.182794 0.523231 0.134901 -0.930848 -0.266753 0.24973
-0.113153 0.168641 -0.239922 0.107858 0.4524 0.885269
0.146118 -0.106838 0.419589 0.107858 0.4524 0.885269
0.00982399 0.180987 0.227889 -0.107858 -0.4524 -0.885269
0.0341035 -0.0574026 -0.191551 0.930848 0.266753 -0.24973
0.148138 -0.398726 -0.131085 0.930848 0.266753 -0.24973
-0.123169 0.336948 -0.215896 0.449047 -0.816621 0.36261
-0.0994115 0.394443 -0.20638 0.954009 0.203427 -0.22019
-0.0246944 -0.161208 -0.297403 -0.107858 -0.4524 -0.885269
0.0666912 0.0865048 0.330462 0.107858 0.4524 0.885269
-0.0855538 0.30866 0.235483 0.107858 0.4524 0.885269
-0.00464788 0.140771 -0.124311 0.930848 0.266753 -0.24973
0.14791 -0.284236 0.173355 -0.107858 -0.4524 -0.885269
-0.11437 0.351952 0.206992 -0.930848 -0.266753 0.24973
0.245609 -0.256498 0.38415 0.930848 0.266753 -0.24973
-0.190422 0.495651 0.0770107 -0.930848 -0.266753 0.24973
0.127587 -0.33387 -0.138413 0.930848 0.266753 -0.24973
0.11137 -0.326846 0.286925 -0.349126 0.850986 -0.392344
-0.171177 0.171111 -0.234115 0.107858 0.4524 0.885269
0.173064 -0.403234 0.245786 0.349126 -0.850986 0.392344
0.018675 -0.0454059 0.278462 -0.930848 -0.266753 0.24973
-0.0367006 -0.0269854 -0.357169 0.581942 -0.131272 -0.802565
-0.162622 0.290109 -0.50034 0.581942 -0.131272 -0.802565
-0.135002 0.504765 -0.0594363 -0.349126 0.850986 -0.392344
-0.231532 0.199138 -0.392948 -0.930848 -0.266753 0.24973
0.0719804 -0.4331 0.0518968 -0.349126 0.850986 -0.392344
0.227107 -0.346972 0.319728 0.349126 -0.850986 0.392344
0.00386581 0.374458 0.190964 0.107858 0.4524 0.885269
0.103676 -0.0644885 0.0615528 0.881111 0.368916 -0.295879
-0.0868051 -0.0479081 -0.141248 -0.107858 -0.4524 -0.885269
-0.0574535 0.330711 0.127185 -0.349126 0.850986 -0.392344
0.130354 -0.050394 0.1747 0.930848 0.266753 -0.24973
2.5787e-05 0.0746955 -0.0469105 0.492568 -0.797803 0.347687
-0.188843 0.372923 -0.297487 -0.349126 0.850986 -0.392344
0.160019 -0.371231 0.326806 0.349126 -0.850986 0.392344
0.0895162 0.030387 0.201801 0.0458566 0.887254 -0.458997
0.0311191 -0.00266803 0.173567 -0.349126 0.850986 -0.392344
-0.0893076 0.0904773 0.0211118 -0.930848 -0.266753 0.24973
0.155619 0.0252505 0.349676 0.930848 0.266753 -0.24973
0.201517 -0.252397 0.333225 -0.0516985 0.891812 -0.449442
0.00126896 0.0289216 -0.173692 0.89471 -0.432388 0.111956
-0.0158225 -0.107047 0.0196214 -0.930848 -0.266753 0.24973
0.173073 -0.44808 -0.0908624 0.930848 0.266753 -0.24973
-0.0269363 0.270477 -0.0092663 0.295145 0.835747 -0.463052
-0.00860742 -0.309033 -0.104828 -0.930848 -0.266753 0.24973
0.0792517 -0.33501 -0.00598275 0.107858 0.4524 0.885269
-0.0671943 -0.105826 -0.122818 0.107858 0.4524 0.885269
0.0373208 0.2275 0.124765 0.930848 0.266753 -0.24973
0.000631595 0.0375666 0.0268479 -0.107858 -0.4524 -0.885269
0.0641545 -0.251314 0.22804 -0.930848 -0.266753 0.24973
-0.0242637 -0.257064 -0.107675 -0.930848 -0.266753 0.24973
-0.0707396 0.284737 0.0392908 -0.349126 0.850986 -0.392344
-0.0550194 0.350179 0.210545 0.107858 0.4524 0.885269
0.146298 -0.305247 0.476612 -0.930848 -0.266752 0.24973
-0.0748921 0.253245 0.248707 -0.930848 -0.266753 0.24973
-0.104293 0.455592 0.0251439 0.349126 -0.850986 0.392344
0.0207678 -0.0850697 0.243895 -0.930848 -0.266753 0.24973
0.0448645 -0.210076 0.15679 0.107858 0.4524 0.885269
0.0670504 0.0688009 0.278247 -0.107858 -0.4524 -0.885269
-0.132211 0.138415 -0.0876001 -0.930848 -0.266753 0.24973
-0.144457 -0.049467 -0.333938 -0.930848 -0.266753 0.24973
0.0766724 -0.571679 -0.0675045 -0.930848 -0.266753 0.24973
-0.209286 0.322377 -0.190178 -0.349127 0.850986 -0.392344
-0.0072228 0.190918 -0.0803437 0.930848 0.266753 -0.24973
-0.0237653 -0.0165567 0.101725 0.107858 0.4524 0.885269
0.199661 -0.422646 0.180014 0.349126 -0.850986 0.392344
0.0529371 -0.107528 -0.13312 0.748537 0.505143 0.429562
-0.00349493 -0.0143107 0.0538616 -0.107858 -0.4524 -0.885269
0.255029 -0.312626 0.359309 0.930848 0.266753 -0.24973
0.0295141 -0.0248777 0.340791 -0.930848 -0.266753 0.24973
-0.251835 0.221642 -0.44459 -0.930848 -0.266753 0.24973
0.0988482 -0.198918 -0.101383 0.930848 0.266753 -0.24973
-0.0348645 0.244229 -0.0653139 0.485706 -0.193723 -0.852385
-0.184669 0.419817 -0.199491 -0.349126 0.850986 -0.392344
0.204765 -0.499676 0.00839592 0.349126 -0.850986 0.392344
0.0785464 -0.223914 0.085188 0.349126 -0.850986 0.392344
-0.152603 0.225021 -0.263928 0.107858 0.4524 0.885269
0.0418318 -0.376038 0.0116069 -0.930848 -0.266753 0.249731
-0.195725 0.42438 -0.0188864 -0.930848 -0.266753 0.24973
0.214992 -0.327961 0.209089 0.689405 0.607548 -0.39447
0.11271 -0.385652 0.265529 -0.930848 -0.266753 0.24973
-0.0438926 0.503719 0.117095 0.930848 0.266753 -0.24973
0.0184131 0.242136 0.0699206 0.930848 0.266753 -0.24973
0.10197 -0.184001 0.403182 -0.107858 -0.4524 -0.885269
-0.233227 0.27825 -0.314765 -0.930848 -0.266753 0.24973
-0.241612 0.32743 -0.349205 -0.349126 0.850986 -0.392344
-0.18041 0.366363 -0.0660953 -0.107858 -0.4524 -0.885269
-0.201692 0.144787 -0.33978 -0.930848 -0.266753 0.24973
0.0595275 -0.0483648 0.400257 0.107858 0.4524 0.885269
0.0184284 -0.247931 -0.258339 -0.107858 -0.4524 -0.885269
-0.0953306 0.298721 0.0915035 -0.349126 0.850986 -0.392344
0.191964 -0.135921 0.376294 0.457849 -0.210402 -0.863774
0.0900229 -0.515559 0.0422041 -0.930848 -0.266753 0.24973
-0.0484496 0.0861787 -0.345892 0.930848 0.266753 -0.24973
-0.161404 0.514577 -0.0146608 -0.349126 0.850986 -0.392344
-0.229026 0.407869 -0.160649 -0.930848 -0.266753 0.24973
0.124924 -0.226869 -4.63786e-05 0.954771 -0.295347 0.0343937
0.0796097 -0.189507 -0.16304 0.930848 0.266753 -0.24973
0.109974 -0.547042 -0.00999125 0.349126 -0.850986 0.392344
-0.229106 0.391784 -0.220752 -0.349126 0.850986 -0.392344
-0.17519 0.447469 -0.147948 -0.349126 0.850986 -0.392344
0.232204 -0.173383 0.423288 0.92039 0.232748 -0.314182
0.0862624 -0.144536 -0.0898744 0.902641 0.328635 -0.277917
-0.129608 0.400701 -0.0713865 0.349126 -0.850986 0.392344
0.0326269 -0.171176 0.196123 -0.930848 -0.266753 0.24973
-0.162178 0.447801 0.0597546 0.349126 -0.850986 0.392344
0.0488295 -0.292345 -0.195944 -0.36529 0.696597 -0.617508
0.129236 -0.578865 -0.0961534 0.349126 -0.850987 0.392343
-0.132021 0.198842 -0.0924826 -0.349126 0.850986 -0.392344
-0.112958 0.325799 -0.106608 -0.107858 -0.4524 -0.885269
0.15584 -0.0792656 0.239503 0.95401 0.203426 -0.22019
0.00288865 0.084554 -0.156269 0.930848 0.266753 -0.24973
-0.151889 0.262312 -0.0286068 -0.930848 -0.266753 0.24973
0.0149774 0.220554 0.268259 0.107858 0.4524 0.885269
-0.00878134 -0.251838 -0.0443822 -0.930848 -0.266753 0.24973
-0.171272 0.564993 0.103472 -0.349126 0.850986 -0.392345
0.0811077 -0.281938 -0.0333305 0.107858 0.4524 0.885269
-0.234699 0.332325 -0.26249 -0.930848 -0.266753 0.24973
-0.0315192 -0.216496 -0.268318 -0.107858 -0.4524 -0.885269
0.0612974 -0.347567 -0.212645 -0.107858 -0.4524 -0.885269
-0.183974 0.150726 -0.437405 -0.107858 -0.4524 -0.885269
0.187033 -0.264099 0.208562 0.718311 0.511913 0.471141
-0.0801551 0.548485 0.0297473 0.930848 0.266753 -0.24973
-0.126845 0.270544 0.0584308 -0.349126 0.850986 -0.392344
-0.0539326 -0.260036 -0.243337 -0.107858 -0.4524 -0.885269
-0.179287 0.0437322 -0.383299 -0.107858 -0.4524 -0.885269
-0.063545 0.28058 -0.0872927 0.199147 -0.341746 -0.91845
-0.0867384 0.519895 -0.02533 0.930848 0.266753 -0.24973
-0.0822647 -0.0867491 -0.32844 -0.107858 -0.4524 -0.885269
-0.170443 0.474445 -0.093662 -0.349126 0.850986 -0.392344
0.046856 0.2515 0.185941 0.930848 0.266753 -0.24973
0.136165 -0.0346758 0.383925 0.107858 0.4524 0.885269
-0.00476639 0.172929 0.295003 0.107858 0.4524 0.885269
-0.137303 0.0215612 -0.231399 -0.930848 -0.266753 0.24973
-0.121319 0.526865 0.128331 0.107858 0.4524 0.885269
0.0455894 -0.206289 -0.268172 0.581942 -0.131272 -0.802565
0.121201 -0.261361 0.380597 -0.349126 0.850986 -0.392344
0.0146987 -0.147844 0.15422 -0.930848 -0.266753 0.24973
0.206252 -0.0974808 0.407309 0.930848 0.266753 -0.24973
-0.0969586 0.39203 -0.140762 0.846649 -0.508548 0.156731
-0.100424 0.319329 -0.0430259 0.107858 0.4524 0.885269
0.197723 -0.404706 0.0607785 0.709511 0.588722 -0.387299
-0.211782 0.494621 -0.00370967 -0.930848 -0.266753 0.24973
0.110586 -0.131679 0.375394 -0.107858 -0.4524 -0.885269
-0.171776 0.296245 -0.084339 -0.107858 -0.4524 -0.885269
0.170867 -0.240405 0.381855 -0.349126 0.850986 -0.392344
0.0125041 -0.00979892 -0.221212 0.930848 0.266753 -0.24973
0.125543 0.0393293 0.256934 0.831737 0.446723 -0.329625
-0.0116316 -0.0440376 0.166958 -0.930848 -0.266753 0.24973
0.0270481 -0.098132 -0.0298704 -0.349126 0.850986 -0.392344
-0.0588172 0.0311529 -0.382715 0.581942 -0.131272 -0.802565
0.119773 0.0726294 0.331086 0.107858 0.4524 0.885269
-0.0154011 -0.0808322 -0.124343 0.107858 0.4524 0.885269
0.0595831 0.154028 0.296822 0.107858 0.4524 0.885269
0.0352044 0.0373212 0.359433 0.107858 0.4524 0.885269
0.116092 -0.436873 0.223425 -0.930848 -0.266753 0.24973
-0.205891 0.104425 -0.398545 -0.930848 -0.266753 0.24973
-0.130185 0.288059 -0.434914 0.930848 0.266753 -0.24973
-0.0951707 0.0790921 -0.411617 -0.107858 -0.4524 -0.885269
0.146318 -0.166955 0.389068 -0.107858 -0.4524 -0.885269
-0.130119 0.0506501 -0.173551 -0.930848 -0.266753 0.24973
-0.0290146 0.202777 -0.12696 0.637841 0.651543 -0.410671
0.107498 -0.460035 -0.1608 -0.107858 -0.4524 -0.885269
-0.0859743 -0.110999 -0.181673 -0.930848 -0.266753 0.24973
0.117411 -0.514979 -0.133929 -0.107858 -0.4524 -0.885269
-0.140923 0.170331 -0.1464 -0.349126 0.850986 -0.392344
0.104624 -0.123296 0.280222 0.349126 -0.850986 0.392344
0.00200132 -0.15528 0.0989486 -0.930848 -0.266753 0.24973
0.0335154 -0.137367 -0.279159 0.930848 0.266753 -0.24973
0.259391 -0.228983 0.464913 0.930848 0.266753 -0.24973
0.0507773 -0.153323 0.2432 -0.349126 0.850986 -0.392344
-0.129051 0.377419 -0.335236 0.930848 0.266753 -0.24973
0.218571 -0.462213 0.0773681 0.349126 -0.850986 0.392344
0.0627552 -0.523195 -0.123071 -0.107858 -0.4524 -0.885269
0.02325 -0.2204 0.102401 0.349126 -0.850986 0.392344
-0.12926 0.46623 -0.148127 -0.349126 0.850986 -0.392344
0.113949 -0.371359 0.00836491 0.107858 0.4524 0.885269
0.133286 -0.189863 0.0787904 0.923126 -0.376179 0.0795483
-0.0713131 0.0738256 0.0703978 -0.930848 -0.266753 0.24973
0.0488303 -0.0677269 0.0166949 -0.349126 0.850986 -0.392344
0.100482 0.00812523 0.32393 -0.359828 0.788124 -0.499383
0.175831 -0.458991 0.122387 0.349126 -0.850986 0.392344
0.132445 -0.348457 0.37882 -0.930848 -0.266753 0.24973
0.200553 -0.438412 0.0220245 0.921999 0.287558 -0.259284
0.0922338 -0.415485 0.111698 -0.349127 0.850986 -0.392344
-0.0413625 -0.227203 -0.139512 -0.930848 -0.266753 0.24973
-0.144018 0.0763215 -0.40425 -0.107858 -0.4524 -0.885269
0.0230272 -0.0756409 -0.252319 0.930848 0.266753 -0.24973
-0.067205 -0.14842 -0.151685 -0.930848 -0.266753 0.24973
-0.0742836 0.144911 -0.37945 0.930848 0.266753 -0.24973
-0.111391 0.324779 -0.313867 0.994074 -0.0612419 -0.0898181
0.0337338 -0.403315 -0.0477135 -0.930848 -0.266753 0.24973
-0.0667376 0.189086 -0.274152 0.823154 0.478588 0.305567
0.0912211 -0.477549 0.0872716 -0.930848 -0.266753 0.24973
-0.153034 0.0811838 -0.226349 -0.930848 -0.266753 0.24973
0.163836 -0.168439 0.44891 0.107858 0.4524 0.885269
-0.163353 0.291371 -0.278494 0.349126 -0.850986 0.392344
0.125949 -0.0843174 0.34579 0.349126 -0.850986 0.392344
0.0532412 -0.133049 -0.201019 0.930848 0.266753 -0.24973
-0.179383 0.127731 -0.274844 -0.930848 -0.266753 0.24973
0.111655 -0.262191 -0.121232 0.930848 0.266753 -0.24973
-0.0708049 0.174528 -0.334847 0.930848 0.266753 -0.24973
-0.0359132 -0.0299177 -0.147863 0.107858 0.4524 0.885269
-0.117595 0.243242 0.014439 -0.930848 -0.266753 0.24973
-0.150087 0.347749 -0.168015 0.349126 -0.850986 0.392344
-0.0725834 0.565418 0.102691 0.107858 0.4524 0.885269
0.0722973 -0.300808 0.191036 -0.107858 -0.4524 -0.885269
0.0218797 -0.316774 -0.00831192 0.107858 0.4524 0.885269
0.202993 -0.538048 -0.0754387 0.930848 0.266753 -0.24973
-0.140305 0.181939 -0.458677 -0.107858 -0.4524 -0.885269
-0.0143818 0.31065 0.0715136 0.38647 0.801348 -0.456599
-0.0114901 -0.085018 0.123712 -0.930848 -0.266753 0.24973
0.0205145 0.117507 0.259027 -0.107858 -0.4524 -0.885269
-0.0306039 -0.132565 -0.0532537 -0.349126 0.850986 -0.392344
0.217598 -0.408822 0.117037 0.930848 0.266753 -0.24973
0.0421936 -0.0755383 0.333939 -0.930848 -0.266753 0.24973
-0.0499589 0.182024 -0.183513 0.262424 0.845982 -0.464164
-0.235751 0.173634 -0.435919 -0.930848 -0.266753 0.24973
0.0188148 0.285682 0.117932 0.930848 0.266753 -0.24973
-0.170574 0.473423 0.127247 -0.930848 -0.266753 0.24973
-0.0948593 0.423717 0.116601 -0.107858 -0.4524 -0.885269
0.236253 -0.389654 0.207044 0.930848 0.266753 -0.24973
0.113555 -0.221364 0.145412 -0.107858 -0.4524 -0.885269
0.0654021 0.16592 0.235758 0.417203 -0.233747 -0.878239
-0.0830835 0.443 -0.0546612 0.932887 -0.353849 0.0671686
-0.123798 0.42498 -0.0238977 0.349126 -0.850986 0.392344
0.173135 -0.544781 -0.120323 0.581941 -0.131272 -0.802566
-0.165411 0.0605043 -0.294575 -0.930848 -0.266753 0.24973
-0.0269877 0.125012 -0.224414 0.930848 0.266753 -0.24973
-0.0345913 0.0883837 -0.291881 0.930848 0.266753 -0.24973
0.204297 -0.320272 0.397935 0.349126 -0.850986 0.392344
0.158081 -0.487343 0.0766882 0.349126 -0.850986 0.392344
-0.183242 0.0912112 -0.328236 -0.930848 -0.266753 0.24973
0.0913892 -0.00254761 0.141083 0.295139 0.835749 -0.463052
0.10867 -0.179236 -0.0437501 0.930848 0.266753 -0.24973
-0.0535048 0.200105 0.271664 -0.930848 -0.266753 0.24973
0.112778 -0.40036 -0.18771 0.581942 -0.131272 -0.802565
0.161286 -0.375276 -0.0570308 0.930848 0.266753 -0.24973
-0.0450205 0.282402 0.19818 -0.234766 0.960301 0.150691
-0.0262466 -0.157354 -0.00855864 -0.930848 -0.266753 0.24973
0.0337268 0.18113 0.0621931 0.954009 0.203428 -0.220191
-0.0350638 0.140986 0.2538 -0.107858 -0.4524 -0.885269
0.120168 -0.165035 0.0142781 0.930848 0.266753 -0.24973
0.0693362 -0.197191 -0.209541 0.930848 0.266753 -0.24973
0.215458 -0.264827 0.491879 0.107858 0.4524 0.885269
0.135078 -0.253118 0.220819 0.107858 0.4524 0.885269
0.0180967 -0.125698 -0.0816944 -0.349126 0.850986 -0.392344
0.0757577 0.00749402 0.0547383 0.754644 0.00710948 -0.656096
0.0353931 0.196048 0.177933 0.687626 -0.67706 0.262221
-0.122674 0.473199 0.0796899 0.349126 -0.850986 0.392344
-0.0887577 0.247605 -0.308192 0.879948 0.441677 0.174969
0.156194 -0.086968 0.292042 0.854248 -0.497713 0.150139
-0.175346 0.220759 -0.474246 -0.107858 -0.4524 -0.885269
-0.127602 0.333007 -0.377274 0.930848 0.266753 -0.24973
-0.0912549 0.0440579 -0.0357303 -0.930848 -0.266753 0.24973
0.0569461 0.0621999 0.0509083 0.821599 0.479334 0.308568
0.0934457 -0.1259 -0.0435242 0.930848 0.266753 -0.24973
0.0714704 -0.269955 -0.238992 0.581941 -0.131272 -0.802566
-0.0892459 0.244356 0.185709 -0.930848 -0.266753 0.24973
0.0863863 -0.130008 0.438707 0.107858 0.4524 0.885269
0.14157 -0.127886 0.22968 0.68762 -0.677066 0.262224
-0.216445 0.30228 -0.426149 -0.349126 0.850986 -0.392344
-0.0595691 -0.215265 -0.194623 -0.930848 -0.266753 0.24973
-0.145452 0.41078 -0.253989 -0.349126 0.850986 -0.392344
0.0100959 0.144531 -0.0653394 0.930847 0.266755 -0.249731
-0.140632 0.114365 -0.144678 -0.930848 -0.266753 0.24973
-0.12186 0.381902 0.158817 -0.107858 -0.4524 -0.885269
-0.118204 0.26476 -0.0747763 -0.107858 -0.4524 -0.885269
0.16608 -0.203839 0.173596 0.821603 0.479332 0.308561
0.136066 -0.0178146 0.230793 0.930848 0.266753 -0.24973
-0.198664 0.190832 -0.279311 -0.930848 -0.266753 0.24973
0.170051 -0.303346 0.246064 -0.349126 0.850986 -0.392344
-0.212884 0.244305 -0.275196 -0.930848 -0.266753 0.24973
0.0595856 -0.468414 -0.0208899 -0.930848 -0.266753 0.24973
-0.107088 0.224497 -0.416715 0.930848 0.266753 -0.24973
-0.0252696 0.0350426 -0.314112 0.930848 0.266753 -0.24973
-0.032975 0.0808081 0.0088447 -0.107858 -0.4524 -0.885269
-0.25008 0.263618 -0.393209 -0.930848 -0.266753 0.24973
-0.0278245 -0.289372 -0.155457 -0.930848 -0.266753 0.24973
-0.104686 0.162536 0.0407595 -0.930848 -0.266753 0.24973
-0.0185153 0.0881104 0.282456 -0.930848 -0.266753 0.24973
0.148416 -0.128888 0.177076 0.985006 -0.169232 -0.0335268
-0.0981318 -0.00981086 -0.322855 0.325092 -0.916616 0.232657
-0.0464052 0.0472233 -0.0638217 0.349126 -0.850986 0.392344
0.191083 -0.461053 -0.0375897 0.930848 0.266753 -0.24973
-0.148953 0.137921 -0.189743 0.349126 -0.850986 0.392344
-0.00850239 0.128969 0.317923 0.107858 0.4524 0.885269
0.20944 -0.354194 0.159026 0.706619 0.591474 -0.388392
-0.05671 0.0193072 0.0665951 -0.930848 -0.266753 0.24973
0.029529 -0.0152031 0.112097 0.107858 0.4524 0.885269
-0.12372 0.0223557 -0.379145 -0.107858 -0.4524 -0.885269
-0.12843 0.209272 -0.03344 -0.349126 0.850986 -0.392344
0.0123125 0.190675 -0.00778756 0.930848 0.266753 -0.24973
-0.108679 0.113091 -0.0269371 -0.930848 -0.266753 0.24973
0.166635 -0.389336 -0.000122191 0.689672 0.516797 0.507221
-0.00887613 -0.36196 -0.162364 -0.930848 -0.266753 0.24973
-0.0416489 0.0216144 -0.123599 0.349126 -0.850986 0.392344
0.0162875 0.0350259 0.308138 -0.349126 0.850986 -0.392344
0.0954875 -0.26272 -0.18206 0.930851 0.266744 -0.249726
0.151473 -0.0106179 0.295906 0.930848 0.266752 -0.24973
0.248128 -0.28444 0.436651 0.349126 -0.850986 0.392344
-0.216681 0.470507 -0.061059 -0.349126 0.850986 -0.392344
-0.221409 0.219506 -0.33346 -0.930848 -0.266753 0.24973
0.0071273 -0.092049 -0.314747 0.581957 -0.131263 -0.802556
-0.165814 0.312272 -0.031453 0.107858 0.4524 0.885269
-0.0862824 0.178758 0.126686 -0.930848 -0.266753 0.24973
0.0253877 0.0857816 0.00537183 0.373074 -0.257851 -0.891251
0.0114375 -0.335946 -0.0588598 -0.930848 -0.266753 0.24973
-0.116019 0.0741399 -0.095905 -0.930848 -0.266753 0.24973
0.141825 -0.327731 -0.0292155 0.719973 0.511586 0.468954
-0.00867245 -0.316372 -0.220062 -0.107858 -0.4524 -0.885269
0.0158207 0.0856908 0.337076 0.107858 0.4524 0.885269
0.18086 -0.0622813 0.360089 0.829655 0.0860597 -0.551604
-0.00834804 0.063396 0.0765454 0.107858 0.4524 0.885269
-0.0991442 0.137958 -0.429426 0.581942 -0.131272 -0.802565
0.118074 -0.0646203 0.113733 0.930848 0.266753 -0.24973
-0.019956 0.445123 0.143727 0.930848 0.266753 -0.24973
0.0832379 -0.377567 0.164312 -0.930848 -0.266752 0.24973
-0.0699601 0.37812 0.136869 -0.107858 -0.4524 -0.885269
0.1079 -0.295052 0.339166 0.349126 -0.850986 0.392344
-0.152948 0.423007 0.13282 0.107858 0.4524 0.885269
-0.047285 0.134504 -0.289932 0.930848 0.266753 -0.24973
0.0924424 -0.17148 0.186553 0.349126 -0.850986 0.392344
-0.0878525 0.448299 -0.105959 0.930848 0.266753 -0.24973
-0.136304 0.559077 0.0595254 -0.349126 0.850986 -0.392344
0.118656 -0.250571 -0.0725477 0.994123 -0.0573956 -0.0917893
-0.00124913 -0.0247018 0.226312 -0.930848 -0.266753 0.24973
-0.14879 0.00374113 -0.293253 -0.930848 -0.266753 0.24973
-0.108777 0.23596 0.103943 -0.930848 -0.266753 0.24973
-0.00421452 0.050212 -0.219428 0.930848 0.266753 -0.24973
-0.10692 -0.076769 -0.223183 -0.930848 -0.266753 0.24973
-0.0779618 -0.16079 -0.204993 -0.930848 -0.266753 0.24973
0.0621255 0.235045 0.228765 0.8846 0.161153 -0.437621
-0.0843041 0.204976 -0.121639 -0.349126 0.850986 -0.392344
0.0195153 -0.0560706 0.0680631 -0.349126 0.850986 -0.392344
0.156663 -0.244607 0.488709 0.107858 0.4524 0.885269
0.100724 -0.100588 0.0106419 0.930848 0.266753 -0.24973
-0.0984548 -0.154323 -0.27447 -0.930848 -0.266753 0.24973
-0.163801 0.0147758 -0.337417 -0.930848 -0.266753 0.24973
0.17589 -0.36558 0.111637 -0.0291079 0.891516 -0.452053
-0.0612581 0.414898 0.178232 0.107858 0.4524 0.885269
-0.00870295 -0.165408 0.0482306 -0.930848 -0.266753 0.24973
-0.097802 0.0159469 -0.12554 0.349126 -0.850986 0.392344
-0.10075 0.500505 -0.0982674 0.930848 0.266753 -0.24973
-0.105293 0.263297 -0.368581 0.930848 0.266753 -0.24973
0.0150526 0.0272342 0.252721 -0.349126 0.850986 -0.392344
0.053944 -0.42955 -0.169853 -0.107859 -0.452401 -0.885268
0.198264 -0.211454 0.405521 -0.0735097 -0.442271 -0.893864
0.154422 -0.284047 0.30183 -0.349126 0.850986 -0.392344
0.110199 -0.319096 -0.187443 0.930848 0.266753 -0.24973
0.106345 0.117082 0.275996 0.807279 0.0605344 -0.587057
0.049412 -0.134962 0.297371 -0.930848 -0.266753 0.24973
-0.0795929 -0.208404 -0.261932 -0.930848 -0.266753 0.24973
-0.0682798 0.118659 0.110587 0.349126 -0.850986 0.392344
-0.074904 0.492316 0.0640125 0.785524 -0.584577 0.203032
0.131941 -0.299743 0.428977 -0.930848 -0.266753 0.24973
0.101582 -0.35355 0.217907 0.349127 -0.850986 0.392344
-0.0873812 0.462433 0.157123 0.107858 0.4524 0.885269
-0.0762523 0.369623 -0.0795407 0.622598 0.523568 0.581591
0.239909 -0.356504 0.256082 0.930848 0.266752 -0.24973
0.131639 -0.398968 0.0728427 -0.349126 0.850986 -0.392344
0.156663 -0.548759 -0.0552615 0.349126 -0.850986 0.392344
