ply
format ascii 1.0
comment Created by Open3D
element vertex 400
property double x
property double y
property double z
property double nx
property double ny
property double nz
end_header
0.051594 -0.306445 0.242499 -0.550754 -0.669533 0.498393
-0.145045 -0.204749 0.0687669 0.479247 0.235212 0.845576
-0.213256 0.0703415 0.121584 0.550754 0.669534 -0.498392
0.364005 -0.0931194 -0.250799 -0.479246 -0.235213 -0.845576
0.0509005 -0.240943 0.249357 0.479247 0.235212 0.845576
-0.399774 -0.0318886 0.0242666 -0.479247 -0.235212 -0.845576
0.291908 -0.363095 0.13971 0.683369 -0.704557 -0.191328
0.261695 -0.377772 0.0922172 -0.550754 -0.669533 0.498393
-0.329366 0.180943 0.347526 0.479247 0.235212 0.845576
0.127285 -0.460003 -0.0914151 0.683369 -0.704557 -0.191328
0.280154 -0.0510887 -0.0741769 0.479246 0.235211 0.845576
-0.13623 -0.124727 0.0415117 0.479247 0.235212 0.845576
0.00107288 -0.48295 -0.0504443 -0.550753 -0.669534 0.498394
0.0742595 -0.464989 -0.0597733 -0.396391 0.917573 -0.0305767
0.0873244 -0.492297 -0.115221 0.683369 -0.704557 -0.191328
-0.33572 -0.0866654 0.00320025 -0.479247 -0.235212 -0.845576
-0.455654 0.216809 0.187455 -0.683369 0.704557 0.191328
-0.137051 -0.0177905 0.293808 0.479247 0.235212 0.845576
-0.191958 -0.157991 -0.0584395 -0.479247 -0.235212 -0.845575
0.0319899 -0.474176 -0.00449255 -0.550754 -0.669533 0.498393
-0.499256 0.184732 0.149845 -0.683369 0.704557 0.191328
0.389175 -0.283301 -0.116898 0.434916 -0.900462 0.00398216
-0.0226816 -0.422878 0.00400524 -0.550754 -0.669533 0.498393
0.320479 -0.197735 -0.163033 0.434917 -0.900462 0.00398157
0.250995 -0.319778 0.157879 0.479247 0.235212 0.845576
0.260937 -0.215444 -0.205408 -0.113615 -0.938689 0.325507
0.156646 -0.138705 -0.1049 -0.877669 0.133401 0.460328
-0.366234 0.0805933 0.300715 -0.550754 -0.669533 0.498393
0.424685 -0.109006 -0.0391187 -0.851643 -0.1083 0.512811
0.272671 -0.000255306 -0.159597 -0.275237 0.955099 -0.109681
0.440762 -0.222988 -0.185635 0.806994 -0.496886 -0.319163
0.422661 -0.0702311 -0.0811215 0.550754 0.669533 -0.498393
-0.521359 0.0869474 0.137829 -0.550754 -0.669533 0.498393
-0.0254898 -0.128091 0.261261 0.479247 0.235212 0.845576
0.402216 -0.0612332 -0.00375276 -0.0700968 -0.950086 0.304012
-0.122647 0.0548448 0.200895 0.550754 0.669533 -0.498393
-0.075011 0.0248169 0.213196 0.550754 0.669533 -0.498393
-0.275558 -0.0530501 -0.0402485 -0.479246 -0.235211 -0.845576
0.0633103 -0.268285 0.0741988 -0.831662 0.490827 -0.259667
0.412335 -0.181888 -0.097446 0.683369 -0.704557 -0.191328
0.454159 -0.183561 -0.135948 0.479247 0.235212 0.845575
-0.0582893 -0.369275 0.0366659 -0.550754 -0.669533 0.498393
0.355688 -0.186189 -0.283935 0.683369 -0.704557 -0.191328
-0.0211905 -0.221103 -0.0576943 0.550754 0.669533 -0.498393
-0.148311 -0.279454 0.0578502 -0.550753 -0.669533 0.498393
0.261139 -0.00556331 -0.0760638 0.479247 0.235212 0.845575
0.187459 -0.385082 -0.152386 0.683369 -0.704557 -0.191328
-0.0959666 -0.165317 -0.0653844 0.550754 0.669533 -0.498393
-0.28848 0.0425866 0.33558 -0.550754 -0.669533 0.498393
0.337693 -0.000860262 -0.181353 0.113623 0.938687 -0.32551
-0.26176 0.107963 0.118525 0.550754 0.669534 -0.498392
-0.346587 -0.00529 0.207052 -0.550754 -0.669533 0.498393
-0.108312 -0.0567777 0.133466 0.00978927 -0.602256 -0.798243
-0.432529 0.159377 -0.00111545 0.550754 0.669533 -0.498393
-0.160001 0.0414953 0.141683 0.550754 0.669533 -0.498393
-0.423886 0.218421 0.0877542 0.550752 0.669536 -0.498391
0.165273 -0.37849 0.0598674 -0.727709 -0.432121 0.532645
0.181157 -0.408514 -0.0886053 0.683369 -0.704557 -0.191328
0.242798 -0.302866 -0.137836 0.479247 0.235211 0.845575
-0.121616 -0.135831 0.280291 -0.550754 -0.669533 0.498393
0.130705 -0.339597 -0.190798 -0.479252 -0.235208 -0.845574
0.444107 -0.129371 -0.145325 0.479247 0.235211 0.845576
0.336251 -0.304792 0.0833932 0.683369 -0.704557 -0.191328
0.367353 -0.145446 0.043437 0.479249 0.235209 0.845575
-0.217996 0.0445324 0.322349 0.479247 0.235212 0.845576
-0.353718 0.112672 0.0232319 0.550754 0.669534 -0.498392
-0.154959 0.00516704 0.0984517 0.550752 0.669533 -0.498396
-0.141564 -0.122289 0.180004 -0.196455 -0.476356 -0.857024
0.314883 -0.0280683 -0.100264 0.479246 0.235212 0.845576
0.316825 -0.135194 -0.285346 0.550754 0.669533 -0.498393
0.382637 -0.252144 0.0551957 0.683369 -0.704557 -0.191328
0.461844 -0.134459 -0.0952692 0.683369 -0.704557 -0.191328
-0.213993 0.109735 0.173691 0.550754 0.669533 -0.498393
-0.480755 0.140659 0.254853 -0.550754 -0.669533 0.498393
-0.13953 -0.0936399 -0.0172343 0.550754 0.669533 -0.498393
0.0295251 -0.100842 0.159906 0.550754 0.669533 -0.498393
-0.38847 0.176643 0.0707665 0.550754 0.669532 -0.498394
0.121296 -0.222662 -0.115704 -0.683369 0.704557 0.191328
-0.220941 -0.219057 -0.0250263 -0.479248 -0.235213 -0.845575
-0.28327 0.18707 0.319695 0.479247 0.235212 0.845576
-0.144013 -0.145701 -0.0890318 -0.479247 -0.235212 -0.845576
0.268954 -0.337584 -0.036219 0.683369 -0.704557 -0.191328
-0.0870097 -0.205452 -0.104719 -0.479247 -0.235212 -0.845576
0.119007 -0.449558 0.124737 -0.550754 -0.669533 0.498393
-0.116582 0.0129422 0.151306 0.550752 0.669533 -0.498395
0.0465794 -0.521468 -0.0795691 0.0723259 -0.970728 0.229033
0.258799 -0.267055 -0.0549874 -0.404426 -0.795864 0.4506
-0.275037 -0.0234824 0.261679 -0.550754 -0.669533 0.498393
-0.199475 -0.00652717 0.326055 0.479247 0.235212 0.845576
0.126084 -0.203907 -0.167664 -0.683369 0.704557 0.191328
0.392399 -0.124052 -0.0959149 -0.851643 -0.1083 0.512811
0.0792727 -0.249554 0.0141734 0.367169 0.837284 -0.405144
-0.00093639 -0.246898 0.264444 -0.550754 -0.669533 0.498393
0.275763 -0.262061 0.127786 0.479247 0.235212 0.845576
0.164278 -0.225642 0.106984 -0.157719 0.970818 -0.18066
0.225706 -0.417158 0.114827 0.479247 0.235212 0.845576
-0.298306 -0.0849761 0.153356 -0.550754 -0.669533 0.498393
0.0119843 -0.386234 0.0915394 -0.550754 -0.669533 0.498393
0.213852 -0.342132 -0.110508 0.479247 0.235212 0.845576
0.0369863 -0.419781 -0.0309529 0.872857 -0.228597 -0.43112
-0.34328 -0.0439873 0.158721 -0.550754 -0.669533 0.498393
0.316588 -0.147889 0.0728887 0.479247 0.235212 0.845576
-0.257624 0.150625 0.180407 0.550754 0.669534 -0.498392
-0.114485 -0.174366 0.183784 -0.479247 -0.235212 -0.845576
-0.246251 -0.212124 0.0400709 -0.550754 -0.669533 0.498393
-0.0459813 -0.403818 -0.0727935 -0.479247 -0.235212 -0.845576
0.194422 -0.251517 -0.00360549 0.550754 0.669533 -0.498393
0.323972 -0.254385 0.0983276 0.479247 0.235212 0.845576
-0.0276481 -0.356606 0.0781105 -0.33319 0.723871 0.604148
-0.138309 -0.0657242 0.0369315 0.77334 -0.184673 0.606499
0.439126 -0.238716 -0.112086 0.479247 0.235212 0.845575
0.132942 -0.436159 0.0359539 -0.472353 0.881119 0.0226165
0.0845585 -0.445723 0.0162963 0.283811 0.870129 -0.402898
-0.321797 0.00797883 -0.0310178 -0.479247 -0.235212 -0.845576
-0.0187729 -0.0142768 0.225794 0.479247 0.235212 0.845576
0.0608113 -0.227178 0.0963363 -0.646417 -0.0355995 -0.762153
-0.333552 0.234164 0.335094 0.479247 0.235212 0.845576
0.300182 -0.251809 -0.0156153 -0.479247 -0.235212 -0.845576
0.21549 -0.313892 -0.0641171 0.550754 0.669533 -0.498393
0.162099 -0.163178 -0.189011 -0.683369 0.704557 0.191328
0.136601 -0.316524 0.160164 0.683369 -0.704557 -0.191328
0.292808 -0.0908058 -0.21109 -0.479247 -0.235212 -0.845576
0.0656843 -0.177602 0.223358 0.479247 0.235212 0.845576
0.0758972 -0.267951 -0.111076 -0.683369 0.704557 0.191328
0.16574 -0.269309 -0.230206 -0.479247 -0.235211 -0.845575
-0.0228622 -0.361812 -0.0975812 -0.479248 -0.235213 -0.845575
0.186148 -0.130105 -0.224904 -0.683369 0.704557 0.191328
0.437122 -0.0838652 -0.208318 0.751265 0.388183 -0.533774
0.391735 -0.274361 -0.201845 0.640296 -0.752625 -0.153545
-0.462429 0.226022 0.129332 -0.683369 0.704557 0.191328
0.352099 -0.0773721 -0.0538926 0.275235 -0.9551 0.109683
-0.0112742 -0.200958 0.132684 -0.479247 -0.235212 -0.845576
0.332677 -0.129279 -0.0110287 0.826285 0.203927 -0.525039
-0.00567362 -0.316665 -0.119882 -0.479247 -0.235212 -0.845576
0.195116 -0.0461779 -0.168135 -0.479246 -0.235211 -0.845576
0.0832414 -0.438504 -0.136384 -0.479247 -0.235212 -0.845576
0.00860132 -0.414718 -0.100697 -0.479247 -0.235212 -0.845576
0.277945 -0.180514 -0.297916 -0.851644 -0.108297 0.512811
-0.151227 0.0453751 0.284272 0.479247 0.235212 0.845576
-0.313343 0.098448 0.144286 0.550754 0.669533 -0.498393
0.308518 -0.182168 -0.0983859 -0.365101 -0.822681 0.435771
0.343504 -0.148749 -0.182331 -0.851645 -0.10829 0.51281
0.457982 -0.159532 -0.196382 0.876803 -0.0852472 -0.473233
0.0953019 -0.353151 0.228054 -0.550753 -0.669535 0.498392
0.241971 -0.220848 -0.258437 -0.463774 -0.441187 -0.768289
0.13405 -0.238381 0.0638257 -0.0723254 0.970728 -0.229033
-0.469741 0.232385 0.0558402 0.550753 0.669534 -0.498393
-0.41918 0.0879382 0.252073 -0.550754 -0.669533 0.498393
-0.429648 0.0270025 0.0248168 -0.479247 -0.235212 -0.845576
0.115222 -0.367841 0.0860495 0.669425 -0.721031 -0.178842
-0.081987 -0.00681446 0.259547 0.479247 0.235212 0.845576
0.194484 -0.23193 -0.256896 -0.479241 -0.235216 -0.845578
0.186123 -0.427996 0.000868567 0.683369 -0.704557 -0.191328
-0.0125337 -0.0481456 0.184221 0.550754 0.669533 -0.498393
0.393194 -0.222352 -0.0168046 0.683369 -0.704557 -0.191328
-0.205452 -0.215182 0.0810493 -0.550754 -0.669533 0.498393
-0.0415112 -0.454433 -0.0591935 -0.550754 -0.669533 0.498393
-0.0999324 -0.317258 0.0605271 -0.550753 -0.669533 0.498393
0.0295352 -0.277701 -0.0845653 0.267909 0.878236 -0.39614
0.268926 -0.18423 -0.141863 -0.616061 -0.596052 0.514967
0.26493 -0.295458 -0.205716 0.683369 -0.704557 -0.191328
-0.541997 0.101398 0.0677983 -0.479247 -0.235212 -0.845576
0.335299 -0.19137 -0.337678 0.683369 -0.704557 -0.191328
-0.241454 -0.0604285 0.249157 -0.550752 -0.669533 0.498395
0.317412 -0.303848 0.0126307 0.683369 -0.704557 -0.191328
0.241412 -0.0641068 -0.189387 -0.479247 -0.235212 -0.845575
-0.112625 0.0737371 0.254504 0.479247 0.235212 0.845576
0.188982 -0.144614 -0.0451389 -0.86854 -0.0115829 0.495484
0.300327 -0.193493 -0.250201 0.837344 -0.411243 -0.360186
0.432149 -0.175966 -0.0484831 0.683369 -0.704557 -0.191328
0.0860935 -0.307591 -0.174417 -0.479247 -0.235212 -0.845576
-0.0494065 -0.0719548 0.118412 -0.479247 -0.235212 -0.845576
0.144638 -0.269148 -0.0823042 0.550754 0.669533 -0.498393
0.359852 -0.172688 -0.226312 -0.479247 -0.235213 -0.845575
0.0584833 -0.40345 0.119797 -0.550754 -0.669533 0.498393
-0.536279 0.177468 0.0443595 -0.683369 0.704557 0.191328
0.0356413 -0.332082 0.190429 -0.550754 -0.669532 0.498395
-0.248704 0.139181 0.313426 0.479247 0.235212 0.845576
-0.307608 0.126323 0.18807 0.550754 0.669533 -0.498393
-0.408122 0.20782 0.172436 0.695105 -0.698474 -0.170188
-0.401934 -0.0166814 0.130587 -0.550754 -0.669533 0.498393
-0.429299 0.191413 0.375112 -0.683369 0.704557 0.191328
0.480045 -0.092067 -0.0352815 0.479247 0.235212 0.845575
0.0477009 -0.401067 -0.0797773 0.147943 -0.971285 0.186331
0.200749 -0.202982 -0.0479313 -0.751265 -0.388183 0.533774
0.20209 -0.350952 -0.22581 0.683369 -0.704557 -0.191328
-0.160436 0.11921 0.245604 0.550754 0.669533 -0.498393
0.152682 -0.204712 -0.240774 -0.479245 -0.235213 -0.845576
-0.222344 -0.0628686 -0.0674108 0.550754 0.669533 -0.498393
0.357159 -0.171289 -0.0449773 -0.0264035 -0.959121 0.281761
-0.0888085 -0.222459 0.0418205 0.479247 0.235212 0.845576
-0.17229 0.0939795 0.198609 0.550752 0.669533 -0.498395
0.0369566 -0.296973 -0.149521 -0.47925 -0.235211 -0.845574
-0.0855623 -0.271479 -0.0871726 -0.479247 -0.235212 -0.845576
-0.184367 -0.056152 -0.0164208 0.550754 0.669533 -0.498393
0.109006 -0.406631 -0.0398273 -0.751268 -0.388177 0.533774
0.202137 -0.113976 -0.153255 -0.479246 -0.235211 -0.845576
-0.283589 -0.0512563 0.214918 -0.550754 -0.669533 0.498393
0.128124 -0.297183 0.221233 0.479247 0.235212 0.845576
-0.0127187 -0.126419 0.112769 -0.479247 -0.235212 -0.845576
-0.205727 -0.246498 0.0386756 -0.550754 -0.669533 0.498393
0.0234153 -0.277852 0.0145276 -0.134072 0.660326 0.738915
-0.185618 -0.112134 0.2414 -0.550754 -0.669533 0.498393
0.303828 -0.106759 -0.0800199 0.768627 -0.577586 -0.274969
-0.235995 -0.122881 0.171293 -0.550754 -0.669533 0.498393
-0.0362544 -0.253792 -0.118255 0.550754 0.669533 -0.498393
-0.0823057 -0.121006 0.00991393 0.479247 0.235212 0.845576
0.306992 -0.0993782 0.0648331 0.479247 0.235212 0.845576
0.0239727 -0.131967 0.234305 0.479247 0.235212 0.845576
-0.20751 -0.0607127 0.286286 -0.550754 -0.669533 0.498393
0.131715 -0.387464 0.0077623 -0.616057 -0.596057 0.514966
0.424252 -0.131539 -0.252924 0.840011 0.156297 -0.51957
0.297769 -0.202649 -0.0420018 0.479246 0.235213 0.845576
-0.492281 0.174226 0.213447 -0.683369 0.704557 0.191328
0.021012 -0.31605 0.0625078 -0.574802 0.737257 0.355043
0.294036 -0.238588 -0.311182 0.683369 -0.704557 -0.191328
-0.288065 -0.142669 0.0871687 -0.550754 -0.669533 0.498393
0.231482 -0.316687 -0.247009 0.683369 -0.704557 -0.191328
-0.03199 -0.244602 0.0157769 0.479247 0.235212 0.845576
-0.188852 -0.139605 0.193394 0.174976 -0.676462 -0.71539
0.0743952 -0.438756 0.089951 -0.550754 -0.669533 0.498393
-0.0468859 -0.0611144 0.254757 0.479247 0.235212 0.845576
0.160822 -0.345679 0.119126 0.147957 -0.971284 0.186322
0.275991 -0.0198437 -0.221298 -0.479247 -0.235212 -0.845575
0.0714312 -0.268426 -0.0437411 -0.0723255 0.970728 -0.229033
0.123769 -0.246121 -0.212869 -0.479247 -0.235212 -0.845576
-0.31637 0.276545 0.313566 0.479247 0.235212 0.845576
-0.213333 0.147048 0.224546 0.550752 0.669533 -0.498395
0.150051 -0.258415 0.198021 0.479247 0.235212 0.845576
0.217865 -0.333819 0.102828 -0.550754 -0.669533 0.498393
0.185714 -0.221973 -0.127984 0.479247 0.235212 0.845576
-0.476535 0.0980743 0.0316214 -0.479247 -0.235212 -0.845576
0.205859 -0.199638 0.101548 -0.683369 0.704557 0.191328
0.161488 -0.438493 -0.048462 0.683369 -0.704557 -0.191328
-0.32552 -0.147912 0.0144563 -0.479247 -0.235212 -0.845576
0.226921 -0.402306 0.0519876 0.683369 -0.704557 -0.191328
0.0245853 -0.187506 0.249407 0.479247 0.235212 0.845576
-0.155813 -0.312191 0.00558311 -0.550754 -0.669533 0.498393
0.403019 -0.0347767 -0.198062 0.516007 0.703819 -0.488237
0.241356 -0.148126 -0.0111163 -0.479246 -0.235212 -0.845576
0.260524 -0.146305 0.1004 -0.683369 0.704557 0.191328
-0.360089 0.0540016 -0.0221174 -0.479247 -0.235212 -0.845576
0.213961 -0.183063 -0.219056 0.851647 0.108284 -0.512808
0.217549 -0.0272724 -0.126152 -0.609582 0.782342 0.127871
0.0707444 -0.506253 -0.0240477 -0.0137603 -0.961289 0.275198
0.332951 -0.298165 -0.106651 0.10464 -0.971862 0.211034
0.358436 -0.29839 -0.171682 0.434916 -0.900462 0.00398216
0.2459 -0.270328 -0.275356 -0.479247 -0.235212 -0.845576
0.354805 -0.0310198 0.0126145 -0.683369 0.704557 0.191328
0.255601 -0.108413 -0.317025 0.550754 0.669533 -0.498393
0.250169 -0.225027 -0.00879846 0.479247 0.235211 0.845575
-0.360645 0.176529 0.196907 0.550757 0.669532 -0.498392
-0.321134 0.165691 0.226009 0.550752 0.669535 -0.498392
-0.109402 -0.34608 0.0113443 -0.550754 -0.669533 0.498393
-0.282284 0.236021 0.30552 0.479247 0.235212 0.845576
0.310365 -0.310622 -0.153392 0.147952 -0.971284 0.186325
-0.439122 -0.0337573 0.0665524 -0.550754 -0.669533 0.498393
-0.222319 -0.153038 0.120316 0.826916 -0.356494 0.434882
0.193328 -0.203256 0.03144 -0.479246 -0.235212 -0.845576
-0.475769 0.168905 0.292016 -0.683369 0.704557 0.191328
0.0339561 -0.374805 -0.12617 -0.479247 -0.235212 -0.845576
0.257075 -0.12538 -0.231041 -0.190884 0.968293 -0.161161
0.37714 0.00227464 -0.0340223 0.550754 0.669533 -0.498393
-0.035733 -0.170026 -0.00284623 0.479247 0.235212 0.845576
-0.13682 -0.162361 0.22785 -0.550754 -0.669533 0.498393
0.124552 -0.481434 -0.0222597 0.683369 -0.704557 -0.191328
-0.261362 0.00270401 0.31197 -0.550754 -0.669533 0.498393
0.242406 -0.141827 -0.179739 -0.823198 0.454613 0.340105
-0.472656 0.0659026 0.163377 -0.550754 -0.669533 0.498393
-0.539609 0.139556 0.172074 -0.683369 0.704557 0.191328
-0.370672 0.115841 0.104299 0.550753 0.669533 -0.498393
0.350778 -0.110933 -0.143546 0.550757 0.66953 -0.498394
-0.303787 0.244441 0.255425 0.550754 0.669533 -0.498393
0.0643246 -0.140935 0.144502 0.550754 0.669533 -0.498393
-0.227237 -0.00416778 0.00603966 0.550754 0.669533 -0.498393
-0.51339 0.184431 0.100472 -0.683369 0.704557 0.191328
0.209241 -0.266927 -0.103754 -0.516007 -0.70382 0.488237
0.367942 -0.0281308 -0.0850329 0.550754 0.669533 -0.498393
-0.0941029 -0.398691 -0.0424275 -0.550754 -0.669533 0.498393
0.12602 -0.239296 -0.0375722 -0.683369 0.704557 0.191328
-0.379238 0.198605 0.370878 0.479247 0.235212 0.845576
0.359474 -0.0879321 0.0310009 0.849417 -0.366821 -0.379386
-0.569449 0.127855 0.108582 -0.683369 0.704557 0.191328
0.222085 -0.0386627 -0.0636866 -0.722616 0.652553 0.228038
-0.25958 -0.173066 -0.0159195 -0.479247 -0.235212 -0.845576
-0.0683542 -0.326753 -0.0815502 -0.479247 -0.235212 -0.845576
0.223099 -0.345259 -0.171738 0.683369 -0.704557 -0.191328
0.0100179 -0.0778711 0.227167 0.479247 0.235212 0.845576
-0.203758 0.0978865 0.299438 0.479247 0.235212 0.845576
-0.0624779 -0.162515 0.151012 -0.479247 -0.235212 -0.845576
-0.355329 -0.0191502 -0.00446657 -0.479247 -0.235212 -0.845576
0.235544 -0.21955 0.138756 0.479247 0.235212 0.845576
0.229335 -0.140156 -0.286273 0.147958 -0.971284 0.186322
0.428654 -0.0539473 -0.157547 0.479247 0.235212 0.845576
-0.266998 0.1906 0.22375 0.550754 0.669533 -0.498393
-0.377694 0.158423 0.153743 0.550753 0.669534 -0.498392
0.400604 -0.156958 -0.000678349 -0.233362 0.962891 -0.135582
0.307748 -0.208201 0.094676 0.479248 0.23521 0.845575
-0.298853 0.0843592 0.0458257 0.550754 0.669533 -0.498393
0.352614 -0.280775 -0.0513541 0.479247 0.235212 0.845575
0.200514 -0.289437 0.153941 -0.184697 -0.91482 0.359154
0.402939 -0.229256 -0.234996 -0.479246 -0.235211 -0.845576
0.393941 -0.0769169 -0.131484 0.479247 0.235212 0.845576
-0.506845 0.046286 0.063206 -0.479247 -0.235212 -0.845576
-0.448055 0.185709 0.329121 -0.683369 0.704557 0.191328
-0.10846 -0.0813708 0.29529 0.479247 0.235212 0.845576
0.390735 -0.228668 -0.0874543 0.479246 0.235211 0.845576
0.320555 0.0150833 -0.124166 -0.104643 0.971862 -0.211032
-0.392491 -0.0776017 0.0591831 -0.550754 -0.669533 0.498393
0.186226 -0.212869 0.155478 -0.072331 0.970728 -0.22903
0.27027 -0.131515 -0.126581 0.849415 -0.366826 -0.379384
-0.144104 -0.0462736 0.0906959 0.70641 -0.691956 -0.148938
-0.378926 0.249464 0.34126 -0.683369 0.704557 0.191328
0.24207 -0.241364 -0.154531 0.479247 0.235212 0.845576
-0.245378 0.205026 0.267021 0.550754 0.669533 -0.498393
0.149415 -0.230608 0.0139942 -0.683367 0.70456 0.191323
0.110387 -0.476561 0.0731966 -0.267899 -0.878241 0.396135
-0.173693 -0.0851958 0.127837 0.632255 -0.724476 -0.274571
-0.368537 0.0376681 0.240505 -0.550754 -0.669533 0.498393
-0.472105 0.103187 0.214074 -0.550754 -0.669533 0.498393
0.253155 -0.28739 0.0131082 0.550754 0.669533 -0.498393
0.0759518 -0.248976 -0.184973 -0.479247 -0.235212 -0.845576
0.462263 -0.145911 -0.0102257 0.479247 0.235212 0.845576
-0.359737 -0.0690144 0.106914 -0.550753 -0.669533 0.498394
-0.192326 0.156034 0.276784 0.479247 0.235212 0.845576
-0.0619935 -0.0224835 0.164039 0.550754 0.669533 -0.498393
0.221963 -0.389297 -0.0136285 0.683369 -0.704557 -0.191328
0.072641 -0.390133 0.0155063 0.722616 -0.652552 -0.228038
0.304148 -0.0736661 -0.0112768 -0.683369 0.704557 0.191328
-0.0511638 -0.252119 0.169524 -0.479247 -0.235212 -0.845576
-0.288824 -0.174252 0.0439018 -0.550754 -0.669533 0.498393
-0.273563 0.0219088 -0.0101218 0.550754 0.669533 -0.498393
0.177747 -0.156405 -0.268418 -0.479247 -0.235211 -0.845575
-0.257584 0.0805501 0.334768 0.479247 0.235212 0.845576
0.271678 -0.110699 0.00912222 -0.683369 0.704557 0.191328
0.200154 -0.0977935 -0.297422 -0.479247 -0.235212 -0.845576
0.0516125 -0.174906 0.0897953 -0.479247 -0.235212 -0.845576
0.302867 -0.264887 -0.182794 0.683369 -0.704557 -0.191328
0.142308 -0.198352 0.185703 0.479247 0.235212 0.845576
0.402066 -0.198064 0.0383996 0.479247 0.235212 0.845576
-0.492044 0.041642 0.109362 -0.550754 -0.669535 0.498391
0.320847 -0.235306 -0.227504 0.683369 -0.704557 -0.191328
-0.161507 -0.0661674 0.321126 0.479247 0.235212 0.845576
0.133855 -0.392888 0.160134 0.479246 0.235212 0.845576
-0.206467 -0.278755 -0.00547603 -0.550754 -0.669533 0.498393
-0.371619 0.274569 0.274907 -0.683369 0.704557 0.191328
0.158456 -0.418971 0.120401 -0.0173494 0.965772 -0.258813
-0.236001 0.0317875 0.0446565 0.550753 0.669533 -0.498394
-0.449909 0.205827 0.248417 -0.683369 0.704557 0.191328
-0.127495 -0.338697 -0.0447084 -0.479247 -0.235212 -0.845576
-0.364839 -0.119834 0.0330059 -0.550754 -0.669533 0.498393
-0.0268853 -0.259462 0.218891 -0.550754 -0.669533 0.498393
0.102815 -0.150928 0.194894 0.479247 0.235212 0.845576
0.208105 -0.179363 -0.152528 0.479247 0.235211 0.845576
-0.402502 0.0307426 0.193668 -0.550754 -0.669533 0.498393
0.0628839 -0.0999258 0.203339 0.479247 0.235212 0.845576
-0.0879102 -0.172653 0.027457 0.479247 0.235212 0.845576
-0.414319 0.0939104 -0.00248252 -0.479247 -0.235212 -0.845576
0.0786033 -0.385595 0.166017 -0.550754 -0.669533 0.498393
0.179963 -0.457539 0.0877857 0.669641 -0.720783 -0.179034
0.145953 -0.440114 0.166414 0.479246 0.235212 0.845576
-0.307195 0.0952665 0.358792 0.479247 0.235212 0.845576
0.226854 -0.0864635 -0.0341285 0.479247 0.235212 0.845576
0.229885 -0.160785 0.0442882 -0.683369 0.704557 0.191328
-0.350897 0.127613 0.374563 0.479247 0.235212 0.845576
-0.0692259 -0.164094 0.296064 0.479247 0.235212 0.845576
-0.0977715 -0.109693 0.156321 -0.479247 -0.235212 -0.845576
-0.341756 -0.108988 0.0730844 -0.550754 -0.669533 0.498393
-0.253403 -0.121545 -0.0337523 -0.479247 -0.235212 -0.845576
0.0185919 -0.421314 0.0517165 -0.550754 -0.669533 0.498393
-0.445299 0.0160382 0.126622 -0.550754 -0.669533 0.498393
0.0366663 -0.267729 0.117837 -0.717896 0.0753768 -0.692057
-0.0840722 -0.200994 0.234241 -0.550754 -0.669533 0.498393
0.00632292 -0.347679 0.137078 -0.550754 -0.669535 0.498391
-0.41826 0.134741 0.315964 -0.550754 -0.669533 0.498393
-0.146006 -0.21586 -0.0683863 -0.479246 -0.235211 -0.845576
-0.148419 -0.267347 -0.0526965 -0.479247 -0.235212 -0.845576
0.387546 -0.0168344 -0.144572 0.479247 0.235211 0.845575
0.103227 -0.190758 0.12056 0.550754 0.669533 -0.498393
0.337262 -0.0243373 -0.239104 0.283812 0.870129 -0.402898
-0.318072 0.125352 0.079658 0.550754 0.669534 -0.498393
-0.49113 0.197707 0.0121785 -0.479247 -0.235212 -0.845576
0.0910844 -0.374602 -0.158605 -0.479253 -0.235208 -0.845573
-0.318359 0.00966946 0.258341 -0.550754 -0.669533 0.498393
-0.375844 0.259314 0.195778 0.550753 0.669534 -0.498393
-0.0247375 -0.315996 0.0418667 0.0318211 0.579838 0.81411
-0.326781 0.22212 0.203282 -0.0940578 -0.543527 -0.834105
-0.417005 0.226048 0.291481 -0.683369 0.704557 0.191328
0.272686 -0.349162 0.0197465 0.683369 -0.704557 -0.191328
0.165316 -0.189509 -0.0938055 -0.826285 -0.203929 0.52504
0.364558 -0.165691 -0.131923 0.806993 -0.49689 -0.31916
0.283555 -0.151803 -0.0480895 0.479245 0.235215 0.845575
0.135713 -0.432747 -0.161684 0.683369 -0.704557 -0.191328
0.180683 -0.0726461 -0.107799 -0.806994 0.496887 0.319162
-0.0125378 -0.308172 0.162016 -0.590631 -0.109294 -0.799506
0.318908 -0.14107 -0.22598 0.479245 0.235205 0.845578
0.243294 -0.0666507 -0.274523 0.550754 0.669533 -0.498393
-0.179632 -0.112656 0.075379 0.788029 -0.2203 0.574872
-0.417929 0.262304 0.154664 -0.683369 0.704557 0.191328
-0.181249 -0.0236958 0.0306257 0.550754 0.669533 -0.498393
