ply
format ascii 1.0
comment Created by Open3D
element vertex 400
property double x
property double y
property double z
property double nx
property double ny
property double nz
end_header
0.194256 0.0616526 0.374575 -0.59352 0.345854 0.726718
0.291141 -0.0840718 0.0500159 -0.118168 -0.930621 0.346384
0.126694 -0.131394 0.322053 0.00156649 -0.90246 0.43077
0.262986 -0.0166523 0.051875 -0.593519 0.345854 0.726719
-0.0856106 -0.04451 -0.351734 -0.118168 -0.930621 0.346383
0.17418 -0.107315 -0.017582 0.118168 0.930621 -0.346384
-0.24952 -0.0840586 0.0122603 -0.118168 -0.930621 0.346384
0.0209888 0.118343 -0.308661 0.118168 0.930621 -0.346384
0.0776824 -0.0916236 -0.168637 0.593519 -0.345853 -0.726719
0.406801 -0.0282595 0.0700022 0.593519 -0.345854 -0.726719
-0.316983 -0.140684 -0.389085 -0.796097 -0.119711 -0.59321
0.139855 0.225058 0.247313 0.717613 0.636219 0.283299
0.259072 -0.0170275 0.18204 0.118168 0.930621 -0.346384
0.188473 0.192232 -0.0530087 0.118168 0.930621 -0.346384
0.204111 0.0989184 0.13245 -0.118168 -0.930621 0.346384
0.306932 -0.0333978 0.0957355 -0.593519 0.345854 0.726719
-0.101287 -0.04029 0.180422 -0.118168 -0.930621 0.346384
0.117082 0.135925 -0.228643 0.118168 0.930621 -0.346384
-0.158171 -0.0161618 -0.36533 -0.551315 0.483116 -0.680185
-0.17481 -0.0924466 -0.163051 -0.796097 -0.11971 -0.59321
0.181125 -0.0235998 0.137791 0.118168 0.930621 -0.346384
0.115322 0.26336 0.214114 -0.593519 0.345853 0.726719
0.383799 -0.00641624 0.247249 0.796097 0.11971 0.59321
0.212926 0.17006 0.0152998 -0.118168 -0.930621 0.346384
0.320981 0.0919126 0.175598 0.118168 0.930621 -0.346384
-0.155388 0.137286 -0.258596 -0.551315 0.483115 -0.680185
0.234479 0.0797368 0.255361 -0.796098 -0.11971 -0.59321
0.251703 0.0547581 0.412179 0.796097 0.119711 0.59321
0.175064 0.178082 0.263622 0.717613 0.636219 0.283299
-0.081642 0.0751088 0.142842 -0.593519 0.345854 0.726719
-0.133633 0.112167 0.0827439 -0.593519 0.345854 0.726719
0.323239 -0.131494 0.0508859 0.593519 -0.345854 -0.726719
0.160455 0.131519 0.197073 0.593519 -0.345854 -0.726719
0.238849 0.0934883 0.0763451 0.769879 0.507148 0.387411
-0.137913 -0.206769 -0.289918 0.593519 -0.345853 -0.726719
-0.182081 0.0529573 0.0713546 -0.593519 0.345854 0.726719
-0.00700765 -0.183774 -0.17291 -0.118168 -0.930621 0.346384
0.216964 -0.0622063 0.0462939 0.118168 0.930621 -0.346384
0.251965 0.0195725 0.244035 -0.796097 -0.119711 -0.59321
-0.0901238 -0.185365 -0.261074 0.593519 -0.345853 -0.726719
-0.186341 -0.289946 -0.213431 0.0416007 -0.888568 0.456855
0.00294364 0.190987 -0.119648 0.118168 0.930621 -0.346384
-0.356454 -0.124305 -0.33942 -0.796097 -0.119711 -0.59321
-0.00935063 -0.0997247 -0.235863 0.593519 -0.345854 -0.726719
-0.273196 -0.0683862 -0.304608 0.796097 0.11971 0.59321
-0.362536 -0.0122724 -0.0449813 -0.593519 0.345854 0.726719
-0.181011 -0.0671888 0.0809557 -0.118168 -0.930621 0.346384
0.33421 0.137492 -0.0483491 0.717613 0.636218 0.283298
-0.0766968 0.242796 0.146931 -0.593519 0.345854 0.726719
0.248602 -0.0828147 0.270822 0.784517 0.047082 0.618317
-0.105319 -0.216047 -0.224094 0.798484 0.139969 0.585518
0.0801148 0.227477 0.00471699 0.118168 0.930621 -0.346384
0.0751453 0.278736 0.173984 -0.593519 0.345853 0.726719
-0.124456 0.240788 0.108881 -0.593519 0.345854 0.726719
0.239782 0.162789 -0.11461 0.118168 0.930621 -0.346384
-0.306267 -0.110777 0.0230791 0.774608 0.000396732 0.632442
0.316403 0.0442749 0.409319 0.796097 0.119711 0.59321
0.43117 -0.120012 0.147881 -0.118168 -0.930621 0.346384
0.303674 -0.0148721 0.356484 0.796097 0.11971 0.59321
0.217552 0.216878 0.0688716 0.717613 0.636219 0.283299
-0.206676 -0.219612 -0.339965 0.593519 -0.345854 -0.726718
0.260066 0.185943 0.0306552 0.717612 0.636219 0.283298
0.266499 -0.163521 0.0479769 0.804816 0.257971 0.534531
0.0331013 -0.0259355 0.284643 -0.59352 0.345851 0.726719
0.280855 -0.0672406 0.167797 -0.118168 -0.930621 0.346384
0.204232 0.153195 0.222509 0.593519 -0.345854 -0.726719
0.242402 0.00859251 -0.0971636 -0.118168 -0.930621 0.346384
0.221956 -0.0149447 0.288206 -0.118168 -0.930621 0.346384
-0.037609 -0.062132 -0.276832 0.593519 -0.345854 -0.726719
0.151548 -0.0230109 0.263341 0.593519 -0.345854 -0.726719
-0.466772 0.0355101 -0.152852 -0.59352 0.345853 0.726719
-0.243484 0.153715 -0.143137 -0.118168 -0.930621 0.346384
0.062234 0.132275 -0.25716 0.118168 0.930621 -0.346384
-0.3777 -0.182551 -0.296085 -0.118168 -0.930621 0.346384
0.29721 0.0299936 0.181213 -0.796097 -0.119711 -0.59321
0.356171 0.0868159 0.229933 0.634527 0.756542 0.158178
0.0491757 0.143047 0.21735 -0.593519 0.345854 0.726719
0.377466 -0.134053 0.104456 0.802646 0.320685 0.502912
0.208705 -0.173042 0.0677431 -0.798086 -0.36948 -0.475966
-0.208187 0.101646 0.0268623 -0.593519 0.345854 0.726719
-0.182359 -0.0337888 -0.164758 -0.796097 -0.11971 -0.59321
0.215066 0.140115 0.0625697 0.769879 0.507148 0.387411
-0.368618 0.00311916 -0.19098 0.796097 0.11971 0.59321
0.345704 -0.0243276 0.0182323 0.593519 -0.345854 -0.726719
-0.430452 -0.151931 -0.231816 -0.118168 -0.930621 0.346384
0.0877622 -0.0290939 0.270759 -0.118168 -0.930621 0.346384
0.33177 -0.0153693 0.143986 -0.796097 -0.119711 -0.59321
-0.0147039 0.0653236 -0.363057 0.118168 0.930621 -0.346384
-0.32231 0.0739476 -0.166326 0.593519 -0.345853 -0.726719
-0.401446 0.0402212 -0.101741 -0.593519 0.345854 0.726719
0.258175 -0.004119 0.400231 -0.118168 -0.930621 0.346384
-0.202306 -0.112587 -0.38733 0.593519 -0.345854 -0.726719
0.221793 0.112172 -0.156511 0.118168 0.930621 -0.346384
0.378575 0.0739682 0.155933 0.361925 0.921202 -0.142822
0.241874 -0.215067 0.0657998 -0.651671 -0.7364 -0.181766
-0.094002 0.181741 0.161854 -0.593519 0.345854 0.726719
0.0894565 -0.115914 0.0423166 -0.118168 -0.930621 0.346384
-0.396173 0.0568999 -0.163126 0.118168 0.930621 -0.346384
0.0903479 0.122031 0.260978 -0.593519 0.345854 0.726719
0.0557359 -0.132747 -0.126317 0.118168 0.930621 -0.346384
0.0865581 -0.0281781 0.212722 0.593519 -0.345854 -0.726719
-0.179267 0.227519 0.00768881 0.118168 0.930621 -0.346384
-0.368643 -0.0152627 -0.302424 -0.396624 0.660005 -0.638031
-0.309538 -0.00954434 -0.311963 0.0985949 0.927402 -0.360838
-0.0301875 0.249746 0.0269171 0.118168 0.930621 -0.346384
-0.239026 0.239547 -0.0717303 0.118168 0.930621 -0.346384
-0.306965 0.135548 -0.136972 -0.551315 0.483116 -0.680185
-0.126465 0.202464 -0.13296 0.118168 0.930621 -0.346384
-0.274408 -0.13006 -0.437901 0.593519 -0.345853 -0.726719
-0.368031 -0.161616 0.0216055 -0.593518 0.345854 0.726719
-0.0876249 -0.1286 -0.0521771 -0.118168 -0.930621 0.346384
0.116855 -0.0199215 -0.216602 -0.118168 -0.930621 0.346383
0.0537777 -0.0297656 -0.217599 0.593519 -0.345854 -0.726719
-0.361422 0.107703 -0.0406043 -0.606447 0.401443 -0.686343
0.00822173 -0.157995 -0.0984561 -0.118168 -0.930621 0.346384
-0.278638 0.00434813 0.0156292 -0.593519 0.345854 0.726719
0.339333 -0.075794 0.23535 -0.118168 -0.930621 0.346384
-0.211649 -0.0312885 -0.33711 0.118168 0.930621 -0.346384
-0.259156 0.205893 0.0154774 -0.593519 0.345854 0.726719
-0.18962 -0.132345 -0.0970354 -0.118168 -0.930621 0.346384
0.123579 -0.17058 -0.0929133 -0.118168 -0.930621 0.346384
-0.0372722 -0.158808 -0.230548 0.593519 -0.345853 -0.726719
-0.262482 -0.206592 -0.321369 -0.118168 -0.930621 0.346384
-0.196639 -0.0877646 -0.268771 -0.593519 0.345854 0.726719
0.419302 -0.101096 0.194655 -0.118168 -0.930621 0.346384
-0.145645 -0.109869 -0.216604 -0.593519 0.345854 0.726719
-0.185934 -0.148372 -0.231184 -0.593519 0.345854 0.726719
0.354184 0.0603078 0.0743928 0.717613 0.636218 0.283299
-0.026411 0.249442 0.118735 0.118168 0.930621 -0.346384
0.28066 -0.208724 0.156813 0.12127 -0.854218 0.505574
0.0368768 -0.0828467 -0.206141 0.593519 -0.345854 -0.726719
-0.421726 -0.12364 -0.0986813 -0.78561 -0.0528584 -0.61646
-0.255113 -0.140479 -0.29144 -0.593519 0.345854 0.726719
0.466046 -0.0637758 0.13529 0.593519 -0.345854 -0.726719
0.237237 -0.21419 0.124856 -0.593519 0.345853 0.726719
0.422397 -0.0449102 0.276078 -0.118168 -0.930621 0.346384
-0.307886 -0.0678641 -0.258159 0.796097 0.11971 0.59321
0.136018 0.00947572 0.211266 0.118168 0.930621 -0.346384
-0.162645 -0.0872767 0.0332515 -0.118168 -0.930621 0.346384
0.354993 -0.0824114 0.0534612 0.593519 -0.345854 -0.726719
-0.0664058 0.204866 -0.106019 0.118168 0.930621 -0.346384
0.0310183 -0.135365 -0.185931 0.593519 -0.345854 -0.726719
-0.129589 0.0614659 0.110176 -0.593519 0.345854 0.726719
0.105376 -0.0732933 0.162255 -0.118168 -0.930621 0.346384
-0.331187 -0.203396 -0.357368 -0.796097 -0.11971 -0.59321
-0.492301 -0.106426 -0.130658 -0.118168 -0.930621 0.346384
0.0260774 0.277215 0.134633 -0.593519 0.345854 0.726719
0.309831 -0.23449 0.0889532 0.593521 -0.345854 -0.726717
0.179273 0.0498701 -0.202439 0.593519 -0.345854 -0.726719
-0.427933 -0.0521698 -0.258051 -0.796097 -0.119711 -0.59321
0.228228 0.022214 0.348254 -0.593519 0.345852 0.726719
0.0887935 0.196579 -0.0753362 0.118168 0.930621 -0.346384
0.219573 -0.00557343 0.0111466 -0.593519 0.345854 0.726719
0.152672 0.167065 0.151281 0.769879 0.507148 0.387411
-0.245656 0.211855 -0.132467 -0.551315 0.483115 -0.680185
0.176044 -0.0958515 0.318013 0.593517 -0.345856 -0.726719
-0.27002 0.103529 -0.149956 -0.580024 0.442172 -0.684146
-0.147598 -0.0453022 0.146281 -0.593519 0.345854 0.726719
0.0610525 0.181145 -0.126268 0.118168 0.930621 -0.346384
0.229593 -0.151827 -0.00636392 -0.118168 -0.930621 0.346384
-0.0763353 -0.149495 -0.104463 -0.118168 -0.930621 0.346384
-0.127166 -0.0677103 0.0979237 -0.118168 -0.930621 0.346384
-0.120974 0.0333478 -0.360315 -0.551315 0.483116 -0.680185
-0.25311 0.0619628 0.00905892 -0.593519 0.345854 0.726719
-0.442947 -5.78695e-05 -0.116467 -0.593517 0.345855 0.72672
0.287762 -0.0657352 -0.00938358 0.593519 -0.345854 -0.726719
0.331904 0.0413918 0.132353 -0.796097 -0.119711 -0.59321
0.0160225 -0.129906 -0.0203281 -0.118168 -0.930621 0.346384
0.146932 0.177192 -0.107588 0.118168 0.930621 -0.346384
-0.402243 -0.014366 -0.0764136 -0.593519 0.345854 0.726719
0.107075 -0.00795495 0.334141 -0.118168 -0.930621 0.346384
-0.208334 -0.108319 -0.0388697 -0.118168 -0.930621 0.346384
0.164233 0.251948 0.125174 0.717613 0.636219 0.283299
-0.363867 -0.166633 -0.0892531 0.593521 -0.345855 -0.726717
-0.402247 -0.0768436 -0.0466837 -0.593519 0.345854 0.726719
0.486053 -0.078918 0.206426 -0.118168 -0.930621 0.346384
-0.487339 -0.00506293 -0.186837 -0.775645 -0.00489249 -0.63115
0.0777102 -0.122497 0.286073 -0.574166 -0.814702 -0.0812018
0.326482 0.110467 0.0319169 0.717613 0.636218 0.283298
0.0710374 0.0331656 0.287499 -0.593519 0.345854 0.726719
-0.303902 0.125708 0.0170937 -0.593519 0.345854 0.726719
-0.35764 -0.0695502 -0.344461 -0.735744 0.132831 -0.664106
0.183729 0.153117 -0.159718 0.118168 0.930621 -0.346384
0.244094 0.194716 -0.0273617 0.118168 0.930621 -0.346384
-0.218931 -0.0766838 -0.107021 -0.796097 -0.11971 -0.59321
0.44027 -0.0157248 0.173342 0.796097 0.11971 0.59321
0.00424994 -0.0907719 0.080797 -0.118168 -0.930621 0.346384
-0.228065 -0.0543846 -0.404761 0.118168 0.930621 -0.346384
0.237596 -0.0361686 0.123287 0.118168 0.930621 -0.346384
0.0648794 0.150798 -0.206494 0.118168 0.930621 -0.346384
0.238008 -0.0966398 -0.00187627 -0.118168 -0.930621 0.346384
-0.0345858 0.112526 -0.343249 0.118168 0.930621 -0.346384
0.455662 -0.0291144 0.237242 0.796097 0.11971 0.59321
-0.12497 -0.0149016 0.0920134 -0.118168 -0.930621 0.346384
-0.304602 -0.126404 -0.250753 0.796097 0.11971 0.59321
-0.0438984 0.141923 -0.267448 0.118168 0.930621 -0.346384
-0.0755357 0.127031 0.123119 -0.593519 0.345854 0.726719
0.357494 0.011828 0.360722 0.796097 0.119711 0.59321
0.0264839 -0.0700535 0.144046 -0.118168 -0.930621 0.346384
0.274105 0.114325 0.219819 0.118168 0.930621 -0.346383
-0.27848 -0.0154298 -0.0914762 0.593519 -0.345854 -0.726719
-0.249098 0.0366921 -0.189343 -0.118168 -0.930621 0.346384
0.117396 0.0839258 0.301203 -0.593519 0.345854 0.726719
0.155337 0.0303334 0.309171 -0.118168 -0.930621 0.346384
0.341913 -0.199935 0.133522 0.517685 -0.527313 0.673753
-0.291813 0.0933184 -0.0374724 -0.593519 0.345854 0.726719
-0.239877 -0.184447 -0.258397 -0.118168 -0.930621 0.346384
-0.0749906 -0.178323 -0.181457 -0.118168 -0.930621 0.346384
-0.28756 -0.0760856 -0.413588 -0.525623 0.517217 -0.675431
-0.0744114 0.240496 0.070038 -0.593519 0.345853 0.726719
0.151742 -0.0451422 0.183121 -0.118168 -0.930621 0.346384
-0.109871 -0.105151 0.00323377 -0.118168 -0.930621 0.346384
0.0149932 0.228629 -0.0144048 0.118168 0.930621 -0.346384
0.396834 -0.0869939 0.0898144 0.593519 -0.345854 -0.726719
-0.370259 -0.160007 -0.232977 -0.118168 -0.930621 0.346384
0.162393 0.105562 -0.194532 0.118168 0.930621 -0.346384
0.0209613 0.0349223 -0.32462 0.593519 -0.345854 -0.726719
-0.102471 0.137357 -0.299697 0.118168 0.930621 -0.346384
-0.188771 0.200514 -0.159456 0.118168 0.930621 -0.346384
-0.208884 0.215485 0.0519694 -0.593519 0.345854 0.726719
-0.356561 0.0451132 -0.0674115 -0.593519 0.345854 0.726719
0.198617 -0.000530524 0.205738 0.118168 0.930621 -0.346384
-0.132229 0.23214 -0.0551982 0.118168 0.930621 -0.346384
-0.30561 0.150195 -0.0758094 -0.593519 0.345854 0.726719
0.246623 0.122024 0.0235408 0.769879 0.507148 0.387411
0.116822 -0.111795 -0.127072 0.593519 -0.345854 -0.726719
-0.332356 -0.0123869 -0.236515 0.796097 0.11971 0.59321
0.338787 -0.0981749 0.175034 -0.118168 -0.930621 0.346384
0.00410984 0.102548 0.199818 -0.593519 0.345854 0.726719
-0.139051 -0.249063 -0.194147 0.603592 -0.405998 0.686179
-0.223727 0.159302 0.0665853 -0.593519 0.345854 0.726719
0.273182 -0.106094 0.102769 -0.593519 0.345854 0.726719
-0.148173 0.17975 -0.201392 0.118168 0.930621 -0.346384
-0.198628 0.0343403 -0.178444 -0.118168 -0.930621 0.346384
-0.418389 -0.135631 -0.183907 -0.118168 -0.930621 0.346384
-0.0570887 -0.0117674 0.204241 -0.593519 0.345854 0.726719
-0.281273 -0.229388 -0.396237 0.593519 -0.345854 -0.726719
0.219329 -0.0583151 -0.068805 0.593519 -0.345854 -0.726719
0.39783 -0.00209413 0.3094 0.796098 0.119712 0.59321
0.000404733 -0.0359541 0.226763 -0.118168 -0.930621 0.346384
0.463546 -0.00344789 0.104538 0.593516 -0.345857 -0.72672
-0.178601 0.222589 -0.0966769 0.118168 0.930621 -0.346384
0.139072 0.200148 -0.0485951 0.118168 0.930621 -0.346384
-0.346032 -0.0503074 -0.130048 0.593519 -0.345854 -0.726719
-0.35377 -0.207041 -0.0438369 -0.196694 -0.93791 0.28572
0.276468 0.107029 -0.150261 0.593519 -0.345853 -0.726719
0.329371 0.0820864 0.298151 0.798777 0.36358 0.479338
-0.0905445 0.16146 -0.230872 0.118168 0.930621 -0.346384
-0.415279 -0.177871 -0.0092465 -0.593519 0.345853 0.726719
0.0759278 0.23318 0.273247 0.730977 0.609476 0.30694
0.246792 -0.0338373 0.24592 -0.118168 -0.930621 0.346384
-0.245823 -0.174905 -0.393213 0.593519 -0.345854 -0.726719
0.291134 0.14552 -0.000462801 -0.593519 0.345854 0.726719
0.0930372 -0.102258 0.369916 -0.593521 0.345853 0.726717
-0.233079 -0.163315 -0.0705524 -0.796097 -0.11971 -0.59321
0.314811 0.10112 -0.116134 0.59352 -0.345853 -0.726719
0.310512 -0.149537 0.152203 -0.642271 0.340599 -0.686644
-0.147551 -0.0770231 -0.359536 0.593519 -0.345854 -0.726719
-0.245313 -0.0403402 0.064114 -0.593519 0.345854 0.726719
0.112705 -0.146406 -0.0316749 -0.118168 -0.930621 0.346384
-0.302532 0.181128 -0.00816311 -0.593519 0.345854 0.726719
-0.199482 0.0784564 -0.225963 -0.580024 0.442172 -0.684146
0.177547 0.0027896 0.388942 -0.593519 0.345854 0.726719
0.121423 -0.00639512 0.142931 0.796097 0.11971 0.59321
-0.169213 0.234935 0.0751134 -0.593519 0.345854 0.726719
0.14308 -0.00906446 -0.154517 0.593519 -0.345854 -0.726719
-0.410605 0.00226654 -0.257509 -0.463362 0.59145 -0.659911
0.0378927 0.0180676 0.236151 -0.118168 -0.930621 0.346384
-0.311859 -0.0397442 0.00948119 -0.593519 0.345854 0.726719
-0.324696 -0.147776 -0.0124304 -0.386175 0.669841 -0.634178
-0.281336 0.202708 -0.0557987 -0.606446 0.401443 -0.686343
-0.00227373 0.15744 -0.211557 0.118168 0.930621 -0.346384
-0.107115 -0.0934548 -0.318692 0.593519 -0.345854 -0.726719
0.251929 0.118374 0.394683 -0.593519 0.345853 0.726719
-0.440005 0.03316 -0.207736 -0.361789 0.691929 -0.624774
0.162538 -0.10755 -0.0917549 0.593519 -0.345854 -0.726719
-0.372631 -0.106082 -0.125228 0.593519 -0.345853 -0.726719
0.109685 0.244307 0.06002 0.118168 0.930621 -0.346384
0.423652 0.0493939 0.134348 0.555016 0.829789 0.0583817
0.262695 -0.0304546 -0.0466466 0.593519 -0.345854 -0.726719
-0.248537 0.0524099 -0.0993069 0.593519 -0.345854 -0.726719
0.226182 0.0573947 -0.167709 0.593519 -0.345854 -0.726719
-0.12346 0.0843453 -0.322077 -0.551315 0.483116 -0.680185
0.0437168 0.0849771 0.240528 -0.593519 0.345854 0.726719
-0.0118472 0.0307276 0.220966 -0.593519 0.345854 0.726719
-0.482028 -0.086019 -0.178624 -0.796097 -0.11971 -0.59321
-0.0774044 -0.0033745 0.13921 -0.118168 -0.930621 0.346384
0.309857 0.0291831 0.0683414 -0.593519 0.345854 0.726719
-0.280496 -0.0670408 -0.0685603 0.593519 -0.345854 -0.726719
0.0947794 0.0615539 0.164975 0.796097 0.11971 0.59321
0.182777 -0.159313 -0.0505912 0.593519 -0.345854 -0.726719
0.164945 0.194724 0.0906842 0.769879 0.507148 0.387411
0.0742871 0.265595 0.105138 0.118168 0.930621 -0.346384
-0.134009 -0.280265 -0.251752 0.593518 -0.345854 -0.726719
0.186884 -0.0390413 0.345026 0.798485 0.139973 0.585517
-0.178302 -0.0159661 -0.287965 -0.593519 0.345854 0.726719
-0.042114 0.0171889 -0.367695 0.593519 -0.345854 -0.726719
0.295985 0.177819 -0.0420853 0.717613 0.636219 0.283299
0.178176 0.0838229 0.0830454 -0.118168 -0.930621 0.346384
0.340956 -0.0817115 0.108102 0.118168 0.930621 -0.346384
-0.497798 -0.0424395 -0.141094 -0.593519 0.345854 0.726719
0.14236 -0.0587474 0.389491 -0.593522 0.34585 0.726718
0.0611426 -0.0846931 0.246588 -0.798086 -0.36948 -0.475966
0.212404 -0.00395595 -0.149764 0.593519 -0.345854 -0.726719
-0.331278 -0.200042 -0.200093 0.796098 0.119711 0.59321
-0.0379588 0.0850478 0.173789 -0.593519 0.345854 0.726719
-0.223452 -0.280478 -0.313768 -0.747916 -0.570513 -0.339318
-0.229139 0.0157485 0.0506305 -0.593519 0.345854 0.726719
0.187404 0.060058 0.040973 0.796097 0.11971 0.59321
0.263068 0.0430223 0.0235424 -0.593519 0.345854 0.726719
0.0248897 0.205348 0.24772 -0.593519 0.345854 0.726719
-0.196551 -0.198828 -0.282254 -0.118168 -0.930621 0.346384
0.182853 -0.0771416 0.107763 -0.118168 -0.930621 0.346384
-0.263475 -0.152474 -0.0315949 0.721136 -0.172391 0.671003
-0.137661 -0.0377782 -0.223938 -0.796097 -0.11971 -0.59321
0.336347 -0.0541197 0.292564 -0.118168 -0.930621 0.346384
-0.361417 -0.161249 -0.167475 0.796098 0.119711 0.59321
0.0462345 0.252122 0.0593713 0.118168 0.930621 -0.346384
0.297146 0.0656862 0.348987 0.796097 0.119711 0.59321
0.238417 0.136147 0.266275 0.118168 0.930621 -0.346383
-0.0226977 0.165794 0.227679 -0.593519 0.345854 0.726719
0.410734 0.0442773 0.188558 0.764223 0.525346 0.374132
0.139431 -0.129236 0.0235735 -0.118168 -0.930621 0.346384
0.269465 -0.0389771 0.310431 -0.118168 -0.930621 0.346384
0.217129 0.165544 0.341548 0.252534 0.937385 -0.239865
-0.186853 -0.1871 -0.127789 -0.796097 -0.11971 -0.59321
-0.447464 -0.0913008 -0.223944 -0.796097 -0.11971 -0.59321
-0.0757851 0.0764681 -0.366315 -0.551315 0.483116 -0.680185
0.168338 0.0865544 0.224909 0.593519 -0.345854 -0.726719
0.130035 0.0609082 -0.247905 0.593519 -0.345854 -0.726719
-0.0397613 0.141214 0.162222 -0.118168 -0.930621 0.346384
-0.184409 0.0429743 -0.261674 -0.580024 0.442172 -0.684146
-0.269218 -0.0346761 -0.365411 0.0592834 0.919293 -0.389084
0.0824706 0.0751196 -0.293515 0.593519 -0.345853 -0.726719
-0.401726 -0.126077 -0.278306 -0.796097 -0.11971 -0.59321
-0.344962 -0.0776432 -0.00729989 -0.118168 -0.930621 0.346384
-0.356207 0.112517 -0.113418 -0.551315 0.483116 -0.680185
-0.128138 -0.154295 -0.135034 -0.118168 -0.930621 0.346384
-0.0200365 0.237936 0.195519 -0.593519 0.345854 0.726719
-0.208672 0.120327 -0.19111 -0.580024 0.442172 -0.684146
-0.449277 -0.0675932 -0.0894956 -0.59352 0.345853 0.726719
0.122408 0.09502 0.121144 0.796097 0.11971 0.59321
0.385914 0.0432731 0.0189001 0.593519 -0.345853 -0.726719
-0.169023 0.0331599 -0.321502 -0.551315 0.483116 -0.680185
0.00210778 -0.00658975 0.177287 -0.593519 0.345853 0.726719
-0.316149 0.0364306 -0.0302746 -0.593519 0.345854 0.726719
0.102159 0.17859 0.311053 -0.118168 -0.930621 0.346384
-0.0428378 -0.110842 0.0108121 -0.118168 -0.930621 0.346384
-0.293846 -0.194894 -0.255491 -0.775941 -0.00618883 -0.630775
-0.248137 -0.278212 -0.231821 -0.51528 -0.856923 -0.0130152
-0.326543 0.0109406 -0.143279 0.593519 -0.345854 -0.726719
-0.339707 0.156711 -0.0311266 -0.606447 0.401443 -0.686343
0.283843 -0.070029 0.219337 -0.796098 -0.11971 -0.59321
-0.0518804 0.22775 -0.0395793 0.118168 0.930621 -0.346384
0.176325 -0.11903 0.0635794 -0.118168 -0.930621 0.346384
-0.10433 0.251554 0.00648038 0.118168 0.930621 -0.346384
0.314219 0.161121 -0.0936965 0.118168 0.930621 -0.346384
0.274122 0.134391 0.33153 0.634527 0.756542 0.158178
0.161635 0.227528 0.186597 0.717613 0.636219 0.283298
0.057409 0.27524 0.233833 0.730977 0.609476 0.30694
-0.210402 -0.299957 -0.268647 -0.451291 -0.890662 0.0553014
0.13745 0.142733 0.289594 -0.593519 0.345854 0.726719
0.0513291 -0.150039 -0.0623742 -0.118168 -0.930621 0.346384
0.334669 0.065084 -0.0768891 0.769879 0.507148 0.387411
-0.264555 -0.250617 -0.272035 -0.773753 -0.493662 -0.396994
0.174678 0.00761145 0.0686356 0.796097 0.11971 0.59321
0.0222123 -0.108949 0.0380884 -0.118168 -0.930621 0.346384
0.0112402 -0.0260075 -0.268983 -0.118168 -0.930621 0.346383
0.301466 -0.122301 0.206234 -0.796097 -0.119711 -0.59321
0.186983 0.0396601 0.262455 0.593519 -0.345854 -0.726719
-0.0274006 -0.137002 -0.0542046 -0.118168 -0.930621 0.346384
0.294955 0.0363743 -0.101537 0.593519 -0.345854 -0.726719
0.333068 0.0271932 -0.0166069 0.593519 -0.345854 -0.726719
-0.152233 -0.195354 -0.181301 -0.593519 0.345854 0.726719
0.0731641 0.0137437 -0.271906 0.593519 -0.345854 -0.726719
0.357811 0.0960117 -0.0149774 0.717613 0.636218 0.283298
0.148784 -0.0597164 -0.125753 0.593519 -0.345853 -0.726719
0.220171 -0.0541067 0.182381 -0.118168 -0.930621 0.346384
-0.35334 -0.0806806 -0.194572 0.796097 0.11971 0.59321
0.426095 0.0352388 0.0591932 0.118168 0.930621 -0.346384
-0.0153943 -0.027011 -0.324837 0.593519 -0.345854 -0.726719
0.148599 0.225818 0.0236226 0.118168 0.930621 -0.346384
-0.0611894 -0.078212 0.0922169 -0.118168 -0.930621 0.346384
0.0952183 -0.0954434 0.0992797 -0.118168 -0.930621 0.346384
-0.222354 -0.00570007 -0.116752 -0.796097 -0.11971 -0.59321
-0.152688 0.173416 0.117887 -0.593519 0.345854 0.726719
0.0533069 -0.0785241 0.326172 -0.593519 0.345853 0.726719
-0.214686 0.217522 -0.0335923 -0.593519 0.345853 0.726719
-0.435138 -0.126445 -0.0499398 -0.593519 0.345851 0.72672
-0.322707 -0.106392 -0.0769477 -0.118168 -0.930621 0.346384
0.113156 0.159797 -0.165846 0.118168 0.930621 -0.346384
-0.1373 -0.130581 -0.0744476 -0.118168 -0.930621 0.346384
0.175283 0.107392 0.337312 -0.593519 0.345854 0.726719
-0.0403677 -0.0511337 0.172071 -0.118168 -0.930621 0.346384
0.398927 -0.070897 0.239959 0.796098 0.11971 0.59321
0.395061 -0.066292 0.148955 0.593519 -0.345852 -0.726719
-0.132236 -0.146749 -0.313845 0.593519 -0.345854 -0.726719
0.354305 0.0258635 0.280316 0.796097 0.11971 0.59321
-0.178003 -0.0128148 0.105987 -0.593519 0.345854 0.726719
0.226831 -0.122019 0.0724921 -0.593519 0.345854 0.726719
