ply
format ascii 1.0
comment Created by Open3D
element vertex 400
property double x
property double y
property double z
property double nx
property double ny
property double nz
end_header
-0.208139 -0.286724 0.358653 0.425936 0.0347415 0.904086
-0.403294 -0.148419 0.0401087 0.80678 0.437682 -0.396912
-0.138254 0.321362 -0.435216 0.80678 0.437682 -0.396912
-0.309883 -0.302694 0.0598593 0.80678 0.437682 -0.396912
-0.181451 -0.554535 0.148183 -0.80678 -0.437682 0.396912
-0.374655 -0.136401 0.216553 -0.80678 -0.437682 0.396912
0.241436 -0.519784 0.00870552 -0.0630698 -0.604131 -0.794385
-0.570079 -0.179404 -0.228096 -0.80678 -0.437682 0.396913
-0.5705 0.0344171 0.00683332 -0.80678 -0.437682 0.396912
-0.183682 -0.178589 -0.21676 0.0630698 0.604131 0.794385
-0.0542339 0.238756 -0.148833 0.329308 -0.890841 -0.312982
-0.0348347 0.149309 -0.414727 0.80678 0.437682 -0.396912
0.0183355 -0.529678 0.0342047 0.0630698 0.604131 0.794385
-0.158904 0.294219 -0.283698 -0.329308 0.890841 0.312982
-0.12093 0.238709 -0.386169 -0.80678 -0.437682 0.396912
0.24708 -0.35115 -0.119727 0.0630699 0.604132 0.794385
-0.49669 -0.137244 -0.137407 0.80678 0.437682 -0.396912
-0.567913 0.106644 -0.180146 -0.329308 0.890841 0.312982
-0.0352731 -0.656839 0.181199 0.587476 -0.665927 0.459797
0.521715 -0.20791 -0.29731 0.80678 0.437682 -0.396913
-0.507607 0.141367 -0.234131 -0.587476 0.665927 -0.459797
-0.413525 -0.116526 -0.245711 0.0630697 0.604131 0.794385
-0.1912 -0.0914215 -0.334905 -0.0630697 -0.604131 -0.794385
-0.287802 0.195335 -0.270994 0.329308 -0.890841 -0.312982
0.197689 0.19937 0.18298 0.490573 -0.121802 0.862846
-0.513589 -0.0303327 -0.355768 -0.0630698 -0.604131 -0.794385
-0.260918 -0.166044 -0.27262 -0.0630697 -0.604131 -0.794385
-0.162484 -0.424087 0.225605 0.80678 0.437682 -0.396912
-0.528653 -0.0529414 -0.109415 0.80678 0.437682 -0.396912
-0.366938 -0.140164 0.12311 0.80678 0.437682 -0.396912
-0.0593604 -0.062357 0.279938 0.425936 0.0347416 0.904086
0.369946 -0.220383 0.000379968 0.80678 0.437682 -0.396912
-0.0495415 0.277025 -0.62292 -0.587476 0.665927 -0.459797
0.159426 -0.562231 0.0242899 0.587476 -0.665927 0.459797
-0.27537 0.155165 -0.143578 0.329308 -0.890841 -0.312982
0.210479 0.0625904 -0.431471 0.0630698 0.604131 0.794385
0.0853827 -0.0877439 -0.359661 -0.0630697 -0.604131 -0.794385
-0.0223667 -0.673584 0.0952896 0.587476 -0.665927 0.459797
0.0897169 0.116102 -0.0931992 -0.80678 -0.437682 0.396912
-0.0760447 0.229122 -0.0112323 -0.329308 0.890841 0.312982
0.0462255 -0.0407962 0.183279 -0.425936 -0.0347416 -0.904086
-0.194614 0.206599 -0.0718785 -0.329308 0.890841 0.312982
-0.561934 0.101469 -0.159128 -0.329308 0.890841 0.312982
0.255305 -0.160115 0.135449 0.425936 0.0347416 0.904086
-0.39853 0.073662 -0.0411802 0.329308 -0.890841 -0.312982
-0.638633 0.0431075 -0.209032 -0.587476 0.665927 -0.459797
0.494458 -0.311887 -0.169227 0.06307 0.604131 0.794385
-0.141829 -0.288972 -0.188588 -0.0630697 -0.604131 -0.794385
-0.00730025 0.0840526 -0.482954 -0.0630698 -0.604131 -0.794385
-0.0697116 0.295648 -0.324249 0.80678 0.437682 -0.396912
-0.262629 -0.25886 0.309222 -0.80678 -0.437682 0.396912
-0.38924 -0.0702495 0.154875 0.80678 0.437683 -0.396912
-0.337515 0.118165 0.0294752 -0.329308 0.890841 0.312982
0.0758589 -0.589757 0.0228767 -0.0630698 -0.604131 -0.794385
-0.327038 -0.0126863 0.449761 -0.80678 -0.437682 0.396912
-0.212206 -0.0869084 -0.217207 0.80678 0.437682 -0.396912
-0.27184 -0.164787 0.289258 0.80678 0.437682 -0.396912
-0.578972 -0.109281 -0.168846 -0.80678 -0.437682 0.396912
0.0158343 0.0926335 -0.374232 0.80678 0.437682 -0.396912
0.637185 -0.263493 -0.123892 0.80678 0.437683 -0.396912
-0.501688 0.035293 -0.304703 0.587475 -0.665927 0.459797
-0.272882 0.163684 -0.165209 0.329308 -0.890842 -0.312982
-0.263701 -0.376025 0.177845 -0.80678 -0.437682 0.396912
-0.0323522 0.315492 -0.226428 0.80678 0.437682 -0.396912
-0.384085 0.144714 -0.387106 -0.587476 0.665927 -0.459797
0.0585228 -0.458186 -0.023355 0.0630693 0.604132 0.794384
-0.183022 -0.372953 0.345222 -0.80678 -0.437682 0.396912
0.103603 -0.584316 0.108796 0.587476 -0.665927 0.459797
-0.0447353 0.318023 -0.525807 -0.80678 -0.437683 0.396912
0.093365 0.114662 -0.192349 0.80678 0.437682 -0.396912
-0.466039 -0.29459 -0.158575 -0.0630697 -0.604131 -0.794385
0.00774907 -0.123068 -0.271559 0.0630698 0.604131 0.794385
-0.398672 -0.342054 -0.127827 -0.0630697 -0.604131 -0.794385
-0.0394508 0.224218 -0.23653 -0.80678 -0.437682 0.396912
-0.118973 0.159755 -0.469254 -0.80678 -0.437682 0.396912
-0.134928 0.240632 -0.532035 0.806781 0.437682 -0.396912
0.568912 -0.309152 -0.0872002 0.587475 -0.665928 0.459796
-0.467398 0.0768718 0.0103522 -0.329308 0.890841 0.312982
0.110593 -0.350381 0.210937 0.425936 0.0347416 0.904086
-0.0599529 0.128058 0.16023 0.329308 -0.890841 -0.312982
0.271311 -0.115218 0.020835 -0.80678 -0.437682 0.396912
0.0258503 -0.370561 0.20555 -0.425936 -0.0347417 -0.904086
-0.445669 -0.060396 0.0510413 0.80678 0.437683 -0.396912
0.288598 0.122355 -0.378221 0.0630696 0.604131 0.794385
-0.343557 0.0142886 0.185655 0.329308 -0.890841 -0.312982
0.19302 -0.280171 0.169406 0.425936 0.0347416 0.904086
-0.481873 -0.211347 -0.220624 -0.0630697 -0.604131 -0.794385
-0.383266 0.0702556 -0.442612 -0.0630698 -0.604131 -0.794385
0.0712737 0.183403 0.20895 0.425936 0.0347417 0.904086
-0.456112 0.0105358 0.213008 -0.80678 -0.437683 0.396912
-0.253718 0.0705437 0.253189 -0.329308 0.890841 0.312982
-0.33944 0.0535838 0.211268 -0.329308 0.890841 0.312982
-0.00511774 0.194802 0.0279515 0.329308 -0.890841 -0.312982
-0.608996 -0.0331696 -0.145943 -0.806781 -0.437682 0.396912
0.0327476 -0.3526 -0.0963625 0.0630699 0.604131 0.794385
-0.158919 -0.625318 0.0685611 -0.0630697 -0.604131 -0.794385
0.232285 -0.336417 0.106982 -0.425936 -0.0347416 -0.904086
-0.254398 -0.490235 0.0708117 -0.80678 -0.437682 0.396912
0.230803 0.194071 -0.428173 0.0630696 0.604131 0.794385
0.525506 -0.187117 -0.266579 0.0630697 0.604131 0.794385
0.253872 0.0120976 0.129506 0.425936 0.0347415 0.904086
-0.391298 -0.233497 0.0756532 -0.80678 -0.437682 0.396912
0.0946805 -0.113171 0.209319 0.425936 0.0347416 0.904086
-0.337791 0.113926 -0.0918769 0.329308 -0.890841 -0.312982
-0.406265 0.189097 -0.244753 -0.329308 0.890841 0.312982
-0.432396 -0.0425519 -0.30047 0.0630697 0.604131 0.794385
0.434611 -0.412228 -0.140618 -0.0630696 -0.604131 -0.794385
0.236527 -0.159563 0.0981874 -0.425936 -0.0347415 -0.904086
-0.373206 -0.105132 -0.0653396 -0.587476 0.665927 -0.459797
-0.34327 -0.0983797 0.322274 -0.80678 -0.437682 0.396912
0.23035 0.17838 -0.463581 0.80678 0.437683 -0.396913
-0.114409 0.203364 -0.111409 0.329308 -0.890841 -0.312982
-0.357135 -0.409427 -0.0489067 -0.80678 -0.437682 0.396912
-0.0481644 0.204531 -0.518883 0.0630697 0.604131 0.794385
0.376573 -0.0205349 -0.38571 0.806781 0.437683 -0.396912
0.140515 -0.395887 0.152502 -0.425936 -0.0347416 -0.904086
0.316641 -0.0665858 0.102958 0.425936 0.0347416 0.904086
0.169991 0.25222 -0.485327 -0.0630696 -0.604131 -0.794385
0.0708078 -0.273939 0.180657 -0.425936 -0.0347417 -0.904086
-0.311387 -0.219534 -0.227933 -0.0630697 -0.604131 -0.794385
-0.00348612 0.265456 -0.0383055 -0.329308 0.890841 0.312982
0.57134 -0.198754 -0.174226 -0.0630702 -0.604132 -0.794385
0.462931 -0.0796026 -0.275309 0.80678 0.437682 -0.396912
-0.140318 -0.610145 0.0555454 -0.0630697 -0.604131 -0.794385
0.294145 -0.197007 -0.0229423 -0.806781 -0.437682 0.396912
-0.0676602 -0.515923 -0.0218791 -0.0630697 -0.604131 -0.794385
-0.592127 -0.0489393 -0.234023 0.80678 0.437682 -0.396912
-0.301037 -0.114679 -0.171376 -0.587475 0.665927 -0.459797
-0.19492 0.217444 -0.432845 0.587476 -0.665927 0.459797
0.223975 -0.337624 0.110943 -0.425936 -0.0347416 -0.904086
-0.458385 0.138539 -0.15569 -0.329308 0.890841 0.312982
0.13327 -0.0105645 -0.369707 0.0630697 0.604131 0.794385
0.167635 0.104052 -0.0530839 0.80678 0.437682 -0.396912
0.3173 0.0327728 -0.447406 0.80678 0.437682 -0.396912
-0.0554774 -0.148234 0.257672 -0.80678 -0.437682 0.396912
-0.135511 -0.206413 0.32135 0.425936 0.0347415 0.904086
-0.264904 -0.189805 0.380745 -0.80678 -0.437682 0.396912
0.251721 -0.0445946 -0.0460834 0.80678 0.437682 -0.396912
0.269189 -0.25431 -0.24758 -0.0630698 -0.604131 -0.794385
-0.235735 0.127876 -0.0242015 0.329308 -0.890841 -0.312982
-0.180852 -0.124816 0.304003 0.806781 0.437682 -0.396912
-0.0932203 -0.0493602 -0.374672 -0.0630697 -0.604131 -0.794385
0.0471725 0.219438 -0.170703 0.80678 0.437682 -0.396912
0.179661 -0.0893281 -0.31349 0.0630697 0.604131 0.794385
-0.273509 -0.236579 0.2067 0.80678 0.437682 -0.396912
-0.116964 0.134891 0.0807972 0.329308 -0.890841 -0.312982
0.162284 -0.37562 -0.146837 -0.0630698 -0.604131 -0.794385
-0.510428 0.0931739 -0.081324 -0.329308 0.890841 0.312982
0.147464 0.0378807 0.13256 -0.425936 -0.0347415 -0.904086
-0.382021 -0.270481 -0.0512508 0.80678 0.437682 -0.396912
-0.319562 0.0131506 -0.265786 -0.80678 -0.437682 0.396912
-0.417207 -0.283488 -0.0321372 -0.80678 -0.437682 0.396912
-0.357179 0.109832 -0.235636 -0.80678 -0.437682 0.396912
-0.226297 -0.0614665 0.358552 0.425936 0.0347415 0.904086
0.0660875 -0.467628 -0.0692264 -0.0630697 -0.604131 -0.794385
0.201292 0.0509448 -0.421885 0.0630698 0.604131 0.794385
-0.512952 0.0335827 0.0856355 -0.329308 0.890841 0.312982
-0.15138 -0.232075 0.283726 -0.425936 -0.0347417 -0.904086
-0.455032 0.0857074 -0.381918 -0.587476 0.665927 -0.459797
0.101701 -0.311161 -0.133351 0.0630709 0.604132 0.794384
0.167529 0.208126 -0.558473 0.80678 0.437682 -0.396912
-0.465682 -0.0406556 0.137106 -0.80678 -0.437682 0.396912
-0.0701749 -0.350835 -0.0947782 0.0630698 0.604131 0.794385
-0.21385 0.0929107 -0.420841 0.0630697 0.604131 0.794385
-0.441757 -0.164711 -0.0640409 -0.587476 0.665927 -0.459797
0.0344769 -0.373081 -0.13862 -0.0630697 -0.604131 -0.794385
0.19999 0.128314 0.0394362 0.80678 0.437682 -0.396912
-0.273139 -0.151666 -0.172 0.587475 -0.665927 0.459797
-0.201343 0.0882486 -0.418288 0.0630697 0.604131 0.794385
-0.256642 -0.26668 0.207791 0.80678 0.437682 -0.396912
-0.105766 -0.383011 0.314123 0.425936 0.0347415 0.904086
-0.277589 -0.38354 0.141327 -0.80678 -0.437682 0.396912
0.163587 0.060035 0.124113 -0.425936 -0.0347415 -0.904086
0.303164 -0.205943 -0.119439 0.80678 0.437682 -0.396912
0.0870188 0.293227 0.017437 -0.409492 0.898458 0.158396
0.0794436 0.21229 0.0671488 0.329308 -0.890841 -0.312982
0.279293 -0.443709 -0.104345 -0.0630698 -0.604131 -0.794385
-0.109889 -0.527564 0.218407 0.80678 0.437682 -0.396912
-0.00311689 -0.0127087 -0.409699 -0.0630697 -0.604131 -0.794385
-0.145865 -0.416648 -0.0911694 -0.0630697 -0.604131 -0.794385
-0.0674896 0.203031 -0.316885 -0.80678 -0.437682 0.396912
0.241281 0.116234 0.14646 0.490573 -0.121802 0.862846
0.192651 0.0323892 0.0237174 -0.80678 -0.437682 0.396912
-0.159439 0.186647 0.0219224 -0.329308 0.890841 0.312982
0.174102 -0.0560258 0.133155 -0.806781 -0.437682 0.396912
-0.121272 0.1643 -0.468915 -0.80678 -0.437682 0.396912
-0.362373 -0.261186 -0.139758 0.0630698 0.604131 0.794385
0.299782 -0.16235 -0.319946 -0.0630698 -0.604131 -0.794385
-0.441023 -0.0348509 -0.305641 0.0630697 0.604131 0.794385
0.0844608 0.224212 -0.0896455 0.80678 0.437682 -0.396912
0.392452 -0.374939 0.0429798 0.587476 -0.665927 0.459797
-0.402831 -0.0498298 0.254745 -0.80678 -0.437682 0.396912
-0.150506 -0.324395 -0.108508 0.0630698 0.604131 0.794385
-0.200889 0.20222 -0.199144 0.329308 -0.890841 -0.312982
0.508562 -0.383915 -0.118373 0.587475 -0.665927 0.459798
-0.1699 -0.512467 -0.0163903 -0.0630697 -0.604131 -0.794385
-0.344638 -0.10254 0.314904 -0.80678 -0.437682 0.396912
-0.235486 0.123185 -0.0105891 0.329308 -0.890841 -0.312982
-0.32257 -0.144746 0.208242 0.80678 0.437682 -0.396912
0.0136351 0.21054 0.136017 -0.329308 0.890841 0.312982
0.00573967 0.164473 -0.315532 0.80678 0.437682 -0.396912
-0.111856 -0.0824534 -0.292951 0.0630697 0.604131 0.794385
0.225913 -0.43944 0.0717267 -0.587475 0.665927 -0.459797
-0.28253 0.0137686 0.379121 0.0630698 0.604131 0.794385
0.0229494 0.0820248 -0.371468 0.80678 0.437682 -0.396912
-0.006786 0.190793 0.0376079 0.329308 -0.890841 -0.312982
-0.0904829 0.0378041 -0.388727 0.0630698 0.604131 0.794385
-0.271184 0.015719 -0.16462 -0.80678 -0.437682 0.396912
-0.164935 -0.512214 -0.0169775 -0.0630697 -0.604131 -0.794385
-0.446434 0.14569 -0.163468 -0.329308 0.890841 0.312982
-0.275215 -0.173675 0.377575 -0.80678 -0.437682 0.396912
0.118109 0.0387791 -0.165771 -0.0630697 -0.604131 -0.794385
0.0378898 -0.207088 -0.210055 0.0630678 0.604153 0.794369
0.139536 0.126223 0.178987 0.425936 0.0347416 0.904086
-0.0664093 -0.449824 0.252062 -0.425936 -0.0347416 -0.904086
-0.0968598 -0.556355 0.316588 0.425936 0.0347415 0.904086
-0.0946678 -0.0931765 -0.286161 0.0630697 0.604131 0.794385
-0.210382 0.12837 -0.500534 -0.0630698 -0.604131 -0.794385
-0.174895 0.293291 -0.297883 -0.329308 0.890841 0.312982
-0.202029 -0.0623706 -0.133528 0.587475 -0.665927 0.459797
-0.0126545 -0.519958 0.275519 0.425936 0.0347416 0.904086
0.0811426 -0.5489 0.188786 0.587476 -0.665927 0.459797
-0.273915 -0.381857 0.0456735 0.80678 0.437682 -0.396912
0.5892 -0.362458 -0.190326 0.587476 -0.665928 0.459797
0.194977 -0.292711 -0.154788 0.0630699 0.604131 0.794385
-0.276175 -0.16287 0.28256 0.80678 0.437682 -0.396912
0.398571 -0.288038 0.0728686 0.425936 0.0347417 0.904086
-0.0568164 -0.223983 -0.189687 0.0630698 0.604131 0.794385
-0.499706 -0.109384 -0.00784026 -0.80678 -0.437682 0.396912
-0.0277311 -0.433084 -0.035597 0.0630698 0.604131 0.794385
0.119934 0.271846 -0.583422 0.0630694 0.604131 0.794385
0.108952 0.297289 0.0407208 0.80678 0.437682 -0.396912
-0.522612 0.0823694 -0.0633904 -0.329308 0.890841 0.312982
0.292623 0.102065 -0.376901 -0.806781 -0.437682 0.396912
0.188534 -0.24503 0.170169 0.425936 0.0347416 0.904086
-0.364772 -0.038954 -0.361026 -0.0630697 -0.604131 -0.794385
0.204802 -0.18296 -0.29673 -0.0630697 -0.604131 -0.794385
-0.268918 -0.056779 -0.355081 -0.0630697 -0.604131 -0.794385
0.0175619 -0.206953 0.203168 -0.425936 -0.0347416 -0.904086
-0.170079 0.0919489 0.147137 0.329308 -0.890841 -0.312982
-0.281952 -0.0552605 -0.0895807 0.80678 0.437683 -0.396912
-0.101479 0.0641678 -0.460355 -0.0630698 -0.604131 -0.794385
-0.0750689 0.0282766 0.283856 0.425936 0.0347417 0.904086
-0.29737 0.170748 -0.369575 0.587476 -0.665927 0.459797
-0.428397 0.0515208 0.123543 -0.329308 0.890841 0.312982
-0.00398481 0.00964696 0.251083 0.425936 0.0347416 0.904086
0.101287 -0.184284 -0.287505 -0.0630697 -0.604131 -0.794385
0.326 -0.231353 0.10488 0.425936 0.0347417 0.904086
0.193897 0.140335 0.0403065 0.80678 0.437682 -0.396912
-0.355709 0.109306 -0.233228 -0.80678 -0.437682 0.396912
0.170132 0.298962 0.166921 0.80678 0.437682 -0.396912
-0.29229 0.0225926 -0.259239 0.80678 0.437683 -0.396912
0.156006 -0.490183 0.178175 0.587476 -0.665927 0.459797
-0.240364 -0.266551 -0.145364 0.0630698 0.604131 0.794385
-0.272331 -0.0564679 -0.0665632 0.0630697 0.604131 0.794385
-0.392364 0.204598 -0.289799 -0.587476 0.665927 -0.459797
0.463448 -0.0873383 -0.260006 0.587476 -0.665927 0.459797
-0.0320965 -0.28648 -0.144121 0.0630718 0.60413 0.794386
-0.00276834 0.175813 -0.500646 0.0630698 0.604131 0.794385
-0.29701 0.253831 -0.340326 -0.587476 0.665927 -0.459797
0.176009 -0.2202 -0.208427 0.0630696 0.604131 0.794385
-0.511984 -0.0955197 -0.253869 0.0630697 0.604131 0.794385
0.246058 -0.0398074 0.0526614 -0.80678 -0.437682 0.396912
0.0143496 -0.232171 -0.244184 -0.0630697 -0.604131 -0.794385
0.4817 -0.336805 -0.0443611 0.0630698 0.604131 0.794385
0.189982 0.116785 -0.523511 -0.0630697 -0.604131 -0.794385
0.370689 -0.228469 -0.22284 0.0630698 0.604131 0.794385
0.109584 -0.277974 -0.216912 -0.0630697 -0.604131 -0.794385
0.0642093 0.328849 -0.635361 0.80678 0.437683 -0.396912
0.0285267 -0.214529 0.24438 0.425936 0.0347416 0.904086
9.05608e-05 -0.0538022 -0.321006 0.0630699 0.604132 0.794385
0.0748516 0.123304 -0.466876 0.0630698 0.604131 0.794385
-0.656875 -0.0747559 -0.304464 -0.587476 0.665928 -0.459796
0.152415 -0.0395662 -0.401623 -0.0630697 -0.604131 -0.794385
0.12162 -0.186165 0.15832 0.80678 0.437682 -0.396912
0.394906 -0.192854 -0.304299 -0.0630698 -0.604131 -0.794385
-0.0602202 -0.0553247 0.233986 -0.425936 -0.0347416 -0.904086
0.137897 0.197833 -0.0101178 0.80678 0.437682 -0.396912
-0.239492 0.133093 0.0901218 -0.329308 0.890841 0.312982
0.324928 -0.367219 0.110606 0.425936 0.0347416 0.904086
0.267134 -0.502126 0.01889 0.587476 -0.665927 0.459797
0.0716903 -0.0930657 -0.354527 -0.0630697 -0.604131 -0.794385
-0.119043 0.233527 -0.202137 0.329308 -0.890841 -0.312982
-0.239078 -0.383561 -0.108931 -0.0630697 -0.604131 -0.794385
0.0323566 0.264987 -0.571252 0.0630707 0.604134 0.794383
0.4959 -0.280476 -0.245681 -0.0630696 -0.604131 -0.794385
-0.0238263 -0.381839 0.275474 0.425936 0.0347415 0.904086
-0.349089 -0.238774 0.155629 -0.80678 -0.437682 0.396912
-0.0909165 0.139528 0.228132 -0.329308 0.890841 0.312982
-0.509893 0.032775 0.0911527 -0.329308 0.890841 0.312982
-0.358353 0.0624844 -0.349532 0.80678 0.437683 -0.396912
0.0717371 0.0736151 0.199228 0.409492 -0.898458 -0.158396
0.0775075 0.18566 0.205926 0.425936 0.0347417 0.904086
-0.63545 0.0413875 -0.117501 -0.80678 -0.437682 0.396912
-0.446011 -0.165227 -0.0652529 0.80678 0.437682 -0.396912
0.0994124 0.165364 -0.0191692 -0.80678 -0.437682 0.396912
-0.0903128 -0.183645 -0.272779 -0.0630697 -0.604131 -0.794385
0.168573 0.101299 -0.0542148 0.80678 0.437682 -0.396912
-0.235686 -0.344168 0.269917 -0.80678 -0.437682 0.396912
-0.299503 -0.32808 -0.093876 0.0630698 0.604131 0.794385
0.200545 -0.0671665 0.157676 0.425936 0.0347415 0.904086
-0.203517 -0.3214 0.255435 0.80678 0.437682 -0.396912
-0.0193751 -0.418214 -0.0475693 0.0630698 0.604131 0.794385
0.224527 -0.18094 -0.153182 -0.587475 0.665927 -0.459797
0.418999 -0.282525 0.0315625 0.80678 0.437682 -0.396912
0.308606 -0.14792 -0.33162 -0.0630698 -0.604131 -0.794385
0.627701 -0.258446 -0.137605 0.80678 0.437682 -0.396912
0.1554 -0.487974 0.0915287 -0.587475 0.665927 -0.459797
-0.194554 -0.442304 0.140331 0.80678 0.437682 -0.396912
-0.574192 0.0583613 -0.269275 -0.587476 0.665927 -0.459797
-0.230468 -0.562804 0.0266996 -0.0630697 -0.604131 -0.794385
0.239775 -0.435026 0.151028 0.587476 -0.665927 0.459797
-0.398029 -0.244278 0.0500832 -0.80678 -0.437682 0.396912
0.361049 -0.334263 -0.038305 -0.806781 -0.437682 0.396912
-0.34575 -0.176766 -0.115577 0.587476 -0.665927 0.459797
0.302686 -0.420459 0.0011259 -0.587475 0.665927 -0.459797
0.0545663 -0.57254 0.188504 0.587476 -0.665927 0.459797
0.189516 -0.0199331 -0.12679 -0.0630697 -0.604131 -0.794385
0.0688 -0.471455 0.23528 0.425936 0.0347416 0.904086
-0.288362 0.0315998 -0.420749 -0.0630698 -0.604131 -0.794385
-0.0445762 -0.30456 0.236193 -0.425936 -0.0347416 -0.904086
0.289121 -0.0582676 -0.398254 -0.0630697 -0.604131 -0.794385
0.153885 0.115948 -0.520008 -0.0630698 -0.604131 -0.794385
0.402642 -0.332871 -0.145979 0.0630698 0.604131 0.794385
0.410891 -0.118011 -0.362487 -0.06307 -0.604131 -0.794385
0.170157 0.235406 0.096888 0.80678 0.437682 -0.396912
0.327957 -0.0624473 0.0974676 0.425936 0.0347416 0.904086
-0.105827 -0.692143 0.115166 -0.0630697 -0.604131 -0.794385
-0.135593 0.242017 -0.563676 -0.587475 0.665927 -0.459797
-0.462573 -0.0360908 0.0434834 0.80678 0.437683 -0.396912
-0.287128 -0.476879 -0.0341479 -0.0630697 -0.604131 -0.794385
-0.0617495 0.305137 -0.212551 -0.329308 0.890841 0.312982
-0.117042 -0.621312 0.205466 -0.80678 -0.437682 0.396912
-0.573192 -0.0139072 -0.051927 -0.80678 -0.437682 0.396912
-0.13603 -0.430342 -0.081536 -0.0630697 -0.604131 -0.794385
-0.186088 -0.20433 -0.249444 -0.0630697 -0.604131 -0.794385
0.0161507 0.117738 -0.245865 0.587475 -0.665927 0.459797
-0.225365 -0.423709 -0.0270357 0.0630698 0.604131 0.794385
0.420019 -0.307323 -0.219239 -0.06307 -0.604131 -0.794385
0.391681 -0.441118 -0.0630487 -0.0630698 -0.604131 -0.794385
-0.0380052 0.326206 -0.526199 0.806781 0.437682 -0.396912
-0.0718682 -0.582895 0.102388 0.806781 0.437683 -0.396912
-0.365014 0.177626 -0.168699 -0.329308 0.890841 0.312982
-0.343754 0.145598 -0.0551708 -0.329308 0.890841 0.312982
0.0884248 0.353839 -0.556133 -0.0630696 -0.604131 -0.794385
-0.570681 -0.178 -0.238933 -0.0630697 -0.604131 -0.794385
-0.4936 -0.224071 -0.121896 -0.80678 -0.437682 0.396912
-0.399443 0.0169665 0.326829 -0.409492 0.898458 0.158396
-0.298396 0.056826 0.112098 0.329308 -0.890841 -0.312982
-0.184913 0.0105382 -0.355248 0.0630685 0.60413 0.794386
0.322541 -0.313264 -0.206982 -0.0630698 -0.604131 -0.794385
-0.0392226 -0.603843 0.263 0.587476 -0.665927 0.459797
-0.406008 -0.227635 -0.21426 -0.0630697 -0.604131 -0.794385
-0.386325 0.00366193 0.34728 -0.80678 -0.437682 0.396912
-0.439429 0.0975558 -0.294075 0.587475 -0.665927 0.459797
0.58511 -0.260521 -0.226465 0.80678 0.437682 -0.396913
-0.203601 0.203461 -0.442005 0.587476 -0.665927 0.459797
0.148003 -0.480985 -0.013121 0.0630697 0.604131 0.794385
0.260995 -0.0673444 -0.389118 -0.0630697 -0.604131 -0.794385
0.27902 -0.247556 -0.109426 -0.80678 -0.437682 0.396912
0.359057 -0.153249 0.0522776 0.80678 0.437682 -0.396912
-0.247665 -0.263001 -0.147484 0.0630698 0.604131 0.794385
-0.114093 -0.624036 0.208457 -0.80678 -0.437682 0.396912
0.24411 0.134888 0.136365 0.80678 0.437682 -0.396912
0.312103 -0.250275 0.0660672 -0.425936 -0.0347417 -0.904086
-0.0138225 0.170671 0.220606 -0.329308 0.890841 0.312982
-0.193418 -0.0132554 0.295122 -0.425936 -0.0347413 -0.904086
-0.37793 0.0474674 0.0550519 0.329308 -0.890841 -0.312982
-0.116654 -0.318822 0.270699 -0.425936 -0.0347417 -0.904086
0.215122 -0.431166 -0.0524693 0.470502 -0.719962 0.510179
-0.296427 0.141013 -0.452502 -0.587476 0.665928 -0.459796
-0.308611 -0.0104016 0.292699 0.329308 -0.890841 -0.312982
0.0532609 0.379785 -0.557191 -0.80678 -0.437683 0.396912
-0.116152 0.136599 0.0767889 0.329308 -0.890841 -0.312982
-0.327443 -0.11028 -0.257295 0.0630697 0.604131 0.794385
-0.205081 0.172479 -0.523641 -0.587476 0.665927 -0.459797
0.366664 -0.457999 -0.0895349 0.587476 -0.665927 0.459797
-0.247839 0.0546646 0.171443 0.329308 -0.890841 -0.312982
0.0822091 0.160811 -0.548436 -0.0630697 -0.604131 -0.794385
0.0661364 -0.459434 0.236073 0.425936 0.0347416 0.904086
0.0624083 0.321147 -0.647515 0.80678 0.437683 -0.396912
-0.0913346 -0.1866 -0.270451 -0.0630697 -0.604131 -0.794385
-0.298305 -0.306328 0.0793851 0.80678 0.437682 -0.396912
0.0366731 0.300051 -0.103151 0.80678 0.437682 -0.396912
-0.0211508 0.0885044 0.25614 0.425936 0.0347417 0.904086
-0.223094 0.290366 -0.381854 -0.587476 0.665927 -0.459797
0.332377 -0.379204 -0.105164 0.06307 0.604132 0.794385
0.155216 -0.49717 -0.053836 -0.0630698 -0.604131 -0.794385
0.0234187 -0.602967 0.093614 -0.587476 0.665927 -0.459797
0.106513 0.0344261 -0.454249 -0.0630697 -0.604131 -0.794385
-0.00154037 -0.131292 -0.264568 0.0631002 0.604136 0.794379
-0.130839 0.339758 -0.399857 0.80678 0.437682 -0.396912
-0.27832 0.193234 -0.255039 0.329308 -0.890841 -0.312982
0.36846 0.0304088 -0.314637 0.0630697 0.604131 0.794385
0.397533 -0.190676 -0.306164 -0.06307 -0.604131 -0.794385
-0.151938 0.0694377 0.230298 0.329308 -0.890841 -0.312982
0.236631 -0.120591 -0.0812436 -0.587475 0.665928 -0.459797
0.301441 0.0413775 -0.470154 0.80678 0.437682 -0.396912
-0.629151 -0.0849759 -0.305036 -0.0630697 -0.604131 -0.794385
-0.136389 -0.478112 0.324051 -0.80678 -0.437682 0.396912
