ply
format ascii 1.0
comment Created by Open3D
element vertex 400
property double x
property double y
property double z
property double nx
property double ny
property double nz
end_header
-0.14084 -0.0863181 0.0206979 -0.701425 -0.703785 -0.112651
-0.0681875 0.00624143 -0.242305 0.701425 0.703785 0.112651
0.272273 0.410075 0.181239 0.701425 0.703784 0.112651
-0.235823 -0.0639961 -0.0372363 0.600687 -0.498645 -0.624922
0.0677351 0.379064 -0.121164 -0.383637 0.506004 -0.772517
0.52986 0.171139 0.0701081 0.701425 0.703785 0.11265
0.210005 0.421946 -0.163729 -0.383637 0.506004 -0.772517
-0.153709 -0.0612402 -0.055847 -0.701425 -0.703785 -0.112651
-0.165854 0.0149049 0.243814 -0.600687 0.498645 0.624922
0.363283 0.0969681 -0.0602829 -0.600687 0.498645 0.624922
0.221849 0.466742 0.0665988 -0.353218 0.480518 -0.802707
0.244192 0.111635 0.220507 -0.383637 0.506004 -0.772517
0.526656 0.0802054 0.0271045 0.600687 -0.498646 -0.624922
0.199432 0.184059 0.290173 -0.383637 0.506004 -0.772517
-0.177834 0.0520237 0.154387 0.701425 0.703785 0.112651
0.142364 -0.230038 -0.0771637 0.701425 0.703785 0.112651
-0.0194854 0.464413 0.0258299 -0.600687 0.498645 0.624922
0.236268 0.0613968 -0.237014 0.600687 -0.498645 -0.624922
-0.161358 0.164075 0.119397 -0.701424 -0.703786 -0.112652
0.0200403 0.293103 -0.153784 -0.383637 0.506004 -0.772517
0.0325326 -0.219491 -0.0776091 -0.70883 0.705345 0.00692886
0.157328 0.447515 0.126243 0.600687 -0.498645 -0.624922
0.0934515 0.000439446 -0.325653 0.600687 -0.498645 -0.624922
0.537086 0.149443 0.160664 0.701425 0.703785 0.112651
0.151446 0.347901 0.200075 0.600687 -0.498645 -0.624922
0.160351 0.506943 0.164756 -0.600687 0.498645 0.624922
0.303248 0.0313568 0.138596 -0.383638 0.506004 -0.772517
0.216382 0.248282 -0.280647 -0.383637 0.506004 -0.772517
-0.0858887 -0.0704428 0.332328 0.383637 -0.506004 0.772517
-0.339387 -0.0806824 0.0851759 0.485904 -0.857084 -0.171188
-0.148458 -0.0920804 0.20993 0.0334236 0.777418 -0.628095
-0.159622 0.289082 -0.0671956 -0.383637 0.506004 -0.772517
0.158184 -0.270792 0.0789479 0.701425 0.703785 0.112651
0.120682 -0.350126 0.0404563 -0.701425 -0.703785 -0.112651
-0.161546 0.194688 -0.0706872 -0.701425 -0.703785 -0.112651
0.462637 0.197745 -0.12822 0.600687 -0.498645 -0.624922
-0.252215 0.0321816 0.147017 -0.600687 0.498645 0.624922
0.261908 -0.237639 0.0440986 0.659539 -0.700826 0.271756
-0.406436 -0.117804 0.061916 0.579507 -0.670176 -0.463719
0.439408 0.244975 -0.188235 0.600687 -0.498645 -0.624922
0.384826 0.232609 -0.230834 0.600687 -0.498645 -0.624922
0.290144 -0.117281 0.114908 0.383638 -0.506004 0.772517
-0.0583621 0.0960582 0.282383 -0.600687 0.498645 0.624922
0.378667 0.360916 -0.174111 0.701411 0.703798 0.11265
-0.262125 -0.156613 0.0113827 0.600687 -0.498645 -0.624922
0.345156 -0.0948662 -0.00766224 0.600687 -0.498645 -0.624922
-0.00187912 0.263669 -0.0950149 0.383638 -0.506004 0.772517
0.087733 -0.0129834 0.283743 0.383637 -0.506004 0.772517
0.24116 0.386745 0.0601328 -0.701423 -0.703786 -0.112653
0.196817 0.287673 0.37477 -0.600687 0.498645 0.624922
0.494501 -0.00340227 0.08337 0.629884 -0.686053 0.364111
-0.168379 -0.118082 0.142227 -0.467673 0.874555 0.128198
-0.323969 0.133205 -0.0876804 -0.383637 0.506004 -0.772517
-0.168566 -0.0588209 0.300036 -0.600687 0.498646 0.624922
0.0219007 -0.15976 -0.160679 -0.447225 0.311525 0.838417
-0.388544 -0.312242 0.0449014 -0.194961 -0.904085 -0.380291
-0.142507 0.0550838 -0.0846966 0.701425 0.703785 0.112651
-0.311822 -0.145461 0.231469 -0.600687 0.498646 0.624922
0.297281 0.353767 0.377304 0.701413 0.703797 0.11265
0.0266873 0.0688631 -0.2368 0.383638 -0.506004 0.772517
0.296845 0.396342 0.114035 0.701425 0.703785 0.112652
-0.0700199 0.31377 -0.0955218 -0.383637 0.506004 -0.772517
-0.0633507 0.283033 0.128394 -0.600687 0.498645 0.624922
0.272889 0.305178 -0.271441 -0.383637 0.506004 -0.772517
0.235496 0.246473 0.313145 -0.383637 0.506004 -0.772517
0.218803 0.01736 -0.135638 -0.600687 0.498645 0.624922
0.267984 -0.0321709 -0.131868 0.600687 -0.498645 -0.624922
0.169944 0.386549 -0.099856 0.383637 -0.506004 0.772517
-0.0861758 0.131133 -0.142928 -0.701425 -0.703785 -0.112651
-0.106172 -0.0785199 -0.243878 -0.701425 -0.703785 -0.112651
-0.358832 -0.287136 0.113881 -0.0184727 -0.790105 0.612694
0.032725 -0.185015 0.198378 0.383637 -0.506004 0.772517
-0.196553 -0.0868012 0.0848165 -0.522194 0.013502 0.85272
0.217733 0.397316 0.139959 -0.701425 -0.703785 -0.112651
0.153154 0.127778 0.276291 -0.383637 0.506004 -0.772517
-0.161325 -0.191398 0.13603 0.600687 -0.498645 -0.624922
0.367186 0.0598192 0.125488 -0.383638 0.506004 -0.772517
0.119992 0.0805795 -0.328145 0.189551 -0.336557 0.922388
0.27455 -0.0735302 -0.0095288 -0.600687 0.498645 0.624922
0.0227998 -0.0403796 0.250055 -0.701425 -0.703785 -0.112651
-0.122432 -0.116351 0.0937088 -0.701425 -0.703785 -0.112651
-0.219163 0.023601 -0.178337 -0.701425 -0.703785 -0.112651
-0.132552 -0.130293 0.3163 0.383637 -0.506004 0.772517
0.0685594 0.47465 0.00819922 0.383638 -0.506004 0.772517
-0.112731 0.20077 -0.148327 -0.383637 0.506004 -0.772517
-0.427137 -0.0358776 -0.138464 -0.624292 0.195741 -0.75627
0.156679 -0.294587 0.00761843 0.223561 -0.367322 0.902826
0.343643 0.139607 0.189441 -0.383638 0.506004 -0.772517
0.499794 9.10795e-05 0.0792771 0.682842 -0.708851 0.176795
-0.256756 -0.0813719 0.23326 -0.600687 0.498645 0.624922
-0.273502 -0.23361 0.185478 -0.0184725 -0.790105 0.612694
0.0863046 -0.174231 -0.0767578 0.701425 0.703785 0.112652
0.0290402 0.447868 -0.0568806 -0.383637 0.506004 -0.772517
-0.420385 0.00636004 0.00597186 -0.600687 0.498645 0.624922
-0.139069 0.0716749 -0.209754 0.701425 0.703785 0.112651
-0.181809 0.0847508 -0.0253232 0.701425 0.703785 0.112651
-0.362882 -0.122762 -0.103052 0.257133 -0.59605 -0.760662
0.230175 0.374601 0.337472 -0.600687 0.498645 0.624922
0.086846 0.312734 -0.174101 -0.383637 0.506004 -0.772517
0.0957526 -0.31345 -0.0334474 -0.701425 -0.703785 -0.112651
0.368214 0.313761 -0.0228214 -0.389744 0.246404 0.887347
0.0623871 -0.297536 0.0748779 -0.701425 -0.703785 -0.112651
-0.222583 -0.179582 0.256687 -0.0184725 -0.790105 0.612694
0.0746324 -0.080689 0.17915 -0.701425 -0.703784 -0.112652
0.507497 0.160903 -0.0557034 0.600687 -0.498645 -0.624922
0.216772 0.0815689 0.281593 0.383637 -0.506004 0.772517
0.212382 0.477458 -0.128548 -0.383637 0.506004 -0.772517
0.442168 0.29082 -0.131581 0.701425 0.703785 0.112651
0.126128 0.43141 0.19213 -0.600687 0.498645 0.624922
0.339665 -0.0294716 0.0806686 -0.383638 0.506004 -0.772517
0.125734 0.274518 0.233914 0.600687 -0.498645 -0.624922
0.0974718 0.38636 -0.0639894 0.383638 -0.506004 0.772517
-0.053255 -0.135575 -0.178745 0.049638 -0.205905 0.977312
-0.0164109 0.0592523 0.351927 -0.570841 0.460075 0.680053
0.0873718 -0.208904 0.133213 0.701425 0.703785 0.112651
0.0115475 0.512236 0.000390251 -0.659546 0.700829 -0.271731
0.360612 0.247527 0.186126 -0.701425 -0.703785 -0.112651
0.0234142 -0.136985 -0.283319 0.600687 -0.498645 -0.624922
0.386624 0.282431 0.266682 0.701425 0.703785 0.112651
0.26409 0.159051 0.308847 0.383637 -0.506004 0.772517
-0.00651071 -0.115113 0.13182 0.701425 0.703785 0.112651
-0.159946 -0.0337309 -0.188871 -0.701425 -0.703785 -0.112651
0.0291163 0.133368 -0.195755 0.383638 -0.506004 0.772517
0.331352 -0.149011 0.0594779 -0.51999 0.613395 -0.594438
-0.335191 -0.10704 0.0163369 -0.180497 -0.625528 0.759036
0.380112 0.0777698 0.197989 0.383638 -0.506004 0.772517
-0.0686021 -0.0298 -0.0145557 0.701425 0.703784 0.112651
-0.213012 -0.177823 0.0755159 0.600687 -0.498645 -0.624922
0.203883 0.519085 -0.0739698 0.701425 0.703785 0.112651
0.332606 0.405006 -0.162761 0.701425 0.703785 0.112651
0.35958 0.292032 0.348529 0.383637 -0.506004 0.772517
0.279045 0.0357643 -0.0924172 -0.600687 0.498645 0.624922
0.356862 0.171315 -0.208805 0.600687 -0.498645 -0.624922
-0.124074 -0.0410957 0.150462 -0.79927 -0.356494 -0.483817
-0.102286 -0.0875257 -0.13567 0.543649 -0.630502 0.553998
0.320387 0.237554 -0.296719 0.600687 -0.498645 -0.624922
-0.0844054 -0.087871 -0.320991 -0.701425 -0.703785 -0.112651
-0.00706048 -0.230002 0.0853764 -0.701425 -0.703785 -0.112651
-0.261981 -0.0716638 0.0629677 -0.151704 -0.659355 0.736367
0.0273852 0.13828 0.331114 -0.600687 0.498645 0.624922
0.331682 0.334737 0.281997 0.701425 0.703785 0.112651
0.491466 0.219829 0.00498175 0.701425 0.703784 0.112652
0.0443596 -0.267342 -0.00150989 -0.701425 -0.703785 -0.112651
-0.019993 0.167388 -0.149084 0.383638 -0.506004 0.772517
-0.390706 -0.0421531 0.0732103 -0.600687 0.498645 0.624922
-0.420275 -0.125759 -0.0125752 0.0787059 -0.860218 0.503816
0.031054 -0.0987395 -0.20437 0.701425 0.703784 0.112651
0.313045 0.230104 0.263912 -0.383637 0.506004 -0.772517
0.42287 0.282899 0.038066 0.701425 0.703784 0.112653
-0.128431 0.0276561 -0.000985447 0.701425 0.703785 0.112651
-0.287088 0.0680628 0.0848652 -0.600687 0.498645 0.624922
-0.237822 0.123376 0.0821338 0.701425 0.703785 0.112651
0.052055 0.319146 0.127483 0.600687 -0.498645 -0.624922
-0.0273736 0.240187 -0.164898 -0.383637 0.506004 -0.772517
0.220222 0.318028 0.290021 0.600687 -0.498645 -0.624922
-0.466831 -0.0754114 0.00706602 -0.924668 0.246604 0.290131
0.392049 0.230475 0.096918 -0.701427 -0.703781 -0.112658
0.374482 0.210828 0.287939 0.383638 -0.506004 0.772517
-0.0162108 0.212701 0.146801 0.600687 -0.498645 -0.624922
-0.302419 0.07747 -0.134889 -0.383638 0.506004 -0.772517
0.474915 0.140271 0.191848 0.383638 -0.506004 0.772517
0.0183232 -0.208743 -0.205488 -0.701425 -0.703785 -0.112651
0.0479925 0.225228 0.198518 0.600687 -0.498645 -0.624922
-0.308243 -0.144621 -0.0425152 0.600687 -0.498645 -0.624922
0.322639 -0.0369235 -0.0755401 0.600687 -0.498645 -0.624922
-0.0600303 -0.0146661 -0.162477 0.701425 0.703785 0.112651
0.155649 0.444183 -0.0550065 0.383638 -0.506004 0.772517
0.0474962 0.0757554 -0.309783 -0.383637 0.506004 -0.772517
-0.10894 0.0950644 0.224154 -0.701426 -0.703783 -0.11265
-0.0201503 0.126762 0.211587 0.600687 -0.498645 -0.624922
-0.0157128 0.379354 0.0973274 -0.600687 0.498645 0.624922
0.420243 0.191624 0.164084 -0.701425 -0.703785 -0.112651
-0.235045 0.151778 -0.112602 0.701425 0.703784 0.112651
0.117205 0.0592429 -0.266716 -0.600687 0.498645 0.624922
-0.0926728 0.262252 -0.0508541 0.383638 -0.506004 0.772517
0.0397314 0.396108 0.137252 -0.600687 0.498645 0.624922
0.227531 0.422913 -0.0809579 -0.701425 -0.703785 -0.112651
-0.0469126 0.0245842 0.278262 -0.701425 -0.703785 -0.112651
0.21572 0.385405 0.226909 -0.701425 -0.703785 -0.112651
-0.410491 0.0347043 -0.00713403 -0.600687 0.498645 0.624922
0.0687553 0.175307 -0.255133 -0.383637 0.506004 -0.772517
0.119589 -0.218071 -0.0101204 0.701425 0.703785 0.112651
-0.36924 -0.186412 0.0810196 0.0929875 0.721955 -0.685663
-0.115275 0.0375948 -0.14499 0.701425 0.703785 0.112651
-0.0875241 0.200281 0.171189 -0.600687 0.498645 0.624922
0.129763 0.226509 -0.251893 -0.383637 0.506004 -0.772517
-0.15791 0.00874907 -0.251666 -0.383637 0.506004 -0.772517
0.557416 0.153378 -0.0017152 0.600687 -0.498646 -0.624922
0.203016 0.273269 0.390354 -0.450027 0.314751 0.835708
-0.39872 -0.129578 0.135266 -0.600687 0.498645 0.624922
0.211492 -0.0987341 -0.0500301 -0.600687 0.498645 0.624922
0.188827 0.198701 0.372194 0.383637 -0.506004 0.772517
0.250263 -0.0370222 0.187284 0.383637 -0.506004 0.772517
0.15409 0.364277 0.272575 -0.600687 0.498645 0.624922
0.442835 0.117436 -0.000147101 -0.600687 0.498645 0.624922
-0.0301031 0.402889 -0.0569713 -0.383637 0.506004 -0.772517
0.0790187 -0.143776 -0.221657 0.701425 0.703785 0.112651
0.182647 0.453999 0.00430314 -0.70143 -0.70378 -0.112649
-0.0413123 -0.0212201 -0.329199 -0.383637 0.506004 -0.772517
0.213929 -0.116083 0.0863785 -0.383637 0.506004 -0.772517
0.0457806 0.151118 0.255527 0.600687 -0.498645 -0.624922
0.531169 0.169839 0.07008 0.701425 0.703785 0.11265
0.16276 0.259631 -0.17942 0.383637 -0.506004 0.772517
-0.00132875 -0.0563777 -0.267392 0.701425 0.703785 0.112651
0.00230204 0.288414 0.187208 -0.600687 0.498645 0.624922
-0.0621434 0.342921 -0.0131762 0.383638 -0.506004 0.772517
0.00325808 -0.127215 0.0324363 -0.0496394 0.205906 -0.977312
0.248636 -0.0436508 0.116587 -0.383637 0.506004 -0.772517
0.469663 0.225414 0.105847 0.70142 0.70379 0.112648
0.0818312 0.291625 0.178065 0.600687 -0.498645 -0.624922
-0.00562921 -0.118012 0.144443 0.701425 0.703785 0.112651
0.440804 -0.0555323 0.0537599 0.670146 -0.597393 -0.440484
0.0601301 0.318969 -0.0895871 0.383638 -0.506004 0.772517
0.258084 0.374442 -0.151557 0.383637 -0.506004 0.772517
0.173287 -0.168236 0.111816 -0.701427 -0.703782 -0.112655
0.13139 0.579905 -0.0212234 -0.383637 0.506004 -0.772517
-0.051888 -0.190303 0.236934 0.383637 -0.506004 0.772517
-0.04144 0.106099 -0.245741 -0.383637 0.506004 -0.772517
-0.280451 -0.245878 0.064996 0.600687 -0.498645 -0.624922
-0.310637 0.138077 0.00636315 -0.600687 0.498645 0.624922
0.302495 0.34438 0.403488 0.701434 0.703776 0.112651
0.473641 0.222053 0.102072 0.701418 0.703792 0.112647
0.279476 0.0305983 -0.170907 0.600687 -0.498645 -0.624922
0.136671 0.551238 0.106649 -0.600687 0.498645 0.624922
-0.277056 -0.0228948 -0.109666 0.600687 -0.498645 -0.624922
0.282939 0.0977226 -0.138113 -0.600687 0.498645 0.624922
-0.216003 -0.234386 0.117774 0.600687 -0.498645 -0.624922
0.0444093 -0.263038 0.14147 0.383638 -0.506004 0.772517
-0.459363 0.0287876 -0.0843624 -0.753806 0.508596 -0.416061
-0.149166 -0.177765 0.261243 -0.0184725 -0.790105 0.612694
-0.0646385 0.410022 0.0077812 0.447237 -0.311539 -0.838405
0.295344 0.431901 -0.0987776 0.701425 0.703785 0.112651
0.387082 0.223 -0.137971 -0.600687 0.498645 0.624922
0.0977988 0.177003 0.367899 -0.600687 0.498645 0.624922
-0.0332641 -0.10464 0.232971 0.701425 0.703785 0.112651
0.163438 0.00299169 -0.260417 0.600687 -0.498645 -0.624922
0.264036 -0.164695 -0.0299176 0.600687 -0.498645 -0.624922
0.396936 0.291847 0.143645 0.701425 0.703785 0.112651
0.311205 0.323247 -0.21147 0.383637 -0.506004 0.772517
0.288046 0.355689 -0.0377816 -0.701425 -0.703785 -0.112651
0.224516 0.154143 -0.304777 -0.682144 0.617059 0.392323
0.231298 -0.0837413 -0.125982 0.600687 -0.498645 -0.624922
-0.185318 0.0762065 0.0499034 0.701425 0.703785 0.112651
-0.000467624 0.273632 0.113315 0.600687 -0.498645 -0.624922
0.181702 0.072013 -0.297936 0.600687 -0.498645 -0.624922
-0.111905 0.109412 0.152975 -0.701434 -0.703777 -0.112641
0.0100098 0.340902 -0.0503304 0.383638 -0.506004 0.772517
0.460635 0.212239 0.24437 0.701425 0.703785 0.112651
0.366729 0.284885 -0.0853559 -0.701425 -0.703785 -0.112651
0.225922 0.279533 -0.197751 0.383637 -0.506004 0.772517
0.420644 0.0274496 0.0777378 -0.383638 0.506004 -0.772517
-0.434055 -0.223948 0.176603 -0.600687 0.498645 0.624922
0.27918 0.177749 -0.205583 -0.600687 0.498645 0.624922
0.296681 0.306128 0.225449 -0.699318 0.64903 0.299523
-0.161008 0.195015 -0.0760846 -0.701425 -0.703785 -0.112651
0.370684 0.29219 -0.291968 0.600687 -0.498645 -0.624922
-0.212907 -0.111435 0.299397 -0.600687 0.498645 0.624922
0.0532703 0.495031 0.0713331 -0.600687 0.498645 0.624922
0.0865844 -0.269418 -0.116926 0.600687 -0.498645 -0.624922
-0.136731 0.0187662 0.106236 0.701425 0.703785 0.112651
-0.297321 0.201177 -0.0334544 0.701434 0.703776 0.112649
0.174974 -0.132656 -0.120967 -0.701425 -0.703785 -0.112651
0.524082 0.0880615 0.133234 0.383638 -0.506004 0.772517
0.245642 -0.180203 0.095794 0.383637 -0.506004 0.772517
-0.370107 -0.196424 -0.0476441 0.21385 -0.60174 -0.769531
0.590326 0.0943629 0.0779488 0.670146 -0.597393 -0.440484
-0.0992029 -0.0435136 0.261656 0.701425 0.703784 0.112651
0.0024578 0.395855 0.0186004 0.600687 -0.498645 -0.624922
0.0699791 0.0605162 0.273539 -0.383637 0.506004 -0.772517
0.0455107 0.22812 0.276851 -0.600687 0.498645 0.624922
-0.0465547 0.20971 -0.108172 0.383638 -0.506004 0.772517
0.106928 0.250857 0.317744 -0.600687 0.498645 0.624922
0.140065 0.364601 -0.166557 -0.383637 0.506004 -0.772517
-0.455093 -0.263591 0.0511155 -0.756568 -0.607345 -0.242356
-0.0646244 -0.133452 0.280497 0.383637 -0.506004 0.772517
-0.0231381 0.178099 0.250777 -0.600687 0.498645 0.624922
-0.31473 -0.0561414 0.157401 -0.600687 0.498645 0.624922
-0.156033 0.195785 0.025899 0.600687 -0.498645 -0.624922
0.252991 0.0563947 0.179955 -0.383637 0.506004 -0.772517
0.386944 0.0152425 -0.0553535 0.600687 -0.498645 -0.624922
-0.0295565 -0.0719058 -0.162944 0.223549 -0.367311 0.902834
-0.0825401 0.209125 0.0858972 0.600687 -0.498645 -0.624922
-0.066009 -0.0292393 -0.0944951 0.668507 -0.704436 0.238469
0.182825 0.526446 0.0111584 0.701425 0.703785 0.112651
0.242753 -0.0386603 -0.0679159 -0.600687 0.498645 0.624922
0.374776 -0.0939967 0.0734593 -0.155042 0.30493 -0.93967
-0.440995 -0.115525 -0.0881022 -0.634043 -0.464495 -0.618251
-0.00938573 -0.00717406 0.335778 0.383638 -0.506004 0.772517
-0.361019 -0.216858 0.204443 -0.0184727 -0.790105 0.612694
0.147629 0.161017 -0.303662 -0.383637 0.506004 -0.772517
0.227075 0.353735 -0.216884 -0.383637 0.506004 -0.772517
-0.301062 -0.0881843 -0.080645 0.600687 -0.498645 -0.624922
-0.0315762 -0.216168 0.151598 -0.701425 -0.703785 -0.112651
0.369018 -0.00758944 0.147588 0.383638 -0.506004 0.772517
-0.069715 -0.0629481 0.199465 0.701425 0.703785 0.112651
0.460007 0.0738716 0.0511199 -0.600687 0.498645 0.624922
-0.0783646 -0.139666 0.0216403 0.296453 -0.144345 -0.944076
-0.212843 -0.10972 0.0213366 0.600687 -0.498645 -0.624922
-0.257133 -0.0888417 0.238858 -0.600687 0.498645 0.624922
-0.334717 0.00285809 -0.163737 -0.0377235 0.194489 -0.980179
0.126925 0.14129 -0.239139 0.383637 -0.506004 0.772517
0.323179 0.335022 -0.127418 -0.701429 -0.703777 -0.112672
0.438981 0.0745602 -0.0526667 0.600687 -0.498645 -0.624922
0.311385 0.302857 0.146967 -0.701427 -0.703782 -0.112653
-0.284677 -0.170127 0.0872231 -0.36008 0.928629 -0.0893906
0.0717226 0.409456 0.0743265 0.600687 -0.498645 -0.624922
0.301022 0.109723 -0.213333 0.600687 -0.498645 -0.624922
0.212847 0.0106301 0.237078 0.383637 -0.506004 0.772517
-0.20258 0.100203 -0.169579 -0.383637 0.506004 -0.772517
-0.109788 -0.0332775 -0.303092 -0.383637 0.506004 -0.772517
0.0858707 0.470336 -0.0703865 -0.383637 0.506004 -0.772517
0.331203 0.395547 -0.241208 -0.383637 0.506004 -0.772517
0.393082 0.0497859 0.00600835 -0.600687 0.498645 0.624922
0.0766677 -0.083406 0.183451 -0.701418 -0.703794 -0.112636
0.408515 0.131538 -0.127415 0.600687 -0.498645 -0.624922
0.171907 0.0627068 0.224356 -0.383637 0.506004 -0.772517
0.587652 0.0887747 0.0828509 0.704617 -0.660913 -0.258281
0.133095 -0.11632 0.126366 -0.383637 0.506004 -0.772517
0.353742 0.0721207 -0.132653 0.600687 -0.498645 -0.624922
0.0343728 0.228667 -0.203107 -0.383637 0.506004 -0.772517
0.293368 0.16645 0.23199 -0.383637 0.506004 -0.772517
0.126978 -0.0766183 -0.172211 -0.701425 -0.703785 -0.112651
-0.388503 0.0597388 -0.103753 -0.383637 0.506004 -0.772517
0.106355 0.37718 0.13337 0.600687 -0.498645 -0.624922
0.28144 0.457512 -0.172205 0.701425 0.703785 0.112651
-0.00906567 -0.204406 0.00489929 -0.383637 0.506004 -0.772517
0.0701927 0.358696 0.196385 -0.600687 0.498645 0.624922
0.337006 -0.00394851 -0.00501582 -0.600687 0.498645 0.624922
0.0859705 0.101619 0.359683 0.383638 -0.506004 0.772517
-0.219458 0.254643 -0.0464543 0.321929 -0.453846 0.830894
0.226761 -0.0963679 0.160083 0.383637 -0.506004 0.772517
-0.387956 0.105762 -0.04225 -0.627277 0.534512 0.56641
-0.402028 -0.24417 -0.0117539 -0.14451 -0.604254 -0.783578
0.423378 0.178368 -0.0674692 -0.600687 0.498645 0.624922
0.170497 -0.0072515 0.179233 -0.383637 0.506004 -0.772517
0.10469 0.218628 -0.17744 0.383638 -0.506004 0.772517
0.275724 0.439996 -0.0271847 0.701425 0.703785 0.112651
-0.0823529 0.274801 0.0336717 0.600687 -0.498645 -0.624922
0.199749 -0.0425166 -0.189202 0.600687 -0.498645 -0.624922
0.429881 0.29853 -0.240127 0.600687 -0.498645 -0.624922
0.318804 0.0420141 0.205015 0.383637 -0.506004 0.772517
-0.0918671 -0.158574 0.167187 -0.701425 -0.703785 -0.112651
-0.181745 -0.0226962 -0.122081 -0.701425 -0.703785 -0.112651
0.339003 0.159551 -0.133557 -0.600687 0.498645 0.624922
0.366902 0.296234 -0.157333 -0.701425 -0.703785 -0.112651
-0.310638 -0.211297 0.00838587 0.600687 -0.498645 -0.624922
0.463886 0.259106 -0.0686736 0.701425 0.703785 0.112651
0.165682 -0.0792592 0.201622 0.383637 -0.506004 0.772517
-0.341919 0.0300461 0.0624957 -0.600687 0.498645 0.624922
-0.112213 0.363429 -0.042042 -0.383637 0.506004 -0.772517
-0.375185 -0.304128 0.0352471 0.171682 -0.606243 -0.776527
0.0913674 -0.0306641 -0.237581 -0.701425 -0.703785 -0.112651
0.320896 0.2367 -0.212522 -0.600687 0.498645 0.624922
0.178525 0.034247 -0.187828 -0.600687 0.498645 0.624922
-0.208961 -0.0275437 0.123162 0.173766 -0.907788 0.381742
0.107151 0.17826 0.29286 0.600687 -0.498645 -0.624922
0.00480241 0.0766268 0.275577 0.600687 -0.498645 -0.624922
0.44391 0.226575 0.258945 0.701425 0.703785 0.112651
-0.471972 -0.0389502 -0.0610966 -0.999788 0.0201944 -0.00390514
0.153122 0.0472806 0.290743 0.383637 -0.506004 0.772517
-0.474386 -0.170033 0.0539875 -0.987497 0.110374 0.11255
-0.0539927 -0.181853 0.0767939 -0.701424 -0.703785 -0.112651
0.0882992 0.453655 0.138019 -0.600687 0.498645 0.624922
0.134467 0.494504 0.051243 -0.701425 -0.703785 -0.112651
0.263094 -0.140248 0.0326961 -0.600687 0.498645 0.624922
0.320987 0.0959613 0.239267 0.383637 -0.506004 0.772517
0.209894 -0.176031 -0.0674126 -0.701425 -0.703785 -0.112651
-0.086033 -0.0243795 0.0601137 0.701425 0.703785 0.112651
-0.0714134 0.00821389 -0.234542 0.701425 0.703785 0.112651
0.284275 0.269663 0.371274 0.383637 -0.506004 0.772517
0.100855 -0.176713 -0.151853 0.701425 0.703785 0.112651
0.0172559 -0.0217658 0.245827 -0.383637 0.506004 -0.772517
0.0872352 -0.194909 0.0466339 0.701425 0.703785 0.112651
-0.0411024 -0.110897 -0.364318 0.450031 -0.314755 -0.835704
-0.284593 -0.0690158 0.142368 0.595863 -0.574836 -0.560812
-0.0780549 0.341038 0.0679765 -0.600687 0.498645 0.624922
0.459274 0.0138995 0.0152426 0.600687 -0.498646 -0.624922
-0.470333 -0.217253 0.116473 -0.928317 0.24119 0.282939
0.211269 -0.175212 0.0107797 -0.600687 0.498645 0.624922
-0.192062 -0.219043 0.20672 -0.0184725 -0.790105 0.612694
0.134325 -0.0429284 0.240991 0.383637 -0.506004 0.772517
-0.237319 -0.143849 0.135799 -0.173832 0.907758 -0.381782
-0.0445524 -0.134431 -0.278254 -0.701425 -0.703785 -0.112651
0.0741731 0.549111 0.0301453 0.447237 -0.311539 -0.838405
0.189725 0.450382 0.238123 -0.600687 0.498645 0.624922
0.284295 0.387858 0.245182 0.70142 0.703792 0.112637
0.0532322 -0.168363 0.0925076 0.701425 0.703785 0.112651
0.409379 0.228759 -0.000273397 -0.701425 -0.703785 -0.112651
0.4138 0.147681 0.227052 0.383638 -0.506004 0.772517
0.342243 0.381271 -0.0744821 0.701425 0.703785 0.112651
-0.427848 -0.271971 0.124669 -0.263469 -0.861474 0.434103
0.389426 0.367256 -0.280706 0.701425 0.703785 0.112651
-0.0114741 -0.0487176 -0.252078 0.701425 0.703785 0.112651
0.450706 0.114582 0.119881 -0.383638 0.506004 -0.772517
-0.181386 0.28553 0.012944 -0.600687 0.498645 0.624922
-0.100202 -0.158096 0.16821 0.600687 -0.498645 -0.624922
-0.174074 0.188976 0.0430018 -0.70143 -0.70378 -0.112645
0.231084 0.13072 -0.214286 -0.600687 0.498645 0.624922
0.29024 0.171947 -0.273347 0.600687 -0.498645 -0.624922
-0.236325 0.140374 -0.0333852 0.701425 0.703784 0.112651
