ply
format ascii 1.0
comment Created by Open3D
element vertex 400
property double x
property double y
property double z
property double nx
property double ny
property double nz
end_header
0.439406 -0.0358619 0.0551803 -0.17083 0.804739 -0.568518
-0.458616 -0.320339 -0.114484 -0.983779 -0.171367 0.0530377
0.296796 0.114561 0.331649 0.17083 -0.804739 0.568517
0.360113 0.156424 0.371881 0.17083 -0.804739 0.568517
0.0964935 -0.105782 -0.371741 -0.0547437 0.568356 0.82096
-0.231565 0.237877 0.285614 -0.0547437 0.568356 0.82096
0.467672 0.156637 -0.0246477 -0.983781 -0.171357 0.0530232
-0.3366 -0.384369 -0.184262 0.17083 -0.804739 0.568518
0.245804 0.27924 0.28881 -0.0547437 0.568356 0.82096
0.22385 -0.159329 -0.0548168 -0.17083 0.804739 -0.568518
0.343307 -0.0773297 0.0253585 -0.17083 0.804739 -0.568518
-0.494801 0.178809 0.281087 -0.718 0.293468 0.631152
-0.303682 -0.153429 -0.365439 -0.0547437 0.568356 0.82096
-0.174435 -0.184931 -0.335011 -0.0547437 0.568356 0.82096
0.188607 0.00458933 0.1878 -0.17083 0.804739 -0.568518
0.142562 -0.0524652 0.141569 0.17083 -0.804739 0.568518
-0.316034 -0.333361 -0.256025 0.0547437 -0.568356 -0.82096
0.463698 0.234836 0.154301 -0.983778 -0.171365 0.0530486
-0.120289 0.0709072 0.395185 0.17083 -0.804739 0.568517
-0.505101 -0.0717783 -0.173606 -0.983779 -0.171367 0.0530377
-0.168111 -0.194298 0.0134617 -0.17083 0.804739 -0.568518
-0.135189 -0.290494 -0.111903 0.17083 -0.804739 0.568518
0.272857 0.0139908 0.175792 -0.17083 0.804739 -0.568518
0.290424 -0.120474 -0.348637 -0.0547436 0.568356 0.82096
0.0837153 -0.168317 -0.025431 -0.170826 0.804744 -0.568512
-0.00635092 -0.325187 -0.199725 0.17083 -0.804739 0.568518
-0.299357 0.265494 0.247644 0.0547437 -0.568356 -0.82096
0.144017 0.0372504 0.247431 -0.17083 0.804739 -0.568518
0.34978 0.27688 0.297377 -0.0547437 0.568356 0.82096
0.0869066 0.261558 0.290456 -0.0547437 0.568356 0.82096
0.450684 0.30054 0.125208 -0.983779 -0.171367 0.0530378
-0.0841186 -0.299994 -0.16139 -0.17083 0.804739 -0.568518
0.394949 0.0423234 -0.104018 0.508923 0.566138 0.648448
-0.325743 0.209578 0.284595 0.0547437 -0.568356 -0.82096
-0.287363 0.0884799 0.385322 -0.0547437 0.568356 0.82096
-0.0799142 -0.256877 -0.080927 0.17083 -0.804739 0.568518
-0.30784 -0.331476 -0.256783 0.0547437 -0.568356 -0.82096
-0.448849 -0.283733 -0.0368742 0.983779 0.171367 -0.0530378
0.464826 0.243539 -0.0184764 0.983779 0.171367 -0.0530377
0.482206 0.161809 0.0398267 0.983779 0.171367 -0.0530378
0.510963 -0.00594753 0.0312026 0.983777 0.171376 -0.0530461
0.153897 -0.309374 -0.225493 0.17083 -0.804739 0.568518
0.458653 -0.187065 -0.301768 0.315146 -0.502062 -0.805367
-0.382218 0.0953242 0.374258 -0.0547437 0.568356 0.82096
-0.0249157 -0.1992 -0.0158105 0.17083 -0.804739 0.568518
-0.497734 -0.134123 -0.2384 -0.983779 -0.171367 0.0530377
0.401488 -0.0209826 -0.0567605 0.043489 0.582595 0.811598
0.300343 -0.183585 -0.091443 0.17083 -0.804739 0.568518
0.0122784 -0.0552592 0.176762 0.17083 -0.804739 0.568518
0.426697 -0.0975589 -0.0308953 0.803288 -0.220377 -0.553319
-0.428271 -0.284723 -0.0363614 -0.17083 0.804739 -0.568518
0.0375128 -0.107235 -0.0476309 -0.387906 0.475472 0.789592
-0.515733 0.0302608 -0.0411276 -0.983779 -0.171367 0.0530377
-0.0657953 -0.3001 -0.146351 0.17083 -0.804739 0.568518
-0.357742 -0.266259 -0.290931 -0.0547437 0.568356 0.82096
-0.267137 -0.148399 0.128881 0.17083 -0.804739 0.568518
-0.397427 -0.335123 -0.256471 -0.209622 -0.593474 -0.777076
-0.193776 -0.0530701 0.241776 0.17083 -0.804739 0.568518
0.432841 0.0124118 0.146178 0.17083 -0.804739 0.568518
-0.271984 -0.242337 -0.00263133 0.17083 -0.804739 0.568518
0.247553 -0.234124 -0.272815 -0.0547437 0.568356 0.82096
0.524808 -0.113995 -0.0610896 0.983779 0.171367 -0.0530379
0.198234 -0.0885274 0.0737936 0.17083 -0.804739 0.568518
0.368043 -0.17231 -0.116519 -0.17083 0.804739 -0.568518
0.0577462 0.204573 0.327962 -0.0547437 0.568356 0.82096
0.00514397 0.252019 0.291607 -0.0547437 0.568356 0.82096
0.247856 -0.235779 -0.28598 0.0547437 -0.568356 -0.82096
0.506474 -0.129483 -0.282013 0.903346 -0.102474 -0.416492
0.25857 -0.295778 -0.243728 0.0547437 -0.568356 -0.82096
0.460215 0.308642 0.106352 0.983779 0.171367 -0.0530378
-0.291493 -0.164529 -0.356941 -0.0547437 0.568356 0.82096
0.0771595 0.110692 0.39217 0.17083 -0.804739 0.568517
0.525787 -0.194069 -0.174025 0.17083 -0.804739 0.568518
-0.0781083 0.0167415 0.305838 0.17083 -0.804739 0.568518
0.339932 -0.0421088 -0.399589 -0.0547436 0.568356 0.82096
-0.295416 -0.204907 0.057392 0.17083 -0.804739 0.568518
-0.214572 -0.258412 -0.0426373 0.17083 -0.804739 0.568518
0.492773 -0.00226236 0.107398 0.17083 -0.804739 0.568518
-0.0623229 -0.159309 0.0518946 0.17083 -0.804739 0.568518
-0.35924 0.0310648 0.410588 0.17083 -0.804739 0.568517
-0.00341161 0.044492 0.301981 -0.17083 0.804739 -0.568518
-0.154662 0.0411829 0.342745 -0.17083 0.804739 -0.568518
-0.482243 -0.0464773 0.332117 -0.983779 -0.171367 0.0530377
0.279394 -0.174034 -0.092322 -0.170828 0.804738 -0.56852
-0.226547 0.0176105 0.351672 0.17083 -0.804739 0.568517
0.362521 -0.00478363 0.142968 0.17083 -0.804739 0.568518
-0.168556 -0.00158643 0.28638 -0.17083 0.804739 -0.568518
0.0478372 -0.259594 -0.143854 -0.17083 0.804739 -0.568518
-0.404973 -0.159635 0.154393 0.17083 -0.804739 0.568518
0.155499 0.370339 0.218821 -0.17083 0.804739 -0.568518
0.0978193 0.0814554 0.323884 -0.17083 0.804739 -0.568518
-0.273387 -0.0894371 0.193527 -0.17083 0.804739 -0.568518
-0.121782 -0.0210456 0.24478 -0.17083 0.804739 -0.568518
0.465512 0.137264 -0.127315 -0.983779 -0.171367 0.0530377
0.229588 0.192449 0.333484 0.0547437 -0.568356 -0.82096
0.370564 0.216488 0.340573 -0.0547437 0.568356 0.82096
0.481289 0.0530301 0.189116 0.17083 -0.804739 0.568518
-0.455696 -0.290387 -0.185359 0.983779 0.171367 -0.0530378
-0.00872489 -0.195984 -0.0368178 -0.17083 0.804739 -0.568518
0.47989 0.0963158 -0.214742 0.983779 0.171367 -0.0530377
0.447915 0.379484 0.149328 0.947878 0.291735 0.128131
-0.459013 -0.0449595 0.332956 0.17083 -0.804739 0.568518
0.264856 -0.0561058 -0.409235 0.0547438 -0.568356 -0.820959
-0.419355 -0.0992881 0.244137 0.17083 -0.804739 0.568518
-0.467787 -0.179919 -0.0527109 0.983779 0.171367 -0.0530377
0.154377 -0.183978 -0.0481387 0.17083 -0.804739 0.568518
-0.0303144 -0.0658353 0.153896 -0.17083 0.804739 -0.568518
-0.524843 0.141685 0.0995918 -0.170831 0.804739 -0.568518
-0.146024 0.289044 0.241564 0.0547437 -0.568356 -0.82096
-0.468168 -0.159681 -0.339347 0.709173 0.500994 0.496064
0.0848522 -0.324946 -0.226788 0.17083 -0.804739 0.568518
0.481505 0.0424852 -0.136893 -0.983776 -0.171383 0.053041
0.476689 0.149146 0.118412 -0.983779 -0.171367 0.0530378
0.217037 0.136844 0.385473 -0.0547437 0.568356 0.82096
0.292337 -0.125647 -0.0277189 -0.17083 0.804739 -0.568518
-0.4862 0.00177572 0.192822 0.983779 0.171367 -0.0530378
-0.0715908 0.0105945 0.295179 0.17083 -0.804739 0.568518
0.222101 0.355975 0.234105 -0.0547437 0.568356 0.82096
0.193702 -0.0841286 0.0606886 -0.17083 0.804739 -0.568518
0.0677405 0.0200722 0.266728 0.17083 -0.804739 0.568518
-0.223085 -0.334902 -0.234429 -0.0547437 0.568356 0.82096
0.294065 0.340098 0.249896 -0.0547437 0.568356 0.82096
-0.212186 -0.134791 -0.38571 -0.17083 0.804739 -0.568518
-0.108076 -0.065693 0.177463 -0.17083 0.804739 -0.568518
0.0754585 0.337621 0.222703 0.0547437 -0.568356 -0.82096
-0.396125 -0.00505289 0.349853 -0.170831 0.804738 -0.568518
-0.240904 0.00496821 0.338091 0.17083 -0.804739 0.568518
0.489761 0.0706419 0.107222 -0.98378 -0.171362 0.053036
0.0489745 -0.102029 -0.0454419 0.978339 0.0700704 -0.194789
-0.485455 -0.0978017 0.106713 -0.983779 -0.171367 0.0530377
0.393725 -0.138388 -0.315558 -0.824582 -0.432604 -0.36458
0.185333 -0.270608 -0.266037 0.0547437 -0.568356 -0.82096
-0.0112718 -0.243265 -0.102978 -0.17083 0.804739 -0.568518
-0.0175569 -0.153282 -0.360792 0.0547437 -0.568356 -0.82096
-0.493917 -0.0363457 -0.073492 0.983779 0.171367 -0.0530377
-0.404237 -0.00195455 0.356677 -0.170831 0.804738 -0.568518
0.489105 -0.0461104 -0.282175 -0.983779 -0.171367 0.053038
-0.294853 -0.330797 -0.14167 -0.17083 0.804739 -0.568517
0.423436 -0.0391455 -0.393157 -0.31514 0.502064 0.805368
-0.459068 -0.280801 -0.251762 -0.801858 -0.448851 -0.394406
0.49372 0.0646324 0.201804 0.17083 -0.804739 0.568518
-0.357395 -0.0559926 0.286804 0.17083 -0.804739 0.568518
-0.248475 0.155427 0.341567 -0.0547437 0.568356 0.82096
0.457374 0.199259 -0.0779368 -0.983779 -0.171367 0.0530377
-0.473477 -0.0767156 0.175192 0.983779 0.171367 -0.0530378
0.387475 -0.239237 -0.274276 0.0547437 -0.568356 -0.82096
0.303084 -0.0326553 0.121375 0.17083 -0.804739 0.568518
0.0845959 -0.0916342 -0.382329 -0.0547437 0.568356 0.82096
-0.311919 -0.00572309 0.344296 0.17083 -0.804739 0.568517
-0.495609 -0.0570262 0.0501193 -0.983779 -0.171367 0.0530377
0.453542 0.297009 0.203695 -0.947881 -0.291729 -0.128121
0.272278 -0.0853596 0.0560289 0.17083 -0.804739 0.568518
0.393109 0.0448805 -0.104942 0.422427 0.581098 0.695615
-0.464476 -0.22351 -0.303872 -0.709164 -0.500997 -0.496072
0.455792 0.286457 0.211078 -0.947881 -0.291729 -0.128121
-0.198437 0.0954559 0.372092 0.0547437 -0.568356 -0.82096
0.306766 0.119733 0.335975 0.17083 -0.804739 0.568517
-0.266984 -0.222035 -0.315495 -0.0547437 0.568356 0.82096
-0.34453 -0.0926681 0.231024 0.17083 -0.804739 0.568518
-0.511378 0.0890309 0.229537 -0.983779 -0.171367 0.0530377
-0.267369 -0.045863 0.274091 0.17083 -0.804739 0.568518
0.510018 -0.0256361 -0.0499364 0.983779 0.171367 -0.0530375
-0.47157 0.00828357 0.384646 -0.835842 0.18716 0.516081
0.0598711 -0.22181 -0.0732931 0.17083 -0.804739 0.568518
0.115888 -0.137244 0.0295782 0.17083 -0.804739 0.568518
0.286041 0.322624 0.247128 0.0547437 -0.568356 -0.82096
-0.470845 -0.138365 0.0248246 0.983779 0.171367 -0.0530378
0.124573 -0.0914308 0.0918179 0.17083 -0.804739 0.568518
0.0144936 -0.134931 0.0426262 -0.17083 0.804739 -0.568518
0.504274 -0.0222644 -0.145582 0.983779 0.171367 -0.053038
0.359814 -0.100839 -0.371934 0.0547437 -0.568356 -0.82096
-0.142611 0.199181 0.304005 0.0547437 -0.568356 -0.82096
0.396941 -0.157401 -0.3303 0.0547437 -0.568356 -0.82096
-0.195179 0.0755063 0.38612 0.0547437 -0.568356 -0.82096
-0.508939 -0.0270156 -0.10018 -0.983779 -0.171367 0.0530377
0.505346 -0.0926483 -0.131289 -0.983779 -0.171367 0.0530377
0.167345 -0.209492 -0.295217 -0.0547437 0.568356 0.82096
-0.423695 -0.388892 -0.164494 0.170837 -0.804734 0.568523
-0.204284 -0.292099 -0.114106 -0.17083 0.804739 -0.568518
-0.466145 -0.20751 0.105008 0.17083 -0.804739 0.568518
0.0610315 -0.168888 -0.019423 -0.170837 0.80473 -0.568528
0.299405 0.0758765 0.255414 -0.17083 0.804739 -0.568518
0.459424 0.229371 0.0573781 -0.983779 -0.171367 0.0530378
0.0124765 -0.146798 0.0471291 0.17083 -0.804739 0.568518
-0.0820381 0.322887 0.236732 -0.0547437 0.568356 0.82096
0.506169 -0.121469 -0.209149 -0.983779 -0.171367 0.053038
0.413308 -0.0315427 -0.0546287 0.701392 0.504563 0.503454
0.0522559 -0.262724 -0.149612 -0.17083 0.804739 -0.568518
-0.34154 -0.122691 0.166934 -0.17083 0.804739 -0.568518
-0.319219 0.133992 0.337359 0.0547437 -0.568356 -0.82096
0.462177 -0.12166 -0.338953 0.491217 -0.43062 -0.757147
0.0577465 -0.0871179 0.118003 0.17083 -0.804739 0.568518
-0.485156 -0.181516 -0.158231 -0.983779 -0.171367 0.0530377
0.371691 -0.182074 -0.110742 0.17083 -0.804739 0.568518
0.453835 -0.148056 -0.107967 -0.17083 0.804739 -0.568518
0.253124 -0.248234 -0.189458 -0.17083 0.804739 -0.568518
0.429655 0.263519 0.283017 -0.480071 -0.571858 -0.665215
0.482813 0.21621 0.262913 0.947878 0.291735 0.128131
-0.0168901 -0.249396 -0.109969 -0.17083 0.804739 -0.568518
0.219351 0.136066 0.385361 0.17083 -0.804739 0.568517
0.0103454 -0.0214287 -0.104206 0.874202 0.389962 0.28931
-0.459669 -0.247344 -0.119984 0.983779 0.171367 -0.0530377
0.335776 -0.221896 -0.156319 0.17083 -0.804739 0.568518
-0.0871062 -0.178004 -0.348314 0.0547437 -0.568356 -0.82096
-0.474704 -0.0434895 0.259787 0.983779 0.171367 -0.0530378
-0.365152 -0.337557 -0.130114 -0.17083 0.804739 -0.568517
-0.237431 0.293698 0.232247 0.0547437 -0.568356 -0.82096
-0.496988 -0.0268803 0.121947 -0.983779 -0.171367 0.0530377
0.0154562 -0.0427108 -0.101968 -0.331705 -0.59029 -0.735887
-0.00634789 0.319149 0.244367 -0.0547437 0.568356 0.82096
-0.47411 -0.130747 0.210704 -0.983779 -0.171367 0.0530377
-0.234186 -0.175617 0.0597591 -0.17083 0.804739 -0.568518
-0.509687 0.0842745 0.0237118 0.983779 0.171367 -0.0530377
0.212351 0.0803108 0.28785 -0.17083 0.804739 -0.568518
-0.509816 0.0897226 0.0389272 0.983779 0.171367 -0.0530377
-0.495791 -0.059167 -0.181991 0.983779 0.171367 -0.0530377
0.47889 0.108905 -0.192605 0.983779 0.171367 -0.0530377
0.37083 0.0884146 0.272394 0.17083 -0.804739 0.568518
-0.527567 0.153314 0.136961 -0.983779 -0.171367 0.0530377
0.494297 0.142786 0.202632 0.983779 0.171367 -0.0530377
0.120671 -0.23121 -0.104868 0.17083 -0.804739 0.568518
-0.339845 0.133216 0.336521 0.0547437 -0.568356 -0.82096
-0.139789 -0.25422 -0.0591743 0.17083 -0.804739 0.568518
-0.482857 0.101336 0.309831 0.83584 -0.187161 -0.516083
-0.0857863 -0.118319 0.116967 0.17083 -0.804739 0.568518
0.407153 0.0557313 0.194522 -0.17083 0.804739 -0.568518
0.0189065 -0.263142 -0.282303 0.0547437 -0.568356 -0.82096
-0.302184 0.284449 0.248663 -0.0547437 0.568356 0.82096
0.100317 0.270649 0.285056 -0.0547437 0.568356 0.82096
-0.47359 -0.0521284 0.252549 0.983779 0.171367 -0.0530378
0.499865 0.131831 0.270517 0.983779 0.171367 -0.0530376
-0.0477881 -0.236374 -0.305282 0.0547437 -0.568356 -0.82096
0.413185 -0.040522 -0.395168 -0.174749 0.543106 0.821278
0.336472 0.0272593 0.196152 0.17083 -0.804739 0.568518
0.493505 0.093276 0.0279843 0.983779 0.171367 -0.0530378
0.319433 -0.212656 -0.282885 -0.0547437 0.568356 0.82096
0.170144 -0.0045628 0.180393 -0.17083 0.804739 -0.568518
-0.0643094 0.18679 0.317804 0.0547437 -0.568356 -0.82096
0.469728 -0.107757 -0.340898 0.61123 -0.366002 -0.701741
-0.00940647 0.0433322 0.30214 -0.17083 0.804739 -0.568518
-0.374446 0.257342 0.26261 -0.0547437 0.568356 0.82096
0.186145 -0.0781948 -0.399192 0.0547438 -0.568356 -0.820959
0.41611 0.126989 0.31339 0.17083 -0.804739 0.568517
0.0939611 -0.203602 -0.318518 0.0547437 -0.568356 -0.82096
0.0832287 0.344153 0.218699 0.0547437 -0.568356 -0.82096
0.305416 0.217356 0.335628 -0.0547437 0.568356 0.82096
0.478239 0.0633558 -0.13003 -0.983779 -0.171367 0.0530375
0.144575 0.0325056 0.26124 0.17083 -0.804739 0.568518
-0.150734 -0.145727 0.0769924 -0.17083 0.804739 -0.568518
-0.239556 0.152381 0.344271 -0.0547437 0.568356 0.82096
0.481883 0.0237811 -0.214604 0.17083 -0.804739 0.568518
0.216837 -0.0418216 0.134316 0.17083 -0.804739 0.568518
-0.45212 0.0109818 0.406696 -0.648411 0.342629 0.679829
-0.291401 -0.237426 -0.0105392 -0.17083 0.804739 -0.568518
-0.468005 -0.226241 -0.206433 0.983779 0.171367 -0.0530378
-0.496364 -0.00762625 0.195729 -0.983779 -0.171367 0.0530377
0.488869 0.0912543 -0.0645407 0.983779 0.171366 -0.0530363
-0.442645 -0.205718 0.100484 0.17083 -0.804739 0.568518
-0.239416 0.221726 0.281942 0.0547437 -0.568356 -0.82096
-0.0532993 -0.0355061 0.224427 0.17083 -0.804739 0.568518
-0.476832 -0.150613 -0.125793 0.983779 0.171367 -0.0530377
-0.00293642 0.00117288 0.24052 -0.17083 0.804739 -0.568518
-0.142562 -0.319311 -0.239854 -0.0547437 0.568356 0.82096
0.452369 0.261325 -0.0246935 -0.17083 0.804739 -0.568518
-0.274222 -0.387353 -0.20723 0.17083 -0.804739 0.568518
0.0898369 -0.133602 0.0425613 0.17083 -0.804739 0.568518
-0.255543 -0.0274944 0.275845 -0.17083 0.804739 -0.568518
-0.169832 -0.114673 0.147382 0.17083 -0.804739 0.568518
0.149204 -0.18366 -0.066828 -0.170831 0.804737 -0.568519
0.422348 0.250608 0.313982 0.302982 0.591946 0.746861
0.448776 -0.196501 -0.17502 -0.17083 0.804739 -0.568518
-0.3572 -0.256598 0.00278778 0.17083 -0.804739 0.568518
0.141466 -0.147834 -0.339629 -0.0547437 0.568356 0.82096
0.436499 0.0983142 0.245981 -0.170832 0.804739 -0.568517
0.4903 -0.0528439 -0.281763 -0.983779 -0.171367 0.053038
0.249752 -0.24779 -0.187816 -0.17083 0.804739 -0.568518
0.355964 -0.103327 -0.370468 0.0547437 -0.568356 -0.82096
-0.497939 0.0517122 0.136424 0.983779 0.171367 -0.0530378
0.480143 0.074332 -0.281075 0.983779 0.171367 -0.0530377
-0.448633 0.0700478 0.361508 0.532532 -0.410054 -0.74045
-0.282265 -0.295498 -0.0747929 0.17083 -0.804739 0.568518
-0.482075 0.255869 0.248369 -0.170829 0.804741 -0.568515
-0.414238 0.198975 0.286035 0.0547437 -0.568356 -0.82096
-0.104737 -0.201209 -0.0153629 -0.17083 0.804739 -0.568518
0.223734 -0.120983 -0.352732 -0.0547436 0.568356 0.82096
-0.151203 -0.144555 0.078793 -0.17083 0.804739 -0.568518
0.524609 -0.115568 -0.0698625 0.983779 0.171367 -0.0530379
0.489451 0.144725 0.119026 0.983779 0.171367 -0.0530378
-0.217927 -0.340489 -0.244548 0.0547437 -0.568356 -0.82096
-0.465966 -0.187008 -0.0418366 0.983779 0.171367 -0.0530377
0.293246 -0.122704 -0.0238261 -0.17083 0.804739 -0.568518
-0.481456 -0.144075 0.0313799 -0.983779 -0.171367 0.0530377
-0.45272 0.260678 0.255007 -0.0788658 0.56398 0.822014
0.502018 -0.21128 -0.238404 -0.780687 0.24147 0.576385
0.333155 0.399998 0.211033 -0.0547437 0.568356 0.82096
0.0871801 -0.262252 -0.264037 -0.0547437 0.568356 0.82096
-0.153089 -0.338177 -0.17402 0.17083 -0.804739 0.568518
-0.528898 0.199637 0.211122 -0.962742 -0.0135694 0.27008
0.324417 -0.271666 -0.223355 0.17083 -0.804739 0.568518
-0.463048 -0.250047 0.0304123 -0.983779 -0.171367 0.0530377
-0.256614 -0.224063 -0.327731 0.0547437 -0.568356 -0.82096
0.457709 0.173698 0.35764 0.521717 0.563352 0.640661
-0.00281245 0.31628 0.232258 0.0547437 -0.568356 -0.82096
-0.509835 0.00686776 -0.00731884 -0.983779 -0.171367 0.0530377
0.487491 -0.000583197 -0.348227 0.971869 0.0426749 -0.231624
-0.0987896 -0.0731529 0.184807 0.17083 -0.804739 0.568518
0.497103 -0.0696815 0.0106653 0.17083 -0.804739 0.568518
-0.0172789 -0.102271 0.0984036 -0.17083 0.804739 -0.568518
0.449414 -0.156927 -0.0985015 0.17083 -0.804739 0.568518
0.467383 0.221283 0.178861 -0.983779 -0.171367 0.0530379
-0.249785 -0.145364 0.127964 0.17083 -0.804739 0.568518
-0.500353 0.0408358 0.278324 -0.983779 -0.171367 0.0530377
-0.352595 -0.301746 -0.062503 0.17083 -0.804739 0.568518
-0.445673 -0.323867 -0.107639 0.983779 0.171367 -0.0530378
-0.493312 -0.0917347 -0.019428 -0.983779 -0.171367 0.0530377
-0.496409 0.0238704 0.296658 -0.983779 -0.171367 0.0530377
0.508064 -0.222621 -0.245566 0.750246 -0.267792 -0.604498
0.149656 -0.269531 -0.167821 0.17083 -0.804739 0.568518
0.407229 0.397448 0.201748 0.480062 0.57186 0.665219
-0.00343342 0.151158 0.346532 0.0547437 -0.568356 -0.82096
0.504597 -0.0245251 -0.146893 0.983779 0.171367 -0.053038
0.191661 -0.220032 -0.13107 -0.17083 0.804739 -0.568518
-0.399757 -0.22027 -0.325512 -0.0305835 0.57239 0.819411
0.31666 -0.263826 -0.230621 -0.17083 0.804739 -0.568518
-0.136168 -0.23095 -0.314931 0.0547437 -0.568356 -0.82096
0.181145 -0.202385 -0.299217 -0.0547437 0.568356 0.82096
0.177611 -0.129861 0.000788614 -0.17083 0.804739 -0.568518
0.496517 -0.016098 -0.0477214 -0.983779 -0.171368 0.0530379
-0.36941 -0.171884 -0.371376 0.0547437 -0.568356 -0.82096
0.393165 0.32819 0.262651 0.162135 0.592093 0.789391
-0.0641388 -0.307852 -0.256888 0.0547437 -0.568356 -0.82096
0.233423 0.0324379 0.234447 0.17083 -0.804739 0.568518
-0.374606 0.257317 0.262617 -0.0547437 0.568356 0.82096
-0.418319 0.144747 0.337635 -0.0547437 0.568356 0.82096
-0.00583355 0.255706 0.273993 0.0547437 -0.568356 -0.82096
-0.0861072 -0.17702 -0.348929 0.0547437 -0.568356 -0.82096
0.363229 -0.13147 -0.0365694 0.17083 -0.804739 0.568518
-0.471274 -0.247467 -0.113831 -0.983779 -0.171367 0.0530377
0.509164 -0.0843296 -0.223572 -0.0547439 0.568356 0.82096
0.344403 0.273161 0.299593 -0.0547437 0.568356 0.82096
0.200235 -0.131206 0.0127807 0.17083 -0.804739 0.568518
-0.358259 -0.26115 -0.00333788 0.17083 -0.804739 0.568518
0.174301 -0.0687142 -0.406545 0.0547438 -0.568356 -0.820959
-0.225816 -0.343767 -0.16008 0.17083 -0.804739 0.568518
0.238127 0.263626 0.284778 0.0547437 -0.568356 -0.82096
0.431615 -0.192666 -0.164436 -0.17083 0.804739 -0.568518
0.474498 0.0206643 -0.337369 -0.983779 -0.171367 0.053038
-0.129569 -0.116301 -0.384362 -0.17083 0.804739 -0.568517
-0.35462 -0.182058 0.107524 0.17083 -0.804739 0.568518
0.230875 0.202263 0.341106 -0.0547437 0.568356 0.82096
-0.508808 0.0218651 0.0601931 -0.983779 -0.171367 0.0530377
0.380868 -0.043446 0.0827284 0.17083 -0.804739 0.568518
-0.139189 0.144477 0.356435 -0.0547437 0.568356 0.82096
0.0697252 0.037426 0.270002 -0.17083 0.804739 -0.568518
-0.297041 -0.335867 -0.148189 -0.17083 0.804739 -0.568517
-0.146512 -0.301293 -0.252591 -0.0547437 0.568356 0.82096
-0.127463 0.131946 0.351562 0.0547437 -0.568356 -0.82096
0.228522 0.361648 0.216276 0.0547437 -0.568356 -0.82096
0.276337 -0.180977 -0.32202 0.0547437 -0.568356 -0.82096
0.438478 0.371253 0.144901 -0.959936 -0.266011 -0.0880959
0.448212 0.300772 0.0323935 -0.17083 0.804739 -0.568518
0.458027 -0.187482 -0.301753 0.315142 -0.502064 -0.805368
0.438221 -0.253529 -0.231879 0.17083 -0.804739 0.568518
-0.299423 0.0745803 0.39414 -0.0547437 0.568356 0.82096
0.168375 0.290065 0.276153 -0.0547437 0.568356 0.82096
0.299563 0.0665588 0.262871 0.17083 -0.804739 0.568518
0.480577 0.0731793 -0.0549256 -0.983779 -0.171367 0.0530378
-0.0356014 0.0856732 0.390639 0.17083 -0.804739 0.568517
0.152276 0.208967 0.331224 -0.0547437 0.568356 0.82096
-0.38966 -0.215829 0.0495559 -0.17083 0.804739 -0.568518
0.492433 0.0158408 -0.242095 0.983779 0.171367 -0.0530377
-0.14963 0.231657 0.281053 0.0547437 -0.568356 -0.82096
0.071382 -0.023921 0.182668 -0.17083 0.804739 -0.568518
0.0205602 0.0842804 0.351098 -0.17083 0.804739 -0.568518
0.103752 0.161597 0.346452 0.0547437 -0.568356 -0.82096
0.0350912 -0.155116 -0.30254 -0.170808 0.804737 -0.568526
-0.516295 0.114369 0.220203 -0.983779 -0.171367 0.0530377
-0.419018 -0.387914 -0.164516 0.170832 -0.804738 0.568519
-0.0821797 0.257521 0.281976 -0.0547437 0.568356 0.82096
-0.084309 -0.119632 0.114665 0.17083 -0.804739 0.568518
0.0134554 -0.0940566 -0.385395 -0.0547437 0.568356 0.82096
-0.335027 -0.165988 0.10369 -0.17083 0.804739 -0.568518
-0.445947 -0.169494 -0.364591 -0.170831 0.804739 -0.568517
-0.163701 0.300619 0.246703 -0.0547437 0.568356 0.82096
0.47125 0.235569 0.0749374 0.983779 0.171367 -0.0530378
-0.0613116 -0.292609 -0.252922 -0.0547437 0.568356 0.82096
0.168396 0.29341 0.273838 -0.0547437 0.568356 0.82096
-0.460515 -0.252055 0.0402621 0.17083 -0.804739 0.568518
-0.278594 -0.0964898 0.205802 0.17083 -0.804739 0.568518
0.203355 0.0780182 0.308001 0.17083 -0.804739 0.568518
0.00240032 -0.342076 -0.226261 0.17083 -0.804739 0.568518
-0.40313 -0.325357 -0.262322 -0.256614 -0.593425 -0.762887
-0.329036 0.201822 0.304075 -0.0547437 0.568356 0.82096
-0.041373 -0.223699 -0.299299 -0.0547437 0.568356 0.82096
-0.211643 -0.139934 -0.382974 0.0547438 -0.568356 -0.820959
0.120828 0.0861161 0.323568 -0.17083 0.804739 -0.568518
-0.222069 -0.267235 -0.281208 -0.0547437 0.568356 0.82096
-0.202306 -0.0873434 0.175132 -0.170832 0.804737 -0.56852
-0.339191 -0.259079 -0.294664 -0.0547437 0.568356 0.82096
-0.495976 -0.143378 -0.235693 -0.983779 -0.171367 0.0530377
