ply
format ascii 1.0
comment Created by Open3D
element vertex 512
property double x
property double y
property double z
property double nx
property double ny
property double nz
end_header
-0.136856 -0.159203 -0.238495 -0.964516 -0.262341 0.0297662
0.512024 0.00472232 -0.164811 0.964516 0.262341 -0.0297662
-0.157016 -0.0872167 0.119532 0.176122 -0.555307 0.812783
0.360593 0.411303 0.128199 0.073337 -0.157899 0.984728
0.118117 0.37285 -0.100909 -0.263421 0.948563 -0.175607
-0.239597 0.259709 0.124435 -0.964516 -0.26234 0.0297657
0.431551 -0.176889 0.159652 0.0178338 -0.177216 -0.98401
0.0451708 0.0821743 -0.310387 0.0178337 -0.177216 -0.98401
-0.157676 -0.0222216 0.294158 -0.964516 -0.262341 0.0297661
0.0636016 -0.224933 0.0736775 0.263421 -0.948563 0.175607
0.481671 0.132307 -0.0238855 0.964516 0.26234 -0.0297654
0.392874 0.465962 0.0394426 0.964516 0.262341 -0.0297661
0.251572 0.385107 -0.234894 -0.263421 0.948563 -0.175607
0.117462 -0.18705 -0.26059 0.0178337 -0.177216 -0.98401
0.543596 -0.136029 -0.222647 0.23799 -0.912683 -0.33222
0.00209127 -0.271604 -0.0861543 0.263421 -0.948563 0.175607
0.422494 -0.0652471 0.289439 0.187815 -0.602504 0.775702
0.435078 -0.234726 -0.102435 -0.964516 -0.262341 0.0297664
0.105638 -0.155778 -0.189186 0.262894 -0.94385 0.200085
-0.12894 0.285314 0.242685 -0.0178336 0.177216 0.98401
0.522597 -0.0264001 -0.096512 0.964516 0.262341 -0.0297662
-0.0115228 0.134793 0.271922 -0.0178337 0.177216 0.98401
0.491767 0.0812851 -0.146428 0.964516 0.262341 -0.0297662
0.511322 -0.182285 0.186078 0.263421 -0.948563 0.175607
-0.104704 -0.216602 0.297457 -0.964516 -0.262341 0.0297661
0.334424 -0.063245 0.223132 -0.230956 0.892966 0.386356
0.297094 -0.0322003 0.250197 0.163126 -0.680772 -0.7141
0.233711 0.268498 -0.269235 -0.258405 0.961106 0.0974744
0.548006 -0.195653 -0.0649788 0.964516 0.26234 -0.0297661
0.0313352 0.301157 0.242737 -0.0178337 0.177216 0.98401
0.0780509 0.314681 0.180493 -0.17612 0.555297 -0.81279
0.0537089 0.197617 -0.331023 0.0178337 -0.177216 -0.98401
0.532313 -0.0351282 0.141399 0.964516 0.26234 -0.0297661
0.420963 0.296713 0.250598 -0.0178337 0.177216 0.98401
-0.192555 0.30718 0.227089 -0.145356 0.621738 0.769619
0.286321 -0.175535 0.0064135 0.263421 -0.948563 0.175607
0.164753 0.276099 -0.241013 -0.0216256 -0.0338638 -0.999192
0.448104 -0.159136 0.0526512 -0.964516 -0.262341 0.0297662
0.325366 0.361648 -0.334645 -0.168724 0.525727 -0.833753
0.0834915 -0.26231 -0.172622 0.198877 -0.796046 -0.571628
0.489829 0.131128 0.230071 0.964516 0.262341 -0.0297654
0.190972 -0.0570607 0.248395 0.209308 -0.828474 -0.519443
0.468661 -0.047163 -0.279418 0.0178337 -0.177216 -0.98401
0.0166529 -0.0988291 -0.278306 0.0178337 -0.177216 -0.98401
0.0917665 -0.160461 0.269077 0.173656 -0.545424 0.819973
0.219802 -0.194023 0.00633425 0.263421 -0.948563 0.175607
-0.0844867 0.221768 -0.277433 0.176117 -0.555286 0.812798
0.274746 0.298679 0.247594 -0.0178336 0.177216 0.98401
0.149004 -0.193193 -0.191162 -0.247444 0.937507 0.244647
0.0720329 0.337755 -0.221351 -0.263421 0.948563 -0.175607
0.399303 0.415616 -0.195954 0.964516 0.26234 -0.029766
0.497942 0.0417812 -0.294494 0.964516 0.262341 -0.0297663
0.31881 0.453422 0.0332608 -0.263421 0.948563 -0.175607
0.353166 -0.0218223 0.305935 0.173656 -0.545424 0.819973
-0.154359 -0.0851073 -0.152603 -0.964516 -0.262341 0.0297682
-0.188641 0.32121 0.0803081 -0.263421 0.948563 -0.175607
-0.0225966 -0.122772 0.222854 0.176121 -0.5553 0.812788
0.288322 0.284609 -0.276754 -0.237047 0.910091 0.339917
-0.146691 -0.0754012 0.181415 -0.964516 -0.262341 0.0297661
0.21814 -0.0585596 0.310095 0.173656 -0.545424 0.819973
-0.189728 -0.00951838 0.0674379 -0.964516 -0.26234 0.0297662
0.463635 0.211009 0.0853348 0.964516 0.262341 -0.0297662
0.506753 0.0313976 -0.100507 0.964516 0.26234 -0.0297654
-0.332806 -0.00658821 0.0114195 -0.242547 0.924947 0.292649
0.383501 0.203411 0.266723 -0.0178336 0.177216 0.98401
-0.441147 -0.0537561 -0.0262378 -0.144838 0.43148 -0.89042
-0.0952304 0.354245 0.118625 -0.263421 0.948563 -0.175607
-0.213707 0.160792 0.091556 -0.964516 -0.26234 0.0297655
-0.172105 0.232942 -0.314716 -0.187817 0.60251 -0.775698
-0.0687738 0.276094 -0.28087 -0.173656 0.545424 -0.819973
-0.188593 0.077348 0.169898 -0.964516 -0.26234 0.0297692
0.0579871 0.270744 -0.258854 0.255384 -0.95561 -0.146934
-0.0361392 -0.235926 0.163915 0.263421 -0.948563 0.175607
-0.198318 0.106441 0.111167 -0.964516 -0.26234 0.0297645
-0.0381899 -0.19933 -0.194479 0.226274 -0.763249 0.605187
-0.236606 0.231156 -0.0303203 -0.964516 -0.26234 0.0297661
0.487513 -0.126899 0.222236 -0.0178337 0.177216 0.98401
0.301716 0.128745 0.278688 -0.0178336 0.177216 0.98401
-0.0670024 0.30309 -0.200037 -0.263421 0.948563 -0.175607
0.485698 -0.236008 -0.0656779 0.263421 -0.948563 0.175607
0.247028 -0.136929 -0.164949 0.0309441 -0.224286 -0.974032
-0.143431 0.274062 -0.24219 -0.263421 0.948563 -0.175607
-0.24732 0.272871 -0.0927806 -0.263421 0.948563 -0.175607
0.15622 0.395071 -0.0380356 -0.263421 0.948563 -0.175607
-0.103806 -0.256975 -0.0292632 -0.964516 -0.262341 0.0297661
0.162552 -0.0601969 -0.282619 0.0178337 -0.177216 -0.98401
0.272872 0.379138 -0.293946 -0.256494 0.904301 -0.341248
0.335383 0.263985 0.254942 -0.0178336 0.177216 0.98401
-0.156877 0.0490029 -0.308074 0.0178336 -0.177216 -0.98401
0.519837 0.024422 0.261964 0.964516 0.262341 -0.0297654
-0.200681 0.0870234 -0.136509 -0.964516 -0.262342 0.029766
0.143085 -0.199271 0.0930642 0.263421 -0.948563 0.175607
-0.167481 -0.045183 -0.225909 -0.964516 -0.262341 0.0297661
-0.233763 0.218577 -0.310887 -0.196695 0.638766 -0.743834
0.506264 0.0695698 0.220066 0.964517 0.262336 -0.0297859
0.361375 -0.00832792 0.237661 0.242546 -0.924946 -0.292654
0.449671 -0.164042 -0.176542 0.263421 -0.948563 0.175606
0.0903985 0.29228 0.245406 -0.0178337 0.177216 0.98401
-0.167911 0.108104 -0.318918 0.0178336 -0.177216 -0.98401
0.114772 -0.215708 0.0467482 0.263421 -0.948563 0.175607
0.479374 0.0162933 0.30216 -0.0178337 0.177216 0.98401
0.435154 0.304024 -0.017786 0.964516 0.262341 -0.0297662
0.28008 0.329964 -0.341918 -0.102509 0.268195 -0.957895
0.434514 0.298844 -0.0841571 0.964516 0.262341 -0.0297662
-0.106999 0.233242 0.252461 -0.0178338 0.177216 0.98401
0.514038 -0.204106 0.0641318 0.263421 -0.948563 0.175607
0.437187 0.304245 0.0500505 0.964516 0.262341 -0.0297662
-0.09571 -0.291449 -0.0707539 -0.964516 -0.262341 0.0297661
-0.0334104 -0.296344 -0.192337 0.252188 -0.948781 -0.190305
0.529335 -0.0705358 -0.267167 0.964516 0.26234 -0.029777
-0.0269281 -0.129488 0.319044 0.00159034 0.106965 0.994261
0.454919 0.217827 -0.137023 0.964516 0.262341 -0.0297662
0.545235 -0.153101 0.227163 0.995347 0.0963562 0.000685801
0.527629 -0.0925008 0.183876 0.964516 0.26234 -0.0297661
0.435413 0.288446 -0.146676 0.964516 0.262341 -0.0297662
0.508217 0.0110383 -0.232498 0.964516 0.262341 -0.0297661
0.324589 0.426169 -0.122619 -0.263421 0.948563 -0.175607
0.391875 -0.0238337 -0.285012 0.0178337 -0.177216 -0.98401
0.233753 0.220329 -0.33185 0.0178337 -0.177216 -0.98401
0.416904 -0.141158 -0.00377459 0.263421 -0.948563 0.175607
0.436144 -0.213551 0.118725 -0.964516 -0.26234 0.029766
0.166395 -0.161762 0.252406 0.173656 -0.545424 0.819973
0.24357 0.351987 0.145329 -0.224291 0.873621 0.431833
0.214022 0.419932 0.176891 -0.198877 0.796046 0.571628
0.0708772 0.231573 0.255985 -0.0178337 0.177216 0.98401
0.443908 -0.239677 -0.0228092 0.263421 -0.948563 0.175607
0.308201 0.416085 0.226386 -0.0499457 0.292 0.955113
0.121429 0.238226 -0.267838 -0.255383 0.955609 0.146936
0.481443 -0.0532401 -0.198701 0.264017 -0.959154 0.101582
-0.209344 0.152898 0.16334 -0.964516 -0.262341 0.0297662
0.106323 0.175638 -0.326111 0.0178337 -0.177216 -0.98401
0.0197966 0.350057 -0.0765431 -0.263421 0.948563 -0.175607
0.267103 -0.0904356 -0.275278 0.0178337 -0.177216 -0.98401
0.00201395 0.244671 0.252378 -0.0178337 0.177216 0.98401
0.428799 0.000491954 0.304089 -0.0178337 0.177216 0.98401
0.40551 -0.163933 -0.109704 0.263421 -0.948563 0.175607
0.264044 -0.214451 -0.170376 0.263421 -0.948563 0.175606
-0.223606 0.100722 -0.0587228 -0.964516 -0.262342 0.0297631
0.441721 0.250449 -0.277173 0.964516 0.26234 -0.0297793
0.479429 0.152349 0.0801176 0.964516 0.262341 -0.0297662
0.443284 -0.13289 0.127764 -0.964516 -0.262341 0.0297662
0.453937 0.00919162 0.246511 0.152575 -0.645835 -0.748076
0.224097 0.42023 -0.00395582 -0.263421 0.948563 -0.175607
0.537504 -0.0761069 -0.0515523 0.964516 0.262341 -0.0297662
0.0778376 -0.0701626 0.310453 -0.0178336 0.177216 0.98401
-0.0401067 0.334653 -0.0698922 -0.263421 0.948563 -0.175607
0.499732 0.065155 -0.030487 0.964516 0.262341 -0.0297662
0.33461 0.392717 0.176386 -0.0982271 0.251902 -0.962755
0.188574 -0.191794 0.0652191 0.263421 -0.948563 0.175607
0.346188 0.41188 -0.232207 -0.263421 0.948563 -0.175607
-0.0951594 -0.271474 0.060432 0.263421 -0.948563 0.175607
0.268208 0.0745659 -0.304974 0.0178337 -0.177216 -0.98401
-0.184568 0.294882 -0.0680208 -0.263421 0.948563 -0.175607
0.30794 -0.179284 -0.0462629 0.263421 -0.948563 0.175607
0.434 -0.154841 -0.239386 0.194555 -0.78242 -0.59158
-0.0869886 -0.031917 -0.292235 0.0178336 -0.177216 -0.98401
0.343081 0.163097 -0.319561 0.0178337 -0.177216 -0.98401
0.132319 -0.000145278 -0.293982 0.0178337 -0.177216 -0.98401
0.452905 0.244917 0.0364674 0.964516 0.262342 -0.0297683
0.367329 0.457239 -0.0189033 -0.263421 0.948563 -0.175607
0.4604 0.209941 -0.0289093 0.964516 0.262341 -0.0297662
0.473777 0.119266 -0.309299 0.0178337 -0.177216 -0.98401
-0.00152276 0.321175 -0.200573 -0.263421 0.948563 -0.175607
0.128743 -0.189826 0.165598 0.263421 -0.948563 0.175607
-0.227013 0.120501 0.00521028 -0.964516 -0.262341 0.0297669
-0.190436 -0.0235704 -0.0793421 -0.964517 -0.262338 0.0297656
0.331291 0.0292466 -0.295669 0.0178337 -0.177216 -0.98401
0.0260818 -0.2493 -0.242882 0.134367 -0.58478 -0.799986
0.0184409 -0.282098 -0.194651 0.252188 -0.948782 -0.190298
0.261881 -0.161255 0.12021 0.263421 -0.948563 0.175607
0.420519 0.377017 0.151307 0.964517 0.262337 -0.0297805
-0.236904 0.262874 0.239599 -0.964517 -0.262337 0.0297652
0.370341 0.280433 -0.340199 0.0178337 -0.177216 -0.98401
-0.00650687 0.244578 -0.241611 0.15257 -0.645818 -0.748092
0.0523717 -0.182014 -0.161974 0.106856 -0.490964 -0.864602
0.101957 -0.0101332 0.300079 -0.0178336 0.177216 0.98401
-0.225094 0.169891 -0.197219 -0.964515 -0.262346 0.0297665
0.297251 0.388546 0.129764 0.0216256 0.0338639 0.999192
0.114859 0.11354 -0.314772 0.0178337 -0.177216 -0.98401
-0.120787 -0.20321 -0.105639 -0.964516 -0.262341 0.0297662
0.0112282 0.190184 0.262358 -0.0178337 0.177216 0.98401
-0.0541123 0.204656 0.258568 -0.0178337 0.177216 0.98401
-0.044223 0.358575 0.0655028 -0.263421 0.948563 -0.175607
0.336944 0.479153 0.149253 -0.263623 0.963123 -0.0538293
-0.212355 0.0683743 0.0207394 -0.964516 -0.262341 0.0297675
0.331427 -0.138093 0.141003 0.263421 -0.948563 0.175607
0.37333 0.120017 -0.311255 0.0178337 -0.177216 -0.98401
0.357979 0.461725 0.20579 -0.16626 0.691077 0.703399
-0.09154 -0.10394 0.313466 -0.0178337 0.177216 0.98401
0.0100746 -0.24405 0.0507087 0.263421 -0.948563 0.175607
0.0929842 -0.0643018 -0.28314 0.0178337 -0.177216 -0.98401
0.403882 0.338621 -0.296942 0.0216226 0.033875 0.999192
0.476403 0.169641 0.134447 0.964516 0.262341 -0.0297662
-0.113055 0.231059 -0.326955 -0.137099 0.4013 -0.905628
0.0190887 0.288522 0.164955 -0.264017 0.959153 -0.101588
-0.0453745 -0.074436 0.308989 -0.0178337 0.177216 0.98401
-0.195532 -0.0375141 -0.0141853 0.237046 -0.910087 -0.339927
-0.0116203 -0.26106 -0.0086263 0.263421 -0.948563 0.175607
0.425441 0.228499 -0.329847 0.0178337 -0.177216 -0.98401
0.152068 0.364905 -0.194757 -0.263421 0.948563 -0.175607
0.281982 0.263651 -0.338778 0.0178337 -0.177216 -0.98401
-0.189796 0.039397 -0.203552 -0.964516 -0.262341 0.0297661
0.0850731 0.389296 0.174692 -0.198877 0.796046 0.571628
0.0370195 -0.0233075 0.301275 -0.0178337 0.177216 0.98401
-0.196746 0.33399 0.171554 -0.260928 0.964343 0.0442558
0.454859 0.254159 0.181258 0.964516 0.262339 -0.0297722
0.517388 0.00289026 -0.00714545 0.964516 0.262341 -0.0297662
-0.065016 0.331799 0.202544 -0.198877 0.796046 0.571628
0.380234 0.336145 -0.348318 -0.0403154 0.0349206 -0.998577
0.347202 0.469719 0.0786977 -0.263421 0.948563 -0.175607
0.163049 0.379346 -0.133224 -0.263421 0.948563 -0.175607
0.302117 -0.172065 -0.222233 0.198877 -0.796046 -0.571628
-0.0934246 -0.305534 -0.12615 0.263421 -0.948563 0.175607
0.420629 0.0820025 -0.303551 0.0178337 -0.177216 -0.98401
0.447396 0.272765 0.103425 0.964516 0.262341 -0.0297662
0.341867 -0.125437 0.193706 0.263421 -0.948563 0.175607
0.448731 -0.103031 -0.17593 -0.185708 0.593954 -0.782771
0.489903 0.108773 0.035434 0.964516 0.262341 -0.0297662
-0.10082 -0.145724 0.224272 0.155662 -0.473968 0.866674
0.473484 0.14588 -0.169535 0.964516 0.262341 -0.0297662
-0.179828 0.2582 0.144508 0.0216289 0.0338515 0.999193
0.30554 -0.0960783 0.266629 0.173656 -0.545424 0.819973
-0.247338 0.304301 0.0770197 -0.263421 0.948563 -0.175607
0.244397 -0.175802 0.0678642 0.263421 -0.948563 0.175607
0.521179 -0.00215413 0.0712298 0.964516 0.262341 -0.0297662
-0.124259 -0.0853761 -0.283282 0.0178337 -0.177216 -0.98401
0.544109 -0.0938102 0.061165 0.263421 -0.948563 0.175607
0.274325 -0.046485 0.306227 0.173656 -0.545424 0.819973
-0.174942 -0.0644875 0.0620745 -0.964516 -0.262341 0.0297662
0.0832633 -0.230301 -0.217276 0.198877 -0.796046 -0.571628
0.513197 -0.192241 0.129486 0.263421 -0.948563 0.175607
0.244361 0.321174 -0.272748 0.262894 -0.943849 0.200087
0.316746 0.184864 0.268853 -0.0178336 0.177216 0.98401
0.204742 0.359086 -0.283592 -0.173656 0.545424 -0.819973
-0.133671 -0.160716 -0.148602 -0.964516 -0.26234 0.029765
0.425958 0.16604 -0.318589 0.0178337 -0.177216 -0.98401
0.23347 0.153226 0.273042 -0.0178336 0.177216 0.98401
0.0257462 -0.0341396 -0.289791 0.0178337 -0.177216 -0.98401
0.0493812 0.0926403 0.280617 -0.0178337 0.177216 0.98401
-0.0516487 0.31183 0.147172 0.203472 -0.666727 0.71699
0.322185 -0.192922 -0.141303 0.263421 -0.948563 0.175607
-0.179056 0.0510877 0.247473 -0.964516 -0.262341 0.0297662
0.302614 -0.162006 0.0550529 0.263421 -0.948563 0.175607
0.200038 0.0327666 0.29413 -0.0178336 0.177216 0.98401
0.00811545 0.376507 0.083852 -0.263421 0.948563 -0.175607
0.112599 0.360396 -0.159904 -0.263421 0.948563 -0.175607
-0.209157 0.0450816 -0.080926 -0.964516 -0.262342 0.0297655
0.208184 0.043774 -0.300517 0.0178337 -0.177216 -0.98401
0.296474 0.195051 -0.326161 0.0178337 -0.177216 -0.98401
-0.0948859 -0.308285 -0.192435 -0.964516 -0.26234 0.0297646
0.0603695 -0.199537 -0.259376 0.0178337 -0.177216 -0.98401
-0.24275 0.292061 0.00402122 -0.263421 0.948563 -0.175607
0.513424 -0.0137468 -0.282217 0.964516 0.262341 -0.0297663
-0.233706 0.212934 -0.0969421 -0.964516 -0.26234 0.0297661
-0.261977 -0.0359837 -0.0325959 0.0822833 -0.405801 -0.91025
0.46835 0.186426 0.02144 0.964516 0.262341 -0.0297662
0.523509 0.00417299 0.202489 0.964519 0.26233 -0.0297619
0.432804 0.337523 0.201317 0.964516 0.262341 -0.0297662
0.273078 -0.142381 0.205367 0.263421 -0.948563 0.175607
0.549744 -0.209996 -0.135051 0.964516 0.26234 -0.0297661
0.148002 0.381819 0.206998 -0.198877 0.796046 0.571628
0.349502 0.423978 -0.171829 -0.263421 0.948563 -0.175607
0.0423719 -0.187707 0.261414 0.173656 -0.545424 0.819973
-0.0981972 -0.251096 0.175066 0.263421 -0.948563 0.175607
0.0592548 -0.237021 0.0149016 0.263421 -0.948563 0.175607
-0.214423 0.210821 0.254552 -0.0178338 0.177216 0.98401
-0.220549 0.160208 -0.1353 -0.964516 -0.26234 0.029766
0.249471 0.41419 -0.0746473 -0.263421 0.948563 -0.175607
-0.0269925 -0.0490673 -0.288058 0.0178336 -0.177216 -0.98401
0.21391 0.114534 -0.313156 0.0178337 -0.177216 -0.98401
-0.0330773 0.0136429 -0.299463 0.0178337 -0.177216 -0.98401
-0.116913 -0.224451 -0.195913 0.194833 -0.63113 0.75081
0.41303 0.379815 -0.066675 0.964514 0.262349 -0.0297684
0.265821 0.22285 0.261089 -0.0178336 0.177216 0.98401
0.412437 -0.118557 0.187762 -0.964516 -0.262339 0.0297659
0.361699 0.344857 -0.253087 0.15257 -0.645818 -0.748092
0.0304095 -0.21924 -0.19861 -0.173268 0.714003 0.678364
0.197225 -0.230023 -0.154262 0.263421 -0.948563 0.175607
-0.277599 -0.054387 0.0210789 0.226275 -0.76325 0.605185
0.169386 0.319479 -0.302449 -0.173656 0.545424 -0.819973
-0.253144 0.314704 0.141918 -0.263421 0.948563 -0.175607
0.142363 -0.124386 -0.271425 0.0178337 -0.177216 -0.98401
0.46168 0.235067 0.234017 0.964516 0.262341 -0.0297662
0.162723 0.185101 0.266019 -0.0178337 0.177216 0.98401
0.400828 0.427254 0.173179 0.0696817 -0.361677 -0.929696
-0.0269266 -0.187744 0.303108 0.187815 -0.602505 0.775702
0.220975 -0.162557 0.174539 0.263421 -0.948563 0.175607
0.219379 0.264758 0.2527 -0.0178336 0.177216 0.98401
-0.0409811 0.293664 0.242776 -0.0178337 0.177216 0.98401
-0.216437 0.129809 -0.269983 -0.964516 -0.26234 0.029766
0.262814 0.38676 0.178456 0.0439719 -0.270777 -0.961637
0.0660367 -0.125571 -0.272595 0.0178337 -0.177216 -0.98401
0.0965531 0.159831 0.269371 -0.0178337 0.177216 0.98401
-0.138692 0.32599 0.0311984 -0.263421 0.948563 -0.175607
0.246247 -0.0295242 -0.286626 0.0178337 -0.177216 -0.98401
0.515125 0.0280792 0.141532 0.964516 0.262341 -0.0297662
0.264276 0.449546 0.191552 -0.218639 0.856826 0.466954
0.148386 -0.215458 -0.00232389 0.263421 -0.948563 0.175607
-0.247334 0.31073 0.206721 -0.218639 0.856825 0.466956
0.397392 -0.136128 0.0526659 0.263421 -0.948563 0.175607
0.0625182 0.0410536 0.290146 -0.0178337 0.177216 0.98401
0.145166 -0.113797 0.226991 -0.224292 0.873624 0.431826
-0.227649 -0.0189631 0.0322793 0.0733367 -0.157897 0.984728
0.189566 0.423514 0.0655775 -0.263421 0.948563 -0.175607
0.454789 -0.0860365 0.237142 0.263421 -0.948563 0.175607
0.444795 0.247571 -0.202911 0.964516 0.262341 -0.0297662
0.418731 0.347274 -0.168739 0.964516 0.262341 -0.0297662
0.138072 0.247146 0.254399 -0.0178337 0.177216 0.98401
0.544132 -0.107395 -0.112541 0.964516 0.262341 -0.0297662
-0.0537812 -0.240956 -0.161445 -0.203472 0.666728 -0.716989
0.499367 -0.0371224 0.291972 0.168724 -0.525726 0.833753
0.450964 -0.183271 -0.0673892 -0.964516 -0.262341 0.0297662
0.421394 0.362024 0.0475522 0.964516 0.262341 -0.0297662
0.276261 0.0117433 0.299298 -0.0178336 0.177216 0.98401
-0.102565 -0.274012 -0.245241 0.0995644 -0.46582 -0.87926
0.210164 -0.137848 -0.207761 0.17612 -0.555298 0.812789
0.192738 -0.18814 -0.237903 0.198877 -0.796046 -0.571628
0.32948 0.0864279 -0.306 0.0178337 -0.177216 -0.98401
0.0381505 -0.25225 -0.0356989 0.263421 -0.948563 0.175607
0.409429 0.410045 0.0830523 0.964516 0.262341 -0.0297662
0.00161859 0.342766 0.210455 -0.198877 0.796046 0.571628
0.299127 0.459821 0.09735 -0.263421 0.948563 -0.175607
0.255275 -0.202926 -0.0949685 0.263421 -0.948563 0.175607
0.301813 0.436478 -0.0327729 -0.263421 0.948563 -0.175607
-0.0468861 -0.227303 -0.256319 0.0178337 -0.177216 -0.98401
0.0387136 0.392737 0.125622 -0.263421 0.948563 -0.175607
0.0349262 -0.221937 0.132876 0.263421 -0.948563 0.175607
-0.130606 -0.13507 0.17672 -0.964516 -0.262341 0.0297657
-0.054548 -0.115645 -0.276567 0.0178337 -0.177216 -0.98401
0.539483 -0.0494875 0.247162 0.964515 0.262344 -0.0297558
0.138445 -0.0743445 0.312304 -0.0178336 0.177216 0.98401
0.396891 0.415698 -0.273383 0.964516 0.26234 -0.029766
0.370193 -0.108777 0.241207 0.263421 -0.948563 0.175607
-0.209094 0.0629732 0.0787978 -0.964516 -0.26234 0.0297655
-0.182597 0.165851 -0.234587 -0.176121 0.5553 -0.812788
-0.143367 0.24971 0.182943 -0.226274 0.763248 -0.605188
0.10178 0.381557 -0.0293698 -0.263421 0.948563 -0.175607
-0.155121 -0.0383049 0.235194 -0.964516 -0.262341 0.0297662
0.452631 -0.188086 0.232624 -0.0178337 0.177216 0.98401
0.391674 0.388896 -0.330012 -0.196696 0.63877 -0.743831
-0.225006 0.256323 -0.215641 -0.263421 0.948563 -0.175607
0.128565 0.34714 -0.255462 -0.263421 0.948563 -0.175607
-0.126572 0.0844817 0.278897 -0.0178338 0.177216 0.98401
0.244868 -0.121678 0.262449 0.173656 -0.545424 0.819973
-0.340355 -0.0785677 -0.00321725 0.255384 -0.95561 -0.14693
0.342696 0.306851 -0.289112 -0.152574 0.645832 0.748079
-0.0804417 0.0347439 0.288691 -0.0178338 0.177216 0.98401
0.398479 0.454548 0.12047 0.964516 0.262341 -0.0297661
0.236648 0.447241 0.123117 -0.263421 0.948563 -0.175607
0.241888 -0.0398901 0.233634 0.263594 -0.963237 0.0518886
0.0320641 -0.131975 0.21905 -0.0822842 0.405805 0.910248
-0.185985 0.305595 -0.00802588 -0.263421 0.948563 -0.175607
0.469273 0.159459 0.276193 -0.0178337 0.177216 0.98401
0.527491 -0.0507215 -0.152291 0.964516 0.26234 -0.0297654
-0.189491 -0.0339676 -0.140382 -0.964516 -0.26234 0.0297661
-0.190325 0.282332 -0.127171 -0.263421 0.948563 -0.175607
0.0430304 0.365318 -0.0289588 -0.263421 0.948563 -0.175607
0.497594 -0.222391 -0.00996916 0.263421 -0.948563 0.175607
-0.181791 -0.0306311 0.13855 -0.964516 -0.262341 0.029766
0.145197 0.0577449 -0.304174 0.0178337 -0.177216 -0.98401
-0.390359 -0.0208694 -0.0013999 -0.264017 0.959154 -0.101583
-0.185572 0.0177934 -0.25709 -0.964516 -0.262341 0.0297661
-0.400115 -0.073864 0.0352563 0.133655 -0.387921 0.911951
-0.0396461 -0.289404 -0.11969 0.263421 -0.948563 0.175607
-0.16702 -0.1031 -0.0215267 -0.964516 -0.262341 0.0297662
-0.487008 -0.112664 0.0240856 -0.964516 -0.262339 0.0297679
-0.228995 0.211794 0.0456646 -0.964516 -0.26234 0.0297661
0.392097 0.445866 -0.117493 -0.263421 0.948563 -0.175607
0.498239 0.0897199 0.137646 0.964516 0.262341 -0.0297662
-0.091084 0.151255 0.267515 -0.0178338 0.177216 0.98401
0.372738 0.0513061 0.293921 -0.0178336 0.177216 0.98401
0.166115 -0.0139986 0.301938 -0.0178336 0.177216 0.98401
-0.118661 0.284295 0.143829 0.110322 -0.298027 0.948161
-0.0382124 -0.249149 0.0956018 0.263421 -0.948563 0.175607
-0.156545 -0.132746 0.0565947 -0.964516 -0.262341 0.0297661
0.344592 0.218855 -0.329576 0.0178337 -0.177216 -0.98401
-0.119938 -0.190762 0.0315791 -0.964516 -0.262341 0.0297661
0.440926 0.301673 0.148532 0.964516 0.262341 -0.0297662
0.469849 0.170962 -0.0662833 0.964516 0.262341 -0.0297662
0.182523 -0.17955 0.140429 0.263421 -0.948563 0.175607
0.541224 -0.0832503 0.00601898 0.964516 0.26234 -0.0297661
0.429693 0.289088 -0.326354 0.964516 0.262341 -0.0297663
0.495602 -0.11945 -0.258877 0.12305 -0.546401 -0.828435
-0.0294398 0.157175 -0.325246 0.0178337 -0.177216 -0.98401
0.548801 -0.199694 -0.000478496 0.955814 -0.28581 0.0687959
0.192716 -0.220933 -0.0983944 0.263421 -0.948563 0.175607
-0.189688 0.168071 -0.330026 0.0113636 -0.153885 -0.988023
0.345334 -0.177616 -0.0933495 0.263421 -0.948563 0.175607
0.16774 0.257766 -0.339789 0.0178337 -0.177216 -0.98401
0.085729 0.389586 0.0380776 -0.263421 0.948563 -0.175607
0.130358 -0.244226 -0.130674 0.263421 -0.948563 0.175607
-0.127736 -0.134922 0.271056 -0.964516 -0.262341 0.0297661
0.0598539 0.349701 -0.138554 -0.263421 0.948563 -0.175607
-0.126972 -0.154631 0.122094 -0.964516 -0.262341 0.0297661
0.538371 -0.0949986 -0.189968 0.964516 0.262342 -0.029754
-0.0265165 0.0713689 0.283072 -0.0178337 0.177216 0.98401
0.281233 0.136174 -0.315834 0.0178337 -0.177216 -0.98401
0.506578 -0.144463 -0.156145 0.263421 -0.948563 0.175606
-0.0243667 0.379567 0.149106 -0.263421 0.948563 -0.175607
0.342965 -0.0506523 -0.281068 0.0178337 -0.177216 -0.98401
0.489438 0.0819363 -0.216134 0.964516 0.262344 -0.0297515
0.405631 0.4147 0.00101166 0.964516 0.26234 -0.029766
0.255512 0.0747304 0.287578 -0.0178336 0.177216 0.98401
0.47879 -0.249705 -0.129304 0.263421 -0.948563 0.175607
-0.220953 0.17659 -0.00400825 -0.964516 -0.26234 0.029766
0.0240703 0.140984 -0.321361 0.0178337 -0.177216 -0.98401
-0.120724 -0.195231 -0.0332623 -0.964516 -0.262341 0.0297661
-0.0353089 -0.221442 0.240907 0.263421 -0.948563 0.175607
-0.00395396 0.305031 -0.275349 -0.173656 0.545424 -0.819973
-0.0900762 0.329188 -0.0244557 -0.263421 0.948563 -0.175607
-0.0901135 0.165415 -0.32783 0.0178336 -0.177216 -0.98401
-0.105391 -0.0313574 0.300143 -0.0178337 0.177216 0.98401
0.344712 -0.144623 0.0858008 0.263421 -0.948563 0.175607
0.175025 0.187802 -0.327056 0.0178337 -0.177216 -0.98401
-0.100129 -0.204761 -0.261344 0.0178337 -0.177216 -0.98401
0.500476 0.0974812 0.27852 0.964516 0.262341 -0.0297662
0.0350769 -0.271535 -0.135259 0.263421 -0.948563 0.175607
0.429647 0.297458 -0.254075 0.964516 0.262342 -0.0297588
0.0498828 0.325642 0.137605 0.0606044 -0.110255 0.992054
0.537583 -0.134502 0.136233 0.964516 0.26234 -0.0297661
0.0782916 0.325355 -0.279248 -0.173656 0.545424 -0.819973
0.0393807 -0.121171 0.306305 0.173656 -0.545424 0.819973
-0.0707869 0.314012 -0.135363 -0.263421 0.948563 -0.175607
0.140628 0.423993 0.141578 -0.263421 0.948563 -0.175607
0.238846 0.336636 0.240108 -0.0178337 0.177216 0.98401
0.376081 0.141395 0.277757 -0.0178336 0.177216 0.98401
0.428695 0.340681 0.0959947 0.964517 0.262337 -0.0297597
0.326268 0.326999 0.243428 -0.0178336 0.177216 0.98401
-0.102658 -0.230068 0.245073 -0.964516 -0.262341 0.0297661
0.25576 0.440824 0.0597887 -0.263421 0.948563 -0.175607
-0.111845 -0.21525 0.077997 -0.964516 -0.262341 0.0297661
0.413887 0.356785 -0.241876 0.964518 0.262336 -0.029765
0.423928 -0.0982199 -0.271034 0.0178337 -0.177216 -0.98401
0.344465 -0.159554 0.00552195 0.263421 -0.948563 0.175607
0.0198806 -0.213426 0.201418 0.263421 -0.948563 0.175607
-0.14353 -0.0751631 0.285949 -0.964516 -0.262341 0.0297661
0.148977 -0.22652 -0.0629629 0.263421 -0.948563 0.175607
0.538769 -0.150979 0.0294549 0.964516 0.26234 -0.0297661
0.321125 -0.140215 -0.174192 -0.211605 0.700668 -0.681386
0.444705 0.0651333 0.292735 -0.0178337 0.177216 0.98401
-0.0536022 0.345387 0.00833249 -0.263421 0.948563 -0.175607
0.167963 0.131438 0.275779 -0.0178336 0.177216 0.98401
0.389998 -0.158415 -0.0566285 0.263421 -0.948563 0.175607
0.2486 -0.155623 -0.26375 0.198877 -0.796046 -0.571628
0.386357 -0.126053 0.123638 0.263421 -0.948563 0.175607
0.195983 0.395952 -0.0929271 -0.263421 0.948563 -0.175607
-0.109968 0.176015 -0.263661 -0.242545 0.924944 0.292661
-0.168305 -0.107266 -0.0998976 -0.964516 -0.26234 0.0297661
-0.05876 0.0704238 -0.310154 0.0178336 -0.177216 -0.98401
-0.0463781 0.196521 -0.245037 -0.232774 0.791731 -0.564781
0.40256 -0.045477 0.223153 -0.242546 0.924945 0.292656
0.0678956 0.0022697 -0.295584 0.0178337 -0.177216 -0.98401
0.4006 -0.0942096 -0.217104 0.085884 -0.205137 0.974958
-0.230631 0.192432 -0.254786 0.263594 -0.963237 0.0518837
-0.208564 0.10755 -0.21106 -0.964516 -0.262341 0.0297661
-0.0117094 0.329549 -0.14006 -0.263421 0.948563 -0.175607
-0.271459 0.0116203 0.00195885 -0.258406 0.961108 0.097461
0.179103 0.360138 0.133545 0.0606044 -0.110255 0.992054
0.00832398 0.36574 0.0253781 -0.263421 0.948563 -0.175607
-0.0180831 0.0208006 0.292332 -0.0178337 0.177216 0.98401
0.280738 -0.114829 -0.206864 0.211606 -0.700673 0.681381
-0.0614103 -0.137227 0.266329 0.082276 -0.405776 -0.910262
0.446444 0.0241782 -0.292669 0.0178337 -0.177216 -0.98401
0.170803 0.301439 0.245214 -0.0178337 0.177216 0.98401
-0.246394 0.253297 -0.152341 -0.964516 -0.262341 0.0297662
-0.201641 0.134557 0.251325 -0.964516 -0.262341 0.0297677
0.102365 0.233744 -0.336647 0.0178337 -0.177216 -0.98401
0.359144 0.380683 0.234355 -0.0178336 0.177216 0.98401
0.36815 -0.106423 -0.1683 0.00468035 -0.129712 -0.991541
-0.15521 -0.0295866 -0.293891 0.0178337 -0.177216 -0.98401
0.191135 -0.165982 -0.164123 -0.122139 0.343396 -0.931215
0.0934656 -0.0814015 0.231962 0.259159 -0.919167 0.296595
0.531916 -0.132974 -0.0339102 0.964516 0.26234 -0.0297661
0.204333 0.386399 0.220218 -0.198877 0.796046 0.571628
0.116239 0.108905 0.278899 -0.0178337 0.177216 0.98401
0.102337 0.3528 0.231523 -0.198877 0.796046 0.571628
0.366157 -0.170472 -0.202172 0.198877 -0.796046 -0.571628
0.363298 -0.11816 -0.268542 0.0178337 -0.177216 -0.98401
0.295994 0.404747 -0.195439 -0.263421 0.948563 -0.175607
0.190713 0.368587 -0.232835 -0.263421 0.948563 -0.175607
-0.394841 -0.0844987 -0.0198144 0.17327 -0.714011 -0.678355
-0.11296 -0.164279 0.322206 0.0403154 -0.0349207 0.998577
-0.115135 -0.190401 0.190392 -0.964516 -0.26234 0.0297672
0.311697 -0.13544 -0.266365 0.0178337 -0.177216 -0.98401
0.11415 0.332441 0.136419 -0.0439743 0.270785 0.961635
-0.147357 -0.116063 -0.198533 -0.964516 -0.262341 0.0297661
-0.20445 0.247056 0.193252 -0.0858837 0.205136 -0.974958
-0.122166 0.335108 0.216465 -0.176123 0.723292 0.667704
-0.157882 0.338388 0.126953 -0.263421 0.948563 -0.175607
-0.169827 0.0110326 0.193512 -0.964516 -0.26234 0.0297677
-0.205821 0.0279177 -0.152015 -0.0858883 0.205154 -0.974954
0.466683 0.159146 -0.272985 0.964518 0.262341 -0.0297136
0.0312471 0.217222 -0.273965 -0.209307 0.828473 0.519446
0.154033 0.404857 0.0181048 -0.263421 0.948563 -0.175607
-0.200109 0.0357539 0.130067 -0.964516 -0.262341 0.0297661
-0.102633 0.102207 -0.316673 0.0178336 -0.177216 -0.98401
-0.162026 0.186256 -0.279514 0.0347201 -0.0142674 0.999295
-0.219641 0.164663 -0.0666216 -0.964516 -0.26234 0.029766
0.409339 0.426431 0.224541 0.964516 0.262341 -0.0297662
-0.139135 -0.134542 -0.0618291 0.230955 -0.892966 -0.386357
-0.214755 0.0252889 -0.0136374 -0.259159 0.919167 -0.296596
-0.468521 -0.0583778 0.034581 -0.118755 0.531754 0.838532
0.474472 0.184203 0.20021 0.964516 0.262344 -0.0297506
0.505331 0.0556156 0.0668531 0.964516 0.262341 -0.0297662
0.0740638 -0.252841 -0.0927629 0.263421 -0.948563 0.175607
0.195433 -0.114494 0.277697 0.173656 -0.545424 0.819973
0.448425 -0.225364 0.0477282 0.263421 -0.948563 0.175607
-0.125425 0.310478 -0.0724956 -0.263421 0.948563 -0.175607
-0.00367891 0.212693 -0.334778 0.0178337 -0.177216 -0.98401
-0.168184 0.277905 -0.1843 -0.263421 0.948563 -0.175607
0.0417933 0.257414 -0.316711 -0.173656 0.545424 -0.819973
0.458914 0.192443 -0.231278 0.964516 0.262341 -0.0297656
