ply
format ascii 1.0
comment Created by Open3D
element vertex 128
property double x
property double y
property double z
property double nx
property double ny
property double nz
end_header
0.372952 -0.123053 0.159953 0.263421 -0.948563 0.175607
0.150122 -0.0290116 0.304352 -0.0178336 0.177216 0.98401
0.43764 -0.232752 -0.00203683 -0.964516 -0.26234 0.029766
-0.2056 0.200981 0.256484 -0.0178338 0.177216 0.98401
0.430973 0.314372 -0.0620473 0.964516 0.262341 -0.0297662
-0.173255 0.236114 0.169183 -0.262515 0.964926 -0.0020587
-0.079923 -0.0667351 -0.285836 0.0178336 -0.177216 -0.98401
0.141961 0.29865 0.245193 -0.0178337 0.177216 0.98401
-0.131816 0.117209 0.272908 -0.0178338 0.177216 0.98401
0.261496 0.425181 -0.0333169 -0.263421 0.948563 -0.175607
-0.197855 -0.0042091 -0.149126 -0.964516 -0.262342 0.029766
-0.00985236 0.350155 -0.0315375 -0.263421 0.948563 -0.175607
-0.0040122 0.14254 -0.32215 0.0178337 -0.177216 -0.98401
0.381075 -0.0875727 -0.209997 0.211606 -0.700673 0.681381
0.257678 -0.204999 -0.109773 0.263421 -0.948563 0.175607
-0.172965 0.299672 -0.0595496 -0.263421 0.948563 -0.175607
0.0411266 -0.207972 0.199012 0.263421 -0.948563 0.175607
0.466864 0.177805 -0.102686 0.964516 0.262341 -0.0297662
0.475474 0.177488 0.173506 0.964516 0.262341 -0.0297662
-0.105247 0.27677 0.244654 -0.0178338 0.177216 0.98401
0.373678 0.431606 -0.16689 -0.263421 0.948563 -0.175607
-0.0240994 0.0967471 0.278546 -0.0178337 0.177216 0.98401
-0.226092 0.120294 0.0332196 -0.964516 -0.262341 0.0297667
-0.12801 -0.130496 0.301171 -0.964516 -0.262341 0.0297661
-0.246838 0.318167 0.188347 -0.24805 0.939002 0.238214
-0.0499034 0.365545 0.11167 -0.263421 0.948563 -0.175607
0.140161 -0.199158 0.0980627 0.263421 -0.948563 0.175607
0.474411 -0.194217 0.176991 0.263421 -0.948563 0.175607
0.188213 0.271174 -0.243641 -0.133656 0.387922 -0.91195
-0.236584 0.226782 -0.0681236 -0.964516 -0.26234 0.0297661
0.342433 -0.037578 0.297728 0.173656 -0.545424 0.819973
0.528201 -0.100913 0.128256 0.964516 0.26234 -0.0297661
0.358844 0.00218761 -0.290297 0.0178337 -0.177216 -0.98401
0.0938075 0.0715361 -0.307589 0.0178337 -0.177216 -0.98401
-0.0326568 -0.201232 -0.162179 0.152572 -0.645825 -0.748085
0.0591115 -0.265232 -0.137267 0.263421 -0.948563 0.175607
0.453391 0.24613 0.0629249 0.964516 0.262341 -0.0297662
0.252218 0.351306 0.237708 -0.0178336 0.177216 0.98401
0.314027 0.262527 0.254817 -0.0178336 0.177216 0.98401
-0.178788 0.27864 -0.164421 -0.263421 0.948563 -0.175607
0.185069 -0.133952 -0.190363 0.263784 -0.952686 0.151019
0.248144 -0.0384524 0.238141 0.255383 -0.955609 -0.146939
0.148718 0.409918 0.168117 -0.198877 0.796046 0.571628
0.289957 0.0624492 0.290414 -0.0178336 0.177216 0.98401
0.506847 0.0577799 0.135044 0.964516 0.262341 -0.0297662
-0.0517674 0.269628 0.160337 -0.251727 0.947737 0.19603
-0.0651517 -0.300282 -0.140191 0.263421 -0.948563 0.175607
0.133688 0.142454 0.273174 -0.0178337 0.177216 0.98401
-0.104556 -0.243225 0.067642 -0.964516 -0.262342 0.0297661
-0.109101 -0.246463 -0.253996 0.0178337 -0.177216 -0.98401
0.164074 -0.0618714 -0.28229 0.0178337 -0.177216 -0.98401
0.517043 -0.00900944 -0.123216 0.964516 0.26234 -0.0297654
-0.211839 0.117643 -0.22822 -0.964516 -0.262341 0.0297662
-0.138389 -0.150676 -0.213005 -0.964516 -0.26234 0.0297664
-0.125236 -0.183641 -0.0773414 -0.964517 -0.262337 0.0297645
0.261596 0.118766 -0.313054 0.0178337 -0.177216 -0.98401
0.344898 -0.169725 -0.0500685 0.263421 -0.948563 0.175607
0.149528 0.393188 -0.0381732 -0.263421 0.948563 -0.175607
-0.159344 -0.0175734 0.281091 -0.964516 -0.262341 0.0297661
0.394205 0.453815 -0.0244748 0.964516 0.262341 -0.0297661
0.04077 0.352961 0.209878 -0.198877 0.796046 0.571628
-0.0292968 -0.173531 -0.265685 0.0178337 -0.177216 -0.98401
0.447724 -0.252688 -0.136924 0.0178337 -0.177216 -0.98401
0.435782 -0.0768358 0.27367 0.233596 -0.795374 0.559298
-0.214117 0.109833 -0.10464 -0.211605 0.700669 -0.681386
0.44114 0.310954 0.237252 0.964516 0.262341 -0.0297662
-0.247721 0.280009 0.0401021 -0.964516 -0.26234 0.0297661
-0.0487893 0.269133 -0.289732 -0.173656 0.545424 -0.819973
-0.0751578 0.314211 -0.127733 -0.263421 0.948563 -0.175607
-0.175951 -0.00923121 -0.297932 0.0178337 -0.177216 -0.98401
0.288884 -0.13215 0.23692 0.263421 -0.948563 0.175607
0.263058 0.447446 0.194519 -0.211112 0.834011 0.509762
0.244629 0.00617935 -0.293085 0.0178337 -0.177216 -0.98401
0.24282 0.283652 -0.341833 -0.173656 0.545424 -0.819973
0.370923 0.15569 -0.317723 0.0178337 -0.177216 -0.98401
-0.231264 0.238222 -0.287186 -0.249122 0.866935 -0.431697
0.27083 -0.160454 0.111113 0.263421 -0.948563 0.175607
0.0265648 0.233326 0.254866 -0.0178337 0.177216 0.98401
0.342434 0.324589 -0.246507 -0.00848549 -0.081881 -0.996606
-0.18949 0.0795163 0.159934 -0.964516 -0.262341 0.029766
-0.151407 0.332891 0.0875471 -0.263421 0.948563 -0.175607
0.414824 0.318353 -0.346222 0.0178337 -0.177216 -0.98401
0.23581 -0.19204 -0.00697094 0.263421 -0.948563 0.175607
-0.129781 0.202645 -0.233183 0.0568942 -0.316609 -0.946848
0.0176465 -0.243131 0.0443134 0.263421 -0.948563 0.175607
0.00794552 -0.00793421 0.297979 -0.0178337 0.177216 0.98401
0.540046 -0.0535496 0.229634 0.964516 0.26234 -0.0297661
-0.125181 0.0950878 -0.3158 0.0178336 -0.177216 -0.98401
0.0560106 0.240281 -0.331119 -0.173656 0.545424 -0.819973
0.462516 0.18059 -0.21904 0.964516 0.262341 -0.0297662
0.539793 -0.117378 -0.0596665 0.263421 -0.948563 0.175607
0.491052 0.0120155 0.302992 0.00159243 0.106958 0.994262
-0.149377 -0.137168 0.0555301 0.252848 -0.885347 0.390166
0.486606 0.120886 0.0353776 0.964516 0.262341 -0.0297662
0.264632 0.379201 -0.285888 -0.262904 0.943929 -0.1997
0.00607449 -0.149563 0.316151 0.0904434 -0.222377 0.970757
0.352923 -0.190337 -0.173446 0.263421 -0.948563 0.175606
-0.490234 -0.101543 0.0175649 -0.964517 -0.262339 0.0297686
-0.0948271 -0.289183 -0.0357223 0.263421 -0.948563 0.175607
0.419562 0.367892 0.039881 0.964516 0.262341 -0.0297662
0.521498 -0.0395594 -0.248085 0.964516 0.262341 -0.0297661
0.368999 0.418742 0.22768 -0.0178336 0.177216 0.98401
0.481087 0.115577 0.28431 -0.0178337 0.177216 0.98401
0.279254 -0.164371 -0.240902 0.198877 -0.796046 -0.571628
0.234021 0.394033 -0.160354 -0.263421 0.948563 -0.175607
-0.150859 -0.0641747 0.145314 -0.964516 -0.26234 0.029767
0.504345 -0.150338 -0.184842 0.263779 -0.952627 0.151403
-0.0993979 -0.230978 0.275249 0.253113 -0.886688 0.386934
0.149984 -0.226469 -0.064195 0.263421 -0.948563 0.175607
0.221166 0.435231 0.0814694 -0.263421 0.948563 -0.175607
0.360624 0.174965 0.271431 -0.0178336 0.177216 0.98401
-0.30962 -0.0297357 0.0349922 -0.00468098 0.129714 0.99154
0.462103 0.0549463 -0.297927 0.0178337 -0.177216 -0.98401
0.0421993 -0.0719352 -0.282686 0.0178337 -0.177216 -0.98401
0.158926 -0.166536 0.246126 0.263421 -0.948563 0.175607
0.0716831 -0.0864609 0.243669 0.255383 -0.955609 -0.146939
0.390057 0.486719 0.1311 0.964516 0.262341 -0.0297661
0.0958374 -0.181947 -0.261901 0.0178337 -0.177216 -0.98401
-0.116321 -0.187497 0.177553 -0.964516 -0.26234 0.0297664
0.395212 -0.136737 0.0526443 0.263421 -0.948563 0.175607
0.0806843 0.362726 -0.0994432 -0.263421 0.948563 -0.175607
0.435123 0.281216 -0.219804 0.964516 0.262341 -0.0297662
-0.0200987 0.0332368 -0.302756 0.0178337 -0.177216 -0.98401
-0.189695 -0.0374273 0.00329414 0.263784 -0.952686 0.151019
0.0413846 0.380331 0.0546034 -0.263421 0.948563 -0.175607
0.534935 -0.201314 0.0478645 0.263421 -0.948563 0.175607
0.174474 0.207827 -0.330673 0.0178337 -0.177216 -0.98401
0.03843 0.332693 -0.198288 -0.263421 0.948563 -0.175607
