ply
format ascii 1.0
comment Created by Open3D
element vertex 2096
property double x
property double y
property double z
property double nx
property double ny
property double nz
end_header
-0.151094 0.311757 0.230767 -0.123052 0.546405 0.828432
-0.139422 -0.132225 -0.0838588 -0.964516 -0.26234 0.0297657
-0.236565 0.303758 0.0579253 -0.263421 0.948563 -0.175607
0.521205 -0.00781835 0.0221599 0.964516 0.262341 -0.0297662
-0.133237 -0.0184657 -0.295495 0.0178337 -0.177216 -0.98401
-0.121096 -0.190458 -0.00328092 -0.964516 -0.262341 0.0297661
0.288662 0.318307 0.244312 -0.0178336 0.177216 0.98401
0.0470342 0.285529 0.245836 -0.0178337 0.177216 0.98401
0.2764 0.377664 0.131121 -0.0309408 0.224274 0.974035
0.310855 0.306805 0.246785 -0.0178336 0.177216 0.98401
0.394549 0.475539 0.178136 0.964516 0.26234 -0.0297645
0.234157 -0.12073 -0.184325 0.251727 -0.947737 -0.196031
-0.243188 0.281178 0.197291 -0.964516 -0.26234 0.0297658
0.116996 0.267685 -0.240212 0.0309406 -0.224273 -0.974035
0.28896 0.405453 0.228475 -0.0371623 0.246511 0.968427
-0.22037 0.182472 0.0667229 -0.964516 -0.262341 0.0297662
0.139285 0.333708 0.238831 -0.0178337 0.177216 0.98401
-0.178586 0.050489 0.257428 -0.964516 -0.262341 0.0297661
0.287073 0.381845 -0.297446 -0.256494 0.904301 -0.341248
0.115496 0.140678 -0.319648 0.0178337 -0.177216 -0.98401
-0.116025 0.337068 0.0570336 -0.263421 0.948563 -0.175607
0.0542705 0.109953 -0.315225 0.0178337 -0.177216 -0.98401
-0.123339 -0.158903 0.202153 -0.964516 -0.262341 0.029766
0.453208 0.25777 0.159588 0.964516 0.262341 -0.0297662
0.274899 0.461318 0.166387 -0.25572 0.956277 0.141924
0.0230956 -0.265969 -0.227544 0.194555 -0.782419 -0.591582
0.417177 -0.150307 0.0615145 -0.964516 -0.262339 0.0297659
0.334279 0.477956 0.161255 -0.258635 0.961468 0.0932039
0.362622 0.392002 -0.317687 -0.227276 0.767601 -0.599278
0.380317 -0.162796 -0.207934 0.198877 -0.796046 -0.571628
0.252088 0.38371 -0.243216 -0.263421 0.948563 -0.175607
-0.207979 0.0473242 -0.022968 -0.964516 -0.262341 0.0297655
-0.21354 0.0912194 -0.1218 -0.185708 0.593953 -0.782773
0.478773 0.119373 -0.231772 0.964516 0.26234 -0.0297671
0.0301548 -0.228887 0.102492 0.263421 -0.948563 0.175607
0.393737 -0.00997969 -0.287473 0.0178337 -0.177216 -0.98401
0.336036 -0.0471358 0.292725 0.173656 -0.545424 0.819973
0.187481 0.105507 -0.31201 0.0178337 -0.177216 -0.98401
0.416278 -0.145601 0.0738614 -0.964516 -0.262339 0.0297659
0.0833196 -0.0288654 0.303115 -0.0178336 0.177216 0.98401
0.227699 -0.222197 -0.157699 0.263421 -0.948563 0.175607
0.468429 0.211022 0.240777 0.964516 0.262341 -0.0297662
0.274644 -0.135321 -0.165266 -0.0347168 0.0142552 -0.999296
-0.0865539 0.227277 -0.243981 0.201025 -0.80278 -0.561368
-0.449438 -0.056157 0.0356715 -0.0946864 0.448938 0.888532
-0.0195928 -0.293704 -0.180675 0.262591 -0.964895 0.00478547
0.43453 -0.206918 0.124881 -0.964516 -0.26234 0.029766
0.518181 0.00469967 0.0345056 0.964516 0.262341 -0.0297662
0.413706 0.104735 -0.307771 0.0178337 -0.177216 -0.98401
0.00776053 -0.24964 0.0239836 0.263421 -0.948563 0.175607
0.128481 0.401957 0.0407677 -0.263421 0.948563 -0.175607
0.125013 0.361766 -0.171127 -0.263421 0.948563 -0.175607
-0.113644 -0.24419 -0.235367 -0.964516 -0.262341 0.0297662
0.32091 -0.188075 -0.113209 0.263421 -0.948563 0.175607
-0.197835 0.177946 0.260773 -0.0178337 0.177216 0.98401
0.405973 0.389003 -0.214365 0.964516 0.26234 -0.029766
0.282405 0.13142 -0.314956 0.0178337 -0.177216 -0.98401
-0.212693 0.275546 0.172706 0.255383 -0.955609 -0.146939
0.311072 0.362686 -0.330902 -0.178484 0.564792 -0.805701
0.528005 -0.119145 -0.0387588 0.964516 0.26234 -0.0297661
-0.275291 -0.00353808 -0.0282801 -0.185708 0.593953 -0.782772
0.342376 0.476634 0.176234 -0.237989 0.912682 0.332225
-0.288641 -0.00374539 0.0245905 -0.163125 0.680767 0.714105
0.0763564 -0.204983 0.162311 0.263421 -0.948563 0.175607
0.396648 -0.112348 0.182233 0.263421 -0.948563 0.175607
0.322621 -0.153074 0.0732916 0.263421 -0.948563 0.175607
0.298812 0.39027 0.129703 0.0347167 -0.0142549 0.999296
0.448777 0.230049 -0.22831 0.964516 0.262341 -0.0297662
-0.224707 0.190963 0.00102178 -0.964516 -0.26234 0.0297661
-0.0841301 -0.149609 0.321201 0.014547 0.0597653 0.998106
0.0589652 0.2168 -0.334382 0.0178337 -0.177216 -0.98401
0.0326626 0.220557 -0.277711 -0.173268 0.714003 0.678364
0.514494 0.027146 0.112871 0.964516 0.262341 -0.0297662
0.499737 0.0841141 0.136779 0.964516 0.262341 -0.0297662
0.430263 -0.166287 -0.0409139 0.263421 -0.948563 0.175606
0.449513 0.261281 0.0707774 0.964516 0.262341 -0.0297662
-0.418312 -0.0358827 -0.0176857 -0.226274 0.763249 -0.605187
0.473696 0.187096 0.20057 0.964515 0.262351 -0.0297237
0.364321 0.134705 -0.314063 0.0178337 -0.177216 -0.98401
-0.097336 -0.05926 0.305315 -0.0178337 0.177216 0.98401
0.403534 -0.0763061 0.271638 -0.964516 -0.262341 0.0297677
0.0820816 -0.131865 0.290149 0.173656 -0.545424 0.819973
-0.16539 0.16084 0.264442 -0.0178338 0.177216 0.98401
-0.194087 0.231036 0.25128 -0.0178338 0.177216 0.98401
-0.226858 0.193976 -0.0421202 -0.964516 -0.26234 0.0297661
-4.41722e-05 -0.033039 -0.290457 0.0178337 -0.177216 -0.98401
0.247415 0.0793385 -0.306211 0.0178337 -0.177216 -0.98401
-0.0125993 -0.0407212 -0.289301 0.0178337 -0.177216 -0.98401
-0.128567 0.257703 0.247665 -0.0178338 0.177216 0.98401
0.533226 -0.138804 -0.0428506 0.964516 0.26234 -0.0297661
-0.0290486 -0.248303 0.0864239 0.263421 -0.948563 0.175607
0.0102666 0.149982 -0.323231 0.0178337 -0.177216 -0.98401
-0.100634 -0.284692 -0.170773 -0.964516 -0.26234 0.0297675
0.471313 0.144018 -0.256307 0.964516 0.262341 -0.0297661
-0.132471 -0.170271 -0.193929 -0.964516 -0.262341 0.0297661
0.369303 0.0496682 0.294154 -0.0178336 0.177216 0.98401
0.101243 -0.223658 0.0240997 0.263421 -0.948563 0.175607
0.487504 0.119562 0.0527764 0.964516 0.262341 -0.0297662
-0.123659 0.277607 -0.252699 -0.263421 0.948563 -0.175607
0.26523 -0.17685 0.0309475 0.263421 -0.948563 0.175607
0.0140904 0.365581 0.0158694 -0.263421 0.948563 -0.175607
-0.0320615 -0.114792 0.238731 0.262894 -0.94385 0.200085
0.435462 0.290969 -0.122842 0.964516 0.262341 -0.0297662
-0.19998 0.131889 0.269029 -0.0178337 0.177216 0.98401
0.0674878 -0.245144 -0.041325 0.263421 -0.948563 0.175607
0.372254 0.468653 0.0353624 -0.263421 0.948563 -0.175607
-0.0244236 -0.0379317 -0.290017 0.0178337 -0.177216 -0.98401
-0.108796 -0.237768 -0.0216631 -0.964516 -0.262341 0.0297661
-0.109849 -0.122313 0.316443 -0.0178337 0.177216 0.98401
-0.0827776 0.333852 0.193505 -0.198877 0.796046 0.571628
0.267639 0.103432 -0.310183 0.0178337 -0.177216 -0.98401
0.370577 0.434339 0.153248 0.260784 -0.964214 -0.0477718
0.321625 -0.0303991 0.253157 0.106857 -0.490968 -0.8646
0.412093 -0.134889 -0.260668 0.0995644 -0.46582 -0.87926
-0.17723 -0.0613296 0.0157726 -0.964516 -0.262341 0.0297656
0.24241 0.4452 0.103449 -0.263421 0.948563 -0.175607
0.180341 -0.115967 -0.272252 0.0178337 -0.177216 -0.98401
-0.208342 0.114305 -0.144303 -0.964516 -0.262341 0.0297662
0.222081 0.31332 -0.277382 0.248746 -0.865116 0.435545
0.166001 -0.231686 -0.116402 0.263421 -0.948563 0.175607
0.455137 0.207738 -0.218871 0.964516 0.262341 -0.0297662
0.392483 0.00500592 0.302618 -0.0178337 0.177216 0.98401
0.278579 0.0387824 0.29447 -0.0178336 0.177216 0.98401
0.0427489 -0.141827 0.291853 0.173656 -0.545424 0.819973
0.293893 -0.0055465 -0.290081 0.0178337 -0.177216 -0.98401
0.191942 -0.0613679 0.253982 0.163128 -0.680778 -0.714095
-0.21391 0.0657813 -0.0525083 -0.964516 -0.262341 0.0297661
0.182884 0.380556 -0.156438 -0.263421 0.948563 -0.175607
0.426028 0.332535 -0.0622072 0.964516 0.262341 -0.0297662
0.0519856 -0.272102 -0.163684 0.263421 -0.948563 0.175607
-0.0519917 -0.201301 -0.261095 0.0178337 -0.177216 -0.98401
0.24168 0.272147 0.251774 -0.0178336 0.177216 0.98401
0.416688 -0.14645 0.0796775 -0.964516 -0.262339 0.0297659
0.157169 0.297087 -0.258896 0.247444 -0.937507 -0.244646
0.0809981 -0.133824 -0.270837 0.0178337 -0.177216 -0.98401
0.024984 -0.163287 0.303644 0.964516 0.262342 -0.029768
0.442552 -0.130969 -0.259122 0.111444 -0.50673 -0.854871
-0.158704 -0.0637944 -0.287793 0.0178337 -0.177216 -0.98401
0.00284354 0.158185 -0.324843 0.0178337 -0.177216 -0.98401
-0.206539 0.219815 0.253075 -0.0178338 0.177216 0.98401
0.485293 -0.220913 0.0164674 0.263421 -0.948563 0.175607
0.331113 0.469045 0.187068 -0.218639 0.856826 0.466954
-0.240624 0.242198 -0.0631775 -0.964518 -0.262335 0.0297641
0.486464 -0.0839322 -0.272474 0.0178337 -0.177216 -0.98401
0.0285388 -0.202697 0.246386 0.263421 -0.948563 0.175607
0.0242357 0.115954 -0.31685 0.0178337 -0.177216 -0.98401
-0.0327561 -0.287852 -0.121643 0.263421 -0.948563 0.175607
-0.200873 0.29145 -0.0621002 -0.263421 0.948563 -0.175607
0.261164 -0.14779 0.194021 0.263421 -0.948563 0.175607
0.164094 -0.23819 -0.178167 0.198877 -0.796046 -0.571628
0.549492 -0.21786 -0.141352 0.0178345 -0.177214 -0.984011
0.36577 0.0925658 -0.306448 0.0178337 -0.177216 -0.98401
-0.181949 0.0541601 0.180826 -0.964516 -0.262341 0.0297662
0.453783 -0.16865 0.152802 -0.964516 -0.26234 0.029766
-0.0656588 0.11227 -0.317816 0.0178337 -0.177216 -0.98401
0.200806 0.40891 -0.0301675 -0.263421 0.948563 -0.175607
0.014137 -0.283397 -0.167995 0.263779 -0.952626 0.151406
-0.0365484 0.322636 0.171028 0.242546 -0.924945 -0.292657
0.498551 0.0840665 0.097899 0.964516 0.262341 -0.0297662
-0.101602 -0.15642 0.221231 0.0477173 -0.062323 0.996915
0.0555155 0.191731 0.262882 -0.0178337 0.177216 0.98401
-0.106289 0.312904 0.214498 -0.198877 0.796046 0.571628
-0.122429 -0.102511 0.312649 -0.0178337 0.177216 0.98401
0.259526 -0.113894 -0.271191 0.0178337 -0.177216 -0.98401
0.0143268 -0.252253 1.91408e-05 0.263421 -0.948563 0.175607
0.263941 -0.0442433 0.214416 0.176121 -0.555303 0.812785
0.013862 0.2392 -0.322912 -0.173656 0.545424 -0.819973
0.539867 -0.0669607 0.105631 0.964516 0.26234 -0.0297661
0.252581 0.18845 -0.325768 0.0178337 -0.177216 -0.98401
0.273528 0.397177 -0.202629 -0.263421 0.948563 -0.175607
0.381427 0.308657 -0.269928 -0.263594 0.963237 -0.0518824
0.472641 0.120946 -0.309622 0.0178337 -0.177216 -0.98401
0.0219518 0.314492 -0.271887 -0.263421 0.948563 -0.175607
0.498793 -0.201387 0.101686 0.263421 -0.948563 0.175607
-0.0929614 0.294925 0.144526 0.144836 -0.43147 0.890425
-0.0697038 0.284075 0.141676 -0.0309407 0.224274 0.974035
0.127105 0.378922 0.203761 -0.198877 0.796046 0.571628
-0.100591 0.228022 -0.316628 0.964516 0.262341 -0.0297671
-0.0507927 -0.232013 -0.202174 -0.0696805 0.361673 0.929697
-0.106941 -0.146561 0.224932 0.166098 -0.515273 0.840776
0.228179 0.304748 -0.246329 0.10685 -0.490945 -0.864613
0.405157 -0.112213 0.170199 0.263421 -0.948563 0.175607
-0.10637 -0.223965 0.178589 -0.964516 -0.262341 0.0297661
0.0987107 -0.11553 0.260991 -0.144835 0.431466 -0.890427
-0.148387 -0.0588353 -0.288499 0.0178337 -0.177216 -0.98401
-0.24013 0.233633 -0.122668 -0.964516 -0.262341 0.0297662
0.318332 0.0989973 -0.308466 0.0178337 -0.177216 -0.98401
0.0232859 0.0213687 -0.299833 0.0178337 -0.177216 -0.98401
0.132523 -0.23439 -0.194444 0.198877 -0.796046 -0.571628
0.457443 -0.199673 0.0938816 -0.263421 0.948563 -0.175607
0.472742 -0.00686769 0.251686 -0.0733401 0.15791 -0.984726
0.0646485 -0.253551 -0.082477 0.263421 -0.948563 0.175607
0.436344 0.268595 -0.291458 0.964516 0.262341 -0.0297663
0.462485 0.198156 -0.0652366 0.964516 0.262341 -0.0297662
-0.182787 0.00915247 -0.24299 -0.964516 -0.262341 0.0297661
0.399938 -0.143511 -0.227964 0.198877 -0.796046 -0.571628
-0.13648 0.216293 -0.265199 0.252849 -0.885349 0.39016
0.433589 -0.169384 -0.206408 0.25572 -0.956277 -0.141922
-0.140536 -0.027208 0.298759 -0.0178337 0.177216 0.98401
0.00880406 0.327864 -0.179932 -0.263421 0.948563 -0.175607
-0.197846 0.017702 -0.154343 -0.0606029 0.11025 -0.992055
0.340831 0.423195 0.225919 -0.0499451 0.291998 0.955114
0.204142 0.39765 0.204484 -0.198877 0.796046 0.571628
-0.2115 0.112149 -0.265634 -0.964516 -0.262339 0.0297662
0.375057 -0.164246 -0.207745 0.198877 -0.796046 -0.571628
0.0466854 0.223064 -0.276686 -0.182987 0.745487 0.640909
0.496617 0.00457169 -0.288229 0.0178337 -0.177216 -0.98401
0.491837 0.0787341 -0.166622 0.964516 0.262341 -0.0297662
0.000371585 -0.208802 -0.258795 0.0178337 -0.177216 -0.98401
0.0433647 -0.143389 0.23497 -0.247446 0.93751 0.244632
0.497457 0.107265 0.266923 0.964516 0.262341 -0.0297654
0.437191 0.190499 -0.322791 0.0178337 -0.177216 -0.98401
0.220924 0.375833 0.133092 0.0982277 -0.251904 0.962754
-0.431709 -0.0358756 0.0201081 -0.217069 0.852107 0.476229
0.307446 0.0912975 -0.307276 0.0178337 -0.177216 -0.98401
0.052917 0.21941 -0.264505 -0.258406 0.961107 0.0974651
-0.0784688 0.0838795 -0.312935 0.0178336 -0.177216 -0.98401
0.495468 0.115036 0.27097 0.964516 0.262341 -0.0297662
0.0267173 -0.176828 -0.183598 0.263594 -0.963237 0.0518846
0.284487 0.29976 0.247576 -0.0178336 0.177216 0.98401
0.136152 -0.22415 -0.0309233 0.263421 -0.948563 0.175607
0.32302 -0.14658 -0.250451 0.198877 -0.796046 -0.571628
0.256199 0.170463 0.27035 -0.0178336 0.177216 0.98401
0.417825 -0.0372662 0.244282 -0.226273 0.763241 -0.605197
-0.122934 -0.166612 0.147335 -0.964516 -0.262341 0.0297662
0.126937 -0.177333 -0.209173 -0.00468078 0.129713 0.991541
0.308366 -0.192784 -0.119824 0.263421 -0.948563 0.175607
-0.17525 -0.055506 0.131261 -0.964516 -0.262342 0.0297656
0.199541 0.401708 0.197231 -0.198877 0.796046 0.571628
-0.0875065 -0.293424 -0.227321 0.185564 -0.753767 -0.630398
0.10175 0.329565 -0.281417 -0.173656 0.545424 -0.819973
-0.0754277 0.311593 -0.141469 -0.263421 0.948563 -0.175607
0.0187582 -0.249233 -0.244105 0.123051 -0.546406 -0.828432
-0.0959973 -0.227521 0.28048 0.249122 -0.866935 0.431697
-0.0443314 0.00804605 -0.298659 0.0178336 -0.177216 -0.98401
-0.0392866 0.321083 0.173362 0.230957 -0.892968 -0.386352
0.324633 -0.0984666 -0.202276 0.248745 -0.86511 0.435557
-0.0104502 -0.23807 0.113801 0.263421 -0.948563 0.175607
0.259532 -0.152171 -0.168497 -0.1661 0.515283 -0.84077
0.526208 -0.0549422 -0.231059 0.964516 0.262341 -0.0297661
0.174482 0.418831 0.0629116 -0.263421 0.948563 -0.175607
0.427544 0.240037 0.260925 -0.0178337 0.177216 0.98401
0.409571 0.422926 0.201191 0.964519 0.26233 -0.0297616
0.0800419 -0.12288 -0.272825 0.0178337 -0.177216 -0.98401
0.139125 0.414479 0.0924422 -0.263421 0.948563 -0.175607
-0.180106 0.16637 -0.329633 0.0178338 -0.177217 -0.98401
-0.223186 0.309842 0.0707166 -0.263421 0.948563 -0.175607
-0.172382 0.282226 -0.154661 -0.263421 0.948563 -0.175607
0.0933929 0.31883 0.240679 -0.0178337 0.177216 0.98401
-0.196521 0.0133673 0.0490107 -0.964516 -0.26234 0.0297661
-0.114968 -0.235758 -0.203952 -0.964516 -0.26234 0.0297659
0.258125 -0.162505 -0.180091 -0.256321 0.903373 -0.343827
0.37781 -0.081616 -0.196865 0.263784 -0.952686 0.151019
0.450762 0.276152 0.242338 0.964516 0.262341 -0.0297662
0.330749 0.354303 -0.339529 -0.137099 0.401298 -0.905629
0.249363 -0.0764573 -0.278117 0.0178337 -0.177216 -0.98401
0.0529165 0.209275 -0.333137 0.0178337 -0.177216 -0.98401
0.361818 0.421003 -0.20637 -0.263421 0.948563 -0.175607
0.461169 0.183997 -0.232647 0.964516 0.262343 -0.0297564
0.0180169 -0.0927258 0.313432 -0.0178337 0.177216 0.98401
-0.168012 -0.0909027 0.0538146 -0.964516 -0.262341 0.0297647
0.155023 0.306316 -0.308163 -0.173656 0.545424 -0.819973
-0.11092 -0.19518 0.28486 -0.964516 -0.26234 0.0297667
0.438558 0.264976 -0.251618 0.964517 0.262338 -0.0297783
-0.0621442 0.337576 -0.0210467 -0.263421 0.948563 -0.175607
-0.0402841 -0.289216 -0.117719 0.263421 -0.948563 0.175607
-0.150047 0.3022 0.236307 -0.0874459 0.423793 0.901528
-0.117776 0.04138 -0.305993 0.0178336 -0.177216 -0.98401
0.431926 0.281139 -0.324058 0.964516 0.262341 -0.0297663
0.265873 0.364896 -0.30051 -0.964515 -0.262343 0.0297695
0.494292 0.11496 0.232185 0.964516 0.262341 -0.0297654
0.037712 -0.184515 -0.202275 0.17612 -0.555298 0.812789
-0.367101 -0.0689168 -0.0271526 0.106853 -0.490956 -0.864607
0.381562 0.465164 0.00255062 -0.263421 0.948563 -0.175607
0.411815 0.372117 -0.173894 0.964515 0.262344 -0.0297667
0.537484 -0.173586 -0.149543 0.0178337 -0.177216 -0.98401
0.142427 -0.186659 0.162179 0.263421 -0.948563 0.175607
-0.129666 0.348999 0.188443 -0.243312 0.926957 0.285571
-0.10694 -0.221297 0.18362 -0.964516 -0.262341 0.0297661
0.063899 -0.197273 -0.25972 0.0178337 -0.177216 -0.98401
-0.21253 0.0718215 0.0454683 -0.964516 -0.262341 0.0297673
0.507936 -0.0844839 0.214968 -0.0178337 0.177216 0.98401
0.0303706 -0.226001 -0.241667 0.198877 -0.796046 -0.571628
0.409172 0.421487 0.175579 0.964516 0.262341 -0.0297663
-0.0581326 0.221508 -0.319433 -0.173656 0.545424 -0.819973
0.166092 -0.139201 -0.190331 0.263784 -0.952687 0.151016
-0.0688682 0.298084 -0.22428 -0.263421 0.948563 -0.175607
0.483189 0.121768 -0.0675807 0.964516 0.262341 -0.0297662
0.487745 0.12138 0.0766315 0.964516 0.262341 -0.0297662
0.490293 -0.188591 0.18356 0.263421 -0.948563 0.175607
0.384714 0.419414 -0.249301 -0.263421 0.948563 -0.175607
0.102221 -0.175114 -0.160759 0.0439717 -0.270776 -0.961637
-0.0376966 0.243044 -0.249931 0.230956 -0.892966 -0.386356
0.0758244 -0.100514 0.26236 0.0696807 -0.361673 -0.929697
-0.126554 0.220559 -0.259777 0.263784 -0.952686 0.151019
0.261134 0.0575922 0.290767 -0.0178336 0.177216 0.98401
0.493681 -0.14953 -0.164166 0.263421 -0.948563 0.175606
0.448971 0.242687 -0.11066 0.964516 0.262341 -0.0297662
-0.0223146 -0.0772436 0.309913 -0.0178337 0.177216 0.98401
0.18776 -0.0564414 -0.282838 0.0178337 -0.177216 -0.98401
-0.0212636 -0.287706 -0.138095 0.263421 -0.948563 0.175607
0.272878 0.297102 0.247845 -0.0178336 0.177216 0.98401
0.547559 -0.197973 -0.0998979 0.964516 0.26234 -0.0297661
0.446655 -0.145632 0.124702 -0.964516 -0.26234 0.029766
-0.24165 0.246247 -0.0607575 -0.964514 -0.262347 0.0297685
0.273525 0.438177 0.0188413 -0.263421 0.948563 -0.175607
-0.0440979 -0.14124 0.26795 -0.00847904 -0.0819045 -0.996604
0.401642 0.173833 0.272379 -0.0178337 0.177216 0.98401
-0.23499 0.202574 -0.229844 -0.964516 -0.262341 0.0297662
0.317262 -0.071905 -0.277706 0.0178337 -0.177216 -0.98401
0.104115 0.114036 0.277756 -0.0178337 0.177216 0.98401
-0.154271 -0.0380545 0.264961 -0.964516 -0.262341 0.0297661
-0.134025 0.0157523 -0.301672 0.0178336 -0.177216 -0.98401
-0.0907646 -0.0270212 -0.293185 0.0178336 -0.177216 -0.98401
0.440722 0.27378 -0.103895 0.964516 0.262341 -0.0297662
-0.220387 0.185142 0.0896935 -0.964516 -0.262341 0.0297662
0.542912 -0.18169 0.131804 0.704571 -0.696061 0.138127
-0.142952 -0.126912 -0.151403 -0.964516 -0.262341 0.0297676
-0.0755389 0.291198 -0.251471 -0.263421 0.948563 -0.175607
0.279092 0.384217 0.178932 -0.0347202 0.0142678 -0.999295
0.0386832 -0.219102 0.142554 0.263421 -0.948563 0.175607
0.0625382 -0.101095 0.314755 0.173656 -0.545424 0.819973
-0.173732 0.321861 0.0614573 -0.263421 0.948563 -0.175607
0.411417 0.00302919 0.303317 -0.0178337 0.177216 0.98401
0.296468 0.421528 0.223524 -0.087446 0.423793 0.901528
0.22391 0.422577 0.00899922 -0.263421 0.948563 -0.175607
0.105322 -0.028824 -0.289306 0.0178337 -0.177216 -0.98401
0.108736 0.332727 0.18369 -0.0858837 0.205136 -0.974958
-0.228008 0.126741 0.0279358 -0.964516 -0.262341 0.0297663
-0.201443 0.0878466 -0.153954 -0.964516 -0.26234 0.0297664
0.234345 0.347131 0.15348 -0.258406 0.961107 0.0974639
-0.0455889 -0.0095775 0.297305 -0.0178338 0.177216 0.98401
0.443943 -0.256338 -0.136336 0.0178337 -0.177216 -0.98401
-0.148854 -0.0691992 0.165999 -0.964516 -0.26234 0.0297683
0.534764 -0.0615299 -0.0118756 0.964516 0.262341 -0.0297662
0.164844 0.333783 0.14288 -0.182986 0.745484 0.640914
0.513381 0.0355862 0.15118 0.964516 0.262341 -0.0297662
0.479058 0.145841 0.0107341 0.964516 0.262341 -0.0297662
0.375843 0.479313 0.189091 -0.211112 0.834011 0.509762
0.485093 0.123411 0.00858056 0.964516 0.262341 -0.0297662
0.433867 0.312783 0.0177167 0.964516 0.262341 -0.0297662
-0.148145 0.314084 -0.0189332 -0.263421 0.948563 -0.175607
-0.212428 0.18595 -0.233359 0.118756 -0.531759 -0.838528
0.37141 0.42898 -0.177673 -0.263421 0.948563 -0.175607
0.39818 0.379561 -0.338032 -0.158556 0.485386 -0.859803
-0.336374 -0.0211037 0.0296259 -0.130361 0.571232 0.810371
0.506086 0.0491598 0.0344228 0.964516 0.262341 -0.0297662
0.335458 0.473552 0.179706 -0.232092 0.896205 0.378086
-0.224189 0.114136 0.0405905 -0.964516 -0.26234 0.0297656
-0.065782 -0.236481 -0.201559 -0.0696805 0.361673 0.929697
-0.136183 -0.14129 -0.0587811 -0.964516 -0.262341 0.029766
0.467077 -0.0821821 0.239529 0.263421 -0.948563 0.175607
-0.212374 0.161897 0.144471 -0.964516 -0.262339 0.0297719
0.266789 0.31336 -0.327148 -0.173656 0.545424 -0.819973
0.456378 0.0361288 0.298171 -0.0178337 0.177216 0.98401
-0.227126 0.183211 -0.145673 -0.964516 -0.26234 0.0297661
0.0639474 -0.202005 0.197008 0.263421 -0.948563 0.175607
0.522106 -0.0170908 -0.030356 0.964516 0.262341 -0.0297662
-0.223868 0.106948 -0.012345 -0.964516 -0.26234 0.0297675
0.178559 0.429661 0.115295 -0.263421 0.948563 -0.175607
0.264247 -0.140749 -0.165134 -0.0606015 0.110244 -0.992055
0.208041 -0.161004 0.202329 0.263421 -0.948563 0.175607
0.157042 0.0497283 0.290296 -0.0178336 0.177216 0.98401
0.318351 0.441484 -0.030539 -0.263421 0.948563 -0.175607
0.186045 -0.108387 0.283748 0.173656 -0.545424 0.819973
0.283958 0.401359 -0.195686 -0.263421 0.948563 -0.175607
0.489123 -0.193223 0.160292 0.263421 -0.948563 0.175607
0.362794 0.361358 -0.341253 -0.1371 0.401305 -0.905626
0.289387 -0.16435 0.0622321 0.263421 -0.948563 0.175607
-0.158461 -0.0681087 -0.287012 0.0178337 -0.177216 -0.98401
0.479725 0.129117 -0.115045 0.964516 0.262341 -0.0297662
0.426166 0.351727 0.111392 0.964516 0.26234 -0.0297654
0.204413 0.00199657 0.299751 -0.0178336 0.177216 0.98401
-0.202451 0.0859107 -0.315547 0.0178337 -0.177216 -0.98401
0.543133 -0.160577 0.0862763 0.964516 0.26234 -0.0297661
-0.152893 0.269571 0.143761 0.0606013 -0.110243 0.992055
0.462717 0.22037 0.138064 0.964516 0.262341 -0.0297662
0.124967 -0.00409421 0.299408 -0.0178336 0.177216 0.98401
0.435963 0.108874 0.2847 -0.0178337 0.177216 0.98401
0.293091 0.444623 0.0243095 -0.263421 0.948563 -0.175607
0.418811 -0.0713617 -0.201704 0.259159 -0.919165 0.2966
0.0222315 0.289324 0.161346 -0.260784 0.964214 0.0477723
0.52501 -0.00851419 0.139305 0.96452 0.262326 -0.0297601
0.338001 -0.189498 -0.146529 0.263421 -0.948563 0.175607
0.2714 0.156113 -0.319603 0.0178337 -0.177216 -0.98401
0.0304561 0.345522 -0.117027 -0.263421 0.948563 -0.175607
-0.185487 -0.0183862 0.126716 -0.964516 -0.26234 0.0297662
0.215877 -0.0857913 -0.277043 0.0178337 -0.177216 -0.98401
-0.151789 0.239381 0.250544 -0.0178338 0.177216 0.98401
-0.159351 -0.0180987 0.276224 -0.964516 -0.262341 0.0297661
0.175914 0.117103 0.278504 -0.0178336 0.177216 0.98401
0.446538 0.284348 0.177679 0.964516 0.262342 -0.0297607
0.204728 -0.204241 -0.0262505 0.263421 -0.948563 0.175607
0.0633027 0.241696 -0.331722 -0.173656 0.545424 -0.819973
0.53186 -0.0602893 0.253318 0.256494 -0.9043 0.34125
-0.200153 0.288784 -0.0775777 -0.263421 0.948563 -0.175607
-0.217716 0.179703 0.128304 -0.964516 -0.262341 0.0297662
0.179965 0.221851 0.259713 -0.0178337 0.177216 0.98401
-0.124768 -0.156959 -0.2704 0.0178337 -0.177216 -0.98401
0.520501 -0.0168782 -0.0805054 0.964516 0.262341 -0.0297662
0.366569 0.442432 0.220497 -0.087446 0.423793 0.901528
0.223918 0.309675 -0.283499 0.211606 -0.700673 0.681381
-0.0703765 0.190898 -0.272661 -0.192246 0.775099 0.601883
0.413584 -0.113141 -0.175283 -0.194833 0.631129 -0.750811
0.0766821 -0.206386 -0.25287 0.198877 -0.796046 -0.571628
-0.00246014 0.307039 -0.27433 -0.173656 0.545424 -0.819973
0.319747 0.418017 -0.159393 -0.263421 0.948563 -0.175607
-0.105322 0.178465 -0.246682 -0.248746 0.865116 -0.435545
-0.202423 0.309633 0.0384462 -0.263421 0.948563 -0.175607
0.424905 0.0568256 0.293873 -0.0178337 0.177216 0.98401
-0.0245456 -0.258243 -0.244572 0.111443 -0.506726 -0.854874
0.484426 0.100771 -0.212557 0.964516 0.262343 -0.0297564
-0.0184529 0.226037 -0.235351 -0.0216256 -0.0338638 -0.999192
-0.116758 -0.187187 0.166138 -0.964516 -0.262341 0.0297662
-0.153137 -0.0805585 -0.284673 0.0178337 -0.177216 -0.98401
0.526422 -0.0290954 0.00368442 0.964516 0.262341 -0.0297662
0.420782 0.353265 -0.0494983 0.964516 0.262341 -0.0297662
0.410727 0.398643 0.0246349 0.964516 0.262341 -0.0297662
0.00589789 0.369811 0.0510084 -0.263421 0.948563 -0.175607
0.352765 0.403122 0.128069 0.0216289 0.0338515 0.999193
0.0372339 0.345935 0.218432 -0.198877 0.796046 0.571628
-0.0655132 0.0816769 0.280509 -0.0178338 0.177216 0.98401
0.401358 -0.156578 -0.209273 0.198877 -0.796046 -0.571628
0.429048 0.294339 -0.300975 0.964516 0.262341 -0.0297663
0.339191 0.408626 0.175766 0.0568932 -0.316605 -0.94685
0.526503 -0.0824579 -0.271952 0.0242928 -0.200441 -0.979404
0.152128 -0.0499959 0.308167 -0.0178336 0.177216 0.98401
-0.124598 0.0125297 -0.300921 0.0178336 -0.177216 -0.98401
0.317872 -0.154904 -0.240651 0.198877 -0.796046 -0.571628
0.314497 0.115779 0.281254 -0.0178336 0.177216 0.98401
0.0021788 -0.266012 -0.0560782 0.263421 -0.948563 0.175607
0.190715 -0.120494 -0.271249 0.0178337 -0.177216 -0.98401
0.484218 0.153422 0.244729 0.964516 0.262341 -0.0297654
0.220931 0.406044 -0.0758389 -0.263421 0.948563 -0.175607
-0.231842 0.2153 -0.0156823 -0.964516 -0.26234 0.0297661
0.242548 0.417125 0.190724 -0.198877 0.796046 0.571628
0.381662 -0.0878138 -0.175632 0.163126 -0.680771 -0.714101
-0.10766 -0.236575 0.0256443 -0.964516 -0.262341 0.0297661
0.242738 -0.15499 -0.209978 -0.0946828 0.448926 0.888539
0.02521 -0.163686 0.307452 0.964516 0.26234 -0.0297651
0.341476 -0.193399 -0.172813 0.263421 -0.948563 0.175606
0.265595 0.302224 -0.292715 0.0347201 -0.0142674 0.999295
-0.224874 0.105513 -0.0576008 -0.964516 -0.262341 0.0297659
-0.15842 -0.0235373 0.258467 -0.964516 -0.262341 0.0297661
0.27254 -0.186987 -0.0347699 0.263421 -0.948563 0.175607
-0.0649664 -0.136455 0.222902 0.155662 -0.473968 0.866674
0.106848 -0.180794 -0.160086 -0.0347169 0.0142559 -0.999296
0.185097 -0.206496 -0.00898547 0.263421 -0.948563 0.175607
0.414986 0.36688 -0.117308 0.964516 0.262341 -0.0297663
-0.182016 -0.0590852 -0.119531 -0.964516 -0.262341 0.0297661
0.392009 -0.116697 0.165696 0.263421 -0.948563 0.175607
-0.0740697 0.254949 0.249148 -0.0178337 0.177216 0.98401
0.357126 0.117736 -0.311138 0.0178337 -0.177216 -0.98401
-0.109906 -0.134923 -0.274099 0.0178337 -0.177216 -0.98401
0.262761 -0.117717 -0.270444 0.0178337 -0.177216 -0.98401
0.24444 -0.154554 0.182569 0.263421 -0.948563 0.175607
0.482677 0.149329 0.15873 0.964516 0.262341 -0.0297662
0.230095 -0.172844 -0.246206 0.198877 -0.796046 -0.571628
0.407388 0.42105 0.113898 0.964516 0.262341 -0.0297662
0.455728 0.0564072 0.294507 -0.0178337 0.177216 0.98401
0.492399 0.107292 0.103258 0.964516 0.262341 -0.0297662
0.422528 0.341067 -0.100425 0.964516 0.262341 -0.0297662
-0.220252 -0.0334633 -0.0285461 0.141644 -0.60929 -0.780194
-0.230005 0.122602 -0.0732248 -0.964516 -0.26234 0.0297663
0.328256 0.412534 -0.201776 -0.263421 0.948563 -0.175607
-0.003967 -0.217363 0.215928 0.263421 -0.948563 0.175607
-0.106193 0.348827 0.105807 -0.263421 0.948563 -0.175607
-0.12125 0.311447 -0.0735233 -0.263421 0.948563 -0.175607
0.311394 -0.135995 0.182384 0.263421 -0.948563 0.175607
-0.0678306 0.268396 0.178035 -0.238697 0.818252 -0.52296
-0.208926 0.325533 0.134087 -0.263421 0.948563 -0.175607
-0.108794 -0.239311 -0.0351859 -0.964517 -0.262339 0.0297662
-0.356938 -0.0268695 0.030382 -0.130361 0.571232 0.810371
0.147954 0.222162 -0.333735 0.0178337 -0.177216 -0.98401
-0.204996 0.104088 -0.125957 -0.964516 -0.262341 0.0297661
-0.0248471 0.0233374 -0.301059 0.0178337 -0.177216 -0.98401
0.396979 -0.147957 -0.222803 0.198877 -0.796046 -0.571628
0.404441 0.152935 0.276193 -0.0178337 0.177216 0.98401
0.181604 0.236241 -0.335661 0.0178337 -0.177216 -0.98401
0.180587 0.371867 -0.199927 -0.263421 0.948563 -0.175607
-0.166158 0.335803 0.125404 -0.263421 0.948563 -0.175607
0.538261 -0.0543177 0.165014 0.964516 0.26234 -0.0297661
0.242282 0.446231 0.109214 -0.263421 0.948563 -0.175607
0.42432 0.0561129 -0.298822 0.0178337 -0.177216 -0.98401
0.17644 -0.238561 -0.169201 0.263421 -0.948563 0.175606
0.524276 -0.0283376 -0.0591917 0.964516 0.262341 -0.0297662
0.270123 0.369152 -0.311713 -0.233596 0.795373 -0.559299
0.00519108 -0.286908 -0.183428 0.260928 -0.964343 -0.0442558
-0.237743 0.216605 -0.195402 -0.964516 -0.262341 0.0297662
0.24192 0.282193 -0.247125 -0.166097 0.515273 -0.840777
0.239117 0.440579 0.0834321 -0.263421 0.948563 -0.175607
-0.140812 -0.146567 0.0083769 0.263594 -0.963237 0.0518863
-0.185752 0.249943 -0.289889 -0.244531 0.845095 -0.475414
0.380838 0.417871 0.175072 0.0309408 -0.224274 -0.974035
0.0470375 0.367828 0.191354 -0.198877 0.796046 0.571628
0.196454 -0.190769 0.0589324 0.263421 -0.948563 0.175607
-0.0969297 0.151005 -0.325358 0.0178336 -0.177216 -0.98401
0.498805 0.0386305 -0.294306 0.964516 0.262341 -0.0297663
0.45537 0.260031 0.249547 0.964516 0.262341 -0.0297662
0.537715 -0.0653065 0.0504711 0.964516 0.26234 -0.0297661
0.0430553 -0.265071 -0.11231 0.263421 -0.948563 0.175607
-0.110455 -0.236745 -0.0664116 -0.964516 -0.262341 0.0297661
-0.210746 0.201237 0.256345 -0.0178338 0.177216 0.98401
0.310058 0.0900112 0.285815 -0.0178336 0.177216 0.98401
0.214973 -0.103914 0.280597 0.173656 -0.545424 0.819973
0.349707 0.429187 -0.143999 -0.263421 0.948563 -0.175607
0.191433 -0.185398 0.0954751 0.263421 -0.948563 0.175607
0.504672 -0.189624 0.156411 0.263421 -0.948563 0.175607
0.271532 0.204725 -0.328355 0.0178337 -0.177216 -0.98401
-0.179369 0.0555521 0.276692 -0.964516 -0.262341 0.0297661
0.0712888 -0.203988 0.175287 0.263421 -0.948563 0.175607
-0.198622 -0.000514956 -0.141408 -0.964516 -0.262342 0.029766
-0.444382 -0.0353787 0.00687475 -0.260785 0.964215 0.0477584
-0.00138829 -0.284867 -0.152574 0.263421 -0.948563 0.175607
0.423973 0.309724 -0.329848 0.964516 0.262341 -0.0297663
-0.228686 0.121311 -0.0418667 -0.964516 -0.262341 0.0297661
0.465534 -0.15885 -0.172287 0.263421 -0.948563 0.175606
0.011745 0.267773 -0.303457 -0.173656 0.545424 -0.819973
0.482778 0.0968925 -0.300135 0.964516 0.262341 -0.0297663
0.405193 -0.0740351 -0.190731 0.255383 -0.955609 -0.146936
0.14726 0.246353 -0.2727 -0.237047 0.910091 0.339917
-0.178511 0.0396192 0.164076 -0.964516 -0.262341 0.0297661
0.260324 -0.0562661 -0.281555 0.0178337 -0.177216 -0.98401
0.166403 -0.22224 -0.0659863 0.263421 -0.948563 0.175607
-0.126981 -0.147659 0.183249 -0.964516 -0.262341 0.0297646
0.387209 0.353605 -0.255553 0.173271 -0.714014 -0.678351
-0.095095 -0.181699 0.248473 -0.264017 0.959152 -0.101598
-0.431876 -0.0826314 -0.0271579 0.0822834 -0.405802 -0.91025
0.315313 -0.0360549 0.209843 0.122139 -0.343396 0.931215
0.162595 -0.213011 -0.0104184 0.263421 -0.948563 0.175607
0.451815 -0.178981 -0.00201385 -0.964516 -0.262341 0.0297662
0.491049 0.0900348 -0.0925815 0.964516 0.262341 -0.0297662
0.417742 0.357392 -0.111622 0.964516 0.262341 -0.0297662
0.0648233 0.240119 0.254336 -0.0178337 0.177216 0.98401
-0.0255385 0.296814 0.242488 -0.0178337 0.177216 0.98401
0.348851 0.309734 -0.251445 -0.185709 0.593959 -0.782767
0.0724558 -0.123063 -0.27293 0.0178337 -0.177216 -0.98401
-0.215948 0.137811 -0.183612 -0.964516 -0.262341 0.0297662
0.183079 0.419186 0.0519326 -0.263421 0.948563 -0.175607
-0.16447 0.067643 -0.311569 0.0178336 -0.177216 -0.98401
0.545247 -0.116684 -0.158282 0.964516 0.262341 -0.0297662
0.171833 -0.21169 -0.0171401 0.263421 -0.948563 0.175607
0.204751 -0.00348928 -0.292067 0.0178337 -0.177216 -0.98401
0.245634 0.201759 0.264522 -0.0178336 0.177216 0.98401
0.249144 0.446889 0.102473 -0.263421 0.948563 -0.175607
0.389656 -0.135306 0.0687074 0.263421 -0.948563 0.175607
0.0855391 -0.236583 -0.0221591 0.263421 -0.948563 0.175607
0.00290202 0.250863 -0.275161 0.226274 -0.76325 0.605186
0.236149 -0.106518 0.274381 0.173656 -0.545424 0.819973
0.429859 0.316933 -0.0755908 0.964516 0.262341 -0.0297662
0.277096 0.429071 -0.0357059 -0.263421 0.948563 -0.175607
0.440636 -0.0166431 0.205097 -0.0309404 0.224272 0.974035
-0.214981 0.318049 0.102744 -0.263421 0.948563 -0.175607
0.0697644 -0.247784 -0.0589997 0.263421 -0.948563 0.175607
0.415563 0.392589 0.127978 0.964516 0.26234 -0.0297644
0.121087 0.0173007 -0.297327 0.0178337 -0.177216 -0.98401
-0.185675 0.0144055 -0.29029 -0.964516 -0.262341 0.0297662
0.537713 -0.0896195 -0.163891 0.964516 0.26234 -0.0297654
-0.499769 -0.0648374 0.0320873 -0.964515 -0.262343 0.0297679
0.385937 -0.172862 -0.128578 0.263421 -0.948563 0.175607
-0.101376 0.0453311 -0.306407 0.0178336 -0.177216 -0.98401
0.545141 -0.227949 -0.114929 0.552691 -0.818386 0.157405
-0.102788 0.181188 -0.243282 -0.232774 0.791731 -0.564781
0.200605 -0.129487 -0.187841 0.262515 -0.964926 0.0020587
0.344341 -0.0549394 0.214615 -0.163126 0.680771 0.714102
0.25068 -0.0359004 0.307415 -0.0178336 0.177216 0.98401
0.114361 -0.0723712 -0.2813 0.0178337 -0.177216 -0.98401
0.00499527 0.00220775 0.296099 -0.0178337 0.177216 0.98401
-0.228652 0.244971 -0.270931 -0.261395 0.932957 -0.247516
0.0426775 0.365826 0.192626 -0.198877 0.796046 0.571628
-0.0829774 0.221334 -0.237465 0.118756 -0.531759 -0.838528
0.440159 0.292647 0.0441286 0.964514 0.262348 -0.0297796
-0.0587643 -0.00553332 0.296338 -0.0178338 0.177216 0.98401
-0.154132 -0.0484571 0.177761 -0.964516 -0.262341 0.0297661
0.449758 -0.211139 0.122568 0.263421 -0.948563 0.175607
0.516185 0.000279506 0.302377 0.0530709 -0.0822002 0.995202
0.497305 -0.164747 0.22923 -0.0178337 0.177216 0.98401
0.174695 -0.230489 -0.12298 0.263421 -0.948563 0.175607
0.0210693 -0.212106 0.206764 0.263421 -0.948563 0.175607
0.417373 -0.1137 0.157209 -0.964516 -0.262342 0.0297664
-0.215948 0.0835748 0.0382741 -0.964516 -0.262341 0.0297675
-0.152684 -0.0458267 0.247866 -0.964516 -0.262341 0.0297659
0.345372 -0.00992732 -0.288359 0.0178337 -0.177216 -0.98401
-0.122225 -0.206091 -0.177618 -0.964516 -0.26234 0.0297617
0.20071 0.394034 -0.110375 -0.263421 0.948563 -0.175607
0.288929 0.409429 0.227413 -0.0499457 0.292 0.955113
-0.232105 0.139596 0.00848219 -0.964516 -0.26234 0.0297652
-0.00780111 -0.169112 0.310832 0.148005 -0.443877 0.88378
-0.0611077 -0.29682 -0.212505 0.225638 -0.877575 -0.423024
-0.215495 0.171641 0.129219 -0.964516 -0.26234 0.0297645
-0.257286 -0.044669 -0.0264282 0.152574 -0.645831 -0.74808
0.342028 -0.0793519 -0.275916 0.0178337 -0.177216 -0.98401
0.252765 -0.0819906 0.219797 -0.192247 0.775101 0.601879
-0.456495 -0.0386256 0.00343766 -0.263594 0.963237 -0.0518822
0.52054 0.00639773 0.125908 0.964516 0.262341 -0.0297662
-0.0221958 -0.222029 0.218064 0.263421 -0.948563 0.175607
0.240642 0.174114 0.26941 -0.0178336 0.177216 0.98401
-0.223881 0.161791 -0.229316 -0.964515 -0.262344 0.0297664
0.134891 0.0392528 -0.301031 0.0178337 -0.177216 -0.98401
0.313676 -0.138135 -0.265463 0.198877 -0.796046 -0.571628
-0.288929 -0.00640285 0.0268343 -0.141644 0.609289 0.780195
0.40422 0.421698 0.0169883 0.964516 0.26234 -0.029766
-0.0304658 0.178591 -0.329122 0.0178337 -0.177216 -0.98401
0.243388 0.274385 -0.341411 0.0178337 -0.177216 -0.98401
-0.135253 0.132559 -0.322731 0.0178336 -0.177216 -0.98401
0.534283 -0.0484705 0.087647 0.964509 0.262365 -0.0297747
-0.187092 0.290813 0.238066 -0.0874459 0.423793 0.901528
0.244858 0.250559 -0.337093 0.0178337 -0.177216 -0.98401
0.366443 0.416039 -0.240121 -0.263421 0.948563 -0.175607
-0.259422 -0.0224052 0.0337899 0.0347159 -0.014252 0.999296
0.456793 -0.195898 0.11525 -0.263421 0.948563 -0.175607
0.406843 0.32748 -0.293361 -0.118754 0.53175 0.838534
0.0417222 -0.259167 -0.0784206 0.263421 -0.948563 0.175607
-0.0834425 -0.285318 -0.0319253 0.263421 -0.948563 0.175607
0.401568 0.394175 -0.311537 0.964517 0.262339 -0.0297686
0.269681 0.445417 0.0637139 -0.263421 0.948563 -0.175607
0.303787 0.140407 0.276625 -0.0178336 0.177216 0.98401
0.366937 0.102213 -0.308164 0.0178337 -0.177216 -0.98401
0.149379 -0.181862 0.177662 0.263421 -0.948563 0.175607
-0.115406 -0.196219 0.130325 -0.964516 -0.262341 0.0297661
0.310976 -0.144152 0.13895 0.263421 -0.948563 0.175607
0.300931 -0.191212 -0.195981 0.198877 -0.796046 -0.571628
-0.179683 0.0035669 -0.191661 -0.964516 -0.262341 0.0297661
0.131447 0.395322 0.00047734 -0.263421 0.948563 -0.175607
0.388183 0.328755 0.244234 -0.0178336 0.177216 0.98401
0.537499 -0.186413 0.124435 0.287009 -0.94184 0.174823
0.355733 0.234821 0.260563 -0.0178336 0.177216 0.98401
0.20723 0.347474 0.17463 -0.203472 0.666729 -0.716988
0.0519641 -0.257046 -0.08233 0.263421 -0.948563 0.175607
0.523254 -0.0421632 -0.192932 0.251728 -0.947738 -0.196025
-0.0240567 -0.254161 0.0472925 0.263421 -0.948563 0.175607
0.108149 -0.108412 0.215702 -0.043972 0.270778 0.961637
0.470138 0.158237 -0.169059 0.964516 0.262341 -0.0297662
0.24972 0.281458 0.250242 -0.0178336 0.177216 0.98401
0.473027 0.192993 0.23087 0.964516 0.262341 -0.0297654
-0.202821 0.331609 0.158126 -0.263779 0.952626 -0.151406
0.529019 -0.0333975 0.0499155 0.964516 0.262341 -0.0297662
0.0342907 0.247989 -0.238487 0.0568942 -0.316609 -0.946848
0.373784 0.0286247 -0.294787 0.0178337 -0.177216 -0.98401
0.452731 0.211176 -0.26654 0.964516 0.262341 -0.0297661
-0.236085 0.257159 -0.194509 -0.263421 0.948563 -0.175607
0.429554 -0.147316 -0.248959 0.16626 -0.691079 -0.703397
0.541842 -0.0824653 0.0329537 0.964516 0.26234 -0.0297661
-0.109796 0.0317832 -0.30412 0.0178336 -0.177216 -0.98401
0.501704 0.0936018 0.284129 0.964516 0.262341 -0.0297662
0.104962 0.253928 0.252577 -0.0178337 0.177216 0.98401
0.0321121 -0.267011 -0.106373 0.263421 -0.948563 0.175607
0.3508 0.181907 0.270003 -0.0178336 0.177216 0.98401
-0.10358 0.245553 -0.293813 -0.173656 0.545424 -0.819973
0.168542 -0.24011 -0.16572 0.263421 -0.948563 0.175606
0.0015637 -0.212252 0.235239 0.263421 -0.948563 0.175607
-0.00907885 -0.286416 -0.149405 0.263421 -0.948563 0.175607
-0.0901705 -0.308385 -0.146432 0.263421 -0.948563 0.175607
-0.218146 0.146989 -0.173933 -0.964516 -0.26234 0.029766
0.167521 -0.185764 -0.249984 0.198877 -0.796046 -0.571628
-0.114433 -0.209672 0.0432845 -0.964516 -0.262341 0.0297661
0.488326 0.100536 -0.0882651 0.964516 0.262341 -0.0297662
-0.119598 -0.188829 0.0596488 -0.964516 -0.262341 0.0297661
-0.193012 0.0983526 0.211817 -0.964516 -0.262341 0.0297662
0.237181 -0.00442955 -0.29131 0.0178337 -0.177216 -0.98401
0.347305 0.456852 0.00903911 -0.263421 0.948563 -0.175607
-0.0697899 0.303226 -0.195125 -0.263421 0.948563 -0.175607
0.443279 -0.104374 -0.213648 -0.141643 0.609285 0.780198
0.0289088 -0.238893 -0.235517 0.964516 0.26234 -0.0297668
-0.381319 -0.0884002 0.0136388 0.259159 -0.919167 0.296596
-0.2344 0.303235 0.221387 -0.176124 0.723294 0.667702
0.023575 0.233617 -0.285067 -0.00468334 0.129722 0.991539
0.45276 -0.0852256 -0.21937 0.0347199 -0.014267 0.999295
0.415975 0.364036 -0.110332 0.964516 0.262341 -0.0297662
0.0796425 -0.189343 -0.207787 0.00847929 0.0819036 0.996604
-0.200233 0.315886 0.0689379 -0.263421 0.948563 -0.175607
0.360998 0.351412 -0.280984 0.252849 -0.885349 0.39016
0.193009 0.238859 -0.335926 0.0178337 -0.177216 -0.98401
-0.161723 -0.0204355 0.178761 -0.964516 -0.262341 0.029766
0.399401 -0.0597545 0.283588 -0.964518 -0.262335 0.0297592
0.0262243 -0.229973 -0.24389 0.964516 0.26234 -0.0297662
0.446585 0.26548 0.0129097 0.964516 0.262341 -0.0297662
0.103463 0.310934 -0.294172 -0.173656 0.545424 -0.819973
-0.00508533 -0.164366 -0.266897 0.0178336 -0.177216 -0.98401
0.454896 0.237895 0.0391131 0.964516 0.26234 -0.0297654
-0.421883 -0.0331852 -0.0121033 -0.244024 0.842728 -0.479857
-0.008743 -0.19766 0.287497 0.227275 -0.767598 0.599282
0.0667145 0.360393 0.208555 -0.198877 0.796046 0.571628
0.156235 -0.195844 0.091849 0.263421 -0.948563 0.175607
0.526848 -0.0784257 0.170159 0.263421 -0.948563 0.175607
-0.492462 -0.0948002 0.00478767 -0.964517 -0.262339 0.0297546
-0.201124 0.0788035 -0.223328 -0.964516 -0.262342 0.0297657
0.273699 -0.116089 -0.205974 0.211606 -0.700674 0.68138
-0.0613039 0.31938 0.221129 -0.198877 0.796046 0.571628
-0.132671 0.209232 -0.236906 0.141647 -0.6093 -0.780185
-0.0110434 0.0603375 0.285339 -0.0178337 0.177216 0.98401
0.329929 0.389934 -0.306284 -0.244531 0.845097 -0.475411
