ply
format ascii 1.0
comment Created by Open3D
element vertex 2096
property double x
property double y
property double z
property double nx
property double ny
property double nz
end_header
-0.136349 -0.114427 0.172592 -0.964516 -0.262341 0.0297655
0.4269 0.310571 -0.227529 0.964516 0.262341 -0.0297662
-0.0684487 0.292208 -0.256648 -0.263421 0.948563 -0.175607
0.222705 0.395735 0.213608 -0.198877 0.796046 0.571628
0.441022 -0.204212 0.173089 0.263421 -0.948563 0.175607
0.442695 0.272103 -0.0547497 0.964516 0.262341 -0.0297662
-0.006592 0.1812 -0.329159 0.0178337 -0.177216 -0.98401
-0.223026 0.287981 -0.0476035 -0.263421 0.948563 -0.175607
0.472464 0.139288 -0.26069 0.964516 0.262341 -0.0297661
0.347371 0.347963 -0.27997 0.256322 -0.903378 0.343814
-0.190197 0.223272 0.252749 -0.0178338 0.177216 0.98401
-0.140832 -0.139009 -0.189322 -0.964516 -0.262341 0.0297661
-0.217784 0.137819 -0.243023 -0.964516 -0.26234 0.029766
0.269197 0.390482 -0.232297 -0.263421 0.948563 -0.175607
0.0135865 -0.221283 0.168422 0.263421 -0.948563 0.175607
-0.36923 -0.0826154 -0.0135588 0.21707 -0.852109 -0.476225
0.4295 -0.0846464 0.264149 0.249122 -0.866936 0.431695
-0.17473 -0.0328574 -0.152299 0.0309421 -0.224278 -0.974034
0.481419 -0.203989 0.113695 0.263421 -0.948563 0.175607
0.00731368 -0.134111 0.265929 -0.0858845 0.205139 -0.974957
0.535907 -0.0507395 0.120259 0.964516 0.26234 -0.0297661
0.330794 -0.0443107 0.256241 -0.0606045 0.110255 -0.992054
0.116731 0.375319 -0.0854959 -0.263421 0.948563 -0.175607
-0.285671 -0.0459636 0.0301702 0.155663 -0.47397 0.866673
0.1522 0.337823 0.238324 -0.0178337 0.177216 0.98401
0.469575 0.208544 0.256058 0.964516 0.262341 -0.0297662
-0.241494 0.232874 -0.173547 -0.964516 -0.262341 0.0297662
0.105198 -0.224434 0.0139747 0.263421 -0.948563 0.175607
-0.110607 -0.197991 0.270218 -0.964516 -0.262341 0.029765
0.315849 -0.144625 0.129087 0.263421 -0.948563 0.175607
0.110319 0.296308 0.245042 -0.0178337 0.177216 0.98401
0.261455 0.103422 0.282519 -0.0178336 0.177216 0.98401
-0.149709 0.208475 -0.271499 0.219212 -0.732869 0.644088
-0.169325 0.0197055 0.286204 -0.964516 -0.262341 0.0297661
0.169042 -0.109922 0.286328 0.173656 -0.545424 0.819973
0.00254433 -0.137055 0.218939 -0.043972 0.270778 0.961637
0.0240479 0.275841 0.247164 -0.0178337 0.177216 0.98401
0.0664355 0.370705 -0.0349702 -0.263421 0.948563 -0.175607
0.0837835 0.311768 0.241776 -0.0178337 0.177216 0.98401
-0.0144972 0.341693 -0.0702793 -0.263421 0.948563 -0.175607
0.491843 0.0919272 -0.0501781 0.964516 0.26234 -0.0297654
0.0960559 -0.0834167 -0.279642 0.0178337 -0.177216 -0.98401
0.132737 0.17286 -0.325132 0.0178337 -0.177216 -0.98401
0.257732 0.412579 -0.0957421 -0.263421 0.948563 -0.175607
0.30306 0.443567 0.00365294 -0.263421 0.948563 -0.175607
-0.229695 0.186403 -0.200785 -0.964516 -0.26234 0.0297661
0.197575 0.399465 -0.0763362 -0.263421 0.948563 -0.175607
-0.13195 -0.133915 0.143383 -0.964516 -0.262341 0.0297655
0.140346 0.107091 0.279663 -0.0178336 0.177216 0.98401
0.231679 0.112334 0.280374 -0.0178336 0.177216 0.98401
0.351977 -0.188647 -0.162901 0.263421 -0.948563 0.175606
0.498235 0.0768654 0.0242156 0.964516 0.262341 -0.0297662
0.183406 0.395709 0.199972 -0.198877 0.796046 0.571628
0.311954 0.144654 0.276008 -0.0178336 0.177216 0.98401
0.0728467 0.227023 -0.272556 -0.224292 0.873625 0.431824
0.370178 -0.0833629 -0.192232 0.262516 -0.964926 0.00206167
0.4521 0.246242 0.0220781 0.964517 0.262338 -0.0297619
0.0325465 0.386251 0.0998393 -0.263421 0.948563 -0.175607
-0.0893264 -0.114276 0.315368 -0.0178337 0.177216 0.98401
0.532058 -0.129644 3.90842e-05 0.964516 0.26234 -0.0297661
-0.204845 0.100279 -0.154614 -0.964516 -0.26234 0.0297662
0.454693 0.227785 -0.0565664 0.964516 0.262341 -0.0297662
0.34075 0.270044 0.253948 -0.0178336 0.177216 0.98401
-0.21996 0.181611 0.0724182 -0.964516 -0.262341 0.0297662
0.306728 -0.187481 -0.0887239 0.263421 -0.948563 0.175607
0.410443 -0.157501 -0.2201 -0.964513 -0.262354 0.0297604
0.259723 0.39391 -0.199571 -0.263421 0.948563 -0.175607
0.19071 0.259872 -0.254136 -0.244025 0.842732 -0.479848
-0.0683572 -0.143981 0.220674 0.0858867 -0.205147 0.974955
0.361877 0.403808 -0.295327 -0.259257 0.919735 -0.294745
-0.192729 0.256634 -0.262377 -0.263421 0.948563 -0.175607
0.0521626 -0.22504 0.0902593 0.263421 -0.948563 0.175607
-0.102933 -0.250137 0.0592841 -0.964516 -0.262341 0.0297661
-0.1332 -0.152226 -0.0585134 -0.964516 -0.262341 0.0297666
-0.201654 0.0425617 0.139984 -0.964516 -0.26234 0.0297661
0.214807 0.304283 -0.322177 -0.173656 0.545424 -0.819973
0.243596 0.301813 0.246466 -0.0178336 0.177216 0.98401
0.0107361 0.361564 0.187448 -0.198877 0.796046 0.571628
-0.197595 0.0732027 -0.158315 -0.964516 -0.26234 0.0297665
-0.0617762 -0.23392 -0.255398 0.0178337 -0.177216 -0.98401
0.51697 -0.213649 0.00818811 0.263421 -0.948563 0.175607
0.149268 -0.0871151 0.213588 0.0606018 -0.110245 0.992055
0.38521 0.298451 -0.343175 0.0178337 -0.177216 -0.98401
0.383114 -0.122377 -0.263249 0.198877 -0.796046 -0.571628
-0.0376482 -0.276337 -0.232629 0.16626 -0.691078 -0.703398
-0.104007 0.201615 -0.281307 0.0216226 0.033875 0.999192
0.178544 0.281042 0.249027 -0.0178337 0.177216 0.98401
-0.0426614 0.0512478 0.286403 -0.0178338 0.177216 0.98401
0.339427 0.421325 0.138592 0.232773 -0.791726 0.564789
-0.0588647 0.239837 -0.307086 -0.173656 0.545424 -0.819973
0.228956 0.143653 0.274684 -0.0178336 0.177216 0.98401
-0.192174 -0.0154743 -0.0353584 0.0696761 -0.361657 -0.929704
0.526381 -0.100095 0.0765051 0.964516 0.26234 -0.0297661
0.5044 0.06157 0.0891845 0.964516 0.262341 -0.0297662
0.127187 0.0607427 -0.305041 0.0178337 -0.177216 -0.98401
0.406877 0.424206 0.125172 0.964516 0.262341 -0.0297662
-0.109373 -0.0395027 0.301538 -0.0178337 0.177216 0.98401
0.161333 0.359574 0.134918 0.0982277 -0.251904 0.962754
-0.185569 0.316159 0.0484126 -0.263421 0.948563 -0.175607
0.390977 -0.127374 0.109574 0.263421 -0.948563 0.175607
0.356943 0.276032 -0.339649 0.0178337 -0.177216 -0.98401
0.401027 0.430818 -0.00612833 0.964516 0.262341 -0.0297661
0.538699 -0.0892064 -0.128287 0.964516 0.262341 -0.0297662
0.157833 0.0297505 0.293909 -0.0178336 0.177216 0.98401
0.378808 0.372557 -0.338414 -0.158556 0.485386 -0.859803
0.235159 -0.217786 -0.145062 0.263421 -0.948563 0.175607
0.52744 -0.196504 0.0850927 0.263421 -0.948563 0.175607
-0.176231 0.0295231 0.148973 -0.964516 -0.262341 0.0297661
0.439699 -0.047015 -0.27997 0.0178337 -0.177216 -0.98401
-0.104835 -0.227119 0.200523 -0.964516 -0.262341 0.0297653
0.486754 0.146406 0.265078 0.964516 0.262341 -0.0297662
0.0376208 -0.257361 -0.0625126 0.263421 -0.948563 0.175607
0.179787 0.429037 0.110083 -0.263421 0.948563 -0.175607
-0.116656 -0.185017 0.188555 -0.964516 -0.262341 0.0297654
0.465501 0.182407 -0.106284 0.964516 0.262341 -0.0297662
0.0732377 -0.257494 -0.182896 0.198877 -0.796046 -0.571628
0.534045 -0.128568 0.0738959 0.964516 0.26234 -0.0297661
-0.124048 0.12022 0.272507 -0.0178338 0.177216 0.98401
0.117099 0.350531 -0.21994 -0.263421 0.948563 -0.175607
0.191208 0.33539 0.16015 -0.264017 0.959153 -0.101588
-0.0342393 0.131226 -0.32066 0.0178337 -0.177216 -0.98401
-0.160995 0.123322 -0.321534 0.0178336 -0.177216 -0.98401
0.444105 -0.0558028 0.291342 0.178485 -0.564798 0.805696
0.546955 -0.173583 0.0954972 0.964516 0.26234 -0.0297661
0.312863 0.183693 -0.323818 0.0178337 -0.177216 -0.98401
0.507025 0.0347192 -0.0624307 0.964516 0.262341 -0.0297662
-0.0807739 -0.226317 -0.154788 0.0178332 -0.177215 -0.984011
-0.059872 -0.222403 0.268379 0.259257 -0.919737 0.294738
0.234438 -0.129649 -0.268808 0.0178337 -0.177216 -0.98401
0.283258 0.332227 -0.26805 0.260784 -0.964215 -0.0477665
-0.180664 0.00332453 -0.225574 -0.964516 -0.262341 0.0297661
0.50116 0.0489218 -0.127287 0.964516 0.262341 -0.0297662
-0.216155 0.0645887 -0.135756 -0.964516 -0.262341 0.0297659
0.347702 0.032444 -0.295948 0.0178337 -0.177216 -0.98401
0.17454 0.265499 -0.339447 -0.173656 0.545424 -0.819973
0.47276 0.0752598 -0.301392 0.0178337 -0.177216 -0.98401
0.122401 0.398972 0.0337652 -0.263421 0.948563 -0.175607
0.419581 -0.138447 0.223085 -0.0178338 0.177216 0.98401
0.457519 -0.163197 -0.184168 0.263779 -0.952627 0.151403
0.053511 -0.215092 0.14197 0.263421 -0.948563 0.175607
0.338466 -0.134161 -0.262372 0.198877 -0.796046 -0.571628
0.207783 0.384211 0.14103 0.219211 -0.732865 0.644093
0.332001 0.444499 -0.0347272 -0.263421 0.948563 -0.175607
-0.447449 -0.0991713 -0.0178043 0.182985 -0.745481 -0.640917
0.493982 -0.0747934 -0.273983 0.0178337 -0.177216 -0.98401
0.283474 0.406081 -0.169454 -0.263421 0.948563 -0.175607
0.180798 -0.201802 -0.223031 0.198877 -0.796046 -0.571628
0.44535 -0.154567 0.00366948 -0.964516 -0.262341 0.0297662
-0.108142 -0.227762 0.0877095 -0.964516 -0.262341 0.0297661
0.195768 0.375917 -0.200823 -0.263421 0.948563 -0.175607
0.21118 -0.171858 0.138995 0.263421 -0.948563 0.175607
-0.103644 -0.260611 -0.0560383 -0.964516 -0.262341 0.0297661
0.439626 0.2469 -0.332904 0.0178337 -0.177216 -0.98401
-0.196109 0.116324 0.269861 -0.964516 -0.262341 0.0297661
0.376308 -0.00528629 0.239993 0.230956 -0.892966 -0.386356
0.23166 0.369592 0.234042 -0.0178337 0.177216 0.98401
0.52161 0.00625571 0.159324 0.964516 0.262341 -0.0297662
-0.461729 -0.0401136 0.00765113 -0.258406 0.961108 0.097461
-0.158474 0.181162 -0.331478 -0.014547 -0.0597655 -0.998106
0.448237 0.229866 -0.247433 0.964516 0.262338 -0.0297777
0.191468 0.404935 -0.0376306 -0.263421 0.948563 -0.175607
0.445164 -0.137623 0.146971 -0.964516 -0.26234 0.029766
0.0907957 -0.130452 0.246082 -0.261352 0.932671 -0.248635
0.312906 -0.0542308 0.292904 0.173656 -0.545424 0.819973
0.495841 0.0927368 0.0865147 0.964516 0.262341 -0.0297662
0.522823 -0.0160941 0.0016336 0.964516 0.262341 -0.0297662
0.495414 -0.00981386 0.302412 0.0781665 -0.176047 0.981273
-0.072261 0.0367884 0.288471 -0.0178338 0.177216 0.98401
-0.239296 -0.0376752 0.0259662 0.185708 -0.593953 0.782772
0.320376 0.145689 -0.316838 0.0178337 -0.177216 -0.98401
0.465463 0.17525 -0.170614 0.964516 0.262341 -0.0297662
-0.357854 -0.0715232 0.028352 0.194832 -0.631125 0.750814
0.270149 0.287618 -0.287277 -0.141647 0.609298 0.780187
0.486144 0.109527 -0.0797321 0.964516 0.262341 -0.0297662
0.0556956 0.377234 0.0164051 -0.263421 0.948563 -0.175607
0.167974 0.366913 -0.20777 -0.263421 0.948563 -0.175607
0.0205904 0.367115 0.0144073 -0.263421 0.948563 -0.175607
0.144025 0.357761 -0.221276 -0.263421 0.948563 -0.175607
0.130515 0.341857 0.134992 0.00848225 0.0818928 0.996605
-0.0359624 0.201737 -0.275431 -0.173265 0.713993 0.678376
-0.040045 -0.119274 0.254409 0.224292 -0.873624 -0.431826
0.0126187 0.25381 -0.24643 0.192248 -0.775105 -0.601875
0.452619 0.135592 -0.312623 0.0178337 -0.177216 -0.98401
0.261541 0.0135323 0.298709 -0.0178336 0.177216 0.98401
-0.0670012 -0.290311 -0.0835601 0.263421 -0.948563 0.175607
0.422065 0.377227 0.203249 0.964516 0.262341 -0.0297662
0.098135 -0.135742 0.28417 0.173656 -0.545424 0.819973
0.529627 -0.108384 0.108643 0.964516 0.26234 -0.0297661
0.308061 -0.0227936 0.226097 0.261352 -0.932667 0.248652
-0.32917 -0.0668435 -0.0216232 0.17327 -0.714011 -0.678355
0.530326 -0.21434 -0.0155806 0.263421 -0.948563 0.175607
0.43939 -0.0744479 -0.275035 0.0178337 -0.177216 -0.98401
0.401134 -0.0661639 0.283278 -0.964515 -0.262344 0.0297716
0.0265081 -0.247311 0.00844494 0.263421 -0.948563 0.175607
-0.0985769 -0.237079 0.251347 0.263421 -0.948563 0.175607
-0.0602782 0.253615 0.249639 -0.0178337 0.177216 0.98401
0.188547 0.409848 -0.00670847 -0.263421 0.948563 -0.175607
0.0783107 0.387492 0.0378945 -0.263421 0.948563 -0.175607
0.45804 0.243043 0.186365 0.964516 0.262344 -0.0297543
-0.10403 0.284598 0.142485 0.073337 -0.157899 0.984728
-0.0842634 -0.262512 -0.24881 0.0751157 -0.38074 -0.921626
-0.127768 0.260586 0.188057 -0.155664 0.473977 -0.866669
-0.12439 -0.152338 0.224889 0.155662 -0.473968 0.866674
-0.332693 -0.0384725 0.0359662 0.00848302 0.08189 0.996605
0.337496 0.00447856 -0.291096 0.0178337 -0.177216 -0.98401
0.110772 0.232111 0.256611 -0.0178337 0.177216 0.98401
-0.176024 0.266345 -0.23498 -0.263421 0.948563 -0.175607
0.445029 0.274071 0.0382069 0.964519 0.262332 -0.0297518
-0.075572 -0.119127 -0.276321 0.0178337 -0.177216 -0.98401
0.15266 -0.0285321 -0.288501 0.0178337 -0.177216 -0.98401
-0.132398 -0.121983 0.23401 -0.964516 -0.262343 0.0297592
-0.124303 0.288443 -0.193201 -0.263421 0.948563 -0.175607
0.0813149 0.315232 0.141529 -0.141643 0.609287 0.780197
-0.205221 0.283557 -0.0982134 -0.263421 0.948563 -0.175607
0.374705 -0.141259 0.0589825 0.263421 -0.948563 0.175607
0.222787 0.104399 -0.31117 0.0178337 -0.177216 -0.98401
0.367373 0.4054 0.127773 -0.00468334 0.129722 0.991539
0.208084 -0.0618414 0.256979 0.106857 -0.49097 -0.864598
0.23248 -0.212616 -0.113117 0.263421 -0.948563 0.175607
0.0589586 -0.238666 0.00646389 0.263421 -0.948563 0.175607
-0.0640449 0.323898 -0.0920787 -0.263421 0.948563 -0.175607
-0.122035 -0.00711631 0.295476 -0.0178337 0.177216 0.98401
0.437055 0.118438 0.282997 -0.0178337 0.177216 0.98401
0.406216 -0.101356 -0.169429 -0.0606045 0.110255 -0.992054
-0.365904 -0.0146685 -0.00478931 -0.262894 0.94385 -0.200082
0.159991 -0.190895 -0.185994 -0.262515 0.964926 -0.00205873
-0.149453 -0.0608639 0.220044 -0.964516 -0.262341 0.0297662
0.372344 0.156229 0.275018 -0.0178336 0.177216 0.98401
0.201654 -0.143264 -0.165589 0.0946865 -0.448939 -0.888532
0.401209 0.437304 0.0569587 0.964516 0.262341 -0.0297661
-0.140769 -0.128486 -0.0945644 -0.964516 -0.262341 0.0297669
-0.0975063 0.354254 0.122091 -0.263421 0.948563 -0.175607
0.175263 0.310944 0.243583 -0.0178337 0.177216 0.98401
-0.132357 -0.116916 0.279995 -0.964516 -0.262341 0.0297661
0.213233 -0.156661 0.218003 0.263421 -0.948563 0.175607
0.342023 0.465198 0.197444 -0.194556 0.782423 0.591575
0.185773 -0.222107 -0.193022 0.198877 -0.796046 -0.571628
0.10491 0.165665 0.268472 -0.0178337 0.177216 0.98401
0.466291 -0.0825679 0.238624 0.263421 -0.948563 0.175607
-0.221646 0.266309 0.153103 0.211602 -0.700656 0.6814
0.423409 -0.157962 0.196001 -0.964516 -0.26234 0.0297663
0.498229 0.0460899 -0.247228 0.964516 0.262341 -0.0297661
0.262559 -0.192812 -0.0512635 0.263421 -0.948563 0.175607
-0.234551 0.240538 0.118958 -0.964516 -0.26234 0.0297661
0.532849 -0.0699378 -0.148022 0.964516 0.26234 -0.0297654
-0.371509 -0.0357438 0.033662 -0.0946861 0.448937 0.888532
-0.0402087 0.341365 -0.0334827 -0.263421 0.948563 -0.175607
-0.146577 -0.0789096 0.154197 -0.964516 -0.262341 0.0297657
0.355287 0.0169562 0.299791 -0.0178336 0.177216 0.98401
0.216809 -0.148968 -0.212078 0.0477175 -0.0623237 0.996915
0.326478 -0.110439 -0.168931 0.0822833 -0.405801 -0.91025
-0.141607 -0.104333 -0.280183 0.0178337 -0.177216 -0.98401
0.263715 0.441485 0.0514254 -0.263421 0.948563 -0.175607
0.2707 0.310779 0.245342 -0.0178336 0.177216 0.98401
0.345152 0.404514 -0.270437 -0.263421 0.948563 -0.175607
0.324227 0.179944 0.269875 -0.0178336 0.177216 0.98401
0.475421 0.111996 -0.30796 0.0178337 -0.177216 -0.98401
-0.0283391 0.349683 -0.00635478 -0.263421 0.948563 -0.175607
0.117031 0.403182 0.0645627 -0.263421 0.948563 -0.175607
0.183836 -0.181808 0.126265 0.263421 -0.948563 0.175607
-0.160586 -0.131806 -0.0660508 -0.964516 -0.26234 0.0297658
0.157896 -0.218794 -0.0346077 0.263421 -0.948563 0.175607
0.38259 0.430875 0.134681 0.211606 -0.700673 0.681381
-0.193671 -0.0129388 -0.0904935 -0.964516 -0.262341 0.0297662
0.12168 -0.180276 0.227778 0.263421 -0.948563 0.175607
0.347104 0.341224 -0.252927 0.15257 -0.645818 -0.748092
-0.222853 0.159796 -0.213595 -0.964514 -0.262349 0.029767
0.46327 -0.184846 -0.148861 0.0178337 -0.177216 -0.98401
-0.0230535 0.227729 0.254975 -0.0178337 0.177216 0.98401
-0.482839 -0.0581888 0.0320424 -0.152574 0.64583 0.748081
-0.200177 0.0310588 0.0864644 -0.964516 -0.262342 0.0297665
0.514704 0.0191347 0.0490541 0.964516 0.262341 -0.0297662
0.545431 -0.122146 -0.200457 0.964516 0.26234 -0.0297669
0.155811 0.373038 0.169648 0.217072 -0.852115 -0.476214
-0.22044 0.0238883 -0.0130106 -0.259159 0.919165 -0.296601
0.224963 0.426135 0.0266421 -0.263421 0.948563 -0.175607
0.42385 0.353618 0.0530307 0.964516 0.262341 -0.0297662
0.122529 0.358686 0.177305 0.152574 -0.645832 -0.748079
0.405254 0.40636 -0.0846964 0.964516 0.26234 -0.029766
0.0625326 0.217596 -0.334461 0.0178337 -0.177216 -0.98401
-0.108196 -0.218546 0.167197 -0.964516 -0.262341 0.0297661
-0.168253 0.0506027 -0.308569 0.0178336 -0.177216 -0.98401
-0.12048 -0.183696 0.0763051 -0.964516 -0.262341 0.0297661
0.147978 -0.208197 0.0375094 0.263421 -0.948563 0.175607
-0.130159 0.157752 -0.327175 0.0178336 -0.177216 -0.98401
0.460601 0.208467 -0.035381 0.964516 0.262341 -0.0297662
0.548563 -0.206272 -0.140514 0.964516 0.26234 -0.0297661
-0.104311 -0.274243 -0.1978 -0.964516 -0.26234 0.0297648
0.226539 0.328079 -0.308833 -0.173656 0.545424 -0.819973
-0.135846 0.323801 0.0151062 -0.263421 0.948563 -0.175607
-0.0944682 0.0496277 -0.307056 0.0178336 -0.177216 -0.98401
-0.229162 0.316157 0.113794 -0.263421 0.948563 -0.175607
0.529775 -0.130746 -0.0836476 0.964516 0.26234 -0.0297661
0.125673 -0.0492323 -0.285262 0.0178337 -0.177216 -0.98401
0.519182 0.0106877 0.119717 0.964516 0.262341 -0.0297662
0.472153 0.0097743 0.303161 -0.0113638 0.153885 0.988023
0.0230008 -0.214781 -0.203185 -0.0946828 0.448926 0.888539
0.469149 0.0385037 -0.294838 0.0178337 -0.177216 -0.98401
0.358443 -0.0565702 -0.279722 0.0178337 -0.177216 -0.98401
-0.102099 -0.245233 0.129532 -0.964518 -0.262334 0.0297661
0.136801 -0.192883 0.136997 0.263421 -0.948563 0.175607
0.139841 -0.181827 -0.207364 -0.0822802 0.405791 0.910255
-0.123694 0.29322 0.183451 0.173264 -0.713991 -0.678378
0.448597 0.271119 0.127829 0.964516 0.262341 -0.0297662
0.391795 0.432496 -0.189261 -0.263421 0.948563 -0.175607
0.526314 -0.0659853 0.238158 0.263421 -0.948563 0.175607
-0.12439 -0.157363 0.181663 -0.964516 -0.26234 0.029767
-0.0356772 -0.1461 0.319716 0.0530688 -0.0821927 0.995203
0.520382 -0.00378425 0.0310354 0.964516 0.262341 -0.0297662
0.320808 0.402036 -0.247307 -0.263421 0.948563 -0.175607
-0.168731 0.130721 0.269806 -0.0178337 0.177216 0.98401
0.279393 -0.167263 0.0614908 0.263421 -0.948563 0.175607
-0.0532516 0.184093 0.262287 -0.0178337 0.177216 0.98401
0.467141 -0.0141556 0.250154 -0.133658 0.38793 -0.911946
0.475076 0.156559 -0.0238509 0.964517 0.262338 -0.0297612
0.537737 -0.161559 -0.0972342 0.964516 0.26234 -0.0297661
0.541054 -0.154453 0.0728854 0.964516 0.26234 -0.0297661
0.337586 -0.189784 -0.185218 0.198877 -0.796046 -0.571628
0.262275 -0.0231603 -0.287482 0.0178337 -0.177216 -0.98401
0.533282 -0.059048 -0.0380133 0.964516 0.262341 -0.0297662
0.245188 0.177247 0.268928 -0.0178336 0.177216 0.98401
-0.0880574 -0.266525 0.0765133 0.263421 -0.948563 0.175607
0.176165 -0.208116 -0.00433191 0.263421 -0.948563 0.175607
0.204697 -0.223726 -0.131453 0.263421 -0.948563 0.175607
-0.0243713 -0.0975891 -0.279272 0.0178336 -0.177216 -0.98401
0.309902 0.329047 -0.344948 -0.0781664 0.176046 -0.981274
-0.271995 -0.0599017 0.00526952 0.263784 -0.952686 0.151021
-0.124766 0.256498 -0.306191 -0.22041 0.737989 -0.637802
-0.112835 -0.1294 -0.275147 0.0178337 -0.177216 -0.98401
-0.121424 0.272338 -0.280462 -0.259257 0.919735 -0.294742
-0.102369 -0.261144 -0.0194428 -0.964516 -0.262341 0.0297661
0.481879 0.13365 -0.0053225 0.964516 0.262341 -0.0297662
-0.451809 -0.0505981 -0.0221107 -0.185708 0.593953 -0.782772
-0.00533085 0.119437 -0.318013 0.0178337 -0.177216 -0.98401
0.331994 0.32029 0.24474 -0.0178336 0.177216 0.98401
0.462944 0.17762 -0.23133 0.964516 0.262343 -0.0297564
0.238332 0.23059 0.259197 -0.0178336 0.177216 0.98401
0.424643 0.358531 0.12202 0.964516 0.262341 -0.0297662
0.382032 0.345197 -0.347703 -0.065697 0.129276 -0.98943
-0.192411 0.00849923 0.139277 -0.964516 -0.26234 0.029766
0.360878 -0.142304 -0.243235 0.198877 -0.796046 -0.571628
0.281236 0.425774 -0.059722 -0.263421 0.948563 -0.175607
-0.167605 -0.0917657 0.0594214 -0.964516 -0.26234 0.0297676
0.266135 -0.18246 -0.220276 0.198877 -0.796046 -0.571628
-0.0545315 0.311235 -0.174751 -0.263421 0.948563 -0.175607
-0.061615 -0.0920401 0.311865 -0.0178337 0.177216 0.98401
0.376356 0.100421 0.285141 -0.0178336 0.177216 0.98401
0.212596 0.172745 0.269148 -0.0178336 0.177216 0.98401
0.0789471 -0.198449 0.193716 0.263421 -0.948563 0.175607
-0.247892 0.31206 0.203975 -0.225637 0.877573 0.423029
0.238764 -0.19616 -0.0336534 0.263421 -0.948563 0.175607
0.153444 -0.0639337 0.238184 0.260785 -0.964215 -0.0477449
0.0374394 -0.238103 0.0417855 0.263421 -0.948563 0.175607
-0.202832 0.0820549 -0.250003 -0.964516 -0.262341 0.0297658
0.213651 0.369782 -0.260789 -0.263421 0.948563 -0.175607
-0.176404 -0.0682451 -0.0184247 -0.964516 -0.262341 0.0297663
0.281952 -0.0402102 0.213283 0.1661 -0.515283 0.84077
-0.130283 0.310397 -0.0656429 -0.263421 0.948563 -0.175607
-0.0845751 0.260813 0.171234 -0.262894 0.94385 -0.200085
0.488015 -0.095259 -0.179791 -0.211605 0.700668 -0.681386
0.319286 0.250361 -0.335709 0.0178337 -0.177216 -0.98401
0.156953 -0.162532 0.253893 0.173656 -0.545424 0.819973
0.287123 -0.197978 -0.116017 0.263421 -0.948563 0.175607
0.0391419 0.367213 -0.0128909 -0.263421 0.948563 -0.175607
-0.0116415 -0.287565 -0.151766 0.263421 -0.948563 0.175607
0.508361 -0.194403 0.12506 0.263421 -0.948563 0.175607
0.414765 0.344336 -0.323152 0.964516 0.262342 -0.029766
0.419008 0.376781 0.100268 0.964518 0.262334 -0.0297547
0.41703 0.398861 0.230772 0.964516 0.262341 -0.0297662
0.133515 -0.222598 -0.0185835 0.263421 -0.948563 0.175607
0.127009 0.0106448 -0.296021 0.0178337 -0.177216 -0.98401
-0.240867 0.221124 -0.256781 -0.964516 -0.262341 0.0297662
-0.403304 -0.0487842 0.0363904 -0.0568951 0.316612 0.946847
0.341575 -0.103023 0.254378 0.173656 -0.545424 0.819973
0.202646 -0.177112 -0.177263 -0.252848 0.885348 -0.390162
-0.153022 0.313786 -0.0132275 -0.263421 0.948563 -0.175607
-0.108012 0.304019 -0.133502 -0.263421 0.948563 -0.175607
0.454161 0.24294 0.0597688 0.964516 0.262341 -0.0297662
0.232814 0.333313 0.240597 -0.0178337 0.177216 0.98401
-0.220238 0.160276 -0.124619 -0.964516 -0.26234 0.029766
-0.00464067 -0.278481 -0.219524 0.211113 -0.834015 -0.509756
0.112287 0.415436 0.137872 -0.263421 0.948563 -0.175607
0.440698 -0.228778 0.0408772 0.263421 -0.948563 0.175607
0.234584 -0.221385 -0.177047 0.198877 -0.796046 -0.571628
0.179918 -0.0630273 0.252737 0.173266 -0.713998 -0.67837
0.0739292 0.406031 0.144607 -0.263421 0.948563 -0.175607
0.163909 0.275824 -0.289559 0.0477144 -0.0623122 0.996916
0.357692 0.42729 0.225549 -0.0499451 0.291998 0.955114
0.373926 0.328995 -0.247554 -0.0606013 0.110243 -0.992055
0.494054 -0.114937 0.2202 -0.0178337 0.177216 0.98401
-0.181592 0.250056 0.14619 -0.0696778 0.361663 0.929701
0.131717 0.326826 0.176859 -0.203472 0.666729 -0.716988
-0.197913 0.0186383 0.0503631 -0.964516 -0.262342 0.0297665
0.0842415 -0.151914 -0.26752 0.0178337 -0.177216 -0.98401
0.505556 -0.0590407 -0.217797 0.155662 -0.473968 0.866674
-0.0110441 0.213664 -0.280367 -0.118754 0.53175 0.838534
0.462836 0.208554 0.0377987 0.964516 0.262341 -0.0297662
0.262822 0.010339 -0.293505 0.0178337 -0.177216 -0.98401
-0.181902 0.00252724 -0.272708 -0.964516 -0.262341 0.0297661
-0.204384 0.139885 0.20937 -0.964516 -0.262341 0.0297662
0.314984 0.468751 0.1218 -0.263421 0.948563 -0.175607
-0.249797 0.273774 -0.0821315 -0.964516 -0.262341 0.0297662
0.37193 0.43059 -0.169755 -0.263421 0.948563 -0.175607
0.289415 0.45682 0.0957072 -0.263421 0.948563 -0.175607
-0.146318 0.225198 0.253197 -0.0178338 0.177216 0.98401
-0.172604 0.28442 -0.142477 -0.263421 0.948563 -0.175607
0.267265 0.439158 0.206475 -0.176123 0.72329 0.667707
-0.13177 -0.162266 -0.100672 -0.964516 -0.26234 0.0297653
0.213225 -0.203569 -0.0353642 0.263421 -0.948563 0.175607
0.35336 0.0778281 0.288794 -0.0178336 0.177216 0.98401
-0.107074 0.153727 0.26678 -0.0178338 0.177216 0.98401
0.515856 -0.0217252 -0.273718 0.964516 0.26234 -0.0297741
0.331331 0.450699 -0.000231552 -0.263421 0.948563 -0.175607
0.409315 0.425172 0.212696 0.964516 0.262341 -0.0297662
0.310183 0.435377 -0.0512751 -0.263421 0.948563 -0.175607
-0.135659 0.295971 -0.135503 -0.263421 0.948563 -0.175607
-0.151062 0.258828 0.247054 -0.0178338 0.177216 0.98401
0.266327 0.361463 -0.316081 -0.964515 -0.262343 0.0297725
0.0882278 -0.0138677 -0.29231 0.0178337 -0.177216 -0.98401
0.022348 -0.280246 -0.163221 0.263421 -0.948563 0.175607
-0.178915 -0.0720495 -0.133296 -0.964516 -0.262341 0.0297661
-0.245144 0.276467 0.0923834 -0.964516 -0.26234 0.0297661
-0.0434625 -0.14935 0.267169 -0.0982263 0.251899 -0.962756
0.346009 -0.0999043 -0.211269 0.185708 -0.593953 0.782772
-0.212472 0.158553 0.111843 -0.964516 -0.262341 0.0297672
0.440038 -0.256791 -0.136195 -0.964516 -0.262341 0.0297664
-0.136841 -0.146555 -0.126526 -0.964516 -0.262341 0.0297674
0.0613088 0.332132 -0.235638 -0.263421 0.948563 -0.175607
-0.126476 -0.185013 -0.129611 -0.964516 -0.262341 0.0297669
-0.231203 0.188442 -0.231697 -0.964517 -0.262336 0.0297645
0.361574 0.207773 -0.327272 0.0178337 -0.177216 -0.98401
0.521614 -0.176236 -0.149354 0.0178337 -0.177216 -0.98401
0.190229 -0.0884333 0.296135 0.173656 -0.545424 0.819973
-0.125643 -0.19948 -0.230134 -0.964516 -0.262341 0.0297662
0.142344 -0.184581 0.173525 0.263421 -0.948563 0.175607
-0.10638 0.356977 0.150106 -0.263421 0.948563 -0.175607
0.547476 -0.111265 -0.038284 0.964516 0.26234 -0.0297661
0.490068 -0.0395003 -0.28041 0.0178337 -0.177216 -0.98401
0.464532 0.168651 -0.258948 0.964516 0.262341 -0.0297661
0.0813972 -0.203617 0.162124 0.263421 -0.948563 0.175607
-0.245102 0.282305 0.145202 -0.964516 -0.262341 0.0297656
-0.0506692 0.182989 -0.33028 0.0178337 -0.177216 -0.98401
0.446552 0.0281518 0.299429 -0.0178337 0.177216 0.98401
-0.109917 -0.24459 -0.118112 -0.964515 -0.262343 0.0297661
0.442171 -0.210618 0.136761 0.263421 -0.948563 0.175607
0.0685102 0.352257 -0.137731 -0.263421 0.948563 -0.175607
-0.0491603 0.271434 0.173379 -0.256322 0.90338 -0.343807
0.338667 0.100449 -0.308359 0.0178337 -0.177216 -0.98401
0.321088 0.423624 -0.131116 -0.263421 0.948563 -0.175607
-0.168193 -0.102921 -0.0579724 -0.964516 -0.26234 0.0297656
-0.152845 0.282768 0.186657 0.141644 -0.609291 -0.780193
-0.117088 -0.171418 0.294415 -0.964516 -0.262339 0.0297664
0.00493999 0.0151804 -0.29905 0.0178337 -0.177216 -0.98401
0.0975481 0.358384 -0.148196 -0.263421 0.948563 -0.175607
-0.0632269 0.146034 -0.323852 0.0178337 -0.177216 -0.98401
0.0634324 0.283585 0.246483 -0.0178337 0.177216 0.98401
0.530048 -0.202981 0.0461946 0.263421 -0.948563 0.175607
0.203423 -0.140077 -0.267492 0.0178337 -0.177216 -0.98401
0.0550084 0.255517 0.251385 -0.0178337 0.177216 0.98401
0.39022 0.210017 -0.327157 0.0178337 -0.177216 -0.98401
0.290597 0.148119 -0.317815 0.0178337 -0.177216 -0.98401
0.19132 -0.112804 -0.272623 0.0178337 -0.177216 -0.98401
0.422084 0.336288 -0.156932 0.964516 0.262341 -0.0297662
-0.205035 0.0348976 -0.0371167 -0.964516 -0.26234 0.0297661
0.460629 0.228991 0.146415 0.964516 0.262341 -0.0297662
-0.189513 -0.013872 0.0360192 -0.964516 -0.262342 0.0297656
0.137506 -0.076712 0.312714 -0.0178336 0.177216 0.98401
-0.144359 -0.133086 -0.251405 -0.964516 -0.262341 0.0297662
0.422927 -0.160615 0.156987 -0.964516 -0.262341 0.0297659
0.547518 -0.187645 0.0673963 0.955814 -0.28581 0.0687959
-0.133368 -0.14096 0.0353208 -0.964516 -0.26234 0.0297659
0.470553 -0.0960451 -0.270559 0.0242928 -0.200441 -0.979404
0.278151 -0.205847 -0.183527 0.198877 -0.796046 -0.571628
-0.17756 0.284452 0.162248 0.261352 -0.932668 0.248649
0.18602 0.436452 0.140784 -0.263421 0.948563 -0.175607
-0.205193 0.148408 0.258293 -0.964516 -0.262341 0.0297661
0.314181 -0.0268093 -0.285884 0.0178337 -0.177216 -0.98401
0.0344691 0.309439 0.185168 -0.110318 0.298009 -0.948167
0.429885 0.313958 -0.100947 0.964516 0.262341 -0.0297662
-0.117342 -0.219666 -0.139048 -0.964515 -0.262343 0.0297672
0.245862 -0.0569622 0.258047 0.0439751 -0.270788 -0.961634
0.307001 0.452174 0.0442303 -0.263421 0.948563 -0.175607
-0.152835 0.174189 -0.275412 -0.130357 0.571217 0.810381
0.203201 0.303561 0.245419 -0.0178337 0.177216 0.98401
0.418963 -0.179786 -0.140436 -0.964516 -0.262341 0.0297663
-0.0928328 -0.304144 -0.213941 0.21864 -0.856829 -0.466948
-0.162082 0.265979 -0.257873 -0.263421 0.948563 -0.175607
0.394678 0.438019 -0.148369 0.964516 0.262341 -0.0297661
-0.158115 -0.015739 0.296375 -0.0178337 0.177216 0.98401
0.299782 -0.142932 -0.170869 -0.185709 0.593958 -0.782768
-0.0894125 -0.159606 0.321418 0.0403154 -0.0349207 0.998577
0.427107 0.320575 -0.13265 0.964516 0.262341 -0.0297662
0.497283 0.0926535 0.132503 0.964516 0.262341 -0.0297662
-0.0140737 -0.21409 -0.204943 0.0216255 0.0338642 0.999192
0.49387 0.0573257 -0.289436 0.964516 0.262341 -0.0297663
-0.0693451 0.307696 0.182097 0.173266 -0.713998 -0.67837
0.448677 0.0196299 -0.29181 0.0178337 -0.177216 -0.98401
0.398434 0.45346 0.10943 0.964516 0.262341 -0.0297661
-0.20719 0.198855 -0.253505 0.262515 -0.964926 0.00205865
-0.0744242 -0.175161 -0.266209 0.0178337 -0.177216 -0.98401
-0.129362 0.208672 -0.236004 0.118756 -0.531759 -0.838528
-0.0267781 0.34536 0.196963 -0.198877 0.796046 0.571628
0.032388 0.360126 -0.0410412 -0.263421 0.948563 -0.175607
0.141786 -0.107633 0.293623 0.173656 -0.545424 0.819973
-0.0933897 -0.303112 -0.113117 0.263421 -0.948563 0.175607
0.299004 0.423841 -0.0968169 -0.263421 0.948563 -0.175607
-0.0177657 -0.278626 -0.0942953 0.263421 -0.948563 0.175607
0.471238 0.176533 0.0278441 0.964516 0.262341 -0.0297662
-0.234458 0.234192 0.0660535 -0.964516 -0.26234 0.0297661
0.151372 0.219581 0.259604 -0.0178337 0.177216 0.98401
0.469583 -0.0566382 -0.199596 0.263784 -0.952686 0.151019
0.243026 0.414886 -0.0612165 -0.263421 0.948563 -0.175607
0.17343 0.301528 -0.27202 0.261352 -0.932671 0.248635
-0.22484 0.182473 -0.0781185 -0.964517 -0.262339 0.029766
0.141291 0.270046 -0.240313 -0.00848549 -0.081881 -0.996606
0.540143 -0.0756983 0.164949 0.263421 -0.948563 0.175607
-0.165262 -0.047587 -0.175197 -0.964516 -0.262341 0.0297661
-0.182974 -0.0530202 -0.0971232 -0.964516 -0.262341 0.0297661
0.173324 -0.0373484 0.306274 -0.0178336 0.177216 0.98401
0.233636 -0.174403 0.0915598 0.263421 -0.948563 0.175607
0.522575 -0.0921321 -0.19962 -0.258405 0.961106 0.0974761
0.287667 0.22194 0.261649 -0.0178336 0.177216 0.98401
-0.0777549 0.195915 -0.236857 -0.155664 0.473977 -0.866669
-0.160193 0.292471 -0.117604 -0.263421 0.948563 -0.175607
0.438917 -0.162103 -0.22527 0.225638 -0.877574 -0.423026
-0.196346 0.0994882 0.113818 -0.964516 -0.262341 0.0297672
-0.194038 0.309178 0.0234085 -0.263421 0.948563 -0.175607
0.0288895 -0.122322 0.307762 0.173656 -0.545424 0.819973
-0.095369 0.10313 -0.316708 0.0178336 -0.177216 -0.98401
-0.00744507 -0.173449 0.308476 0.158556 -0.485388 0.859801
0.296224 0.36896 0.139511 -0.192244 0.775094 0.60189
0.234691 -0.116999 0.267718 0.173656 -0.545424 0.819973
0.0712399 0.0860538 -0.310613 0.0178337 -0.177216 -0.98401
-0.17447 0.327205 0.0914296 -0.263421 0.948563 -0.175607
0.217723 -0.167995 -0.257264 0.198877 -0.796046 -0.571628
0.320967 0.461574 0.0740562 -0.263421 0.948563 -0.175607
0.332561 -0.139265 -0.177057 -0.232773 0.791728 -0.564787
0.204183 0.208859 0.262492 -0.0178336 0.177216 0.98401
0.412206 0.329045 -0.293589 -0.106858 0.490973 0.864596
0.195743 0.0639248 0.288441 -0.0178336 0.177216 0.98401
0.39087 0.358075 -0.260153 0.209308 -0.828475 -0.519441
-0.178085 0.276717 -0.175862 -0.263421 0.948563 -0.175607
-0.115885 -0.176054 -0.2668 0.0178337 -0.177216 -0.98401
0.0303234 -0.215583 -0.256191 0.198877 -0.796046 -0.571628
0.124949 -0.0739725 0.228147 0.248744 -0.865107 0.435565
0.2376 0.413721 0.193743 -0.198877 0.796046 0.571628
0.0202278 0.150676 0.269637 -0.0178337 0.177216 0.98401
0.113131 -0.189131 0.192772 0.263421 -0.948563 0.175607
0.0396955 -0.0971769 0.230746 0.248744 -0.865107 0.435565
0.524385 -0.000622792 0.18863 0.964519 0.26233 -0.0297619
0.114689 0.0881328 -0.3102 0.0178337 -0.177216 -0.98401
0.00822944 0.241755 0.253016 -0.0178337 0.177216 0.98401
-0.112031 -0.199367 0.211958 -0.964516 -0.262341 0.029766
0.211204 -0.127408 -0.193898 0.261352 -0.932667 0.248651
-0.421349 -0.0381539 -0.0192548 -0.211605 0.700668 -0.681386
0.282569 -0.190921 -0.0710659 0.263421 -0.948563 0.175607
0.429303 0.273455 0.254938 -0.0178337 0.177216 0.98401
0.488341 0.122093 0.102226 0.964516 0.262341 -0.0297662
0.311219 -0.106617 0.258416 0.173656 -0.545424 0.819973
0.453676 0.236463 -0.0130412 0.964516 0.262341 -0.0297662
0.0584399 -0.195273 -0.158646 -0.0477176 0.062324 -0.996915
-0.215343 0.267667 0.186913 0.163128 -0.680778 -0.714094
0.0589959 0.300137 0.155314 -0.247445 0.937508 0.244643
0.538824 -0.133456 0.185692 0.964516 0.26234 -0.0297661
0.231098 -0.190495 0.00844677 0.263421 -0.948563 0.175607
0.163694 0.253714 0.25368 -0.0178337 0.177216 0.98401
0.533586 -0.138937 -0.0323523 0.964516 0.26234 -0.0297661
0.088869 0.256248 -0.327457 -0.173656 0.545424 -0.819973
0.336839 0.415545 -0.198381 -0.263421 0.948563 -0.175607
0.108006 -0.0862055 0.258234 0.141641 -0.609278 -0.780204
0.444281 0.269474 -0.0265314 0.964516 0.262341 -0.0297662
-0.0484849 -0.27024 -0.00291462 0.263421 -0.948563 0.175607
0.37261 0.45385 -0.0451329 -0.263421 0.948563 -0.175607
0.0319543 -0.139 0.223421 -0.152574 0.645832 0.748079
0.34462 -0.130657 -0.211027 -0.130363 0.571236 0.810367
-0.0182375 -0.227203 0.184183 0.263421 -0.948563 0.175607
-0.142071 -0.138194 -0.222313 -0.964516 -0.26234 0.0297666
-0.164983 0.200331 -0.235826 0.130359 -0.571224 -0.810376
0.386337 -0.15501 -0.0327473 0.263421 -0.948563 0.175607
-0.0972064 -0.287506 -0.0844937 -0.964516 -0.262341 0.0297661
0.419656 -0.130887 0.0796941 -0.964517 -0.262338 0.0297657
-0.128049 0.128392 -0.32185 0.0178336 -0.177216 -0.98401
-0.148522 0.25066 0.150339 -0.163127 0.680772 0.7141
0.233705 -0.0647028 0.302712 0.173656 -0.545424 0.819973
-0.101643 -0.249987 0.102419 -0.964516 -0.262341 0.0297661
-0.089032 -0.245168 -0.19977 -0.0946828 0.448926 0.888539
0.0183968 0.218964 -0.241921 -0.185706 0.593946 -0.782778
0.140211 0.165671 0.269111 -0.0178337 0.177216 0.98401
0.262693 0.43107 0.179647 -0.964516 -0.262343 0.0297641
-0.110901 -0.231639 -0.0358657 -0.964516 -0.262341 0.0297661
-0.192269 0.0431713 -0.250433 -0.964516 -0.262341 0.0297661
0.43977 0.00856802 0.213583 0.226275 -0.763252 0.605183
0.173706 0.130982 -0.316847 0.0178337 -0.177216 -0.98401
-0.020697 0.296033 -0.277789 -0.173656 0.545424 -0.819973
0.13663 -0.140621 0.272772 0.173656 -0.545424 0.819973
-0.185099 -0.0220172 0.107278 -0.964516 -0.262341 0.0297661
0.2233 0.0761709 -0.306077 0.0178337 -0.177216 -0.98401
-0.177125 0.0443324 0.25052 -0.964516 -0.262341 0.0297664
0.121463 0.281787 -0.280359 0.211606 -0.700673 0.681381
-0.176492 -0.0646724 0.0102377 -0.964516 -0.26234 0.0297666
0.437344 0.29596 -0.0178903 0.964516 0.262341 -0.0297662
0.0978937 -0.0496982 -0.285681 0.0178337 -0.177216 -0.98401
-0.204012 0.128034 0.116991 -0.964516 -0.26234 0.0297645
0.135515 0.38837 0.193531 -0.198877 0.796046 0.571628
0.145497 -0.0374458 0.305787 -0.0178336 0.177216 0.98401
0.366298 0.317983 -0.292955 -0.0946829 0.448926 0.888538
0.322971 -0.0963516 -0.19389 0.264017 -0.959154 0.101582
0.0392859 0.173078 0.265947 -0.0178337 0.177216 0.98401
-0.210949 0.119988 -0.178692 -0.964516 -0.262341 0.0297662
0.414149 -0.123512 0.135224 -0.263421 0.948563 -0.175607
-0.111265 0.297504 -0.163816 -0.263421 0.948563 -0.175607
-0.151129 -0.0589673 0.182434 -0.964516 -0.262341 0.0297661
-0.145127 0.347246 0.155995 -0.263779 0.952626 -0.151406
0.129062 0.346536 -0.259466 -0.263421 0.948563 -0.175607
-0.247865 0.263136 -0.113288 -0.964516 -0.262341 0.0297662
0.0186788 -0.193038 0.282528 0.239351 -0.821223 0.51798
0.149229 0.402514 0.0126543 -0.263421 0.948563 -0.175607
-0.124879 -0.171522 0.0410532 -0.964516 -0.262341 0.0297661
0.436332 -0.226208 0.0132513 -0.964517 -0.262339 0.0297658
0.532857 -0.026431 0.291836 0.158554 -0.485381 0.859805
-0.228461 0.0190035 0.0145562 -0.21707 0.852109 0.476226
0.264303 0.186186 -0.325147 0.0178337 -0.177216 -0.98401
0.0379351 0.122696 0.274996 -0.0178337 0.177216 0.98401
0.523494 -0.125108 -0.248507 0.176123 -0.723291 -0.667706
0.465248 -0.155403 -0.225067 0.232093 -0.896206 -0.378085
0.319773 -0.178726 -0.206815 0.198877 -0.796046 -0.571628
0.139369 0.307092 0.243626 -0.0178337 0.177216 0.98401
0.031963 -0.0933727 -0.279011 0.0178337 -0.177216 -0.98401
-0.20176 0.0169121 -0.0895114 -0.964517 -0.262339 0.0297666
0.433764 0.302928 -0.0724867 0.964516 0.262341 -0.0297662
0.450564 0.230101 -0.169938 0.964516 0.262341 -0.0297662
-0.368482 -0.0598349 -0.0310643 0.0439736 -0.270783 -0.961636
0.487453 0.121978 0.0724439 0.964516 0.262341 -0.0297662
0.00479214 0.0810974 -0.310925 0.0178337 -0.177216 -0.98401
0.20217 0.273625 -0.339893 -0.173656 0.545424 -0.819973
0.301277 0.372252 0.234825 -0.0178336 0.177216 0.98401
0.0886378 -0.214686 0.0914724 0.263421 -0.948563 0.175607
0.505282 0.0645688 0.144165 0.964516 0.262341 -0.0297662
-0.118805 -0.211123 -0.111167 -0.964517 -0.262337 0.0297645
0.218552 -0.0156205 -0.289632 0.0178337 -0.177216 -0.98401
0.231452 0.00803548 -0.293659 0.0178337 -0.177216 -0.98401
0.351469 0.444688 -0.0629077 -0.263421 0.948563 -0.175607
0.171226 0.0601167 -0.30413 0.0178337 -0.177216 -0.98401
0.28072 0.457856 0.18331 -0.232092 0.896205 0.378086
0.124997 -0.234777 -0.196524 0.198877 -0.796046 -0.571628
0.155968 0.29098 -0.248702 0.173271 -0.714014 -0.678351
0.413346 -0.0827973 -0.214166 0.166102 -0.515291 0.840765
0.218942 -0.186903 0.0460824 0.263421 -0.948563 0.175607
0.061773 0.0928929 0.280796 -0.0178337 0.177216 0.98401
0.319608 0.332365 -0.250955 0.141647 -0.6093 -0.780185
0.252344 0.3056 -0.32925 -0.173656 0.545424 -0.819973
0.468812 0.199983 0.155888 0.964516 0.262341 -0.0297662
0.330228 0.238038 0.259521 -0.0178336 0.177216 0.98401
0.358549 -0.124721 0.17255 0.263421 -0.948563 0.175607
-0.19684 0.1147 0.231862 -0.964516 -0.262341 0.0297662
0.408075 0.153304 0.276192 -0.0178337 0.177216 0.98401
0.194766 0.390774 -0.119069 -0.263421 0.948563 -0.175607
0.220101 -0.0310016 0.305978 -0.0178336 0.177216 0.98401
0.236737 0.367763 -0.284596 -0.173656 0.545424 -0.819973
0.275568 -0.0320189 0.241411 0.237046 -0.910088 -0.339925
-0.0945714 0.294802 -0.20345 -0.263421 0.948563 -0.175607
-0.162593 -0.105469 0.10105 -0.964516 -0.26234 0.0297665
0.459256 0.0617893 0.293601 -0.0178337 0.177216 0.98401
0.294896 -0.134759 0.21381 0.263421 -0.948563 0.175607
0.376966 -0.126412 0.135788 0.263421 -0.948563 0.175607
0.0276941 -0.272034 -0.12688 0.263421 -0.948563 0.175607
0.268296 0.40511 0.146598 0.256321 -0.903374 0.343824
-0.190663 0.120907 -0.321636 0.0178336 -0.177216 -0.98401
0.388142 0.349427 -0.292607 0.166104 -0.5153 0.840759
-0.0737012 -0.00366407 0.29573 -0.0178337 0.177216 0.98401
0.155294 -0.191513 0.116656 0.263421 -0.948563 0.175607
0.26024 0.144829 0.275039 -0.0178336 0.177216 0.98401
0.535447 -0.0372449 0.224302 0.964516 0.26234 -0.0297661
0.127441 0.407478 0.164112 -0.198877 0.796046 0.571628
0.294231 -0.107242 -0.178446 0.21707 -0.852111 -0.476222
-0.123525 -0.203389 -0.195956 -0.964516 -0.262339 0.0297694
0.194252 -0.181849 -0.246137 0.198877 -0.796046 -0.571628
0.209162 -0.205915 -0.207434 0.198877 -0.796046 -0.571628
0.0960115 0.0647303 -0.306324 0.0178337 -0.177216 -0.98401
0.394895 0.372452 0.236486 -0.0178336 0.177216 0.98401
0.49382 0.0685958 -0.191738 0.964516 0.262341 -0.0297662
0.186041 -0.196358 0.0443611 0.263421 -0.948563 0.175607
0.20556 0.433056 0.0931318 -0.263421 0.948563 -0.175607
-0.0182066 0.256345 0.249909 -0.0178337 0.177216 0.98401
0.175 -0.154072 -0.265487 0.0178337 -0.177216 -0.98401
-0.119223 0.337392 0.0635828 -0.263421 0.948563 -0.175607
0.196725 -0.16691 0.187402 0.263421 -0.948563 0.175607
-0.138112 -0.114285 0.116685 -0.964516 -0.262341 0.0297659
-0.00181758 -0.230526 0.141599 0.263421 -0.948563 0.175607
0.316535 0.210176 0.264291 -0.0178336 0.177216 0.98401
0.14419 0.395746 -0.0163467 -0.263421 0.948563 -0.175607
-0.145529 0.145549 0.267556 -0.0178338 0.177216 0.98401
0.398439 0.434077 -0.0612481 0.964516 0.262341 -0.0297661
