ply
format ascii 1.0
comment Created by Open3D
element vertex 512
property double x
property double y
property double z
property double nx
property double ny
property double nz
end_header
0.303676 -0.175266 -0.0181627 0.263421 -0.948563 0.175607
0.305421 0.416094 0.148432 0.262894 -0.94385 0.200085
-0.454527 -0.0886913 0.0369237 0.133655 -0.387921 0.911951
-0.143154 0.0697565 -0.311563 0.0178336 -0.177216 -0.98401
-0.181346 0.326135 0.0959671 -0.263421 0.948563 -0.175607
-0.193645 0.0575054 -0.168692 -0.964516 -0.262339 0.0297667
-0.15833 -0.124846 0.0683919 -0.964516 -0.26234 0.0297663
-0.00446817 -0.220696 0.198672 0.263421 -0.948563 0.175607
0.00884823 -0.26504 -0.0608323 0.263421 -0.948563 0.175607
0.427398 -0.171008 0.21026 -0.964516 -0.26234 0.0297663
0.29619 -0.0905091 0.272313 0.173656 -0.545424 0.819973
0.542073 -0.107748 -0.182378 0.964515 0.262342 -0.0297973
0.509574 -0.184695 0.175677 0.263421 -0.948563 0.175607
0.0798656 0.254241 -0.238492 -0.0084825 -0.0818918 -0.996605
-0.0516487 0.276487 0.182085 -0.20347 0.666721 -0.716996
0.329833 -0.144696 0.107728 0.263421 -0.948563 0.175607
0.501794 -0.203241 0.0871702 0.263421 -0.948563 0.175607
-0.0791883 0.205113 -0.325879 -0.173656 0.545424 -0.819973
-0.130473 -0.158956 -0.0294891 -0.964517 -0.262338 0.0297648
-0.0133833 -0.14767 -0.270054 0.0178336 -0.177216 -0.98401
0.490589 -0.154761 -0.190459 0.263623 -0.963123 0.0538331
-0.0487159 -0.0185912 -0.293941 0.0178336 -0.177216 -0.98401
0.202555 -0.0558179 -0.282683 0.0178337 -0.177216 -0.98401
0.0701575 -0.241254 -0.0243146 0.263421 -0.948563 0.175607
0.305197 0.47048 0.149549 -0.263623 0.963123 -0.0538293
-0.0842467 0.356854 0.116242 -0.263421 0.948563 -0.175607
-0.281395 0.00903031 5.2032e-05 -0.262516 0.964925 -0.0020681
0.406877 0.435546 0.225114 0.964517 0.262337 -0.0297654
0.0495215 -0.210611 -0.202138 -0.130363 0.571236 0.810367
-0.174722 0.295453 -0.0797038 -0.263421 0.948563 -0.175607
-0.0144212 0.231977 -0.321726 -0.173656 0.545424 -0.819973
0.289518 -0.108854 -0.17775 0.209308 -0.828475 -0.519442
-0.129113 -0.142473 0.159878 -0.964516 -0.262341 0.0297652
-0.117828 -0.225149 -0.203103 -0.964516 -0.262341 0.0297662
-0.207645 0.00745269 0.029219 -0.0822833 0.405801 0.91025
0.0567021 0.34684 -0.149283 -0.263421 0.948563 -0.175607
0.020005 -0.221746 0.156294 0.263421 -0.948563 0.175607
-0.152353 -0.0948994 -0.173904 -0.964516 -0.262341 0.0297661
0.525637 -0.0447364 -0.159605 0.964511 0.262358 -0.0297946
0.296934 0.213799 -0.329529 0.0178337 -0.177216 -0.98401
0.526588 -0.143318 -0.179977 0.263421 -0.948563 0.175606
-0.0668505 -0.292982 -0.221307 0.203079 -0.809192 -0.551333
0.0592237 -0.202265 0.202691 0.263421 -0.948563 0.175607
0.1667 0.289324 0.247321 -0.0178337 0.177216 0.98401
0.458948 -0.158055 -0.153764 0.0178339 -0.177217 -0.98401
0.295822 -0.115962 -0.211256 0.155662 -0.473968 0.866674
0.367031 -0.106198 -0.216558 0.0606056 -0.11026 0.992053
0.358854 0.268691 0.25452 -0.0178336 0.177216 0.98401
0.429897 0.328569 0.0282165 0.964516 0.262341 -0.0297662
-0.0369552 0.339088 -0.0506606 -0.263421 0.948563 -0.175607
0.50638 0.0482379 0.0358131 0.964516 0.262341 -0.0297662
0.0183071 -0.206095 0.243381 0.263421 -0.948563 0.175607
-0.169055 -0.0857963 0.065043 -0.964516 -0.262341 0.0297655
0.174859 -0.154548 -0.163229 0.0439742 -0.270785 -0.961635
-0.0123846 -0.187539 -0.178529 0.258405 -0.961107 -0.0974666
0.0373016 0.0331067 0.29112 -0.0178337 0.177216 0.98401
0.300839 -0.117288 0.253516 0.173656 -0.545424 0.819973
0.340857 -0.171657 -0.0544454 0.263421 -0.948563 0.175607
-0.192524 0.0527801 -0.174011 -0.964516 -0.262341 0.0297658
0.365332 -0.154926 -0.224107 0.198877 -0.796046 -0.571628
0.544225 -0.111565 -0.146282 0.964516 0.262341 -0.0297662
0.407274 -0.0736706 -0.198188 0.262894 -0.94385 0.200085
0.274101 0.0820667 0.286594 -0.0178336 0.177216 0.98401
-0.208931 0.060552 0.0627512 -0.964516 -0.26234 0.0297652
0.329111 0.230051 -0.331873 0.0178337 -0.177216 -0.98401
0.528521 -0.0929395 0.208916 0.964516 0.26234 -0.0297661
0.245012 -0.154437 -0.210015 -0.0946828 0.448926 0.888539
-0.0812481 0.0143452 0.29235 -0.0178337 0.177216 0.98401
0.433557 0.295606 -0.143722 0.964516 0.262341 -0.0297662
0.272941 0.0932762 -0.308258 0.0178337 -0.177216 -0.98401
0.410046 0.33666 -0.29667 -0.0211186 0.189037 0.981743
0.282856 0.357166 -0.328385 -0.187816 0.602505 -0.775702
0.0115151 0.366142 0.181343 -0.198877 0.796046 0.571628
0.465608 0.0706649 0.292118 -0.0178337 0.177216 0.98401
0.423949 0.345656 -0.0139256 0.964516 0.262341 -0.0297662
-0.323437 -0.0655187 -0.0215411 0.182985 -0.745481 -0.640917
-0.0107954 0.031065 0.290616 -0.0178337 0.177216 0.98401
0.296262 0.196582 0.266372 -0.0178336 0.177216 0.98401
-0.20023 0.00492202 -0.0362452 -0.0982268 0.251901 -0.962755
0.180331 -0.184987 -0.190686 -0.251727 0.947737 0.196031
0.177121 -0.163995 0.232558 0.263421 -0.948563 0.175607
0.149708 0.0364954 -0.300266 0.0178337 -0.177216 -0.98401
0.546758 -0.16823 0.141314 0.989518 0.144186 -0.00803374
0.33146 0.0020953 -0.290776 0.0178337 -0.177216 -0.98401
-0.0782314 -0.261225 0.0904016 0.263421 -0.948563 0.175607
0.259332 0.380268 -0.272675 -0.263421 0.948563 -0.175607
0.441529 0.252883 -0.261913 0.964516 0.262341 -0.0297626
0.195444 0.281187 -0.241986 -0.047718 0.0623253 -0.996915
-0.03225 -0.213402 -0.258558 0.0178337 -0.177216 -0.98401
-0.220902 0.147657 0.002973 -0.260785 0.964215 0.0477603
0.537145 -0.0959824 -0.238349 0.964519 0.262331 -0.0297566
-0.124369 -0.195204 -0.263505 0.0178337 -0.177216 -0.98401
0.242387 -0.00637524 0.301947 -0.0178336 0.177216 0.98401
0.335115 0.419013 0.16818 0.182984 -0.745477 -0.640922
-0.147427 -0.0321904 0.299532 -0.0178337 0.177216 0.98401
0.434393 -0.230976 -0.091601 -0.964516 -0.262341 0.0297664
0.132728 -0.00440954 0.299606 -0.0178336 0.177216 0.98401
0.0190368 -0.250718 0.00124635 0.263421 -0.948563 0.175607
0.119985 0.357401 -0.187163 -0.263421 0.948563 -0.175607
0.0881006 0.176822 0.266158 -0.0178337 0.177216 0.98401
0.539345 -0.0820441 -0.0442386 0.96452 0.262326 -0.0297601
0.310331 -0.142577 -0.207772 -0.163128 0.680778 0.714094
0.125502 0.354638 -0.210364 -0.263421 0.948563 -0.175607
0.190133 -0.10309 0.286406 0.173656 -0.545424 0.819973
0.222922 -0.051276 -0.283131 0.0178337 -0.177216 -0.98401
0.523958 -0.033396 -0.114047 0.964516 0.262341 -0.0297662
0.391223 0.396239 0.232135 -0.0178336 0.177216 0.98401
0.31475 -0.110883 0.25483 0.173656 -0.545424 0.819973
0.335676 0.295833 0.249211 -0.0178336 0.177216 0.98401
0.215885 -0.0936604 0.223254 -0.209308 0.828475 0.519442
0.177898 -0.028317 0.30473 -0.0178336 0.177216 0.98401
-0.232129 0.241468 0.194459 -0.0733401 0.15791 -0.984726
0.449037 -0.177234 -0.0766309 -0.964516 -0.262341 0.0297662
0.0570811 -0.231428 0.0483758 0.263421 -0.948563 0.175607
-0.0590999 -0.264573 0.0436177 0.263421 -0.948563 0.175607
0.056861 -0.27066 -0.170259 0.198877 -0.796046 -0.571628
0.228389 -0.21587 -0.186882 0.198877 -0.796046 -0.571628
0.293764 -0.127659 -0.165917 -0.00848544 -0.0818812 -0.996606
0.308828 -0.100091 -0.189421 0.260785 -0.964215 -0.047764
0.531135 -0.126954 -0.0984046 0.263421 -0.948563 0.175607
0.0136125 0.341557 -0.113182 -0.263421 0.948563 -0.175607
0.396639 -0.120473 0.138356 0.263421 -0.948563 0.175607
-0.207718 0.145267 0.148785 -0.964516 -0.262339 0.0297713
0.0914596 -0.191547 -0.260252 0.0178337 -0.177216 -0.98401
-0.051267 -0.0208248 0.299227 -0.0178338 0.177216 0.98401
0.433742 -0.150832 0.0373495 0.263421 -0.948563 0.175606
0.488101 0.100253 -0.0980312 0.964516 0.262341 -0.0297662
0.0124397 0.298851 -0.282932 -0.173656 0.545424 -0.819973
-0.118508 0.10894 0.274639 -0.0178338 0.177216 0.98401
-0.0630946 -0.21502 -0.258825 0.0178337 -0.177216 -0.98401
0.186771 -0.158889 -0.16255 -0.0347169 0.0142559 -0.999296
0.473648 0.138216 -0.231765 0.964515 0.262346 -0.0297373
0.547188 -0.19091 -0.0496617 0.964516 0.26234 -0.0297661
0.322545 -0.125856 0.220424 0.263421 -0.948563 0.175607
-0.201897 0.133851 0.236783 -0.964516 -0.262341 0.0297662
-0.0466032 0.192452 -0.262194 -0.255383 0.955609 0.146939
0.23584 0.0798298 -0.306509 0.0178337 -0.177216 -0.98401
0.505165 -0.150359 -0.186426 0.264019 -0.959029 0.102747
0.159457 -0.200765 0.0604359 0.263421 -0.948563 0.175607
-0.0173652 0.0960025 -0.31401 0.0178337 -0.177216 -0.98401
0.4657 -0.00125887 0.304304 0.0145449 0.0597731 0.998106
0.459134 0.188783 -0.256409 0.964516 0.262341 -0.0297661
0.0283138 0.218527 -0.276654 -0.182982 0.745472 0.640929
0.502041 0.0680539 0.0698924 0.964516 0.262341 -0.0297662
0.0387372 0.332725 0.182279 0.118751 -0.531742 -0.83854
0.0313219 0.292038 0.15883 -0.255383 0.955609 0.146937
0.428892 0.301239 -0.245225 0.964516 0.262341 -0.0297662
0.369397 0.467934 0.0357624 -0.263421 0.948563 -0.175607
0.414015 0.392835 0.0799699 0.964516 0.262341 -0.0297662
0.439363 0.298848 0.0730083 0.964516 0.262342 -0.0297683
-0.249304 0.279451 -0.0161254 -0.964516 -0.262341 0.0297662
0.119843 0.294868 0.245473 -0.0178337 0.177216 0.98401
-0.233221 0.220969 -0.0103868 -0.964516 -0.26234 0.0297661
-0.0015145 0.320356 0.238684 -0.0178337 0.177216 0.98401
0.260696 0.3815 -0.268062 -0.263421 0.948563 -0.175607
-0.165021 0.153955 -0.327124 0.0178338 -0.177217 -0.98401
0.110287 0.406747 0.0939351 -0.263421 0.948563 -0.175607
0.122406 -0.0734443 0.245411 0.242546 -0.924946 -0.292654
-0.212747 0.328991 0.158946 -0.263779 0.952626 -0.151406
-0.0494472 0.192336 -0.331941 0.0178337 -0.177216 -0.98401
0.460646 -0.183595 0.23196 -0.0178337 0.177216 0.98401
0.476233 -0.247957 -0.116027 0.263421 -0.948563 0.175607
-0.19785 0.200318 -0.261321 0.259159 -0.919165 0.296603
-0.167895 0.275275 0.189404 0.106858 -0.490973 -0.864596
-0.237572 0.249956 0.104101 -0.964516 -0.26234 0.0297661
0.457182 0.0790829 0.290449 -0.0178337 0.177216 0.98401
0.041644 -0.125307 0.217443 -0.0309438 0.224285 0.974032
0.252069 0.203061 -0.328408 0.0178337 -0.177216 -0.98401
0.376341 0.433928 -0.158343 -0.263421 0.948563 -0.175607
0.151895 -0.160612 0.256242 0.173656 -0.545424 0.819973
0.28727 -0.0547921 0.29796 0.173656 -0.545424 0.819973
-0.137769 -0.140437 -0.102665 -0.964516 -0.262341 0.0297669
-0.200415 0.157802 -0.271157 -0.163128 0.680778 0.714094
0.355777 0.470343 0.0692089 -0.263421 0.948563 -0.175607
-0.163832 -0.11487 -0.0219495 -0.964516 -0.26234 0.0297647
0.448303 0.246198 -0.101341 0.964516 0.262341 -0.0297662
0.136182 0.372563 -0.129562 -0.263421 0.948563 -0.175607
0.517928 -0.00628688 -0.0705445 0.964516 0.262341 -0.0297662
-0.144845 -0.123215 -0.18016 -0.964516 -0.262341 0.0297661
0.266991 -0.108047 0.266832 0.173656 -0.545424 0.819973
-0.0346649 0.193056 0.261009 -0.0178337 0.177216 0.98401
0.0895205 -0.0861768 0.313549 -0.0178336 0.177216 0.98401
0.227829 -0.18865 0.0233159 0.263421 -0.948563 0.175607
-0.187282 0.0712286 0.158437 -0.964516 -0.262341 0.0297661
0.477983 0.144569 -0.0353205 0.964509 0.262362 -0.0298014
0.390409 -0.02435 0.304267 -0.964515 -0.262343 0.0297689
-0.0229558 -0.217814 -0.204574 0.00847929 0.0819036 0.996604
0.354052 0.165809 -0.319851 0.0178337 -0.177216 -0.98401
0.307123 0.457436 0.0724699 -0.263421 0.948563 -0.175607
-0.0430206 -0.225127 0.232569 0.263421 -0.948563 0.175607
0.522413 -0.159988 -0.152266 0.0178337 -0.177216 -0.98401
0.162021 0.407146 0.0184844 -0.263421 0.948563 -0.175607
-0.0756766 -0.127566 0.236689 0.256322 -0.903379 0.343811
0.0405831 0.289361 0.245029 -0.0178337 0.177216 0.98401
-0.147859 0.166394 -0.246501 -0.252848 0.885345 -0.390169
0.29276 -0.105866 -0.198435 0.256322 -0.903377 0.343815
0.18801 -0.108898 0.282992 0.173656 -0.545424 0.819973
0.185023 0.324 -0.302754 -0.173656 0.545424 -0.819973
0.242292 -0.0562838 0.306494 0.173656 -0.545424 0.819973
0.192331 0.145284 -0.319086 0.0178337 -0.177216 -0.98401
0.296749 0.351594 0.238464 -0.0178336 0.177216 0.98401
0.508978 0.0282646 -0.0560247 0.964516 0.262341 -0.0297662
0.0786397 -0.141215 0.284659 0.173656 -0.545424 0.819973
0.213462 0.359037 -0.285471 -0.173656 0.545424 -0.819973
-0.00617862 -0.157645 0.244404 -0.263594 0.963237 -0.0518824
-0.17597 -0.0200638 -0.279596 -0.964516 -0.262341 0.0297662
-0.166985 -0.109237 -0.0744874 -0.964516 -0.26234 0.0297654
-0.185231 0.259131 0.246381 -0.0178336 0.177216 0.98401
0.193266 0.435141 0.122832 -0.263421 0.948563 -0.175607
0.341928 -0.137688 -0.178761 -0.238696 0.818248 -0.522967
-0.183099 0.0653316 0.242026 -0.964516 -0.262341 0.0297662
0.451685 0.231995 -0.116945 0.964516 0.262341 -0.0297662
0.157821 0.398544 -0.0216796 -0.263421 0.948563 -0.175607
0.515021 -0.0178218 -0.266375 0.964516 0.26234 -0.0297698
0.475806 0.1386 -0.15848 0.964516 0.262341 -0.0297662
0.546512 -0.11571 -0.108704 0.964516 0.26234 -0.0297661
0.322423 -0.119371 0.247559 0.173656 -0.545424 0.819973
0.31162 -0.116361 -0.269802 0.0178337 -0.177216 -0.98401
0.335745 0.289917 -0.342534 0.0178337 -0.177216 -0.98401
-0.243173 0.253079 -0.049894 -0.964515 -0.262344 0.0297673
0.373028 0.411444 -0.274821 -0.263421 0.948563 -0.175607
-0.0276282 -0.285703 -0.217227 0.211113 -0.834011 -0.509761
0.518404 0.0139147 0.122928 0.964516 0.262341 -0.0297662
0.535196 -0.126366 0.130605 0.964516 0.26234 -0.0297661
0.0061529 -0.178455 -0.264155 0.0178336 -0.177216 -0.98401
0.248138 0.433161 0.170338 -0.198877 0.796046 0.571628
0.343505 -0.145096 -0.245391 0.198877 -0.796046 -0.571628
0.193697 0.362587 0.132973 0.0477208 -0.0623358 0.996914
-0.0217842 -0.152445 0.224113 -0.141645 0.609291 0.780193
0.454065 0.252392 0.139955 0.964516 0.262341 -0.0297662
0.520603 0.00156833 0.0853797 0.964516 0.262341 -0.0297662
0.309181 0.458124 0.195902 -0.203079 0.809191 0.551333
-0.061773 -0.231188 0.227962 0.263421 -0.948563 0.175607
0.297987 0.0902888 0.285546 -0.0178336 0.177216 0.98401
0.127169 -0.199304 -0.189733 -0.251727 0.947737 0.196031
0.101785 -0.196424 0.170398 0.263421 -0.948563 0.175607
0.255941 0.452673 0.151283 -0.964515 -0.262344 0.0297637
0.326929 0.212943 -0.328831 0.0178337 -0.177216 -0.98401
0.327552 0.407185 -0.229609 -0.263421 0.948563 -0.175607
0.536753 -0.1483 -0.0122551 0.964516 0.26234 -0.0297661
0.101917 -0.0997415 0.263258 0.0046838 -0.129724 -0.991539
0.0815006 0.3638 -0.0948703 -0.263421 0.948563 -0.175607
0.0685819 -0.194721 0.229402 0.263421 -0.948563 0.175607
-0.00374742 0.00944899 0.294636 -0.0178337 0.177216 0.98401
-0.0203152 0.155652 0.268006 -0.0178337 0.177216 0.98401
0.408307 0.368538 -0.319104 0.964516 0.262342 -0.0297657
-0.0597338 -0.244792 0.151417 0.263421 -0.948563 0.175607
0.347674 0.416755 0.172744 0.118754 -0.53175 -0.838534
0.329961 0.0107327 0.300453 -0.0178336 0.177216 0.98401
-0.216954 0.318779 0.206176 -0.218639 0.856826 0.466954
-0.198978 0.232961 0.250844 -0.0178338 0.177216 0.98401
-0.120596 0.227325 0.25328 -0.0178338 0.177216 0.98401
0.0897433 -0.243441 -0.196723 0.198877 -0.796046 -0.571628
-0.456685 -0.0478341 0.0281372 -0.173271 0.714013 0.678353
0.143028 0.210284 0.261127 -0.0178337 0.177216 0.98401
0.193902 -0.010359 -0.291026 0.0178337 -0.177216 -0.98401
0.397248 -0.115575 -0.173293 -0.176121 0.555303 -0.812785
0.432884 0.0074509 0.214766 0.232776 -0.791737 0.564773
0.17013 0.207435 0.262131 -0.0178337 0.177216 0.98401
0.00586504 0.25081 -0.276276 0.219212 -0.732869 0.644088
0.171975 -0.187114 -0.191129 -0.251727 0.947738 0.196026
0.371292 -0.0487461 0.21495 -0.173266 0.713997 0.678371
0.24445 -0.168511 -0.247246 0.198877 -0.796046 -0.571628
0.344887 0.462308 0.0421381 -0.263421 0.948563 -0.175607
0.147826 -0.160636 -0.208647 0.110322 -0.298026 0.948161
0.0506183 -0.241323 0.00462111 0.263421 -0.948563 0.175607
0.349829 0.246634 0.258328 -0.0178336 0.177216 0.98401
-0.108757 -0.0404326 0.301717 -0.0178337 0.177216 0.98401
-0.173767 0.280057 -0.164302 -0.263421 0.948563 -0.175607
0.306735 -0.0479825 -0.282206 0.0178337 -0.177216 -0.98401
-0.068716 -0.241477 0.182798 0.263421 -0.948563 0.175607
-0.0562903 -0.104773 0.314255 -0.0178337 0.177216 0.98401
-0.0252359 0.324929 -0.144723 -0.263421 0.948563 -0.175607
0.217002 0.105362 -0.311449 0.0178337 -0.177216 -0.98401
-0.34324 -0.061225 -0.0285714 0.106853 -0.490955 -0.864607
-0.15154 -0.126748 -0.0827692 0.209308 -0.828476 -0.51944
0.518769 -0.0822613 -0.176866 -0.166099 0.515278 -0.840774
0.547108 -0.194908 -0.0875119 0.964516 0.26234 -0.0297661
0.278179 -0.162542 -0.243823 0.198877 -0.796046 -0.571628
0.483544 0.124807 -0.0292947 0.964516 0.26234 -0.0297654
-0.125822 -0.189309 -0.146289 -0.964517 -0.262338 0.0297631
0.484929 0.0931565 -0.263356 0.964516 0.262341 -0.0297661
-0.0987428 0.307103 -0.130751 -0.263421 0.948563 -0.175607
0.0793685 0.0348653 0.291565 -0.0178337 0.177216 0.98401
0.278053 0.391201 -0.241698 -0.263421 0.948563 -0.175607
-0.0204138 -0.0949958 -0.279668 0.0178336 -0.177216 -0.98401
0.421953 -0.113567 0.218647 -0.0178337 0.177216 0.98401
-0.0589082 0.370031 0.149413 -0.263421 0.948563 -0.175607
-0.003699 -0.212576 0.24138 0.263421 -0.948563 0.175607
-0.148596 0.171321 -0.329953 0.0178338 -0.177217 -0.98401
0.528822 -0.0676947 -0.258727 0.964516 0.262341 -0.0297661
0.00833733 -0.221585 -0.161447 -0.176122 0.555306 -0.812783
0.00683486 -0.199685 0.277038 0.249122 -0.866935 0.431697
0.211277 0.28473 0.248956 -0.0178337 0.177216 0.98401
0.380696 0.0350794 -0.295824 0.0178337 -0.177216 -0.98401
-0.191009 0.0385969 -0.249908 -0.964516 -0.262341 0.0297661
0.492559 0.091329 -0.0322468 0.964516 0.262341 -0.0297662
0.350232 0.358284 0.238228 -0.0178336 0.177216 0.98401
-0.0370085 0.324412 -0.129856 -0.263421 0.948563 -0.175607
-0.21748 0.193456 0.257186 -0.964516 -0.262341 0.0297661
-0.159351 0.329206 0.079559 -0.263421 0.948563 -0.175607
0.262478 -0.0300957 0.306583 -0.0178336 0.177216 0.98401
-0.156389 -0.0433598 0.149556 -0.964516 -0.262341 0.0297655
0.159008 -0.226378 -0.0772423 0.263421 -0.948563 0.175607
-0.187834 0.0860147 0.270868 -0.964516 -0.262341 0.0297661
-0.0993158 -0.260589 -0.184053 -0.247444 0.937507 0.244647
-0.112923 0.291777 0.146442 0.166099 -0.515281 0.840771
-0.126127 0.343797 0.10854 -0.263421 0.948563 -0.175607
0.426157 0.0376397 0.297351 -0.0178337 0.177216 0.98401
0.505052 0.0035912 0.250919 -0.0606045 0.110255 -0.992054
0.442663 -0.145652 0.154228 0.0178332 -0.177217 -0.98401
-0.117753 -0.17936 0.202863 -0.964516 -0.262341 0.0297661
-0.105826 -0.230633 0.137446 -0.964516 -0.262341 0.0297661
-0.223082 0.166608 -0.160977 -0.964516 -0.262341 0.0297661
-0.09492 -0.303035 -0.147271 -0.964516 -0.262341 0.0297661
-0.00428098 -0.191741 0.293085 0.22041 -0.737987 0.637805
0.243263 0.301621 -0.329974 -0.173656 0.545424 -0.819973
-0.108677 -0.259065 -0.205514 -0.964514 -0.262348 0.0297712
0.458229 0.228817 0.0670872 0.964516 0.262341 -0.0297662
0.526453 0.00325531 0.289797 0.964515 0.262345 -0.0297648
0.422588 0.25968 0.257297 -0.0178337 0.177216 0.98401
0.158858 -0.191656 0.110539 0.263421 -0.948563 0.175607
-0.170164 0.00803365 0.156162 -0.964516 -0.262341 0.0297661
0.284607 0.385726 0.130134 0.0216256 0.0338639 0.999192
0.0293817 -0.203288 0.241928 0.263421 -0.948563 0.175607
-0.467753 -0.079389 -0.0291761 -0.0216258 -0.0338629 -0.999192
0.272767 0.18626 -0.325007 0.0178337 -0.177216 -0.98401
0.0907037 -0.0163781 0.301 -0.0178336 0.177216 0.98401
0.280089 -0.157661 -0.184406 -0.262894 0.94385 -0.200085
-0.0586255 -0.252644 0.10734 0.263421 -0.948563 0.175607
0.0635665 0.349529 -0.145053 -0.263421 0.948563 -0.175607
0.482029 0.162188 0.251075 0.964516 0.262344 -0.0297572
-0.159202 0.0289535 -0.304506 0.0178337 -0.177216 -0.98401
0.242972 0.425989 -0.00116187 -0.263421 0.948563 -0.175607
0.27066 0.346346 -0.30889 -0.964516 -0.262343 0.0297691
0.23797 0.339659 0.239548 -0.0178337 0.177216 0.98401
0.352356 -0.0887442 -0.187182 0.251728 -0.947738 -0.196025
0.0957561 -0.111331 0.215958 -0.0439755 0.27079 0.961633
0.147415 -0.102464 0.2594 -0.144835 0.431468 -0.890426
-0.150287 -0.0529401 0.262837 -0.964516 -0.262341 0.0297661
0.165307 0.132461 0.275546 -0.0178336 0.177216 0.98401
-0.10765 -0.210748 0.253598 -0.964516 -0.26234 0.0297689
-0.0108732 0.00151144 0.295937 -0.0178337 0.177216 0.98401
0.261895 -0.207118 -0.127543 0.263421 -0.948563 0.175607
0.0459374 0.130433 -0.319064 0.0178337 -0.177216 -0.98401
0.391829 -0.140044 0.0398556 0.263421 -0.948563 0.175607
0.00660242 0.0115046 0.294454 -0.0178337 0.177216 0.98401
0.05482 -0.211081 0.161675 0.263421 -0.948563 0.175607
0.210442 0.306851 -0.319544 -0.173656 0.545424 -0.819973
0.259744 0.276706 -0.26058 -0.259159 0.919164 -0.296606
0.445992 0.274949 0.0771498 0.964516 0.262341 -0.0297662
0.481151 -0.00796925 0.250603 -0.110319 0.298015 -0.948165
0.044378 -0.213983 -0.164243 -0.19483 0.631117 -0.750821
0.535102 -0.0539173 0.0661675 0.964524 0.262313 -0.0297564
0.178956 0.293607 -0.285438 0.176115 -0.555279 0.812803
0.425237 0.27426 -0.338092 0.0178337 -0.177216 -0.98401
0.489262 0.108354 0.0109749 0.964516 0.262341 -0.0297662
-0.208852 0.042484 -0.0939167 -0.964516 -0.262341 0.0297659
0.508614 0.0507716 0.130534 0.964516 0.262341 -0.0297662
0.345141 -0.028506 0.303189 0.173656 -0.545424 0.819973
0.335895 0.150064 -0.317344 0.0178337 -0.177216 -0.98401
-0.176061 -0.0351274 -0.151819 0.0309421 -0.224278 -0.974034
0.021725 0.274305 0.247399 -0.0178337 0.177216 0.98401
-0.213868 0.175119 0.212594 -0.964516 -0.262341 0.0297662
0.293655 0.285984 -0.276707 -0.242546 0.924945 0.292657
-0.1285 -0.14327 0.172695 -0.964516 -0.262341 0.0297662
0.40976 -0.107389 0.18935 0.263421 -0.948563 0.175607
0.386745 -0.156636 -0.0421428 0.263421 -0.948563 0.175607
-0.196219 0.242899 0.249105 -0.0178336 0.177216 0.98401
0.484869 0.0471761 0.296697 -0.0178337 0.177216 0.98401
0.460533 0.0688009 -0.30045 0.0178337 -0.177216 -0.98401
0.458603 0.212336 -0.0660492 0.964516 0.262341 -0.0297662
0.19173 0.368165 0.134076 0.110322 -0.298027 0.948161
-0.188574 0.258265 0.144752 0.0347167 -0.0142549 0.999296
0.0661734 -0.110649 0.264498 -0.00847904 -0.0819045 -0.996604
0.520515 0.0112156 0.167546 0.964516 0.262341 -0.0297662
0.41626 -0.160654 -0.108122 0.263421 -0.948563 0.175607
0.435337 -0.0306879 0.245792 -0.211607 0.700678 -0.681375
0.047449 -0.163593 0.276379 0.173656 -0.545424 0.819973
-0.0569428 0.282096 0.143124 -0.0822829 0.4058 0.91025
-0.0718528 -0.264799 0.0615245 0.263421 -0.948563 0.175607
0.106403 -0.064493 0.309949 -0.0178336 0.177216 0.98401
-0.122406 -0.213791 -0.251365 -0.964516 -0.262341 0.0297662
0.397462 -0.0474927 0.225823 -0.251727 0.947736 0.196034
-0.121554 -0.199847 -0.10084 -0.964515 -0.262344 0.0297677
0.120519 -0.0456027 0.306803 -0.0178336 0.177216 0.98401
0.410238 0.358793 -0.342441 0.964517 0.262336 -0.0297673
0.1027 -0.159858 -0.197182 0.238698 -0.818256 0.522954
0.317963 -0.110394 -0.270762 0.0178337 -0.177216 -0.98401
-0.125124 -0.0652283 0.305886 -0.0178337 0.177216 0.98401
0.0809445 0.286982 -0.305335 -0.173656 0.545424 -0.819973
-0.214319 0.122935 -0.261936 -0.964516 -0.262341 0.0297662
-0.117269 0.0553078 -0.308492 0.0178336 -0.177216 -0.98401
0.139886 0.369333 -0.152561 -0.263421 0.948563 -0.175607
0.0589829 0.0462929 -0.303674 0.0178337 -0.177216 -0.98401
0.167041 0.12961 -0.316721 0.0178337 -0.177216 -0.98401
0.256036 0.45215 0.149747 -0.964516 -0.262343 0.0297641
0.274517 0.383975 -0.275427 -0.263421 0.948563 -0.175607
0.0150205 0.257973 -0.268645 0.259159 -0.919165 0.296603
-0.21349 0.0785916 0.0740055 -0.964516 -0.26234 0.0297661
0.186149 0.290941 -0.324983 -0.173656 0.545424 -0.819973
0.426126 -0.16893 0.187365 -0.964516 -0.262341 0.0297659
0.321795 -0.16993 -0.21836 0.198877 -0.796046 -0.571628
0.295793 0.00764351 -0.292422 0.0178337 -0.177216 -0.98401
0.516275 0.0265874 0.208339 0.194832 -0.631123 0.750815
0.00649554 0.324717 -0.19347 -0.263421 0.948563 -0.175607
0.209513 0.427965 0.164135 -0.198877 0.796046 0.571628
0.516899 -0.00478131 -0.0906168 0.964516 0.262341 -0.0297662
-0.308405 -0.00445611 -0.0190513 -0.232775 0.791734 -0.564777
0.164975 0.295228 -0.251104 0.192248 -0.775105 -0.601875
0.293934 -0.172255 -0.224816 0.198877 -0.796046 -0.571628
-0.0656694 0.0125788 0.292951 -0.0178338 0.177216 0.98401
-0.00207756 -0.235019 0.11772 0.263421 -0.948563 0.175607
-0.148361 -0.118795 -0.0932247 0.192245 -0.775095 -0.601888
0.319025 0.0273214 0.297267 -0.0178336 0.177216 0.98401
0.157592 0.0113035 0.297226 -0.0178336 0.177216 0.98401
0.368215 -0.179685 -0.138846 0.263421 -0.948563 0.175607
-0.114131 -0.187414 0.249256 -0.964516 -0.262341 0.0297639
0.3386 0.373343 0.235305 -0.0178336 0.177216 0.98401
0.070537 0.184204 -0.328302 0.0178337 -0.177216 -0.98401
0.0891636 0.274859 -0.31514 -0.173656 0.545424 -0.819973
0.186937 0.256475 -0.259768 -0.261353 0.932673 -0.248627
0.280135 0.435441 -0.00585446 -0.263421 0.948563 -0.175607
-0.0220018 0.119737 -0.318369 0.0178337 -0.177216 -0.98401
0.432436 -0.163702 0.227866 -0.0178337 0.177216 0.98401
-0.0348321 -0.121823 0.22677 0.211603 -0.700662 0.681393
0.344914 -0.0783662 -0.276042 0.0178337 -0.177216 -0.98401
0.0847992 -0.247185 -0.0783154 0.263421 -0.948563 0.175607
-0.111112 0.0912571 0.277957 -0.0178338 0.177216 0.98401
0.458922 0.207919 -0.0946384 0.964516 0.262341 -0.0297662
0.074586 0.235339 -0.337438 0.0178337 -0.177216 -0.98401
0.403773 -0.0231092 -0.284926 0.0178337 -0.177216 -0.98401
0.296165 -0.149678 -0.203483 -0.201027 0.802785 0.56136
0.0168322 0.307354 0.186447 -0.0858837 0.205136 -0.974958
-0.0703876 0.300462 -0.209157 -0.263421 0.948563 -0.175607
0.254014 -0.159578 0.141074 0.263421 -0.948563 0.175607
0.542865 -0.137772 -0.21793 0.243312 -0.926957 -0.28557
0.073517 -0.133771 0.230186 -0.224291 0.87362 0.431835
0.343504 0.333671 -0.248663 0.0822829 -0.4058 -0.91025
0.217078 0.4229 0.0209951 -0.263421 0.948563 -0.175607
-0.222609 0.211344 0.248637 -0.964516 -0.262341 0.0297662
-0.216616 0.073864 -0.0689388 -0.964516 -0.26234 0.0297661
0.158958 0.255314 -0.24791 -0.203472 0.666727 -0.71699
-0.0573218 0.298804 -0.237712 -0.263421 0.948563 -0.175607
-0.0222943 0.29058 -0.281078 -0.173656 0.545424 -0.819973
0.260501 0.392406 -0.208863 -0.263421 0.948563 -0.175607
0.481692 0.0264467 -0.292439 0.0178337 -0.177216 -0.98401
0.280375 -0.168736 -0.234434 0.198877 -0.796046 -0.571628
0.311078 0.384289 0.176501 -0.122138 0.343392 -0.931216
0.484748 -0.089355 0.215425 -0.0178337 0.177216 0.98401
-0.0653454 -0.030265 0.300672 -0.0178337 0.177216 0.98401
0.418243 0.379694 0.101182 0.964512 0.262353 -0.029788
-0.100146 -0.211298 -0.17902 0.263594 -0.963237 0.0518846
0.0320126 -0.134157 0.220081 -0.0946853 0.448934 0.888534
0.478177 0.116276 -0.278382 0.964517 0.262341 -0.0297483
0.495782 0.0555826 -0.242865 0.964516 0.262341 -0.0297661
0.471805 0.13639 0.280394 -0.0178337 0.177216 0.98401
0.51874 -0.00745535 -0.054522 0.964516 0.262341 -0.0297662
0.259307 0.152643 -0.319197 0.0178337 -0.177216 -0.98401
0.279083 0.332124 -0.341116 -0.114321 0.313344 -0.942733
0.35849 -0.106536 0.248459 0.173656 -0.545424 0.819973
0.308764 0.0203751 0.298333 -0.0178336 0.177216 0.98401
-0.193779 0.0434642 -0.296766 -0.964516 -0.262341 0.0297662
-0.00374021 -0.281115 -0.214483 0.21864 -0.856829 -0.466948
0.184536 0.131286 -0.316706 0.0178337 -0.177216 -0.98401
0.28562 0.406185 -0.172113 -0.263421 0.948563 -0.175607
0.369339 0.418473 -0.23132 -0.263421 0.948563 -0.175607
0.217248 -0.069828 0.259858 -0.0084789 -0.081905 -0.996604
0.0140262 -0.229107 0.125498 0.263421 -0.948563 0.175607
-0.495485 -0.0831139 0.00981485 -0.964515 -0.262346 0.0297691
0.521619 -0.231326 -0.139432 0.0178337 -0.177216 -0.98401
0.335681 -0.129469 -0.212969 -0.0946858 0.448936 0.888533
0.448158 -0.0821098 0.258208 0.253113 -0.886687 0.386937
0.125225 0.156974 0.270405 -0.0178337 0.177216 0.98401
0.141194 -0.196008 -0.185425 -0.262515 0.964926 -0.00205873
-0.232365 0.316379 0.203296 -0.225637 0.877573 0.423029
-0.108859 0.318917 0.216561 0.964517 0.262339 -0.0297671
0.51697 -0.0244622 -0.261747 0.964516 0.262341 -0.0297661
0.448914 0.279742 0.21407 0.964516 0.262344 -0.0297559
-0.204299 -0.00868395 0.0320227 0.0477189 -0.0623289 0.996914
0.446852 -0.146903 0.225102 -0.0178337 0.177216 0.98401
-0.222321 0.161498 -0.181339 -0.964518 -0.262334 0.0297653
0.206139 -0.0266849 -0.287864 0.0178337 -0.177216 -0.98401
-0.194988 0.15646 0.264694 -0.0178337 0.177216 0.98401
-0.102439 -0.247705 0.0967363 -0.964517 -0.262337 0.029766
0.260516 0.396681 -0.185795 -0.263421 0.948563 -0.175607
-0.105526 0.30891 0.236363 0.964517 0.262339 -0.0297671
0.166668 -0.103148 0.291337 0.173656 -0.545424 0.819973
0.0149728 0.333411 0.149075 0.232773 -0.791726 0.564789
0.448824 0.226345 -0.259449 0.964516 0.262337 -0.0297929
0.195954 0.383676 -0.159193 -0.263421 0.948563 -0.175607
0.16706 -0.169379 -0.209909 -0.03094 0.224271 0.974036
-0.0504021 -0.29846 -0.201814 0.243312 -0.926957 -0.285571
-0.341852 -0.00742765 0.00242662 -0.260785 0.964215 0.0477618
0.263955 0.427963 0.193178 -0.964516 -0.262339 0.0297669
0.0166103 0.367279 0.0212621 -0.263421 0.948563 -0.175607
0.126436 -0.0620604 0.309874 -0.0178336 0.177216 0.98401
0.123971 0.285086 -0.315709 -0.173656 0.545424 -0.819973
0.518805 -0.0032181 -0.0150779 0.964516 0.262341 -0.0297662
-0.191385 0.0893152 0.184904 -0.964516 -0.262341 0.0297662
0.542977 -0.205423 0.00979341 0.552691 -0.818386 0.157405
0.0277831 -0.19263 -0.159334 0.0696777 -0.361663 -0.929701
0.135924 -0.194449 0.129856 0.263421 -0.948563 0.175607
0.279002 -0.0366744 0.250308 0.173268 -0.714003 -0.678364
0.190495 0.293178 -0.287876 0.144834 -0.431461 0.890429
0.142766 -0.223734 -0.0385943 0.263421 -0.948563 0.175607
0.449299 0.25522 0.0104461 0.964516 0.262341 -0.0297662
-0.116069 -0.190686 0.157611 -0.964516 -0.262341 0.0297661
0.111966 -0.21668 0.0457096 0.263421 -0.948563 0.175607
0.436983 0.307314 0.0704896 0.964516 0.26234 -0.0297644
0.446858 -0.0177767 0.205722 -0.0568934 0.316606 0.946849
0.273907 -0.151689 0.153846 0.263421 -0.948563 0.175607
