ply
format ascii 1.0
comment Created by Open3D
element vertex 2096
property double x
property double y
property double z
property double nx
property double ny
property double nz
end_header
-0.112098 -0.202942 0.178256 -0.964516 -0.262341 0.0297662
-0.0905989 -0.21089 -0.188423 0.252849 -0.885349 0.390159
0.319295 0.308241 0.24668 -0.0178336 0.177216 0.98401
0.398765 0.451986 0.107166 0.964516 0.262341 -0.0297661
0.402037 -0.0693919 0.284064 -0.964517 -0.262338 0.0297622
0.0853446 0.33481 0.237655 -0.0178337 0.177216 0.98401
0.193549 -0.227446 -0.182883 0.198877 -0.796046 -0.571628
0.241592 0.3569 -0.29285 -0.173656 0.545424 -0.819973
0.450752 -0.165631 0.0811935 -0.964516 -0.26234 0.029766
0.0432688 0.0736789 0.283921 -0.0178337 0.177216 0.98401
-0.118236 -0.193374 0.0637062 -0.964516 -0.262341 0.0297661
0.205483 -0.0861438 0.214308 -0.0946828 0.448926 0.888539
-0.228244 0.205257 0.0124051 -0.964516 -0.26234 0.0297661
-0.200582 0.254751 0.145119 0.0347138 -0.0142442 0.999296
0.301464 0.319971 -0.345584 -0.0530708 0.0822001 -0.995202
0.469054 -0.0858479 -0.171568 -0.0733401 0.15791 -0.984726
0.458979 0.221744 0.0290761 0.964516 0.26234 -0.0297654
0.291873 0.232311 0.259858 -0.0178336 0.177216 0.98401
-0.0307674 -0.22959 0.190085 0.263421 -0.948563 0.175607
0.322469 0.21411 0.26369 -0.0178336 0.177216 0.98401
0.418252 0.368803 0.00545678 0.964516 0.262341 -0.0297662
0.189299 0.0219114 -0.296921 0.0178337 -0.177216 -0.98401
0.0697055 -0.203245 0.181671 0.263421 -0.948563 0.175607
0.395472 -0.0434506 0.24484 -0.226273 0.763241 -0.605197
-0.11535 -0.0530987 0.303878 -0.0178337 0.177216 0.98401
0.449541 -0.146232 -0.245131 0.176124 -0.723293 -0.667703
0.119649 -0.0949303 0.306761 0.173656 -0.545424 0.819973
0.416343 0.364319 -0.0958961 0.964516 0.262341 -0.0297662
0.231869 0.0165775 0.297623 -0.0178336 0.177216 0.98401
0.357603 0.43351 -0.132489 -0.263421 0.948563 -0.175607
0.466527 -0.0585792 0.283665 0.2051 -0.673489 0.710174
0.129097 0.243193 -0.252097 -0.244024 0.842728 -0.479857
0.181712 -0.172729 0.178493 0.263421 -0.948563 0.175607
0.0288591 0.266812 0.248877 -0.0178337 0.177216 0.98401
-0.148395 0.33197 0.0780529 -0.263421 0.948563 -0.175607
-0.0904035 -0.305874 -0.209348 0.225637 -0.877573 -0.423029
0.234084 -0.197854 -0.0357862 0.263421 -0.948563 0.175607
0.43536 -0.0655717 -0.276707 0.0178337 -0.177216 -0.98401
-0.166333 0.273971 0.190246 0.0822855 -0.405809 -0.910246
0.441327 0.252251 -0.274033 0.964516 0.262341 -0.0297718
0.305282 0.152012 -0.31825 0.0178337 -0.177216 -0.98401
-0.230181 0.128948 -0.0230174 -0.964516 -0.262341 0.0297655
0.168453 -0.199981 0.0511762 0.263421 -0.948563 0.175607
-0.233823 0.22295 -0.0124553 -0.964516 -0.26234 0.0297661
0.18077 -0.0855463 0.300058 0.173656 -0.545424 0.819973
-0.0382007 0.233808 -0.239034 0.118756 -0.531759 -0.838528
0.194053 0.392631 0.207963 -0.198877 0.796046 0.571628
-0.135307 -0.14548 0.000333471 0.262515 -0.964926 0.00206726
0.115845 0.247132 -0.338814 0.0178337 -0.177216 -0.98401
-0.0533947 0.195252 -0.272844 -0.192246 0.775099 0.601883
0.349092 0.441969 0.21886 -0.0995644 0.46582 0.87926
0.480768 0.143075 0.0417402 0.964516 0.262341 -0.0297662
0.459802 0.213779 -0.0144734 0.964516 0.262341 -0.0297662
0.311318 -0.178567 -0.0474589 0.263421 -0.948563 0.175607
0.388664 0.440916 -0.139078 -0.263421 0.948563 -0.175607
0.374766 0.037601 -0.296386 0.0178337 -0.177216 -0.98401
-0.174191 -0.0187468 -0.210355 -0.964516 -0.262341 0.0297661
0.446254 0.293643 0.250412 0.964516 0.262341 -0.0297662
-0.110793 -0.221763 0.0546884 -0.964516 -0.262341 0.0297661
0.5242 -0.0218478 0.295603 0.137099 -0.401301 0.905628
0.480356 -0.153944 -0.218694 0.243312 -0.926957 -0.28557
0.0386142 0.382891 0.167447 -0.198877 0.796046 0.571628
0.0755409 0.341256 -0.207705 -0.263421 0.948563 -0.175607
0.153329 0.126819 0.276345 -0.0178336 0.177216 0.98401
-0.145545 -0.124321 -0.212603 -0.964516 -0.262341 0.0297661
0.363406 0.471916 0.0662611 -0.263421 0.948563 -0.175607
-0.139902 0.26086 0.145111 -0.0696778 0.361663 0.929701
0.413609 -0.12218 -0.26602 0.0626062 -0.336776 -0.939501
0.154593 -0.142642 -0.191536 0.261352 -0.932668 0.248647
-0.0694856 -0.0882544 -0.281771 0.0178336 -0.177216 -0.98401
-0.158161 -0.0342066 0.172832 -0.964516 -0.262341 0.0297661
-0.219961 0.163482 -0.0873898 -0.964516 -0.26234 0.029766
0.424589 0.368157 0.205108 0.964516 0.262341 -0.0297662
0.245196 0.0537839 -0.301649 0.0178337 -0.177216 -0.98401
0.377112 -0.0271248 -0.284686 0.0178337 -0.177216 -0.98401
0.448317 -0.0305301 0.216223 -0.209309 0.82848 0.519433
-0.32534 -0.0731636 -0.0091968 0.242547 -0.924948 -0.292647
0.212859 0.211076 -0.330562 0.0178337 -0.177216 -0.98401
0.239489 0.252359 0.255298 -0.0178336 0.177216 0.98401
0.540298 -0.143183 0.147698 0.964516 0.26234 -0.0297661
0.123149 0.382124 -0.0583649 -0.263421 0.948563 -0.175607
0.403352 0.412199 -0.0948616 0.964516 0.26234 -0.029766
0.176583 -0.181367 -0.252955 0.198877 -0.796046 -0.571628
0.141226 0.320978 -0.295488 -0.173656 0.545424 -0.819973
0.0118509 -0.235936 0.0918746 0.263421 -0.948563 0.175607
0.247572 0.200063 0.264862 -0.0178336 0.177216 0.98401
0.0887988 0.317551 0.180124 -0.17612 0.555297 -0.81279
0.0543843 -0.200413 0.219954 0.263421 -0.948563 0.175607
-0.232781 0.25085 -0.233539 -0.263421 0.948563 -0.175607
0.447881 -0.147488 0.148087 -0.964516 -0.26234 0.029766
-0.233714 0.209367 -0.128624 -0.964516 -0.26234 0.0297661
-0.181623 -0.0323214 0.129104 -0.964516 -0.262341 0.029766
0.137083 -0.166762 -0.209157 0.0858867 -0.205147 0.974955
-0.0228519 0.315277 -0.200438 -0.263421 0.948563 -0.175607
0.117484 -0.234617 -0.0594554 0.263421 -0.948563 0.175607
-0.0772373 -0.245737 -0.197751 -0.141645 0.609292 0.780192
0.524903 -0.0254818 -0.0136814 0.964516 0.262341 -0.0297662
0.405056 0.235805 -0.331533 0.0178337 -0.177216 -0.98401
0.489932 0.102914 -0.0152737 0.964516 0.262341 -0.0297662
-0.134681 -0.118359 0.191982 -0.964516 -0.262341 0.0297661
0.273272 0.455372 0.184625 -0.232092 0.896205 0.378088
-0.133594 0.0519342 -0.30818 0.0178336 -0.177216 -0.98401
0.157794 0.376105 -0.142848 -0.263421 0.948563 -0.175607
0.260437 0.137294 -0.316412 0.0178337 -0.177216 -0.98401
-0.184641 -0.0457672 -0.0872218 -0.964516 -0.262341 0.0297661
0.338949 0.222108 -0.330264 0.0178337 -0.177216 -0.98401
-6.73799e-05 0.364015 0.0286515 -0.263421 0.948563 -0.175607
0.466767 0.179322 -0.0924528 0.964516 0.262341 -0.0297662
0.539302 -0.0937625 -0.148896 0.964516 0.262341 -0.0297662
0.485775 -0.212796 -0.143419 0.0178337 -0.177216 -0.98401
0.14003 0.413885 0.087874 -0.263421 0.948563 -0.175607
-0.203649 0.254193 -0.259183 -0.263421 0.948563 -0.175607
-0.237713 -0.028564 0.030701 0.122139 -0.343397 0.931215
0.328693 -0.157921 0.0380006 0.263421 -0.948563 0.175607
0.304664 0.0323294 0.296105 -0.0178336 0.177216 0.98401
0.27183 -0.0577369 0.258254 -0.03472 0.014267 -0.999295
0.360857 0.171885 0.27199 -0.0178336 0.177216 0.98401
0.492066 -0.194609 0.148393 0.263421 -0.948563 0.175607
0.190686 -0.0752362 -0.2794 0.0178337 -0.177216 -0.98401
-0.172491 0.298404 -0.0671081 -0.263421 0.948563 -0.175607
0.0182674 -0.159831 0.311052 0.137099 -0.4013 0.905628
0.00614581 -0.205722 -0.157054 -0.00848549 -0.081881 -0.996606
0.447585 0.24705 -0.117093 0.964516 0.262341 -0.0297662
0.5188 -0.0151808 -0.120657 0.964516 0.26234 -0.0297654
-0.208853 0.0675526 0.12698 -0.964516 -0.26234 0.0297655
-0.0403677 -0.201381 -0.196147 0.211606 -0.700674 0.68138
0.156326 0.38668 -0.0835221 -0.263421 0.948563 -0.175607
0.49606 0.0521883 -0.263765 0.964516 0.262341 -0.0297661
0.000496747 -0.183984 -0.183204 0.264017 -0.959154 0.101582
-0.104956 -0.0999545 -0.280307 0.0178337 -0.177216 -0.98401
0.255753 0.0514119 0.291782 -0.0178336 0.177216 0.98401
0.461246 -0.204419 0.14163 0.263421 -0.948563 0.175607
-0.197272 0.270871 0.243994 -0.024294 0.200445 0.979404
-0.175291 -0.0589771 -0.144113 0.0696756 -0.361656 -0.929705
0.500738 0.0739393 0.0795185 0.964516 0.262341 -0.0297662
0.440902 0.284822 -0.000747319 0.964516 0.262341 -0.0297662
0.491119 0.0831533 -0.150967 0.964516 0.262341 -0.0297662
0.250659 -0.204091 -0.195537 0.198877 -0.796046 -0.571628
-0.165967 0.0678224 0.281184 -0.0178337 0.177216 0.98401
0.0599646 -0.180581 -0.262797 0.0178337 -0.177216 -0.98401
0.429935 -0.0979912 -0.17064 -0.0858873 0.20515 -0.974955
0.0848937 0.359289 0.216417 -0.198877 0.796046 0.571628
0.223127 -0.131189 -0.205733 0.20347 -0.666721 0.716996
-0.0966209 0.179527 0.262323 -0.0178338 0.177216 0.98401
-0.203915 0.0972726 -0.150968 -0.964516 -0.262342 0.029766
0.15563 0.388057 0.200965 -0.198877 0.796046 0.571628
0.0269439 -0.249691 -0.00506588 0.263421 -0.948563 0.175607
-0.0867578 -0.0698957 0.307422 -0.0178337 0.177216 0.98401
-0.0257381 -0.166927 -0.26681 0.0178337 -0.177216 -0.98401
0.000315336 0.182399 0.263562 -0.0178337 0.177216 0.98401
0.177431 -0.145489 -0.266988 0.0178337 -0.177216 -0.98401
0.379397 0.00116584 -0.28974 0.0178337 -0.177216 -0.98401
0.23688 -0.125205 0.261795 0.173656 -0.545424 0.819973
0.325865 0.00339235 0.301701 -0.0178336 0.177216 0.98401
-0.21187 0.06474 0.00444731 -0.964516 -0.26234 0.0297652
0.19189 -0.131897 -0.188588 0.263594 -0.963237 0.0518846
0.173124 -0.026355 -0.288522 0.0178337 -0.177216 -0.98401
0.387625 0.119768 -0.310951 0.0178337 -0.177216 -0.98401
-0.108796 -0.203328 0.281876 -0.964516 -0.262341 0.0297658
-0.179434 0.313524 0.0249773 -0.263421 0.948563 -0.175607
-0.211035 0.161778 0.186808 -0.964516 -0.262341 0.0297662
0.150491 -0.177638 0.198811 0.263421 -0.948563 0.175607
0.0611869 0.376075 0.184792 -0.198877 0.796046 0.571628
0.136188 -0.0543258 -0.284154 0.0178337 -0.177216 -0.98401
-0.118986 -0.175279 0.198897 -0.964516 -0.262341 0.029766
-0.147983 0.210299 -0.329601 -0.0904434 0.222377 -0.970757
-0.110769 -0.203712 0.214538 -0.964516 -0.262341 0.029766
-0.0486212 -0.0212396 -0.293462 0.0178336 -0.177216 -0.98401
0.201629 0.368144 -0.251605 -0.263421 0.948563 -0.175607
0.327251 0.327407 -0.247439 0.0568932 -0.316605 -0.94685
0.208129 0.0559465 -0.30271 0.0178337 -0.177216 -0.98401
0.539936 -0.161979 -0.0296636 0.964516 0.26234 -0.0297661
0.473768 0.131495 -0.287138 0.964516 0.262341 -0.0297663
0.291656 -0.138945 -0.167337 -0.122142 0.343408 -0.93121
-0.136671 0.284413 -0.196419 -0.263421 0.948563 -0.175607
-0.221238 0.0975767 -0.00972641 -0.964516 -0.262341 0.029765
0.0425203 -0.0792434 0.311448 -0.0178336 0.177216 0.98401
0.282779 0.436431 -0.00447314 -0.263421 0.948563 -0.175607
0.203246 0.382927 -0.174177 -0.263421 0.948563 -0.175607
0.44461 0.295963 0.217599 0.964516 0.262341 -0.0297662
0.531035 -0.171613 -0.150016 0.0178337 -0.177216 -0.98401
-0.127972 -0.156238 0.0755158 -0.964516 -0.262341 0.0297661
-0.0925014 -0.285332 -0.0184087 0.263421 -0.948563 0.175607
0.368864 0.343968 -0.346968 -0.0781664 0.176046 -0.981274
0.215695 0.41535 -0.0177168 -0.263421 0.948563 -0.175607
0.397619 0.422068 -0.19365 0.964516 0.262341 -0.0297661
0.453738 0.26546 0.244531 0.964516 0.262341 -0.0297662
-0.100438 0.211263 -0.234301 0.0568942 -0.316609 -0.946848
0.184234 -0.176383 -0.168944 -0.203472 0.666728 -0.716989
0.071569 0.363283 -0.0827608 -0.263421 0.948563 -0.175607
0.0802266 -0.202876 -0.256525 0.198877 -0.796046 -0.571628
0.495429 0.0879246 0.0307482 0.964516 0.262341 -0.0297662
-0.230673 0.226022 0.116693 -0.964516 -0.26234 0.0297661
0.0994097 0.236097 -0.249644 -0.232777 0.791744 -0.564762
-0.00126249 0.369337 0.0591894 -0.263421 0.948563 -0.175607
0.310557 0.377631 -0.31635 -0.227275 0.767599 -0.599282
-0.144182 0.340119 0.201084 -0.225638 0.877575 0.423023
0.377201 -0.0763492 -0.27582 0.0178337 -0.177216 -0.98401
0.0550448 -0.184586 0.260806 0.173656 -0.545424 0.819973
-0.230103 0.12437 -0.0608373 -0.964516 -0.262341 0.029766
0.398992 0.439852 0.00754912 0.964516 0.262341 -0.0297661
0.429691 0.352952 0.23642 0.964516 0.262341 -0.0297662
-0.0212683 0.331195 0.218605 -0.198877 0.796046 0.571628
0.266824 -0.0363544 0.221951 0.244023 -0.842725 0.479862
0.163456 -0.209807 0.00559472 0.263421 -0.948563 0.175607
0.440262 -0.253049 -0.0959647 -0.964516 -0.26234 0.029766
-0.0635917 -0.221585 -0.203014 0.0858867 -0.205147 0.974955
-0.177924 0.244876 0.24908 -0.0178338 0.177216 0.98401
-0.084709 -0.0104888 0.29676 -0.0178337 0.177216 0.98401
-0.23908 0.244434 0.00655807 -0.964516 -0.26234 0.0297661
-0.0185289 0.305491 -0.25978 -0.263421 0.948563 -0.175607
-0.0461173 0.00821766 0.29409 -0.0178338 0.177216 0.98401
-0.189812 -0.0105438 0.0556635 -0.964518 -0.262335 0.0297669
0.292647 -0.0307258 0.247252 0.201025 -0.802778 -0.56137
0.182861 -0.100385 0.221212 -0.182984 0.745477 0.640921
0.488626 0.0893178 -0.177419 0.964516 0.262341 -0.0297662
0.315411 0.399451 -0.253176 -0.263421 0.948563 -0.175607
-0.017867 0.139453 0.270967 -0.0178337 0.177216 0.98401
-0.146008 -0.0262854 -0.294318 0.0178337 -0.177216 -0.98401
0.229031 0.400719 -0.116749 -0.263421 0.948563 -0.175607
-0.130992 -0.17411 -0.179851 -0.964516 -0.262341 0.0297661
0.319478 -0.085125 0.270962 0.173656 -0.545424 0.819973
-0.240786 0.254809 0.0427231 -0.964516 -0.26234 0.0297661
-0.0804809 0.261671 0.162007 -0.255383 0.955609 0.146936
-0.0578794 -0.304116 -0.179074 0.262591 -0.964895 0.00479314
0.0724354 0.0453141 -0.303254 0.0178337 -0.177216 -0.98401
0.454429 -0.0126899 0.252091 -0.0858845 0.205139 -0.974957
0.0863904 -0.00652141 -0.293666 0.0178337 -0.177216 -0.98401
0.451737 -0.0204049 -0.284544 0.0178337 -0.177216 -0.98401
0.224295 -0.101091 0.280501 0.173656 -0.545424 0.819973
-0.158529 -0.123859 0.0706539 -0.964516 -0.262341 0.0297647
0.22332 -0.132031 -0.169714 0.152575 -0.645835 -0.748076
0.48153 0.132994 -0.0224025 0.964516 0.26234 -0.0297654
0.419344 0.328322 -0.315911 0.964516 0.262341 -0.0297663
-0.029566 -0.267642 -0.0172653 0.263421 -0.948563 0.175607
-0.22824 0.00186525 -0.0338461 -0.133656 0.387923 -0.91195
0.0399929 0.0457289 0.288895 -0.0178337 0.177216 0.98401
-0.249781 0.292179 0.0806162 -0.964516 -0.26234 0.0297661
-0.114433 -0.0211089 -0.294678 0.0178336 -0.177216 -0.98401
-0.342161 -0.0620333 -0.027979 0.106853 -0.490956 -0.864607
-0.0647656 -0.0457594 -0.289339 0.0178336 -0.177216 -0.98401
0.242634 0.321736 0.24286 -0.0178336 0.177216 0.98401
0.401936 0.411254 -0.149071 0.964516 0.26234 -0.029766
0.29168 -0.152378 -0.200879 -0.224292 0.873623 0.431829
0.298409 -0.15498 0.0993105 0.263421 -0.948563 0.175607
0.107118 0.182953 -0.327414 0.0178337 -0.177216 -0.98401
0.144095 0.276087 -0.241316 0.0439719 -0.270777 -0.961637
0.0247322 -0.0913394 -0.279508 0.0178337 -0.177216 -0.98401
-0.115243 -0.226898 -0.134761 -0.964516 -0.262341 0.0297661
-0.189987 0.0322142 -0.273044 -0.964516 -0.262341 0.0297661
0.223597 0.171624 0.26955 -0.0178336 0.177216 0.98401
-0.218737 0.173555 0.0410427 -0.964516 -0.262341 0.0297662
-0.408331 -0.0940909 -0.0107163 0.224292 -0.873623 -0.431828
0.130703 -0.191916 0.151366 0.263421 -0.948563 0.175607
0.331828 0.42465 -0.141688 -0.263421 0.948563 -0.175607
-0.495302 -0.0823281 0.022692 -0.964516 -0.262343 0.0297663
0.44153 0.272034 -0.0931251 0.964516 0.262341 -0.0297662
0.420739 -0.163517 -0.130305 0.263421 -0.948563 0.175607
0.4372 -0.0701889 0.281007 0.21301 -0.706582 0.67481
-0.0929483 -0.195591 0.311744 0.158556 -0.485386 0.859802
-0.122921 -0.18164 0.0153235 -0.964516 -0.262341 0.0297661
0.147442 -0.114596 0.245771 -0.256322 0.903376 -0.343819
0.225964 -0.14808 0.245255 0.263421 -0.948563 0.175607
0.0397438 0.0163963 0.294173 -0.0178337 0.177216 0.98401
-0.202882 0.25541 0.193694 -0.00848252 -0.0818918 -0.996605
-0.186738 0.138783 -0.324785 0.0178338 -0.177217 -0.98401
0.235846 0.351979 0.142108 -0.201027 0.802786 0.561358
-0.241646 0.261827 0.0766911 -0.964516 -0.26234 0.0297661
-0.0439337 -0.240327 -0.1638 -0.219211 0.732865 -0.644093
0.503034 0.0879917 0.289676 -0.0178337 0.177216 0.98401
0.192159 0.385176 -0.145398 -0.263421 0.948563 -0.175607
0.317679 -0.104501 -0.174365 0.17327 -0.714009 -0.678357
-0.12685 -0.155581 0.117673 -0.964516 -0.26234 0.0297664
0.1192 0.318595 0.148332 -0.217071 0.852113 0.476218
-0.271724 -0.0438739 0.0287512 0.166099 -0.515278 0.840774
0.296324 0.417477 -0.127174 -0.263421 0.948563 -0.175607
-0.299905 -0.0334506 0.0350387 0.0347159 -0.014252 0.999296
0.210767 0.0526631 0.290742 -0.0178336 0.177216 0.98401
0.138536 0.354736 -0.229387 -0.263421 0.948563 -0.175607
0.247981 0.194438 -0.326929 0.0178337 -0.177216 -0.98401
0.0798286 -0.0992021 0.262145 0.0822802 -0.405791 -0.910255
0.495453 0.0591906 -0.221721 0.964516 0.262342 -0.0297574
0.315457 0.250894 0.256938 -0.0178336 0.177216 0.98401
0.492371 0.124243 0.251751 0.964516 0.262341 -0.0297654
0.226643 0.380093 -0.224583 -0.263421 0.948563 -0.175607
0.0154088 0.00172364 0.296375 -0.0178337 0.177216 0.98401
0.476611 0.169529 0.140187 0.964516 0.262341 -0.0297662
0.390629 -0.141609 0.0332057 0.263421 -0.948563 0.175607
-0.206332 0.196421 -0.327254 -0.102509 0.268195 -0.957895
-0.108644 0.229308 0.25314 -0.0178338 0.177216 0.98401
0.516309 0.00641665 -0.011037 0.964516 0.262341 -0.0297662
0.272745 0.0214907 0.297479 -0.0178336 0.177216 0.98401
0.302096 0.373927 0.135809 -0.152574 0.645832 0.748079
0.0691232 -0.172381 -0.166407 0.163127 -0.680772 -0.7141
0.229462 -0.217974 -0.137531 0.263421 -0.948563 0.175607
0.445899 0.28249 0.140605 0.964516 0.262341 -0.0297662
0.434741 -0.203082 0.165538 -0.964516 -0.26234 0.029766
-0.0903615 0.294969 0.144124 0.144834 -0.431461 0.890429
0.534015 -0.196729 0.0740123 0.263421 -0.948563 0.175607
0.364209 0.466522 0.202404 -0.176124 0.723292 0.667704
0.135872 0.34292 0.23711 -0.0178337 0.177216 0.98401
0.215726 0.421635 0.016189 -0.263421 0.948563 -0.175607
0.154129 -0.243529 -0.162568 0.263421 -0.948563 0.175607
0.498834 -0.0728607 -0.274244 0.0178337 -0.177216 -0.98401
0.360551 0.142057 0.277357 -0.0178336 0.177216 0.98401
0.0147423 0.292872 0.147611 -0.182986 0.745484 0.640914
0.484388 -0.0721296 0.257378 0.253113 -0.886686 0.38694
-0.0311672 -0.224914 -0.256465 0.0178337 -0.177216 -0.98401
0.41342 0.358144 -0.245053 0.964515 0.262344 -0.0297667
0.4379 0.312286 0.144004 0.964516 0.262341 -0.0297662
0.190151 0.15203 -0.32034 0.0178337 -0.177216 -0.98401
0.449017 0.222569 -0.286473 0.964516 0.262341 -0.0297663
-0.182837 -0.0487498 -0.055047 -0.964516 -0.26234 0.0297655
0.387663 0.259511 -0.336117 0.0178337 -0.177216 -0.98401
-0.249234 0.271538 -0.0835716 -0.964516 -0.262341 0.0297662
-0.0507324 -0.0235118 0.299721 -0.0178338 0.177216 0.98401
0.482244 0.115826 -0.150585 0.964516 0.262341 -0.0297662
0.503743 0.0487936 -0.044712 0.964516 0.262341 -0.0297662
0.50271 0.0464802 -0.09859 0.964513 0.26235 -0.0297809
0.433265 -0.231999 -0.137179 -0.964516 -0.262341 0.0297664
0.419426 0.390116 0.231353 0.964516 0.262341 -0.0297662
-0.0197768 0.269487 -0.295641 -0.173656 0.545424 -0.819973
0.466706 0.05754 0.294502 -0.0178337 0.177216 0.98401
0.383901 0.205259 -0.326415 0.0178337 -0.177216 -0.98401
-0.134411 -0.0208758 0.29773 -0.0178337 0.177216 0.98401
-0.0757331 0.354363 0.0900163 -0.263421 0.948563 -0.175607
0.44485 -0.238987 -0.0204943 0.263421 -0.948563 0.175607
0.306008 0.294323 -0.285532 -0.182982 0.745472 0.640929
-0.139503 0.316397 -0.0194038 -0.263421 0.948563 -0.175607
0.187194 0.036986 0.293138 -0.0178336 0.177216 0.98401
-0.150363 -0.0548508 0.243538 -0.964516 -0.262341 0.0297662
0.48599 0.0830684 -0.302559 0.0178337 -0.177216 -0.98401
0.150446 0.184417 -0.326892 0.0178337 -0.177216 -0.98401
-0.368374 -0.0802891 -0.0169418 0.201027 -0.802785 -0.56136
0.469603 -0.0966657 0.216467 -0.0178337 0.177216 0.98401
-0.235372 0.259939 -0.180559 -0.263421 0.948563 -0.175607
0.375024 0.34779 0.240567 -0.0178336 0.177216 0.98401
0.210423 0.264449 -0.256219 -0.248746 0.865116 -0.435545
0.357888 0.42801 -0.162626 -0.263421 0.948563 -0.175607
0.165106 -0.0670079 0.221053 0.219213 -0.732876 0.64408
-0.0285151 0.370015 0.103731 -0.263421 0.948563 -0.175607
0.322917 0.416794 0.226891 -0.0371623 0.246511 0.968427
0.418812 0.0245346 -0.293234 0.0178337 -0.177216 -0.98401
0.414087 -0.130412 0.136733 -0.964516 -0.262339 0.0297659
0.538914 -0.0446234 0.271615 0.964517 0.262338 -0.0297687
-0.241623 0.22533 -0.244215 -0.964516 -0.262341 0.0297662
-0.1482 -0.0728688 0.154834 -0.964516 -0.262341 0.0297646
0.273668 -0.189589 -0.0505193 0.263421 -0.948563 0.175607
-0.121816 0.154884 0.266304 -0.0178338 0.177216 0.98401
0.0155677 0.388559 0.151536 -0.198877 0.796046 0.571628
0.335962 0.388129 -0.312217 -0.239351 0.821221 -0.517983
0.293612 -0.105177 0.263102 0.173656 -0.545424 0.819973
-0.180806 0.335907 0.147939 -0.263421 0.948563 -0.175607
-0.0272885 0.15647 -0.32508 0.0178337 -0.177216 -0.98401
0.39338 0.168677 0.273157 -0.0178336 0.177216 0.98401
0.0381271 0.261871 -0.31297 -0.173656 0.545424 -0.819973
0.145344 -0.22757 -0.0631862 0.263421 -0.948563 0.175607
0.497985 -0.0205722 0.227583 -0.262516 0.964926 -0.00206167
0.457736 0.19884 -0.213064 0.964516 0.262341 -0.0297662
-0.0102813 0.214744 -0.334066 -0.173656 0.545424 -0.819973
0.269076 0.365115 0.136682 -0.152574 0.645832 0.748079
-0.211688 0.122622 -0.0897347 -0.232775 0.791734 -0.564777
0.314267 -0.105576 -0.271697 0.0178337 -0.177216 -0.98401
0.0284033 -0.21567 0.176514 0.263421 -0.948563 0.175607
-0.107908 0.259934 0.150904 -0.182986 0.745484 0.640914
0.0262615 0.385408 0.10471 -0.263421 0.948563 -0.175607
0.0737524 -0.251141 -0.0831128 0.263421 -0.948563 0.175607
0.115845 0.225257 0.257938 -0.0178337 0.177216 0.98401
0.0632402 -0.216092 0.121974 0.263421 -0.948563 0.175607
0.0677578 -0.124756 -0.27271 0.0178337 -0.177216 -0.98401
0.0894982 -0.256057 -0.133289 0.263421 -0.948563 0.175607
0.491357 0.106659 0.0639283 0.964516 0.262341 -0.0297662
0.406693 0.404956 -0.0504567 0.964516 0.26234 -0.029766
0.488634 0.08562 -0.209725 0.964516 0.26234 -0.029767
-0.13235 0.287012 0.187013 0.130362 -0.571234 -0.810369
0.465298 0.16056 -0.305422 0.964516 0.262341 -0.0297663
0.544098 -0.102125 0.0162646 0.263421 -0.948563 0.175607
0.401431 -0.17697 -0.18085 0.198877 -0.796046 -0.571628
0.0961432 -0.135794 -0.270208 0.0178337 -0.177216 -0.98401
-0.108322 0.328441 -0.00111801 -0.263421 0.948563 -0.175607
-0.126179 -0.183616 -0.107667 -0.964516 -0.262341 0.0297662
-0.158701 -0.0828298 -0.273221 -0.964516 -0.262341 0.0297662
0.3025 0.4632 0.184005 -0.225639 0.877576 0.423023
0.263354 0.431866 0.208104 -0.964518 -0.262335 0.0297734
0.456809 -0.190056 0.0622083 -0.964516 -0.26234 0.029766
0.0040889 0.169626 -0.326881 0.0178337 -0.177216 -0.98401
0.466861 -0.24836 -0.104144 0.263421 -0.948563 0.175607
0.0585391 0.395819 0.112531 -0.263421 0.948563 -0.175607
0.173639 0.405716 0.182638 -0.198877 0.796046 0.571628
0.501521 0.0275308 0.238589 0.217071 -0.852112 -0.47622
-0.191992 0.280122 -0.136612 -0.263421 0.948563 -0.175607
0.00107398 0.243172 0.252631 -0.0178337 0.177216 0.98401
-0.105966 -0.232984 0.112195 -0.964516 -0.262341 0.0297661
0.287786 0.396352 -0.228476 -0.263421 0.948563 -0.175607
0.325007 -0.170253 -0.0230829 0.263421 -0.948563 0.175607
-0.127282 -0.162742 0.0405703 -0.964516 -0.262341 0.0297661
0.369866 0.282617 -0.340601 0.0178337 -0.177216 -0.98401
0.46456 -0.159839 -0.153341 0.0178339 -0.177217 -0.98401
-0.193514 0.269711 -0.190565 -0.263421 0.948563 -0.175607
0.314853 0.460692 0.0784645 -0.263421 0.948563 -0.175607
0.20002 -0.156018 -0.211545 0.0216255 0.0338642 0.999192
0.394025 0.405619 0.128822 -0.0822857 0.40581 0.910246
0.0817763 0.383215 0.00959349 -0.263421 0.948563 -0.175607
0.0106825 0.0580469 -0.306667 0.0178337 -0.177216 -0.98401
-0.108931 0.0747707 0.280966 -0.0178338 0.177216 0.98401
0.285262 -0.106768 -0.186299 0.255383 -0.955609 -0.146936
0.0975988 0.351779 -0.183947 -0.263421 0.948563 -0.175607
0.318714 0.445485 0.211922 -0.145356 0.621737 0.76962
0.477305 0.136651 -0.127076 0.964516 0.262341 -0.0297662
-0.0801126 0.217926 -0.280251 0.122141 -0.343404 0.931212
-0.0896221 0.360275 0.142788 -0.263421 0.948563 -0.175607
0.458699 0.0131554 0.243724 0.182986 -0.745482 -0.640915
0.393604 -0.134003 0.0698257 0.263421 -0.948563 0.175607
-0.027912 0.107195 0.276595 -0.0178337 0.177216 0.98401
-0.116005 0.305979 -0.110926 -0.263421 0.948563 -0.175607
0.32938 0.476739 0.144713 -0.264019 0.959029 -0.102745
0.317925 0.468784 0.117567 -0.263421 0.948563 -0.175607
0.496497 -0.083664 0.214613 -0.0178337 0.177216 0.98401
0.341428 0.355514 -0.340609 -0.1371 0.401305 -0.905626
-0.182592 0.0593952 0.206119 -0.964516 -0.262341 0.0297662
0.387614 -0.168398 -0.106976 0.263421 -0.948563 0.175607
-0.202755 0.319623 0.0929075 -0.263421 0.948563 -0.175607
0.435964 0.296534 -0.0575354 0.964516 0.262341 -0.0297662
-0.12493 -0.124385 -0.276269 0.0178337 -0.177216 -0.98401
0.191634 -0.164736 0.206782 0.263421 -0.948563 0.175607
-0.156082 0.164541 -0.328868 0.0178338 -0.177217 -0.98401
0.4804 -0.157073 -0.1855 0.263779 -0.952627 0.151403
-0.22582 0.222832 0.245828 -0.964516 -0.262341 0.0297662
0.453013 0.191929 -0.322762 0.0178337 -0.177216 -0.98401
-0.169246 0.321641 0.053539 -0.263421 0.948563 -0.175607
0.546434 -0.112742 -0.0850875 0.964516 0.26234 -0.0297661
-0.180967 0.0495545 0.172056 -0.964516 -0.262343 0.0297548
-0.210599 0.110387 -0.251966 -0.964516 -0.262341 0.0297661
0.391308 0.484247 0.187357 -0.21864 0.856829 0.466948
0.00384806 0.0723883 0.283439 -0.0178337 0.177216 0.98401
-0.182249 0.0640457 0.258217 -0.964516 -0.262341 0.0297661
0.457894 -0.227284 0.0231503 0.263421 -0.948563 0.175607
-0.190659 -0.0302577 -0.145515 -0.964516 -0.262342 0.0297663
0.46961 0.207195 0.245328 0.964516 0.262341 -0.0297662
0.359249 -0.124491 0.172741 0.263421 -0.948563 0.175607
-0.10013 -0.066279 -0.286284 0.0178337 -0.177216 -0.98401
-0.300296 -0.0586229 -0.0229009 0.17327 -0.71401 -0.678356
0.0991133 -0.182539 0.249404 0.263421 -0.948563 0.175607
-0.337291 -0.072968 0.0196279 0.238696 -0.818246 0.52297
0.0999114 0.372052 -0.0779105 -0.263421 0.948563 -0.175607
-0.200891 0.118377 0.133021 -0.964516 -0.262341 0.0297666
0.370834 -0.116667 0.197622 0.263421 -0.948563 0.175607
0.502572 0.0144866 0.302708 0.00159243 0.106958 0.994262
-0.142134 -0.0840288 0.253031 -0.964516 -0.262341 0.0297616
0.462782 0.184269 -0.178001 0.964516 0.262341 -0.0297662
0.448155 0.234408 -0.21006 0.964516 0.262341 -0.0297662
0.0676367 0.351181 0.167085 0.247444 -0.937506 -0.244649
0.350275 0.0780788 0.288693 -0.0178336 0.177216 0.98401
-0.0769072 0.302457 -0.188599 -0.263421 0.948563 -0.175607
-0.234573 0.218541 -0.0756083 -0.964516 -0.26234 0.0297661
0.404208 0.392088 -0.244377 0.964516 0.26234 -0.029766
-0.233818 0.190392 -0.29925 -0.964516 -0.262341 0.0297657
-0.198043 0.0629265 -0.263428 -0.964516 -0.262341 0.0297661
-0.14358 -0.0756426 0.280103 -0.964516 -0.262341 0.0297661
-0.0511327 -0.210994 -0.158309 0.106852 -0.490951 -0.864609
0.295606 -0.080409 -0.276567 0.0178337 -0.177216 -0.98401
0.312803 0.207693 -0.328142 0.0178337 -0.177216 -0.98401
0.117288 -0.012932 -0.291951 0.0178337 -0.177216 -0.98401
0.475175 0.178597 0.1736 0.964516 0.262341 -0.0297662
0.410775 0.377594 -0.159337 0.964512 0.262356 -0.0297691
-0.449024 -0.0726914 -0.0298085 -0.0216261 -0.0338621 -0.999193
-0.15337 -0.0971134 -0.226354 -0.964516 -0.262341 0.0297661
0.195297 0.373137 -0.215137 -0.263421 0.948563 -0.175607
0.0221304 -0.184783 -0.262726 0.0178337 -0.177216 -0.98401
0.467841 0.204679 0.165838 0.964516 0.262341 -0.0297662
0.0513557 0.310954 0.183395 -0.144835 0.431466 -0.890427
0.0414609 0.217353 -0.253785 -0.259159 0.919168 -0.296592
0.211695 -0.217841 -0.110164 0.263421 -0.948563 0.175607
0.0307058 0.318959 0.138047 0.047718 -0.0623253 0.996915
-0.173528 0.246778 0.148783 -0.130361 0.571232 0.810371
0.256611 0.115923 0.28018 -0.0178336 0.177216 0.98401
-0.157585 0.244807 0.18203 -0.232775 0.791733 -0.564779
-0.0425902 -0.165147 0.254308 -0.248745 0.86511 -0.435557
0.0956944 0.335658 -0.268174 -0.263421 0.948563 -0.175607
0.0607801 -0.0582893 -0.284807 0.0178337 -0.177216 -0.98401
0.255881 -0.132792 -0.212439 0.0982265 -0.2519 0.962755
0.304487 -0.166481 0.0280724 0.263421 -0.948563 0.175607
0.1972 0.30058 -0.248412 0.152574 -0.645832 -0.748079
0.521216 -0.00844992 0.0169402 0.964516 0.262341 -0.0297662
-0.471966 -0.080603 0.0403386 0.047719 -0.0623293 0.996914
0.485458 0.152504 0.27683 0.964516 0.262341 -0.0297662
0.33103 0.403689 0.176756 0.0309408 -0.224274 -0.974035
0.286156 0.450434 0.0661016 -0.263421 0.948563 -0.175607
-0.0477899 -0.246406 0.124785 0.263421 -0.948563 0.175607
0.427633 0.168339 -0.318973 0.0178337 -0.177216 -0.98401
0.233342 -0.0964488 -0.274807 0.0178337 -0.177216 -0.98401
0.435048 0.29185 -0.128505 0.964516 0.262341 -0.0297662
-0.106184 0.295898 -0.180113 -0.263421 0.948563 -0.175607
-0.227969 0.190857 -0.105622 -0.964516 -0.26234 0.0297661
0.440018 -0.230601 -0.0470393 -0.263421 0.948563 -0.175607
0.0146495 0.344635 -0.098109 -0.263421 0.948563 -0.175607
-0.07668 -0.276225 0.00705115 0.263421 -0.948563 0.175607
0.126146 0.356809 -0.199602 -0.263421 0.948563 -0.175607
-0.227524 0.325636 0.172139 -0.260928 0.964343 0.0442558
0.346321 0.425332 0.162851 0.224291 -0.873621 -0.431833
0.329675 0.0669073 -0.302481 0.0178337 -0.177216 -0.98401
0.145877 -0.0742649 0.312425 -0.0178336 0.177216 0.98401
-0.0162093 0.0812763 -0.311337 0.0178337 -0.177216 -0.98401
0.452927 0.0359523 -0.294672 0.0178337 -0.177216 -0.98401
-0.140731 -0.127104 -0.08113 -0.964516 -0.26234 0.0297656
0.382852 -0.148444 0.00795 0.263421 -0.948563 0.175607
0.41823 0.343296 -0.220063 0.964518 0.262335 -0.0297646
0.541734 -0.173744 0.177783 0.668955 -0.729325 0.143472
0.180551 -0.216975 -0.0587643 0.263421 -0.948563 0.175607
0.0605843 -0.229315 0.0545322 0.263421 -0.948563 0.175607
0.421888 -0.0223792 -0.28473 0.0178337 -0.177216 -0.98401
-0.487593 -0.0545528 -0.0153284 -0.226274 0.763249 -0.605187
-0.13436 -0.126696 0.128897 -0.964516 -0.262341 0.0297659
-0.434096 -0.0663022 0.0391161 0.00848302 0.08189 0.996605
-0.190112 -0.0229732 0.0253919 0.176122 -0.555306 0.812783
0.468493 0.176233 -0.063772 0.964516 0.262341 -0.0297662
0.359798 0.412091 0.228711 -0.0178336 0.177216 0.98401
0.10631 0.29188 0.245766 -0.0178337 0.177216 0.98401
0.543481 -0.0857743 0.056901 0.964516 0.26234 -0.0297661
0.479622 0.131395 -0.0983375 0.964516 0.262341 -0.0297662
-0.198607 0.154182 -0.241768 -0.244024 0.842728 -0.479857
0.509598 0.0545686 0.195912 0.964516 0.262341 -0.0297662
0.0256705 -0.0272795 -0.291028 0.0178337 -0.177216 -0.98401
-0.0922438 0.111989 0.274565 -0.0178338 0.177216 0.98401
0.262815 -0.206136 -0.123618 0.263421 -0.948563 0.175607
-0.0129967 0.341233 -0.0750168 -0.263421 0.948563 -0.175607
0.111605 0.345207 -0.240459 -0.263421 0.948563 -0.175607
0.481072 0.107903 -0.258379 0.964516 0.262341 -0.0297661
0.35322 -0.189345 -0.168534 0.263421 -0.948563 0.175606
0.293799 0.428201 0.219859 -0.111443 0.506726 0.854874
0.0710982 -0.000942273 0.297864 -0.0178336 0.177216 0.98401
0.474189 0.186317 0.209671 0.964516 0.262341 -0.0297654
-0.134359 -0.131377 0.0876849 -0.964516 -0.26234 0.0297664
0.16555 0.366433 -0.206724 -0.263421 0.948563 -0.175607
-0.208077 0.101926 -0.114235 -0.203471 0.666726 -0.71699
-0.113481 0.350258 0.159977 -0.198877 0.796046 0.571628
0.197558 0.279969 0.249565 -0.0178337 0.177216 0.98401
0.114805 -0.118641 0.292015 0.173656 -0.545424 0.819973
0.0804843 0.358628 -0.121281 -0.263421 0.948563 -0.175607
0.084574 -0.0827147 0.241297 0.260785 -0.964215 -0.0477476
0.196922 0.344168 0.174481 -0.20347 0.666721 -0.716996
0.00639044 0.255525 -0.252533 0.237047 -0.910089 -0.339921
0.219377 -0.187056 0.0446047 0.263421 -0.948563 0.175607
0.10928 0.409568 0.110683 -0.263421 0.948563 -0.175607
0.10471 -0.170123 -0.20645 0.133658 -0.38793 0.911946
0.0814086 0.198053 0.262213 -0.0178337 0.177216 0.98401
-0.103119 0.0939966 -0.315203 0.0178336 -0.177216 -0.98401
0.27334 0.401726 -0.177777 -0.263421 0.948563 -0.175607
-0.158589 -0.138113 -0.0569187 -0.964516 -0.262341 0.0297661
0.0597593 0.289838 0.245291 -0.0178337 0.177216 0.98401
-0.159238 -0.0178313 0.282226 -0.964516 -0.262341 0.0297661
0.457712 0.189792 -0.293601 0.964516 0.262341 -0.0297663
0.495006 -0.187863 -0.147742 0.0178337 -0.177216 -0.98401
0.376032 0.428347 0.134152 0.203472 -0.666727 0.71699
0.478359 0.14127 -0.0522196 0.964516 0.262341 -0.0297662
-0.440304 -0.0355373 -0.00505525 -0.261352 0.932668 -0.248649
-0.469344 -0.103774 -0.018546 0.163125 -0.680767 -0.714105
-0.148919 -0.116195 -0.25031 -0.964516 -0.262341 0.0297662
-0.0879006 0.186648 -0.241921 -0.219212 0.732871 -0.644086
-0.228983 0.223662 0.150646 -0.964517 -0.262339 0.029764
-0.158369 0.104113 -0.318027 0.0178336 -0.177216 -0.98401
-0.0265829 -0.293996 -0.194997 0.252188 -0.948782 -0.190298
-0.0498662 0.0540128 0.285775 -0.0178338 0.177216 0.98401
-0.207763 0.0593075 0.0896329 -0.964516 -0.262342 0.0297672
0.122506 -0.198395 -0.195654 -0.224292 0.873623 0.431829
0.332255 0.296965 -0.261355 -0.256322 0.903377 -0.343816
0.52237 0.000511592 0.133334 0.964516 0.262341 -0.0297662
0.468257 0.169397 -0.131641 0.964516 0.262341 -0.0297662
0.472 0.174255 0.0324368 0.964516 0.262341 -0.0297662
0.27312 0.336467 0.24076 -0.0178336 0.177216 0.98401
0.0266653 -0.0538261 -0.286229 0.0178337 -0.177216 -0.98401
0.313077 -0.109219 -0.210501 0.176119 -0.555295 0.812791
-0.0115661 -0.00650298 0.297368 -0.0178337 0.177216 0.98401
0.100164 0.0857249 -0.310029 0.0178337 -0.177216 -0.98401
0.139848 0.184072 0.26579 -0.0178337 0.177216 0.98401
0.0248145 0.0135336 -0.298394 0.0178337 -0.177216 -0.98401
0.141508 -0.181943 -0.163602 -0.144837 0.431475 -0.890422
-0.0978822 0.138858 -0.323188 0.0178336 -0.177216 -0.98401
-0.225246 0.277697 -0.0998265 -0.263421 0.948563 -0.175607
0.0854853 0.128136 0.274879 -0.0178337 0.177216 0.98401
0.421526 0.363922 0.0685326 0.964516 0.262341 -0.0297662
0.428505 0.332834 0.020709 0.964516 0.262341 -0.0297662
0.342562 0.438542 -0.0827499 -0.263421 0.948563 -0.175607
0.144406 0.349425 -0.266877 -0.263421 0.948563 -0.175607
0.141959 -0.105742 0.294844 0.173656 -0.545424 0.819973
0.422755 0.102767 0.28556 -0.0178337 0.177216 0.98401
-0.0763325 -0.252686 -0.168029 -0.248746 0.865115 -0.435548
0.0889767 0.0664152 0.286058 -0.0178337 0.177216 0.98401
0.0460456 0.350673 -0.112589 -0.263421 0.948563 -0.175607
0.535642 -0.0976684 -0.266289 0.0874449 -0.423789 -0.90153
-0.195295 0.109811 0.238837 -0.964516 -0.262341 0.0297662
0.337271 -0.0632813 0.238932 -0.259159 0.919165 -0.296602
0.00209061 0.298225 -0.281157 -0.173656 0.545424 -0.819973
0.113741 -0.12311 0.229577 -0.230956 0.892966 0.386356
0.465298 0.170125 -0.221108 0.964516 0.262342 -0.0297605
-0.245 0.24981 -0.137878 -0.964516 -0.262341 0.0297662
0.296667 0.027635 -0.296006 0.0178337 -0.177216 -0.98401
-0.160583 -0.0648391 -0.175649 -0.964516 -0.262341 0.0297661
-0.0208405 -0.220468 -0.156701 -0.0858904 0.205161 -0.974952
0.32328 -0.14354 -0.179492 -0.244023 0.842722 -0.479867
0.426724 -0.0394386 0.234264 -0.262894 0.943849 -0.200087
-0.00667812 -0.273314 -0.0822329 0.263421 -0.948563 0.175607
0.417633 0.320772 -0.283136 -0.22429 0.873619 0.431838
0.0566795 0.364168 -0.0556491 -0.263421 0.948563 -0.175607
-0.19966 0.0759909 -0.200674 -0.964516 -0.26234 0.0297662
-0.104447 -0.247081 0.0371696 -0.964515 -0.262345 0.0297662
0.160487 0.295361 0.246121 -0.0178337 0.177216 0.98401
0.532931 -0.13241 0.00395248 0.964516 0.26234 -0.0297661
-0.0360945 -0.081258 0.310386 -0.0178337 0.177216 0.98401
0.125241 -0.246772 -0.13675 0.263421 -0.948563 0.175607
0.0137108 -0.205246 0.254858 0.263421 -0.948563 0.175607
0.247501 0.167294 -0.32205 0.0178337 -0.177216 -0.98401
0.250122 0.434848 0.0359627 -0.263421 0.948563 -0.175607
0.191464 0.340711 0.142429 -0.192244 0.775094 0.60189
0.358531 0.453846 -0.0240365 -0.263421 0.948563 -0.175607
0.521481 -0.144317 -0.155105 0.0178337 -0.177216 -0.98401
-0.121231 -0.197834 -0.0726423 -0.964516 -0.262341 0.0297661
-0.198604 0.069004 -0.228037 -0.964516 -0.262341 0.0297661
0.00622633 -0.232717 -0.180699 -0.262516 0.964925 -0.00207059
0.432508 0.337754 0.193781 0.964516 0.262344 -0.0297559
-0.0620487 0.292592 0.140846 0.0347167 -0.0142549 0.999296
-0.0500026 -0.120484 0.251194 0.242546 -0.924946 -0.292654
-0.137734 -0.104303 0.21692 -0.964516 -0.262342 0.029762
0.280042 0.363766 -0.321732 -0.213009 0.706578 -0.674814
0.351102 -0.160312 -0.00853132 0.263421 -0.948563 0.175607
-0.293615 -0.025534 -0.0343337 -0.0606035 0.110252 -0.992054
-0.0764779 -0.237856 0.214003 0.263421 -0.948563 0.175607
-0.0143225 -0.104216 -0.277897 0.0178336 -0.177216 -0.98401
0.311225 0.410601 -0.186666 -0.263421 0.948563 -0.175607
0.458359 -0.203781 -0.0085354 -0.964516 -0.26234 0.029766
0.43337 0.294103 -0.163029 0.964516 0.262341 -0.0297662
0.409619 0.421839 0.193174 0.964517 0.262339 -0.0297656
0.109979 0.0400318 0.29119 -0.0178336 0.177216 0.98401
0.0589888 -0.211417 0.153608 0.263421 -0.948563 0.175607
0.327205 -0.16456 0.00436802 0.263421 -0.948563 0.175607
0.219761 0.303569 0.245717 -0.0178337 0.177216 0.98401
0.128836 0.391702 0.186567 -0.198877 0.796046 0.571628
0.0207696 -0.191642 0.283739 0.233596 -0.795373 0.559299
-0.486699 -0.0550888 0.0280332 -0.182985 0.745479 0.64092
0.533794 -0.067451 -0.0954965 0.964516 0.262341 -0.0297662
0.373435 0.235854 0.260698 -0.0178336 0.177216 0.98401
0.0627803 0.174885 0.266048 -0.0178337 0.177216 0.98401
-0.13739 0.199901 -0.279306 0.0982271 -0.251902 0.962755
0.0399143 -0.252481 -0.0395941 0.263421 -0.948563 0.175607
-0.0911214 0.188901 -0.275763 -0.152574 0.645832 0.748079
0.0945651 -0.0996613 0.215648 0.0858867 -0.205147 0.974955
0.443399 0.238432 0.261501 -0.0178337 0.177216 0.98401
-0.126335 -0.139974 0.271905 -0.964516 -0.262341 0.0297661
0.538874 -0.0791851 -0.034291 0.964514 0.262347 -0.0297688
-0.219821 0.1721 -0.00689968 -0.964516 -0.26234 0.029766
0.489192 -0.188995 0.183026 0.263421 -0.948563 0.175607
0.414983 0.203385 -0.325514 0.0178337 -0.177216 -0.98401
0.204544 -0.0477212 0.308708 -0.0178336 0.177216 0.98401
0.109082 0.125648 -0.317058 0.0178337 -0.177216 -0.98401
0.127499 -0.220386 0.00239273 0.263421 -0.948563 0.175607
0.313015 0.376937 0.171964 -0.194834 0.631134 -0.750806
0.277168 0.442653 0.0375523 -0.263421 0.948563 -0.175607
0.0554492 0.244227 -0.286202 0.0216224 0.0338756 0.999192
0.441996 -0.113875 -0.190692 -0.263784 0.952687 -0.151018
0.472189 0.150577 -0.170106 0.964516 0.262341 -0.0297662
0.105841 -0.257946 -0.168009 0.263421 -0.948563 0.175606
-0.136245 0.264705 0.246265 -0.0178338 0.177216 0.98401
0.238147 -0.166102 0.129635 0.263421 -0.948563 0.175607
0.273416 0.0469195 -0.299901 0.0178337 -0.177216 -0.98401
-0.0830137 0.114084 -0.318457 0.0178336 -0.177216 -0.98401
0.396501 0.455536 0.0650666 0.964516 0.262341 -0.0297661
-0.0772739 -0.286205 -0.0459661 0.263421 -0.948563 0.175607
0.00591929 0.328619 -0.171526 -0.263421 0.948563 -0.175607
0.299093 0.0901392 -0.307219 0.0178337 -0.177216 -0.98401
0.412326 0.367417 -0.198757 0.964515 0.262344 -0.0297667
-0.184666 0.329696 0.12018 -0.263421 0.948563 -0.175607
-0.352063 -0.0137698 0.0167787 -0.224292 0.873624 0.431827
-0.0925016 0.304207 -0.155754 -0.263421 0.948563 -0.175607
-0.228578 0.167904 -0.327647 -0.964516 -0.26234 0.0297663
-0.222371 0.167506 -0.130014 -0.964516 -0.262341 0.0297661
0.0232575 0.216707 -0.275981 -0.182987 0.745487 0.640909
0.431991 0.331117 0.11851 0.964516 0.262341 -0.0297662
-0.0830038 -0.132819 -0.27399 0.0178337 -0.177216 -0.98401
-0.118304 0.186606 -0.234712 -0.144838 0.43148 -0.89042
0.380766 -0.0492561 0.218898 -0.21707 0.852108 0.476227
-0.249242 0.296353 0.134869 -0.964516 -0.262341 0.0297656
0.419057 -0.142089 0.194877 -0.964516 -0.26234 0.0297663
-0.230833 0.194827 -0.163414 -0.964516 -0.26234 0.0297661
-0.185115 0.0171347 -0.248094 -0.964516 -0.262341 0.0297661
0.12158 0.15588 0.270536 -0.0178337 0.177216 0.98401
0.257553 0.334541 -0.311103 -0.173656 0.545424 -0.819973
-0.17976 0.27438 0.149033 0.17612 -0.555296 0.81279
-0.0230428 0.117717 -0.318024 0.0178337 -0.177216 -0.98401
-0.212856 0.306525 0.0373083 -0.263421 0.948563 -0.175607
0.43424 -0.135224 0.22277 -0.0178337 0.177216 0.98401
-0.166228 0.170231 -0.235142 -0.176121 0.5553 -0.812788
0.440338 0.308549 0.190097 0.964516 0.262341 -0.0297654
-0.230433 0.236766 0.219151 -0.964516 -0.262341 0.0297662
